0 44 51 0
312 44 51 2
316 44 22 0
668 44 22 2
680 44 1 0
980 44 1 2
1000 44 24 0
1250 44 24 2
3187 44 0 1
3422 44 0 2
3519 44 0 2
17558 44 0 1
17792 44 0 2
17889 44 0 2
27607 44 0 1
27842 44 2 2
27923 44 0 2
41643 44 0 1
41872 44 2 2
41953 44 0 2
56987 44 0 1
57222 44 2 2
57303 44 0 2
71263 44 0 1
71492 44 2 2
71573 44 0 2
77305 44 0 1
77532 44 0 2
77629 44 0 2
84366 44 0 1
84592 44 2 2
84673 44 0 2
103209 44 0 1
103442 44 2 2
103523 44 0 2
133442 44 0 1
133672 44 2 2
133753 44 0 2
137857 44 2 0
137858 44 0 1
138092 44 2 2
138173 44 0 2
176497 44 0 1
176733 44 2 2
176815 44 0 2
199787 44 0 1
200023 44 2 2
200105 44 0 2
216391 44 0 1
216622 44 2 2
216703 44 0 2
236297 44 0 1
236533 44 2 2
236615 44 0 2
259697 44 0 1
259933 44 2 2
260015 44 0 2
344627 44 0 1
344862 44 2 2
344943 44 0 2
345007 44 2 0
345008 44 0 1
345243 44 2 2
345325 44 0 2
390247 44 2 0
390248 44 0 1
390482 44 2 2
390563 44 0 2
390627 44 0 1
390863 44 2 2
390945 44 0 2
406665 44 0 1
406892 44 2 2
406973 44 0 2
429853 44 2 0
429854 44 0 1
430082 44 2 2
430163 44 0 2
467705 44 2 0
467706 44 0 1
467932 44 2 2
468013 44 0 2
480095 44 2 0
480096 44 0 1
480323 44 2 2
480405 44 0 2
483149 44 2 0
483150 44 0 0
515522 44 0 1
515752 44 2 2
515833 44 0 2
518531 44 0 1
518532 44 2 0
518762 44 2 2
518843 44 0 2
523679 44 2 0
523680 44 0 1
523912 44 2 2
523993 44 0 2
527831 44 2 0
527832 44 0 1
528152 44 2 2
528233 44 0 2
678788 44 2 0
678789 44 0 1
679020 44 2 2
679102 44 0 2
705834 44 0 1
706070 44 3 2
706144 44 0 2
706185 44 2 0
706186 44 0 1
706419 44 2 2
706500 44 0 2
729643 44 2 0
729644 44 2 2
739204 44 0 1
739440 44 3 2
739514 44 0 2
740293 44 2 0
740294 44 2 2
742184 44 2 0
742185 44 2 2
743620 44 2 0
743621 44 2 2
765897 44 2 0
765898 44 0 1
766130 44 2 2
766212 44 0 2
772469 44 3 0
772470 44 0 1
772700 44 3 2
772774 44 0 2
789457 44 2 0
789458 44 0 1
789690 44 2 2
789772 44 0 2
799501 44 0 1
799729 44 3 2
799802 44 0 2
813909 44 0 1
814139 44 3 2
814212 44 0 2
817137 44 2 0
817138 44 0 1
817370 44 2 2
817452 44 0 2
826294 44 0 1
826529 44 3 2
826602 44 0 2
840557 44 2 0
840558 44 0 1
840800 44 2 2
840882 44 0 2
867086 44 4 0
867209 44 0 1
867346 44 0 1
867388 44 0 1
867443 44 4 2
867463 44 0 1
867509 44 0 2
867522 44 0 1
867580 44 7 2
867597 44 0 1
867640 44 0 1
867670 44 0 2
867690 44 20 2
867707 44 0 1
867740 44 0 2
867774 44 0 1
867800 44 6 2
867824 44 0 1
867882 44 0 2
867912 44 22 2
867923 44 0 1
867978 44 0 2
867993 44 0 1
868023 44 1 2
868052 44 0 1
868113 44 0 2
868127 44 0 1
868130 44 11 2
868196 44 0 2
868233 44 0 1
868240 44 30 2
868298 44 0 2
868315 44 0 1
868353 44 12 2
868390 44 0 1
868411 44 0 2
868448 44 0 1
868462 44 43 2
868496 44 0 2
868507 44 0 1
868571 44 9 2
868590 44 0 1
868653 44 0 2
868680 44 14 2
868682 44 0 1
868733 44 0 1
868754 44 0 2
868790 44 18 2
868824 44 0 1
868856 44 0 2
868900 44 38 2
868941 44 0 1
868950 44 0 2
869010 44 57 2
869039 44 0 1
869076 44 0 2
869120 44 27 2
869146 44 0 1
869170 44 0 2
869230 44 21 2
869270 44 0 1
869288 44 0 2
869340 44 19 2
869368 44 0 1
869398 44 0 2
869450 44 35 2
869477 44 0 1
869494 44 0 2
869560 44 52 2
869583 44 0 1
869594 44 0 2
869659 44 0 1
869671 44 5 2
869744 44 0 2
869750 44 0 1
869780 44 42 2
869824 44 0 2
869826 44 0 1
869890 44 45 2
869918 44 0 1
869924 44 0 2
870002 44 62 2
870016 44 0 1
870060 44 0 2
870111 44 46 2
870112 44 0 1
870152 44 0 2
870162 44 0 1
870220 44 61 2
870270 44 0 2
870295 44 0 1
870339 44 24 2
870370 44 0 1
870413 44 0 2
870442 44 48 2
870469 44 0 1
870508 44 0 2
870566 44 54 2
870594 44 0 1
870617 44 0 2
870670 44 23 2
870701 44 0 1
870744 44 0 2
870778 44 0 1
870780 44 53 2
870822 44 0 2
870853 44 0 1
870891 44 26 2
870935 44 0 1
870949 44 0 2
871005 44 34 2
871042 44 0 1
871055 44 0 2
871117 44 25 2
871133 44 0 1
871158 44 4 2
871183 44 0 2
871210 44 44 0
871219 44 0 1
871223 44 55 2
871280 44 0 2
871330 44 0 1
871330 44 10 2
871405 44 0 2
871440 44 0 1
871442 44 36 2
871476 44 0 2
871516 44 0 1
871553 44 13 2
871619 44 0 2
871624 44 0 1
871673 44 58 2
871709 44 0 1
871731 44 0 2
871779 44 59 2
871791 44 0 1
871829 44 0 2
871888 44 0 1
871902 44 56 2
871977 44 0 2
871982 44 0 1
872013 44 15 2
872057 44 0 1
872095 44 0 2
872120 44 32 2
872150 44 0 1
872186 44 0 2
872231 44 28 2
872273 44 0 2
872279 44 0 1
872353 44 50 2
872393 44 0 1
872403 44 0 2
872453 44 39 2
872504 44 0 1
872511 44 0 2
872565 44 41 2
872615 44 0 2
872682 44 44 2
872698 44 44 2
872707 44 0 2
872710 44 5 0
872785 44 49 2
872824 44 5 2
872836 44 45 0
872843 44 0 2
872892 44 8 2
872985 44 0 2
873001 44 40 2
873059 44 0 2
873125 44 17 2
873199 44 0 2
873227 44 31 2
873229 44 45 2
873293 44 0 2
873297 44 24 0
873383 44 33 2
873441 44 0 2
873477 44 60 2
873519 44 0 2
873523 44 24 2
873555 44 25 0
873570 44 29 2
873620 44 0 2
873662 44 25 2
873670 44 26 0
873680 44 37 2
873722 44 0 2
873760 44 26 2
873797 44 51 2
873800 44 27 0
873839 44 0 2
873947 44 63 2
873969 44 27 2
873989 44 33 0
874016 44 0 2
874045 44 47 2
874095 44 0 2
874168 44 33 2
874178 44 16 2
874188 44 35 0
874260 44 0 2
874269 44 35 2
874277 44 41 0
874612 44 41 2
874628 44 42 0
874914 44 0 1
874990 44 42 2
875022 44 1 0
875155 44 1 2
875191 44 36 0
875206 44 19 2
875263 44 0 2
875293 44 36 2
875305 44 43 0
875720 44 43 2
875736 44 17 0
875819 44 17 2
875911 44 27 0
876015 44 27 2
876019 44 37 0
876120 44 37 2
876132 44 17 0
876293 44 17 2
876301 44 15 0
876406 44 15 2
876446 44 16 0
876571 44 16 2
876611 44 18 0
876714 44 18 2
876738 44 61 0
877127 44 61 2
877139 44 54 0
877330 44 54 2
877350 44 12 0
877424 44 12 2
877432 44 19 0
877538 44 19 2
877542 44 35 0
878036 44 35 2
878052 44 53 0
878234 44 53 2
878274 44 33 0
878390 44 33 2
878402 44 36 0
878491 44 36 2
878511 44 40 0
878767 44 40 2
878791 44 37 0
878928 44 37 2
879032 44 38 0
879167 44 38 2
879171 44 5 0
879418 44 5 2
879442 44 8 0
879548 44 8 2
879556 44 29 0
879703 44 29 2
879743 44 0 0
879857 44 0 2
879869 44 38 0
880119 44 38 2
880135 44 39 0
880366 44 39 2
880370 44 39 0
880640 44 39 2
880696 44 36 0
880846 44 36 2
880878 44 38 0
881006 44 38 2
881022 44 51 0
881138 44 51 2
881194 44 39 0
881438 44 39 2
881446 44 52 0
881609 44 52 2
881645 44 47 0
881869 44 47 2
881889 44 53 0
882092 44 53 2
882116 44 54 0
882236 44 54 2
882252 44 11 0
882560 44 11 2
882572 44 56 0
882734 44 56 2
882738 44 12 0
882790 44 0 1
883014 44 12 2
883022 44 57 0
883041 44 9 2
883122 44 0 2
883136 44 57 2
883140 44 2 0
883461 44 2 2
883513 44 37 0
883614 44 37 2
883630 44 40 0
883737 44 40 2
883793 44 58 0
883901 44 58 2
883961 44 35 0
884045 44 35 2
884049 44 50 0
884169 44 50 2
884189 44 62 0
884493 44 62 2
884521 44 38 0
884817 44 38 2
884889 44 63 0
885655 44 63 2
885695 44 12 0
885968 44 12 2
885992 44 2 0
886123 44 2 2
886147 44 13 0
886396 44 13 2
886492 44 3 0
886616 44 3 2
886656 44 23 0
886809 44 23 2
886825 44 24 0
886940 44 24 2
887048 44 15 0
887332 44 15 2
887340 44 25 0
887481 44 25 2
887509 44 26 0
887637 44 26 2
887717 44 0 0
887824 44 0 2
887832 44 3 0
888011 44 3 2
888055 44 4 0
888164 44 4 2
888260 44 5 0
888518 44 5 2
888558 44 15 0
888842 44 15 2
888850 44 14 0
889197 44 14 2
889209 44 50 0
889341 44 50 2
889369 44 6 0
889687 44 6 2
889707 44 4 0
889824 44 4 2
889832 44 8 0
889953 44 8 2
889957 44 47 0
890840 44 47 2
890848 44 49 0
890967 44 49 2
890983 44 11 0
891416 44 11 2
891452 44 5 0
891576 44 5 2
891600 44 37 0
891872 44 37 2
891936 44 4 0
892094 44 4 2
892098 44 1 0
892187 44 1 2
892215 44 27 0
892306 44 27 2
892314 44 2 0
892408 44 2 2
892420 44 11 0
892511 44 11 2
892519 44 7 0
892608 44 7 2
892628 44 3 0
892772 44 3 2
892880 44 6 0
893234 44 6 2
893254 44 9 0
893387 44 9 2
893559 44 8 0
893677 44 8 2
893689 44 11 0
893794 44 11 2
893814 44 12 0
893955 44 12 2
893979 44 16 0
894110 44 0 1
894245 44 16 2
894253 44 13 0
894383 44 0 2
894427 44 13 2
894475 44 2 0
894480 44 0 2
894481 44 0 0
894602 44 0 0
894605 44 2 2
894649 44 40 0
894713 44 0 0
894758 44 40 2
894762 44 25 0
894835 44 0 0
894958 44 25 2
894969 44 0 0
894974 44 31 0
895084 44 0 0
895192 44 0 0
895277 44 31 2
895313 44 33 0
895320 44 0 0
895461 44 33 2
895465 44 36 0
895473 44 0 0
895586 44 0 0
895605 44 36 2
895613 44 4 0
895697 44 0 0
895782 44 4 2
895808 44 0 0
895874 44 5 0
895959 44 0 0
896076 44 5 2
896108 44 34 0
896115 44 0 0
896223 44 34 2
896237 44 0 0
896243 44 35 0
896359 44 0 0
896424 44 35 2
896448 44 32 0
896500 44 0 0
896597 44 32 2
896616 44 0 0
896665 44 17 0
896741 44 0 0
896851 44 0 0
896963 44 17 2
896982 44 0 0
897032 44 0 1
897102 44 0 0
897227 44 0 0
897259 44 38 0
897259 44 38 0
897261 44 20 2
897301 44 38 2
897310 44 0 2
897355 44 0 0
897365 44 38 2
897373 44 27 0
897464 44 27 2
897484 44 35 0
897491 44 0 0
897525 44 35 2
897581 44 28 0
897607 44 0 0
897690 44 28 2
897758 44 3 0
897783 44 0 0
897830 44 3 2
897834 44 46 0
897875 44 46 2
897891 44 0 0
897895 44 4 0
897987 44 4 2
898019 44 0 0
898047 44 0 0
898094 44 0 1
898164 44 0 0
898304 44 0 0
898316 44 0 2
898320 44 29 0
898330 44 38 2
898378 44 0 2
898417 44 0 0
898438 44 29 2
898542 44 0 0
898582 44 47 0
898582 44 47 0
898624 44 47 2
898632 44 47 2
898649 44 0 0
898704 44 30 0
898787 44 0 0
898890 44 30 2
898928 44 0 0
899063 44 0 0
899194 44 0 0
899242 44 31 0
899334 44 0 0
899416 44 31 2
899420 44 44 0
899455 44 0 0
899592 44 0 0
899729 44 0 0
899830 44 44 2
899838 44 43 0
899840 44 0 0
899981 44 0 0
900084 44 43 2
900125 44 0 0
900216 44 32 0
900247 44 0 0
900359 44 0 0
900366 44 32 2
900482 44 0 0
900598 44 0 0
900690 44 33 0
900733 44 0 0
900828 44 33 2
900865 44 0 0
900876 44 33 0
900990 44 0 0
901110 44 0 0
901129 44 33 2
901137 44 27 0
901228 44 0 0
901246 44 27 2
901350 44 54 0
901398 44 0 0
901513 44 0 0
901645 44 0 0
901807 44 0 0
901940 44 0 0
902062 44 0 0
902182 44 0 0
902890 44 54 2
902902 44 28 0
903110 44 28 2
903126 44 48 0
903393 44 48 2
903401 44 56 0
903517 44 0 1
903665 44 56 2
903681 44 49 0
903754 44 56 2
903827 44 0 2
903988 44 49 2
904088 44 41 0
904200 44 41 2
904248 44 61 0
904610 44 61 2
904614 44 39 0
904845 44 39 2
904857 44 7 0
905127 44 7 2
905187 44 8 0
905337 44 8 2
905369 44 63 0
905557 44 63 2
905665 44 0 0
905847 44 0 2
905875 44 57 0
906002 44 57 2
906070 44 58 0
906202 44 58 2
906286 44 46 0
906560 44 46 2
906572 44 59 0
906862 44 59 2
906894 44 32 0
907006 44 32 2
907014 44 50 0
907063 44 50 2
907139 44 60 0
907393 44 60 2
907401 44 62 0
907554 44 62 2
907558 44 3 0
907666 44 3 2
907678 44 5 0
907952 44 5 2
907980 44 17 0
908101 44 17 2
908121 44 6 0
908242 44 6 2
908334 44 11 0
908639 44 11 2
908647 44 10 0
908737 44 10 2
908757 44 11 0
909020 44 11 2
909028 44 6 0
909330 44 6 2
909366 44 36 0
909629 44 36 2
909689 44 12 0
909814 44 12 2
909822 44 0 0
909982 44 0 2
910106 44 15 0
910250 44 15 2
910370 44 7 0
910590 44 7 2
910606 44 0 0
910863 44 0 2
911011 44 9 0
911116 44 9 2
911148 44 8 0
911310 44 8 2
911338 44 45 0
911596 44 45 2
911704 44 14 0
911796 44 14 2
912092 44 31 0
912184 44 31 2
912228 44 35 0
912508 44 35 2
912568 44 32 0
912686 44 32 2
912786 44 33 0
912923 44 33 2
913015 44 34 0
913154 44 34 2
913186 44 1 0
913186 44 1 0
913268 44 1 2
913277 44 1 2
913321 44 32 0
913564 44 32 2
913572 44 35 0
913731 44 35 2
913735 44 60 0
913983 44 60 2
913999 44 61 0
914195 44 61 2
914255 44 48 0
914369 44 48 2
914409 44 49 0
914532 44 49 2
914568 44 36 0
914568 44 36 0
914594 44 36 2
914827 44 36 2
914891 44 37 0
914891 44 37 0
914925 44 37 2
915007 44 37 2
915055 44 58 0
915283 44 2 0
915575 44 58 2
915583 44 2 0
915587 44 31 0
915768 44 2 0
915857 44 31 2
915869 44 30 0
916005 44 2 0
916163 44 30 2
916168 44 2 0
916171 44 59 0
916304 44 2 0
916465 44 2 0
916610 44 2 0
916800 44 2 0
917002 44 2 0
917111 44 2 0
917329 44 2 0
917458 44 2 0
917658 44 2 0
917758 44 59 2
917810 44 34 0
917810 44 2 0
917925 44 2 0
918031 44 2 0
918032 44 0 1
918059 44 34 2
918099 44 0 0
918265 44 2 2
918348 44 0 2
918361 44 0 2
918369 44 33 0
918369 44 2 0
918520 44 2 0
918722 44 33 2
918732 44 2 0
918738 44 60 0
918909 44 2 0
918939 44 60 2
918959 44 32 0
919079 44 2 0
919217 44 32 2
919218 44 2 0
919293 44 61 0
919367 44 2 0
919505 44 2 0
919661 44 2 0
919815 44 61 2
919830 44 2 0
919939 44 62 0
920015 44 2 0
920148 44 2 0
920352 44 2 0
920518 44 2 0
920661 44 62 2
920749 44 12 0
920757 44 2 0
920873 44 12 2
920885 44 39 0
920937 44 2 0
921042 44 39 2
921054 44 13 0
921117 44 2 0
921209 44 13 2
921213 44 48 0
921219 44 43 2
921255 44 2 0
921384 44 2 0
921399 44 48 2
921411 44 59 0
921516 44 2 0
921525 44 42 2
921576 44 59 2
921604 44 54 0
921604 44 54 0
921646 44 54 2
921653 44 2 0
921725 44 43 2
921744 44 54 2
921784 44 55 0
921912 44 2 0
921932 44 43 2
921978 44 55 2
922002 44 56 0
922065 44 2 0
922130 44 56 2
922150 44 43 2
922158 44 57 0
922194 44 2 0
922282 44 57 2
922346 44 58 0
922355 44 2 0
922472 44 58 2
922496 44 2 0
922508 44 49 0
922622 44 2 0
922625 44 49 2
922665 44 63 0
922769 44 2 0
922864 44 63 2
922909 44 2 0
922912 44 15 0
923067 44 15 2
923083 44 44 0
923092 44 2 0
923173 44 44 2
923193 44 45 0
923247 44 2 0
923291 44 45 2
923405 44 2 0
923539 44 0 0
923603 44 2 0
923645 44 0 2
923737 44 1 0
923743 44 2 0
923848 44 1 2
923852 44 46 0
923877 44 2 0
923911 44 46 2
924007 44 2 0
924022 44 2 0
924117 44 2 2
924125 44 47 0
924160 44 2 0
924191 44 47 2
924203 44 41 0
924301 44 41 2
924350 44 2 0
924373 44 3 0
924493 44 3 2
924501 44 12 0
924501 44 2 0
924576 44 12 2
924642 44 2 0
924791 44 2 0
924828 44 5 0
924941 44 5 2
924958 44 2 0
924989 44 6 0
925080 44 2 0
925179 44 6 2
925232 44 2 0
925267 44 7 0
925276 44 0 1
925382 44 2 0
925457 44 7 2
925510 44 3 2
925525 44 2 0
925565 44 8 0
925583 44 0 2
925671 44 8 2
925727 44 1 0
925834 44 1 2
926282 44 46 0
926339 44 46 2
926347 44 4 0
926493 44 4 2
926517 44 47 0
926593 44 47 2
926737 44 12 0
926811 44 12 2
927175 44 10 0
927311 44 10 2
927398 44 38 2
927431 44 1 0
927431 44 1 0
927513 44 1 2
927546 44 1 2
927994 44 46 0
928044 44 46 2
928076 44 47 0
928076 44 47 0
928135 44 47 2
928178 44 47 2
928279 44 12 0
928279 44 12 0
928329 44 12 2
928336 44 12 2
928820 44 1 0
928902 44 41 2
928943 44 1 2
929391 44 46 0
929391 44 46 0
929425 44 46 2
929449 44 46 2
929481 44 47 0
929539 44 47 2
929683 44 12 0
929771 44 12 2
930255 44 1 0
930255 44 1 0
930337 44 1 2
930352 44 1 2
930784 44 13 0
930866 44 13 2
930882 44 46 0
930882 44 46 0
930916 44 46 2
930933 44 46 2
930965 44 47 0
930965 44 47 0
930971 44 38 2
931007 44 47 2
931024 44 47 2
931168 44 12 0
931168 44 12 0
931218 44 12 2
931251 44 12 2
931735 44 1 0
931735 44 1 0
931818 44 1 2
931825 44 1 2
932273 44 46 0
932273 44 46 0
932308 44 46 2
932317 44 46 2
932349 44 47 0
932349 44 47 0
932391 44 47 2
932399 44 47 2
932543 44 12 0
932543 44 12 0
932593 44 12 2
932602 44 12 2
933086 44 1 0
933086 44 1 0
933168 44 1 2
933175 44 1 2
933623 44 46 0
933623 44 46 0
933657 44 46 2
933670 44 46 2
933702 44 47 0
933702 44 47 0
933744 44 47 2
933755 44 47 2
933899 44 12 0
933899 44 12 0
933949 44 12 2
933976 44 12 2
934460 44 1 0
934460 44 1 0
934545 44 1 2
934553 44 1 2
935001 44 46 0
935001 44 46 0
935038 44 46 2
935048 44 46 2
935080 44 47 0
935080 44 47 0
935129 44 47 2
935163 44 47 2
935307 44 12 0
935307 44 12 0
935358 44 12 2
935405 44 12 2
935889 44 1 0
935889 44 1 0
935971 44 1 2
935979 44 1 2
936427 44 46 0
936427 44 46 0
936461 44 46 2
936471 44 46 2
936503 44 47 0
936503 44 47 0
936547 44 47 2
936561 44 47 2
936705 44 12 0
936705 44 12 0
936755 44 12 2
936763 44 12 2
937247 44 1 0
937247 44 1 0
937329 44 1 2
937336 44 1 2
937784 44 46 0
937784 44 46 0
937818 44 46 2
937826 44 46 2
937858 44 47 0
937858 44 47 0
937908 44 47 2
937933 44 47 2
938077 44 12 0
938077 44 12 0
938127 44 12 2
938135 44 12 2
938619 44 1 0
938619 44 1 0
938704 44 1 2
938713 44 1 2
939161 44 46 0
939161 44 46 0
939195 44 46 2
939203 44 46 2
939235 44 47 0
939235 44 47 0
939278 44 47 2
939287 44 47 2
939431 44 12 0
939431 44 12 0
939481 44 12 2
939488 44 12 2
939972 44 1 0
939972 44 1 0
940054 44 1 2
940061 44 1 2
940509 44 46 0
940509 44 46 0
940544 44 46 2
940561 44 46 2
940593 44 47 0
940593 44 47 0
940637 44 47 2
940644 44 47 2
940788 44 12 0
940788 44 12 0
940840 44 12 2
940848 44 12 2
941332 44 1 0
941332 44 1 0
941414 44 1 2
941421 44 1 2
941576 44 2 0
941577 44 0 1
941810 44 2 2
941853 44 14 0
941892 44 0 2
941975 44 14 2
941991 44 46 0
941991 44 46 0
942028 44 46 2
942039 44 46 2
942071 44 47 0
942071 44 47 0
942116 44 47 2
942124 44 47 2
942268 44 12 0
942268 44 12 0
942322 44 12 2
942330 44 12 2
942814 44 1 0
942814 44 1 0
942896 44 1 2
942905 44 1 2
943353 44 46 0
943353 44 46 0
943387 44 46 2
943395 44 46 2
943427 44 47 0
943427 44 47 0
943469 44 47 2
943486 44 47 2
943630 44 12 0
943630 44 12 0
943680 44 12 2
943694 44 12 2
944178 44 1 0
944178 44 1 0
944260 44 1 2
944269 44 1 2
944717 44 46 0
944717 44 46 0
944751 44 46 2
944761 44 46 2
944793 44 47 0
944793 44 47 0
944835 44 47 2
944842 44 47 2
944986 44 12 0
944986 44 12 0
945040 44 12 2
945043 44 12 2
945527 44 1 0
945527 44 1 0
945611 44 1 2
945618 44 1 2
946066 44 46 0
946066 44 46 0
946100 44 46 2
946108 44 46 2
946140 44 47 0
946140 44 47 0
946182 44 47 2
946190 44 47 2
946334 44 12 0
946334 44 12 0
946384 44 12 2
946392 44 12 2
946876 44 1 0
946876 44 1 0
946958 44 1 2
946966 44 1 2
947414 44 46 0
947414 44 46 0
947448 44 46 2
947456 44 46 2
947488 44 47 0
947488 44 47 0
947531 44 47 2
947538 44 47 2
947682 44 12 0
947682 44 12 0
947733 44 12 2
947738 44 12 2
948222 44 1 0
948222 44 1 0
948305 44 1 2
948313 44 1 2
948761 44 46 0
948761 44 46 0
948795 44 46 2
948802 44 46 2
948834 44 47 0
948834 44 47 0
948876 44 47 2
948884 44 47 2
949028 44 12 0
949028 44 12 0
949078 44 12 2
949088 44 12 2
949572 44 1 0
949572 44 1 0
949654 44 1 2
949664 44 1 2
950112 44 46 0
950112 44 46 0
950146 44 46 2
950155 44 46 2
950187 44 47 0
950187 44 47 0
950229 44 47 2
950237 44 47 2
950381 44 12 0
950381 44 12 0
950432 44 12 2
950437 44 12 2
950921 44 1 0
950921 44 1 0
951003 44 1 2
951014 44 1 2
951060 44 0 1
951290 44 3 2
951364 44 0 2
951462 44 46 0
951462 44 46 0
951496 44 46 2
951534 44 46 2
951566 44 47 0
951566 44 47 0
951608 44 47 2
951645 44 47 2
951789 44 12 0
951789 44 12 0
951839 44 12 2
951846 44 12 2
952234 44 1 0
952234 44 1 0
952318 44 1 2
952326 44 1 2
952758 44 7 0
952874 44 7 2
952890 44 46 0
952890 44 46 0
952924 44 46 2
952935 44 46 2
952967 44 47 0
952967 44 47 0
953009 44 47 2
953018 44 47 2
953162 44 12 0
953162 44 12 0
953212 44 12 2
953220 44 12 2
953704 44 1 0
953704 44 1 0
953786 44 1 2
953794 44 1 2
954242 44 46 0
954242 44 46 0
954276 44 46 2
954283 44 46 2
954315 44 47 0
954315 44 47 0
954357 44 47 2
954365 44 47 2
954509 44 12 0
954509 44 12 0
954559 44 12 2
954567 44 12 2
955051 44 1 0
955051 44 1 0
955133 44 1 2
955143 44 1 2
955591 44 46 0
955591 44 46 0
955625 44 46 2
955634 44 46 2
955666 44 47 0
955666 44 47 0
955708 44 47 2
955715 44 47 2
955859 44 5 0
955965 44 5 2
955973 44 61 0
956097 44 61 2
956105 44 29 0
956358 44 29 2
956374 44 62 0
956374 44 62 0
956424 44 62 2
956504 44 62 2
956780 44 63 0
956780 44 63 0
956838 44 63 2
956919 44 63 2
957343 44 12 0
957343 44 12 0
957393 44 12 2
957438 44 12 2
957878 44 11 0
957986 44 11 2
958198 44 1 0
958198 44 1 0
958280 44 1 2
958297 44 1 2
958745 44 46 0
958745 44 46 0
958779 44 46 2
958786 44 46 2
958818 44 47 0
958818 44 47 0
958862 44 47 2
958870 44 47 2
959746 44 12 0
959746 44 12 0
959796 44 12 2
959803 44 38 2
959840 44 12 2
960492 44 1 0
960492 44 1 0
960575 44 1 2
960583 44 1 2
961031 44 46 0
961031 44 46 0
961072 44 46 2
961104 44 47 0
961104 44 47 0
961125 44 46 2
961146 44 47 2
961154 44 47 2
961298 44 12 0
961298 44 12 0
961348 44 12 2
961356 44 12 2
961840 44 1 0
961840 44 1 0
961922 44 1 2
961930 44 1 2
962036 44 2 0
962037 44 2 2
962194 44 38 2
962378 44 46 0
962378 44 46 0
962412 44 46 2
962420 44 46 2
962452 44 47 0
962452 44 47 0
962494 44 47 2
962502 44 47 2
962646 44 12 0
962646 44 12 0
962702 44 12 2
962704 44 12 2
963188 44 1 0
963188 44 1 0
963270 44 1 2
963278 44 1 2
963726 44 46 0
963726 44 46 0
963760 44 46 2
963772 44 46 2
963804 44 47 0
963804 44 47 0
963846 44 47 2
963855 44 47 2
963999 44 12 0
964059 44 12 2
964543 44 1 0
964543 44 1 0
964625 44 1 2
964633 44 1 2
965081 44 46 0
965081 44 46 0
965115 44 46 2
965123 44 46 2
965155 44 47 0
965155 44 47 0
965197 44 47 2
965205 44 47 2
965349 44 12 0
965406 44 12 2
965890 44 1 0
965890 44 1 0
965972 44 1 2
965980 44 1 2
966412 44 8 0
966510 44 8 2
966526 44 46 0
966526 44 46 0
966560 44 46 2
966568 44 46 2
966600 44 47 0
966600 44 47 0
966642 44 47 2
966650 44 47 2
966794 44 12 0
966794 44 12 0
966844 44 12 2
966852 44 12 2
967336 44 1 0
967336 44 1 0
967420 44 1 2
967428 44 1 2
967876 44 46 0
967876 44 46 0
967910 44 46 2
967919 44 46 2
967951 44 47 0
967951 44 47 0
967993 44 47 2
968000 44 47 2
968144 44 12 0
968144 44 12 0
968199 44 12 2
968207 44 12 2
968691 44 1 0
968691 44 1 0
968773 44 1 2
968781 44 1 2
969229 44 46 0
969229 44 46 0
969264 44 46 2
969272 44 46 2
969304 44 47 0
969304 44 47 0
969346 44 47 2
969384 44 47 2
969528 44 12 0
969528 44 12 0
969578 44 12 2
969647 44 12 2
970131 44 1 0
970131 44 1 0
970213 44 1 2
970283 44 1 2
970731 44 46 0
970731 44 46 0
970765 44 46 2
970772 44 46 2
970804 44 47 0
970804 44 47 0
970846 44 47 2
970895 44 47 2
971039 44 12 0
971039 44 12 0
971090 44 12 2
971166 44 12 2
971650 44 1 0
971650 44 1 0
971732 44 1 2
971791 44 1 2
972239 44 46 0
972239 44 46 0
972273 44 46 2
972290 44 46 2
972322 44 47 0
972322 44 47 0
972364 44 47 2
972373 44 47 2
972517 44 12 0
972517 44 12 0
972567 44 12 2
972594 44 12 2
973078 44 1 0
973078 44 1 0
973160 44 1 2
973199 44 1 2
973647 44 46 0
973647 44 46 0
973682 44 46 2
973701 44 46 2
973733 44 47 0
973733 44 47 0
973775 44 47 2
973844 44 47 2
973988 44 12 0
973988 44 12 0
974039 44 12 2
974095 44 12 2
974579 44 1 0
974579 44 1 0
974661 44 1 2
974711 44 1 2
975159 44 46 0
975159 44 46 0
975194 44 46 2
975201 44 46 2
975233 44 47 0
975233 44 47 0
975275 44 47 2
975344 44 47 2
975488 44 12 0
975488 44 12 0
975538 44 12 2
975605 44 12 2
976089 44 1 0
976089 44 1 0
976172 44 1 2
976208 44 1 2
976656 44 46 0
976656 44 46 0
976691 44 46 2
976708 44 46 2
976740 44 47 0
976740 44 47 0
976782 44 47 2
976849 44 47 2
976993 44 12 0
976993 44 12 0
977045 44 12 2
977110 44 12 2
977594 44 1 0
977594 44 1 0
977676 44 1 2
977714 44 1 2
978146 44 9 0
978236 44 9 2
978252 44 46 0
978252 44 46 0
978271 44 2 0
978272 44 2 2
978293 44 46 2
978298 44 46 2
978330 44 47 0
978330 44 47 0
978372 44 47 2
978382 44 47 2
978526 44 12 0
978526 44 12 0
978576 44 12 2
978614 44 12 2
979098 44 1 0
979098 44 1 0
979180 44 1 2
979217 44 1 2
979536 44 2 0
979538 44 0 1
979665 44 46 0
979665 44 46 0
979699 44 46 2
979720 44 46 2
979752 44 47 0
979752 44 47 0
979769 44 2 2
979800 44 47 2
979851 44 0 2
979863 44 47 2
979872 44 3 0
979873 44 0 1
980007 44 12 0
980007 44 12 0
980057 44 12 2
980100 44 3 2
980119 44 12 2
980174 44 0 2
980603 44 1 0
980603 44 1 0
980691 44 1 2
980733 44 1 2
981181 44 46 0
981181 44 46 0
981217 44 46 2
981235 44 46 2
981267 44 47 0
981267 44 47 0
981309 44 47 2
981377 44 47 2
981521 44 12 0
981521 44 12 0
981571 44 12 2
981638 44 12 2
982122 44 1 0
982122 44 1 0
982210 44 1 2
982242 44 1 2
982690 44 46 0
982690 44 46 0
982727 44 46 2
982746 44 46 2
982778 44 47 0
982778 44 47 0
982820 44 47 2
982889 44 47 2
983033 44 12 0
983033 44 12 0
983084 44 12 2
983151 44 12 2
983635 44 1 0
983635 44 1 0
983717 44 1 2
983779 44 1 2
984119 44 2 0
984120 44 0 0
984227 44 46 0
984227 44 46 0
984261 44 46 2
984269 44 46 2
984301 44 47 0
984301 44 47 0
984343 44 47 2
984363 44 47 2
984507 44 12 0
984507 44 12 0
984557 44 12 2
984565 44 12 2
985049 44 1 0
985049 44 1 0
985131 44 1 2
985139 44 1 2
985587 44 46 0
985587 44 46 0
985621 44 46 2
985629 44 46 2
985661 44 47 0
985661 44 47 0
985703 44 47 2
985710 44 47 2
985854 44 12 0
985854 44 12 0
985905 44 12 2
985916 44 12 2
986151 44 2 0
986152 44 2 2
986400 44 1 0
986400 44 1 0
986482 44 1 2
986492 44 1 2
986940 44 46 0
986940 44 46 0
986974 44 46 2
986982 44 46 2
987014 44 47 0
987014 44 47 0
987056 44 47 2
987066 44 47 2
987210 44 12 0
987210 44 12 0
987261 44 12 2
987275 44 12 2
987759 44 1 0
987759 44 1 0
987841 44 1 2
987848 44 1 2
988296 44 46 0
988296 44 46 0
988330 44 46 2
988338 44 46 2
988370 44 47 0
988370 44 47 0
988412 44 47 2
988420 44 47 2
988564 44 12 0
988564 44 12 0
988614 44 12 2
988622 44 12 2
989106 44 1 0
989106 44 1 0
989188 44 1 2
989196 44 1 2
989628 44 10 0
989726 44 10 2
989742 44 46 0
989742 44 46 0
989776 44 46 2
989784 44 46 2
989816 44 47 0
989816 44 47 0
989858 44 47 2
989866 44 47 2
990010 44 12 0
990010 44 12 0
990060 44 12 2
990073 44 12 2
990557 44 1 0
990557 44 1 0
990646 44 1 2
990648 44 1 2
991096 44 46 0
991096 44 46 0
991130 44 46 2
991137 44 46 2
991169 44 47 0
991169 44 47 0
991212 44 47 2
991217 44 47 2
991361 44 12 0
991361 44 12 0
991411 44 12 2
991418 44 12 2
991902 44 1 0
991902 44 1 0
991994 44 1 2
992004 44 1 2
992442 44 46 0
992442 44 46 0
992483 44 46 2
992496 44 46 2
992515 44 47 0
992515 44 47 0
992576 44 47 2
992608 44 47 2
992720 44 12 0
992720 44 12 0
992918 44 12 2
992920 44 12 2
993402 44 1 0
993402 44 1 0
993552 44 1 2
993594 44 1 2
994000 44 46 0
994000 44 46 0
994037 44 46 2
994045 44 46 2
994077 44 47 0
994077 44 47 0
994120 44 47 2
994135 44 47 2
994279 44 12 0
994279 44 12 0
994367 44 12 2
994390 44 12 2
994851 44 1 0
994851 44 1 0
994943 44 1 2
995017 44 1 2
995465 44 46 0
995465 44 46 0
995508 44 46 2
995531 44 46 2
995540 44 47 0
995540 44 47 0
995642 44 47 2
995661 44 47 2
995786 44 12 0
995786 44 12 0
995864 44 12 2
995877 44 12 2
996348 44 1 0
996348 44 1 0
996480 44 1 2
996498 44 1 2
996946 44 46 0
996946 44 46 0
996980 44 46 2
996987 44 46 2
997019 44 47 0
997019 44 47 0
997061 44 47 2
997073 44 47 2
997217 44 12 0
997217 44 12 0
997277 44 12 2
997337 44 12 2
997821 44 1 0
997821 44 1 0
997953 44 1 2
997961 44 1 2
998409 44 46 0
998409 44 46 0
998443 44 46 2
998452 44 46 2
998484 44 47 0
998484 44 47 0
998526 44 47 2
998534 44 47 2
998678 44 12 0
998678 44 12 0
998738 44 12 2
998816 44 12 2
999300 44 1 0
999300 44 1 0
999422 44 1 2
999439 44 1 2
999887 44 46 0
999887 44 46 0
999921 44 46 2
999928 44 46 2
999960 44 47 0
999960 44 47 0
1000003 44 47 2
1000039 44 47 2
1000183 44 12 0
1000183 44 12 0
1000283 44 12 2
1000354 44 12 2
1000838 44 1 0
1000838 44 1 0
1000960 44 1 2
1000978 44 1 2
1001410 44 11 0
1001410 44 11 0
1001468 44 11 2
1001512 44 11 2
1001528 44 46 0
1001528 44 46 0
1001576 44 46 2
1001608 44 47 0
1001608 44 47 0
1001612 44 46 2
1001660 44 47 2
1001721 44 47 2
1001804 44 12 0
1001804 44 12 0
1001854 44 12 2
1001892 44 12 2
1002376 44 1 0
1002376 44 1 0
1002527 44 1 2
1002579 44 1 2
1002975 44 46 0
1002975 44 46 0
1003015 44 46 2
1003047 44 47 0
1003047 44 47 0
1003071 44 46 2
1003089 44 47 2
1003097 44 47 2
1003241 44 12 0
1003241 44 12 0
1003312 44 12 2
1003393 44 12 2
1003877 44 1 0
1003877 44 1 0
1004000 44 1 2
1004038 44 1 2
1004486 44 46 0
1004486 44 46 0
1004520 44 46 2
1004528 44 46 2
1004560 44 47 0
1004560 44 47 0
1004603 44 47 2
1004611 44 47 2
1004755 44 12 0
1004755 44 12 0
1004855 44 12 2
1004924 44 12 2
1005408 44 1 0
1005408 44 1 0
1005534 44 1 2
1005551 44 1 2
1005999 44 46 0
1005999 44 46 0
1006033 44 46 2
1006041 44 46 2
1006073 44 47 0
1006073 44 47 0
1006117 44 47 2
1006126 44 47 2
1006270 44 12 0
1006270 44 12 0
1006320 44 12 2
1006398 44 12 2
1006882 44 1 0
1006882 44 1 0
1007094 44 1 2
1007174 44 1 2
1007622 44 46 0
1007622 44 46 0
1007661 44 46 2
1007694 44 46 2
1007726 44 47 0
1007726 44 47 0
1007790 44 47 2
1007837 44 47 2
1007981 44 12 0
1007981 44 12 0
1008051 44 12 2
1008078 44 12 2
1008562 44 1 0
1008562 44 1 0
1008644 44 1 2
1008652 44 1 2
1009100 44 46 0
1009100 44 46 0
1009135 44 46 2
1009152 44 46 2
1009184 44 47 0
1009184 44 47 0
1009226 44 47 2
1009235 44 47 2
1009379 44 12 0
1009379 44 12 0
1009429 44 12 2
1009496 44 12 2
1009980 44 1 0
1009980 44 1 0
1010122 44 1 2
1010149 44 1 2
1010597 44 46 0
1010597 44 46 0
1010639 44 46 2
1010646 44 46 2
1010678 44 47 0
1010678 44 47 0
1010721 44 47 2
1010728 44 47 2
1010872 44 12 0
1010872 44 12 0
1010922 44 12 2
1010932 44 12 2
1011416 44 1 0
1011416 44 1 0
1011469 44 38 2
1011558 44 1 2
1011586 44 1 2
1012034 44 46 0
1012034 44 46 0
1012069 44 46 2
1012081 44 46 2
1012113 44 47 0
1012113 44 47 0
1012155 44 47 2
1012202 44 47 2
1012346 44 12 0
1012346 44 12 0
1012406 44 12 2
1012454 44 12 2
1012938 44 1 0
1012938 44 1 0
1013021 44 1 2
1013049 44 1 2
1013240 44 2 0
1013241 44 0 1
1013473 44 2 2
1013481 44 12 0
1013481 44 12 0
1013531 44 12 2
1013539 44 12 2
1013554 44 0 2
1013555 44 46 0
1013555 44 46 0
1013589 44 46 2
1013597 44 46 2
1013629 44 47 0
1013629 44 47 0
1013671 44 47 2
1013681 44 47 2
1013825 44 12 0
1013825 44 12 0
1013875 44 12 2
1013883 44 12 2
1014367 44 1 0
1014367 44 1 0
1014499 44 1 2
1014548 44 1 2
1014996 44 46 0
1014996 44 46 0
1015030 44 46 2
1015038 44 46 2
1015070 44 47 0
1015070 44 47 0
1015115 44 47 2
1015123 44 47 2
1015267 44 12 0
1015267 44 12 0
1015330 44 12 2
1015428 44 12 2
1015912 44 1 0
1016091 44 1 2
1016297 44 0 1
1016483 44 42 2
1016528 44 3 2
1016539 44 46 0
1016539 44 46 0
1016573 44 46 2
1016581 44 46 2
1016600 44 0 2
1016613 44 47 0
1016613 44 47 0
1016655 44 47 2
1016662 44 47 2
1016806 44 12 0
1016806 44 12 0
1016856 44 12 2
1016863 44 12 2
1016995 44 1 0
1017672 44 1 2
1018024 44 1 0
1018024 44 1 0
1018108 44 1 2
1018114 44 1 2
1018562 44 46 0
1018562 44 46 0
1018586 44 43 2
1018596 44 46 2
1018604 44 46 2
1018636 44 47 0
1018636 44 47 0
1018678 44 47 2
1018686 44 47 2
1018830 44 12 0
1018830 44 12 0
1018880 44 12 2
1018887 44 12 2
1019019 44 1 0
1019135 44 1 2
1019348 44 43 2
1019403 44 1 0
1019501 44 1 2
1019577 44 9 0
1019683 44 9 2
1019807 44 55 0
1019881 44 55 2
1019882 44 43 2
1019885 44 1 0
1019885 44 1 0
1019967 44 1 2
1020004 44 1 2
1020028 44 56 0
1020092 44 46 2
1020134 44 56 2
1020154 44 45 0
1020211 44 45 2
1020227 44 1 0
1020341 44 1 2
1020377 44 1 0
1020491 44 1 2
1020495 44 46 0
1020575 44 47 2
1020595 44 46 2
1020611 44 1 0
1020743 44 1 2
1020803 44 63 0
1020928 44 41 2
1021139 44 63 2
1021147 44 47 0
1021324 44 47 2
1021428 44 62 0
1021428 44 62 0
1021478 44 62 2
1021486 44 62 2
1021554 44 29 0
1021674 44 29 2
1021714 44 30 0
1021832 44 30 2
1021876 44 17 0
1021974 44 17 2
1022030 44 18 0
1022120 44 18 2
1022156 44 22 0
1022264 44 22 2
1022316 44 3 0
1031104 44 3 2
1031112 44 19 0
1031171 44 35 2
1031194 44 19 2
1031198 44 3 0
1035454 44 3 2
1035637 44 55 2
1035646 44 3 0
1043188 44 3 2
1043504 44 1 0
1043504 44 1 0
1043590 44 1 2
1043600 44 1 2
1043864 44 21 0
1043921 44 21 2
1043925 44 30 0
1044023 44 30 2
1044035 44 24 0
1044142 44 24 2
1044242 44 25 0
1044340 44 25 2
1044348 44 44 0
1044357 44 2 0
1044357 44 44 2
1044441 44 44 2
1044505 44 26 0
1044599 44 26 2
1044663 44 27 0
1044747 44 27 2
1044779 44 34 0
1044896 44 34 2
1044908 44 26 0
1044999 44 26 2
1045095 44 55 0
1045269 44 55 2
1045277 44 27 0
1045362 44 27 2
1045410 44 23 0
1045652 44 23 2
1045656 44 28 0
1045719 44 37 2
1045779 44 28 2
1045799 44 23 0
1046026 44 23 2
1046058 44 56 0
1046058 44 56 0
1046093 44 35 2
1046124 44 56 2
1046181 44 56 2
1046217 44 43 0
1046458 44 43 2
1046486 44 57 0
1046486 44 57 0
1046545 44 57 2
1046603 44 57 2
1046611 44 38 0
1046677 44 38 2
1046729 44 23 0
1046883 44 23 2
1046950 44 20 2
1046955 44 23 0
1051655 44 23 2
1051722 44 55 2
1051813 44 63 2
1051913 44 52 2
1051919 44 23 0
1054617 44 23 2
1054689 44 23 0
1054689 44 58 2
1055693 44 0 1
1055921 44 3 2
1055994 44 0 2
1057881 44 23 2
1058124 44 40 2
1058133 44 23 0
1058747 44 23 2
1059984 44 59 2
1059995 44 23 0
1068553 44 23 2
1070214 44 28 2
1070221 44 23 0
1074633 44 23 2
1075883 44 38 2
1075893 44 23 0
1077247 44 23 2
1080298 44 47 2
1080307 44 23 0
1081679 44 23 2
1083400 44 55 2
1083407 44 23 0
1084234 44 23 2
1087345 44 55 2
1087354 44 23 0
1088784 44 23 2
1090338 44 46 2
1090344 44 23 0
1091242 44 23 2
1093259 44 46 2
1093270 44 23 0
1094402 44 23 2
1094475 44 50 2
1094486 44 23 0
1100756 44 23 2
1101725 44 48 2
1101728 44 23 0
1103018 44 23 2
1103085 44 25 2
1103192 44 20 2
1103276 44 53 2
1103367 44 32 2
1103482 44 62 2
1103581 44 51 2
1103680 44 23 2
1103763 44 52 2
1103856 44 56 2
1103989 44 63 2
1104090 44 60 2
1104190 44 41 2
1104300 44 27 2
1104395 44 43 2
1104398 44 23 0
1106190 44 23 2
1106206 44 23 0
1107168 44 52 2
1111216 44 23 2
1111283 44 56 2
1111288 44 23 0
1114392 44 0 1
1114522 44 23 2
1114622 44 3 2
1114695 44 0 2
1115873 44 31 2
1115878 44 23 0
1116100 44 23 2
1116167 44 58 2
1116282 44 30 2
1116365 44 42 2
1116464 44 57 2
1116587 44 56 2
1116718 44 54 2
1116809 44 36 2
1116892 44 53 2
1116984 44 31 2
1117068 44 27 2
1117159 44 16 2
1117276 44 20 2
1117360 44 62 2
1117460 44 2 2
1117576 44 61 2
1117676 44 32 2
1117792 44 63 2
1117898 44 25 2
1118008 44 59 2
1118118 44 51 2
1118220 44 41 2
1118341 44 23 2
1118344 44 23 0
1119839 44 23 2
1119891 44 29 0
1119906 44 63 2
1119980 44 29 2
1119996 44 23 0
1121595 44 23 2
1121662 44 25 2
1121695 44 32 0
1121760 44 32 2
1121844 44 28 0
1121925 44 28 2
1121977 44 2 0
1122058 44 2 2
1122070 44 29 0
1122160 44 29 2
1122192 44 4 0
1122274 44 4 2
1122282 44 35 0
1122282 44 35 0
1122316 44 35 2
1122324 44 35 2
1122364 44 36 0
1122364 44 36 0
1122390 44 36 2
1122466 44 36 2
1122554 44 56 0
1122746 44 56 2
1122766 44 57 0
1122900 44 57 2
1122988 44 58 0
1122988 44 58 0
1123038 44 58 2
1123115 44 58 2
1123195 44 59 0
1123195 44 59 0
1123237 44 59 2
1123322 44 59 2
1123346 44 63 0
1123411 44 63 2
1123495 44 33 0
1123552 44 33 2
1141531 44 3 0
1141532 44 0 1
1141762 44 3 2
1141835 44 0 2
1214677 44 0 1
1214913 44 3 2
1214987 44 0 2
1259393 44 0 1
1259622 44 3 2
1259695 44 0 2
1313996 44 3 0
1313997 44 0 0
1323473 44 3 0
1323474 44 0 1
1323703 44 3 2
1323777 44 0 2
1326613 44 0 1
1326843 44 3 2
1326917 44 0 2
1377007 44 0 1
1377242 44 3 2
1377315 44 0 2
1404561 44 0 1
1404562 44 3 0
1404792 44 3 2
1404865 44 0 2
1409339 44 3 0
1409340 44 0 1
1409572 44 3 2
1409645 44 0 2
1424712 44 3 0
1424713 44 3 2
1481814 44 3 2
1843733 44 3 0
1843734 44 3 2
1844573 44 37 0
1844573 44 37 0
1844905 44 37 2
1845173 44 36 0
1845173 44 36 0
1845200 44 36 2
1845236 44 36 2
1845268 44 38 0
1845268 44 38 0
1845310 44 38 2
1845581 44 38 2
1845697 44 47 0
1845697 44 47 0
1845739 44 47 2
1845747 44 47 2
1845791 44 54 0
1845791 44 54 0
1845833 44 54 2
1845858 44 54 2
1845866 44 56 0
1845866 44 56 0
1845932 44 56 2
1845950 44 56 2
1846002 44 37 0
1846036 44 37 2
1846719 44 37 2
1846722 44 37 0
1848744 44 37 2
1848768 44 57 0
1848768 44 57 0
1849196 44 57 2
1849293 44 57 2
1849401 44 35 0
1849401 44 35 0
1849475 44 35 2
1849483 44 35 2
1850069 44 41 2
1850339 44 47 0
1850339 44 47 0
1850382 44 47 2
1850435 44 47 2
1850459 44 11 0
1850459 44 11 0
1850529 44 11 2
1850557 44 11 2
1850685 44 1 0
1850685 44 1 0
1850767 44 1 2
1850837 44 41 2
1850960 44 41 2
1850990 44 1 2
1851514 44 14 0
1851670 44 14 2
1851682 44 15 0
1851682 44 15 0
1851756 44 15 2
1851773 44 15 2
1851793 44 18 0
1852091 44 18 2
1852115 44 4 0
1852265 44 4 2
1852309 44 38 0
1852309 44 38 0
1852351 44 38 2
1852361 44 38 2
1852517 44 46 0
1852517 44 46 0
1852551 44 46 2
1852609 44 46 2
1852653 44 12 0
1852653 44 12 0
1852703 44 12 2
1852711 44 12 2
1852867 44 47 0
1852867 44 47 0
1852909 44 47 2
1852917 44 47 2
1852933 44 12 0
1853003 44 12 2
1853039 44 47 0
1853091 44 47 2
1853839 44 54 0
1853839 44 54 0
1853881 44 54 2
1853889 44 54 2
1854249 44 40 0
1854447 44 40 2
1854475 44 49 0
1854606 44 49 2
1854618 44 51 0
1854730 44 51 2
1854750 44 37 0
1854852 44 37 2
1854856 44 20 0
1854949 44 20 2
1854965 44 3 0
1855307 44 3 2
1855655 44 38 0
1855655 44 38 0
1855697 44 38 2
1855705 44 38 2
1856220 44 42 2
1856747 44 43 2
1857315 44 43 2
1857429 44 43 2
1861085 44 3 0
1861086 44 0 0
1866230 44 0 2
2821427 44 38 0
2821427 44 38 0
2825495 44 38 2
2826666 44 38 2
2826782 44 47 0
2826782 44 47 0
2826832 44 47 2
2826884 44 47 2
2827924 44 47 0
2827924 44 47 0
2827966 44 47 2
2828001 44 47 2
2828209 44 7 0
2828437 44 7 2
2829005 44 38 0
2829005 44 38 0
2829047 44 38 2
2829055 44 38 2
2829411 44 47 0
2829411 44 47 0
2829453 44 47 2
2829461 44 47 2
2831301 44 38 0
2831301 44 38 0
2831351 44 38 2
2831413 44 38 2
2842981 44 2 0
2842982 44 0 1
2843215 44 2 2
2843296 44 0 2
2888046 44 3 0
2888047 44 0 1
2888276 44 3 2
2888350 44 0 2
2916814 44 2 0
2916815 44 0 1
2917046 44 2 2
2917128 44 0 2
2998160 44 3 2
3000146 44 3 2
3000285 44 3 2
3000512 44 3 2
3027426 44 2 2
3797983 44 38 0
3797983 44 38 0
3799843 44 38 2
3800372 44 38 2
3800488 44 47 0
3800488 44 47 0
3800530 44 47 2
3800538 44 47 2
3801630 44 47 0
3801696 44 47 2
3802472 44 38 0
3802472 44 38 0
3802514 44 38 2
3802742 44 38 2
3802898 44 46 0
3802940 44 46 2
3802984 44 12 0
3803041 44 12 2
3803197 44 47 0
3803197 44 47 0
3803239 44 47 2
3803247 44 47 2
3803897 44 0 2
3805087 44 38 0
3805087 44 38 0
3805137 44 38 2
3805589 44 38 2
3812363 44 2 0
3812364 44 0 1
3812591 44 2 2
3812672 44 0 2
4774547 44 38 0
4774547 44 38 0
4774803 44 38 2
4780191 44 38 2
4780307 44 47 0
4780307 44 47 0
4780349 44 47 2
4780357 44 47 2
4781449 44 47 0
4781449 44 47 0
4781491 44 47 2
4781516 44 47 2
4781724 44 7 0
4781838 44 7 2
4782406 44 38 0
4782406 44 38 0
4782448 44 38 2
4782456 44 38 2
4782812 44 47 0
4782812 44 47 0
4782854 44 47 2
4782862 44 47 2
4784702 44 38 0
4784702 44 38 0
4784744 44 38 2
4784752 44 38 2
5751136 44 38 0
5751136 44 38 0
5753428 44 38 2
5755739 44 38 2
5755855 44 47 0
5755855 44 47 0
5755897 44 47 2
5755905 44 47 2
5756719 44 0 2
5756997 44 47 0
5756997 44 47 0
5757039 44 47 2
5757064 44 47 2
5757272 44 7 0
5758496 44 7 2
5759064 44 38 0
5759064 44 38 0
5759106 44 38 2
5759114 44 38 2
5759470 44 47 0
5759470 44 47 0
5759512 44 47 2
5759520 44 47 2
5761360 44 38 0
5761360 44 38 0
5761402 44 38 2
5761409 44 38 2
