0 6 51 0
1421 6 56 1
1681 6 2 2
1738 6 56 2
4271 6 51 2
4275 6 22 0
6451 6 22 2
6463 6 1 0
7289 6 1 2
7309 6 24 0
7439 6 24 2
10730 6 56 1
10991 6 2 2
11048 6 56 2
12803 6 56 1
13061 6 2 2
13118 6 56 2
14609 6 56 1
14891 6 0 2
14964 6 56 2
48899 6 56 1
49161 6 2 2
49218 6 56 2
69383 6 56 1
69651 6 2 2
69708 6 56 2
114919 6 56 1
115181 6 2 2
115238 6 56 2
122781 6 56 1
123042 6 2 2
123100 6 56 2
147237 6 56 1
147501 6 2 2
147558 6 56 2
152774 6 56 1
153041 6 2 2
153098 6 56 2
162861 6 56 1
163122 6 2 2
163180 6 56 2
186161 6 2 0
186162 6 56 1
186422 6 2 2
186480 6 56 2
216261 6 2 0
216262 6 2 2
217421 6 2 0
217422 6 56 1
217681 6 2 2
217738 6 56 2
219719 6 2 0
219720 6 2 2
222611 6 56 1
222872 6 2 2
222930 6 56 2
245971 6 56 1
246232 6 2 2
246290 6 56 2
267694 6 2 0
267695 6 56 1
267961 6 2 2
268018 6 56 2
276275 6 2 0
276276 6 2 2
283796 6 2 0
283797 6 2 2
296233 6 56 1
296491 6 2 2
296548 6 56 2
318181 6 2 0
318182 6 56 1
318441 6 2 2
318498 6 56 2
318562 6 2 0
318563 6 56 1
318822 6 2 2
318880 6 56 2
363601 6 56 1
363861 6 2 2
363918 6 56 2
363982 6 2 0
363983 6 56 1
364242 6 2 2
364300 6 56 2
408679 6 2 0
408680 6 56 1
408941 6 2 2
408998 6 56 2
430171 6 2 0
430172 6 2 2
447427 6 2 0
447428 6 56 1
447691 6 2 2
447748 6 56 2
474147 6 2 0
474148 6 56 1
474411 6 2 2
474468 6 56 2
477441 6 2 0
477442 6 56 1
477701 6 2 2
477758 6 56 2
482764 6 2 0
482765 6 2 2
654536 6 2 0
654537 6 56 1
654802 6 2 2
654860 6 56 2
669571 6 56 1
669831 6 2 2
669888 6 56 2
672246 6 2 0
672247 6 56 1
672511 6 2 2
672568 6 56 2
685415 6 56 1
685681 6 2 2
685738 6 56 2
689354 6 2 0
689355 6 56 1
689621 6 2 2
689678 6 56 2
708115 6 2 0
708116 6 0 0
709187 6 2 0
709188 6 56 1
709451 6 2 2
709508 6 56 2
710612 6 2 0
710613 6 56 1
710871 6 2 2
710928 6 56 2
712507 6 2 0
712508 6 2 2
717283 6 56 1
717541 6 3 2
717590 6 56 2
727879 6 2 0
727880 6 2 2
734277 6 2 0
739763 6 2 0
739764 6 2 2
741417 6 2 0
745930 6 2 0
745931 6 2 2
747582 6 2 0
747583 6 2 2
747658 6 3 0
747659 6 56 1
747921 6 3 2
747970 6 56 2
749176 6 2 0
749176 6 3 2
752191 6 2 0
752192 6 56 1
752452 6 2 2
752510 6 56 2
753523 6 56 1
753781 6 3 2
753830 6 56 2
761128 6 2 0
764471 6 56 1
764731 6 3 2
764780 6 56 2
769311 6 2 0
772945 6 3 0
772946 6 2 0
774925 6 2 0
775601 6 2 0
775602 6 56 1
775858 6 2 0
775862 6 2 2
775919 6 56 2
803431 6 2 0
803432 6 56 1
803692 6 2 2
803750 6 56 2
817061 6 56 1
817321 6 3 2
817370 6 56 2
826831 6 56 1
827092 6 2 2
827150 6 56 2
838525 6 56 1
838791 6 3 2
838840 6 56 2
840838 6 3 0
840839 6 56 1
841101 6 3 2
841150 6 56 2
848654 6 2 2
848655 6 2 0
851393 6 3 0
851394 6 56 1
851661 6 3 2
851710 6 56 2
852017 6 3 0
852018 6 3 2
852590 6 2 0
852591 6 2 2
862161 6 2 0
862162 6 56 1
862422 6 2 2
862480 6 56 2
867086 6 4 0
867374 6 4 2
867426 6 44 0
867845 6 44 2
867857 6 5 0
867914 6 5 2
867926 6 45 0
868238 6 45 2
868306 6 24 0
868411 6 24 2
868443 6 25 0
868541 6 25 2
868549 6 26 0
868638 6 26 2
868678 6 27 0
868814 6 27 2
868834 6 33 0
868968 6 33 2
868988 6 35 0
869078 6 35 2
869086 6 41 0
869449 6 41 2
869465 6 42 0
869769 6 42 2
869801 6 1 0
869882 6 1 2
869918 6 36 0
870011 6 36 2
870023 6 43 0
870348 6 43 2
870364 6 17 0
870445 6 17 2
870537 6 27 0
870622 6 27 2
870626 6 37 0
870716 6 37 2
870728 6 17 0
870876 6 17 2
870884 6 15 0
870957 6 15 2
870997 6 16 0
871098 6 16 2
871138 6 18 0
871225 6 18 2
871249 6 61 0
871468 6 61 2
871480 6 54 0
871623 6 54 2
871643 6 7 0
871717 6 7 2
871725 6 19 0
871823 6 19 2
871827 6 35 0
872186 6 35 2
872202 6 53 0
872346 6 53 2
872386 6 33 0
872503 6 33 2
872515 6 36 0
872608 6 36 2
872628 6 40 0
872956 6 40 2
872980 6 37 0
873103 6 37 2
873207 6 38 0
873342 6 38 2
873346 6 31 0
873602 6 31 2
873626 6 8 0
873722 6 8 2
873730 6 29 0
873867 6 29 2
873907 6 0 0
874011 6 0 2
874023 6 38 0
874210 6 38 2
874226 6 39 0
874368 6 39 2
874372 6 39 0
874458 6 56 1
874624 6 39 2
874680 6 36 0
874721 6 4 2
874761 6 56 2
874803 6 36 2
874835 6 38 0
875024 6 38 2
875040 6 51 0
875191 6 51 2
875247 6 25 0
875562 6 25 2
875570 6 52 0
875677 6 52 2
875713 6 33 0
876036 6 56 1
876050 6 33 2
876070 6 53 0
876301 6 45 2
876332 6 53 2
876356 6 54 0
876374 6 56 2
876462 6 54 2
876478 6 11 0
876567 6 56 1
876831 6 22 2
876874 6 56 2
876896 6 11 2
876908 6 56 0
877045 6 56 2
877049 6 12 0
877302 6 12 2
877310 6 57 0
877440 6 57 2
877444 6 2 0
877475 6 56 1
877726 6 2 2
877741 6 52 2
877778 6 37 0
877832 6 56 2
877870 6 37 2
877886 6 40 0
878021 6 40 2
878077 6 58 0
878198 6 58 2
878258 6 35 0
878348 6 35 2
878352 6 50 0
878465 6 50 2
878485 6 62 0
878601 6 62 2
878629 6 38 0
878919 6 38 2
878991 6 63 0
879145 6 63 2
879185 6 12 0
879388 6 56 1
879432 6 12 2
879456 6 2 0
879541 6 2 2
879565 6 13 0
879661 6 3 2
879710 6 56 2
879803 6 13 2
879899 6 3 0
879987 6 3 2
880027 6 23 0
880208 6 23 2
880224 6 24 0
880380 6 24 2
880488 6 41 0
880546 6 56 1
880811 6 34 2
880839 6 41 2
880847 6 25 0
880901 6 56 2
880978 6 25 2
881006 6 26 0
881170 6 26 2
881250 6 0 0
881344 6 0 2
881352 6 3 0
881514 6 3 2
881558 6 4 0
881683 6 4 2
881779 6 5 0
881818 6 56 1
881949 6 5 2
881989 6 15 0
882101 6 58 2
882214 6 56 2
882312 6 15 2
882320 6 14 0
882580 6 56 1
882687 6 14 2
882699 6 50 0
882861 6 35 2
882880 6 56 1
882943 6 56 2
883103 6 50 2
883131 6 6 0
883161 6 0 2
883241 6 56 2
883243 6 0 0
883293 6 2 0
883340 6 0 0
883363 6 56 1
883416 6 6 2
883426 6 0 0
883436 6 4 0
883514 6 0 0
883547 6 4 2
883555 6 8 0
883609 6 0 0
883631 6 40 2
883717 6 0 0
883750 6 56 2
883805 6 0 0
883809 6 8 2
883813 6 47 0
883835 6 56 1
883906 6 0 0
883988 6 47 2
883996 6 49 0
884036 6 0 0
884101 6 16 2
884145 6 0 0
884191 6 56 2
884268 6 0 0
884295 6 49 2
884311 6 11 0
884398 6 0 0
884514 6 0 0
884641 6 0 0
884671 6 11 2
884707 6 5 0
884795 6 0 0
884900 6 0 0
884979 6 5 2
885003 6 37 0
885033 6 0 0
885152 6 0 0
885273 6 0 0
885280 6 37 2
885344 6 4 0
885370 6 0 0
885441 6 4 2
885445 6 1 0
885484 6 0 0
885522 6 1 2
885550 6 27 0
885614 6 0 0
885644 6 56 1
885686 6 27 2
885694 6 2 0
885743 6 0 0
885762 6 2 2
885774 6 11 0
885848 6 0 0
885848 6 11 2
885856 6 7 0
885889 6 7 2
885909 6 3 0
885921 6 0 2
885995 6 0 0
886006 6 56 2
886020 6 3 2
886128 6 6 0
886136 6 0 0
886137 6 0 0
886234 6 2 0
886297 6 6 2
886315 6 0 0
886317 6 9 0
886416 6 0 0
886466 6 9 2
886516 6 0 0
886560 6 0 0
886615 6 0 0
886638 6 8 0
886725 6 0 0
886731 6 0 0
886750 6 8 2
886762 6 11 0
886846 6 0 0
886982 6 0 0
887016 6 0 0
887053 6 11 2
887073 6 12 0
887130 6 0 0
887168 6 0 0
887276 6 0 0
887311 6 0 0
887397 6 0 0
887509 6 0 0
887525 6 0 0
887646 6 0 0
887657 6 0 0
887678 6 12 2
887702 6 16 0
887800 6 0 0
887828 6 0 0
887924 6 0 0
887969 6 16 2
887977 6 13 0
887997 6 0 0
888060 6 0 0
888095 6 13 2
888143 6 2 0
888147 6 3 0
888167 6 0 0
888173 6 0 0
888285 6 0 0
888330 6 0 0
888409 6 0 0
888469 6 2 2
888491 6 0 0
888513 6 40 0
888524 6 0 0
888598 6 0 0
888642 6 0 0
888729 6 0 0
888747 6 40 2
888751 6 25 0
888759 6 0 0
888887 6 25 2
888900 6 0 0
888903 6 31 0
888921 6 0 0
889144 6 0 0
889169 6 0 0
889283 6 0 0
889309 6 0 0
889318 6 31 2
889354 6 33 0
889416 6 0 0
889429 6 0 0
889501 6 33 2
889505 6 36 0
889556 6 0 0
889727 6 0 0
889849 6 0 0
889857 6 0 0
889970 6 36 2
889978 6 4 0
890056 6 0 0
890127 6 0 0
890188 6 0 0
890198 6 4 2
890290 6 5 0
890298 6 0 0
890419 6 0 0
890490 6 0 0
890532 6 5 2
890534 6 0 0
890564 6 34 0
890684 6 0 0
890748 6 0 0
890824 6 0 0
890848 6 34 2
890868 6 35 0
890972 6 0 0
891079 6 0 0
891102 6 0 0
891148 6 35 2
891172 6 32 0
891223 6 0 0
891250 6 0 0
891370 6 0 0
891376 6 32 2
891391 6 0 0
891444 6 17 0
891492 6 0 0
891613 6 0 0
891690 6 0 0
891738 6 0 0
891745 6 17 2
891837 6 0 0
891864 6 0 0
891949 6 0 0
891986 6 0 0
892041 6 38 0
892041 6 38 0
892091 6 38 2
892104 6 0 0
892140 6 38 2
892148 6 27 0
892150 6 0 0
892237 6 27 2
892243 6 0 0
892257 6 35 0
892337 6 35 2
892342 6 0 0
892393 6 28 0
892457 6 0 0
892484 6 28 2
892493 6 0 0
892552 6 3 0
892600 6 3 2
892604 6 46 0
892624 6 0 0
892669 6 46 2
892689 6 4 0
892755 6 4 2
892757 6 0 0
892787 6 0 0
892869 6 0 2
892873 6 29 0
892886 6 0 0
892970 6 29 2
893097 6 0 0
893114 6 47 0
893187 6 47 2
893259 6 30 0
893279 6 0 0
893482 6 0 0
893562 6 30 2
893648 6 0 0
893760 6 0 0
893894 6 0 0
893914 6 31 0
894034 6 0 0
894222 6 0 0
894321 6 0 0
894442 6 0 0
894587 6 0 0
894622 6 31 2
894626 6 44 0
894745 6 0 0
894797 6 44 2
894805 6 43 0
894853 6 0 0
894985 6 0 0
895107 6 43 2
895111 6 0 0
895239 6 32 0
895245 6 0 0
895400 6 0 0
895462 6 32 2
895498 6 0 0
895786 6 33 0
896147 6 33 2
896195 6 33 0
896439 6 33 2
896447 6 27 0
896646 6 27 2
896750 6 54 0
896931 6 54 2
896943 6 28 0
897101 6 28 2
897117 6 34 0
897407 6 34 2
897415 6 56 0
897920 6 56 2
897936 6 35 0
898236 6 35 2
898336 6 41 0
898569 6 41 2
898617 6 61 0
898829 6 61 2
898833 6 39 0
898924 6 56 1
899003 6 39 2
899015 6 7 0
899109 6 7 2
899169 6 8 0
899191 6 1 2
899262 6 56 2
899271 6 8 2
899303 6 63 0
899510 6 63 2
899618 6 0 0
899709 6 0 2
899737 6 57 0
899865 6 56 1
899880 6 57 2
899948 6 58 0
900131 6 19 2
900196 6 56 2
900206 6 58 2
900290 6 46 0
900522 6 46 2
900534 6 59 0
900691 6 59 2
900723 6 32 0
900847 6 32 2
900855 6 50 0
900961 6 50 2
900972 6 56 1
901037 6 60 0
901175 6 60 2
901183 6 62 0
901231 6 0 2
901316 6 56 2
901341 6 62 2
901345 6 3 0
901426 6 3 2
901438 6 5 0
901482 6 0 0
901527 6 5 2
901555 6 17 0
901653 6 17 2
901673 6 6 0
901682 6 0 0
901765 6 6 2
901803 6 0 2
901857 6 11 0
901984 6 0 0
902156 6 11 2
902163 6 0 0
902164 6 10 0
902173 6 0 0
902237 6 10 2
902257 6 11 0
902308 6 0 0
902347 6 11 2
902355 6 6 0
902364 6 0 0
902399 6 0 0
902468 6 6 2
902504 6 36 0
902589 6 0 0
902719 6 0 0
902818 6 36 2
902863 6 0 0
902878 6 12 0
902913 6 0 0
902977 6 12 2
902985 6 0 0
903001 6 3 0
903002 6 0 0
903039 6 0 0
903075 6 2 0
903096 6 0 0
903107 6 0 2
903157 6 0 0
903186 6 0 0
903231 6 15 0
903333 6 15 2
903415 6 0 0
903453 6 7 0
903499 6 0 0
903552 6 7 2
903568 6 0 0
903591 6 3 0
903612 6 0 0
903682 6 0 0
903717 6 0 0
903766 6 2 0
903787 6 0 0
903829 6 0 2
903876 6 56 1
903881 6 0 0
903907 6 0 0
903977 6 9 0
904016 6 0 0
904036 6 0 0
904084 6 9 2
904116 6 8 0
904141 6 55 2
904174 6 0 0
904222 6 56 2
904270 6 8 2
904298 6 45 0
904324 6 0 0
904430 6 0 0
904447 6 0 0
904606 6 45 2
904671 6 0 0
904714 6 14 0
904754 6 0 0
904803 6 0 0
904887 6 0 0
904936 6 0 0
904970 6 14 2
905070 6 0 0
905193 6 0 0
905266 6 31 0
905288 6 0 0
905296 6 0 0
905479 6 0 0
905499 6 0 0
905618 6 0 0
905645 6 0 0
905744 6 0 0
905746 6 0 0
905831 6 56 1
905874 6 0 0
905885 6 0 0
905908 6 31 2
905952 6 35 0
905987 6 0 0
906002 6 0 0
906091 6 37 2
906112 6 0 0
906142 6 0 0
906156 6 56 2
906298 6 35 2
906319 6 0 0
906337 6 0 0
906358 6 32 0
906457 6 0 0
906490 6 0 0
906490 6 32 2
906554 6 0 0
906590 6 33 0
906606 6 0 0
906685 6 0 0
906723 6 0 0
906759 6 33 2
906810 6 0 0
906843 6 0 0
906851 6 34 0
906961 6 0 0
907030 6 0 0
907219 6 0 0
907241 6 0 0
907348 6 34 2
907355 6 0 0
907380 6 1 0
907380 6 1 0
907438 6 1 2
907447 6 1 2
907464 6 0 0
907491 6 32 0
907499 6 0 0
907566 6 0 0
907649 6 0 0
907681 6 0 0
907714 6 32 2
907722 6 35 0
907761 6 0 0
907796 6 0 0
908005 6 0 0
908056 6 0 0
908125 6 35 2
908129 6 60 0
908158 6 0 0
908291 6 0 0
908372 6 0 0
908440 6 0 0
908519 6 0 0
908641 6 0 0
908705 6 0 0
908869 6 0 0
908952 6 0 0
908994 6 0 0
909075 6 0 0
909076 6 60 2
909092 6 61 0
909177 6 0 0
909267 6 61 2
909327 6 48 0
909347 6 0 0
909369 6 0 0
909471 6 48 2
909504 6 0 0
909504 6 0 0
909511 6 49 0
909654 6 0 0
909683 6 0 0
909804 6 0 0
909891 6 0 0
909928 6 0 0
909961 6 49 2
909997 6 36 0
909997 6 36 0
910029 6 0 0
910061 6 0 0
910063 6 36 2
910143 6 36 2
910180 6 0 0
910207 6 37 0
910207 6 37 0
910265 6 37 2
910355 6 0 0
910363 6 0 0
910531 6 0 0
910546 6 37 2
910594 6 58 0
910658 6 0 0
910743 6 0 0
910775 6 0 0
910834 6 58 2
910846 6 31 0
910887 6 0 0
910889 6 0 0
911022 6 0 0
911093 6 31 2
911105 6 30 0
911164 6 0 0
911284 6 0 0
911303 6 0 0
911399 6 30 2
911407 6 59 0
911446 6 0 0
911486 6 0 0
911601 6 0 0
911624 6 0 0
911650 6 59 2
911702 6 34 0
911727 6 0 0
911742 6 0 0
911845 6 0 0
911872 6 0 0
911989 6 34 2
912009 6 0 0
912029 6 0 0
912140 6 0 0
912275 6 0 2
912283 6 33 0
912353 6 0 0
912490 6 0 0
912602 6 0 0
912622 6 33 2
912638 6 60 0
912709 6 0 0
912776 6 60 2
912796 6 32 0
913119 6 32 2
913195 6 61 0
913356 6 61 2
913480 6 62 0
913621 6 62 2
913709 6 12 0
913799 6 12 2
913811 6 39 0
913933 6 39 2
913945 6 13 0
914037 6 13 2
914041 6 48 0
914170 6 48 2
914182 6 59 0
914336 6 59 2
914364 6 54 0
914364 6 54 0
914430 6 54 2
914523 6 54 2
914563 6 55 0
914710 6 55 2
914734 6 56 0
914887 6 56 2
914915 6 57 0
915066 6 57 2
915130 6 58 0
915284 6 58 2
915320 6 49 0
915469 6 49 2
915509 6 63 0
916087 6 63 2
916135 6 15 0
916251 6 15 2
916267 6 44 0
916373 6 44 2
916393 6 45 0
916499 6 45 2
916747 6 0 0
916850 6 0 2
916942 6 1 0
917036 6 1 2
917136 6 2 0
917218 6 2 2
917238 6 41 0
917352 6 41 2
917424 6 3 0
917612 6 3 2
917693 6 56 1
917872 6 5 0
917951 6 0 2
918035 6 56 2
918036 6 5 2
918038 6 0 0
918084 6 6 0
918143 6 0 0
918219 6 6 2
918234 6 0 0
918307 6 7 0
918331 6 0 0
918454 6 0 0
918574 6 0 0
918688 6 0 0
918730 6 7 2
918819 6 0 0
918838 6 8 0
918914 6 0 0
918956 6 8 2
919012 6 1 0
919019 6 0 0
919094 6 1 2
919119 6 0 0
919230 6 0 0
919487 6 0 0
919542 6 46 0
919621 6 0 0
919624 6 46 2
919632 6 4 0
919691 6 5 2
919730 6 0 0
919741 6 4 2
919765 6 47 0
919847 6 47 2
919972 6 0 0
919991 6 12 0
920058 6 12 2
920186 6 0 0
920220 6 5 2
920244 6 3 0
920245 6 2 0
920422 6 10 0
920492 6 0 0
920620 6 5 2
920734 6 10 2
920746 6 0 0
920821 6 5 2
920854 6 1 0
920854 6 1 0
920900 6 0 0
920912 6 1 2
920945 6 1 2
921021 6 0 0
921168 6 0 0
921293 6 0 0
921341 6 7 2
921377 6 8 0
921412 6 4 2
921426 6 0 0
921467 6 8 2
921483 6 46 0
921604 6 46 2
921619 6 3 0
921620 6 7 2
921620 6 2 0
921636 6 47 0
921636 6 47 0
921671 6 0 0
921703 6 47 2
921768 6 47 2
921864 6 0 0
921912 6 12 0
921992 6 7 2
921998 6 0 0
922002 6 12 2
922196 6 0 0
922245 6 5 2
922368 6 5 2
922426 6 0 0
922486 6 1 0
922569 6 1 2
922572 6 5 2
922712 6 0 0
923001 6 0 0
923017 6 46 0
923017 6 46 0
923077 6 46 2
923132 6 46 2
923138 6 0 0
923164 6 47 0
923281 6 0 0
923286 6 47 2
923382 6 4 2
923430 6 12 0
923435 6 0 0
923511 6 12 2
923512 6 4 2
923551 6 0 0
923642 6 0 0
923654 6 7 2
923714 6 4 2
923751 6 5 2
923858 6 7 2
923944 6 5 2
923995 6 1 0
923995 6 1 0
924010 6 0 0
924053 6 1 2
924068 6 7 2
924080 6 1 2
924146 6 5 2
924154 6 0 0
924297 6 0 0
924420 6 0 0
924528 6 46 0
924539 6 0 0
924641 6 46 2
924673 6 47 0
924685 6 0 0
924796 6 47 2
924824 6 0 0
924886 6 4 2
924940 6 12 0
924962 6 0 0
924981 6 8 2
925017 6 4 2
925022 6 12 2
925066 6 0 0
925220 6 4 2
925224 6 0 0
925237 6 5 2
925330 6 7 2
925353 6 8 2
925359 6 5 2
925379 6 0 0
925454 6 7 2
925506 6 1 0
925506 6 1 0
925561 6 5 2
925564 6 1 2
925575 6 1 2
925663 6 7 2
925731 6 8 2
925749 6 0 0
925969 6 0 0
926023 6 46 0
926023 6 46 0
926081 6 46 2
926108 6 0 0
926141 6 46 2
926173 6 47 0
926173 6 47 0
926237 6 0 0
926239 6 47 2
926293 6 4 2
926296 6 47 2
926375 6 0 0
926422 6 4 2
926440 6 12 0
926440 6 12 0
926474 6 0 0
926482 6 12 2
926523 6 12 2
926625 6 4 2
926679 6 0 0
926812 6 0 0
926923 6 0 0
927007 6 1 0
927007 6 1 0
927054 6 0 0
927065 6 1 2
927074 6 1 2
927189 6 0 0
927291 6 0 0
927407 6 0 0
927467 6 8 2
927512 6 0 0
927522 6 46 0
927522 6 46 0
927580 6 46 2
927588 6 46 2
927620 6 47 0
927620 6 47 0
927686 6 47 2
927695 6 47 2
927782 6 8 2
927839 6 12 0
927839 6 12 0
927872 6 2 0
927873 6 56 1
927881 6 12 2
927888 6 12 2
928018 6 8 2
928132 6 2 2
928189 6 56 2
928372 6 1 0
928372 6 1 0
928430 6 1 2
928455 6 1 2
928903 6 46 0
928903 6 46 0
928961 6 46 2
928969 6 46 2
929001 6 47 0
929001 6 47 0
929067 6 47 2
929074 6 47 2
929218 6 12 0
929218 6 12 0
929260 6 12 2
929267 6 12 2
929751 6 1 0
929751 6 1 0
929809 6 1 2
929817 6 1 2
930265 6 46 0
930265 6 46 0
930323 6 46 2
930331 6 46 2
930363 6 47 0
930363 6 47 0
930429 6 47 2
930437 6 47 2
930581 6 12 0
930581 6 12 0
930623 6 12 2
930633 6 12 2
931117 6 1 0
931117 6 1 0
931175 6 1 2
931207 6 1 2
931655 6 46 0
931655 6 46 0
931713 6 46 2
931720 6 46 2
931752 6 47 0
931752 6 47 0
931818 6 47 2
931826 6 47 2
931970 6 12 0
931970 6 12 0
932017 6 12 2
932020 6 12 2
932504 6 1 0
932504 6 1 0
932562 6 1 2
932609 6 1 2
933041 6 9 0
933131 6 9 2
933147 6 46 0
933147 6 46 0
933153 6 3 0
933154 6 56 1
933211 6 46 2
933214 6 46 2
933246 6 47 0
933246 6 47 0
933312 6 47 2
933339 6 47 2
933424 6 3 2
933474 6 56 2
933483 6 12 0
933483 6 12 0
933525 6 12 2
933534 6 12 2
934018 6 1 0
934018 6 1 0
934076 6 1 2
934084 6 1 2
934532 6 46 0
934532 6 46 0
934590 6 46 2
934648 6 46 2
934680 6 47 0
934680 6 47 0
934746 6 47 2
934805 6 47 2
934949 6 12 0
934949 6 12 0
934992 6 12 2
934998 6 12 2
935482 6 1 0
935482 6 1 0
935540 6 1 2
935548 6 1 2
935996 6 46 0
935996 6 46 0
936055 6 46 2
936115 6 46 2
936147 6 47 0
936147 6 47 0
936213 6 47 2
936271 6 47 2
936415 6 12 0
936415 6 12 0
936457 6 12 2
936465 6 12 2
936949 6 1 0
936949 6 1 0
937007 6 1 2
937015 6 1 2
937463 6 46 0
937463 6 46 0
937523 6 46 2
937580 6 46 2
937612 6 47 0
937612 6 47 0
937678 6 47 2
937736 6 47 2
937880 6 12 0
937880 6 12 0
937923 6 12 2
937929 6 12 2
938413 6 1 0
938413 6 1 0
938471 6 1 2
938489 6 1 2
938937 6 46 0
938937 6 46 0
938995 6 46 2
939003 6 46 2
939035 6 47 0
939035 6 47 0
939102 6 47 2
939114 6 47 2
939258 6 12 0
939258 6 12 0
939300 6 12 2
939310 6 12 2
939794 6 1 0
939794 6 1 0
939852 6 1 2
939882 6 1 2
940330 6 46 0
940330 6 46 0
940388 6 46 2
940395 6 46 2
940427 6 47 0
940427 6 47 0
940493 6 47 2
940501 6 47 2
940645 6 12 0
940645 6 12 0
940688 6 12 2
940693 6 12 2
941177 6 1 0
941177 6 1 0
941235 6 1 2
941243 6 1 2
941691 6 46 0
941691 6 46 0
941750 6 46 2
941758 6 46 2
941790 6 47 0
941790 6 47 0
941856 6 47 2
941864 6 47 2
942008 6 12 0
942008 6 12 0
942050 6 12 2
942058 6 12 2
942542 6 1 0
942542 6 1 0
942600 6 1 2
942608 6 1 2
943056 6 46 0
943056 6 46 0
943114 6 46 2
943122 6 46 2
943154 6 47 0
943154 6 47 0
943220 6 47 2
943228 6 47 2
943372 6 12 0
943372 6 12 0
943415 6 12 2
943420 6 12 2
943904 6 1 0
943904 6 1 0
943962 6 1 2
943970 6 1 2
944402 6 10 0
944492 6 10 2
944508 6 46 0
944508 6 46 0
944567 6 46 2
944575 6 46 2
944607 6 47 0
944607 6 47 0
944673 6 47 2
944681 6 47 2
944825 6 12 0
944825 6 12 0
944869 6 12 2
944879 6 12 2
945363 6 1 0
945363 6 1 0
945421 6 1 2
945430 6 1 2
945878 6 46 0
945878 6 46 0
945936 6 46 2
945944 6 46 2
945976 6 47 0
945976 6 47 0
946042 6 47 2
946050 6 47 2
946194 6 12 0
946194 6 12 0
946236 6 12 2
946243 6 12 2
946727 6 1 0
946727 6 1 0
946785 6 1 2
946793 6 1 2
947241 6 46 0
947241 6 46 0
947299 6 46 2
947307 6 46 2
947339 6 47 0
947339 6 47 0
947405 6 47 2
947413 6 47 2
947557 6 12 0
947557 6 12 0
947599 6 12 2
947607 6 12 2
948091 6 1 0
948091 6 1 0
948149 6 1 2
948157 6 1 2
948605 6 46 0
948605 6 46 0
948664 6 46 2
948672 6 46 2
948704 6 47 0
948704 6 47 0
948770 6 47 2
948778 6 47 2
948922 6 12 0
948922 6 12 0
948964 6 12 2
948972 6 12 2
949456 6 1 0
949456 6 1 0
949514 6 1 2
949522 6 1 2
949970 6 46 0
949970 6 46 0
950037 6 46 2
950038 6 46 2
950070 6 47 0
950070 6 47 0
950136 6 47 2
950144 6 47 2
950288 6 12 0
950288 6 12 0
950330 6 12 2
950339 6 12 2
950823 6 1 0
950823 6 1 0
950881 6 1 2
950891 6 1 2
951339 6 46 0
951339 6 46 0
951397 6 46 2
951405 6 46 2
951437 6 47 0
951437 6 47 0
951503 6 47 2
951511 6 47 2
951655 6 12 0
951655 6 12 0
951697 6 12 2
951705 6 12 2
952189 6 1 0
952189 6 1 0
952247 6 1 2
952255 6 1 2
952703 6 46 0
952703 6 46 0
952761 6 46 2
952769 6 46 2
952801 6 47 0
952801 6 47 0
952867 6 47 2
952875 6 47 2
953019 6 12 0
953019 6 12 0
953061 6 12 2
953069 6 12 2
953553 6 1 0
953553 6 1 0
953611 6 1 2
953623 6 1 2
954071 6 46 0
954071 6 46 0
954129 6 46 2
954137 6 46 2
954169 6 47 0
954169 6 47 0
954235 6 47 2
954243 6 47 2
954387 6 12 0
954387 6 12 0
954429 6 12 2
954437 6 12 2
954921 6 1 0
954921 6 1 0
954979 6 1 2
954987 6 1 2
955419 6 11 0
955419 6 11 0
955470 6 11 2
955511 6 11 2
955527 6 46 0
955527 6 46 0
955594 6 46 2
955596 6 46 2
955628 6 47 0
955628 6 47 0
955694 6 47 2
955706 6 47 2
955850 6 12 0
955850 6 12 0
955893 6 12 2
955901 6 12 2
956385 6 1 0
956385 6 1 0
956443 6 1 2
956458 6 1 2
956906 6 46 0
956906 6 46 0
956932 6 2 0
956933 6 2 2
956964 6 46 2
956972 6 46 2
957004 6 47 0
957004 6 47 0
957071 6 47 2
957081 6 47 2
957225 6 12 0
957225 6 12 0
957267 6 12 2
957276 6 12 2
957760 6 1 0
957760 6 1 0
957818 6 1 2
957827 6 1 2
958275 6 46 0
958275 6 46 0
958353 6 46 2
958362 6 46 2
958394 6 47 0
958394 6 47 0
958500 6 47 2
958522 6 47 2
958666 6 12 0
958666 6 12 0
958708 6 12 2
958716 6 12 2
959200 6 1 0
959200 6 1 0
959258 6 1 2
959267 6 1 2
959715 6 46 0
959715 6 46 0
959784 6 46 2
959822 6 46 2
959854 6 47 0
959854 6 47 0
959940 6 47 2
959978 6 47 2
960122 6 12 0
960122 6 12 0
960164 6 12 2
960172 6 12 2
960656 6 1 0
960656 6 1 0
960714 6 1 2
960732 6 1 2
961180 6 46 0
961180 6 46 0
961246 6 46 2
961278 6 47 0
961278 6 47 0
961328 6 46 2
961350 6 47 2
961355 6 47 2
961499 6 12 0
961499 6 12 0
961542 6 12 2
961550 6 12 2
962034 6 1 0
962034 6 1 0
962093 6 1 2
962105 6 1 2
962553 6 46 0
962553 6 46 0
962613 6 46 2
962621 6 46 2
962653 6 47 0
962653 6 47 0
962719 6 47 2
962727 6 47 2
962871 6 12 0
962871 6 12 0
962913 6 12 2
962922 6 12 2
963073 6 56 1
963332 6 3 2
963382 6 56 2
963406 6 1 0
963406 6 1 0
963464 6 1 2
963471 6 1 2
963919 6 46 0
963919 6 46 0
963977 6 46 2
963984 6 46 2
964016 6 47 0
964016 6 47 0
964082 6 47 2
964092 6 47 2
964236 6 12 0
964236 6 12 0
964278 6 12 2
964286 6 12 2
964770 6 1 0
964770 6 1 0
964828 6 1 2
964836 6 1 2
965284 6 46 0
965284 6 46 0
965342 6 46 2
965351 6 46 2
965383 6 47 0
965383 6 47 0
965449 6 47 2
965457 6 47 2
965601 6 12 0
965601 6 12 0
965643 6 12 2
965651 6 12 2
966135 6 1 0
966135 6 1 0
966197 6 1 2
966200 6 1 2
966632 6 12 0
966632 6 12 0
966674 6 12 2
966682 6 12 2
966698 6 46 0
966698 6 46 0
966756 6 46 2
966767 6 46 2
966799 6 47 0
966799 6 47 0
966865 6 47 2
966923 6 47 2
967067 6 12 0
967067 6 12 0
967117 6 12 2
967118 6 12 2
967602 6 1 0
967602 6 1 0
967660 6 1 2
967668 6 1 2
968116 6 46 0
968116 6 46 0
968174 6 46 2
968223 6 46 2
968255 6 47 0
968255 6 47 0
968341 6 47 2
968390 6 47 2
968432 6 2 0
968433 6 2 2
968534 6 12 0
968534 6 12 0
968576 6 12 2
968583 6 12 2
969067 6 1 0
969067 6 1 0
969125 6 1 2
969134 6 1 2
969582 6 46 0
969582 6 46 0
969660 6 46 2
969708 6 46 2
969740 6 47 0
969740 6 47 0
969826 6 47 2
969894 6 47 2
970038 6 12 0
970038 6 12 0
970080 6 12 2
970087 6 12 2
970571 6 1 0
970571 6 1 0
970629 6 1 2
970637 6 1 2
971085 6 46 0
971085 6 46 0
971143 6 46 2
971168 6 2 0
971169 6 2 2
971190 6 46 2
971222 6 47 0
971222 6 47 0
971319 6 47 2
971347 6 47 2
971491 6 12 0
971491 6 12 0
971533 6 12 2
971540 6 12 2
972024 6 1 0
972024 6 1 0
972088 6 1 2
972091 6 1 2
972539 6 46 0
972539 6 46 0
972627 6 46 2
972665 6 46 2
972697 6 47 0
972697 6 47 0
972794 6 47 2
972821 6 47 2
972965 6 12 0
972965 6 12 0
973007 6 12 2
973040 6 12 2
973524 6 1 0
973524 6 1 0
973582 6 1 2
973644 6 1 2
974092 6 46 0
974092 6 46 0
974150 6 46 2
974200 6 46 2
974232 6 47 0
974232 6 47 0
974298 6 47 2
974366 6 47 2
974510 6 12 0
974510 6 12 0
974552 6 12 2
974560 6 12 2
975044 6 1 0
975044 6 1 0
975102 6 1 2
975130 6 1 2
975578 6 46 0
975578 6 46 0
975636 6 46 2
975684 6 46 2
975716 6 47 0
975716 6 47 0
975782 6 47 2
975861 6 47 2
976005 6 12 0
976005 6 12 0
976047 6 12 2
976055 6 12 2
976539 6 1 0
976539 6 1 0
976597 6 1 2
976636 6 1 2
977084 6 46 0
977084 6 46 0
977142 6 46 2
977190 6 46 2
977222 6 47 0
977222 6 47 0
977288 6 47 2
977330 6 47 2
977474 6 12 0
977474 6 12 0
977525 6 12 2
977527 6 12 2
978011 6 1 0
978011 6 1 0
978069 6 1 2
978077 6 1 2
978509 6 13 0
978607 6 13 2
978623 6 46 0
978623 6 46 0
978689 6 46 2
978721 6 47 0
978721 6 47 0
978771 6 46 2
978787 6 47 2
978795 6 47 2
978939 6 12 0
978939 6 12 0
978981 6 12 2
978989 6 12 2
979473 6 1 0
979473 6 1 0
979535 6 1 2
979537 6 1 2
979985 6 46 0
979985 6 46 0
980043 6 46 2
980051 6 46 2
980083 6 47 0
980083 6 47 0
980157 6 47 2
980158 6 47 2
980302 6 12 0
980302 6 12 0
980344 6 12 2
980354 6 12 2
980838 6 1 0
980838 6 1 0
980896 6 1 2
980903 6 1 2
981351 6 46 0
981351 6 46 0
981409 6 46 2
981417 6 46 2
981449 6 47 0
981449 6 47 0
981515 6 47 2
981523 6 47 2
981667 6 12 0
981667 6 12 0
981711 6 12 2
981719 6 12 2
982203 6 1 0
982203 6 1 0
982266 6 1 2
982267 6 1 2
982715 6 46 0
982715 6 46 0
982773 6 46 2
982780 6 46 2
982812 6 47 0
982812 6 47 0
982878 6 47 2
982886 6 47 2
983030 6 12 0
983030 6 12 0
983072 6 12 2
983081 6 12 2
983565 6 1 0
983565 6 1 0
983623 6 1 2
983633 6 1 2
984081 6 46 0
984081 6 46 0
984139 6 46 2
984147 6 46 2
984179 6 47 0
984179 6 47 0
984245 6 47 2
984253 6 47 2
984397 6 12 0
984397 6 12 0
984439 6 12 2
984448 6 12 2
984932 6 1 0
984932 6 1 0
984994 6 1 2
984996 6 1 2
985444 6 46 0
985444 6 46 0
985502 6 46 2
985511 6 46 2
985543 6 47 0
985543 6 47 0
985547 6 2 0
985548 6 0 0
985609 6 47 2
985617 6 47 2
985761 6 12 0
985761 6 12 0
985803 6 12 2
985811 6 12 2
986295 6 1 0
986295 6 1 0
986353 6 1 2
986361 6 1 2
986809 6 46 0
986809 6 46 0
986867 6 46 2
986875 6 46 2
986907 6 47 0
986907 6 47 0
986973 6 47 2
986981 6 47 2
987125 6 12 0
987125 6 12 0
987169 6 12 2
987180 6 12 2
987664 6 1 0
987664 6 1 0
987722 6 1 2
987733 6 1 2
988181 6 46 0
988181 6 46 0
988248 6 46 2
988256 6 46 2
988288 6 47 0
988288 6 47 0
988354 6 47 2
988361 6 47 2
988505 6 12 0
988505 6 12 0
988547 6 12 2
988555 6 12 2
989039 6 1 0
989039 6 1 0
989097 6 1 2
989105 6 1 2
989537 6 14 0
989667 6 14 2
989683 6 46 0
989683 6 46 0
989741 6 46 2
989749 6 46 2
989781 6 47 0
989781 6 47 0
989824 6 2 0
989825 6 56 1
989847 6 47 2
989856 6 47 2
990000 6 12 0
990000 6 12 0
990042 6 12 2
990050 6 12 2
990089 6 3 0
990091 6 3 2
990093 6 2 2
990153 6 56 2
990534 6 1 0
990534 6 1 0
990592 6 1 2
990600 6 1 2
991048 6 46 0
991048 6 46 0
991106 6 46 2
991114 6 46 2
991146 6 47 0
991146 6 47 0
991212 6 47 2
991220 6 47 2
991364 6 12 0
991364 6 12 0
991406 6 12 2
991419 6 12 2
991903 6 1 0
991903 6 1 0
991961 6 1 2
991969 6 1 2
992417 6 46 0
992417 6 46 0
992475 6 46 2
992483 6 46 2
992515 6 47 0
992515 6 47 0
992581 6 47 2
992593 6 47 2
992737 6 12 0
992737 6 12 0
992779 6 12 2
992788 6 12 2
993272 6 1 0
993272 6 1 0
993330 6 1 2
993339 6 1 2
993787 6 46 0
993787 6 46 0
993845 6 46 2
993855 6 46 2
993887 6 47 0
993887 6 47 0
993963 6 47 2
993970 6 47 2
994107 6 12 0
994107 6 12 0
994149 6 12 2
994157 6 12 2
994641 6 1 0
994641 6 1 0
994699 6 1 2
994707 6 1 2
995155 6 46 0
995155 6 46 0
995213 6 46 2
995221 6 46 2
995253 6 47 0
995253 6 47 0
995319 6 47 2
995327 6 47 2
995471 6 12 0
995471 6 12 0
995513 6 12 2
995520 6 12 2
996004 6 1 0
996004 6 1 0
996062 6 1 2
996070 6 1 2
996518 6 46 0
996518 6 46 0
996576 6 46 2
996584 6 46 2
996616 6 47 0
996616 6 47 0
996682 6 47 2
996690 6 47 2
996834 6 12 0
996834 6 12 0
996876 6 12 2
996885 6 12 2
997369 6 1 0
997369 6 1 0
997427 6 1 2
997436 6 1 2
997884 6 46 0
997884 6 46 0
997942 6 46 2
997950 6 46 2
997982 6 47 0
997982 6 47 0
998048 6 47 2
998055 6 47 2
998199 6 12 0
998199 6 12 0
998243 6 12 2
998255 6 12 2
998739 6 1 0
998739 6 1 0
998797 6 1 2
998806 6 1 2
999254 6 46 0
999254 6 46 0
999312 6 46 2
999319 6 46 2
999351 6 47 0
999351 6 47 0
999417 6 47 2
999425 6 47 2
999569 6 12 0
999569 6 12 0
999611 6 12 2
999619 6 12 2
1000007 6 1 0
1000007 6 1 0
1000065 6 1 2
1000076 6 1 2
1000524 6 46 0
1000524 6 46 0
1000622 6 46 2
1000642 6 46 2
1000674 6 47 0
1000674 6 47 0
1000760 6 47 2
1000778 6 47 2
1000922 6 12 0
1000922 6 12 0
1000972 6 12 2
1000974 6 12 2
1001230 6 3 0
1001231 6 56 1
1001458 6 1 0
1001458 6 1 0
1001491 6 3 2
1001516 6 1 2
1001524 6 1 2
1001540 6 56 2
1001972 6 46 0
1001972 6 46 0
1002030 6 46 2
1002038 6 46 2
1002070 6 47 0
1002070 6 47 0
1002146 6 47 2
1002163 6 47 2
1002307 6 12 0
1002307 6 12 0
1002349 6 12 2
1002357 6 12 2
1002841 6 1 0
1002841 6 1 0
1002899 6 1 2
1002907 6 1 2
1003355 6 46 0
1003355 6 46 0
1003413 6 46 2
1003421 6 46 2
1003453 6 47 0
1003453 6 47 0
1003539 6 47 2
1003547 6 47 2
1003691 6 5 0
1003765 6 5 2
1003773 6 61 0
1003953 6 61 2
1003961 6 29 0
1004224 6 29 2
1004240 6 62 0
1004240 6 62 0
1004325 6 62 2
1004410 6 62 2
1004686 6 63 0
1004686 6 63 0
1004768 6 63 2
1004835 6 63 2
1005259 6 12 0
1005259 6 12 0
1005301 6 12 2
1005335 6 12 2
1005775 6 11 0
1005865 6 11 2
1006077 6 1 0
1006077 6 1 0
1006135 6 1 2
1006152 6 1 2
1006600 6 46 0
1006600 6 46 0
1006658 6 46 2
1006667 6 46 2
1006699 6 47 0
1006699 6 47 0
1006765 6 47 2
1006773 6 47 2
1007367 6 3 0
1007368 6 56 1
1007631 6 3 2
1007649 6 12 0
1007649 6 12 0
1007680 6 56 2
1007691 6 12 2
1007725 6 12 2
1008065 6 4 2
1008377 6 1 0
1008377 6 1 0
1008435 6 1 2
1008442 6 1 2
1008890 6 46 0
1008890 6 46 0
1008949 6 46 2
1009000 6 46 2
1009032 6 47 0
1009032 6 47 0
1009099 6 47 2
1009147 6 47 2
1009291 6 12 0
1009291 6 12 0
1009333 6 12 2
1009343 6 12 2
1009827 6 1 0
1009827 6 1 0
1009885 6 1 2
1009892 6 1 2
1010340 6 46 0
1010340 6 46 0
1010398 6 46 2
1010439 6 4 2
1010456 6 46 2
1010488 6 47 0
1010488 6 47 0
1010554 6 47 2
1010614 6 47 2
1010758 6 12 0
1010758 6 12 0
1010801 6 12 2
1010809 6 12 2
1011285 6 9 0
1011473 6 9 2
1011597 6 55 0
1011641 6 4 2
1011780 6 55 2
1011784 6 1 0
1011784 6 1 0
1011842 6 1 2
1011878 6 1 2
1011902 6 56 0
1012008 6 3 0
1012009 6 56 1
1012090 6 10 2
1012220 6 56 2
1012240 6 45 0
1012280 6 3 2
1012329 6 56 2
1012382 6 45 2
1012398 6 1 0
1012482 6 1 2
1012518 6 1 0
1012603 6 1 2
1012607 6 46 0
1012705 6 46 2
1012781 6 63 0
1013041 6 63 2
1013049 6 47 0
1013129 6 5 2
1013155 6 47 2
1013259 6 62 0
1013259 6 62 0
1013333 6 62 2
1013341 6 62 2
1013409 6 29 0
1013493 6 29 2
1013533 6 30 0
1013615 6 30 2
1013659 6 17 0
1013749 6 17 2
1013805 6 18 0
1013887 6 18 2
1013923 6 22 0
1014007 6 22 2
1014059 6 3 0
1014190 6 3 2
1014198 6 19 0
1014245 6 18 2
1014488 6 19 2
1014492 6 3 0
1014676 6 3 2
1014734 6 4 2
1014766 6 7 2
1014794 6 30 2
1014796 6 3 0
1015299 6 3 2
1015611 6 3 0
1015611 6 5 2
1016092 6 3 2
1016145 6 20 2
1016220 6 5 2
1016279 6 30 2
1016362 6 4 2
1016422 6 38 2
1016517 6 26 2
1016612 6 11 2
1016679 6 27 2
1016762 6 21 2
1016841 6 22 2
1016848 6 3 0
1019401 6 3 2
1019448 6 29 2
1019449 6 3 0
1028017 6 3 2
1028409 6 1 0
1028474 6 1 2
1028519 6 32 2
1028738 6 21 0
1028787 6 21 2
1028791 6 30 0
1028873 6 30 2
1028885 6 24 0
1028991 6 24 2
1029091 6 25 0
1029189 6 25 2
1029197 6 6 0
1029206 6 2 0
1029206 6 6 2
1029264 6 6 2
1029328 6 26 0
1029418 6 26 2
1029482 6 27 0
1029564 6 27 2
1029596 6 34 0
1029694 6 34 2
1029706 6 26 0
1029796 6 26 2
1029892 6 55 0
1030006 6 55 2
1030014 6 27 0
1030096 6 27 2
1030144 6 23 0
1030227 6 23 2
1030231 6 28 0
1030314 6 28 2
1030366 6 56 0
1030366 6 56 0
1030488 6 56 2
1030505 6 56 2
1030541 6 29 0
1030830 6 29 2
1030858 6 57 0
1030858 6 57 0
1030972 6 57 2
1030989 6 57 2
1030997 6 33 0
1031091 6 3 2
1031107 6 33 2
1031159 6 23 0
1031244 6 23 2
1031295 6 8 2
1031304 6 23 0
1031469 6 23 2
1031515 6 3 2
1031517 6 23 0
1031668 6 23 2
1031720 6 29 0
1031721 6 5 2
1031802 6 29 2
1031818 6 23 0
1031886 6 23 2
1031986 6 32 0
1031990 6 10 2
1032100 6 32 2
1032184 6 28 0
1032265 6 28 2
1032317 6 2 0
1032344 6 56 1
1032374 6 2 2
1032386 6 29 0
1032468 6 29 2
1032500 6 4 0
1032558 6 4 2
1032566 6 35 0
1032566 6 35 0
1032611 6 10 2
1032629 6 5 2
1032640 6 35 2
1032657 6 35 2
1032676 6 56 2
1032697 6 36 0
1032697 6 36 0
1032763 6 36 2
1032789 6 36 2
1032877 6 56 0
1033016 6 56 2
1033036 6 57 0
1033166 6 57 2
1033254 6 58 0
1033254 6 58 0
1033360 6 58 2
1033377 6 58 2
1033457 6 59 0
1033457 6 59 0
1033556 6 59 2
1033564 6 4 2
1033579 6 59 2
1033603 6 63 0
1033692 6 63 2
1033776 6 33 0
1033873 6 33 2
1033905 6 3 0
1034871 6 3 2
1035618 6 55 2
1035627 6 3 0
1036227 6 1 2
1038293 6 0 2
1041103 6 3 2
1047700 6 56 1
1047961 6 28 2
1048026 6 56 2
1050420 6 56 1
1050681 6 46 2
1050746 6 56 2
1097714 6 3 0
1097715 6 3 2
1144388 6 3 0
1144389 6 56 1
1144655 6 3 2
1144704 6 56 2
1151066 6 3 0
1151067 6 2 0
1157908 6 3 0
1157909 6 56 1
1158175 6 3 2
1158224 6 56 2
1161573 6 3 0
1161574 6 2 0
1171063 6 3 0
1171064 6 3 2
1188220 6 3 0
1188221 6 56 1
1188485 6 3 2
1188534 6 56 2
1198072 6 56 1
1198336 6 3 2
1198386 6 56 2
1241252 6 3 0
1241253 6 56 1
1241515 6 3 2
1241564 6 56 2
1244764 6 3 0
1244765 6 56 1
1245035 6 3 2
1245084 6 56 2
1258450 6 3 0
1258451 6 56 1
1258715 6 3 2
1258764 6 56 2
1264144 6 3 0
1264145 6 56 1
1264405 6 3 2
1264454 6 56 2
1276926 6 3 0
1276927 6 3 2
1280945 6 3 0
1280946 6 2 0
1294212 6 3 0
1294213 6 56 1
1294475 6 3 2
1294525 6 56 2
1326086 6 3 0
1326087 6 0 0
1367869 6 3 0
1367870 6 56 1
1368134 6 3 2
1368183 6 56 2
1372240 6 3 0
1372241 6 56 1
1372504 6 3 2
1372553 6 56 2
1388815 6 3 0
1388816 6 3 2
1413810 6 3 0
1413811 6 3 2
1414888 6 3 2
1418982 6 3 2
1426012 6 3 0
1426013 6 0 0
1519216 6 3 2
1524781 6 3 0
1524782 6 3 2
1844589 6 37 0
1844589 6 37 0
1846079 6 37 2
1846347 6 36 0
1846347 6 36 0
1846473 6 36 2
1846481 6 36 2
1846513 6 38 0
1846513 6 38 0
1846593 6 38 2
1846838 6 38 2
1846998 6 54 0
1846998 6 54 0
1847064 6 54 2
1847105 6 54 2
1847113 6 56 0
1847113 6 56 0
1847235 6 56 2
1847243 6 56 2
1847295 6 37 0
1847353 6 37 2
1847420 6 37 2
1847425 6 37 0
1850460 6 37 2
1850484 6 57 0
1850484 6 57 0
1850729 6 57 2
1850927 6 57 2
1851035 6 35 0
1851035 6 35 0
1851109 6 35 2
1851117 6 35 2
1851973 6 47 0
1851973 6 47 0
1852039 6 47 2
1852098 6 47 2
1852122 6 11 0
1852122 6 11 0
1852172 6 11 2
1852180 6 11 2
1852308 6 1 0
1853065 6 1 2
1853589 6 14 0
1853683 6 14 2
1853695 6 15 0
1853695 6 15 0
1853729 6 15 2
1853770 6 15 2
1853790 6 18 0
1854214 6 18 2
1854238 6 4 0
1854324 6 4 2
1854368 6 38 0
1854368 6 38 0
1854419 6 38 2
1854424 6 38 2
1854554 6 3 0
1854555 6 3 2
1854580 6 46 0
1854580 6 46 0
1854638 6 46 2
1854698 6 46 2
1854742 6 12 0
1854791 6 12 2
1854947 6 47 0
1854947 6 47 0
1855013 6 47 2
1855030 6 47 2
1855046 6 12 0
1855133 6 12 2
1855169 6 47 0
1855245 6 47 2
1855993 6 54 0
1855993 6 54 0
1856059 6 54 2
1856068 6 54 2
1856428 6 40 0
1856541 6 40 2
1856569 6 49 0
1856691 6 49 2
1856703 6 51 0
1856857 6 51 2
1856877 6 37 0
1857005 6 37 2
1857009 6 20 0
1857091 6 20 2
1857107 6 3 0
1857176 6 4 2
1857287 6 5 2
1857304 6 3 0
1857305 6 0 0
1857487 6 3 2
1857581 6 4 2
1857798 6 5 2
1857835 6 38 0
1857835 6 38 0
1857885 6 38 2
1857893 6 38 2
1857944 6 5 2
1858291 6 3 0
1858292 6 0 0
1859555 6 2 0
1859556 6 0 0
1865041 6 3 0
1865042 6 0 0
1866171 6 0 2
2821429 6 38 0
2821429 6 38 0
2823544 6 38 2
2824503 6 38 2
2824960 6 7 0
2825150 6 7 2
2825718 6 38 0
2825718 6 38 0
2825769 6 38 2
2825837 6 38 2
2828033 6 38 0
2828033 6 38 0
2828091 6 38 2
2828313 6 38 2
2829068 6 2 0
2829069 6 3 0
2829069 6 2 2
2844947 6 2 0
2844948 6 2 2
2855540 6 56 1
2855541 6 3 0
2855801 6 3 2
2855851 6 56 2
2857350 6 56 1
2857351 6 2 0
2857610 6 2 2
2857667 6 56 2
2884328 6 56 1
2884591 6 2 2
2884649 6 56 2
2940892 6 3 0
2940893 6 0 0
2944661 6 3 2
2944800 6 3 2
2945011 6 3 2
2970215 6 2 0
2970216 6 0 0
3797978 6 38 0
3797978 6 38 0
3799314 6 38 2
3803838 6 0 2
3803888 6 38 2
3805304 6 7 0
3806200 6 7 2
3806768 6 38 0
3806768 6 38 0
3806818 6 38 2
3806826 6 38 2
3806982 6 46 0
3807047 6 46 2
3807091 6 12 0
3807140 6 12 2
3807296 6 47 0
3807369 6 47 2
3809209 6 38 0
3809209 6 38 0
3809266 6 38 2
3809279 6 38 2
4774559 6 38 0
4774559 6 38 0
4776756 6 38 2
4777088 6 38 2
4779072 6 38 0
4779072 6 38 0
4779122 6 38 2
4779270 6 38 2
4781466 6 38 0
4781466 6 38 0
4781524 6 38 2
4783057 6 38 2
5751110 6 38 0
5751110 6 38 0
5751303 6 38 2
5753287 6 38 0
5753337 6 38 2
5753381 6 38 2
5753387 6 38 0
5754384 6 38 2
5756580 6 38 0
5756580 6 38 0
5756637 6 38 2
5756714 6 0 2
5759500 6 38 2
