0 63 51 0
178 63 51 2
208 63 31 2
768 63 43 2
1078 63 19 2
1378 63 31 2
1748 63 51 2
1752 63 22 0
2378 63 22 2
2390 63 1 0
2428 63 19 2
3000 63 1 2
3020 63 24 0
3038 63 7 2
3142 63 24 2
4378 63 11 2
4427 63 63 1
4568 63 63 2
4583 63 2 2
4704 63 63 2
5378 63 27 2
5688 63 35 2
6278 63 59 2
8119 63 63 1
8258 63 63 2
8273 63 2 2
8394 63 63 2
9388 63 35 2
10268 63 43 2
11068 63 35 2
11548 63 15 2
12128 63 31 2
12438 63 3 2
13298 63 7 2
15368 63 27 2
16498 63 39 2
17458 63 31 2
17921 63 63 1
18068 63 63 2
18083 63 0 2
18220 63 63 2
20450 63 63 1
20588 63 63 2
20604 63 2 2
20726 63 63 2
20878 63 39 2
21228 63 39 2
23328 63 59 2
25868 63 51 2
26158 63 51 2
27148 63 43 2
27448 63 23 2
32498 63 55 2
34408 63 7 2
35218 63 55 2
38848 63 15 2
39148 63 51 2
40018 63 35 2
43748 63 47 2
44038 63 23 2
45208 63 27 2
45818 63 19 2
49408 63 11 2
50588 63 19 2
50978 63 27 2
51268 63 39 2
52468 63 35 2
52758 63 3 2
53648 63 27 2
53938 63 31 2
54087 63 63 1
54228 63 63 2
54243 63 2 2
54364 63 63 2
56208 63 27 2
56508 63 43 2
61488 63 35 2
64848 63 39 2
66678 63 59 2
68448 63 23 2
68658 63 51 2
68968 63 59 2
69068 63 19 2
70305 63 63 1
70448 63 63 2
70463 63 2 2
70584 63 63 2
70918 63 27 2
72668 63 19 2
74198 63 23 2
75258 63 19 2
75578 63 55 2
75668 63 35 2
76738 63 55 2
77128 63 47 2
77285 63 63 1
77428 63 63 2
77443 63 2 2
77564 63 63 2
78168 63 7 2
80188 63 59 2
80298 63 35 2
80349 63 2 0
80350 63 63 1
80488 63 63 2
80503 63 2 2
80624 63 63 2
81048 63 51 2
81488 63 11 2
82402 63 2 0
82478 63 7 2
83228 63 59 2
83918 63 51 2
84338 63 3 2
84908 63 43 2
85548 63 31 2
85578 63 11 2
85848 63 11 2
86518 63 27 2
87408 63 19 2
87708 63 51 2
87868 63 59 2
90348 63 23 2
91344 63 0 0
91345 63 63 1
91488 63 63 2
91503 63 0 2
91558 63 3 2
91640 63 63 2
92428 63 3 2
92708 63 55 2
93058 63 7 2
93148 63 35 2
93348 63 27 2
94028 63 27 2
94208 63 35 2
95608 63 31 2
95638 63 55 2
97448 63 55 2
97538 63 55 2
98079 63 0 0
98080 63 2 0
98758 63 51 2
101128 63 55 2
103048 63 43 2
103758 63 47 2
104198 63 59 2
105528 63 3 2
106034 63 63 1
106178 63 63 2
106193 63 2 2
106314 63 63 2
106478 63 27 2
107848 63 31 2
110818 63 11 2
111398 63 59 2
112208 63 23 2
112548 63 59 2
113638 63 11 2
114508 63 43 2
114798 63 43 2
117528 63 39 2
118228 63 35 2
118788 63 35 2
119638 63 35 2
120918 63 3 2
121198 63 43 2
121488 63 31 2
121788 63 15 2
123438 63 7 2
124598 63 15 2
124918 63 51 2
125898 63 39 2
126258 63 47 2
126918 63 47 2
128548 63 55 2
128868 63 27 2
129508 63 51 2
131608 63 51 2
132608 63 43 2
134808 63 43 2
137708 63 43 2
141198 63 59 2
141478 63 15 2
142478 63 35 2
143098 63 11 2
144478 63 15 2
145158 63 51 2
145448 63 15 2
146748 63 47 2
147768 63 7 2
148928 63 55 2
151618 63 31 2
153538 63 15 2
154798 63 19 2
156418 63 31 2
158379 63 2 0
158380 63 63 1
158518 63 63 2
158533 63 2 2
158654 63 63 2
158848 63 35 2
162048 63 3 2
163438 63 7 2
164778 63 11 2
166198 63 15 2
167558 63 19 2
169008 63 23 2
170398 63 27 2
171888 63 31 2
173318 63 35 2
174828 63 39 2
176298 63 43 2
177848 63 47 2
179348 63 51 2
180918 63 55 2
182438 63 59 2
183902 63 63 1
184048 63 63 2
184064 63 2 2
184186 63 63 2
185348 63 3 2
186738 63 7 2
188088 63 11 2
189498 63 15 2
190858 63 19 2
192308 63 23 2
193708 63 27 2
195198 63 31 2
196618 63 35 2
198128 63 39 2
199588 63 43 2
201138 63 47 2
202638 63 51 2
204208 63 55 2
205728 63 59 2
207192 63 63 1
207338 63 63 2
207354 63 2 2
207476 63 63 2
207708 63 3 2
208978 63 23 2
210508 63 27 2
211429 63 63 1
211568 63 63 2
211583 63 2 2
211704 63 63 2
212978 63 3 2
213558 63 39 2
214188 63 39 2
214838 63 3 2
215868 63 43 2
216148 63 15 2
218348 63 35 2
221798 63 3 2
223188 63 7 2
224528 63 11 2
225938 63 15 2
227308 63 19 2
228758 63 23 2
230158 63 27 2
231648 63 31 2
233078 63 35 2
234608 63 39 2
236098 63 43 2
237648 63 47 2
239148 63 51 2
240718 63 55 2
242248 63 59 2
243712 63 63 1
243858 63 63 2
243874 63 2 2
243996 63 63 2
245158 63 3 2
246548 63 7 2
247888 63 11 2
249298 63 15 2
250658 63 19 2
252108 63 23 2
253498 63 27 2
254988 63 31 2
256418 63 35 2
258028 63 39 2
259498 63 43 2
261048 63 47 2
262548 63 51 2
264118 63 55 2
265638 63 59 2
267102 63 63 1
267248 63 63 2
267264 63 2 2
267386 63 63 2
268278 63 7 2
270488 63 43 2
271058 63 3 2
272733 63 2 0
272734 63 2 2
273719 63 2 0
273720 63 2 2
274588 63 39 2
275138 63 31 2
276998 63 2 0
276999 63 63 1
277138 63 63 2
277153 63 2 2
277274 63 63 2
278698 63 47 2
280148 63 19 2
280608 63 51 2
282168 63 31 2
284118 63 11 2
284438 63 55 2
286628 63 35 2
288388 63 59 2
290118 63 23 2
291248 63 51 2
294758 63 3 2
295068 63 55 2
296108 63 23 2
296778 63 7 2
297118 63 27 2
298227 63 2 0
298228 63 63 1
298368 63 63 2
298383 63 2 2
298504 63 63 2
299328 63 47 2
303338 63 15 2
308708 63 39 2
309268 63 15 2
309588 63 27 2
311983 63 2 0
311984 63 2 2
313418 63 51 2
316438 63 3 2
316778 63 3 2
319138 63 7 2
319478 63 7 2
321738 63 11 2
322078 63 11 2
324268 63 15 2
324608 63 15 2
327058 63 19 2
327398 63 19 2
329878 63 23 2
330218 63 23 2
332598 63 27 2
332938 63 27 2
335488 63 31 2
335828 63 31 2
338278 63 35 2
338618 63 35 2
341238 63 39 2
341578 63 39 2
344088 63 43 2
344428 63 43 2
347108 63 47 2
347448 63 47 2
350038 63 51 2
350378 63 51 2
353108 63 55 2
353458 63 55 2
356118 63 59 2
356458 63 59 2
359112 63 63 1
359258 63 63 2
359273 63 2 2
359394 63 63 2
359458 63 63 1
359598 63 63 2
359614 63 2 2
359736 63 63 2
361858 63 3 2
362198 63 3 2
364558 63 7 2
364898 63 7 2
367158 63 11 2
367498 63 11 2
369898 63 15 2
370258 63 15 2
372588 63 19 2
372928 63 19 2
375408 63 23 2
375748 63 23 2
378128 63 27 2
378468 63 27 2
381118 63 31 2
381458 63 31 2
383908 63 35 2
384248 63 35 2
386858 63 39 2
387198 63 39 2
389708 63 43 2
390048 63 43 2
392728 63 47 2
393068 63 47 2
395658 63 51 2
395998 63 51 2
398718 63 55 2
399058 63 55 2
401718 63 59 2
402058 63 59 2
404712 63 2 0
404713 63 63 1
404858 63 63 2
404873 63 2 2
404994 63 63 2
405058 63 2 0
405059 63 63 1
405198 63 63 2
405214 63 2 2
405336 63 63 2
406078 63 31 2
407588 63 7 2
407918 63 3 2
409778 63 51 2
410098 63 31 2
410458 63 7 2
416868 63 35 2
419908 63 11 2
420908 63 15 2
422652 63 2 0
422653 63 2 2
423418 63 2 0
423419 63 2 2
423988 63 35 2
425058 63 39 2
426308 63 39 2
427838 63 43 2
429668 63 59 2
431118 63 19 2
433158 63 35 2
434868 63 19 2
436373 63 2 0
436374 63 63 1
436518 63 63 2
436533 63 2 2
436654 63 63 2
437658 63 59 2
438948 63 7 2
440678 63 59 2
441203 63 2 0
441204 63 63 1
441348 63 63 2
441363 63 2 2
441484 63 63 2
443188 63 3 2
446598 63 47 2
447298 63 11 2
449808 63 23 2
451148 63 27 2
452578 63 3 2
452918 63 19 2
453218 63 31 2
455238 63 47 2
456438 63 11 2
462898 63 47 2
463813 63 2 0
463814 63 2 2
466428 63 3 2
466958 63 43 2
467568 63 15 2
468198 63 47 2
468998 63 51 2
470058 63 3 2
473728 63 3 2
474948 63 7 2
475568 63 3 2
478738 63 55 2
483284 63 2 0
483285 63 2 2
484278 63 35 2
484568 63 43 2
485218 63 27 2
486367 63 63 1
486368 63 2 0
486508 63 63 2
486523 63 2 2
486644 63 63 2
486992 63 2 0
486993 63 63 1
487138 63 63 2
487153 63 2 2
487274 63 63 2
487428 63 31 2
489448 63 11 2
490748 63 11 2
491952 63 2 0
491953 63 2 2
492938 63 7 2
493375 63 2 0
493376 63 2 2
493758 63 47 2
496548 63 51 2
498878 63 55 2
500058 63 55 2
502968 63 59 2
504977 63 2 0
504978 63 63 1
505118 63 63 2
505133 63 2 2
505254 63 63 2
506034 63 2 0
506035 63 63 1
506178 63 63 2
506194 63 2 2
506316 63 63 2
508398 63 3 2
511468 63 11 2
511778 63 15 2
514038 63 15 2
517728 63 43 2
519738 63 11 2
520748 63 55 2
521408 63 47 2
522558 63 11 2
522858 63 19 2
523498 63 43 2
525188 63 27 2
525899 63 2 0
525900 63 63 1
526038 63 63 2
526053 63 2 2
526174 63 63 2
527378 63 31 2
527698 63 15 2
528408 63 59 2
529398 63 55 2
531098 63 47 2
532638 63 35 2
533948 63 47 2
536158 63 47 2
537818 63 47 2
539478 63 47 2
541138 63 47 2
543018 63 47 2
544678 63 47 2
546338 63 47 2
548018 63 47 2
549678 63 47 2
551338 63 47 2
552998 63 47 2
554658 63 47 2
556578 63 47 2
558238 63 47 2
559898 63 47 2
561598 63 47 2
563258 63 47 2
564918 63 47 2
566578 63 47 2
568238 63 47 2
570158 63 47 2
571818 63 47 2
573478 63 47 2
575138 63 47 2
576818 63 47 2
578478 63 47 2
580138 63 47 2
581798 63 47 2
583438 63 11 2
583738 63 47 2
585398 63 47 2
587058 63 47 2
588718 63 47 2
590378 63 47 2
592038 63 47 2
593698 63 47 2
595378 63 47 2
597298 63 47 2
598958 63 47 2
600618 63 47 2
602278 63 47 2
603938 63 47 2
605618 63 47 2
607278 63 47 2
608938 63 47 2
610838 63 47 2
612498 63 47 2
614158 63 47 2
615818 63 47 2
617478 63 47 2
619138 63 47 2
620818 63 47 2
622478 63 47 2
624468 63 47 2
626128 63 47 2
627788 63 47 2
629458 63 47 2
631118 63 47 2
632778 63 47 2
634438 63 47 2
636098 63 47 2
637678 63 47 2
639338 63 47 2
641818 63 39 2
642998 63 23 2
647348 63 19 2
649108 63 35 2
651658 63 31 2
655108 63 23 2
655768 63 15 2
656368 63 11 2
657438 63 47 2
658058 63 27 2
658668 63 51 2
661188 63 2 0
661189 63 63 1
661328 63 63 2
661344 63 2 2
661466 63 63 2
662368 63 55 2
664508 63 59 2
665908 63 43 2
667088 63 3 2
669138 63 47 2
670418 63 7 2
673328 63 19 2
673541 63 2 0
673542 63 63 1
673688 63 63 2
673703 63 2 2
673824 63 63 2
674578 63 11 2
676568 63 31 2
679318 63 15 2
679618 63 7 2
680238 63 35 2
683358 63 51 2
685928 63 47 2
687018 63 7 2
690628 63 11 2
690918 63 7 2
691218 63 3 2
691578 63 43 2
693248 63 47 2
695288 63 51 2
695628 63 3 2
695958 63 59 2
698678 63 55 2
699668 63 11 2
700848 63 23 2
701238 63 15 2
702218 63 23 2
702608 63 51 2
704058 63 3 2
704608 63 19 2
708178 63 35 2
709488 63 43 2
709928 63 27 2
710026 63 2 0
710027 63 2 2
710788 63 15 2
712398 63 55 2
712838 63 39 2
713968 63 27 2
714018 63 39 2
715528 63 35 2
716258 63 23 2
716558 63 19 2
716700 63 3 2
717178 63 51 2
717808 63 7 2
718178 63 23 2
718988 63 15 2
719408 63 27 2
720708 63 31 2
721188 63 43 2
721468 63 11 2
721978 63 35 2
723328 63 39 2
724338 63 47 2
725398 63 39 2
726678 63 23 2
727258 63 11 2
727704 63 63 1
727858 63 63 2
727873 63 3 2
727986 63 63 2
728858 63 3 2
729128 63 7 2
731008 63 31 2
731398 63 27 2
731758 63 39 2
737288 63 39 2
739387 63 2 0
739388 63 2 2
739610 63 63 1
739748 63 63 2
739763 63 3 2
739876 63 63 2
740660 63 2 0
742258 63 39 2
745418 63 31 2
745698 63 3 2
746518 63 59 2
748258 63 7 2
749236 63 2 0
749237 63 2 2
749291 63 63 1
749458 63 63 2
749473 63 3 2
749586 63 63 2
751378 63 3 2
752768 63 7 2
754108 63 11 2
754688 63 27 2
755338 63 23 2
755528 63 15 2
756908 63 19 2
757258 63 59 2
757538 63 15 2
758368 63 23 2
759378 63 43 2
759788 63 27 2
760928 63 51 2
761268 63 31 2
762708 63 35 2
762798 63 27 2
763398 63 51 2
764228 63 39 2
764358 63 51 2
765408 63 7 2
765698 63 43 2
766308 63 59 2
767248 63 47 2
768328 63 19 2
768748 63 51 2
770328 63 55 2
771868 63 59 2
772018 63 47 2
773342 63 2 0
773343 63 63 1
773488 63 63 2
773504 63 2 2
773626 63 63 2
774788 63 3 2
776178 63 7 2
777008 63 31 2
777628 63 11 2
777848 63 27 2
779048 63 15 2
779078 63 15 2
779227 63 63 1
779368 63 63 2
779383 63 3 2
779496 63 63 2
780428 63 19 2
780469 63 2 0
781888 63 23 2
781958 63 43 2
782248 63 31 2
783238 63 15 2
783338 63 27 2
784018 63 23 2
784818 63 31 2
786258 63 35 2
787378 63 27 2
787778 63 39 2
788868 63 15 2
789258 63 43 2
789848 63 11 2
790808 63 47 2
791988 63 55 2
792308 63 51 2
792848 63 35 2
793888 63 55 2
794528 63 43 2
795428 63 59 2
795518 63 11 2
796055 63 63 1
796198 63 63 2
796213 63 3 2
796326 63 63 2
796734 63 3 0
796735 63 3 2
796902 63 2 0
796903 63 63 1
797048 63 63 2
797064 63 2 2
797186 63 63 2
798028 63 15 2
798348 63 3 2
799328 63 43 2
800408 63 59 2
802295 63 63 1
802438 63 63 2
802453 63 3 2
802566 63 63 2
802618 63 3 2
803088 63 47 2
804008 63 7 2
805058 63 7 2
805348 63 11 2
805748 63 55 2
805893 63 63 1
806038 63 63 2
806053 63 3 2
806166 63 63 2
806778 63 15 2
807708 63 11 2
808038 63 59 2
808158 63 19 2
809618 63 23 2
809658 63 19 2
811028 63 27 2
811458 63 35 2
812508 63 31 2
812538 63 59 2
813788 63 7 2
813948 63 35 2
815028 63 19 2
815468 63 39 2
815598 63 7 2
816298 63 23 2
816938 63 43 2
818488 63 47 2
818748 63 51 2
819773 63 63 1
819918 63 63 2
819933 63 3 2
819988 63 51 2
820046 63 63 2
821258 63 59 2
821568 63 55 2
823108 63 59 2
824572 63 2 0
824573 63 63 1
824718 63 63 2
824734 63 2 2
824856 63 63 2
825438 63 47 2
826018 63 3 2
827408 63 7 2
828408 63 11 2
828748 63 11 2
830018 63 11 2
830218 63 15 2
831578 63 19 2
831808 63 11 2
833038 63 23 2
834376 63 63 1
834448 63 27 2
834518 63 63 2
834533 63 3 2
834646 63 63 2
835928 63 31 2
837368 63 35 2
838888 63 39 2
839158 63 55 2
839468 63 35 2
839684 63 3 0
839685 63 3 2
839958 63 3 2
840358 63 43 2
841938 63 47 2
843438 63 51 2
843708 63 59 2
844578 63 47 2
845018 63 55 2
845698 63 15 2
845978 63 55 2
846578 63 59 2
846908 63 27 2
848062 63 2 0
848063 63 63 1
848208 63 63 2
848224 63 2 2
848346 63 63 2
848478 63 15 2
849648 63 3 2
850308 63 43 2
850624 63 2 0
850625 63 2 2
850908 63 39 2
851498 63 2 0
851499 63 2 2
851908 63 7 2
852904 63 2 0
852905 63 2 2
853188 63 55 2
853838 63 7 2
854118 63 31 2
857525 63 2 0
857526 63 63 1
857668 63 63 2
857683 63 2 2
857804 63 63 2
858898 63 27 2
859771 63 2 0
859772 63 2 2
860298 63 23 2
860628 63 7 2
861348 63 3 2
862111 63 3 0
862112 63 63 1
862258 63 63 2
862273 63 3 2
862386 63 63 2
862738 63 7 2
862788 63 11 2
864088 63 11 2
865278 63 11 2
865508 63 15 2
865558 63 55 2
866888 63 19 2
867086 63 4 0
867658 63 19 2
867928 63 27 2
869618 63 43 2
869718 63 19 2
869828 63 39 2
870038 63 43 2
870148 63 43 2
870258 63 43 2
870368 63 43 2
870418 63 35 2
870478 63 43 2
870588 63 43 2
870698 63 43 2
870808 63 43 2
870918 63 43 2
871028 63 43 2
871138 63 35 2
871158 63 43 2
871268 63 43 2
871378 63 43 2
871498 63 43 2
871608 63 43 2
871768 63 35 2
871788 63 43 2
871898 63 43 2
871988 63 35 2
872008 63 43 2
872098 63 35 2
872118 63 43 2
872198 63 4 2
872208 63 35 2
872228 63 43 2
872250 63 44 0
872318 63 35 2
872358 63 43 2
872448 63 39 2
872468 63 43 2
872488 63 35 2
872598 63 35 2
872758 63 43 2
872778 63 35 2
872888 63 35 2
872978 63 43 2
873028 63 35 2
873088 63 43 2
873198 63 43 2
873218 63 35 2
873308 63 43 2
873328 63 35 2
873348 63 39 2
873418 63 43 2
873508 63 51 2
873538 63 31 2
873568 63 35 2
873588 63 43 2
873678 63 35 2
873698 63 43 2
873808 63 35 2
873828 63 43 2
873918 63 35 2
873938 63 43 2
873987 63 44 2
873999 63 5 0
874028 63 35 2
874048 63 43 2
874122 63 5 2
874134 63 45 0
874158 63 35 2
874188 63 43 2
874218 63 55 2
874288 63 39 2
874308 63 43 2
874338 63 47 2
874368 63 35 2
874418 63 43 2
874438 63 39 2
874478 63 35 2
874528 63 43 2
874558 63 39 2
874579 63 45 2
874588 63 35 2
874618 63 39 2
874647 63 24 0
874648 63 43 2
874698 63 39 2
874738 63 43 2
874768 63 35 2
874788 63 43 2
874807 63 24 2
874839 63 25 0
874898 63 43 2
874938 63 35 2
874968 63 39 2
874976 63 25 2
874984 63 26 0
875008 63 43 2
875092 63 63 1
875118 63 39 2
875119 63 26 2
875138 63 43 2
875158 63 35 2
875159 63 27 0
875238 63 63 2
875253 63 38 2
875268 63 39 2
875288 63 35 2
875308 63 43 2
875310 63 63 2
875338 63 11 2
875347 63 27 2
875367 63 33 0
875398 63 35 2
875418 63 39 2
875438 63 43 2
875468 63 11 2
875508 63 35 2
875548 63 43 2
875555 63 33 2
875568 63 39 2
875575 63 35 0
875618 63 35 2
875658 63 43 2
875698 63 35 2
875706 63 41 0
875708 63 39 2
875758 63 35 2
875778 63 43 2
875848 63 39 2
875868 63 35 2
875888 63 43 2
875998 63 35 2
876018 63 39 2
876038 63 43 2
876068 63 11 2
876098 63 3 2
876128 63 35 2
876148 63 39 2
876188 63 43 2
876192 63 41 2
876208 63 42 0
876258 63 35 2
876278 63 39 2
876298 63 43 2
876398 63 39 2
876418 63 43 2
876448 63 11 2
876478 63 7 2
876481 63 42 2
876508 63 35 2
876513 63 1 0
876528 63 39 2
876548 63 43 2
876578 63 11 2
876618 63 35 2
876648 63 23 2
876659 63 1 2
876678 63 39 2
876695 63 36 0
876718 63 43 2
876738 63 35 2
876808 63 11 2
876817 63 36 2
876829 63 43 0
876838 63 39 2
876858 63 35 2
876878 63 43 2
876908 63 23 2
876928 63 11 2
876958 63 39 2
876978 63 35 2
876998 63 43 2
877038 63 11 2
877068 63 39 2
877088 63 35 2
877108 63 43 2
877148 63 11 2
877198 63 35 2
877218 63 43 2
877258 63 39 2
877288 63 11 2
877318 63 35 2
877338 63 43 2
877368 63 15 2
877398 63 11 2
877418 63 27 2
877438 63 31 2
877468 63 35 2
877488 63 39 2
877508 63 43 2
877538 63 11 2
877558 63 27 2
877588 63 35 2
877590 63 43 2
877606 63 17 0
877628 63 43 2
877648 63 51 2
877678 63 11 2
877708 63 51 2
877719 63 17 2
877722 63 63 1
877738 63 35 2
877758 63 39 2
877778 63 43 2
877808 63 23 2
877811 63 27 0
877848 63 35 2
877868 63 39 2
877888 63 43 2
877908 63 63 2
877923 63 0 2
877938 63 35 2
877943 63 27 2
877947 63 37 0
877968 63 35 2
877998 63 11 2
878028 63 39 2
878058 63 27 2
878068 63 37 2
878069 63 63 2
878080 63 17 0
878098 63 35 2
878128 63 35 2
878159 63 3 0
878161 63 0 0
878188 63 11 2
878227 63 17 2
878235 63 15 0
878238 63 35 2
878273 63 2 0
878278 63 31 2
878298 63 11 2
878308 63 0 0
878328 63 39 2
878348 63 35 2
878366 63 15 2
878406 63 16 0
878418 63 11 2
878448 63 39 2
878462 63 0 0
878468 63 35 2
878498 63 35 2
878518 63 59 2
878548 63 11 2
878568 63 16 2
878588 63 35 2
878608 63 39 2
878608 63 18 0
878612 63 0 0
878658 63 11 2
878698 63 35 2
878718 63 39 2
878740 63 18 2
878764 63 0 0
878764 63 61 0
878768 63 11 2
878808 63 35 2
878828 63 39 2
878888 63 11 2
878918 63 35 2
878938 63 39 2
878951 63 61 2
878963 63 54 0
878998 63 11 2
879028 63 35 2
879032 63 0 0
879068 63 39 2
879098 63 11 2
879128 63 11 2
879158 63 47 2
879169 63 54 2
879178 63 39 2
879189 63 14 0
879198 63 35 2
879228 63 35 2
879235 63 0 0
879258 63 11 2
879278 63 3 2
879308 63 35 2
879319 63 14 2
879327 63 19 0
879328 63 39 2
879388 63 0 0
879408 63 11 2
879438 63 35 2
879458 63 39 2
879486 63 19 2
879490 63 35 0
879538 63 19 2
879551 63 0 0
879588 63 39 2
879618 63 23 2
879698 63 35 2
879718 63 39 2
879718 63 0 0
879748 63 11 2
879786 63 35 2
879802 63 53 0
879818 63 35 2
879838 63 39 2
879866 63 0 0
879868 63 11 2
879928 63 35 2
879948 63 39 2
880024 63 0 0
880028 63 11 2
880048 63 7 2
880078 63 35 2
880098 63 39 2
880169 63 53 2
880178 63 0 0
880188 63 35 2
880208 63 39 2
880209 63 33 0
880238 63 11 2
880268 63 47 2
880318 63 35 2
880330 63 0 0
880338 63 39 2
880359 63 33 2
880368 63 11 2
880371 63 36 0
880438 63 35 2
880458 63 39 2
880496 63 36 2
880498 63 11 2
880516 63 40 0
880528 63 55 2
880540 63 0 0
880558 63 43 2
880578 63 39 2
880608 63 39 2
880668 63 11 2
880694 63 0 0
880698 63 39 2
880788 63 3 2
880818 63 11 2
880848 63 39 2
880851 63 0 0
880878 63 40 2
880888 63 43 2
880902 63 37 0
880978 63 11 2
880998 63 3 2
881006 63 0 0
881028 63 39 2
881048 63 51 2
881058 63 37 2
881078 63 47 2
881108 63 11 2
881138 63 39 2
881158 63 43 2
881162 63 0 0
881162 63 38 0
881258 63 39 2
881288 63 11 2
881329 63 38 2
881333 63 24 0
881354 63 0 0
881378 63 39 2
881408 63 11 2
881488 63 39 2
881534 63 0 0
881558 63 11 2
881588 63 51 2
881608 63 39 2
881635 63 24 2
881659 63 8 0
881668 63 11 2
881688 63 31 2
881698 63 0 0
881718 63 39 2
881804 63 8 2
881812 63 29 0
881818 63 47 2
881838 63 39 2
881852 63 0 0
881868 63 11 2
881888 63 23 2
881968 63 39 2
881971 63 29 2
881998 63 11 2
882006 63 0 0
882011 63 0 0
882028 63 15 2
882078 63 39 2
882108 63 11 2
882138 63 15 2
882168 63 39 2
882175 63 0 2
882180 63 0 0
882187 63 38 0
882218 63 11 2
882248 63 15 2
882278 63 31 2
882308 63 39 2
882330 63 0 0
882338 63 11 2
882341 63 38 2
882357 63 39 0
882368 63 15 2
882418 63 39 2
882468 63 11 2
882498 63 15 2
882501 63 0 0
882505 63 39 2
882509 63 39 0
882608 63 15 2
882638 63 11 2
882688 63 39 2
882688 63 0 0
882718 63 15 2
882746 63 39 2
882778 63 11 2
882802 63 36 0
882808 63 39 2
882837 63 0 0
882838 63 15 2
882918 63 39 2
882948 63 11 2
882955 63 36 2
882978 63 15 2
882987 63 38 0
883000 63 0 0
883028 63 39 2
883058 63 11 2
883088 63 15 2
883138 63 39 2
883154 63 38 2
883168 63 31 2
883170 63 51 0
883176 63 0 0
883188 63 11 2
883218 63 15 2
883248 63 39 2
883268 63 47 2
883298 63 11 2
883318 63 31 2
883325 63 0 0
883335 63 51 2
883348 63 15 2
883391 63 27 0
883458 63 15 2
883480 63 0 0
883548 63 11 2
883578 63 15 2
883608 63 27 2
883638 63 39 2
883638 63 0 0
883668 63 11 2
883698 63 15 2
883704 63 27 2
883712 63 52 0
883728 63 47 2
883758 63 39 2
883788 63 23 2
883808 63 15 2
883808 63 0 0
883833 63 52 2
883868 63 11 2
883869 63 35 0
883969 63 0 0
883988 63 15 2
884028 63 11 2
884078 63 35 2
884118 63 15 2
884126 63 0 0
884167 63 35 2
884187 63 53 0
884228 63 11 2
884258 63 15 2
884288 63 0 0
884309 63 53 2
884333 63 54 0
884358 63 11 2
884388 63 15 2
884435 63 0 0
884454 63 54 2
884468 63 11 2
884470 63 11 0
884498 63 15 2
884578 63 11 2
884594 63 0 0
884608 63 19 2
884708 63 11 2
884738 63 15 2
884742 63 0 0
884819 63 11 2
884831 63 56 0
884868 63 11 2
884906 63 0 0
884958 63 15 2
884978 63 56 2
884982 63 12 0
884988 63 11 2
885038 63 59 2
885064 63 0 0
885118 63 15 2
885208 63 11 2
885226 63 0 0
885275 63 12 2
885283 63 57 0
885328 63 15 2
885368 63 11 2
885378 63 0 0
885420 63 57 2
885424 63 2 0
885438 63 15 2
885528 63 0 0
885689 63 0 0
885782 63 2 2
885788 63 39 2
885834 63 37 0
885840 63 0 0
885908 63 15 2
885956 63 37 2
885972 63 40 0
886022 63 0 0
886048 63 15 2
886063 63 63 1
886078 63 27 2
886118 63 40 2
886174 63 0 0
886174 63 58 0
886208 63 63 2
886223 63 28 2
886304 63 63 2
886307 63 58 2
886318 63 15 2
886340 63 0 0
886367 63 35 0
886458 63 15 2
886488 63 35 2
886492 63 50 0
886495 63 0 0
886578 63 15 2
886621 63 50 2
886641 63 62 0
886656 63 0 0
886698 63 15 2
886718 63 7 2
886763 63 62 2
886791 63 38 0
886814 63 0 0
886828 63 15 2
886858 63 11 2
886976 63 0 0
886978 63 15 2
887081 63 38 2
887088 63 15 2
887138 63 0 0
887153 63 63 0
887158 63 3 2
887248 63 15 2
887310 63 0 0
887358 63 15 2
887462 63 0 0
887468 63 15 2
887578 63 15 2
887601 63 63 2
887616 63 0 0
887641 63 12 0
887698 63 15 2
887768 63 0 0
887808 63 15 2
887937 63 12 2
887938 63 0 0
887961 63 2 0
888098 63 15 2
888099 63 0 0
888107 63 2 2
888131 63 13 0
888218 63 43 2
888248 63 15 2
888280 63 0 0
888358 63 15 2
888419 63 13 2
888468 63 15 2
888515 63 3 0
888638 63 15 2
888673 63 3 2
888713 63 23 0
888758 63 15 2
888828 63 31 2
888859 63 23 2
888875 63 24 0
888898 63 15 2
888958 63 31 2
889029 63 24 2
889068 63 15 2
889137 63 34 0
889427 63 34 2
889435 63 25 0
889458 63 15 2
889599 63 25 2
889627 63 26 0
889628 63 11 2
889688 63 51 2
889718 63 15 2
889791 63 26 2
889828 63 15 2
889871 63 0 0
889948 63 15 2
890017 63 0 2
890025 63 3 0
890098 63 15 2
890173 63 3 2
890208 63 15 2
890217 63 4 0
890358 63 15 2
890363 63 4 2
890459 63 5 0
890508 63 15 2
890618 63 15 2
890800 63 5 2
890840 63 15 0
890878 63 15 2
890908 63 35 2
891038 63 15 2
891118 63 15 2
891126 63 14 0
891158 63 15 2
891288 63 15 2
891428 63 15 2
891460 63 14 2
891472 63 50 0
891538 63 15 2
891608 63 27 2
891621 63 50 2
891649 63 6 0
891817 63 6 2
891837 63 4 0
891838 63 15 2
891986 63 4 2
891994 63 8 0
892141 63 8 2
892145 63 47 0
892456 63 47 2
892464 63 49 0
892612 63 49 2
892628 63 11 0
892800 63 11 2
892836 63 5 0
893018 63 5 2
893042 63 37 0
893320 63 37 2
893384 63 4 0
893530 63 4 2
893534 63 1 0
893663 63 1 2
893691 63 27 0
893825 63 27 2
893833 63 2 0
893868 63 31 2
893968 63 2 2
893980 63 11 0
894120 63 11 2
894128 63 7 0
894209 63 7 2
894229 63 3 0
894398 63 3 2
894506 63 6 0
894628 63 27 2
894658 63 43 2
894697 63 6 2
894717 63 9 0
894896 63 9 2
895068 63 8 0
895214 63 8 2
895226 63 11 0
895393 63 11 2
895413 63 12 0
895559 63 12 2
895583 63 16 0
895876 63 16 2
895884 63 13 0
896034 63 13 2
896082 63 2 0
896228 63 2 2
896272 63 40 0
896338 63 27 2
896426 63 40 2
896430 63 25 0
896581 63 25 2
896597 63 31 0
896974 63 31 2
897010 63 33 0
897167 63 33 2
897171 63 36 0
897322 63 36 2
897330 63 4 0
897481 63 4 2
897573 63 5 0
897752 63 5 2
897784 63 34 0
897888 63 51 2
897929 63 34 2
897948 63 7 2
897949 63 35 0
898008 63 31 2
898103 63 35 2
898127 63 32 0
898148 63 35 2
898272 63 32 2
898278 63 39 2
898340 63 17 0
898408 63 43 2
898478 63 39 2
898682 63 17 2
898735 63 63 1
898848 63 35 2
898878 63 63 2
898893 63 0 2
898958 63 39 2
898978 63 38 0
898978 63 38 0
899028 63 38 2
899033 63 63 2
899086 63 0 0
899110 63 38 2
899118 63 27 0
899247 63 0 0
899256 63 27 2
899276 63 35 0
899308 63 7 2
899357 63 35 2
899404 63 0 0
899413 63 28 0
899544 63 28 2
899554 63 0 0
899612 63 3 0
899704 63 0 0
899726 63 3 2
899730 63 46 0
899780 63 46 2
899800 63 4 0
899878 63 47 2
899888 63 0 0
899933 63 4 2
899965 63 0 0
900050 63 0 0
900113 63 0 2
900117 63 29 0
900203 63 0 0
900247 63 29 2
900278 63 15 2
900356 63 0 0
900391 63 47 0
900432 63 47 2
900504 63 30 0
900515 63 0 0
900633 63 30 2
900666 63 0 0
900817 63 0 0
900969 63 0 0
900985 63 31 0
901048 63 11 2
901078 63 47 2
901115 63 31 2
901119 63 44 0
901129 63 0 0
901228 63 39 2
901258 63 11 2
901287 63 0 0
901365 63 44 2
901373 63 43 0
901439 63 0 0
901590 63 0 0
901663 63 43 2
901668 63 11 2
901742 63 0 0
901795 63 32 0
901868 63 11 2
901950 63 32 2
902017 63 0 0
902068 63 11 2
902158 63 43 2
902165 63 0 0
902188 63 11 2
902238 63 15 2
902274 63 33 0
902288 63 35 2
902319 63 0 0
902338 63 11 2
902420 63 33 2
902458 63 31 2
902468 63 33 0
902475 63 0 0
902558 63 11 2
902598 63 15 2
902624 63 33 2
902630 63 0 0
902632 63 27 0
902668 63 11 2
902778 63 11 2
902800 63 0 0
902893 63 27 2
902957 63 0 0
902997 63 54 0
903018 63 7 2
903112 63 0 0
903128 63 11 2
903248 63 11 2
903274 63 0 0
903358 63 11 2
903388 63 47 2
903428 63 0 0
903468 63 11 2
903558 63 31 2
903583 63 0 0
903588 63 11 2
903751 63 0 0
903818 63 11 2
903901 63 0 0
903948 63 7 2
903978 63 35 2
904018 63 11 2
904052 63 0 0
904085 63 54 2
904097 63 28 0
904128 63 11 2
904206 63 0 0
904244 63 28 2
904260 63 36 0
904288 63 11 2
904360 63 0 0
904408 63 11 2
904513 63 0 0
904560 63 36 2
904568 63 56 0
904588 63 43 2
904674 63 0 0
904728 63 35 2
904835 63 0 0
904835 63 56 2
904851 63 37 0
904868 63 11 2
904985 63 0 0
905068 63 11 2
905138 63 0 0
905138 63 37 2
905168 63 47 2
905198 63 11 2
905238 63 41 0
905291 63 0 0
905328 63 11 2
905368 63 31 2
905438 63 11 2
905438 63 0 0
905548 63 11 2
905578 63 51 2
905590 63 0 0
905668 63 35 2
905758 63 11 2
905878 63 35 2
905908 63 11 2
905975 63 0 0
905984 63 41 2
905988 63 35 2
906018 63 7 2
906032 63 61 0
906038 63 11 2
906098 63 35 2
906128 63 15 2
906140 63 0 0
906148 63 11 2
906208 63 35 2
906268 63 11 2
906282 63 61 2
906286 63 0 0
906286 63 39 0
906318 63 35 2
906348 63 51 2
906418 63 11 2
906452 63 0 0
906549 63 39 2
906561 63 7 0
906608 63 11 2
906629 63 0 0
906698 63 35 2
906728 63 11 2
906739 63 7 2
906777 63 0 0
906799 63 8 0
906838 63 11 2
906924 63 0 0
906947 63 8 2
906948 63 11 2
906979 63 63 0
907018 63 35 2
907058 63 11 2
907078 63 0 0
907128 63 35 2
907168 63 11 2
907238 63 35 2
907240 63 63 2
907252 63 0 0
907338 63 11 2
907348 63 0 0
907378 63 35 2
907415 63 0 0
907488 63 35 2
907497 63 0 2
907518 63 51 2
907525 63 57 0
907565 63 0 0
907598 63 35 2
907628 63 11 2
907685 63 57 2
907708 63 35 2
907753 63 58 0
907798 63 0 0
907818 63 35 2
907926 63 58 2
907928 63 11 2
907949 63 0 0
908010 63 46 0
908038 63 11 2
908099 63 0 0
908261 63 0 0
908288 63 11 2
908388 63 3 2
908408 63 11 2
908457 63 0 0
908548 63 11 2
908578 63 35 2
908607 63 0 0
908688 63 11 2
908718 63 35 2
908753 63 0 0
908806 63 46 2
908818 63 59 0
908828 63 35 2
908898 63 11 2
908901 63 0 0
909018 63 2 0
909019 63 2 2
909046 63 59 2
909062 63 0 0
909068 63 11 2
909078 63 32 0
909098 63 35 2
909208 63 35 2
909223 63 0 0
909234 63 32 2
909242 63 50 0
909248 63 11 2
909315 63 50 2
909318 63 35 2
909358 63 11 2
909391 63 60 0
909448 63 35 2
909608 63 11 2
909614 63 60 2
909622 63 62 0
909638 63 35 2
909718 63 11 2
909806 63 62 2
909810 63 3 0
909818 63 35 2
909928 63 11 2
909958 63 35 2
909958 63 3 2
909970 63 5 0
910118 63 5 2
910146 63 17 0
910148 63 35 2
910178 63 11 2
910268 63 35 2
910298 63 23 2
910302 63 17 2
910322 63 6 0
910328 63 11 2
910458 63 59 2
910481 63 6 2
910488 63 11 2
910518 63 35 2
910568 63 31 2
910573 63 11 0
910668 63 35 2
910778 63 31 2
910808 63 11 2
910838 63 35 2
910908 63 31 2
910920 63 11 2
910928 63 11 2
910928 63 10 0
910968 63 35 2
911028 63 31 2
911059 63 10 2
911078 63 35 2
911079 63 11 0
911148 63 11 2
911168 63 31 2
911228 63 35 2
911235 63 11 2
911243 63 6 0
911278 63 11 2
911298 63 31 2
911378 63 35 2
911394 63 6 2
911418 63 31 2
911430 63 36 0
911438 63 11 2
911548 63 11 2
911568 63 31 2
911668 63 3 0
911669 63 63 1
911698 63 11 2
911718 63 31 2
911748 63 27 2
911749 63 36 2
911778 63 35 2
911809 63 12 0
911818 63 63 2
911833 63 3 2
911848 63 31 2
911888 63 35 2
911918 63 11 2
911946 63 63 2
911966 63 12 2
911968 63 31 2
911974 63 0 0
911998 63 35 2
912028 63 11 2
912098 63 47 2
912128 63 31 2
912140 63 0 2
912148 63 11 2
912188 63 35 2
912258 63 11 2
912264 63 15 0
912278 63 31 2
912328 63 35 2
912398 63 31 2
912411 63 15 2
912438 63 35 2
912528 63 31 2
912531 63 7 0
912588 63 35 2
912658 63 31 2
912692 63 7 2
912708 63 0 0
912768 63 31 2
912868 63 39 2
912888 63 35 2
912918 63 31 2
912998 63 35 2
913005 63 0 2
913028 63 31 2
913138 63 31 2
913153 63 9 0
913168 63 35 2
913248 63 31 2
913278 63 31 2
913308 63 35 2
913314 63 9 2
913346 63 8 0
913368 63 31 2
913418 63 35 2
913502 63 8 2
913528 63 35 2
913530 63 45 0
913558 63 31 2
913708 63 31 2
913788 63 35 2
913798 63 45 2
913818 63 31 2
913898 63 35 2
913906 63 14 0
913948 63 31 2
914008 63 35 2
914012 63 14 2
914068 63 31 2
914158 63 35 2
914188 63 31 2
914308 63 31 2
914308 63 31 0
914348 63 3 2
914406 63 31 2
914450 63 35 0
914498 63 31 2
914628 63 31 2
914658 63 35 2
914688 63 23 2
914738 63 35 2
914750 63 35 2
914788 63 31 2
914810 63 32 0
914818 63 35 2
914857 63 63 1
914928 63 35 2
914958 63 31 2
914962 63 32 2
914998 63 63 2
915013 63 0 2
915058 63 35 2
915062 63 33 0
915088 63 31 2
915170 63 63 2
915172 63 0 0
915198 63 31 2
915209 63 33 2
915228 63 35 2
915268 63 27 2
915301 63 34 0
915348 63 31 2
915378 63 35 2
915443 63 0 0
915447 63 34 2
915479 63 1 0
915488 63 35 2
915538 63 31 2
915588 63 19 2
915596 63 0 0
915609 63 1 2
915628 63 35 2
915653 63 32 0
915658 63 31 2
915758 63 35 2
915788 63 31 2
915813 63 32 2
915819 63 0 0
915821 63 35 0
915908 63 35 2
915938 63 31 2
915970 63 0 0
916000 63 35 2
916004 63 60 0
916028 63 35 2
916088 63 31 2
916130 63 0 0
916184 63 60 2
916200 63 61 0
916208 63 31 2
916285 63 0 0
916288 63 39 2
916328 63 31 2
916371 63 61 2
916431 63 48 0
916448 63 31 2
916462 63 0 0
916578 63 31 2
916579 63 48 2
916619 63 49 0
916626 63 0 0
916708 63 31 2
916798 63 49 2
916812 63 0 0
916818 63 31 2
916834 63 36 0
916834 63 36 0
916900 63 36 2
916928 63 31 2
916967 63 0 0
917004 63 36 2
917028 63 3 2
917068 63 37 0
917068 63 37 0
917108 63 31 2
917126 63 37 2
917169 63 0 0
917235 63 37 2
917283 63 58 0
917298 63 31 2
917318 63 0 0
917454 63 58 2
917466 63 31 0
917474 63 0 0
917630 63 0 0
917648 63 31 2
917714 63 31 2
917726 63 30 0
917798 63 31 2
917828 63 43 2
917991 63 0 0
917998 63 31 2
918028 63 30 2
918036 63 59 0
918098 63 3 2
918178 63 31 2
918212 63 0 0
918288 63 7 2
918308 63 31 2
918356 63 59 2
918389 63 0 0
918408 63 34 0
918428 63 31 2
918538 63 31 2
918553 63 0 0
918688 63 31 2
918699 63 34 2
918706 63 0 0
918739 63 0 0
918739 63 0 0
918855 63 0 0
918869 63 0 2
918988 63 31 2
919018 63 0 0
919020 63 3 0
919021 63 3 2
919051 63 0 2
919059 63 33 0
919138 63 31 2
919168 63 0 0
919268 63 31 2
919328 63 0 0
919388 63 47 2
919392 63 33 2
919408 63 60 0
919488 63 0 0
919672 63 0 0
919810 63 60 2
919829 63 0 0
919830 63 32 0
919976 63 0 0
920127 63 32 2
920140 63 0 0
920203 63 61 0
920351 63 0 0
920524 63 0 0
920543 63 61 2
920667 63 62 0
920730 63 0 0
920834 63 62 2
920882 63 0 0
920922 63 12 0
920938 63 51 2
921044 63 0 0
921094 63 12 2
921106 63 39 0
921196 63 0 0
921320 63 39 2
921332 63 13 0
921348 63 0 0
921505 63 0 0
921521 63 13 2
921525 63 48 0
921660 63 0 0
921672 63 48 2
921684 63 59 0
921817 63 0 0
921830 63 59 2
921858 63 54 0
921858 63 54 0
921892 63 54 2
921969 63 0 0
922016 63 54 2
922056 63 55 0
922120 63 0 0
922270 63 0 0
922294 63 55 2
922318 63 56 0
922433 63 0 0
922475 63 56 2
922503 63 57 0
922528 63 55 2
922534 63 1 0
922536 63 63 1
922585 63 0 0
922662 63 57 2
922673 63 0 0
922678 63 63 2
922693 63 1 2
922726 63 58 0
922744 63 0 0
922822 63 63 2
922824 63 1 0
922872 63 58 2
922897 63 0 0
922908 63 49 0
923046 63 0 0
923054 63 49 2
923094 63 63 0
923213 63 0 0
923357 63 63 2
923368 63 0 0
923405 63 15 0
923498 63 62 2
923530 63 0 0
923558 63 15 2
923574 63 44 0
923681 63 0 0
923705 63 44 2
923725 63 45 0
923832 63 0 0
923856 63 45 2
923984 63 0 0
924004 63 62 2
924058 63 11 2
924088 63 35 2
924104 63 0 0
924108 63 59 2
924145 63 0 0
924234 63 62 2
924250 63 0 2
924299 63 0 0
924342 63 1 0
924448 63 0 0
924484 63 62 2
924500 63 1 2
924504 63 46 0
924563 63 46 2
924604 63 0 0
924659 63 2 0
924764 63 0 0
924810 63 2 2
924818 63 47 0
924875 63 47 2
924887 63 41 0
924911 63 0 0
925025 63 41 2
925064 63 0 0
925097 63 3 0
925214 63 0 0
925244 63 3 2
925252 63 12 0
925358 63 12 2
925514 63 5 0
925581 63 2 0
925582 63 63 1
925608 63 61 2
925660 63 5 2
925708 63 6 0
925728 63 63 2
925744 63 2 2
925768 63 43 2
925854 63 6 2
925867 63 63 2
925942 63 7 0
926092 63 7 2
926200 63 8 0
926348 63 8 2
926404 63 1 0
926404 63 1 0
926526 63 1 2
926553 63 1 2
926985 63 7 0
927058 63 3 2
927115 63 7 2
927131 63 46 0
927184 63 3 0
927185 63 2 0
927189 63 46 2
927197 63 4 0
927343 63 4 2
927367 63 47 0
927425 63 47 2
927569 63 12 0
927675 63 12 2
928039 63 10 0
928185 63 10 2
928305 63 1 0
928446 63 1 2
928448 63 7 2
928623 63 60 2
928894 63 46 0
928894 63 46 0
928936 63 46 2
928947 63 46 2
928979 63 47 0
929050 63 47 2
929194 63 12 0
929291 63 57 2
929297 63 12 2
929608 63 31 2
929781 63 1 0
929781 63 1 0
929788 63 11 2
929903 63 1 2
929920 63 1 2
930324 63 62 0
930325 63 1 0
930368 63 46 0
930506 63 46 2
930518 63 3 2
930538 63 47 0
930538 63 47 0
930572 63 47 2
930677 63 47 2
930821 63 5 0
930961 63 5 2
930969 63 61 0
931107 63 61 2
931115 63 29 0
931218 63 15 2
931390 63 29 2
931406 63 62 0
931406 63 62 0
931432 63 62 2
931545 63 62 2
931821 63 63 0
931821 63 63 0
931830 63 63 0
931831 63 1 0
931839 63 63 2
931962 63 63 2
931968 63 27 2
931975 63 61 0
931976 63 1 0
931993 63 59 2
932386 63 12 0
932493 63 12 2
932598 63 19 2
932610 63 61 2
932933 63 11 0
933079 63 11 2
933291 63 1 0
933291 63 1 0
933296 63 58 2
933433 63 1 2
933445 63 1 2
933808 63 7 2
933881 63 46 0
933881 63 46 0
933924 63 46 2
933941 63 46 2
933973 63 47 0
933973 63 47 0
934027 63 47 2
934033 63 47 2
934058 63 23 2
934730 63 60 0
934731 63 1 0
934909 63 12 0
934909 63 12 0
935000 63 12 2
935018 63 12 2
935138 63 61 2
935468 63 27 2
935498 63 11 2
935653 63 57 0
935654 63 1 0
935670 63 1 0
935670 63 1 0
935792 63 1 2
935809 63 1 2
936257 63 46 0
936257 63 46 0
936299 63 46 2
936316 63 46 2
936348 63 47 0
936348 63 47 0
936382 63 47 2
936407 63 47 2
936551 63 12 0
936551 63 12 0
936643 63 12 2
936660 63 12 2
936948 63 31 2
937144 63 1 0
937144 63 1 0
937267 63 1 2
937282 63 1 2
937730 63 46 0
937730 63 46 0
937738 63 15 2
937772 63 46 2
937790 63 46 2
937822 63 47 0
937822 63 47 0
937856 63 47 2
937882 63 47 2
938026 63 12 0
938026 63 12 0
938118 63 12 2
938135 63 12 2
938168 63 59 0
938169 63 1 0
938388 63 35 2
938619 63 1 0
938619 63 1 0
938741 63 1 2
938761 63 1 2
939209 63 46 0
939209 63 46 0
939251 63 46 2
939269 63 46 2
939301 63 47 0
939301 63 47 0
939335 63 47 2
939360 63 47 2
939493 63 58 0
939494 63 1 0
939504 63 12 0
939610 63 12 2
939908 63 39 2
940028 63 19 2
940094 63 1 0
940094 63 1 0
940217 63 1 2
940234 63 1 2
940682 63 46 0
940682 63 46 0
940724 63 46 2
940740 63 46 2
940772 63 47 0
940772 63 47 0
940810 63 47 2
940837 63 47 2
940981 63 12 0
941087 63 12 2
941378 63 43 2
941571 63 1 0
941571 63 1 0
941694 63 1 2
941711 63 1 2
941739 63 56 0
941740 63 1 0
941768 63 23 2
941876 63 52 0
941895 63 1 0
942015 63 55 0
942046 63 1 0
942143 63 8 0
942280 63 8 2
942296 63 46 0
942296 63 46 0
942339 63 46 2
942356 63 46 2
942388 63 47 0
942388 63 47 0
942422 63 47 2
942425 63 54 0
942426 63 1 0
942447 63 47 2
942591 63 12 0
942591 63 12 0
942682 63 12 2
942709 63 12 2
942781 63 53 0
942782 63 1 0
942928 63 47 2
943193 63 1 0
943193 63 1 0
943317 63 1 2
943336 63 1 2
943358 63 27 2
943784 63 46 0
943784 63 46 0
943826 63 46 2
943844 63 46 2
943876 63 47 0
943876 63 47 0
943910 63 47 2
943937 63 47 2
944081 63 12 0
944081 63 12 0
944171 63 12 2
944188 63 12 2
944428 63 51 2
944672 63 1 0
944672 63 1 0
944794 63 1 2
944811 63 1 2
945259 63 46 0
945259 63 46 0
945301 63 46 2
945318 63 46 2
945350 63 47 0
945350 63 47 0
945378 63 31 2
945384 63 47 2
945409 63 47 2
945553 63 12 0
945553 63 12 0
945643 63 12 2
945660 63 12 2
946008 63 55 2
946144 63 1 0
946144 63 1 0
946266 63 1 2
946283 63 1 2
946731 63 46 0
946731 63 46 0
946773 63 46 2
946790 63 46 2
946822 63 47 0
946822 63 47 0
946857 63 47 2
946882 63 47 2
947026 63 12 0
947026 63 12 0
947118 63 12 2
947136 63 12 2
947168 63 35 2
947538 63 59 2
947620 63 1 0
947620 63 1 0
947743 63 1 2
947759 63 1 2
948207 63 46 0
948207 63 46 0
948249 63 46 2
948266 63 46 2
948298 63 47 0
948298 63 47 0
948332 63 47 2
948358 63 47 2
948502 63 12 0
948502 63 12 0
948592 63 12 2
948609 63 12 2
948998 63 39 2
949003 63 63 1
949080 63 48 0
949081 63 1 0
949093 63 1 0
949093 63 1 0
949148 63 63 2
949164 63 2 2
949216 63 1 2
949234 63 1 2
949286 63 63 2
949453 63 50 0
949454 63 1 0
949588 63 51 0
949599 63 1 0
949682 63 46 0
949682 63 46 0
949725 63 46 2
949744 63 46 2
949776 63 47 0
949776 63 47 0
949810 63 47 2
949835 63 47 2
949979 63 12 0
949979 63 12 0
950069 63 12 2
950086 63 12 2
950570 63 1 0
950570 63 1 0
950692 63 1 2
950709 63 1 2
950788 63 43 2
951157 63 46 0
951157 63 46 0
951199 63 46 2
951216 63 46 2
951248 63 47 0
951248 63 47 0
951282 63 47 2
951307 63 47 2
951451 63 12 0
951451 63 12 0
951542 63 12 2
951559 63 12 2
951608 63 2 0
951609 63 2 2
952043 63 1 0
952043 63 1 0
952165 63 1 2
952182 63 1 2
952415 63 49 0
952416 63 1 0
952552 63 46 0
952563 63 1 0
952628 63 47 2
952630 63 46 0
952630 63 46 0
952672 63 46 2
952689 63 46 2
952721 63 47 0
952721 63 47 0
952755 63 47 2
952780 63 47 2
952924 63 12 0
952924 63 12 0
953014 63 12 2
953031 63 12 2
953222 63 45 0
953223 63 1 0
953515 63 1 0
953515 63 1 0
953637 63 1 2
953654 63 1 2
954086 63 9 0
954218 63 9 2
954234 63 46 0
954234 63 46 0
954276 63 46 2
954293 63 46 2
954325 63 47 0
954325 63 47 0
954359 63 47 2
954384 63 47 2
954478 63 51 2
954528 63 12 0
954528 63 12 0
954548 63 2 0
954549 63 63 1
954601 63 43 0
954602 63 1 0
954619 63 12 2
954635 63 12 2
954688 63 63 2
954704 63 2 2
954755 63 42 0
954756 63 1 0
954826 63 63 2
955119 63 1 0
955119 63 1 0
955131 63 47 0
955132 63 1 0
955242 63 1 2
955257 63 1 2
955705 63 46 0
955705 63 46 0
955747 63 46 2
955763 63 46 2
955795 63 47 0
955795 63 47 0
955829 63 47 2
955854 63 47 2
955998 63 12 0
955998 63 12 0
956088 63 12 2
956105 63 12 2
956348 63 55 2
956589 63 1 0
956589 63 1 0
956711 63 1 2
956729 63 1 2
956809 63 44 0
956810 63 1 0
957177 63 46 0
957177 63 46 0
957219 63 46 2
957236 63 46 2
957268 63 47 0
957268 63 47 0
957302 63 47 2
957327 63 47 2
957471 63 12 0
957471 63 12 0
957565 63 12 2
957582 63 12 2
957630 63 2 2
957631 63 2 0
958066 63 1 0
958066 63 1 0
958196 63 1 2
958205 63 1 2
958653 63 46 0
958653 63 46 0
958695 63 46 2
958712 63 46 2
958744 63 47 0
958744 63 47 0
958778 63 47 2
958803 63 47 2
958947 63 12 0
958947 63 12 0
959039 63 12 2
959054 63 12 2
959211 63 38 0
959212 63 1 0
959538 63 1 0
959538 63 1 0
959660 63 1 2
959677 63 1 2
960125 63 46 0
960125 63 46 0
960167 63 46 2
960184 63 46 2
960216 63 47 0
960216 63 47 0
960250 63 47 2
960265 63 63 1
960275 63 47 2
960408 63 63 2
960419 63 12 0
960419 63 12 0
960424 63 3 2
960509 63 12 2
960526 63 12 2
960538 63 63 2
961010 63 1 0
961010 63 1 0
961133 63 1 2
961148 63 1 2
961596 63 46 0
961596 63 46 0
961638 63 46 2
961655 63 46 2
961687 63 47 0
961687 63 47 0
961721 63 47 2
961745 63 47 2
961889 63 12 0
961889 63 12 0
961895 63 1 0
961896 63 41 0
961981 63 12 2
961995 63 12 2
962048 63 3 2
962479 63 1 0
962479 63 1 0
962601 63 1 2
962618 63 1 2
963066 63 46 0
963066 63 46 0
963108 63 46 2
963124 63 46 2
963156 63 47 0
963156 63 47 0
963190 63 47 2
963215 63 47 2
963359 63 12 0
963359 63 12 0
963449 63 12 2
963471 63 12 2
963955 63 1 0
963955 63 1 0
964078 63 1 2
964092 63 1 2
964540 63 46 0
964540 63 46 0
964583 63 46 2
964601 63 46 2
964633 63 47 0
964633 63 47 0
964669 63 47 2
964692 63 47 2
964836 63 12 0
964836 63 12 0
964926 63 12 2
964943 63 12 2
965002 63 2 0
965003 63 2 2
965240 63 40 0
965241 63 1 0
965380 63 35 0
965392 63 1 0
965427 63 1 0
965427 63 1 0
965458 63 11 2
965518 63 39 0
965539 63 1 0
965549 63 1 2
965572 63 1 2
965681 63 36 0
965692 63 1 0
966004 63 10 0
966126 63 10 2
966142 63 46 0
966142 63 46 0
966184 63 46 2
966200 63 46 2
966232 63 47 0
966232 63 47 0
966266 63 47 2
966291 63 47 2
966435 63 12 0
966435 63 12 0
966468 63 23 2
966525 63 12 2
966542 63 12 2
967026 63 1 0
967026 63 1 0
967098 63 23 2
967148 63 1 2
967158 63 15 2
967165 63 1 2
967613 63 46 0
967613 63 46 0
967639 63 2 0
967640 63 2 2
967655 63 46 2
967671 63 46 2
967703 63 47 0
967703 63 47 0
967737 63 47 2
967762 63 47 2
967906 63 12 0
967906 63 12 0
967996 63 12 2
968014 63 12 2
968302 63 37 0
968303 63 1 0
968498 63 1 0
968498 63 1 0
968620 63 1 2
968637 63 1 2
969085 63 46 0
969085 63 46 0
969127 63 46 2
969144 63 46 2
969176 63 47 0
969176 63 47 0
969208 63 19 2
969210 63 47 2
969236 63 47 2
969380 63 12 0
969380 63 12 0
969470 63 12 2
969487 63 12 2
969971 63 1 0
969971 63 1 0
970094 63 1 2
970111 63 1 2
970559 63 46 0
970559 63 46 0
970601 63 46 2
970617 63 46 2
970649 63 47 0
970649 63 47 0
970658 63 23 2
970688 63 47 2
970714 63 47 2
970858 63 12 0
970858 63 12 0
970870 63 34 0
970871 63 1 0
970948 63 12 2
970967 63 12 2
971451 63 1 0
971451 63 1 0
971573 63 1 2
971591 63 1 2
971837 63 30 0
971839 63 1 0
972039 63 46 0
972039 63 46 0
972081 63 46 2
972098 63 46 2
972130 63 47 0
972130 63 47 0
972164 63 47 2
972189 63 47 2
972333 63 12 0
972333 63 12 0
972418 63 27 2
972423 63 12 2
972440 63 12 2
972708 63 27 2
972924 63 1 0
972924 63 1 0
973050 63 1 2
973067 63 1 2
973515 63 46 0
973515 63 46 0
973557 63 46 2
973574 63 46 2
973606 63 47 0
973606 63 47 0
973640 63 47 2
973665 63 47 2
973809 63 12 0
973809 63 12 0
973899 63 12 2
973917 63 12 2
974108 63 31 2
974401 63 1 0
974401 63 1 0
974523 63 1 2
974540 63 1 2
974988 63 46 0
974988 63 46 0
975001 63 32 0
975002 63 1 0
975030 63 46 2
975049 63 46 2
975081 63 47 0
975081 63 47 0
975115 63 47 2
975139 63 28 0
975140 63 47 2
975150 63 1 0
975284 63 12 0
975284 63 12 0
975374 63 12 2
975391 63 12 2
975494 63 33 0
975495 63 1 0
975631 63 31 0
975640 63 1 0
975779 63 27 0
975800 63 1 0
975875 63 1 0
975875 63 1 0
975998 63 1 2
976017 63 1 2
976018 63 35 2
976465 63 46 0
976465 63 46 0
976507 63 46 2
976525 63 46 2
976557 63 47 0
976557 63 47 0
976591 63 47 2
976618 63 47 2
976762 63 12 0
976762 63 12 0
976852 63 12 2
976870 63 12 2
977354 63 1 0
977354 63 1 0
977476 63 1 2
977493 63 1 2
977818 63 39 2
977925 63 11 0
978039 63 11 2
978055 63 46 0
978055 63 46 0
978097 63 46 2
978113 63 46 2
978145 63 47 0
978145 63 47 0
978179 63 47 2
978204 63 47 2
978348 63 12 0
978348 63 12 0
978439 63 12 2
978454 63 12 2
978781 63 26 0
978782 63 1 0
978911 63 29 0
978922 63 1 0
978938 63 1 0
978938 63 1 0
979018 63 51 2
979061 63 1 2
979077 63 1 2
979178 63 43 2
979328 63 43 2
979525 63 46 0
979525 63 46 0
979567 63 46 2
979584 63 46 2
979616 63 47 0
979616 63 47 0
979650 63 47 2
979674 63 47 2
979818 63 12 0
979818 63 12 0
979908 63 12 2
979925 63 12 2
980409 63 1 0
980409 63 1 0
980531 63 1 2
980548 63 1 2
980868 63 35 2
980996 63 46 0
980996 63 46 0
981038 63 46 2
981055 63 46 2
981087 63 47 0
981087 63 47 0
981121 63 47 2
981147 63 47 2
981291 63 12 0
981291 63 12 0
981381 63 12 2
981398 63 12 2
981438 63 47 2
981882 63 1 0
981882 63 1 0
982004 63 1 2
982021 63 1 2
982469 63 46 0
982469 63 46 0
982511 63 46 2
982528 63 46 2
982560 63 47 0
982560 63 47 0
982594 63 47 2
982619 63 47 2
982664 63 25 0
982665 63 1 0
982763 63 12 0
982763 63 12 0
982854 63 12 2
982872 63 12 2
983258 63 51 2
983348 63 23 2
983356 63 1 0
983356 63 1 0
983478 63 1 2
983495 63 1 2
983943 63 46 0
983943 63 46 0
983986 63 46 2
984002 63 46 2
984034 63 47 0
984034 63 47 0
984068 63 47 2
984093 63 47 2
984213 63 24 0
984214 63 1 0
984237 63 12 0
984237 63 12 0
984266 63 2 2
984267 63 2 0
984330 63 12 2
984340 63 22 0
984344 63 12 2
984361 63 1 0
984477 63 20 0
984508 63 1 0
984608 63 23 0
984647 63 1 0
984755 63 21 0
984786 63 1 0
984828 63 1 0
984828 63 1 0
984898 63 55 2
984950 63 1 2
984967 63 1 2
985008 63 55 2
985415 63 46 0
985415 63 46 0
985457 63 46 2
985474 63 46 2
985506 63 47 0
985506 63 47 0
985540 63 47 2
985565 63 47 2
985709 63 12 0
985709 63 12 0
985799 63 12 2
985816 63 12 2
986300 63 1 0
986300 63 1 0
986422 63 1 2
986439 63 1 2
986887 63 46 0
986887 63 46 0
986929 63 46 2
986946 63 46 2
986978 63 47 0
986978 63 47 0
987012 63 47 2
987037 63 47 2
987058 63 59 2
987181 63 12 0
987181 63 12 0
987273 63 12 2
987288 63 12 2
987772 63 1 0
987772 63 1 0
987894 63 1 2
987911 63 1 2
987914 63 18 0
987915 63 1 0
988359 63 46 0
988359 63 46 0
988401 63 46 2
988418 63 46 2
988450 63 47 0
988450 63 47 0
988484 63 47 2
988509 63 47 2
988653 63 12 0
988653 63 12 0
988743 63 12 2
988760 63 12 2
988837 63 3 0
988839 63 63 1
988978 63 63 2
988994 63 3 2
989108 63 63 2
989244 63 1 0
989244 63 1 0
989368 63 1 2
989385 63 1 2
989817 63 12 0
989817 63 12 0
989907 63 12 2
989914 63 12 2
989930 63 46 0
989930 63 46 0
989973 63 46 2
989976 63 19 0
989977 63 1 0
989990 63 46 2
990022 63 47 0
990022 63 47 0
990058 63 47 2
990081 63 47 2
990225 63 12 0
990225 63 12 0
990315 63 12 2
990332 63 12 2
990658 63 7 2
990816 63 1 0
990816 63 1 0
990940 63 1 2
990957 63 1 2
991405 63 46 0
991405 63 46 0
991447 63 46 2
991464 63 46 2
991496 63 47 0
991496 63 47 0
991530 63 47 2
991555 63 47 2
991699 63 12 0
991699 63 12 0
991789 63 12 2
991806 63 12 2
992290 63 1 0
992290 63 1 0
992412 63 1 2
992429 63 1 2
992877 63 46 0
992877 63 46 0
992919 63 46 2
992937 63 46 2
992969 63 47 0
992969 63 47 0
993004 63 47 2
993008 63 11 2
993027 63 47 2
993171 63 12 0
993171 63 12 0
993261 63 12 2
993278 63 12 2
993762 63 1 0
993762 63 1 0
993885 63 1 2
993903 63 1 2
994218 63 23 2
994351 63 46 0
994351 63 46 0
994393 63 46 2
994410 63 46 2
994442 63 47 0
994442 63 47 0
994476 63 47 2
994501 63 47 2
994645 63 12 0
994645 63 12 0
994735 63 12 2
994752 63 12 2
995236 63 1 0
995236 63 1 0
995358 63 1 2
995364 63 17 0
995365 63 1 0
995368 63 39 2
995375 63 1 2
995448 63 15 2
995823 63 46 0
995823 63 46 0
995865 63 46 2
995882 63 46 2
995914 63 47 0
995914 63 47 0
995949 63 47 2
995972 63 47 2
996116 63 12 0
996116 63 12 0
996207 63 12 2
996225 63 12 2
996709 63 1 0
996709 63 1 0
996831 63 1 2
996848 63 1 2
997138 63 43 2
997296 63 46 0
997296 63 46 0
997338 63 46 2
997356 63 46 2
997388 63 47 0
997388 63 47 0
997422 63 47 2
997447 63 47 2
997591 63 12 0
997591 63 12 0
997681 63 12 2
997699 63 12 2
997828 63 19 2
997888 63 3 0
997889 63 3 2
998183 63 1 0
998183 63 1 0
998306 63 1 2
998323 63 1 2
998579 63 14 0
998580 63 1 0
998757 63 12 0
998758 63 1 0
998771 63 46 0
998771 63 46 0
998813 63 46 2
998830 63 46 2
998862 63 47 0
998862 63 47 0
998897 63 47 2
998920 63 47 2
999064 63 12 0
999064 63 12 0
999154 63 12 2
999171 63 12 2
999303 63 11 0
999307 63 1 0
999655 63 1 0
999655 63 1 0
999758 63 35 2
999777 63 1 2
999793 63 1 2
1000038 63 27 2
1000241 63 46 0
1000241 63 46 0
1000283 63 46 2
1000288 63 23 2
1000300 63 46 2
1000332 63 47 0
1000332 63 47 0
1000367 63 47 2
1000391 63 47 2
1000535 63 12 0
1000535 63 12 0
1000625 63 12 2
1000643 63 12 2
1001127 63 1 0
1001127 63 1 0
1001249 63 1 2
1001266 63 1 2
1001698 63 13 0
1001804 63 13 2
1001820 63 46 0
1001820 63 46 0
1001862 63 46 2
1001878 63 16 0
1001879 63 1 0
1001879 63 46 2
1001911 63 47 0
1001911 63 47 0
1001945 63 47 2
1001970 63 47 2
1002016 63 13 0
1002037 63 1 0
1002114 63 12 0
1002114 63 12 0
1002162 63 9 0
1002187 63 1 0
1002205 63 12 2
1002223 63 12 2
1002297 63 15 0
1002328 63 1 0
1002707 63 1 0
1002707 63 1 0
1002778 63 27 2
1002830 63 1 2
1002847 63 1 2
1003295 63 46 0
1003295 63 46 0
1003337 63 46 2
1003355 63 46 2
1003387 63 47 0
1003387 63 47 0
1003428 63 47 2
1003453 63 47 2
1003597 63 12 0
1003597 63 12 0
1003625 63 3 0
1003626 63 1 0
1003687 63 12 2
1003704 63 12 2
1004188 63 1 0
1004188 63 1 0
1004310 63 1 2
1004327 63 1 2
1004592 63 10 0
1004593 63 1 0
1004727 63 6 0
1004738 63 1 0
1004775 63 46 0
1004775 63 46 0
1004817 63 46 2
1004833 63 46 2
1004865 63 47 0
1004865 63 47 0
1004899 63 47 2
1004925 63 47 2
1005008 63 47 2
1005069 63 12 0
1005069 63 12 0
1005159 63 12 2
1005177 63 12 2
1005278 63 31 2
1005661 63 1 0
1005661 63 1 0
1005784 63 1 2
1005801 63 1 2
1006249 63 46 0
1006249 63 46 0
1006291 63 46 2
1006310 63 46 2
1006342 63 47 0
1006342 63 47 0
1006376 63 47 2
1006401 63 47 2
1006488 63 3 2
1006545 63 12 0
1006545 63 12 0
1006635 63 12 2
1006652 63 12 2
1007136 63 1 0
1007136 63 1 0
1007259 63 1 2
1007276 63 1 2
1007516 63 4 0
1007517 63 1 0
1007658 63 5 0
1007659 63 1 0
1007724 63 46 0
1007724 63 46 0
1007766 63 46 2
1007775 63 46 2
1007788 63 35 2
1007794 63 7 0
1007805 63 1 0
1007807 63 47 0
1007807 63 47 0
1007841 63 47 2
1007848 63 47 2
1007992 63 12 0
1007992 63 12 0
1008082 63 12 2
1008099 63 12 2
1008583 63 1 0
1008583 63 1 0
1008705 63 1 2
1008713 63 1 2
1009161 63 46 0
1009161 63 46 0
1009204 63 46 2
1009214 63 46 2
1009246 63 47 0
1009246 63 47 0
1009280 63 47 2
1009290 63 47 2
1009434 63 12 0
1009434 63 12 0
1009524 63 12 2
1009532 63 12 2
1010016 63 1 0
1010016 63 1 0
1010139 63 1 2
1010156 63 1 2
1010238 63 3 2
1010308 63 39 2
1010604 63 46 0
1010604 63 46 0
1010646 63 46 2
1010666 63 46 2
1010698 63 47 0
1010698 63 47 0
1010732 63 47 2
1010740 63 47 2
1010884 63 12 0
1010884 63 12 0
1010974 63 12 2
1010983 63 12 2
1011328 63 55 2
1011358 63 43 2
1011467 63 1 0
1011467 63 1 0
1011590 63 1 2
1011597 63 1 2
1011766 63 8 0
1011767 63 1 0
1012045 63 46 0
1012045 63 46 0
1012087 63 46 2
1012099 63 46 2
1012131 63 47 0
1012131 63 47 0
1012165 63 47 2
1012173 63 47 2
1012317 63 12 0
1012317 63 12 0
1012410 63 12 2
1012418 63 12 2
1012578 63 63 1
1012686 63 63 1
1012718 63 63 2
1012733 63 18 2
1012788 63 43 2
1012822 63 63 1
1012828 63 63 2
1012839 63 63 2
1012843 63 38 2
1012899 63 63 2
1012902 63 1 0
1012902 63 1 0
1012978 63 63 2
1012993 63 6 2
1013024 63 1 2
1013032 63 1 2
1013082 63 63 2
1013115 63 63 1
1013119 63 63 1
1013258 63 63 2
1013273 63 4 2
1013368 63 63 2
1013381 63 63 2
1013383 63 20 2
1013472 63 63 2
1013478 63 39 2
1013479 63 63 1
1013480 63 46 0
1013480 63 46 0
1013522 63 46 2
1013531 63 46 2
1013563 63 47 0
1013563 63 47 0
1013597 63 47 2
1013606 63 47 2
1013618 63 63 2
1013633 63 30 2
1013698 63 63 2
1013736 63 63 1
1013750 63 12 0
1013750 63 12 0
1013857 63 12 2
1013858 63 12 2
1013873 63 63 1
1013878 63 63 2
1013893 63 27 2
1013982 63 63 2
1014018 63 63 2
1014033 63 5 2
1014042 63 63 1
1014048 63 19 2
1014130 63 63 2
1014188 63 63 2
1014203 63 11 2
1014262 63 63 1
1014298 63 19 2
1014308 63 63 2
1014342 63 1 0
1014342 63 1 0
1014353 63 63 1
1014418 63 63 2
1014433 63 21 2
1014464 63 1 2
1014471 63 63 1
1014472 63 1 2
1014514 63 63 2
1014528 63 63 2
1014543 63 9 2
1014578 63 23 2
1014581 63 63 1
1014638 63 63 2
1014653 63 26 2
1014666 63 63 2
1014718 63 63 1
1014737 63 63 1
1014748 63 63 2
1014752 63 63 2
1014763 63 28 2
1014844 63 63 2
1014858 63 63 2
1014873 63 22 2
1014881 63 63 1
1014920 63 46 0
1014920 63 46 0
1014946 63 63 2
1014962 63 46 2
1014968 63 63 2
1014970 63 46 2
1014983 63 12 2
1015002 63 47 0
1015002 63 47 0
1015036 63 47 2
1015045 63 47 2
1015078 63 63 2
1015080 63 63 2
1015093 63 35 2
1015158 63 63 1
1015174 63 63 2
1015189 63 12 0
1015189 63 12 0
1015279 63 12 2
1015287 63 12 2
1015298 63 63 2
1015313 63 19 2
1015348 63 47 2
1015386 63 63 1
1015415 63 63 2
1015528 63 63 2
1015543 63 0 2
1015680 63 63 2
1015771 63 1 0
1015771 63 1 0
1015893 63 1 2
1015902 63 1 2
1016108 63 43 2
1016350 63 46 0
1016350 63 46 0
1016392 63 46 2
1016400 63 46 2
1016432 63 47 0
1016432 63 47 0
1016470 63 47 2
1016478 63 47 2
1016555 63 63 1
1016622 63 12 0
1016622 63 12 0
1016698 63 63 2
1016712 63 12 2
1016713 63 36 2
1016721 63 12 2
1016789 63 63 2
1016925 63 63 1
1017068 63 63 2
1017083 63 25 2
1017156 63 63 1
1017188 63 63 2
1017205 63 1 0
1017205 63 1 0
1017298 63 63 2
1017313 63 7 2
1017327 63 1 2
1017342 63 1 2
1017394 63 63 2
1017497 63 63 1
1017608 63 47 2
1017638 63 63 2
1017642 63 63 1
1017653 63 34 2
1017716 63 63 1
1017718 63 63 1
1017742 63 63 2
1017788 63 63 2
1017790 63 46 0
1017790 63 46 0
1017803 63 42 2
1017825 63 63 1
1017832 63 46 2
1017839 63 46 2
1017858 63 51 2
1017871 63 47 0
1017871 63 47 0
1017884 63 63 2
1017888 63 3 2
1017905 63 47 2
1017913 63 47 2
1017918 63 63 2
1017933 63 23 2
1018001 63 63 2
1018028 63 63 2
1018043 63 10 2
1018057 63 12 0
1018057 63 12 0
1018138 63 63 2
1018147 63 12 2
1018153 63 14 2
1018154 63 12 2
1018156 63 63 2
1018188 63 63 1
1018234 63 63 2
1018328 63 63 2
1018343 63 29 2
1018404 63 63 1
1018416 63 63 2
1018468 63 7 2
1018548 63 63 2
1018563 63 17 2
1018638 63 1 0
1018638 63 1 0
1018668 63 63 1
1018678 63 63 2
1018760 63 1 2
1018767 63 1 2
1018808 63 63 2
1018823 63 24 2
1018836 63 57 2
1018889 63 63 1
1018920 63 63 1
1018936 63 63 2
1019028 63 63 2
1019043 63 37 2
1019108 63 63 2
1019138 63 63 2
1019153 63 1 2
1019215 63 46 0
1019215 63 46 0
1019257 63 46 2
1019265 63 46 2
1019285 63 63 2
1019297 63 47 0
1019297 63 47 0
1019331 63 47 2
1019339 63 47 2
1019425 63 63 1
1019483 63 12 0
1019483 63 12 0
1019568 63 63 2
1019574 63 12 2
1019583 63 57 2
1019629 63 12 2
1019656 63 63 2
1019667 63 63 1
1019680 63 63 1
1019792 63 63 1
1019808 63 63 2
1019823 63 31 2
1019880 63 63 2
1019918 63 63 2
1019933 63 48 2
1019995 63 63 1
1020022 63 63 2
1020028 63 63 2
1020043 63 13 2
1020113 63 1 0
1020116 63 63 1
1020132 63 63 2
1020138 63 63 2
1020153 63 43 2
1020226 63 63 2
1020256 63 63 1
1020258 63 63 2
1020260 63 1 2
1020273 63 62 2
1020298 63 11 2
1020307 63 63 2
1020398 63 63 2
1020413 63 52 2
1020458 63 55 2
1020470 63 63 2
1020687 63 61 2
1020708 63 46 0
1020708 63 46 0
1020750 63 46 2
1020833 63 63 1
1020834 63 63 1
1020856 63 46 2
1020888 63 47 0
1020888 63 47 0
1020922 63 47 2
1020978 63 63 2
1020993 63 32 2
1021035 63 47 2
1021079 63 63 1
1021088 63 63 2
1021099 63 63 2
1021103 63 44 2
1021168 63 63 2
1021179 63 12 0
1021179 63 12 0
1021194 63 63 1
1021269 63 12 2
1021308 63 63 2
1021323 63 39 2
1021328 63 12 2
1021372 63 63 2
1021418 63 63 2
1021433 63 61 2
1021460 63 1 0
1021473 63 63 1
1021474 63 63 2
1021496 63 63 1
1021597 63 63 1
1021598 63 1 2
1021618 63 63 2
1021633 63 53 2
1021682 63 63 2
1021728 63 63 2
1021743 63 41 2
1021832 63 63 2
1021838 63 63 2
1021853 63 54 2
1021894 63 63 2
1021898 63 11 2
1021950 63 1 0
1021950 63 1 0
1022072 63 1 2
1022089 63 1 2
1022173 63 60 2
1022323 63 63 1
1022468 63 63 2
1022483 63 45 2
1022488 63 35 2
1022500 63 63 1
1022537 63 46 0
1022537 63 46 0
1022541 63 63 2
1022579 63 46 2
1022618 63 63 1
1022638 63 63 2
1022653 63 8 2
1022684 63 46 2
1022716 63 47 0
1022716 63 47 0
1022726 63 63 1
1022750 63 47 2
1022758 63 63 2
1022773 63 33 2
1022782 63 63 2
1022848 63 35 2
1022863 63 47 2
1022870 63 63 2
1022878 63 63 2
1022880 63 63 1
1022893 63 60 2
1022942 63 63 2
1022998 63 59 2
1023007 63 12 0
1023007 63 12 0
1023018 63 63 2
1023033 63 15 2
1023075 63 63 1
1023097 63 12 2
1023106 63 63 2
1023155 63 12 2
1023218 63 63 2
1023233 63 40 2
1023330 63 63 2
1023341 63 63 1
1023488 63 63 2
1023503 63 46 2
1023552 63 63 2
1023558 63 63 1
1023631 63 9 0
1023698 63 63 2
1023713 63 58 2
1023778 63 63 2
1023851 63 9 2
1023898 63 39 2
1023934 63 59 2
1023975 63 55 0
1024011 63 63 1
1024041 63 55 2
1024045 63 1 0
1024158 63 63 2
1024173 63 50 2
1024191 63 1 2
1024215 63 56 0
1024246 63 63 2
1024329 63 56 2
1024339 63 63 1
1024349 63 45 0
1024422 63 45 2
1024463 63 63 1
1024478 63 63 2
1024478 63 46 0
1024493 63 16 2
1024608 63 63 2
1024620 63 46 2
1024621 63 63 2
1024623 63 59 2
1024680 63 63 2
1024696 63 63 0
1024705 63 63 1
1024729 63 63 1
1024848 63 63 2
1024862 63 63 1
1024863 63 63 2
1024878 63 63 2
1024886 63 47 0
1024887 63 63 2
1024958 63 63 2
1024973 63 55 2
1025006 63 63 2
1025007 63 47 2
1025068 63 63 2
1025083 63 49 2
1025111 63 62 0
1025111 63 62 0
1025137 63 62 2
1025145 63 62 2
1025164 63 63 2
1025213 63 29 0
1025248 63 63 1
1025335 63 29 2
1025375 63 30 0
1025388 63 63 2
1025403 63 47 2
1025444 63 63 2
1025475 63 2 0
1025476 63 63 1
1025496 63 30 2
1025540 63 17 0
1025595 63 63 1
1025618 63 63 2
1025634 63 2 2
1025678 63 17 2
1025734 63 18 0
1025738 63 63 2
1025753 63 51 2
1025756 63 63 2
1025818 63 63 2
1025830 63 63 1
1025864 63 18 2
1025900 63 22 0
1025968 63 63 2
1025983 63 56 2
1026021 63 22 2
1026064 63 63 2
1026073 63 3 0
1026258 63 43 2
1027497 63 3 2
1027505 63 19 0
1027604 63 34 2
1027611 63 19 2
1027615 63 3 0
1029488 63 27 2
1031838 63 43 2
1032577 63 3 2
1032838 63 3 0
1032839 63 3 2
1033092 63 48 2
1033093 63 3 0
1033328 63 51 2
1033644 63 6 2
1034155 63 3 2
1034264 63 62 2
1034275 63 3 0
1034276 63 8 2
1034780 63 5 2
1034927 63 10 2
1035308 63 47 2
1035371 63 11 2
1035640 63 4 2
1035668 63 55 2
1037694 63 7 2
1038098 63 17 2
1038463 63 1 2
1038927 63 3 2
1039298 63 35 2
1039399 63 13 2
1039756 63 22 2
1039958 63 27 2
1040153 63 14 2
1040378 63 39 2
1040658 63 39 2
1040768 63 51 2
1040775 63 3 0
1040778 63 43 2
1041383 63 12 2
1041837 63 24 2
1041998 63 35 2
1042118 63 31 2
1042258 63 3 2
1043018 63 27 2
1043477 63 3 2
1043645 63 19 2
1043778 63 39 2
1044540 63 21 2
1044861 63 33 2
1045388 63 31 2
1045792 63 15 2
1045932 63 26 2
1046398 63 43 2
1047088 63 39 2
1047718 63 39 2
1047727 63 35 2
1048418 63 31 2
1048791 63 3 0
1048792 63 63 1
1048908 63 35 2
1048938 63 63 2
1048953 63 3 2
1049066 63 63 2
1049157 63 1 0
1049238 63 39 2
1049286 63 1 2
1049550 63 21 0
1049608 63 39 2
1049631 63 21 2
1049635 63 30 0
1049728 63 47 2
1049756 63 30 2
1049768 63 24 0
1049828 63 51 2
1049914 63 24 2
1050014 63 25 0
1050152 63 25 2
1050160 63 63 0
1050169 63 2 0
1050169 63 63 2
1050228 63 7 2
1050291 63 63 2
1050355 63 26 0
1050485 63 26 2
1050549 63 27 0
1050671 63 27 2
1050703 63 34 0
1050833 63 34 2
1050845 63 26 0
1050975 63 26 2
1051071 63 55 0
1051118 63 34 2
1051193 63 55 2
1051201 63 27 0
1051323 63 27 2
1051371 63 23 0
1051578 63 31 2
1051678 63 35 2
1051849 63 23 2
1051853 63 28 0
1051908 63 52 2
1051995 63 28 2
1052015 63 23 0
1052718 63 47 2
1054118 63 39 2
1055307 63 23 2
1055339 63 56 0
1055339 63 56 0
1055398 63 19 2
1055413 63 56 2
1055486 63 56 2
1055522 63 31 0
1055579 63 30 2
1055708 63 31 2
1055772 63 31 2
1055800 63 57 0
1055800 63 57 0
1055866 63 57 2
1055940 63 57 2
1055948 63 41 0
1056037 63 41 2
1056089 63 23 0
1056548 63 43 2
1057548 63 11 2
1060069 63 40 2
1061548 63 43 2
1062095 63 23 2
1062098 63 27 2
1062155 63 23 0
1062155 63 56 2
1062308 63 23 2
1063805 63 23 2
1063858 63 43 2
1065022 63 48 2
1065029 63 23 0
1065558 63 27 2
1067318 63 27 2
1067918 63 31 2
1069228 63 31 2
1072679 63 28 2
1074328 63 23 2
1074598 63 55 2
1075022 63 63 1
1075023 63 3 0
1075168 63 63 2
1075183 63 3 2
1075296 63 63 2
1075870 63 38 2
1075876 63 23 0
1076799 63 23 2
1077858 63 51 2
1078568 63 51 2
1080312 63 47 2
1080315 63 23 0
1080348 63 3 2
1080353 63 38 2
1080607 63 23 2
1080918 63 45 2
1081678 63 27 2
1083409 63 55 2
1083415 63 23 0
1084377 63 47 2
1084558 63 55 2
1084814 63 23 2
1085428 63 39 2
1087356 63 55 2
1087358 63 23 0
1087731 63 23 2
1087778 63 55 2
1089345 63 55 2
1090349 63 46 2
1090359 63 23 0
1090548 63 15 2
1091978 63 23 2
1092202 63 23 2
1092343 63 3 0
1092344 63 3 2
1092662 63 3 0
1092663 63 2 0
1093244 63 46 2
1093246 63 23 0
1094125 63 23 2
1094475 63 50 2
1094485 63 23 0
1095092 63 46 2
1095907 63 23 2
1096195 63 50 2
1097151 63 49 2
1097155 63 23 0
1098517 63 23 2
1098907 63 49 2
1099058 63 3 0
1099059 63 3 2
1099155 63 37 2
1099165 63 23 0
1099405 63 23 2
1100258 63 37 2
1100269 63 23 0
1101465 63 23 2
1101725 63 48 2
1101729 63 23 0
1101930 63 37 2
1102715 63 23 2
1102780 63 29 2
1102787 63 23 0
1103532 63 48 2
1104025 63 23 2
1104390 63 43 2
1104397 63 23 0
1105637 63 23 2
1105936 63 9 2
1105937 63 23 0
1106025 63 43 2
1106436 63 23 2
1106452 63 23 0
1107168 63 52 2
1107581 63 9 2
1107730 63 29 2
1108100 63 3 0
1108101 63 3 2
1110126 63 31 2
1110152 63 23 2
1110211 63 2 2
1110212 63 23 0
1111796 63 43 2
1112076 63 11 2
1112616 63 23 2
1112696 63 52 2
1112976 63 15 2
1113035 63 60 2
1113036 63 23 0
1114816 63 60 2
1115786 63 23 2
1115816 63 27 2
1115859 63 31 2
1115870 63 23 0
1116466 63 15 2
1117828 63 23 2
1117856 63 27 2
1117993 63 63 1
1118136 63 63 2
1118151 63 3 2
1118264 63 63 2
1118336 63 23 2
1118344 63 23 0
1118716 63 39 2
1118768 63 31 2
1119066 63 11 2
1119716 63 51 2
1119941 63 23 2
1120000 63 41 2
1120123 63 2 2
1120254 63 30 2
1120337 63 36 2
1120437 63 58 2
1120552 63 32 2
1120684 63 61 2
1120775 63 56 2
1120908 63 25 2
1121031 63 54 2
1121114 63 59 2
1121221 63 16 2
1121352 63 20 2
1121451 63 23 2
1121537 63 23 0
1121537 63 44 2
1121566 63 19 2
1121711 63 3 0
1121712 63 63 1
1121856 63 63 2
1121871 63 3 2
1121984 63 63 2
1122756 63 35 2
1122907 63 20 2
1123239 63 23 2
1123375 63 44 2
1124226 63 59 2
1124961 63 25 2
1125244 63 23 2
1125503 63 3 0
1125504 63 63 1
1125646 63 63 2
1125661 63 3 2
1125774 63 63 2
1125966 63 31 2
1126169 63 53 2
1126212 63 36 2
1126216 63 23 0
1126812 63 23 2
1127436 63 31 2
1128204 63 23 0
1128204 63 30 2
1128796 63 43 2
1128876 63 23 2
1129863 63 3 0
1129864 63 3 2
1130266 63 11 2
1130345 63 61 2
1130352 63 23 0
1130737 63 36 2
1131147 63 23 2
1131940 63 27 2
1131951 63 23 0
1131957 63 30 2
1132096 63 55 2
1132227 63 61 2
1132406 63 51 2
1133037 63 23 2
1133213 63 42 2
1133217 63 23 0
1133884 63 27 2
1134209 63 23 2
1134316 63 55 2
1134736 63 59 2
1134737 63 23 0
1134849 63 42 2
1135168 63 23 2
1135468 63 23 0
1135468 63 54 2
1135798 63 23 2
1135858 63 62 2
1135941 63 32 2
1136072 63 41 2
1136196 63 54 2
1136279 63 51 2
1136388 63 2 2
1136474 63 59 2
1136519 63 16 2
1136650 63 57 2
1136780 63 56 2
1136782 63 23 0
1137364 63 23 2
1137684 63 58 2
1137688 63 23 0
1138000 63 54 2
1138586 63 27 2
1138651 63 56 2
1138700 63 23 2
1138762 63 32 2
1138772 63 23 0
1138866 63 55 2
1139308 63 23 2
1139399 63 3 0
1139400 63 63 1
1139415 63 58 2
1139491 63 41 2
1139500 63 23 0
1139546 63 63 2
1139561 63 3 2
1139674 63 63 2
1139826 63 47 2
1140019 63 16 2
1140070 63 23 2
1140265 63 51 2
1140274 63 23 0
1140478 63 32 2
1141076 63 51 2
1141096 63 23 2
1141163 63 2 2
1141180 63 41 2
1141297 63 57 2
1141300 63 23 0
1141386 63 43 2
1141650 63 23 2
1141666 63 23 0
1141797 63 23 2
1141833 63 29 0
1141861 63 2 2
1141906 63 29 2
1141922 63 23 0
1141947 63 51 2
1142073 63 23 2
1142137 63 23 0
1142137 63 2 2
1142341 63 23 2
1142377 63 32 0
1142482 63 32 2
1142566 63 28 0
1142688 63 28 2
1142737 63 62 2
1142740 63 2 0
1142861 63 2 2
1142873 63 29 0
1142995 63 29 2
1143027 63 4 0
1143093 63 57 2
1143149 63 4 2
1143157 63 35 0
1143157 63 35 0
1143231 63 35 2
1143239 63 35 2
1143279 63 36 0
1143279 63 36 0
1143345 63 36 2
1143402 63 36 2
1143490 63 56 0
1143636 63 56 2
1143656 63 57 0
1143796 63 57 2
1143884 63 58 0
1143884 63 58 0
1143942 63 58 2
1144015 63 58 2
1144095 63 59 0
1144095 63 59 0
1144145 63 59 2
1144226 63 59 2
1144250 63 63 0
1144259 63 63 2
1144274 63 63 2
1144358 63 33 0
1144455 63 33 2
1145220 63 3 0
1145221 63 3 2
1145731 63 3 0
1145732 63 63 1
1145876 63 63 2
1145891 63 3 2
1146004 63 63 2
1147086 63 3 2
1147696 63 11 2
1148383 63 3 0
1148384 63 2 0
1148976 63 3 2
1151546 63 7 2
1153006 63 15 2
1155346 63 59 2
1157516 63 51 2
1158526 63 7 2
1163096 63 59 2
1164366 63 35 2
1165686 63 31 2
1166356 63 39 2
1167706 63 35 2
1169026 63 31 2
1170184 63 3 0
1170185 63 3 2
1171646 63 55 2
1172986 63 35 2
1175906 63 51 2
1176396 63 19 2
1176676 63 23 2
1178866 63 31 2
1179166 63 27 2
1182346 63 19 2
1182926 63 35 2
1183576 63 11 2
1185156 63 51 2
1189056 63 59 2
1190526 63 7 2
1192026 63 11 2
1193126 63 55 2
1195226 63 11 2
1197046 63 3 2
1198716 63 7 2
1200396 63 11 2
1202106 63 15 2
1203806 63 19 2
1205536 63 23 2
1207276 63 27 2
1209046 63 31 2
1210806 63 35 2
1212606 63 39 2
1214406 63 43 2
1216236 63 47 2
1218076 63 51 2
1219946 63 55 2
1221806 63 59 2
1223598 63 63 1
1223736 63 63 2
1223752 63 3 2
1223866 63 63 2
1224796 63 59 2
1226576 63 15 2
1227526 63 39 2
1228396 63 47 2
1229676 63 55 2
1230026 63 39 2
1230316 63 55 2
1231746 63 23 2
1233526 63 23 2
1233916 63 51 2
1234836 63 35 2
1235126 63 27 2
1238376 63 51 2
1239116 63 31 2
1240316 63 15 2
1240916 63 19 2
1241836 63 7 2
1243106 63 11 2
1243996 63 15 2
1245326 63 15 2
1247126 63 27 2
1247446 63 7 2
1247736 63 11 2
1248187 63 3 0
1248188 63 3 2
1250736 63 19 2
1251036 63 35 2
1251696 63 47 2
1252226 63 51 2
1253020 63 3 0
1253021 63 63 1
1253166 63 63 2
1253181 63 3 2
1253294 63 63 2
1254136 63 59 2
1255646 63 43 2
1255926 63 3 2
1256576 63 47 2
1257196 63 59 2
1257776 63 31 2
1258056 63 19 2
1258946 63 59 2
1259236 63 43 2
1260136 63 35 2
1261416 63 47 2
1262596 63 3 2
1264726 63 23 2
1266736 63 7 2
1267326 63 51 2
1270046 63 39 2
1273726 63 15 2
1274906 63 31 2
1280476 63 31 2
1289826 63 3 2
1295976 63 7 2
1302616 63 35 2
1303116 63 51 2
1303416 63 27 2
1304226 63 19 2
1304516 63 31 2
1305666 63 31 2
1306746 63 51 2
1312456 63 23 2
1314155 63 3 0
1314156 63 2 0
1317216 63 15 2
1317676 63 39 2
1318026 63 47 2
1322826 63 35 2
1323176 63 43 2
1325866 63 27 2
1326476 63 11 2
1328456 63 7 2
1331096 63 11 2
1334196 63 3 2
1337877 63 3 0
1337878 63 63 1
1338016 63 63 2
1338032 63 3 2
1338146 63 63 2
1338826 63 15 2
1339436 63 59 2
1340716 63 3 2
1341399 63 3 0
1341400 63 63 1
1341546 63 63 2
1341561 63 3 2
1341674 63 63 2
1346276 63 3 2
1347126 63 59 2
1350056 63 23 2
1350676 63 27 2
1351866 63 31 2
1353066 63 59 2
1354783 63 3 0
1354784 63 63 1
1354926 63 63 2
1354941 63 3 2
1355054 63 63 2
1356346 63 3 2
1357346 63 31 2
1360026 63 43 2
1360886 63 55 2
1361696 63 59 2
1364946 63 47 2
1365226 63 39 2
1366456 63 43 2
1368470 63 3 0
1368471 63 63 1
1368616 63 63 2
1368631 63 3 2
1368744 63 63 2
1372916 63 7 2
1373806 63 3 2
1378576 63 39 2
1379446 63 43 2
1379919 63 3 0
1379920 63 63 1
1380066 63 63 2
1380081 63 3 2
1380194 63 63 2
1381976 63 11 2
1384226 63 7 2
1386036 63 15 2
1386926 63 59 2
1387226 63 51 2
1389506 63 27 2
1391636 63 19 2
1391916 63 31 2
1392405 63 3 0
1392406 63 2 0
1392736 63 35 2
1393986 63 59 2
1394576 63 31 2
1396786 63 39 2
1398046 63 59 2
1398356 63 55 2
1399406 63 47 2
1401306 63 51 2
1401606 63 3 2
1402826 63 35 2
1404096 63 43 2
1405356 63 15 2
1405656 63 31 2
1405966 63 27 2
1409146 63 39 2
1410876 63 47 2
1412806 63 39 2
1415546 63 19 2
1415886 63 23 2
1416526 63 19 2
1418776 63 51 2
1420246 63 23 2
1421556 63 27 2
1424423 63 3 0
1424424 63 0 0
1508442 63 3 2
1510018 63 3 2
1511594 63 3 2
1519799 63 3 0
1519800 63 3 2
1522906 63 39 2
1526806 63 15 2
1527516 63 19 2
1528179 63 3 0
1528180 63 3 2
1844562 63 37 0
1844562 63 37 0
1845607 63 37 2
1849329 63 37 2
1849509 63 0 0
1849509 63 0 0
1849639 63 0 2
1849657 63 0 2
1849745 63 36 0
1849745 63 36 0
1849811 63 36 2
1849819 63 36 2
1849851 63 38 0
1849851 63 38 0
1850028 63 38 2
1850188 63 54 0
1850188 63 54 0
1850223 63 54 2
1850262 63 54 2
1850270 63 56 0
1850270 63 56 0
1850271 63 38 2
1850344 63 56 2
1850352 63 56 2
1850404 63 37 0
1850404 63 37 0
1850462 63 37 2
1850621 63 37 2
1850645 63 57 0
1850645 63 57 0
1850829 63 57 2
1850901 63 57 2
1850937 63 35 0
1850937 63 35 0
1851015 63 35 2
1851023 63 35 2
1851879 63 47 0
1851879 63 47 0
1851913 63 47 2
1852026 63 47 2
1852178 63 1 0
1852178 63 1 0
1852297 63 3 2
1852300 63 1 2
1852444 63 62 2
1852470 63 1 2
1852697 63 3 2
1852987 63 3 2
1852994 63 14 0
1853044 63 62 2
1853125 63 14 2
1853137 63 15 0
1853137 63 15 0
1853167 63 3 2
1853173 63 62 2
1853203 63 15 2
1853228 63 15 2
1853248 63 18 0
1853337 63 3 2
1853477 63 3 2
1853573 63 18 2
1853597 63 4 0
1853707 63 3 2
1853727 63 4 2
1853771 63 38 0
1853771 63 38 0
1853821 63 38 2
1853829 63 38 2
1853837 63 3 2
1853957 63 3 2
1853985 63 46 0
1853985 63 46 0
1854027 63 46 2
1854099 63 3 0
1854100 63 0 0
1854132 63 46 2
1854176 63 12 0
1854176 63 12 0
1854227 63 3 2
1854266 63 12 2
1854274 63 12 2
1854282 63 0 0
1854282 63 0 0
1854412 63 0 2
1854430 63 0 2
1854497 63 3 2
1854578 63 47 0
1854578 63 47 0
1854612 63 47 2
1854617 63 3 2
1854620 63 47 2
1854636 63 12 0
1854737 63 3 2
1854770 63 61 2
1854781 63 12 2
1854817 63 47 0
1854877 63 3 2
1854959 63 47 2
1854987 63 3 2
1855097 63 3 2
1855207 63 3 2
1855387 63 3 2
1855527 63 3 2
1855593 63 61 2
1855637 63 3 2
1855707 63 54 0
1855707 63 54 0
1855725 63 61 2
1855741 63 54 2
1855747 63 3 2
1855749 63 54 2
1855867 63 3 2
1855977 63 3 2
1856036 63 60 2
1856087 63 3 2
1856109 63 40 0
1856197 63 3 2
1856206 63 40 2
1856234 63 49 0
1856307 63 3 2
1856381 63 49 2
1856393 63 51 0
1856417 63 3 2
1856493 63 60 2
1856526 63 51 2
1856527 63 3 2
1856546 63 37 0
1856637 63 3 2
1856676 63 37 2
1856680 63 20 0
1856747 63 3 2
1856811 63 20 2
1856827 63 3 0
1856857 63 3 2
1857067 63 3 2
1857177 63 3 2
1857186 63 3 2
1857287 63 3 2
1857397 63 3 2
1857507 63 3 2
1857534 63 38 0
1857534 63 38 0
1857584 63 38 2
1857592 63 38 2
1857617 63 3 2
1857727 63 3 2
1857837 63 3 2
1857947 63 3 2
1858057 63 3 2
1858177 63 3 2
1858287 63 3 2
1858337 63 43 2
1858427 63 3 2
1858567 63 3 2
1858747 63 3 2
1858857 63 3 2
1858967 63 3 2
1859077 63 3 2
1859187 63 3 2
1859317 63 3 2
1859447 63 3 2
1859607 63 3 2
1859737 63 3 2
1859887 63 3 2
1859997 63 3 2
1860107 63 3 2
1860217 63 3 2
1860327 63 3 2
1860437 63 3 2
1860547 63 3 2
1860667 63 27 2
1860967 63 23 2
1861704 63 2 0
1861705 63 2 2
1863137 63 23 2
1863642 63 3 2
1863643 63 3 0
1863737 63 51 2
1865327 63 3 2
1865627 63 15 2
1866245 63 0 2
1868167 63 51 2
1868402 63 3 0
1868403 63 3 2
1868497 63 27 2
1870687 63 35 2
1871957 63 31 2
1872907 63 23 2
2821420 63 38 0
2821420 63 38 0
2822264 63 38 2
2823680 63 7 0
2823876 63 7 2
2824033 63 38 2
2824444 63 38 0
2824444 63 38 0
2824494 63 38 2
2824822 63 38 2
2825879 63 39 2
2827018 63 38 0
2827018 63 38 0
2827078 63 38 2
2829709 63 11 2
2830893 63 2 0
2830894 63 63 1
2831039 63 63 2
2831048 63 38 2
2831054 63 2 2
2831175 63 63 2
2833389 63 43 2
2834599 63 47 2
2835009 63 51 2
2837669 63 47 2
2837814 63 2 0
2837816 63 2 2
2838089 63 51 2
2838429 63 31 2
2838719 63 23 2
2839349 63 11 2
2841046 63 2 0
2841047 63 0 0
2841609 63 55 2
2841839 63 35 2
2843729 63 27 2
2845139 63 59 2
2845849 63 31 2
2846549 63 55 2
2847969 63 47 2
2848319 63 59 2
2848476 63 2 0
2848477 63 63 1
2848559 63 3 0
2848560 63 63 1
2848619 63 63 2
2848634 63 2 2
2848699 63 63 2
2848715 63 3 2
2848755 63 63 2
2848829 63 63 2
2850349 63 3 2
2850629 63 7 2
2850782 63 2 0
2850783 63 1 0
2853269 63 3 2
2854306 63 2 0
2854307 63 63 1
2854449 63 63 2
2854464 63 2 2
2854585 63 63 2
2856599 63 7 2
2857879 63 7 2
2859919 63 11 2
2860029 63 11 2
2862189 63 27 2
2863389 63 15 2
2863949 63 47 2
2866759 63 19 2
2867419 63 51 2
2870159 63 23 2
2870979 63 55 2
2873559 63 27 2
2874489 63 59 2
2876999 63 31 2
2877957 63 2 0
2877958 63 63 1
2878099 63 63 2
2878115 63 2 2
2878237 63 63 2
2879569 63 7 2
2880439 63 35 2
2882029 63 3 2
2883899 63 39 2
2885399 63 7 2
2887359 63 43 2
2888719 63 11 2
2892119 63 15 2
2895469 63 19 2
2898909 63 23 2
2902299 63 27 2
2905759 63 31 2
2909179 63 35 2
2912669 63 39 2
2916119 63 43 2
2935569 63 35 2
2937259 63 31 2
2967723 63 2 0
2967724 63 0 0
3025267 63 3 2
3028836 63 3 2
3028991 63 3 2
3029258 63 3 2
3034352 63 3 0
3034353 63 1 0
3053176 63 2 2
3061165 63 2 0
3061166 63 2 2
3063074 63 2 0
3063075 63 2 2
3797999 63 38 0
3797999 63 38 0
3802063 63 38 2
3803911 63 0 2
3804071 63 38 2
3805487 63 7 0
3805837 63 7 2
3806405 63 38 0
3806405 63 38 0
3806455 63 38 2
3806463 63 38 2
3806619 63 46 0
3806743 63 46 2
3806787 63 12 0
3806884 63 12 2
3807040 63 47 0
3807081 63 47 2
3807097 63 12 0
3807221 63 12 2
3807257 63 47 0
3807381 63 47 2
3807938 63 2 0
3807939 63 0 0
3808922 63 3 0
3808923 63 3 2
3809169 63 38 0
3809169 63 38 0
3809219 63 38 2
3809227 63 38 2
3816526 63 2 0
3816527 63 3 0
4774518 63 38 0
4774518 63 38 0
4775528 63 38 2
4776855 63 38 2
4778839 63 38 0
4778839 63 38 0
4778889 63 38 2
4779087 63 38 2
4781283 63 38 0
4781283 63 38 0
4781340 63 38 2
4781594 63 38 2
5751109 63 38 0
5751109 63 38 0
5754325 63 38 2
5756734 63 0 2
5757656 63 38 2
5759072 63 7 0
5759656 63 7 2
5760224 63 38 0
5760224 63 38 0
5760274 63 38 2
5760282 63 38 2
5762478 63 38 0
5762478 63 38 0
5762528 63 38 2
5762536 63 38 2
