0 22 51 0
270 22 56 1
523 22 51 2
604 22 56 2
605 22 51 0
699 22 51 0
790 22 51 0
889 22 51 0
1004 22 51 0
1111 22 51 0
1212 22 51 0
1319 22 51 0
1409 22 51 0
1501 22 51 0
1600 22 51 0
1715 22 51 0
1831 22 51 0
1922 22 51 0
2021 22 51 0
2112 22 51 0
2213 22 51 0
2267 22 51 2
2271 22 22 0
2305 22 51 0
2413 22 51 0
2504 22 51 0
2595 22 51 0
2695 22 51 0
2819 22 51 0
2918 22 51 0
3017 22 51 0
3108 22 51 0
3199 22 51 0
3297 22 51 0
3404 22 51 0
3495 22 51 0
3602 22 51 0
3695 22 51 0
3805 22 51 0
3912 22 51 0
4003 22 51 0
4106 22 51 0
4215 22 51 0
4330 22 51 0
4411 22 22 2
4421 22 51 0
4423 22 1 0
4520 22 51 0
4627 22 51 0
4718 22 51 0
4817 22 51 0
4924 22 51 0
5026 22 51 0
5136 22 51 0
5196 22 1 2
5216 22 24 0
5259 22 51 0
5344 22 24 2
5357 22 51 0
5456 22 51 0
5556 22 51 0
5680 22 51 0
5801 22 51 0
5901 22 51 0
6018 22 51 0
6136 22 51 0
6246 22 51 0
6362 22 51 0
6476 22 51 0
6566 22 51 0
6667 22 51 0
6767 22 51 0
10405 22 56 1
10653 22 2 2
10726 22 56 2
14988 22 56 1
15233 22 0 2
15322 22 56 2
28604 22 56 1
28853 22 2 2
28926 22 56 2
43217 22 56 1
43463 22 2 2
43536 22 56 2
46609 22 56 1
46853 22 2 2
46926 22 56 2
47948 22 56 1
48193 22 2 2
48266 22 56 2
73697 22 56 1
73943 22 2 2
74016 22 56 2
89859 22 56 1
90103 22 2 2
90176 22 56 2
95737 22 56 1
95983 22 2 2
96056 22 56 2
98694 22 51 0
155557 22 2 0
155558 22 56 1
155803 22 2 2
155876 22 56 2
159985 22 56 1
160233 22 2 2
160306 22 56 2
168435 22 56 1
168684 22 2 2
168758 22 56 2
191735 22 56 1
191984 22 2 2
192058 22 56 2
208437 22 56 1
208683 22 2 2
208756 22 56 2
228185 22 2 0
228186 22 56 1
228434 22 2 2
228508 22 56 2
251535 22 56 1
251784 22 2 2
251858 22 56 2
283718 22 2 0
283719 22 2 2
289585 22 56 1
289833 22 2 2
289906 22 56 2
328925 22 2 0
328926 22 56 1
329173 22 2 2
329246 22 56 2
329310 22 2 0
329311 22 56 1
329554 22 2 2
329628 22 56 2
374455 22 2 0
374456 22 56 1
374703 22 2 2
374776 22 56 2
374840 22 56 1
375084 22 2 2
375158 22 56 2
419327 22 2 0
419328 22 56 1
419573 22 2 2
419646 22 56 2
439077 22 2 0
439078 22 56 1
439323 22 2 2
439396 22 56 2
448268 22 2 0
448269 22 56 1
448513 22 2 2
448586 22 56 2
654200 22 2 0
654201 22 56 1
654443 22 2 2
654516 22 56 2
674699 22 2 0
674700 22 56 1
674944 22 2 2
675018 22 56 2
675086 22 56 1
675333 22 2 2
675406 22 56 2
707097 22 56 1
707098 22 2 0
707343 22 2 2
707416 22 56 2
715161 22 2 0
715162 22 56 1
715413 22 2 2
715486 22 56 2
717577 22 2 0
717578 22 56 1
717823 22 2 2
717896 22 56 2
722380 22 56 1
722623 22 3 2
722688 22 56 2
727801 22 2 0
727802 22 2 2
730964 22 2 0
730965 22 2 2
732770 22 2 0
732771 22 2 2
748262 22 2 0
748263 22 2 2
754809 22 56 1
755053 22 3 2
755118 22 56 2
757795 22 2 0
757796 22 56 1
758044 22 2 2
758118 22 56 2
781159 22 2 0
781315 22 2 0
781316 22 56 1
781564 22 2 2
781638 22 56 2
783525 22 56 1
783773 22 3 2
783838 22 56 2
809045 22 2 0
809046 22 56 1
809294 22 2 2
809368 22 56 2
815755 22 3 0
815756 22 56 1
816003 22 3 2
816068 22 56 2
832465 22 56 1
832466 22 2 0
832714 22 2 2
832788 22 56 2
837970 22 56 1
838213 22 3 2
838278 22 56 2
850589 22 3 0
850590 22 3 2
851324 22 3 2
856565 22 2 0
856566 22 2 2
859344 22 56 1
859593 22 3 2
859658 22 56 2
863521 22 3 0
863522 22 56 1
863773 22 3 2
863838 22 56 2
867086 22 4 0
867441 22 4 2
867493 22 44 0
867949 22 44 2
867961 22 5 0
868035 22 5 2
868047 22 45 0
868340 22 45 2
868408 22 24 0
868533 22 24 2
868565 22 25 0
868664 22 25 2
868672 22 26 0
868762 22 26 2
868802 22 27 0
868938 22 27 2
868958 22 33 0
869092 22 33 2
869112 22 35 0
869202 22 35 2
869210 22 41 0
869551 22 41 2
869567 22 42 0
869870 22 42 2
869902 22 1 0
870000 22 1 2
870036 22 36 0
870125 22 36 2
870137 22 43 0
870451 22 43 2
870467 22 17 0
870531 22 17 2
870623 22 27 0
870716 22 27 2
870720 22 37 0
870819 22 37 2
870831 22 17 0
870990 22 17 2
870998 22 15 0
871079 22 15 2
871119 22 16 0
871217 22 16 2
871257 22 18 0
871338 22 18 2
871362 22 61 0
872190 22 61 2
872202 22 54 0
872349 22 54 2
872369 22 9 0
872450 22 9 2
872458 22 19 0
872563 22 19 2
872567 22 35 0
872857 22 35 2
872873 22 53 0
873013 22 53 2
873053 22 33 0
873229 22 33 2
873241 22 36 0
873335 22 36 2
873355 22 40 0
873657 22 40 2
873681 22 37 0
873865 22 37 2
873969 22 38 0
874133 22 38 2
874137 22 47 0
874393 22 47 2
874417 22 8 0
874515 22 8 2
874523 22 29 0
874643 22 29 2
874683 22 0 0
874864 22 0 2
874876 22 38 0
874992 22 38 2
875008 22 39 0
875233 22 39 2
875237 22 39 0
875476 22 39 2
875532 22 36 0
875656 22 36 2
875688 22 38 0
875895 22 38 2
875911 22 51 0
876073 22 51 2
876129 22 62 0
876399 22 62 2
876407 22 52 0
876514 22 52 2
876550 22 6 0
876857 22 6 2
876877 22 53 0
877002 22 53 2
877025 22 56 1
877026 22 54 0
877145 22 54 2
877161 22 11 0
877273 22 61 2
877346 22 56 2
877486 22 11 2
877498 22 56 0
877716 22 56 2
877720 22 12 0
877973 22 12 2
877981 22 57 0
878115 22 57 2
878119 22 2 0
878543 22 2 2
878595 22 37 0
878686 22 37 2
878702 22 40 0
878826 22 40 2
878882 22 58 0
879003 22 58 2
879063 22 35 0
879156 22 35 2
879160 22 50 0
879275 22 50 2
879295 22 62 0
879408 22 62 2
879436 22 38 0
879711 22 38 2
879783 22 63 0
879984 22 63 2
880024 22 12 0
880357 22 12 2
880381 22 2 0
880485 22 2 2
880509 22 13 0
880740 22 13 2
880836 22 3 0
880933 22 3 2
880973 22 23 0
881081 22 23 2
881097 22 24 0
881203 22 24 2
881311 22 57 0
881676 22 57 2
881684 22 25 0
881795 22 25 2
881823 22 26 0
881932 22 26 2
882012 22 0 0
882122 22 0 2
882130 22 3 0
882247 22 3 2
882291 22 4 0
882389 22 4 2
882485 22 5 0
882596 22 5 2
882636 22 15 0
883153 22 15 2
883161 22 14 0
883537 22 14 2
883549 22 50 0
883949 22 50 2
883977 22 6 0
884118 22 6 2
884138 22 4 0
884244 22 4 2
884252 22 8 0
884356 22 8 2
884360 22 47 0
886791 22 47 2
886799 22 49 0
886955 22 49 2
886971 22 11 0
887111 22 11 2
887147 22 5 0
887282 22 5 2
887306 22 37 0
887562 22 37 2
887626 22 4 0
887821 22 4 2
887825 22 1 0
887905 22 1 2
887933 22 27 0
888023 22 27 2
888031 22 2 0
888114 22 2 2
888126 22 11 0
888221 22 11 2
888229 22 7 0
888278 22 7 2
888298 22 3 0
888443 22 3 2
888489 22 56 1
888551 22 6 0
888709 22 6 2
888729 22 9 0
888743 22 51 2
888824 22 56 2
889056 22 9 2
889228 22 8 0
889384 22 8 2
889396 22 11 0
889695 22 11 2
889715 22 12 0
889876 22 12 2
889900 22 16 0
890151 22 16 2
890159 22 13 0
890402 22 13 2
890450 22 2 0
890554 22 2 2
890598 22 40 0
890810 22 40 2
890814 22 25 0
890924 22 25 2
890940 22 31 0
891648 22 31 2
891684 22 33 0
891821 22 33 2
891825 22 36 0
892116 22 36 2
892124 22 4 0
892275 22 4 2
892367 22 5 0
892467 22 5 2
892499 22 34 0
892637 22 34 2
892657 22 35 0
893124 22 35 2
893148 22 32 0
893374 22 32 2
893442 22 17 0
893730 22 17 2
894026 22 38 0
894026 22 38 0
894060 22 38 2
894125 22 38 2
894133 22 27 0
894223 22 27 2
894243 22 35 0
894309 22 35 2
894365 22 28 0
894455 22 28 2
894523 22 3 0
894590 22 3 2
894594 22 46 0
894645 22 46 2
894665 22 4 0
894748 22 4 2
894780 22 0 0
894897 22 0 2
894901 22 29 0
895034 22 29 2
895178 22 47 0
895237 22 47 2
895309 22 30 0
895429 22 30 2
895781 22 31 0
895952 22 31 2
895956 22 44 0
896207 22 44 2
896215 22 43 0
896342 22 43 2
896474 22 32 0
896589 22 32 2
896913 22 33 0
897087 22 33 2
897135 22 33 0
897434 22 33 2
897442 22 27 0
897835 22 27 2
897939 22 54 0
898948 22 54 2
898960 22 28 0
899073 22 28 2
899089 22 7 0
899380 22 7 2
899388 22 56 0
899543 22 56 2
899559 22 8 0
899809 22 8 2
899909 22 41 0
900104 22 41 2
900152 22 61 0
900894 22 61 2
900898 22 39 0
901027 22 39 2
901039 22 7 0
901157 22 7 2
901217 22 8 0
901325 22 8 2
901357 22 63 0
901707 22 63 2
901815 22 0 0
901945 22 0 2
901973 22 57 0
902112 22 57 2
902180 22 58 0
902324 22 58 2
902408 22 46 0
902554 22 46 2
902566 22 59 0
902818 22 59 2
902850 22 32 0
902974 22 32 2
902982 22 50 0
903071 22 50 2
903147 22 60 0
903345 22 60 2
903353 22 62 0
903883 22 62 2
903887 22 3 0
904032 22 3 2
904044 22 5 0
904184 22 56 1
904433 22 0 2
904548 22 5 2
904576 22 17 0
904677 22 56 2
904736 22 17 2
904756 22 6 0
904892 22 6 2
904984 22 11 0
905287 22 11 2
905295 22 10 0
905378 22 10 2
905398 22 11 0
905523 22 11 2
905531 22 6 0
905721 22 6 2
905757 22 36 0
906064 22 36 2
906124 22 12 0
906244 22 12 2
906252 22 0 0
906353 22 0 2
906477 22 15 0
906639 22 15 2
906759 22 7 0
906921 22 7 2
906937 22 0 0
907191 22 0 2
907339 22 9 0
907454 22 9 2
907486 22 8 0
907613 22 8 2
907641 22 45 0
907918 22 45 2
908026 22 14 0
908104 22 14 2
908400 22 31 0
908526 22 31 2
908570 22 35 0
908910 22 35 2
908970 22 32 0
909095 22 32 2
909195 22 33 0
909310 22 33 2
909402 22 34 0
909520 22 34 2
909552 22 1 0
909552 22 1 0
909628 22 1 2
909641 22 1 2
909685 22 32 0
909705 22 2 0
909706 22 56 1
909870 22 32 2
909878 22 35 0
909954 22 2 2
910000 22 35 2
910004 22 60 0
910028 22 56 2
910190 22 60 2
910206 22 61 0
910567 22 61 2
910627 22 48 0
910757 22 48 2
910797 22 49 0
910952 22 49 2
910988 22 36 0
910988 22 36 0
911038 22 36 2
911120 22 36 2
911184 22 37 0
911184 22 37 0
911226 22 37 2
911514 22 37 2
911562 22 58 0
911918 22 58 2
911930 22 31 0
912186 22 31 2
912198 22 30 0
912472 22 30 2
912480 22 59 0
912735 22 59 2
912787 22 34 0
913062 22 34 2
913102 22 0 0
913351 22 0 2
913359 22 33 0
913684 22 33 2
913700 22 60 0
913820 22 56 1
913952 22 60 2
913972 22 32 0
914063 22 3 2
914128 22 56 2
914270 22 32 2
914346 22 61 0
914983 22 61 2
915107 22 62 0
915323 22 62 2
915411 22 12 0
915516 22 12 2
915528 22 39 0
915691 22 39 2
915703 22 13 0
915813 22 13 2
915817 22 48 0
915969 22 48 2
915981 22 59 0
916153 22 59 2
916181 22 54 0
916181 22 54 0
916231 22 54 2
916339 22 54 2
916379 22 55 0
916517 22 55 2
916541 22 56 0
916682 22 56 2
916710 22 57 0
916877 22 57 2
916941 22 58 0
917156 22 58 2
917192 22 49 0
917341 22 49 2
917381 22 63 0
917590 22 63 2
917638 22 15 0
917765 22 15 2
917781 22 44 0
917888 22 44 2
917908 22 45 0
918014 22 45 2
918262 22 0 0
918367 22 0 2
918459 22 1 0
918633 22 1 2
918733 22 2 0
918852 22 2 2
918872 22 41 0
918989 22 41 2
919061 22 3 0
919162 22 3 2
919422 22 5 0
919526 22 5 2
919574 22 6 0
919709 22 6 2
919797 22 7 0
919932 22 7 2
920040 22 8 0
920040 22 21 2
920137 22 8 2
920193 22 1 0
920309 22 1 2
920555 22 21 2
920757 22 46 0
920823 22 46 2
920831 22 4 0
920956 22 21 2
920991 22 4 2
921015 22 47 0
921080 22 47 2
921157 22 21 2
921224 22 12 0
921289 22 12 2
921351 22 20 2
921653 22 10 0
921826 22 10 2
921946 22 1 0
921946 22 1 0
922020 22 1 2
922055 22 1 2
922487 22 10 0
922547 22 21 2
922568 22 10 2
922584 22 46 0
922690 22 46 2
922722 22 47 0
922722 22 47 0
922749 22 21 2
922757 22 23 2
922772 22 47 2
922837 22 47 2
922962 22 23 2
922981 22 12 0
923079 22 12 2
923172 22 23 2
923412 22 20 2
923563 22 1 0
923614 22 20 2
923661 22 1 2
923929 22 21 2
924036 22 21 2
924109 22 46 0
924109 22 46 0
924152 22 46 2
924215 22 46 2
924238 22 21 2
924247 22 47 0
924362 22 47 2
924503 22 18 2
924506 22 12 0
924608 22 12 2
924795 22 20 2
924909 22 20 2
925092 22 1 0
925092 22 1 0
925110 22 20 2
925176 22 1 2
925202 22 1 2
925650 22 46 0
925748 22 46 2
925780 22 47 0
925886 22 47 2
926030 22 12 0
926123 22 12 2
926607 22 1 0
926607 22 1 0
926646 22 18 2
926681 22 1 2
926689 22 1 2
926865 22 18 2
927137 22 46 0
927137 22 46 0
927179 22 46 2
927228 22 46 2
927260 22 47 0
927260 22 47 0
927311 22 47 2
927363 22 47 2
927507 22 12 0
927507 22 12 0
927549 22 12 2
927590 22 12 2
928022 22 18 2
928035 22 3 0
928037 22 2 0
928074 22 1 0
928074 22 1 0
928148 22 1 2
928155 22 1 2
928157 22 18 2
928377 22 18 2
928603 22 46 0
928603 22 46 0
928645 22 46 2
928653 22 46 2
928685 22 47 0
928685 22 47 0
928735 22 47 2
928744 22 47 2
928888 22 12 0
928888 22 12 0
928930 22 12 2
928938 22 12 2
929422 22 1 0
929422 22 1 0
929496 22 1 2
929521 22 1 2
929969 22 46 0
929969 22 46 0
930011 22 46 2
930018 22 46 2
930050 22 47 0
930050 22 47 0
930102 22 47 2
930109 22 47 2
930253 22 12 0
930253 22 12 0
930295 22 12 2
930304 22 12 2
930788 22 1 0
930788 22 1 0
930862 22 1 2
930870 22 1 2
931318 22 46 0
931318 22 46 0
931360 22 46 2
931367 22 46 2
931399 22 47 0
931399 22 47 0
931449 22 47 2
931457 22 47 2
931601 22 12 0
931601 22 12 0
931643 22 12 2
931651 22 12 2
932135 22 1 0
932135 22 1 0
932209 22 1 2
932217 22 1 2
932665 22 46 0
932665 22 46 0
932707 22 46 2
932716 22 46 2
932748 22 47 0
932748 22 47 0
932798 22 47 2
932806 22 47 2
932950 22 12 0
932950 22 12 0
932992 22 12 2
932999 22 12 2
933483 22 1 0
933483 22 1 0
933485 22 2 0
933486 22 56 1
933557 22 1 2
933569 22 1 2
933734 22 2 2
933808 22 56 2
934001 22 11 0
934001 22 11 0
934051 22 11 2
934084 22 11 2
934100 22 46 0
934100 22 46 0
934142 22 46 2
934149 22 46 2
934181 22 47 0
934181 22 47 0
934231 22 47 2
934240 22 47 2
934384 22 12 0
934384 22 12 0
934431 22 12 2
934434 22 12 2
934918 22 1 0
934918 22 1 0
934992 22 1 2
935000 22 1 2
935448 22 46 0
935448 22 46 0
935490 22 46 2
935498 22 46 2
935530 22 47 0
935530 22 47 0
935580 22 47 2
935589 22 47 2
935733 22 12 0
935733 22 12 0
935775 22 12 2
935783 22 12 2
936267 22 1 0
936267 22 1 0
936341 22 1 2
936349 22 1 2
936797 22 46 0
936797 22 46 0
936839 22 46 2
936847 22 46 2
936879 22 47 0
936879 22 47 0
936929 22 47 2
936936 22 47 2
937080 22 12 0
937080 22 12 0
937122 22 12 2
937130 22 12 2
937614 22 1 0
937614 22 1 0
937688 22 1 2
937696 22 1 2
938144 22 46 0
938144 22 46 0
938186 22 46 2
938194 22 46 2
938226 22 47 0
938226 22 47 0
938276 22 47 2
938284 22 47 2
938428 22 12 0
938428 22 12 0
938470 22 12 2
938478 22 12 2
938962 22 1 0
938962 22 1 0
939036 22 1 2
939046 22 1 2
939494 22 46 0
939494 22 46 0
939536 22 46 2
939544 22 46 2
939576 22 47 0
939576 22 47 0
939666 22 47 2
939674 22 47 2
939818 22 12 0
939818 22 12 0
939860 22 12 2
939884 22 12 2
940368 22 1 0
940368 22 1 0
940442 22 1 2
940450 22 1 2
940898 22 46 0
940898 22 46 0
940950 22 46 2
940968 22 46 2
941000 22 47 0
941000 22 47 0
941092 22 47 2
941110 22 47 2
941127 22 56 1
941254 22 12 0
941254 22 12 0
941296 22 12 2
941314 22 12 2
941374 22 3 2
941440 22 56 2
941798 22 1 0
941798 22 1 0
941872 22 1 2
941880 22 1 2
942328 22 46 0
942328 22 46 0
942390 22 46 2
942408 22 46 2
942440 22 47 0
942440 22 47 0
942531 22 47 2
942539 22 47 2
942683 22 12 0
942683 22 12 0
942735 22 12 2
942752 22 12 2
943236 22 1 0
943236 22 1 0
943310 22 1 2
943318 22 1 2
943766 22 46 0
943766 22 46 0
943818 22 46 2
943836 22 46 2
943868 22 47 0
943868 22 47 0
943959 22 47 2
943977 22 47 2
944121 22 12 0
944121 22 12 0
944163 22 12 2
944181 22 12 2
944665 22 1 0
944665 22 1 0
944739 22 1 2
944747 22 1 2
945179 22 12 0
945179 22 12 0
945228 22 12 2
945244 22 46 0
945244 22 46 0
945263 22 12 2
945326 22 46 2
945345 22 46 2
945377 22 47 0
945377 22 47 0
945467 22 47 2
945484 22 47 2
945628 22 12 0
945628 22 12 0
945670 22 12 2
945697 22 12 2
946181 22 1 0
946181 22 1 0
946256 22 1 2
946264 22 1 2
946712 22 46 0
946712 22 46 0
946754 22 46 2
946828 22 46 2
946860 22 47 0
946860 22 47 0
946910 22 47 2
946918 22 47 2
947062 22 12 0
947062 22 12 0
947104 22 12 2
947118 22 12 2
947602 22 1 0
947602 22 1 0
947676 22 1 2
947683 22 1 2
948131 22 46 0
948131 22 46 0
948193 22 46 2
948210 22 46 2
948242 22 47 0
948242 22 47 0
948332 22 47 2
948350 22 47 2
948494 22 12 0
948494 22 12 0
948536 22 12 2
948553 22 12 2
949037 22 1 0
949037 22 1 0
949111 22 1 2
949119 22 1 2
949567 22 46 0
949567 22 46 0
949629 22 46 2
949649 22 46 2
949681 22 47 0
949681 22 47 0
949780 22 47 2
949782 22 47 2
949926 22 12 0
949926 22 12 0
949968 22 12 2
949986 22 12 2
950470 22 1 0
950470 22 1 0
950540 22 2 0
950541 22 56 1
950544 22 1 2
950553 22 1 2
950784 22 2 2
950858 22 56 2
951001 22 46 0
951001 22 46 0
951054 22 46 2
951073 22 46 2
951105 22 47 0
951105 22 47 0
951201 22 47 2
951213 22 47 2
951357 22 12 0
951357 22 12 0
951399 22 12 2
951407 22 12 2
951891 22 1 0
951891 22 1 0
951965 22 1 2
951977 22 1 2
952425 22 46 0
952425 22 46 0
952487 22 46 2
952504 22 46 2
952536 22 47 0
952536 22 47 0
952637 22 47 2
952650 22 47 2
952794 22 12 0
952794 22 12 0
952843 22 12 2
952844 22 12 2
953328 22 1 0
953328 22 1 0
953407 22 1 2
953410 22 1 2
953693 22 2 0
953694 22 2 2
953858 22 46 0
953858 22 46 0
953920 22 46 2
953928 22 46 2
953960 22 47 0
953960 22 47 0
954060 22 47 2
954075 22 47 2
954219 22 12 0
954219 22 12 0
954261 22 12 2
954279 22 12 2
954763 22 1 0
954763 22 1 0
954837 22 1 2
954845 22 1 2
955293 22 46 0
955293 22 46 0
955349 22 46 2
955364 22 46 2
955396 22 47 0
955396 22 47 0
955486 22 47 2
955494 22 47 2
955638 22 12 0
955638 22 12 0
955690 22 12 2
955711 22 12 2
956195 22 1 0
956195 22 1 0
956269 22 1 2
956277 22 1 2
956709 22 13 0
956849 22 13 2
956865 22 46 0
956865 22 46 0
956909 22 46 2
956925 22 46 2
956957 22 47 0
956957 22 47 0
957047 22 47 2
957065 22 47 2
957209 22 12 0
957209 22 12 0
957251 22 12 2
957268 22 12 2
957752 22 1 0
957752 22 1 0
957837 22 1 2
957845 22 1 2
958293 22 46 0
958293 22 46 0
958346 22 46 2
958358 22 46 2
958390 22 47 0
958390 22 47 0
958480 22 47 2
958510 22 47 2
958654 22 12 0
958654 22 12 0
958696 22 12 2
958704 22 12 2
959188 22 1 0
959188 22 1 0
959262 22 1 2
959269 22 1 2
959717 22 46 0
959717 22 46 0
959779 22 46 2
959786 22 46 2
959818 22 47 0
959818 22 47 0
959918 22 47 2
959926 22 47 2
960070 22 12 0
960070 22 12 0
960112 22 12 2
960130 22 12 2
960614 22 1 0
960614 22 1 0
960690 22 1 2
960704 22 1 2
961152 22 46 0
961152 22 46 0
961206 22 46 2
961221 22 46 2
961253 22 47 0
961253 22 47 0
961344 22 47 2
961361 22 47 2
961505 22 12 0
961505 22 12 0
961547 22 12 2
961566 22 12 2
962050 22 1 0
962050 22 1 0
962124 22 1 2
962133 22 1 2
962581 22 46 0
962581 22 46 0
962643 22 46 2
962652 22 46 2
962684 22 47 0
962684 22 47 0
962774 22 47 2
962792 22 47 2
962936 22 12 0
962936 22 12 0
962979 22 12 2
962997 22 12 2
963481 22 1 0
963481 22 1 0
963555 22 1 2
963564 22 1 2
964012 22 46 0
964012 22 46 0
964075 22 46 2
964085 22 46 2
964117 22 47 0
964117 22 47 0
964207 22 47 2
964224 22 47 2
964368 22 12 0
964368 22 12 0
964410 22 12 2
964430 22 12 2
964914 22 1 0
964914 22 1 0
964988 22 1 2
964998 22 1 2
965446 22 46 0
965446 22 46 0
965498 22 46 2
965516 22 46 2
965548 22 47 0
965548 22 47 0
965640 22 47 2
965660 22 47 2
965726 22 56 1
965727 22 2 0
965804 22 12 0
965804 22 12 0
965846 22 12 2
965864 22 12 2
965974 22 2 2
966048 22 56 2
966348 22 1 0
966348 22 1 0
966422 22 1 2
966429 22 1 2
966877 22 46 0
966877 22 46 0
966929 22 46 2
966958 22 46 2
966990 22 47 0
966990 22 47 0
967080 22 47 2
967097 22 47 2
967241 22 12 0
967241 22 12 0
967283 22 12 2
967300 22 12 2
967784 22 1 0
967784 22 1 0
967858 22 1 2
967865 22 1 2
968297 22 14 0
968489 22 14 2
968505 22 46 0
968505 22 46 0
968559 22 46 2
968591 22 47 0
968591 22 47 0
968597 22 46 2
968659 22 47 2
968721 22 47 2
968803 22 12 0
968803 22 12 0
968863 22 12 2
968885 22 12 2
969347 22 1 0
969347 22 1 0
969431 22 1 2
969451 22 1 2
969879 22 46 0
969879 22 46 0
969931 22 46 2
969949 22 46 2
969981 22 47 0
969981 22 47 0
970017 22 56 1
970071 22 47 2
970089 22 47 2
970233 22 12 0
970233 22 12 0
970264 22 3 2
970275 22 12 2
970293 22 12 2
970330 22 56 2
970777 22 1 0
970777 22 1 0
970851 22 1 2
970859 22 1 2
971307 22 46 0
971307 22 46 0
971369 22 46 2
971386 22 46 2
971418 22 47 0
971418 22 47 0
971508 22 47 2
971526 22 47 2
971670 22 12 0
971670 22 12 0
971712 22 12 2
971730 22 12 2
972214 22 1 0
972214 22 1 0
972290 22 1 2
972298 22 1 2
972746 22 46 0
972746 22 46 0
972810 22 46 2
972828 22 46 2
972860 22 47 0
972860 22 47 0
972950 22 47 2
972975 22 47 2
973119 22 12 0
973119 22 12 0
973161 22 12 2
973169 22 12 2
973653 22 1 0
973653 22 1 0
973727 22 1 2
973735 22 1 2
974183 22 46 0
974183 22 46 0
974235 22 46 2
974254 22 46 2
974286 22 47 0
974286 22 47 0
974376 22 47 2
974398 22 47 2
974542 22 12 0
974542 22 12 0
974584 22 12 2
974592 22 12 2
975076 22 1 0
975076 22 1 0
975150 22 1 2
975157 22 1 2
975605 22 46 0
975605 22 46 0
975677 22 46 2
975686 22 46 2
975718 22 47 0
975718 22 47 0
975811 22 47 2
975829 22 47 2
975973 22 12 0
975973 22 12 0
976015 22 12 2
976033 22 12 2
976517 22 1 0
976517 22 1 0
976591 22 1 2
976609 22 1 2
977057 22 46 0
977057 22 46 0
977109 22 46 2
977130 22 46 2
977162 22 47 0
977162 22 47 0
977242 22 47 2
977260 22 47 2
977404 22 12 0
977404 22 12 0
977446 22 12 2
977454 22 12 2
977938 22 1 0
977938 22 1 0
978012 22 1 2
978029 22 1 2
978477 22 46 0
978477 22 46 0
978529 22 46 2
978547 22 46 2
978579 22 47 0
978579 22 47 0
978669 22 47 2
978687 22 47 2
978831 22 12 0
978831 22 12 0
978875 22 12 2
978941 22 12 2
979329 22 1 0
979329 22 1 0
979403 22 1 2
979411 22 1 2
979843 22 7 0
979983 22 7 2
979999 22 46 0
979999 22 46 0
980041 22 46 2
980168 22 46 2
980200 22 47 0
980200 22 47 0
980250 22 47 2
980268 22 47 2
980412 22 12 0
980412 22 12 0
980454 22 12 2
980462 22 12 2
980946 22 1 0
980946 22 1 0
981022 22 1 2
981058 22 1 2
981506 22 46 0
981506 22 46 0
981548 22 46 2
981599 22 46 2
981631 22 47 0
981631 22 47 0
981681 22 47 2
981722 22 47 2
981866 22 12 0
981866 22 12 0
981908 22 12 2
981926 22 12 2
982410 22 1 0
982410 22 1 0
982484 22 1 2
982491 22 1 2
982939 22 46 0
982939 22 46 0
983006 22 46 2
983009 22 46 2
983041 22 47 0
983041 22 47 0
983141 22 47 2
983148 22 47 2
983292 22 5 0
983422 22 5 2
983430 22 61 0
983602 22 61 2
983610 22 29 0
983854 22 29 2
983870 22 62 0
983870 22 62 0
983928 22 62 2
984031 22 62 2
984307 22 63 0
984307 22 63 0
984373 22 63 2
984466 22 63 2
984890 22 12 0
984890 22 12 0
984934 22 12 2
984990 22 12 2
985064 22 20 2
985430 22 11 0
985529 22 11 2
985741 22 1 0
985741 22 1 0
985817 22 1 2
985833 22 1 2
986281 22 46 0
986281 22 46 0
986323 22 46 2
986331 22 46 2
986363 22 47 0
986363 22 47 0
986413 22 47 2
986422 22 47 2
987298 22 12 0
987298 22 12 0
987340 22 12 2
987398 22 12 2
987466 22 20 2
988050 22 1 0
988050 22 1 0
988124 22 1 2
988192 22 1 2
988640 22 46 0
988640 22 46 0
988682 22 46 2
988733 22 46 2
988765 22 47 0
988765 22 47 0
988816 22 47 2
988832 22 47 2
988976 22 12 0
988976 22 12 0
989019 22 12 2
989059 22 12 2
989543 22 1 0
989543 22 1 0
989617 22 1 2
989635 22 1 2
990083 22 46 0
990083 22 46 0
990125 22 46 2
990172 22 46 2
990204 22 47 0
990204 22 47 0
990256 22 47 2
990269 22 47 2
990413 22 12 0
990413 22 12 0
990455 22 12 2
990483 22 12 2
990967 22 1 0
990967 22 1 0
991043 22 1 2
991069 22 1 2
991517 22 46 0
991517 22 46 0
991559 22 46 2
991577 22 46 2
991609 22 47 0
991609 22 47 0
991659 22 47 2
991717 22 47 2
991861 22 12 0
991920 22 12 2
992404 22 1 0
992404 22 1 0
992478 22 1 2
992486 22 1 2
992934 22 46 0
992934 22 46 0
992996 22 46 2
993013 22 46 2
993045 22 47 0
993045 22 47 0
993135 22 47 2
993153 22 47 2
993297 22 12 0
993356 22 12 2
993840 22 1 0
993840 22 1 0
993914 22 1 2
993923 22 1 2
994355 22 8 0
994445 22 8 2
994461 22 46 0
994461 22 46 0
994503 22 46 2
994521 22 46 2
994553 22 47 0
994553 22 47 0
994643 22 47 2
994651 22 47 2
994795 22 12 0
994795 22 12 0
994837 22 12 2
994855 22 12 2
995339 22 1 0
995339 22 1 0
995413 22 1 2
995421 22 1 2
995869 22 46 0
995869 22 46 0
995931 22 46 2
995942 22 46 2
995974 22 47 0
995974 22 47 0
996064 22 47 2
996082 22 47 2
996226 22 12 0
996226 22 12 0
996268 22 12 2
996287 22 12 2
996771 22 1 0
996771 22 1 0
996845 22 1 2
996853 22 1 2
997301 22 46 0
997301 22 46 0
997363 22 46 2
997371 22 46 2
997403 22 47 0
997403 22 47 0
997493 22 47 2
997511 22 47 2
997655 22 12 0
997655 22 12 0
997697 22 12 2
997715 22 12 2
998199 22 1 0
998199 22 1 0
998273 22 1 2
998281 22 1 2
998729 22 46 0
998729 22 46 0
998781 22 46 2
998801 22 46 2
998833 22 47 0
998833 22 47 0
998923 22 47 2
998941 22 47 2
999085 22 12 0
999085 22 12 0
999127 22 12 2
999144 22 12 2
999467 22 2 0
999468 22 56 1
999628 22 1 0
999628 22 1 0
999702 22 1 2
999710 22 1 2
999714 22 2 2
999788 22 56 2
1000158 22 46 0
1000158 22 46 0
1000220 22 46 2
1000239 22 46 2
1000271 22 47 0
1000271 22 47 0
1000361 22 47 2
1000369 22 47 2
1000513 22 12 0
1000513 22 12 0
1000555 22 12 2
1000573 22 12 2
1001057 22 1 0
1001057 22 1 0
1001131 22 1 2
1001139 22 1 2
1001587 22 46 0
1001587 22 46 0
1001649 22 46 2
1001667 22 46 2
1001699 22 47 0
1001699 22 47 0
1001789 22 47 2
1001797 22 47 2
1001941 22 12 0
1001941 22 12 0
1002000 22 12 2
1002004 22 12 2
1002488 22 1 0
1002488 22 1 0
1002562 22 1 2
1002570 22 1 2
1003018 22 46 0
1003018 22 46 0
1003080 22 46 2
1003087 22 46 2
1003119 22 47 0
1003119 22 47 0
1003209 22 47 2
1003226 22 47 2
1003370 22 12 0
1003370 22 12 0
1003412 22 12 2
1003430 22 12 2
1003914 22 1 0
1003914 22 1 0
1003988 22 1 2
1003995 22 1 2
1004443 22 46 0
1004443 22 46 0
1004505 22 46 2
1004523 22 46 2
1004555 22 47 0
1004555 22 47 0
1004645 22 47 2
1004662 22 47 2
1004806 22 12 0
1004806 22 12 0
1004848 22 12 2
1004866 22 12 2
1005350 22 1 0
1005350 22 1 0
1005424 22 1 2
1005437 22 1 2
1005885 22 46 0
1005885 22 46 0
1005927 22 46 2
1005940 22 46 2
1005972 22 47 0
1005972 22 47 0
1006022 22 47 2
1006029 22 47 2
1006173 22 12 0
1006173 22 12 0
1006216 22 12 2
1006223 22 12 2
1006707 22 1 0
1006707 22 1 0
1006781 22 1 2
1006789 22 1 2
1007237 22 46 0
1007237 22 46 0
1007279 22 46 2
1007286 22 46 2
1007318 22 47 0
1007318 22 47 0
1007368 22 47 2
1007376 22 47 2
1007520 22 12 0
1007520 22 12 0
1007562 22 12 2
1007571 22 12 2
1008055 22 1 0
1008055 22 1 0
1008129 22 1 2
1008137 22 1 2
1008585 22 46 0
1008585 22 46 0
1008627 22 46 2
1008635 22 46 2
1008667 22 47 0
1008667 22 47 0
1008722 22 47 2
1008725 22 47 2
1008869 22 12 0
1008869 22 12 0
1008912 22 12 2
1008920 22 12 2
1009404 22 1 0
1009404 22 1 0
1009478 22 1 2
1009485 22 1 2
1009933 22 46 0
1009933 22 46 0
1009975 22 46 2
1009983 22 46 2
1010015 22 47 0
1010015 22 47 0
1010065 22 47 2
1010072 22 47 2
1010216 22 12 0
1010216 22 12 0
1010258 22 12 2
1010266 22 12 2
1010750 22 1 0
1010750 22 1 0
1010824 22 1 2
1010832 22 1 2
1011280 22 46 0
1011280 22 46 0
1011322 22 46 2
1011330 22 46 2
1011362 22 47 0
1011362 22 47 0
1011412 22 47 2
1011421 22 47 2
1011540 22 18 2
1011565 22 12 0
1011565 22 12 0
1011607 22 12 2
1011615 22 12 2
1011756 22 20 2
1011923 22 1 0
1012014 22 1 2
1012190 22 1 0
1012190 22 1 0
1012264 22 1 2
1012271 22 1 2
1012285 22 20 2
1012379 22 24 2
1012486 22 21 2
1012585 22 20 2
1012719 22 46 0
1012719 22 46 0
1012761 22 46 2
1012769 22 46 2
1012801 22 47 0
1012801 22 47 0
1012851 22 47 2
1012859 22 47 2
1013003 22 12 0
1013003 22 12 0
1013046 22 12 2
1013064 22 12 2
1013540 22 9 0
1013560 22 21 2
1013679 22 3 0
1013741 22 9 2
1013754 22 3 0
1013755 22 3 2
1013857 22 3 0
1013865 22 55 0
1013939 22 55 2
1013943 22 1 0
1013950 22 3 0
1014036 22 1 2
1014060 22 56 0
1014210 22 3 0
1014222 22 56 2
1014242 22 45 0
1014309 22 45 2
1014311 22 3 0
1014365 22 46 0
1014481 22 24 2
1014483 22 46 2
1014499 22 1 0
1014558 22 3 0
1014602 22 19 2
1014625 22 1 2
1014685 22 63 0
1014812 22 3 0
1014913 22 63 2
1014921 22 47 0
1014968 22 3 0
1015112 22 47 2
1015124 22 3 0
1015216 22 62 0
1015216 22 62 0
1015274 22 62 2
1015283 22 62 2
1015341 22 3 0
1015351 22 29 0
1015432 22 29 2
1015472 22 30 0
1015553 22 30 2
1015558 22 3 0
1015597 22 17 0
1015668 22 3 0
1015687 22 17 2
1015743 22 18 0
1015770 22 3 0
1015825 22 18 2
1015861 22 22 0
1015870 22 3 0
1015935 22 22 2
1015968 22 3 0
1015987 22 3 0
1016109 22 3 0
1016224 22 3 0
1016630 22 3 0
1016874 22 3 2
1016882 22 19 0
1016934 22 4 2
1016956 22 19 2
1016960 22 3 0
1017653 22 3 0
1018084 22 3 0
1018299 22 3 0
1018627 22 3 0
1018805 22 3 0
1018918 22 3 0
1019009 22 3 0
1019143 22 3 0
1019258 22 3 0
1019564 22 3 0
1019660 22 3 2
1019811 22 23 2
1019816 22 3 0
1019880 22 3 0
1019937 22 3 2
1019996 22 35 2
1020001 22 3 0
1020087 22 9 2
1020178 22 4 2
1020180 22 3 0
1020256 22 24 2
1020261 22 3 0
1020694 22 3 0
1020825 22 3 0
1021081 22 3 0
1021219 22 3 0
1021296 22 3 0
1021433 22 3 0
1021556 22 3 0
1022076 22 3 0
1022195 22 3 0
1022320 22 3 0
1022460 22 3 0
1022635 22 3 0
1022792 22 3 0
1022957 22 3 0
1023445 22 3 0
1023725 22 3 0
1023863 22 3 0
1024037 22 3 0
1024154 22 3 0
1024432 22 3 0
1024563 22 3 0
1024784 22 3 0
1025203 22 3 0
1025546 22 3 0
1025729 22 3 0
1025933 22 3 0
1026061 22 3 0
1026196 22 3 0
1026416 22 3 0
1026746 22 3 0
1027151 22 3 0
1029511 22 3 2
1029571 22 3 0
1029571 22 16 2
1033626 22 3 2
1033685 22 34 2
1033784 22 60 2
1033899 22 28 2
1033984 22 48 2
1034115 22 63 2
1034230 22 1 0
1034241 22 62 2
1034318 22 1 2
1034582 22 21 0
1034615 22 21 2
1034619 22 30 0
1034700 22 30 2
1034712 22 24 0
1034817 22 24 2
1034917 22 25 0
1035015 22 25 2
1035023 22 22 0
1035032 22 2 0
1035032 22 22 2
1035106 22 22 2
1035170 22 26 0
1035259 22 26 2
1035323 22 27 0
1035404 22 27 2
1035436 22 34 0
1035535 22 34 2
1035547 22 26 0
1035641 22 26 2
1035737 22 55 0
1035851 22 55 2
1035859 22 27 0
1035941 22 27 2
1035989 22 23 0
1036077 22 23 2
1036081 22 28 0
1036111 22 17 2
1036165 22 28 2
1036185 22 23 0
1036267 22 23 2
1036299 22 56 0
1036299 22 56 0
1036323 22 14 2
1036405 22 56 2
1036438 22 56 2
1036474 22 2 0
1036778 22 2 2
1036806 22 57 0
1036806 22 57 0
1036904 22 57 2
1036937 22 57 2
1036945 22 35 0
1037034 22 35 2
1037086 22 23 0
1037137 22 23 2
1037195 22 14 2
1037197 22 23 0
1037376 22 23 2
1037428 22 29 0
1037435 22 14 2
1037510 22 29 2
1037526 22 23 0
1037625 22 3 0
1037626 22 2 0
1037876 22 23 2
1037935 22 14 2
1037940 22 23 0
1038030 22 23 2
1038066 22 32 0
1038081 22 12 2
1038152 22 19 2
1038180 22 32 2
1038227 22 14 2
1038264 22 28 0
1038345 22 28 2
1038397 22 2 0
1038474 22 2 2
1038486 22 29 0
1038570 22 29 2
1038602 22 4 0
1038676 22 4 2
1038684 22 35 0
1038684 22 35 0
1038742 22 35 2
1038778 22 35 2
1038818 22 36 0
1038818 22 36 0
1038868 22 36 2
1038909 22 36 2
1038997 22 56 0
1039135 22 56 2
1039155 22 57 0
1039285 22 57 2
1039373 22 58 0
1039373 22 58 0
1039463 22 58 2
1039496 22 58 2
1039576 22 59 0
1039576 22 59 0
1039658 22 59 2
1039699 22 59 2
1039723 22 63 0
1039796 22 63 2
1039880 22 33 0
1039961 22 33 2
1039997 22 3 0
1040571 22 3 2
1040752 22 51 2
1040763 22 3 0
1044937 22 3 2
1048535 22 3 0
1048536 22 3 2
1061317 22 3 0
1061318 22 56 1
1061563 22 3 2
1061628 22 56 2
1083674 22 56 1
1083675 22 3 0
1083923 22 3 2
1083988 22 56 2
1159984 22 3 0
1159985 22 3 2
1170793 22 3 0
1170794 22 2 0
1204896 22 56 1
1205148 22 3 2
1205214 22 56 2
1233038 22 3 0
1233039 22 56 1
1233287 22 3 2
1233352 22 56 2
1249178 22 3 0
1249179 22 56 1
1249427 22 3 2
1249492 22 56 2
1260901 22 3 0
1260902 22 56 1
1261147 22 3 2
1261212 22 56 2
1285407 22 3 0
1285408 22 3 2
1304777 22 3 0
1304778 22 56 1
1305026 22 3 2
1305091 22 56 2
1311816 22 56 1
1312067 22 3 2
1312133 22 56 2
1316316 22 3 0
1316317 22 56 1
1316566 22 3 2
1316631 22 56 2
1321305 22 3 0
1321306 22 56 1
1321556 22 3 2
1321621 22 56 2
1349100 22 3 0
1349101 22 56 1
1349346 22 3 2
1349411 22 56 2
1521177 22 3 0
1521178 22 3 2
1528794 22 3 0
1528795 22 51 0
1844549 22 37 0
1844549 22 37 0
1847701 22 37 2
1847860 22 37 2
1848128 22 36 0
1848128 22 36 0
1848198 22 36 2
1848216 22 36 2
1848248 22 38 0
1848248 22 38 0
1848322 22 38 2
1848824 22 38 2
1848984 22 54 0
1848984 22 54 0
1849085 22 54 2
1849093 22 56 0
1849093 22 56 0
1849199 22 56 2
1849207 22 56 2
1849224 22 54 2
1849259 22 37 0
1849259 22 37 0
1849301 22 37 2
1849409 22 37 2
1849433 22 57 0
1849433 22 57 0
1849571 22 57 2
1849689 22 57 2
1849797 22 35 0
1849797 22 35 0
1849855 22 35 2
1849863 22 35 2
1850607 22 20 2
1850719 22 47 0
1850719 22 47 0
1850769 22 47 2
1851019 22 20 2
1851076 22 47 2
1851100 22 11 0
1851100 22 11 0
1851150 22 11 2
1851158 22 11 2
1851159 22 20 2
1851286 22 1 0
1851286 22 1 0
1851360 22 1 2
1852235 22 1 2
1852759 22 14 0
1852881 22 14 2
1852893 22 15 0
1852893 22 15 0
1852937 22 15 2
1852990 22 15 2
1853010 22 18 0
1853296 22 18 2
1853320 22 4 0
1853402 22 4 2
1853446 22 38 0
1853446 22 38 0
1853480 22 38 2
1853487 22 38 2
1853643 22 46 0
1853643 22 46 0
1853693 22 46 2
1853744 22 46 2
1853788 22 12 0
1853788 22 12 0
1853830 22 12 2
1853837 22 12 2
1853993 22 47 0
1854120 22 47 2
1854136 22 12 0
1854229 22 12 2
1854265 22 47 0
1854329 22 47 2
1855077 22 54 0
1855077 22 54 0
1855187 22 54 2
1855215 22 54 2
1855575 22 40 0
1855682 22 40 2
1855710 22 49 0
1855852 22 49 2
1855864 22 51 0
1855979 22 51 2
1855999 22 37 0
1856109 22 37 2
1856113 22 20 0
1856195 22 20 2
1856211 22 3 0
1856622 22 3 2
1856927 22 21 2
1856970 22 38 0
1856970 22 38 0
1857004 22 38 2
1857011 22 38 2
1857477 22 21 2
1857486 22 19 2
1857615 22 21 2
1857993 22 19 2
1858115 22 19 2
1859340 22 56 1
1859590 22 0 2
1859679 22 56 2
1862538 22 56 1
1862780 22 0 2
1862869 22 56 2
1866187 22 0 2
2821415 22 38 0
2821415 22 38 0
2821459 22 38 2
2822010 22 38 2
2823426 22 7 0
2823576 22 7 2
2824144 22 38 0
2824144 22 38 0
2824178 22 38 2
2824956 22 38 2
2827152 22 38 0
2827152 22 38 0
2827194 22 38 2
2829156 22 38 2
2852803 22 2 0
2852804 22 56 1
2853052 22 2 2
2853125 22 56 2
2869104 22 56 1
2869353 22 3 2
2869419 22 56 2
2897842 22 56 1
2897843 22 2 0
2898093 22 2 2
2898167 22 56 2
2967753 22 3 2
2967892 22 3 2
2968111 22 3 2
3797972 22 38 0
3797972 22 38 0
3798016 22 38 2
3799047 22 38 2
3801031 22 38 0
3801031 22 38 0
3801065 22 38 2
3802243 22 38 2
3802399 22 46 0
3802449 22 46 2
3802493 22 12 0
3802541 22 12 2
3802697 22 47 0
3802754 22 47 2
3803855 22 0 2
3804594 22 38 0
3804594 22 38 0
3804636 22 38 2
3805708 22 38 2
4774535 22 38 0
4774535 22 38 0
4774863 22 38 2
4775930 22 38 2
4776279 22 7 0
4776385 22 7 2
4776953 22 38 0
4776953 22 38 0
4776987 22 38 2
4777435 22 38 2
4779631 22 38 0
4779631 22 38 0
4779673 22 38 2
4779805 22 38 2
5751120 22 38 0
5751120 22 38 0
5752295 22 38 2
5752721 22 38 2
5754279 22 38 0
5754279 22 38 0
5754313 22 38 2
5754611 22 38 2
5756678 22 0 2
5756807 22 38 0
5756807 22 38 0
5756849 22 38 2
5759831 22 38 2
