0 36 51 0
2557 36 0 1
2779 36 2 2
2853 36 0 2
2863 36 51 2
2867 36 22 0
3977 36 22 2
3989 36 1 0
4756 36 1 2
4776 36 24 0
4926 36 24 2
7100 36 0 1
7318 36 0 2
7407 36 0 2
40155 36 0 1
40378 36 2 2
40451 36 0 2
52875 36 0 1
53099 36 2 2
53173 36 0 2
62145 36 0 1
62368 36 2 2
62441 36 0 2
71577 36 0 1
71798 36 2 2
71871 36 0 2
93301 36 0 1
93528 36 0 2
93617 36 0 2
124126 36 0 1
124348 36 2 2
124421 36 0 2
141647 36 0 1
141868 36 2 2
141941 36 0 2
142639 36 0 1
142858 36 2 2
142931 36 0 2
156551 36 0 1
156778 36 2 2
156851 36 0 2
160334 36 0 1
160558 36 2 2
160631 36 0 2
173513 36 0 1
173739 36 2 2
173813 36 0 2
196813 36 0 1
197039 36 2 2
197113 36 0 2
233273 36 0 1
233499 36 2 2
233573 36 0 2
256613 36 2 0
256614 36 0 1
256859 36 2 2
256933 36 0 2
286817 36 2 0
286818 36 0 1
287038 36 2 2
287111 36 0 2
338813 36 2 0
338814 36 0 1
339038 36 2 2
339111 36 0 2
339175 36 2 0
339176 36 0 1
339419 36 2 2
339493 36 0 2
384443 36 2 0
384444 36 0 1
384668 36 2 2
384741 36 0 2
384805 36 2 0
384806 36 0 1
385029 36 2 2
385103 36 0 2
412439 36 2 0
412440 36 2 2
421409 36 0 1
421628 36 2 2
421701 36 0 2
424275 36 0 1
424498 36 2 2
424571 36 0 2
433315 36 2 0
433316 36 0 1
433538 36 2 2
433611 36 0 2
465954 36 2 0
465955 36 2 2
484687 36 0 1
484908 36 2 2
484981 36 0 2
532819 36 2 0
532820 36 0 1
533038 36 2 2
533111 36 0 2
649791 36 2 0
649792 36 0 1
650015 36 2 2
650088 36 0 2
709022 36 0 1
709249 36 3 2
709314 36 0 2
715673 36 0 1
715895 36 3 2
715960 36 0 2
722128 36 2 0
722129 36 0 1
722365 36 2 2
722438 36 0 2
736823 36 0 1
737045 36 3 2
737110 36 0 2
748367 36 3 2
750094 36 2 0
750095 36 2 2
762903 36 2 0
762904 36 0 1
763126 36 2 2
763200 36 0 2
786453 36 2 0
786454 36 0 1
786676 36 2 2
786750 36 0 2
812707 36 0 1
812955 36 3 2
813020 36 0 2
814143 36 2 0
814144 36 0 1
814366 36 2 2
814440 36 0 2
837563 36 2 0
837564 36 0 1
837786 36 2 2
837860 36 0 2
842150 36 0 1
842386 36 3 2
842452 36 0 2
848591 36 0 1
848815 36 3 2
848880 36 0 2
867086 36 4 0
868344 36 3 0
869353 36 3 0
869755 36 3 0
869862 36 3 0
869951 36 3 0
870061 36 3 0
870097 36 4 2
870149 36 44 0
870158 36 3 0
870247 36 3 0
870255 36 3 0
870394 36 3 0
870491 36 3 0
870580 36 3 0
870675 36 3 0
870841 36 3 0
870943 36 3 0
871084 36 3 0
871216 36 3 0
871268 36 2 0
871332 36 3 0
871409 36 3 0
871463 36 44 2
871475 36 5 0
871497 36 3 0
871551 36 3 0
871577 36 5 2
871581 36 3 0
871589 36 45 0
871659 36 3 0
871754 36 3 0
871865 36 3 0
871955 36 3 0
872016 36 45 2
872077 36 3 0
872084 36 24 0
872260 36 3 0
872262 36 24 2
872294 36 25 0
872387 36 3 0
872406 36 25 2
872414 36 26 0
872456 36 3 0
872520 36 26 2
872548 36 3 0
872560 36 27 0
872605 36 3 0
872637 36 0 1
872657 36 3 0
872740 36 3 0
872773 36 27 2
872781 36 3 0
872793 36 33 0
872857 36 3 0
872864 36 0 2
872931 36 33 2
872940 36 3 0
872951 36 35 0
872955 36 0 2
872978 36 3 0
873027 36 35 2
873035 36 41 0
873044 36 3 0
873077 36 3 0
873079 36 0 0
873088 36 3 0
873151 36 2 0
873152 36 3 0
873210 36 3 0
873266 36 3 0
873301 36 3 0
873403 36 3 0
873404 36 3 0
873503 36 0 0
873516 36 41 2
873525 36 3 0
873532 36 42 0
873613 36 0 1
873653 36 3 0
873656 36 3 0
873777 36 3 0
873835 36 11 2
873835 36 42 2
873867 36 1 0
873892 36 3 0
873893 36 0 2
873984 36 3 0
874015 36 3 0
874015 36 1 2
874051 36 36 0
874100 36 3 0
874107 36 3 0
874165 36 36 2
874176 36 3 0
874177 36 43 0
874293 36 3 0
874294 36 3 0
874409 36 3 0
874415 36 3 0
874443 36 0 0
874484 36 43 2
874500 36 17 0
874504 36 3 0
874531 36 3 0
874566 36 17 2
874577 36 0 0
874658 36 27 0
874661 36 3 0
874666 36 3 0
874713 36 0 0
874719 36 2 0
874774 36 3 0
874776 36 27 2
874780 36 37 0
874822 36 3 0
874840 36 0 0
874894 36 3 0
874911 36 37 2
874923 36 17 0
874942 36 3 0
874947 36 0 0
875008 36 3 0
875061 36 17 2
875068 36 3 0
875069 36 15 0
875111 36 3 0
875123 36 0 0
875179 36 15 2
875219 36 16 0
875224 36 3 0
875225 36 3 0
875265 36 0 0
875327 36 3 0
875367 36 16 2
875407 36 18 0
875418 36 0 0
875440 36 3 0
875440 36 3 0
875521 36 18 2
875539 36 3 0
875545 36 61 0
875557 36 0 0
875631 36 3 0
875652 36 3 0
875707 36 0 0
875755 36 3 0
875828 36 3 0
875854 36 0 0
875920 36 3 0
875955 36 3 0
876004 36 0 0
876025 36 3 0
876135 36 3 0
876154 36 3 0
876189 36 0 0
876256 36 3 0
876293 36 3 0
876315 36 0 0
876367 36 3 0
876399 36 3 0
876421 36 0 0
876467 36 3 0
876542 36 3 0
876548 36 0 0
876569 36 61 2
876581 36 54 0
876645 36 3 0
876699 36 0 0
876728 36 3 0
876784 36 54 2
876804 36 11 0
876820 36 0 0
876837 36 3 0
876873 36 3 0
876886 36 11 2
876894 36 19 0
876977 36 0 0
876983 36 3 0
876992 36 3 0
876994 36 19 2
876998 36 35 0
877101 36 0 0
877108 36 3 0
877214 36 0 0
877262 36 3 0
877389 36 0 0
877403 36 3 0
877532 36 3 0
877532 36 35 2
877548 36 53 0
877619 36 0 0
877622 36 3 0
877675 36 53 2
877715 36 33 0
877808 36 0 1
877819 36 33 2
877831 36 36 0
877840 36 3 0
877905 36 36 2
877905 36 0 0
877925 36 40 0
877974 36 3 0
878041 36 3 2
878053 36 0 0
878113 36 0 2
878123 36 3 0
878199 36 0 0
878239 36 3 0
878240 36 40 2
878264 36 37 0
878382 36 37 2
878415 36 3 0
878476 36 0 0
878486 36 38 0
878549 36 3 0
878600 36 38 2
878604 36 61 0
878617 36 0 0
878716 36 3 0
878771 36 0 0
878871 36 3 0
878896 36 61 2
878920 36 8 0
878967 36 0 0
878985 36 3 0
879020 36 8 2
879028 36 29 0
879105 36 0 0
879149 36 3 0
879193 36 29 2
879217 36 0 0
879233 36 0 0
879248 36 3 0
879335 36 0 2
879343 36 0 0
879347 36 38 0
879417 36 3 0
879466 36 0 0
879531 36 3 0
879617 36 0 0
879650 36 3 0
879710 36 38 2
879726 36 39 0
879768 36 0 0
879832 36 3 0
879903 36 0 0
879939 36 3 0
879953 36 39 2
879957 36 39 0
880052 36 3 0
880086 36 0 0
880206 36 3 0
880229 36 0 0
880266 36 39 2
880322 36 36 0
880331 36 0 0
880404 36 3 0
880423 36 36 2
880455 36 38 0
880494 36 0 0
880539 36 3 0
880610 36 38 2
880621 36 0 0
880626 36 51 0
880652 36 3 0
880709 36 0 1
880730 36 0 0
880749 36 51 2
880790 36 3 0
880805 36 21 0
880860 36 0 0
880902 36 3 0
880946 36 1 2
880997 36 0 0
881044 36 21 2
881048 36 0 2
881052 36 52 0
881149 36 52 2
881150 36 0 0
881185 36 29 0
881293 36 0 0
881413 36 0 0
881422 36 29 2
881442 36 53 0
881581 36 53 2
881605 36 54 0
881651 36 0 0
881730 36 54 2
881746 36 11 0
881756 36 0 0
881901 36 0 0
882017 36 0 0
882086 36 11 2
882098 36 56 0
882130 36 0 0
882220 36 56 2
882224 36 12 0
882332 36 0 0
882474 36 0 0
882503 36 12 2
882511 36 57 0
882575 36 0 0
882667 36 57 2
882671 36 2 0
882835 36 0 0
883007 36 2 2
883049 36 0 0
883059 36 37 0
883167 36 37 2
883180 36 0 0
883183 36 40 0
883292 36 40 2
883309 36 0 0
883348 36 58 0
883419 36 0 0
883453 36 58 2
883513 36 35 0
883589 36 35 2
883593 36 50 0
883752 36 50 2
883772 36 62 0
884105 36 62 2
884133 36 38 0
884411 36 38 2
884483 36 63 0
885028 36 63 2
885068 36 12 0
885312 36 12 2
885336 36 2 0
885445 36 2 2
885469 36 13 0
885713 36 13 2
885809 36 3 0
885941 36 3 2
885981 36 23 0
886269 36 23 2
886285 36 24 0
886387 36 24 2
886495 36 7 0
886807 36 7 2
886815 36 25 0
886918 36 25 2
886946 36 26 0
887051 36 26 2
887131 36 0 0
887249 36 0 2
887257 36 3 0
887365 36 3 2
887409 36 4 0
887659 36 4 2
887755 36 5 0
887994 36 5 2
888034 36 15 0
888328 36 15 2
888336 36 14 0
888653 36 14 2
888665 36 50 0
888789 36 50 2
888817 36 6 0
889127 36 6 2
889147 36 4 0
889254 36 4 2
889262 36 8 0
889367 36 8 2
889371 36 47 0
889438 36 0 1
889625 36 47 2
889633 36 49 0
889665 36 0 2
889755 36 49 2
889771 36 11 0
889771 36 11 0
889773 36 0 2
889776 36 0 0
889822 36 11 2
889878 36 0 0
890010 36 0 0
890070 36 11 2
890106 36 5 0
890129 36 0 0
890231 36 5 2
890251 36 0 0
890255 36 37 0
890381 36 0 0
890493 36 37 2
890509 36 0 0
890557 36 4 0
890613 36 0 0
890723 36 0 0
890825 36 0 0
890867 36 4 2
890871 36 1 0
890939 36 0 0
890952 36 1 2
890980 36 27 0
891057 36 0 0
891063 36 27 2
891071 36 2 0
891154 36 2 2
891166 36 11 0
891171 36 0 0
891252 36 11 2
891260 36 7 0
891304 36 0 0
891341 36 7 2
891361 36 3 0
891446 36 0 0
891472 36 3 2
891580 36 6 0
891628 36 0 0
891697 36 6 2
891717 36 9 0
891753 36 0 0
891818 36 9 2
891930 36 0 0
891990 36 8 0
892094 36 8 2
892106 36 11 0
892146 36 0 0
892215 36 11 2
892235 36 12 0
892316 36 0 0
892354 36 12 2
892378 36 16 0
892516 36 0 0
892646 36 0 0
892651 36 16 2
892659 36 13 0
892764 36 0 0
892854 36 13 2
892902 36 2 0
892904 36 0 0
893066 36 2 2
893086 36 0 0
893110 36 40 0
893218 36 40 2
893222 36 25 0
893237 36 0 0
893343 36 25 2
893359 36 31 0
893368 36 0 0
893525 36 0 0
893671 36 0 0
893786 36 0 0
893889 36 0 0
894045 36 0 0
894163 36 0 0
894267 36 0 0
894499 36 0 0
894610 36 0 0
894712 36 0 0
894835 36 0 0
894858 36 31 2
894894 36 33 0
894962 36 0 0
895000 36 33 2
895004 36 36 0
895113 36 0 0
895259 36 36 2
895267 36 4 0
895278 36 0 0
895395 36 0 0
895451 36 4 2
895508 36 0 0
895531 36 11 0
895531 36 11 0
895582 36 11 2
895587 36 11 2
895599 36 5 0
895629 36 0 0
895716 36 5 2
895748 36 34 0
895791 36 0 0
895845 36 2 0
895846 36 0 1
895856 36 34 2
895876 36 35 0
895952 36 0 0
896074 36 35 2
896086 36 2 2
896097 36 0 0
896098 36 32 0
896159 36 0 2
896166 36 2 0
896213 36 0 0
896240 36 32 2
896308 36 17 0
896354 36 0 0
896486 36 0 0
896589 36 0 0
896602 36 17 2
896715 36 0 0
896860 36 0 0
896898 36 38 0
896898 36 38 0
896932 36 38 2
897005 36 0 0
897021 36 38 2
897029 36 27 0
897144 36 27 2
897164 36 35 0
897197 36 35 2
897204 36 0 0
897253 36 28 0
897356 36 0 0
897405 36 28 2
897471 36 0 0
897473 36 3 0
897547 36 3 2
897551 36 46 0
897593 36 0 0
897601 36 46 2
897621 36 4 0
897761 36 0 0
897828 36 4 2
897860 36 0 0
897863 36 0 0
897967 36 0 0
898016 36 0 2
898020 36 29 0
898089 36 0 0
898110 36 29 2
898254 36 47 0
898311 36 47 2
898383 36 30 0
898561 36 30 2
898913 36 31 0
899068 36 31 2
899072 36 44 0
899578 36 44 2
899586 36 43 0
899661 36 0 1
899703 36 43 2
899835 36 32 0
899893 36 45 2
899920 36 0 1
899934 36 0 2
899983 36 32 2
900149 36 9 2
900222 36 0 2
900307 36 33 0
900434 36 33 2
900482 36 33 0
900612 36 33 2
900620 36 27 0
900699 36 0 1
900888 36 27 2
900924 36 27 2
900966 36 0 2
900992 36 54 0
901580 36 54 2
901592 36 28 0
901810 36 28 2
901826 36 30 0
902117 36 30 2
902125 36 56 0
902262 36 56 2
902278 36 31 0
902294 36 0 1
902521 36 20 2
902522 36 31 2
902537 36 0 1
902562 36 0 2
902622 36 41 0
902717 36 0 1
902733 36 41 2
902777 36 6 2
902781 36 61 0
902851 36 0 2
902948 36 11 2
903006 36 0 2
903037 36 61 2
903041 36 39 0
903048 36 0 1
903193 36 0 1
903290 36 35 2
903291 36 0 1
903323 36 0 2
903416 36 4 2
903424 36 39 2
903436 36 7 0
903474 36 0 2
903528 36 12 2
903578 36 0 2
903619 36 7 2
903679 36 8 0
903707 36 0 1
903777 36 8 2
903809 36 63 0
903937 36 38 2
903979 36 0 2
904018 36 0 1
904151 36 0 1
904170 36 63 2
904247 36 42 2
904278 36 0 0
904293 36 0 1
904297 36 0 2
904326 36 0 1
904401 36 1 2
904420 36 0 2
904448 36 57 0
904469 36 0 1
904484 36 0 2
904520 36 63 2
904581 36 30 2
904593 36 0 2
904631 36 0 2
904697 36 21 2
904705 36 57 2
904747 36 0 2
904773 36 58 0
904778 36 0 1
904891 36 0 1
904908 36 58 2
904992 36 46 0
905008 36 18 2
905029 36 0 1
905066 36 0 2
905120 36 43 2
905162 36 0 2
905226 36 46 2
905238 36 59 0
905267 36 5 2
905334 36 0 2
905388 36 59 2
905420 36 32 0
905483 36 0 1
905532 36 32 2
905540 36 50 0
905597 36 50 2
905634 36 0 1
905673 36 60 0
905711 36 57 2
905782 36 0 1
905785 36 0 2
905864 36 45 2
905865 36 60 2
905873 36 62 0
905895 36 0 1
905908 36 0 2
906013 36 0 1
906031 36 22 2
906076 36 62 2
906080 36 3 0
906089 36 0 2
906127 36 52 2
906145 36 0 1
906171 36 0 2
906178 36 3 2
906190 36 5 0
906242 36 0 1
906260 36 27 2
906300 36 5 2
906302 36 0 2
906328 36 17 0
906371 36 9 2
906431 36 17 2
906444 36 0 2
906451 36 6 0
906482 36 28 2
906499 36 0 1
906516 36 0 2
906649 36 6 2
906650 36 0 1
906735 36 0 1
906740 36 48 2
906741 36 11 0
906814 36 0 2
906882 36 0 1
906887 36 14 2
906953 36 0 2
907002 36 26 2
907036 36 11 2
907044 36 10 0
907051 36 0 1
907052 36 0 2
907115 36 23 2
907125 36 10 2
907145 36 11 0
907181 36 0 2
907258 36 0 1
907278 36 46 2
907280 36 11 2
907288 36 6 0
907328 36 0 2
907414 36 0 1
907484 36 0 1
907486 36 53 2
907536 36 0 2
907590 36 0 1
907640 36 7 2
907710 36 0 1
907721 36 0 2
907751 36 24 2
907762 36 6 2
907798 36 36 0
907807 36 0 1
907817 36 0 2
907861 36 19 2
907911 36 0 2
907967 36 10 2
907979 36 0 1
908033 36 0 2
908078 36 36 2
908094 36 36 2
908103 36 0 2
908154 36 12 0
908206 36 34 2
908248 36 0 2
908304 36 0 1
908534 36 61 2
908542 36 0 1
908567 36 12 2
908575 36 0 0
908592 36 0 2
908654 36 0 1
908680 36 0 2
908767 36 62 2
908804 36 15 0
908834 36 0 2
908878 36 13 2
908938 36 0 2
908971 36 0 1
909052 36 15 2
909089 36 0 1
909150 36 0 0
909151 36 0 1
909172 36 7 0
909210 36 54 2
909249 36 20 0
909268 36 0 2
909321 36 25 2
909370 36 35 0
909378 36 0 2
909379 36 0 1
909405 36 7 2
909421 36 0 0
909437 36 0 2
909490 36 11 0
909512 36 0 1
909530 36 0 2
909531 36 0 0
909607 36 44 2
909614 36 4 0
909642 36 0 2
909663 36 0 1
909670 36 0 0
909672 36 0 2
909740 36 32 2
909754 36 30 0
909799 36 0 2
909820 36 9 0
909828 36 0 1
909841 36 0 0
909890 36 38 0
909890 36 56 2
909939 36 0 1
909941 36 0 0
909943 36 9 2
909973 36 0 2
909975 36 8 0
910030 36 6 0
910055 36 0 1
910061 36 0 0
910061 36 55 2
910128 36 0 2
910159 36 18 0
910170 36 8 2
910180 36 0 0
910190 36 0 1
910198 36 45 0
910202 36 41 2
910260 36 0 2
910275 36 5 0
910295 36 0 0
910306 36 0 1
910309 36 17 2
910375 36 0 2
910396 36 0 0
910401 36 43 0
910419 36 58 2
910450 36 45 2
910485 36 0 2
910527 36 21 0
910544 36 8 2
910558 36 14 0
910578 36 0 0
910627 36 0 2
910632 36 14 2
910643 36 12 0
910664 36 0 1
910685 36 0 0
910775 36 42 0
910808 36 0 1
910816 36 0 0
910877 36 3 0
910890 36 60 2
910914 36 0 1
910924 36 0 0
910928 36 31 0
910940 36 0 2
911002 36 31 2
911013 36 22 0
911024 36 0 0
911034 36 0 1
911045 36 31 2
911046 36 35 0
911104 36 0 2
911146 36 29 2
911148 36 0 0
911186 36 1 0
911188 36 0 2
911251 36 0 0
911261 36 50 2
911288 36 9 0
911295 36 35 2
911319 36 0 2
911355 36 32 0
911359 36 0 0
911398 36 52 0
911456 36 32 2
911459 36 0 0
911463 36 0 1
911496 36 28 0
911556 36 33 0
911577 36 0 0
911603 36 0 1
911628 36 26 0
911654 36 33 2
911682 36 0 0
911708 36 63 2
911746 36 34 0
911750 36 0 1
911782 36 0 2
911789 36 0 0
911802 36 27 0
911837 36 59 2
911849 36 34 2
911875 36 0 1
911881 36 1 0
911881 36 1 0
911893 36 0 0
911895 36 0 2
911955 36 1 2
911963 36 1 2
911976 36 39 2
911982 36 45 0
912007 36 32 0
912014 36 0 1
912023 36 0 0
912026 36 0 2
912124 36 57 0
912133 36 51 2
912143 36 0 1
912146 36 32 2
912154 36 35 0
912165 36 0 0
912182 36 0 2
912240 36 49 2
912273 36 0 1
912292 36 35 2
912296 36 60 0
912304 36 14 0
912305 36 0 0
912306 36 0 2
912369 36 40 2
912437 36 0 2
912495 36 23 0
912496 36 0 0
912501 36 37 2
912517 36 0 1
912535 36 0 2
912551 36 60 2
912567 36 61 0
912649 36 0 1
912650 36 46 0
912651 36 0 0
912731 36 0 1
912754 36 47 2
912763 36 61 2
912776 36 48 0
912778 36 0 0
912813 36 0 2
912823 36 48 0
912837 36 0 1
912876 36 15 2
912920 36 7 0
912921 36 0 0
912951 36 0 2
912952 36 48 2
912992 36 49 0
912998 36 16 2
913050 36 34 0
913061 36 0 0
913072 36 0 2
913120 36 33 2
913120 36 49 2
913156 36 36 0
913156 36 36 0
913165 36 36 0
913170 36 0 2
913174 36 36 2
913176 36 0 0
913280 36 36 2
913291 36 24 0
913292 36 0 0
913344 36 37 0
913344 36 37 0
913370 36 37 2
913439 36 19 0
913440 36 0 0
913521 36 37 2
913557 36 10 0
913559 36 0 0
913569 36 58 0
913762 36 61 0
913763 36 0 0
913900 36 53 0
913911 36 0 0
914057 36 62 0
914058 36 0 0
914192 36 13 0
914243 36 0 0
914351 36 54 0
914372 36 0 0
914436 36 58 2
914448 36 31 0
914476 36 25 0
914581 36 44 0
914597 36 0 0
914694 36 31 2
914706 36 30 0
914711 36 56 0
914712 36 0 0
914830 36 32 0
914842 36 0 0
914933 36 2 0
914934 36 0 1
914972 36 0 0
915001 36 30 2
915009 36 59 0
915166 36 2 2
915197 36 55 0
915198 36 0 0
915240 36 0 2
915306 36 17 0
915347 36 0 0
915441 36 58 0
915452 36 0 0
915539 36 41 0
915620 36 0 0
915720 36 60 0
915741 36 0 0
915806 36 59 2
915858 36 34 0
915917 36 31 0
915918 36 0 0
916043 36 8 0
916054 36 0 0
916165 36 34 2
916178 36 50 0
916179 36 0 0
916205 36 0 0
916435 36 29 0
916436 36 0 0
916490 36 0 2
916498 36 33 0
916799 36 33 2
916815 36 60 0
916867 36 63 0
916868 36 0 0
916998 36 59 0
917039 36 0 0
917135 36 39 0
917176 36 0 0
917231 36 60 2
917251 36 32 0
917306 36 51 0
917416 36 40 0
917447 36 0 0
917502 36 32 2
917517 36 49 0
917577 36 0 0
917578 36 61 0
917718 36 0 0
917756 36 37 0
917791 36 61 2
917837 36 0 0
917915 36 62 0
917946 36 47 0
917987 36 0 0
918127 36 15 0
918128 36 0 0
918157 36 62 2
918245 36 12 0
918254 36 33 0
918358 36 16 0
918383 36 12 2
918395 36 39 0
918439 36 0 0
918555 36 0 0
918628 36 39 2
918640 36 13 0
918768 36 13 2
918772 36 48 0
918975 36 48 2
918987 36 59 0
919174 36 59 2
919202 36 54 0
919202 36 54 0
919252 36 54 2
919334 36 35 2
919350 36 54 2
919390 36 55 0
919848 36 35 2
920045 36 55 2
920069 36 56 0
920215 36 35 2
920268 36 56 2
920296 36 57 0
920420 36 57 2
920424 36 35 2
920484 36 58 0
920639 36 58 2
920675 36 49 0
920809 36 49 2
920849 36 63 0
921006 36 63 2
921054 36 15 0
921226 36 15 2
921242 36 44 0
921331 36 44 2
921351 36 45 0
921448 36 45 2
921696 36 0 0
921863 36 0 2
921955 36 1 0
922073 36 1 2
922077 36 46 0
922143 36 46 2
922239 36 2 0
922340 36 2 2
922348 36 47 0
922422 36 47 2
922434 36 41 0
922533 36 41 2
922605 36 3 0
922720 36 3 2
922728 36 12 0
922794 36 12 2
923046 36 5 0
923180 36 5 2
923228 36 6 0
923363 36 6 2
923451 36 7 0
923603 36 7 2
923711 36 8 0
923833 36 8 2
923889 36 1 0
923990 36 1 2
924237 36 3 0
924238 36 0 1
924438 36 46 0
924480 36 3 2
924504 36 46 2
924512 36 4 0
924547 36 0 2
924666 36 4 2
924690 36 47 0
924764 36 47 2
924908 36 12 0
924974 36 12 2
925338 36 10 0
925487 36 10 2
925607 36 1 0
925607 36 1 0
925684 36 1 2
925694 36 1 2
926142 36 46 0
926209 36 46 2
926241 36 47 0
926241 36 47 0
926314 36 47 2
926317 36 47 2
926461 36 12 0
926510 36 12 2
926553 36 34 2
926994 36 1 0
927108 36 1 2
927556 36 46 0
927556 36 46 0
927606 36 46 2
927618 36 46 2
927638 36 47 0
927695 36 47 2
927839 36 12 0
927893 36 12 2
928377 36 1 0
928377 36 1 0
928451 36 1 2
928484 36 1 2
928916 36 12 0
928916 36 12 0
928958 36 12 2
928991 36 12 2
929007 36 46 0
929007 36 46 0
929036 36 37 2
929049 36 46 2
929057 36 46 2
929089 36 47 0
929089 36 47 0
929139 36 47 2
929148 36 47 2
929292 36 12 0
929292 36 12 0
929334 36 12 2
929391 36 12 2
929875 36 1 0
929875 36 1 0
929949 36 1 2
929973 36 1 2
930421 36 46 0
930421 36 46 0
930463 36 46 2
930471 36 46 2
930503 36 47 0
930503 36 47 0
930555 36 47 2
930563 36 47 2
930707 36 12 0
930707 36 12 0
930749 36 12 2
930756 36 12 2
931240 36 1 0
931240 36 1 0
931314 36 1 2
931321 36 1 2
931769 36 46 0
931769 36 46 0
931811 36 46 2
931819 36 46 2
931851 36 47 0
931851 36 47 0
931908 36 47 2
931914 36 47 2
932052 36 12 0
932052 36 12 0
932094 36 12 2
932102 36 12 2
932586 36 1 0
932586 36 1 0
932660 36 1 2
932668 36 1 2
933116 36 46 0
933116 36 46 0
933159 36 46 2
933168 36 46 2
933200 36 47 0
933200 36 47 0
933250 36 47 2
933259 36 47 2
933403 36 12 0
933403 36 12 0
933447 36 12 2
933457 36 12 2
933941 36 1 0
933941 36 1 0
934015 36 1 2
934023 36 1 2
934471 36 46 0
934471 36 46 0
934518 36 46 2
934521 36 46 2
934553 36 47 0
934553 36 47 0
934603 36 47 2
934611 36 47 2
934755 36 12 0
934755 36 12 0
934797 36 12 2
934805 36 12 2
935289 36 1 0
935289 36 1 0
935364 36 1 2
935375 36 1 2
935823 36 46 0
935823 36 46 0
935865 36 46 2
935874 36 46 2
935906 36 47 0
935906 36 47 0
935963 36 47 2
935964 36 47 2
936108 36 12 0
936108 36 12 0
936150 36 12 2
936159 36 12 2
936643 36 1 0
936643 36 1 0
936717 36 1 2
936724 36 1 2
937172 36 46 0
937172 36 46 0
937217 36 46 2
937225 36 46 2
937257 36 47 0
937257 36 47 0
937307 36 47 2
937315 36 47 2
937459 36 12 0
937459 36 12 0
937501 36 12 2
937509 36 12 2
937993 36 1 0
937993 36 1 0
938067 36 1 2
938075 36 1 2
938523 36 46 0
938523 36 46 0
938568 36 46 2
938575 36 46 2
938583 36 2 0
938584 36 0 1
938607 36 47 0
938607 36 47 0
938657 36 47 2
938665 36 47 2
938809 36 12 0
938809 36 12 0
938810 36 2 2
938851 36 12 2
938859 36 12 2
938884 36 0 2
939343 36 1 0
939343 36 1 0
939417 36 1 2
939425 36 1 2
939857 36 13 0
939939 36 13 2
939955 36 46 0
939955 36 46 0
939997 36 46 2
940005 36 46 2
940037 36 47 0
940037 36 47 0
940087 36 47 2
940095 36 47 2
940239 36 12 0
940239 36 12 0
940281 36 12 2
940288 36 12 2
940772 36 1 0
940772 36 1 0
940846 36 1 2
940854 36 1 2
941302 36 46 0
941302 36 46 0
941344 36 46 2
941352 36 46 2
941384 36 47 0
941384 36 47 0
941434 36 47 2
941441 36 47 2
941585 36 12 0
941585 36 12 0
941627 36 12 2
941637 36 12 2
942121 36 1 0
942121 36 1 0
942195 36 1 2
942208 36 1 2
942656 36 46 0
942656 36 46 0
942699 36 46 2
942706 36 46 2
942738 36 47 0
942738 36 47 0
942793 36 47 2
942794 36 47 2
942938 36 12 0
942938 36 12 0
942980 36 12 2
942989 36 12 2
943473 36 1 0
943473 36 1 0
943547 36 1 2
943554 36 1 2
944002 36 46 0
944002 36 46 0
944044 36 46 2
944053 36 46 2
944085 36 47 0
944085 36 47 0
944136 36 47 2
944145 36 47 2
944289 36 12 0
944289 36 12 0
944331 36 12 2
944344 36 12 2
944828 36 1 0
944828 36 1 0
944902 36 1 2
944911 36 1 2
945359 36 46 0
945359 36 46 0
945401 36 46 2
945409 36 46 2
945441 36 47 0
945441 36 47 0
945494 36 47 2
945500 36 47 2
945644 36 12 0
945644 36 12 0
945686 36 12 2
945699 36 12 2
946183 36 1 0
946183 36 1 0
946259 36 1 2
946275 36 1 2
946723 36 46 0
946723 36 46 0
946765 36 46 2
946775 36 46 2
946807 36 47 0
946807 36 47 0
946857 36 47 2
946867 36 47 2
947011 36 12 0
947011 36 12 0
947053 36 12 2
947062 36 12 2
947546 36 1 0
947546 36 1 0
947620 36 1 2
947628 36 1 2
948076 36 46 0
948076 36 46 0
948119 36 46 2
948126 36 46 2
948158 36 47 0
948158 36 47 0
948208 36 47 2
948217 36 47 2
948361 36 12 0
948361 36 12 0
948403 36 12 2
948411 36 12 2
948895 36 1 0
948895 36 1 0
948969 36 1 2
948980 36 1 2
949428 36 46 0
949428 36 46 0
949470 36 46 2
949478 36 46 2
949510 36 47 0
949510 36 47 0
949560 36 47 2
949568 36 47 2
949712 36 12 0
949712 36 12 0
949756 36 12 2
949768 36 12 2
950252 36 1 0
950252 36 1 0
950327 36 1 2
950336 36 1 2
950768 36 14 0
950890 36 14 2
950906 36 46 0
950906 36 46 0
950949 36 46 2
950962 36 46 2
950994 36 47 0
950994 36 47 0
951044 36 47 2
951052 36 47 2
951196 36 12 0
951196 36 12 0
951238 36 12 2
951246 36 12 2
951730 36 1 0
951730 36 1 0
951804 36 1 2
951812 36 1 2
952260 36 46 0
952260 36 46 0
952312 36 46 2
952317 36 46 2
952349 36 47 0
952349 36 47 0
952399 36 47 2
952409 36 47 2
952553 36 12 0
952553 36 12 0
952595 36 12 2
952603 36 12 2
953087 36 1 0
953087 36 1 0
953161 36 1 2
953169 36 1 2
953617 36 46 0
953617 36 46 0
953660 36 46 2
953669 36 46 2
953701 36 47 0
953701 36 47 0
953751 36 47 2
953759 36 47 2
953903 36 12 0
953903 36 12 0
953946 36 12 2
953954 36 12 2
954438 36 1 0
954438 36 1 0
954517 36 1 2
954521 36 1 2
954969 36 46 0
954969 36 46 0
955015 36 46 2
955034 36 46 2
955066 36 47 0
955066 36 47 0
955116 36 47 2
955124 36 47 2
955268 36 12 0
955268 36 12 0
955312 36 12 2
955320 36 12 2
955804 36 1 0
955804 36 1 0
955879 36 1 2
955887 36 1 2
956335 36 46 0
956335 36 46 0
956378 36 46 2
956387 36 46 2
956419 36 47 0
956419 36 47 0
956469 36 47 2
956477 36 47 2
956621 36 12 0
956621 36 12 0
956663 36 12 2
956671 36 12 2
957155 36 1 0
957155 36 1 0
957229 36 1 2
957238 36 1 2
957686 36 46 0
957686 36 46 0
957730 36 46 2
957738 36 46 2
957770 36 47 0
957770 36 47 0
957820 36 47 2
957829 36 47 2
957973 36 12 0
957973 36 12 0
958017 36 12 2
958025 36 12 2
958509 36 1 0
958509 36 1 0
958583 36 1 2
958590 36 1 2
959038 36 46 0
959038 36 46 0
959080 36 46 2
959089 36 46 2
959121 36 47 0
959121 36 47 0
959171 36 47 2
959180 36 47 2
959324 36 12 0
959324 36 12 0
959368 36 12 2
959376 36 12 2
959826 36 2 0
959827 36 2 2
959860 36 1 0
959860 36 1 0
959934 36 1 2
959943 36 1 2
960391 36 46 0
960391 36 46 0
960438 36 46 2
960441 36 46 2
960473 36 47 0
960473 36 47 0
960523 36 47 2
960532 36 47 2
960676 36 12 0
960676 36 12 0
960720 36 12 2
960728 36 12 2
961116 36 1 0
961116 36 1 0
961190 36 1 2
961198 36 1 2
961630 36 7 0
961736 36 7 2
961752 36 46 0
961752 36 46 0
961795 36 46 2
961802 36 46 2
961834 36 47 0
961834 36 47 0
961884 36 47 2
961891 36 47 2
962035 36 12 0
962035 36 12 0
962077 36 12 2
962084 36 12 2
962568 36 1 0
962568 36 1 0
962642 36 1 2
962650 36 1 2
963098 36 46 0
963098 36 46 0
963140 36 46 2
963152 36 46 2
963184 36 47 0
963184 36 47 0
963234 36 47 2
963243 36 47 2
963387 36 12 0
963387 36 12 0
963429 36 12 2
963436 36 12 2
963560 36 2 0
963561 36 2 2
963920 36 1 0
963920 36 1 0
963994 36 1 2
964002 36 1 2
964450 36 46 0
964450 36 46 0
964496 36 46 2
964506 36 46 2
964538 36 47 0
964538 36 47 0
964588 36 47 2
964596 36 47 2
964740 36 5 0
964840 36 5 2
964848 36 61 0
964971 36 61 2
964979 36 29 0
965223 36 29 2
965239 36 62 0
965239 36 62 0
965297 36 62 2
965372 36 62 2
965648 36 63 0
965648 36 63 0
965714 36 63 2
965798 36 63 2
966222 36 12 0
966222 36 12 0
966264 36 12 2
966306 36 12 2
966746 36 11 0
966864 36 11 2
967076 36 1 0
967076 36 1 0
967152 36 1 2
967178 36 1 2
967626 36 46 0
967626 36 46 0
967669 36 46 2
967688 36 46 2
967720 36 47 0
967720 36 47 0
967771 36 47 2
967779 36 47 2
968655 36 12 0
968655 36 12 0
968697 36 12 2
968739 36 12 2
968883 36 37 2
969391 36 1 0
969391 36 1 0
969466 36 1 2
969474 36 1 2
969922 36 46 0
969922 36 46 0
969964 36 46 2
969972 36 46 2
970004 36 47 0
970004 36 47 0
970054 36 47 2
970062 36 47 2
970206 36 12 0
970206 36 12 0
970248 36 12 2
970262 36 12 2
970746 36 1 0
970746 36 1 0
970821 36 1 2
970830 36 1 2
971256 36 37 2
971278 36 46 0
971278 36 46 0
971321 36 46 2
971330 36 46 2
971362 36 47 0
971362 36 47 0
971414 36 47 2
971426 36 47 2
971570 36 12 0
971570 36 12 0
971612 36 12 2
971620 36 12 2
972104 36 1 0
972104 36 1 0
972188 36 1 2
972206 36 1 2
972654 36 46 0
972654 36 46 0
972696 36 46 2
972704 36 46 2
972736 36 47 0
972736 36 47 0
972794 36 47 2
972799 36 47 2
972938 36 12 0
973010 36 12 2
973494 36 1 0
973494 36 1 0
973635 36 1 2
973648 36 1 2
974083 36 46 0
974083 36 46 0
974127 36 46 2
974136 36 46 2
974168 36 47 0
974168 36 47 0
974218 36 47 2
974236 36 47 2
974380 36 12 0
974449 36 12 2
974933 36 1 0
974933 36 1 0
975057 36 1 2
975065 36 1 2
975497 36 8 0
975627 36 8 2
975643 36 46 0
975643 36 46 0
975685 36 46 2
975695 36 46 2
975727 36 47 0
975727 36 47 0
975777 36 47 2
975785 36 47 2
975929 36 12 0
975929 36 12 0
975971 36 12 2
975979 36 12 2
976285 36 0 1
976463 36 1 0
976463 36 1 0
976506 36 3 2
976572 36 0 2
976588 36 1 2
976601 36 1 2
977049 36 46 0
977049 36 46 0
977068 36 2 0
977069 36 2 2
977093 36 46 2
977117 36 46 2
977149 36 47 0
977149 36 47 0
977199 36 47 2
977208 36 47 2
977352 36 12 0
977352 36 12 0
977394 36 12 2
977402 36 12 2
977886 36 1 0
977886 36 1 0
978010 36 1 2
978025 36 1 2
978473 36 46 0
978473 36 46 0
978515 36 46 2
978525 36 46 2
978557 36 47 0
978557 36 47 0
978607 36 47 2
978616 36 47 2
978760 36 12 0
978760 36 12 0
978803 36 12 2
978831 36 12 2
979315 36 1 0
979315 36 1 0
979439 36 1 2
979457 36 1 2
979905 36 46 0
979905 36 46 0
979953 36 46 2
979964 36 46 2
979996 36 47 0
979996 36 47 0
980046 36 47 2
980054 36 47 2
980198 36 12 0
980198 36 12 0
980243 36 12 2
980259 36 12 2
980743 36 1 0
980743 36 1 0
980867 36 1 2
980887 36 1 2
981335 36 46 0
981335 36 46 0
981379 36 46 2
981386 36 46 2
981418 36 47 0
981418 36 47 0
981468 36 47 2
981476 36 47 2
981510 36 2 0
981511 36 0 1
981620 36 12 0
981620 36 12 0
981662 36 12 2
981690 36 12 2
981735 36 2 2
981808 36 0 2
982174 36 1 0
982174 36 1 0
982298 36 1 2
982318 36 1 2
982766 36 46 0
982766 36 46 0
982808 36 46 2
982817 36 46 2
982849 36 47 0
982849 36 47 0
982899 36 47 2
982907 36 47 2
983051 36 12 0
983051 36 12 0
983103 36 12 2
983144 36 12 2
983628 36 1 0
983628 36 1 0
983742 36 1 2
983764 36 1 2
984212 36 46 0
984212 36 46 0
984254 36 46 2
984262 36 46 2
984294 36 47 0
984294 36 47 0
984344 36 47 2
984360 36 47 2
984504 36 12 0
984504 36 12 0
984546 36 12 2
984564 36 12 2
985048 36 1 0
985048 36 1 0
985182 36 1 2
985191 36 1 2
985639 36 46 0
985639 36 46 0
985681 36 46 2
985690 36 46 2
985722 36 47 0
985722 36 47 0
985772 36 47 2
985786 36 47 2
985930 36 12 0
985930 36 12 0
985973 36 12 2
985983 36 12 2
986467 36 1 0
986467 36 1 0
986591 36 1 2
986610 36 1 2
987042 36 9 0
987144 36 9 2
987160 36 46 0
987160 36 46 0
987208 36 46 2
987225 36 46 2
987240 36 47 0
987240 36 47 0
987304 36 47 2
987322 36 47 2
987448 36 12 0
987448 36 12 0
987520 36 12 2
987552 36 12 2
988004 36 1 0
988004 36 1 0
988138 36 1 2
988146 36 1 2
988594 36 46 0
988594 36 46 0
988656 36 46 2
988658 36 46 2
988690 36 47 0
988690 36 47 0
988741 36 47 2
988751 36 47 2
988895 36 12 0
988895 36 12 0
988939 36 12 2
988947 36 12 2
989431 36 1 0
989431 36 1 0
989555 36 1 2
989563 36 1 2
990011 36 46 0
990011 36 46 0
990053 36 46 2
990064 36 46 2
990096 36 47 0
990096 36 47 0
990146 36 47 2
990154 36 47 2
990298 36 12 0
990298 36 12 0
990340 36 12 2
990377 36 12 2
990861 36 1 0
990861 36 1 0
990985 36 1 2
991003 36 1 2
991451 36 46 0
991451 36 46 0
991493 36 46 2
991501 36 46 2
991533 36 47 0
991533 36 47 0
991583 36 47 2
991591 36 47 2
991735 36 12 0
991735 36 12 0
991777 36 12 2
991815 36 12 2
992299 36 1 0
992299 36 1 0
992430 36 1 2
992513 36 1 2
992878 36 46 0
992878 36 46 0
992920 36 46 2
992930 36 46 2
992962 36 47 0
992962 36 47 0
993021 36 47 2
993029 36 47 2
993173 36 12 0
993173 36 12 0
993215 36 12 2
993242 36 12 2
993726 36 1 0
993726 36 1 0
993850 36 1 2
993858 36 1 2
994306 36 46 0
994306 36 46 0
994349 36 46 2
994354 36 46 2
994386 36 47 0
994386 36 47 0
994436 36 47 2
994444 36 47 2
994588 36 12 0
994588 36 12 0
994630 36 12 2
994657 36 12 2
995141 36 1 0
995141 36 1 0
995275 36 1 2
995283 36 1 2
995731 36 46 0
995731 36 46 0
995766 36 3 0
995767 36 0 1
995773 36 46 2
995781 36 46 2
995813 36 47 0
995813 36 47 0
995864 36 47 2
995872 36 47 2
995985 36 3 2
996016 36 12 0
996016 36 12 0
996050 36 0 2
996062 36 0 1
996078 36 12 2
996096 36 12 2
996285 36 3 2
996350 36 0 2
996580 36 1 0
996580 36 1 0
996704 36 1 2
996722 36 1 2
997170 36 46 0
997170 36 46 0
997213 36 46 2
997218 36 46 2
997250 36 47 0
997250 36 47 0
997300 36 47 2
997308 36 47 2
997452 36 12 0
997452 36 12 0
997514 36 12 2
997542 36 12 2
998026 36 1 0
998026 36 1 0
998168 36 1 2
998250 36 1 2
998600 36 10 0
998730 36 10 2
998746 36 46 0
998746 36 46 0
998788 36 46 2
998795 36 46 2
998827 36 47 0
998827 36 47 0
998877 36 47 2
998885 36 47 2
999029 36 12 0
999029 36 12 0
999078 36 12 2
999121 36 12 2
999562 36 1 0
999562 36 1 0
999701 36 1 2
999777 36 1 2
1000149 36 46 0
1000149 36 46 0
1000202 36 46 2
1000231 36 46 2
1000234 36 47 0
1000234 36 47 0
1000296 36 47 2
1000324 36 47 2
1000440 36 12 0
1000440 36 12 0
1000482 36 12 2
1000530 36 12 2
1001014 36 1 0
1001014 36 1 0
1001149 36 1 2
1001228 36 1 2
1001597 36 46 0
1001597 36 46 0
1001646 36 46 2
1001678 36 47 0
1001678 36 47 0
1001679 36 46 2
1001735 36 47 2
1001768 36 47 2
1001879 36 12 0
1001879 36 12 0
1001949 36 12 2
1001981 36 12 2
1002433 36 1 0
1002433 36 1 0
1002576 36 1 2
1002647 36 1 2
1003024 36 46 0
1003024 36 46 0
1003074 36 46 2
1003106 36 47 0
1003106 36 47 0
1003106 36 46 2
1003164 36 47 2
1003196 36 47 2
1003308 36 12 0
1003308 36 12 0
1003350 36 12 2
1003378 36 12 2
1003862 36 1 0
1003862 36 1 0
1003986 36 1 2
1004004 36 1 2
1004452 36 46 0
1004452 36 46 0
1004495 36 46 2
1004503 36 46 2
1004535 36 47 0
1004535 36 47 0
1004585 36 47 2
1004595 36 47 2
1004739 36 12 0
1004739 36 12 0
1004785 36 12 2
1004800 36 12 2
1005284 36 1 0
1005284 36 1 0
1005408 36 1 2
1005426 36 1 2
1005874 36 46 0
1005874 36 46 0
1005916 36 46 2
1005929 36 46 2
1005961 36 47 0
1005961 36 47 0
1006011 36 47 2
1006019 36 47 2
1006163 36 12 0
1006163 36 12 0
1006205 36 12 2
1006234 36 12 2
1006718 36 1 0
1006718 36 1 0
1006832 36 1 2
1006849 36 1 2
1007297 36 46 0
1007297 36 46 0
1007339 36 46 2
1007347 36 46 2
1007379 36 47 0
1007379 36 47 0
1007429 36 47 2
1007437 36 47 2
1007581 36 12 0
1007581 36 12 0
1007643 36 12 2
1007661 36 12 2
1008145 36 1 0
1008145 36 1 0
1008235 36 2 0
1008236 36 0 1
1008269 36 1 2
1008290 36 1 2
1008456 36 2 2
1008530 36 0 2
1008738 36 46 0
1008738 36 46 0
1008780 36 46 2
1008796 36 46 2
1008828 36 47 0
1008828 36 47 0
1008878 36 47 2
1008886 36 47 2
1009030 36 12 0
1009030 36 12 0
1009072 36 12 2
1009100 36 12 2
1009584 36 1 0
1009584 36 1 0
1009709 36 1 2
1009716 36 1 2
1010164 36 46 0
1010164 36 46 0
1010206 36 46 2
1010214 36 46 2
1010246 36 47 0
1010246 36 47 0
1010306 36 47 2
1010314 36 47 2
1010458 36 12 0
1010458 36 12 0
1010500 36 12 2
1010517 36 12 2
1011001 36 1 0
1011001 36 1 0
1011085 36 1 2
1011095 36 1 2
1011543 36 46 0
1011543 36 46 0
1011585 36 46 2
1011604 36 46 2
1011636 36 47 0
1011636 36 47 0
1011706 36 47 2
1011724 36 47 2
1011868 36 12 0
1011868 36 12 0
1011950 36 12 2
1011973 36 12 2
1012457 36 1 0
1012457 36 1 0
1012531 36 1 2
1012545 36 1 2
1012993 36 46 0
1012993 36 46 0
1013035 36 46 2
1013045 36 46 2
1013077 36 47 0
1013077 36 47 0
1013147 36 47 2
1013165 36 47 2
1013309 36 12 0
1013309 36 12 0
1013381 36 12 2
1013399 36 12 2
1013883 36 1 0
1013883 36 1 0
1014020 36 1 2
1014075 36 1 2
1014156 36 39 2
1014276 36 37 2
1014379 36 40 2
1014489 36 35 2
1014523 36 46 0
1014523 36 46 0
1014565 36 46 2
1014572 36 46 2
1014604 36 47 0
1014604 36 47 0
1014629 36 35 2
1014654 36 47 2
1014663 36 47 2
1014807 36 12 0
1014807 36 12 0
1014849 36 12 2
1014856 36 12 2
1014988 36 1 0
1015078 36 1 2
1015179 36 39 2
1015308 36 40 2
1015416 36 37 2
1015422 36 9 0
1015520 36 9 2
1015644 36 55 0
1015718 36 55 2
1015722 36 1 0
1015722 36 1 0
1015837 36 1 2
1015882 36 1 2
1015906 36 56 0
1015957 36 37 2
1016012 36 56 2
1016032 36 45 0
1016090 36 45 2
1016106 36 1 0
1016207 36 1 2
1016243 36 1 0
1016344 36 1 2
1016348 36 46 0
1016446 36 46 2
1016522 36 63 0
1016656 36 39 2
1016755 36 63 2
1016763 36 47 0
1016790 36 34 2
1016869 36 47 2
1016973 36 62 0
1016973 36 62 0
1017031 36 62 2
1017039 36 62 2
1017107 36 29 0
1017188 36 29 2
1017228 36 30 0
1017319 36 30 2
1017363 36 17 0
1017454 36 17 2
1017510 36 18 0
1017592 36 18 2
1017628 36 22 0
1017723 36 22 2
1017775 36 3 0
1018133 36 3 2
1018141 36 19 0
1018193 36 35 2
1018214 36 19 2
1018218 36 3 0
1019082 36 3 2
1019459 36 29 2
1019466 36 3 0
1019568 36 3 2
1019628 36 22 2
1019719 36 9 2
1019812 36 23 2
1019820 36 3 0
1022021 36 33 2
1022961 36 0 1
1023195 36 3 2
1023262 36 0 2
1029238 36 3 2
1029297 36 53 2
1029396 36 5 2
1029479 36 22 2
1029574 36 3 0
1029574 36 16 2
1030493 36 3 2
1030925 36 3 0
1030925 36 40 2
1032450 36 3 2
1032451 36 3 0
1032730 36 6 0
1032731 36 3 0
1033009 36 3 2
1033074 36 48 2
1033081 36 3 0
1033406 36 8 0
1033407 36 3 0
1033889 36 5 0
1033890 36 3 0
1034119 36 10 0
1034120 36 3 0
1034555 36 11 0
1034556 36 3 0
1034792 36 3 0
1034793 36 4 0
1036748 36 7 0
1036749 36 3 0
1037272 36 17 0
1037273 36 3 0
1037635 36 1 0
1037636 36 3 0
1038436 36 24 2
1038509 36 13 0
1038510 36 3 0
1038843 36 22 0
1038844 36 3 0
1039240 36 14 0
1039241 36 3 0
1039417 36 0 1
1039635 36 3 2
1039700 36 0 2
1040038 36 0 0
1040039 36 3 0
1040535 36 12 0
1040536 36 3 0
1040982 36 24 0
1040983 36 3 0
1041010 36 24 0
1041480 36 24 0
1042828 36 19 0
1042829 36 3 0
1043651 36 21 0
1043652 36 3 0
1044037 36 33 0
1044038 36 3 0
1044055 36 3 2
1044299 36 24 0
1044371 36 1 0
1044452 36 1 2
1044716 36 21 0
1044766 36 21 2
1044770 36 30 0
1044831 36 15 0
1044832 36 3 0
1044896 36 30 2
1044908 36 24 0
1045005 36 24 2
1045041 36 26 0
1045042 36 3 0
1045105 36 25 0
1045195 36 25 2
1045203 36 36 0
1045212 36 2 0
1045212 36 36 2
1045287 36 36 2
1045351 36 26 0
1045433 36 26 2
1045497 36 27 0
1045591 36 27 2
1045623 36 34 0
1045765 36 34 2
1045777 36 26 0
1045869 36 26 2
1045965 36 55 0
1046139 36 39 0
1046140 36 3 0
1046163 36 55 2
1046171 36 27 0
1046245 36 27 2
1046293 36 23 0
1046801 36 23 2
1046805 36 28 0
1046862 36 44 2
1046879 36 28 2
1046899 36 23 0
1046911 36 3 0
1046912 36 35 0
1047090 36 3 0
1047091 36 3 2
1048160 36 24 0
1048652 36 24 0
1050317 36 34 0
1050318 36 3 0
1050705 36 24 0
1051473 36 23 2
1051505 36 56 0
1051505 36 56 0
1051532 36 43 2
1051679 36 56 2
1051767 36 56 2
1051799 36 3 0
1051800 36 0 1
1051803 36 25 0
1052025 36 3 2
1052086 36 25 2
1052090 36 0 2
1052114 36 57 0
1052114 36 57 0
1052166 36 24 0
1052180 36 57 2
1052269 36 57 2
1052277 36 37 0
1052343 36 37 2
1052395 36 23 0
1055741 36 23 2
1055800 36 38 2
1055801 36 23 0
1056985 36 23 2
1058132 36 40 2
1058137 36 23 0
1059184 36 23 2
1059212 36 40 0
1059213 36 3 0
1059977 36 59 2
1059988 36 23 0
1061484 36 23 2
1062023 36 63 2
1062024 36 23 0
1062924 36 23 2
1062984 36 23 0
1062984 36 62 2
1064731 36 23 2
1065011 36 48 2
1065019 36 23 0
1069197 36 23 2
1070205 36 23 0
1070205 36 28 2
1071830 36 28 0
1071831 36 3 0
1071898 36 23 2
1072946 36 45 2
1072954 36 23 0
1074958 36 23 2
1075877 36 38 2
1075882 36 23 0
1077929 36 23 2
1079441 36 38 0
1079442 36 3 0
1080034 36 45 0
1080035 36 3 0
1080288 36 47 2
1080293 36 23 0
1081525 36 23 2
1083418 36 55 2
1083421 36 23 0
1083429 36 47 0
1083430 36 3 0
1084468 36 23 2
1087367 36 55 2
1087372 36 23 0
1088400 36 55 0
1088401 36 3 0
1089004 36 23 2
1090358 36 46 2
1090360 36 23 0
1090909 36 23 2
1093252 36 46 2
1093261 36 23 0
1093776 36 23 2
1094179 36 46 0
1094180 36 3 0
1094470 36 50 2
1094472 36 23 0
1095394 36 50 0
1095395 36 3 0
1095538 36 23 2
1097156 36 49 2
1097158 36 23 0
1098082 36 49 0
1098083 36 3 0
1098624 36 23 2
1099162 36 37 2
1099164 36 23 0
1099984 36 23 2
1100253 36 37 2
1100260 36 23 0
1101049 36 37 0
1101050 36 3 0
1102675 36 48 0
1102676 36 3 0
1105208 36 43 0
1105209 36 3 0
1106758 36 9 0
1106759 36 3 0
1106848 36 29 0
1106850 36 3 0
1108918 36 23 2
1109198 36 32 2
1109206 36 23 0
1111847 36 52 0
1111848 36 3 0
1112006 36 23 2
1112202 36 59 2
1112210 36 23 0
1113968 36 3 0
1113969 36 60 0
1115206 36 23 2
1115866 36 23 0
1115866 36 31 2
1116829 36 23 2
1117823 36 31 0
1117824 36 3 0
1118331 36 23 2
1118341 36 23 0
1119269 36 23 2
1119681 36 20 2
1119689 36 23 0
1120377 36 23 2
1121530 36 44 2
1121541 36 23 0
1122058 36 20 0
1122059 36 3 0
1122295 36 23 0
1122296 36 3 0
1122377 36 44 0
1122398 36 3 0
1122987 36 23 2
1123319 36 25 2
1123323 36 23 0
1124137 36 25 0
1124138 36 3 0
1124503 36 23 2
1124555 36 29 0
1124562 36 62 2
1124637 36 29 2
1124653 36 23 0
1125288 36 53 0
1125289 36 3 0
1126281 36 23 2
1126340 36 30 2
1126345 36 23 0
1129221 36 23 2
1129257 36 32 0
1129314 36 32 2
1129398 36 28 0
1129472 36 28 2
1129524 36 2 0
1129597 36 2 2
1129609 36 29 0
1129691 36 29 2
1129723 36 4 0
1129797 36 4 2
1129805 36 35 0
1129805 36 35 0
1129831 36 35 2
1129839 36 35 2
1129879 36 36 0
1129879 36 36 0
1129888 36 36 0
1129889 36 3 0
1129897 36 36 2
1129954 36 36 2
1130042 36 56 0
1130164 36 56 2
1130184 36 57 0
1130298 36 57 2
1130352 36 61 2
1130386 36 58 0
1130386 36 58 0
1130444 36 58 2
1130493 36 58 2
1130573 36 59 0
1130573 36 59 0
1130623 36 59 2
1130680 36 59 2
1130704 36 63 0
1130777 36 63 2
1130861 36 33 0
1130910 36 33 2
1131044 36 30 0
1131045 36 3 0
1131346 36 61 0
1131347 36 3 0
1133066 36 27 0
1133067 36 3 0
1134048 36 42 0
1134049 36 3 0
1135657 36 59 0
1135658 36 3 0
1137087 36 54 0
1137088 36 3 0
1137794 36 56 0
1137795 36 3 0
1138612 36 58 0
1138613 36 3 0
1139162 36 16 0
1139163 36 3 0
1139621 36 32 0
1139622 36 3 0
1140355 36 41 0
1140356 36 3 0
1141131 36 51 0
1141132 36 3 0
1141825 36 3 0
1141826 36 62 0
1142269 36 3 0
1142270 36 57 0
1143312 36 63 0
1143313 36 3 0
1150584 36 3 0
1150585 36 2 0
1159503 36 3 0
1159504 36 3 2
1163865 36 3 0
1163866 36 0 1
1164088 36 3 2
1164153 36 0 2
1167204 36 3 0
1167205 36 0 1
1167428 36 3 2
1167493 36 0 2
1173183 36 3 0
1173184 36 0 1
1173408 36 3 2
1173473 36 0 2
1173987 36 3 0
1173988 36 0 1
1174208 36 3 2
1174273 36 0 2
1211073 36 3 0
1211074 36 0 1
1211299 36 3 2
1211365 36 0 2
1239293 36 3 0
1239294 36 0 1
1239518 36 3 2
1239583 36 0 2
1254289 36 3 0
1254290 36 0 1
1254508 36 3 2
1254573 36 0 2
1268604 36 3 0
1268605 36 0 1
1268829 36 3 2
1268895 36 0 2
1279517 36 3 0
1279518 36 3 2
1318275 36 3 0
1318276 36 0 1
1318498 36 3 2
1318563 36 0 2
1470516 36 3 2
1518539 36 3 0
1518540 36 0 1
1518758 36 3 2
1518823 36 0 2
1523211 36 3 0
1523212 36 0 1
1523438 36 3 2
1523503 36 0 2
1844587 36 37 0
1844587 36 37 0
1844703 36 3 0
1844704 36 3 2
1844906 36 51 2
1844907 36 51 0
1844961 36 52 0
1844962 36 52 2
1845004 36 35 0
1845005 36 35 2
1845044 36 20 0
1845045 36 20 2
1845066 36 3 0
1845095 36 2 0
1845127 36 38 0
1845168 36 38 2
1845187 36 44 0
1845216 36 44 2
1845269 36 46 0
1845270 36 46 2
1845337 36 34 0
1845338 36 34 2
1845494 36 17 0
1845495 36 17 2
1845558 36 54 0
1845569 36 54 2
1845615 36 50 0
1845636 36 50 2
1845648 36 37 2
1845725 36 8 0
1845726 36 8 2
1845805 36 28 0
1845816 36 28 2
1845865 36 62 0
1845866 36 62 2
1845916 36 36 0
1845916 36 36 0
1845925 36 36 0
1845934 36 36 2
1845936 36 36 2
1845951 36 36 2
1845983 36 38 0
1845983 36 38 0
1846047 36 38 2
1846083 36 33 0
1846084 36 33 2
1846129 36 30 0
1846140 36 30 2
1846257 36 41 0
1846258 36 41 2
1846364 36 57 0
1846365 36 57 2
1846440 36 6 0
1846441 36 6 2
1846554 36 24 0
1846555 36 24 2
1846619 36 39 0
1846628 36 39 2
1846752 36 32 0
1846753 36 32 2
1846810 36 15 0
1846811 36 15 2
1846935 36 4 0
1846936 36 4 2
1846986 36 47 0
1846997 36 47 2
1847045 36 10 0
1847057 36 10 2
1847252 36 31 0
1847253 36 31 2
1847336 36 14 0
1847337 36 14 2
1847404 36 23 0
1847405 36 23 2
1847463 36 37 2
1847510 36 37 0
1847511 36 37 2
1847568 36 38 2
1847657 36 55 0
1847658 36 55 2
1847725 36 56 0
1847726 36 56 2
1847728 36 54 0
1847728 36 54 0
1847778 36 54 2
1847803 36 54 2
1847808 36 1 0
1847809 36 1 2
1847811 36 56 0
1847811 36 56 0
1847885 36 25 0
1847885 36 56 2
1847895 36 56 2
1847896 36 25 2
1847945 36 58 0
1847947 36 37 0
1847947 36 37 0
1847956 36 58 2
1847973 36 37 2
1848009 36 29 0
1848030 36 29 2
1848105 36 9 0
1848106 36 9 2
1848173 36 22 0
1848184 36 22 2
1848311 36 12 0
1848312 36 12 2
1848356 36 53 0
1848367 36 53 2
1848469 36 11 0
1848470 36 11 2
1848567 36 0 0
1848568 36 0 2
1848665 36 26 0
1848666 36 26 2
1848725 36 16 0
1848726 36 16 2
1848804 36 60 0
1848805 36 60 2
1848991 36 5 0
1848992 36 5 2
1849070 36 48 0
1849071 36 48 2
1849145 36 43 0
1849156 36 43 2
1849185 36 42 0
1849206 36 42 2
1849211 36 37 2
1849235 36 57 0
1849235 36 57 0
1849340 36 59 0
1849341 36 59 2
1849413 36 57 2
1849444 36 21 0
1849445 36 21 2
1849530 36 57 2
1849638 36 35 0
1849638 36 35 0
1849664 36 35 2
1849671 36 35 2
1849778 36 63 0
1849779 36 63 2
1849781 36 2 0
1849860 36 2 2
1849879 36 19 0
1849940 36 19 2
1850004 36 40 0
1850005 36 40 2
1850075 36 7 2
1850076 36 7 0
1850156 36 61 0
1850158 36 61 2
1850189 36 35 2
1850198 36 3 0
1850219 36 3 2
1850254 36 13 0
1850290 36 13 2
1850353 36 45 0
1850354 36 45 2
1850460 36 27 0
1850461 36 27 2
1850527 36 47 0
1850527 36 47 0
1850567 36 49 0
1850568 36 49 2
1850577 36 47 2
1850656 36 47 2
1850680 36 11 0
1850680 36 11 0
1850713 36 35 2
1850730 36 11 2
1850738 36 11 2
1850848 36 35 2
1850866 36 1 0
1850931 36 34 2
1851109 36 32 2
1851362 36 34 2
1851455 36 1 2
1851484 36 34 2
1851592 36 32 2
1851979 36 14 0
1852097 36 14 2
1852109 36 15 0
1852109 36 15 0
1852175 36 15 2
1852202 36 15 2
1852222 36 18 0
1852528 36 18 2
1852552 36 4 0
1852662 36 4 2
1852706 36 38 0
1852706 36 38 0
1852740 36 38 2
1852748 36 38 2
1852892 36 11 0
1852892 36 11 0
1852942 36 11 2
1852950 36 11 2
1852962 36 46 0
1853047 36 46 2
1853091 36 12 0
1853140 36 12 2
1853296 36 47 0
1853355 36 47 2
1853371 36 12 0
1853454 36 12 2
1853490 36 47 0
1853507 36 33 2
1853552 36 47 2
1854053 36 33 2
1854186 36 33 2
1854300 36 54 0
1854300 36 54 0
1854350 36 54 2
1854368 36 54 2
1854728 36 40 0
1855038 36 40 2
1855066 36 49 0
1855203 36 49 2
1855215 36 51 0
1855333 36 51 2
1855353 36 37 0
1855486 36 37 2
1855490 36 20 0
1855572 36 20 2
1855588 36 3 0
1855962 36 3 2
1856310 36 38 0
1856310 36 38 0
1856345 36 38 2
1856350 36 38 2
1857232 36 2 0
1857233 36 2 2
1865363 36 3 0
1865364 36 0 1
1865586 36 3 2
1865652 36 0 2
1866219 36 0 2
1870959 36 0 1
1871185 36 0 2
1871274 36 0 2
2821397 36 38 0
2821397 36 38 0
2821551 36 38 2
2822502 36 38 2
2823734 36 11 0
2823734 36 11 0
2823784 36 11 2
2823792 36 11 2
2823976 36 7 0
2824114 36 7 2
2824682 36 38 0
2824682 36 38 0
2824716 36 38 2
2825034 36 38 2
2825178 36 11 0
2825178 36 11 0
2825228 36 11 2
2825236 36 11 2
2827288 36 38 0
2827288 36 38 0
2827330 36 38 2
2827492 36 38 2
2833945 36 2 0
2833946 36 0 1
2834171 36 2 2
2834244 36 0 2
2836532 36 2 0
2836533 36 0 1
2836751 36 2 2
2836824 36 0 2
2841972 36 2 0
2841973 36 0 1
2842191 36 2 2
2842264 36 0 2
2852716 36 2 0
2852717 36 3 0
2853746 36 2 0
2853747 36 2 2
2881122 36 3 0
2881123 36 0 1
2881342 36 3 2
2881408 36 0 2
2909870 36 0 1
2910092 36 2 2
2910166 36 0 2
2936712 36 3 0
2936713 36 3 2
2965535 36 2 0
2965536 36 2 2
2968611 36 2 0
2968612 36 0 1
2968832 36 2 2
2968906 36 0 2
2986335 36 3 2
2988313 36 3 2
2988452 36 3 2
2988671 36 3 2
3016091 36 2 2
3797718 36 3 0
3797719 36 3 2
3797792 36 2 0
3797793 36 2 2
3797971 36 38 0
3797971 36 38 0
3798391 36 3 0
3798392 36 3 2
3798578 36 2 0
3798579 36 2 2
3798681 36 38 2
3799769 36 38 2
3801001 36 11 0
3801001 36 11 0
3801051 36 11 2
3801059 36 11 2
3801811 36 38 0
3801811 36 38 0
3801846 36 38 2
3802642 36 38 2
3802786 36 11 0
3802786 36 11 0
3802836 36 11 2
3802844 36 11 2
3802856 36 46 0
3802907 36 46 2
3802951 36 12 0
3803000 36 12 2
3803156 36 47 0
3803213 36 47 2
3803885 36 0 2
3805053 36 38 0
3805053 36 38 0
3805098 36 38 2
3806879 36 38 2
4774557 36 38 0
4774557 36 38 0
4775099 36 38 2
4779267 36 38 2
4780499 36 11 0
4780499 36 11 0
4780549 36 11 2
4780557 36 11 2
4780741 36 7 0
4780847 36 7 2
4781415 36 38 0
4781415 36 38 0
4781450 36 38 2
4781528 36 38 2
4781672 36 11 0
4781672 36 11 0
4781722 36 11 2
4781730 36 11 2
4783782 36 38 0
4783782 36 38 0
4783823 36 38 2
4784496 36 38 2
5751096 36 38 0
5751096 36 38 0
5751801 36 38 2
5754412 36 38 2
5755644 36 11 0
5755644 36 11 0
5755694 36 11 2
5755702 36 11 2
5756454 36 38 0
5756454 36 38 0
5756488 36 38 2
5756496 36 38 2
5756640 36 11 0
5756640 36 11 0
5756690 36 11 2
5756698 36 11 2
5756707 36 0 2
5756838 36 7 0
5758732 36 7 2
5760644 36 38 0
5760644 36 38 0
5760687 36 38 2
5760868 36 38 2
