0 56 51 0
463 56 22 2
1519 56 51 2
1523 56 22 0
1613 56 6 2
1743 56 38 2
2353 56 2 2
3363 56 42 2
3973 56 62 2
4873 56 30 2
5205 56 22 2
5217 56 1 0
6080 56 1 2
6100 56 24 0
6189 56 24 2
6913 56 34 2
6943 56 14 2
7983 56 38 2
8148 56 0 1
8364 56 0 2
8445 56 0 2
8823 56 54 2
9203 56 42 2
9513 56 30 2
10593 56 22 2
10773 56 34 2
10923 56 6 2
11913 56 10 2
12993 56 6 2
13663 56 26 2
14793 56 26 2
14823 56 6 2
15173 56 22 2
16005 56 0 1
16224 56 2 2
16321 56 0 2
16363 56 30 2
17143 56 30 2
18743 56 34 2
19543 56 26 2
20233 56 38 2
21923 56 62 2
23983 56 58 2
24455 56 0 1
24675 56 2 2
24773 56 0 2
24943 56 50 2
26315 56 0 1
26534 56 2 2
26631 56 0 2
28463 56 54 2
28793 56 22 2
29309 56 0 1
29524 56 2 2
29621 56 0 2
30543 56 62 2
31203 56 50 2
32193 56 54 2
34103 56 54 2
34683 56 26 2
35623 56 0 1
35834 56 2 2
35931 56 0 2
36153 56 62 2
38533 56 26 2
39433 56 50 2
42823 56 18 2
43403 56 22 2
46793 56 22 2
47743 56 46 2
48133 56 22 2
48433 56 34 2
49093 56 6 2
50273 56 26 2
52143 56 30 2
55343 56 42 2
55933 56 18 2
57473 56 2 2
57743 56 50 2
58943 56 34 2
59593 56 2 2
60643 56 18 2
60673 56 34 2
64003 56 38 2
66363 56 18 2
68353 56 50 2
68773 56 18 2
69583 56 6 2
70083 56 46 2
70743 56 18 2
71993 56 50 2
73243 56 10 2
73883 56 22 2
74613 56 18 2
75083 56 38 2
75383 56 34 2
76023 56 58 2
76793 56 26 2
76927 56 0 1
77144 56 2 2
77241 56 0 2
78103 56 54 2
78503 56 42 2
78640 56 0 1
78854 56 2 2
78951 56 0 2
79843 56 58 2
80013 56 26 2
80761 56 2 0
81153 56 10 2
82063 56 50 2
83223 56 10 2
84023 56 62 2
84213 56 18 2
84973 56 30 2
86803 56 18 2
86943 56 34 2
87103 56 14 2
88203 56 38 2
88853 56 18 2
88883 56 34 2
89483 56 38 2
90043 56 22 2
90753 56 2 2
91083 56 62 2
91253 56 38 2
92283 56 54 2
92793 56 26 2
95233 56 42 2
95293 56 54 2
95923 56 22 2
95953 56 54 2
96643 56 54 2
96843 56 58 2
97133 56 54 2
97657 56 0 1
97699 56 0 1
97874 56 0 2
97914 56 2 2
97955 56 0 2
98011 56 0 2
98193 56 58 2
98383 56 58 2
98463 56 58 2
100433 56 42 2
100753 56 46 2
101833 56 62 2
102443 56 14 2
105853 56 62 2
107513 56 30 2
109273 56 14 2
109593 56 34 2
110253 56 46 2
111103 56 34 2
115113 56 6 2
115463 56 14 2
116573 56 50 2
117163 56 38 2
117749 56 0 1
117964 56 2 2
118061 56 0 2
118513 56 58 2
120643 56 2 2
122973 56 6 2
123873 56 18 2
125573 56 38 2
127933 56 50 2
128233 56 54 2
129193 56 50 2
130427 56 2 0
130428 56 0 1
130644 56 2 2
130741 56 0 2
130923 56 14 2
132323 56 42 2
133273 56 46 2
134493 56 30 2
135493 56 54 2
136783 56 30 2
139063 56 42 2
139844 56 2 0
139845 56 2 2
142143 56 62 2
144083 56 14 2
144783 56 62 2
146413 56 46 2
147433 56 6 2
148483 56 54 2
149137 56 2 0
149138 56 0 1
149354 56 2 2
149451 56 0 2
150963 56 14 2
151973 56 58 2
152633 56 14 2
152973 56 6 2
154483 56 18 2
155743 56 22 2
157433 56 38 2
157843 56 62 2
159833 56 2 2
160173 56 22 2
161703 56 2 2
163053 56 6 2
164433 56 10 2
165813 56 14 2
167213 56 18 2
168623 56 22 2
170053 56 26 2
171503 56 30 2
172963 56 34 2
174443 56 38 2
175943 56 42 2
177463 56 46 2
179003 56 50 2
180533 56 54 2
181125 56 0 1
181345 56 2 2
181443 56 0 2
182093 56 58 2
183663 56 62 2
185003 56 2 2
186353 56 6 2
187743 56 10 2
189113 56 14 2
190513 56 18 2
191923 56 22 2
193353 56 26 2
194813 56 30 2
196273 56 34 2
197743 56 38 2
199243 56 42 2
200753 56 46 2
202293 56 50 2
203823 56 54 2
204415 56 2 0
204416 56 0 1
204635 56 2 2
204733 56 0 2
205383 56 58 2
206953 56 62 2
208623 56 22 2
209353 56 54 2
210133 56 26 2
211963 56 62 2
212663 56 14 2
213873 56 38 2
217613 56 6 2
221453 56 2 2
222803 56 6 2
224183 56 10 2
225553 56 14 2
226963 56 18 2
228373 56 22 2
229803 56 26 2
231263 56 30 2
232723 56 34 2
234223 56 38 2
235753 56 42 2
237263 56 46 2
238803 56 50 2
240333 56 54 2
240925 56 0 1
241145 56 2 2
241243 56 0 2
241903 56 58 2
243473 56 62 2
244813 56 2 2
246163 56 6 2
247543 56 10 2
248913 56 14 2
250313 56 18 2
251723 56 22 2
253153 56 26 2
254603 56 30 2
256063 56 34 2
257563 56 38 2
259143 56 42 2
260663 56 46 2
262203 56 50 2
263733 56 54 2
264325 56 0 1
264545 56 2 2
264643 56 0 2
265293 56 58 2
266863 56 62 2
267893 56 6 2
269613 56 42 2
272591 56 2 0
272592 56 2 2
274863 56 42 2
276163 56 2 2
276513 56 58 2
277842 56 0 1
278054 56 2 2
278151 56 0 2
278383 56 46 2
279773 56 50 2
281833 56 30 2
282943 56 58 2
286173 56 62 2
288103 56 58 2
289773 56 22 2
290613 56 50 2
292473 56 26 2
294093 56 2 2
294403 56 54 2
296423 56 6 2
298683 56 46 2
300653 56 30 2
301943 56 10 2
302623 56 34 2
302983 56 14 2
304551 56 2 0
304552 56 2 2
305373 56 2 2
306893 56 14 2
308163 56 10 2
308993 56 26 2
311173 56 2 0
311174 56 2 2
314863 56 42 2
315773 56 2 2
316093 56 2 2
318373 56 6 2
318753 56 6 2
321073 56 10 2
321393 56 10 2
323473 56 14 2
323853 56 14 2
326383 56 18 2
326703 56 18 2
329113 56 22 2
329493 56 22 2
331923 56 26 2
332243 56 26 2
334723 56 30 2
335103 56 30 2
337603 56 34 2
337923 56 34 2
340473 56 38 2
340853 56 38 2
343413 56 42 2
343733 56 42 2
346343 56 46 2
346723 56 46 2
349363 56 50 2
349683 56 50 2
352343 56 54 2
352723 56 54 2
353665 56 2 0
353666 56 0 1
353884 56 2 2
353981 56 0 2
354045 56 2 0
354046 56 0 1
354265 56 2 2
354363 56 0 2
355443 56 58 2
355763 56 58 2
358493 56 62 2
358873 56 62 2
361113 56 2 2
361513 56 2 2
363793 56 6 2
364173 56 6 2
366493 56 10 2
366813 56 10 2
369133 56 14 2
369513 56 14 2
371923 56 18 2
372243 56 18 2
374643 56 22 2
375023 56 22 2
377453 56 26 2
377773 56 26 2
380353 56 30 2
380733 56 30 2
383233 56 34 2
383553 56 34 2
386093 56 38 2
386473 56 38 2
389033 56 42 2
389353 56 42 2
391963 56 46 2
392343 56 46 2
394983 56 50 2
395303 56 50 2
397953 56 54 2
398333 56 54 2
399265 56 0 1
399484 56 2 2
399581 56 0 2
399645 56 2 0
399646 56 0 1
399865 56 2 2
399963 56 0 2
401043 56 58 2
401363 56 58 2
404093 56 62 2
404473 56 62 2
405583 56 30 2
408873 56 6 2
415883 56 34 2
418003 56 10 2
418293 56 34 2
419513 56 22 2
420563 56 14 2
422113 56 38 2
422510 56 2 0
422511 56 2 2
427323 56 42 2
428923 56 58 2
430773 56 18 2
432823 56 42 2
434523 56 18 2
434997 56 2 0
434998 56 2 2
437103 56 58 2
437373 56 2 2
439263 56 22 2
440293 56 58 2
442293 56 14 2
442883 56 2 2
444003 56 10 2
444774 56 2 0
444775 56 0 1
445104 56 2 2
445201 56 0 2
445523 56 54 2
446273 56 46 2
446855 56 2 0
446856 56 2 2
447623 56 6 2
448123 56 38 2
448453 56 22 2
449203 56 14 2
450803 56 26 2
452243 56 30 2
454953 56 10 2
461743 56 46 2
462183 56 34 2
462553 56 46 2
465493 56 42 2
469703 56 2 2
470683 56 26 2
471403 56 38 2
472223 56 26 2
473333 56 2 2
474343 56 6 2
474673 56 10 2
475233 56 2 2
476423 56 10 2
477633 56 6 2
481599 56 2 0
481600 56 2 2
482223 56 62 2
482543 56 30 2
483983 56 10 2
485503 56 42 2
486823 56 30 2
487753 56 10 2
489103 56 10 2
490423 56 34 2
495163 56 50 2
496023 56 50 2
498003 56 54 2
499183 56 54 2
499578 56 2 0
499579 56 0 1
499794 56 2 2
499891 56 0 2
500441 56 2 0
500442 56 0 1
500655 56 2 2
500753 56 0 2
501143 56 58 2
502103 56 58 2
504223 56 62 2
505423 56 62 2
507393 56 2 2
508113 56 2 2
509323 56 10 2
510623 56 2 2
510883 56 2 2
513223 56 2 0
513224 56 0 1
513434 56 2 2
513531 56 0 2
513713 56 14 2
515373 56 18 2
516883 56 10 2
517153 56 10 2
517423 56 2 2
518053 56 62 2
520103 56 46 2
520889 56 0 1
521104 56 2 2
521201 56 0 2
521743 56 26 2
522023 56 10 2
524563 56 26 2
526983 56 30 2
529053 56 54 2
529547 56 0 1
529548 56 2 0
529764 56 2 2
529861 56 0 2
530453 56 58 2
531763 56 46 2
534243 56 34 2
534553 56 46 2
536503 56 46 2
538163 56 46 2
539823 56 46 2
541483 56 46 2
543363 56 46 2
545023 56 46 2
546703 56 46 2
548363 56 46 2
550023 56 46 2
551683 56 46 2
553343 56 46 2
555003 56 46 2
556923 56 46 2
558583 56 46 2
560243 56 46 2
561943 56 46 2
563603 56 46 2
565263 56 46 2
566923 56 46 2
568583 56 46 2
569873 56 10 2
570503 56 46 2
572163 56 46 2
573823 56 46 2
575503 56 46 2
577163 56 46 2
578823 56 46 2
580483 56 46 2
582143 56 46 2
584083 56 46 2
585743 56 46 2
587403 56 46 2
589063 56 46 2
590723 56 46 2
592383 56 46 2
594043 56 46 2
595723 56 46 2
597643 56 46 2
599303 56 46 2
600963 56 46 2
602623 56 46 2
604303 56 46 2
605963 56 46 2
607623 56 46 2
609283 56 46 2
611183 56 46 2
612843 56 46 2
614503 56 46 2
616163 56 46 2
617823 56 46 2
619483 56 46 2
621163 56 46 2
622823 56 46 2
624143 56 14 2
624813 56 46 2
626473 56 46 2
628133 56 46 2
629803 56 46 2
631463 56 46 2
633123 56 46 2
634783 56 46 2
636463 56 46 2
638023 56 46 2
639683 56 46 2
641083 56 38 2
643663 56 42 2
644253 56 42 2
646033 56 46 2
646473 56 50 2
647063 56 18 2
648513 56 34 2
649473 56 2 2
650273 56 2 2
650893 56 10 2
651293 56 38 2
653743 56 14 2
654383 56 22 2
654733 56 6 2
656053 56 10 2
657743 56 62 2
660773 56 62 2
662655 56 2 0
662656 56 0 1
662872 56 2 2
662970 56 0 2
663983 56 58 2
665473 56 54 2
666223 56 26 2
666773 56 2 2
669763 56 6 2
670733 56 2 2
672133 56 18 2
672443 56 6 2
674883 56 22 2
675273 56 22 2
675913 56 30 2
676913 56 54 2
678623 56 34 2
682663 56 50 2
682993 56 38 2
684693 56 42 2
685613 56 6 2
688213 56 42 2
689553 56 6 2
690353 56 2 2
691933 56 38 2
692283 56 46 2
692913 56 2 2
693983 56 50 2
694313 56 54 2
694973 56 42 2
697273 56 62 2
698353 56 54 2
699169 56 0 1
699381 56 2 2
699478 56 0 2
700513 56 14 2
703483 56 18 2
705413 56 18 2
706683 56 42 2
707283 56 22 2
707523 56 26 2
708793 56 42 2
709383 56 6 2
710803 56 6 2
711403 56 18 2
711943 56 30 2
712023 56 54 2
712533 56 38 2
713433 56 34 2
713633 56 26 2
715353 56 22 2
715973 56 18 2
716068 56 2 0
717473 56 6 2
717763 56 22 2
719103 56 26 2
720383 56 30 2
720853 56 10 2
721653 56 34 2
722563 56 22 2
722863 56 18 2
722993 56 38 2
723493 56 46 2
723814 56 2 2
723815 56 2 0
726953 56 10 2
727543 56 42 2
728563 56 2 2
733193 56 26 2
733483 56 14 2
735899 56 2 0
739063 56 62 2
740523 56 42 2
743446 56 2 0
743447 56 2 2
743833 56 58 2
745123 56 46 2
746524 56 2 0
746525 56 2 2
747263 56 54 2
747853 56 6 2
748933 56 50 2
749023 56 10 2
750353 56 10 2
750643 56 38 2
751033 56 2 2
752383 56 6 2
753113 56 26 2
753713 56 6 2
753753 56 10 2
754373 56 26 2
754993 56 22 2
755143 56 14 2
756553 56 18 2
756833 56 14 2
757983 56 22 2
759433 56 26 2
759673 56 38 2
760303 56 54 2
760883 56 30 2
762353 56 34 2
762523 56 42 2
763843 56 38 2
764663 56 6 2
765343 56 42 2
766613 56 14 2
766863 56 46 2
767603 56 18 2
767893 56 50 2
768393 56 50 2
769943 56 54 2
770503 56 50 2
770535 56 2 0
770536 56 0 1
770752 56 2 2
770850 56 0 2
771513 56 58 2
771713 56 46 2
773103 56 62 2
773941 56 2 0
774443 56 2 2
775723 56 30 2
775793 56 6 2
777273 56 10 2
778663 56 14 2
780073 56 18 2
781503 56 22 2
781643 56 30 2
782873 56 14 2
782983 56 26 2
783713 56 22 2
784433 56 30 2
785903 56 34 2
787023 56 26 2
787393 56 38 2
788903 56 42 2
789483 56 10 2
790245 56 0 1
790423 56 46 2
790462 56 3 2
790568 56 0 2
791683 56 54 2
791953 56 50 2
792563 56 34 2
793503 56 54 2
794095 56 2 0
794096 56 0 1
794213 56 42 2
794312 56 2 2
794410 56 0 2
794903 56 18 2
795073 56 58 2
795193 56 10 2
796503 56 62 2
796663 56 62 2
797043 56 14 2
797393 56 62 2
801053 56 42 2
801526 56 0 1
801741 56 3 2
801846 56 0 2
802273 56 2 2
802753 56 46 2
803623 56 6 2
804143 56 34 2
804993 56 10 2
806166 56 0 1
806381 56 3 2
806393 56 14 2
806486 56 0 2
807433 56 58 2
807803 56 18 2
808763 56 62 2
809233 56 22 2
809353 56 46 2
810673 56 26 2
811615 56 0 1
811831 56 3 2
811936 56 0 2
812123 56 30 2
813263 56 50 2
813593 56 34 2
814673 56 18 2
815083 56 38 2
815303 56 50 2
815943 56 22 2
816583 56 42 2
817253 56 6 2
818103 56 46 2
819633 56 50 2
820703 56 62 2
821183 56 54 2
821775 56 0 1
821776 56 2 0
821992 56 2 2
822090 56 0 2
822183 56 0 1
822401 56 3 2
822506 56 0 2
822753 56 58 2
824223 56 2 2
824333 56 62 2
825673 56 2 2
826133 56 46 2
827023 56 6 2
827643 56 26 2
828393 56 10 2
829833 56 14 2
830313 56 10 2
831233 56 18 2
831473 56 10 2
832653 56 22 2
833913 56 18 2
834093 56 26 2
834223 56 38 2
834873 56 14 2
835543 56 30 2
837013 56 34 2
837653 56 54 2
838153 56 22 2
838503 56 38 2
838723 56 6 2
840003 56 42 2
841033 56 6 2
841511 56 0 1
841553 56 46 2
841721 56 3 2
841826 56 0 2
842023 56 34 2
843083 56 50 2
843103 56 58 2
843983 56 10 2
844633 56 54 2
845225 56 0 1
845226 56 2 0
845343 56 14 2
845442 56 2 2
845540 56 0 2
846223 56 58 2
846573 56 26 2
847823 56 62 2
849073 56 54 2
850482 56 2 0
850483 56 2 2
851593 56 6 2
853513 56 30 2
856175 56 2 0
856176 56 2 2
856393 56 34 2
857523 56 38 2
858910 56 2 0
858911 56 2 2
859533 56 22 2
861003 56 2 2
861643 56 62 2
862353 56 6 2
863713 56 22 2
863743 56 10 2
864333 56 46 2
865123 56 14 2
866463 56 62 2
866533 56 18 2
867086 56 4 0
869113 56 42 2
869263 56 42 2
869373 56 54 2
869463 56 42 2
869573 56 42 2
869683 56 42 2
869793 56 42 2
869903 56 42 2
870013 56 42 2
870123 56 42 2
870233 56 42 2
870343 56 42 2
870453 56 42 2
870509 56 4 2
870561 56 44 0
870573 56 42 2
870703 56 42 2
870813 56 42 2
870923 56 42 2
870993 56 38 2
871033 56 42 2
871143 56 42 2
871253 56 42 2
871363 56 42 2
871473 56 42 2
871593 56 42 2
871703 56 42 2
871813 56 42 2
871943 56 44 2
871955 56 5 0
872053 56 38 2
872085 56 5 2
872097 56 45 0
872113 56 42 2
872223 56 42 2
872373 56 42 2
872472 56 45 2
872483 56 42 2
872540 56 24 0
872593 56 42 2
872713 56 42 2
872778 56 24 2
872810 56 25 0
872823 56 42 2
872893 56 38 2
872924 56 25 2
872932 56 26 0
872933 56 42 2
873053 56 26 2
873073 56 42 2
873093 56 27 0
873173 56 38 2
873230 56 27 2
873250 56 33 0
873303 56 42 2
873388 56 33 2
873408 56 35 0
873413 56 42 2
873521 56 35 2
873523 56 42 2
873529 56 41 0
873633 56 26 2
873663 56 42 2
873773 56 42 2
873883 56 42 2
873958 56 41 2
873974 56 42 0
873993 56 42 2
874103 56 42 2
874213 56 62 2
874243 56 42 2
874308 56 42 2
874340 56 1 0
874353 56 42 2
874458 56 1 2
874463 56 42 2
874494 56 36 0
874573 56 42 2
874626 56 36 2
874638 56 43 0
874653 56 6 2
874683 56 42 2
874793 56 42 2
874903 56 54 2
874933 56 42 2
874963 56 18 2
874976 56 43 2
874992 56 17 0
875043 56 42 2
875065 56 17 2
875153 56 42 2
875157 56 27 0
875223 56 2 2
875263 56 42 2
875270 56 27 2
875274 56 37 0
875373 56 42 2
875408 56 37 2
875420 56 17 0
875483 56 34 2
875483 56 0 1
875522 56 17 2
875523 56 42 2
875530 56 15 0
875633 56 42 2
875677 56 15 2
875717 56 16 0
875721 56 4 2
875743 56 42 2
875837 56 0 2
875845 56 4 0
875845 56 16 2
875853 56 42 2
875885 56 18 0
875888 56 2 0
875889 56 2 2
875943 56 46 2
875983 56 42 2
875999 56 18 2
876023 56 61 0
876093 56 42 2
876164 56 61 2
876176 56 54 0
876203 56 42 2
876233 56 6 2
876237 56 4 0
876273 56 58 2
876323 56 62 2
876353 56 2 2
876364 56 54 2
876384 56 14 0
876403 56 42 2
876516 56 14 2
876523 56 42 2
876524 56 19 0
876553 56 2 2
876585 56 4 0
876633 56 42 2
876654 56 19 2
876658 56 35 0
876763 56 6 2
876793 56 30 2
876863 56 2 2
876969 56 4 0
876973 56 2 2
877013 56 50 2
877062 56 35 2
877078 56 53 0
877113 56 4 0
877208 56 53 2
877213 56 22 2
877237 56 4 0
877243 56 2 2
877248 56 33 0
877323 56 62 2
877354 56 33 2
877365 56 4 0
877366 56 36 0
877491 56 4 0
877491 56 36 2
877511 56 40 0
877631 56 4 0
877643 56 2 2
877673 56 6 2
877748 56 40 2
877763 56 2 2
877772 56 37 0
877779 56 4 0
877902 56 37 2
877903 56 2 2
877907 56 4 0
877923 56 14 2
877953 56 38 2
878006 56 38 0
878013 56 2 2
878103 56 50 2
878126 56 4 0
878193 56 14 2
878193 56 38 2
878197 56 17 0
878213 56 2 2
878243 56 38 2
878273 56 38 2
878319 56 4 0
878323 56 2 2
878383 56 38 2
878433 56 2 2
878451 56 4 0
878490 56 17 2
878514 56 8 0
878523 56 2 2
878553 56 2 2
878590 56 4 0
878663 56 2 2
878676 56 8 2
878684 56 29 0
878721 56 4 0
878773 56 2 2
878803 56 10 2
878816 56 29 2
878833 56 38 2
878856 56 0 0
878867 56 4 0
878987 56 0 2
878993 56 38 2
878996 56 4 0
878999 56 38 0
879073 56 2 2
879103 56 38 2
879124 56 4 0
879177 56 38 2
879183 56 2 2
879193 56 39 0
879233 56 38 2
879252 56 4 0
879263 56 14 2
879313 56 2 2
879379 56 39 2
879383 56 39 0
879388 56 4 0
879403 56 38 2
879453 56 2 2
879514 56 4 0
879563 56 2 2
879593 56 6 2
879633 56 38 2
879651 56 4 0
879675 56 39 2
879683 56 2 2
879731 56 36 0
879763 56 38 2
879843 56 2 2
879862 56 36 2
879883 56 38 2
879894 56 38 0
879904 56 4 0
879953 56 2 2
879993 56 38 2
880032 56 38 2
880048 56 51 0
880051 56 4 0
880063 56 2 2
880173 56 2 2
880176 56 51 2
880182 56 4 0
880232 56 35 0
880253 56 42 2
880303 56 2 2
880333 56 38 2
880383 56 4 0
880393 56 42 2
880423 56 2 2
880453 56 38 2
880522 56 35 2
880524 56 4 0
880530 56 52 0
880563 56 38 2
880593 56 26 2
880613 56 10 2
880661 56 52 2
880669 56 4 0
880673 56 38 2
880697 56 43 0
880713 56 2 2
880743 56 6 2
880751 56 0 1
880803 56 38 2
880829 56 4 0
880833 56 2 2
880923 56 38 2
880953 56 2 2
880967 56 43 2
880971 56 31 2
880977 56 4 0
880983 56 46 2
880987 56 53 0
881063 56 2 2
881085 56 0 2
881093 56 38 2
881123 56 58 2
881123 56 4 0
881146 56 53 2
881170 56 54 0
881203 56 2 2
881233 56 14 2
881258 56 4 0
881273 56 38 2
881311 56 54 2
881313 56 2 2
881327 56 11 0
881383 56 38 2
881423 56 2 2
881449 56 4 0
881473 56 10 2
881513 56 38 2
881543 56 62 2
881573 56 2 2
881603 56 4 0
881665 56 11 2
881673 56 38 2
881677 56 56 0
881703 56 54 2
881736 56 4 0
881743 56 2 2
881763 56 10 2
881783 56 14 2
881823 56 62 2
881849 56 56 2
881853 56 2 2
881853 56 12 0
881867 56 4 0
881963 56 2 2
882001 56 4 0
882003 56 38 2
882033 56 6 2
882063 56 54 2
882093 56 2 2
882123 56 38 2
882136 56 4 0
882188 56 12 2
882196 56 57 0
882233 56 2 2
882265 56 4 0
882310 56 57 2
882314 56 2 0
882333 56 38 2
882363 56 2 2
882383 56 14 2
882388 56 4 0
882413 56 10 2
882463 56 38 2
882493 56 14 2
882517 56 4 0
882533 56 2 2
882603 56 14 2
882637 56 2 2
882643 56 2 2
882645 56 4 0
882673 56 38 2
882689 56 37 0
882713 56 14 2
882743 56 50 2
882773 56 2 2
882793 56 6 2
882799 56 4 0
882821 56 37 2
882823 56 38 2
882837 56 40 0
882853 56 14 2
882883 56 62 2
882913 56 2 2
882946 56 4 0
882953 56 40 2
882963 56 14 2
882964 56 0 1
883003 56 38 2
883009 56 58 0
883033 56 2 2
883063 56 62 2
883093 56 6 2
883109 56 4 0
883122 56 58 2
883123 56 14 2
883143 56 2 2
883163 56 30 2
883181 56 21 2
883182 56 35 0
883203 56 38 2
883233 56 14 2
883253 56 2 2
883258 56 4 0
883286 56 0 2
883305 56 35 2
883309 56 50 0
883313 56 38 2
883343 56 14 2
883363 56 2 2
883386 56 4 0
883423 56 38 2
883443 56 50 2
883453 56 14 2
883463 56 62 0
883493 56 2 2
883508 56 4 0
883563 56 6 2
883583 56 14 2
883601 56 62 2
883613 56 38 2
883629 56 38 0
883685 56 4 0
883693 56 14 2
883723 56 38 2
883753 56 2 2
883803 56 14 2
883817 56 4 0
883853 56 38 2
883913 56 2 2
883933 56 14 2
883959 56 38 2
883973 56 38 2
883998 56 4 0
884031 56 63 0
884033 56 6 2
884053 56 2 2
884073 56 14 2
884103 56 38 2
884163 56 2 2
884183 56 14 2
884189 56 4 0
884213 56 38 2
884273 56 2 2
884293 56 14 2
884333 56 38 2
884357 56 4 0
884397 56 63 2
884423 56 2 2
884437 56 12 0
884443 56 14 2
884473 56 38 2
884488 56 4 0
884513 56 38 2
884553 56 2 2
884573 56 14 2
884623 56 38 2
884673 56 2 2
884693 56 14 2
884709 56 4 0
884733 56 38 2
884739 56 12 2
884763 56 2 0
884803 56 14 2
884843 56 38 2
884868 56 4 0
884877 56 2 2
884901 56 13 0
884913 56 14 2
884933 56 2 2
884993 56 38 2
885023 56 4 0
885043 56 14 2
885103 56 2 2
885163 56 4 0
885173 56 38 2
885203 56 58 2
885230 56 13 2
885233 56 2 2
885293 56 14 2
885323 56 38 2
885326 56 3 0
885340 56 4 0
885423 56 2 2
885453 56 14 2
885468 56 3 2
885483 56 38 2
885508 56 23 0
885530 56 4 0
885593 56 38 2
885623 56 14 2
885653 56 23 2
885663 56 2 2
885669 56 24 0
885703 56 38 2
885733 56 14 2
885760 56 24 2
885773 56 2 2
885793 56 26 2
885823 56 38 2
885853 56 6 2
885868 56 27 0
885903 56 2 2
885953 56 38 2
886043 56 2 2
886170 56 27 2
886173 56 38 2
886178 56 25 0
886223 56 14 2
886284 56 25 2
886303 56 2 2
886312 56 26 0
886343 56 38 2
886403 56 14 2
886417 56 26 2
886473 56 38 2
886497 56 0 0
886613 56 38 2
886643 56 14 2
886658 56 0 2
886666 56 3 0
886763 56 14 2
886790 56 3 2
886834 56 4 0
886913 56 14 2
886988 56 4 2
886993 56 38 2
887033 56 50 2
887063 56 14 2
887084 56 5 0
887103 56 38 2
887173 56 14 2
887213 56 38 2
887242 56 5 2
887282 56 15 0
887293 56 14 2
887363 56 38 2
887413 56 14 2
887483 56 10 2
887563 56 38 2
887663 56 14 2
887687 56 15 2
887695 56 14 0
887773 56 14 2
887943 56 14 2
887983 56 30 2
888013 56 2 2
888053 56 14 2
888071 56 14 2
888083 56 50 0
888163 56 14 2
888241 56 50 2
888269 56 6 0
888433 56 14 2
888457 56 6 2
888477 56 4 0
888553 56 14 2
888606 56 4 2
888614 56 8 0
888663 56 14 2
888683 56 22 2
888707 56 8 2
888711 56 47 0
888773 56 14 2
888983 56 14 2
889033 56 2 2
889047 56 47 2
889055 56 49 0
889093 56 14 2
889203 56 14 2
889233 56 14 2
889273 56 49 2
889289 56 11 0
889343 56 34 2
889423 56 14 2
889803 56 14 2
890053 56 18 2
890073 56 14 2
890163 56 18 2
890293 56 14 2
890413 56 14 2
890523 56 14 2
890563 56 34 2
890673 56 11 2
890693 56 14 2
890709 56 5 0
890843 56 14 2
890848 56 5 2
890872 56 37 0
890953 56 14 2
891163 56 14 2
891176 56 37 2
891240 56 4 0
891303 56 38 2
891353 56 14 2
891409 56 4 2
891413 56 1 0
891463 56 14 2
891501 56 1 2
891529 56 27 0
891613 56 14 2
891644 56 27 2
891652 56 2 0
891759 56 2 2
891771 56 11 0
891783 56 14 2
891885 56 11 2
891893 56 14 2
891893 56 7 0
892031 56 7 2
892051 56 3 0
892133 56 14 2
892173 56 3 2
892281 56 6 0
892422 56 6 2
892442 56 9 0
892550 56 9 2
892722 56 8 0
892847 56 8 2
892859 56 11 0
893040 56 11 2
893060 56 12 0
893213 56 30 2
893228 56 12 2
893252 56 16 0
893485 56 16 2
893493 56 13 0
893670 56 13 2
893718 56 2 0
893824 56 2 2
893868 56 40 0
894029 56 40 2
894033 56 25 0
894178 56 25 2
894194 56 31 0
894313 56 26 2
894499 56 31 2
894535 56 33 0
894664 56 33 2
894668 56 36 0
894919 56 36 2
894927 56 4 0
895100 56 4 2
895192 56 5 0
895382 56 5 2
895414 56 34 0
895546 56 34 2
895566 56 35 0
895765 56 35 2
895789 56 32 0
895929 56 32 2
895997 56 17 0
896302 56 17 2
896598 56 38 0
896598 56 38 0
896688 56 38 2
896771 56 38 2
896779 56 27 0
896893 56 27 2
896913 56 35 0
896985 56 35 2
897041 56 28 0
897165 56 0 1
897166 56 28 2
897234 56 3 0
897323 56 34 2
897340 56 3 2
897344 56 46 0
897381 56 0 2
897433 56 50 2
897434 56 46 2
897454 56 4 0
897465 56 0 2
897472 56 0 0
897580 56 4 2
897583 56 30 2
897603 56 0 0
897612 56 0 0
897653 56 14 2
897683 56 42 2
897719 56 0 2
897723 56 29 0
897730 56 0 0
897823 56 38 2
897836 56 0 0
897853 56 29 2
897988 56 0 0
897997 56 47 0
898094 56 47 2
898103 56 34 2
898130 56 0 0
898166 56 30 0
898250 56 0 0
898303 56 30 2
898410 56 0 0
898523 56 38 2
898562 56 0 0
898655 56 31 0
898666 56 3 2
898672 56 0 0
898780 56 3 0
898801 56 31 2
898805 56 44 0
898809 56 2 0
898817 56 0 0
898929 56 0 0
899023 56 44 2
899031 56 43 0
899060 56 0 0
899123 56 6 2
899190 56 0 0
899334 56 0 0
899339 56 43 2
899403 56 46 2
899451 56 0 0
899471 56 32 0
899598 56 0 0
899622 56 32 2
899643 56 10 2
899733 56 58 2
899737 56 0 0
899946 56 33 0
899962 56 0 0
900063 56 6 2
900104 56 33 2
900112 56 0 0
900123 56 46 2
900152 56 33 0
900213 56 0 0
900261 56 33 2
900269 56 27 0
900364 56 0 0
900463 56 0 0
900523 56 10 2
900583 56 46 2
900592 56 27 2
900614 56 0 0
900696 56 54 0
900753 56 38 2
900768 56 0 0
900933 56 0 0
901024 56 0 0
901163 56 6 2
901181 56 0 0
901407 56 0 0
901523 56 42 2
901611 56 0 0
901723 56 34 2
901756 56 0 0
901858 56 0 0
902001 56 0 0
902033 56 30 2
902063 56 10 2
902162 56 0 0
902314 56 0 0
902422 56 0 0
902589 56 0 0
902761 56 0 0
902863 56 46 2
902916 56 0 0
902933 56 10 2
903013 56 54 2
903025 56 28 0
903103 56 30 2
903115 56 0 0
903231 56 0 0
903273 56 14 2
903434 56 0 0
903468 56 28 2
903484 56 44 0
903703 56 0 0
903794 56 44 2
903802 56 56 0
903871 56 0 0
903955 56 56 2
903971 56 45 0
903972 56 0 0
904064 56 0 0
904073 56 6 2
904103 56 34 2
904163 56 42 2
904171 56 0 0
904270 56 45 2
904298 56 0 0
904370 56 41 0
904373 56 22 2
904419 56 0 0
904549 56 41 2
904551 56 0 0
904597 56 61 0
904603 56 46 2
904715 56 0 0
904739 56 61 2
904743 56 39 0
904793 56 14 2
904876 56 0 0
904963 56 50 2
904977 56 39 2
904989 56 7 0
904995 56 0 0
905158 56 0 0
905262 56 7 2
905274 56 0 0
905322 56 8 0
905333 56 14 2
905419 56 0 0
905441 56 8 2
905473 56 63 0
905534 56 0 0
905698 56 0 0
905713 56 50 2
905829 56 0 0
905937 56 63 2
905944 56 0 0
906023 56 6 2
906045 56 0 0
906138 56 0 2
906166 56 57 0
906173 56 14 2
906191 56 0 0
906268 56 57 2
906301 56 0 0
906336 56 58 0
906403 56 0 0
906450 56 58 2
906534 56 46 0
906623 56 34 2
906681 56 46 2
906693 56 59 0
906853 56 34 2
906984 56 59 2
907016 56 32 0
907172 56 32 2
907180 56 50 0
907229 56 50 2
907305 56 60 0
907579 56 60 2
907587 56 62 0
907733 56 62 2
907737 56 3 0
907869 56 3 2
907881 56 5 0
908063 56 5 2
908091 56 17 0
908210 56 17 2
908230 56 6 0
908369 56 6 2
908461 56 11 0
908796 56 11 2
908804 56 10 0
908921 56 10 2
908941 56 11 0
909125 56 11 2
909133 56 6 0
909590 56 6 2
909626 56 36 0
909893 56 22 2
909936 56 36 2
909996 56 12 0
910126 56 12 2
910134 56 0 0
910143 56 58 2
910238 56 0 2
910362 56 15 0
910510 56 15 2
910630 56 7 0
910853 56 30 2
910869 56 7 2
910885 56 0 0
911083 56 30 2
911126 56 0 2
911193 56 30 2
911274 56 9 0
911313 56 30 2
911343 56 34 2
911373 56 26 2
911377 56 9 2
911409 56 8 0
911443 56 46 2
911473 56 30 2
911515 56 8 2
911543 56 34 2
911543 56 45 0
911593 56 30 2
911703 56 30 2
911753 56 34 2
911853 56 30 2
911903 56 34 2
911960 56 45 2
912023 56 34 2
912053 56 30 2
912068 56 14 0
912163 56 30 2
912193 56 62 2
912198 56 14 2
912223 56 34 2
912273 56 30 2
912333 56 34 2
912393 56 30 2
912463 56 34 2
912494 56 31 0
912573 56 34 2
912603 56 30 2
912625 56 31 2
912669 56 35 0
912683 56 34 2
912713 56 30 2
912823 56 30 2
912853 56 34 2
912883 56 30 2
912943 56 30 2
912974 56 35 2
912983 56 34 2
913013 56 30 2
913034 56 32 0
913053 56 30 2
913093 56 34 2
913124 56 32 2
913203 56 30 2
913224 56 33 0
913233 56 34 2
913335 56 33 2
913363 56 30 2
913393 56 34 2
913427 56 34 0
913473 56 30 2
913503 56 34 2
913545 56 34 2
913577 56 1 0
913577 56 1 0
913583 56 30 2
913643 56 34 2
913659 56 1 2
913669 56 1 2
913683 56 18 2
913713 56 30 2
913713 56 32 0
913773 56 34 2
913810 56 32 2
913818 56 35 0
913823 56 30 2
913933 56 34 2
913944 56 35 2
913948 56 60 0
914003 56 22 2
914018 56 0 2
914033 56 30 2
914063 56 34 2
914103 56 60 2
914119 56 61 0
914143 56 30 2
914203 56 34 2
914219 56 0 0
914253 56 30 2
914333 56 34 2
914335 56 61 2
914377 56 0 0
914383 56 34 2
914395 56 48 0
914413 56 30 2
914493 56 34 2
914500 56 48 2
914523 56 30 2
914528 56 0 0
914540 56 49 0
914633 56 30 2
914638 56 49 2
914663 56 34 2
914674 56 36 0
914674 56 36 0
914748 56 36 2
914773 56 34 2
914795 56 0 0
914803 56 30 2
914883 56 34 2
914913 56 30 2
914929 56 36 2
914952 56 0 0
914963 56 26 2
914993 56 37 0
914993 56 37 0
915013 56 34 2
915073 56 30 2
915075 56 37 2
915144 56 37 2
915173 56 34 2
915192 56 58 0
915241 56 0 0
915243 56 30 2
915343 56 34 2
915383 56 30 2
915383 56 0 0
915463 56 34 2
915503 56 30 2
915526 56 0 0
915633 56 30 2
915663 56 34 2
915669 56 0 0
915821 56 0 0
915823 56 30 2
915853 56 34 2
915864 56 58 2
915876 56 31 0
915903 56 38 2
915953 56 30 2
915983 56 34 2
915993 56 0 0
916073 56 30 2
916103 56 34 2
916182 56 31 2
916194 56 30 0
916213 56 34 2
916243 56 30 2
916268 56 0 0
916323 56 34 2
916382 56 0 0
916393 56 18 2
916433 56 30 2
916463 56 34 2
916543 56 30 2
916547 56 30 2
916555 56 59 0
916563 56 2 2
916594 56 0 0
916653 56 30 2
916703 56 34 2
916743 56 0 0
916783 56 30 2
916807 56 59 2
916859 56 34 0
916893 56 30 2
916923 56 34 2
917013 56 30 2
917053 56 34 2
917127 56 34 2
917143 56 30 2
917167 56 0 0
917183 56 34 2
917198 56 0 0
917263 56 30 2
917293 56 34 2
917380 56 0 0
917416 56 0 2
917423 56 34 2
917424 56 33 0
917453 56 42 2
917483 56 30 2
917535 56 0 0
917553 56 34 2
917593 56 30 2
917679 56 0 0
917743 56 34 2
917782 56 33 2
917798 56 60 0
917853 56 34 2
917869 56 0 0
917883 56 6 2
917933 56 30 2
917993 56 34 2
918017 56 0 0
918028 56 60 2
918048 56 32 0
918113 56 30 2
918143 56 34 2
918174 56 0 0
918273 56 30 2
918300 56 32 2
918327 56 0 0
918363 56 34 2
918376 56 61 0
918381 56 3 0
918382 56 2 0
918473 56 34 2
918486 56 0 0
918503 56 30 2
918613 56 34 2
918643 56 30 2
918643 56 0 0
918753 56 30 2
918781 56 0 0
918783 56 34 2
918863 56 30 2
918893 56 34 2
918958 56 0 0
918973 56 30 2
919003 56 46 2
919033 56 34 2
919136 56 0 0
919143 56 34 2
919263 56 30 2
919293 56 34 2
919336 56 0 0
919423 56 34 2
919453 56 30 2
919490 56 0 0
919541 56 61 2
919583 56 30 2
919613 56 34 2
919636 56 0 0
919665 56 62 0
919773 56 34 2
919812 56 0 0
919963 56 34 2
919978 56 0 0
920083 56 34 2
920166 56 0 0
920172 56 62 2
920260 56 12 0
920314 56 0 0
920381 56 12 2
920393 56 39 0
920414 56 0 0
920552 56 0 0
920553 56 10 2
920583 56 50 2
920588 56 39 2
920600 56 13 0
920751 56 0 0
920811 56 13 2
920815 56 48 0
920906 56 48 2
920918 56 59 0
920923 56 0 0
921039 56 0 0
921095 56 59 2
921123 56 54 0
921123 56 54 0
921137 56 0 0
921197 56 54 2
921294 56 54 2
921325 56 0 0
921334 56 55 0
921429 56 0 0
921514 56 55 2
921538 56 56 0
921547 56 0 0
921627 56 56 2
921655 56 57 0
921717 56 0 0
921784 56 57 2
921848 56 58 0
921876 56 0 0
922026 56 58 2
922035 56 0 0
922062 56 49 0
922093 56 62 2
922143 56 54 2
922209 56 49 2
922213 56 0 0
922249 56 63 0
922365 56 0 0
922522 56 0 0
922677 56 0 0
922735 56 2 0
922736 56 0 1
922768 56 0 0
922897 56 0 0
922952 56 2 2
923005 56 63 2
923050 56 0 2
923053 56 15 0
923063 56 30 2
923069 56 0 0
923198 56 15 2
923214 56 44 0
923253 56 0 1
923273 56 0 0
923336 56 44 2
923356 56 45 0
923427 56 0 0
923471 56 3 2
923487 56 45 2
923576 56 0 2
923587 56 0 0
923707 56 0 0
923713 56 58 2
923735 56 0 0
923763 56 34 2
923828 56 0 2
923856 56 0 0
923920 56 1 0
924016 56 0 0
924018 56 1 2
924118 56 2 0
924127 56 0 0
924229 56 2 2
924249 56 41 0
924417 56 41 2
924489 56 3 0
924606 56 3 2
924866 56 5 0
924907 56 55 2
925065 56 5 2
925103 56 38 2
925113 56 6 0
925239 56 52 2
925301 56 6 2
925343 56 62 2
925389 56 7 0
925592 56 55 2
925598 56 7 2
925706 56 8 0
925797 56 8 2
925853 56 1 0
925950 56 55 2
925951 56 1 2
926233 56 55 2
926399 56 46 0
926462 56 54 2
926497 56 46 2
926505 56 4 0
926626 56 4 2
926650 56 47 0
926683 56 2 2
926733 56 30 2
926756 56 47 2
926838 56 53 2
926900 56 12 0
927014 56 12 2
927378 56 10 0
927489 56 10 2
927490 56 52 2
927603 56 55 2
927609 56 1 0
927609 56 1 0
927628 56 52 2
927691 56 1 2
927716 56 1 2
927742 56 55 2
927888 56 52 2
928024 56 55 2
928063 56 6 2
928164 56 46 0
928262 56 46 2
928294 56 47 0
928294 56 47 0
928387 56 47 2
928404 56 47 2
928548 56 12 0
928553 56 54 2
928662 56 12 2
928691 56 54 2
928935 56 53 2
928965 56 54 2
929075 56 53 2
929146 56 1 0
929260 56 1 2
929342 56 53 2
929433 56 10 2
929708 56 46 0
929708 56 46 0
929808 56 46 2
929834 56 46 2
929840 56 47 0
929913 56 38 2
929945 56 47 2
930089 56 12 0
930203 56 12 2
930687 56 1 0
930687 56 1 0
930769 56 1 2
930817 56 1 2
930833 56 14 2
930863 56 42 2
931265 56 46 0
931363 56 46 2
931395 56 47 0
931502 56 47 2
931646 56 12 0
931759 56 12 2
932243 56 18 2
932243 56 1 0
932243 56 1 0
932325 56 1 2
932333 56 1 2
932781 56 46 0
932781 56 46 0
932863 56 46 2
932870 56 46 2
932902 56 47 0
932902 56 47 0
932992 56 47 2
933007 56 47 2
933151 56 12 0
933151 56 12 0
933250 56 12 2
933259 56 12 2
933353 56 6 2
933673 56 22 2
933743 56 1 0
933743 56 1 0
933826 56 1 2
933831 56 1 2
934279 56 46 0
934279 56 46 0
934361 56 46 2
934368 56 46 2
934400 56 47 0
934400 56 47 0
934492 56 47 2
934505 56 47 2
934649 56 12 0
934649 56 12 0
934747 56 12 2
934757 56 12 2
935043 56 10 2
935113 56 26 2
935241 56 1 0
935241 56 1 0
935325 56 1 2
935336 56 1 2
935784 56 46 0
935784 56 46 0
935866 56 46 2
935874 56 46 2
935906 56 47 0
935906 56 47 0
935996 56 47 2
936005 56 47 2
936149 56 12 0
936149 56 12 0
936247 56 12 2
936255 56 12 2
936563 56 30 2
936643 56 1 0
936643 56 1 0
936725 56 1 2
936734 56 1 2
937133 56 30 2
937166 56 7 0
937311 56 7 2
937327 56 46 0
937327 56 46 0
937409 56 46 2
937417 56 46 2
937449 56 47 0
937449 56 47 0
937551 56 47 2
937561 56 47 2
937705 56 12 0
937705 56 12 0
937803 56 12 2
937811 56 12 2
938033 56 34 2
938063 56 14 2
938295 56 1 0
938295 56 1 0
938377 56 1 2
938384 56 1 2
938832 56 46 0
938832 56 46 0
938914 56 46 2
938921 56 46 2
938953 56 47 0
938953 56 47 0
939044 56 47 2
939053 56 47 2
939197 56 12 0
939197 56 12 0
939295 56 12 2
939308 56 12 2
939523 56 38 2
939603 56 18 2
939792 56 1 0
939792 56 1 0
939874 56 1 2
939888 56 1 2
940336 56 46 0
940336 56 46 0
940418 56 46 2
940426 56 46 2
940458 56 47 0
940458 56 47 0
940548 56 47 2
940557 56 47 2
940701 56 5 0
940831 56 5 2
940839 56 61 0
940970 56 61 2
940978 56 29 0
941023 56 42 2
941272 56 29 2
941288 56 62 0
941288 56 62 0
941313 56 22 2
941354 56 62 2
941426 56 62 2
941702 56 63 0
941702 56 63 0
941776 56 63 2
941848 56 63 2
942272 56 12 0
942272 56 12 0
942371 56 12 2
942391 56 12 2
942517 56 52 2
942543 56 46 2
942831 56 11 0
942945 56 11 2
943013 56 26 2
943157 56 1 0
943157 56 1 0
943239 56 1 2
943271 56 1 2
943719 56 46 0
943719 56 46 0
943801 56 46 2
943809 56 46 2
943841 56 47 0
943841 56 47 0
943931 56 47 2
943939 56 47 2
944073 56 50 2
944815 56 12 0
944815 56 12 0
944913 56 12 2
944923 56 30 2
944931 56 12 2
945035 56 52 2
945583 56 1 0
945583 56 1 0
945623 56 54 2
945666 56 1 2
945673 56 1 2
946121 56 46 0
946121 56 46 0
946203 56 46 2
946215 56 0 1
946223 56 46 2
946255 56 47 0
946255 56 47 0
946347 56 47 2
946362 56 47 2
946432 56 2 2
946506 56 12 0
946506 56 12 0
946530 56 0 2
946607 56 12 2
946615 56 12 2
946733 56 34 2
947099 56 1 0
947099 56 1 0
947181 56 1 2
947188 56 1 2
947193 56 58 2
947636 56 46 0
947636 56 46 0
947719 56 46 2
947728 56 46 2
947760 56 47 0
947760 56 47 0
947850 56 47 2
947857 56 47 2
948001 56 12 0
948001 56 12 0
948099 56 12 2
948103 56 38 2
948107 56 12 2
948591 56 1 0
948591 56 1 0
948673 56 1 2
948681 56 1 2
948763 56 62 2
949129 56 46 0
949129 56 46 0
949216 56 46 2
949220 56 46 2
949252 56 47 0
949252 56 47 0
949342 56 47 2
949350 56 47 2
949494 56 12 0
949598 56 12 2
950082 56 1 0
950082 56 1 0
950165 56 1 2
950172 56 1 2
950363 56 42 2
950620 56 46 0
950620 56 46 0
950702 56 46 2
950711 56 46 2
950723 56 22 2
950743 56 47 0
950743 56 47 0
950834 56 47 2
950840 56 47 2
950984 56 12 0
951095 56 12 2
951466 56 2 0
951467 56 2 2
951579 56 1 0
951579 56 1 0
951661 56 1 2
951668 56 1 2
952100 56 8 0
952173 56 46 2
952206 56 8 2
952222 56 46 0
952222 56 46 0
952304 56 46 2
952311 56 46 2
952343 56 47 0
952343 56 47 0
952433 56 47 2
952441 56 47 2
952585 56 12 0
952585 56 12 0
952685 56 12 2
952785 56 12 2
953269 56 1 0
953269 56 1 0
953358 56 1 2
953359 56 1 2
953807 56 46 0
953807 56 46 0
953883 56 50 2
953889 56 46 2
953897 56 46 2
953929 56 47 0
953929 56 47 0
954020 56 47 2
954027 56 47 2
954093 56 62 2
954171 56 12 0
954171 56 12 0
954269 56 12 2
954282 56 12 2
954766 56 1 0
954766 56 1 0
954853 56 1 2
954856 56 1 2
955304 56 46 0
955304 56 46 0
955386 56 46 2
955397 56 46 2
955429 56 47 0
955429 56 47 0
955519 56 47 2
955538 56 47 2
955682 56 12 0
955682 56 12 0
955781 56 12 2
955788 56 12 2
955893 56 54 2
956272 56 1 0
956272 56 1 0
956356 56 1 2
956360 56 1 2
956635 56 0 1
956808 56 46 0
956808 56 46 0
956852 56 3 2
956890 56 46 2
956899 56 46 2
956931 56 47 0
956931 56 47 0
956958 56 0 2
957021 56 47 2
957028 56 47 2
957172 56 12 0
957172 56 12 0
957270 56 12 2
957278 56 12 2
957762 56 1 0
957762 56 1 0
957793 56 58 2
957844 56 1 2
957852 56 1 2
958300 56 46 0
958300 56 46 0
958382 56 46 2
958391 56 46 2
958423 56 47 0
958423 56 47 0
958514 56 47 2
958522 56 47 2
958666 56 12 0
958666 56 12 0
958764 56 12 2
958772 56 12 2
959256 56 1 0
959256 56 1 0
959342 56 1 2
959347 56 1 2
959795 56 46 0
959795 56 46 0
959878 56 46 2
959886 56 46 2
959918 56 47 0
959918 56 47 0
959953 56 62 2
960008 56 47 2
960015 56 47 2
960159 56 12 0
960159 56 12 0
960257 56 12 2
960264 56 12 2
960748 56 1 0
960748 56 1 0
960830 56 1 2
960837 56 1 2
961285 56 46 0
961285 56 46 0
961367 56 46 2
961376 56 46 2
961408 56 47 0
961408 56 47 0
961498 56 47 2
961506 56 47 2
961623 56 2 2
961650 56 12 0
961650 56 12 0
961749 56 12 2
961761 56 12 2
962245 56 1 0
962245 56 1 0
962328 56 1 2
962333 56 1 2
962781 56 46 0
962781 56 46 0
962864 56 46 2
962878 56 46 2
962910 56 47 0
962910 56 47 0
963000 56 47 2
963008 56 47 2
963152 56 12 0
963152 56 12 0
963250 56 12 2
963258 56 12 2
963263 56 6 2
963742 56 1 0
963742 56 1 0
963836 56 1 2
963837 56 1 2
963992 56 2 0
963993 56 2 2
964268 56 9 0
964382 56 9 2
964398 56 46 0
964398 56 46 0
964481 56 46 2
964489 56 46 2
964521 56 47 0
964521 56 47 0
964611 56 47 2
964624 56 47 2
964768 56 12 0
964768 56 12 0
964866 56 12 2
964874 56 12 2
965013 56 10 2
965358 56 1 0
965358 56 1 0
965440 56 1 2
965448 56 1 2
965896 56 46 0
965896 56 46 0
965913 56 22 2
965981 56 46 2
965989 56 46 2
966021 56 47 0
966021 56 47 0
966113 56 47 2
966120 56 47 2
966264 56 12 0
966264 56 12 0
966363 56 12 2
966372 56 12 2
966703 56 14 2
966856 56 1 0
966856 56 1 0
966938 56 1 2
966947 56 1 2
967395 56 46 0
967395 56 46 0
967477 56 46 2
967486 56 46 2
967518 56 47 0
967518 56 47 0
967608 56 47 2
967620 56 47 2
967764 56 12 0
967764 56 12 0
967862 56 12 2
967872 56 12 2
968356 56 1 0
968356 56 1 0
968438 56 1 2
968448 56 1 2
968896 56 46 0
968896 56 46 0
968978 56 46 2
968986 56 46 2
969018 56 47 0
969018 56 47 0
969115 56 47 2
969117 56 47 2
969261 56 12 0
969261 56 12 0
969359 56 12 2
969367 56 12 2
969378 56 2 0
969379 56 0 1
969591 56 2 2
969688 56 0 2
969851 56 1 0
969851 56 1 0
969933 56 1 2
969941 56 1 2
970203 56 22 2
970389 56 46 0
970389 56 46 0
970471 56 46 2
970481 56 46 2
970513 56 47 0
970513 56 47 0
970603 56 47 2
970613 56 47 2
970757 56 12 0
970757 56 12 0
970835 56 2 0
970836 56 2 2
970855 56 12 2
970865 56 12 2
971349 56 1 0
971349 56 1 0
971431 56 1 2
971439 56 1 2
971887 56 46 0
971887 56 46 0
971969 56 46 2
971979 56 46 2
971983 56 26 2
972011 56 47 0
972011 56 47 0
972109 56 47 2
972110 56 47 2
972254 56 12 0
972254 56 12 0
972273 56 26 2
972352 56 12 2
972360 56 12 2
972844 56 1 0
972844 56 1 0
972926 56 1 2
972934 56 1 2
973382 56 46 0
973382 56 46 0
973464 56 46 2
973471 56 46 2
973503 56 47 0
973503 56 47 0
973593 56 47 2
973601 56 47 2
973745 56 12 0
973745 56 12 0
973843 56 12 2
973850 56 12 2
974334 56 1 0
974334 56 1 0
974417 56 1 2
974425 56 1 2
974873 56 46 0
974873 56 46 0
974955 56 46 2
974963 56 46 2
974995 56 47 0
974995 56 47 0
975085 56 47 2
975095 56 47 2
975239 56 12 0
975239 56 12 0
975337 56 12 2
975346 56 12 2
975563 56 34 2
975830 56 1 0
975830 56 1 0
975913 56 1 2
975921 56 1 2
976353 56 10 0
976484 56 10 2
976500 56 46 0
976500 56 46 0
976582 56 46 2
976589 56 46 2
976621 56 47 0
976621 56 47 0
976712 56 47 2
976724 56 47 2
976868 56 12 0
976868 56 12 0
976970 56 12 2
976972 56 12 2
977363 56 38 2
977456 56 1 0
977456 56 1 0
977538 56 1 2
977546 56 1 2
977994 56 46 0
977994 56 46 0
978076 56 46 2
978084 56 46 2
978116 56 47 0
978116 56 47 0
978206 56 47 2
978216 56 47 2
978360 56 12 0
978360 56 12 0
978458 56 12 2
978466 56 12 2
978950 56 1 0
978950 56 1 0
979032 56 1 2
979042 56 1 2
979473 56 42 2
979490 56 46 0
979490 56 46 0
979572 56 46 2
979581 56 46 2
979613 56 47 0
979613 56 47 0
979703 56 47 2
979713 56 47 2
979857 56 12 0
979857 56 12 0
979965 56 12 2
979968 56 12 2
980373 56 34 2
980449 56 1 0
980449 56 1 0
980531 56 1 2
980539 56 1 2
980983 56 46 2
980987 56 46 0
980987 56 46 0
981069 56 46 2
981076 56 46 2
981108 56 47 0
981108 56 47 0
981199 56 47 2
981211 56 47 2
981355 56 12 0
981355 56 12 0
981453 56 12 2
981461 56 12 2
981945 56 1 0
981945 56 1 0
982027 56 1 2
982034 56 1 2
982482 56 46 0
982482 56 46 0
982568 56 46 2
982578 56 46 2
982610 56 47 0
982610 56 47 0
982700 56 47 2
982708 56 47 2
982833 56 50 2
982852 56 12 0
982852 56 12 0
982952 56 12 2
982956 56 12 2
983440 56 1 0
983440 56 1 0
983522 56 1 2
983530 56 1 2
983978 56 46 0
983978 56 46 0
984060 56 46 2
984068 56 46 2
984100 56 47 0
984100 56 47 0
984190 56 47 2
984201 56 47 2
984345 56 12 0
984345 56 12 0
984443 56 12 2
984454 56 12 2
984573 56 10 2
984603 56 54 2
984938 56 1 0
984938 56 1 0
985020 56 1 2
985028 56 1 2
985223 56 38 2
985459 56 3 0
985460 56 0 1
985476 56 46 0
985476 56 46 0
985558 56 46 2
985569 56 46 2
985601 56 47 0
985601 56 47 0
985672 56 3 2
985691 56 47 2
985702 56 47 2
985778 56 0 2
985846 56 12 0
985846 56 12 0
985945 56 12 2
985952 56 12 2
986436 56 1 0
986436 56 1 0
986518 56 1 2
986526 56 1 2
986603 56 58 2
986734 56 2 0
986735 56 0 0
986974 56 46 0
986974 56 46 0
987057 56 46 2
987087 56 46 2
987119 56 47 0
987119 56 47 0
987215 56 47 2
987218 56 47 2
987362 56 12 0
987362 56 12 0
987460 56 12 2
987467 56 12 2
987951 56 1 0
987951 56 1 0
988042 56 1 2
988046 56 1 2
988474 56 11 0
988474 56 11 0
988523 56 62 2
988564 56 11 2
988605 56 11 2
988621 56 46 0
988621 56 46 0
988703 56 46 2
988711 56 46 2
988743 56 47 0
988743 56 47 0
988835 56 47 2
988840 56 47 2
988984 56 12 0
988984 56 12 0
989082 56 12 2
989089 56 12 2
989573 56 1 0
989573 56 1 0
989655 56 1 2
989663 56 1 2
990023 56 6 2
990111 56 46 0
990111 56 46 0
990193 56 46 2
990201 56 46 2
990233 56 47 0
990233 56 47 0
990324 56 47 2
990332 56 47 2
990476 56 12 0
990476 56 12 0
990575 56 12 2
990582 56 12 2
991066 56 1 0
991066 56 1 0
991149 56 1 2
991156 56 1 2
991543 56 0 1
991604 56 46 0
991604 56 46 0
991698 56 46 2
991705 56 46 2
991730 56 47 0
991730 56 47 0
991762 56 3 2
991824 56 47 2
991826 56 47 2
991868 56 0 2
991970 56 12 0
991970 56 12 0
992068 56 12 2
992076 56 12 2
992403 56 10 2
992560 56 1 0
992560 56 1 0
992642 56 1 2
992655 56 1 2
993103 56 46 0
993103 56 46 0
993186 56 46 2
993193 56 46 2
993225 56 47 0
993225 56 47 0
993315 56 47 2
993324 56 47 2
993468 56 12 0
993468 56 12 0
993566 56 12 2
993573 56 12 2
994057 56 1 0
994057 56 1 0
994139 56 1 2
994148 56 1 2
994596 56 46 0
994596 56 46 0
994678 56 46 2
994685 56 46 2
994717 56 47 0
994717 56 47 0
994809 56 47 2
994813 56 14 2
994819 56 47 2
994963 56 12 0
994963 56 12 0
995061 56 12 2
995069 56 12 2
995553 56 1 0
995553 56 1 0
995635 56 1 2
995643 56 1 2
995653 56 26 2
996091 56 46 0
996091 56 46 0
996173 56 46 2
996181 56 46 2
996213 56 47 0
996213 56 47 0
996303 56 47 2
996310 56 47 2
996454 56 12 0
996454 56 12 0
996523 56 34 2
996552 56 12 2
996559 56 12 2
997043 56 1 0
997043 56 1 0
997125 56 1 2
997133 56 1 2
997223 56 18 2
997581 56 46 0
997581 56 46 0
997603 56 30 2
997663 56 46 2
997673 56 46 2
997705 56 47 0
997705 56 47 0
997797 56 47 2
997805 56 47 2
997949 56 12 0
997949 56 12 0
998048 56 12 2
998056 56 12 2
998157 56 52 2
998279 56 54 2
998413 56 55 2
998540 56 1 0
998540 56 1 0
998557 56 53 2
998622 56 1 2
998630 56 1 2
998823 56 14 2
999078 56 46 0
999078 56 46 0
999161 56 46 2
999172 56 46 2
999204 56 47 0
999204 56 47 0
999294 56 47 2
999302 56 47 2
999446 56 12 0
999446 56 12 0
999544 56 12 2
999554 56 12 2
999653 56 22 2
1000038 56 1 0
1000038 56 1 0
1000122 56 1 2
1000129 56 1 2
1000383 56 34 2
1000561 56 12 0
1000561 56 12 0
1000659 56 12 2
1000667 56 12 2
1000683 56 46 0
1000683 56 46 0
1000765 56 46 2
1000774 56 46 2
1000806 56 47 0
1000806 56 47 0
1000833 56 34 2
1000897 56 47 2
1000904 56 47 2
1001048 56 12 0
1001048 56 12 0
1001146 56 12 2
1001154 56 12 2
1001255 56 54 2
1001390 56 52 2
1001423 56 6 2
1001507 56 53 2
1001630 56 55 2
1001638 56 1 0
1001638 56 1 0
1001721 56 1 2
1001729 56 1 2
1001743 56 42 2
1002013 56 2 2
1002173 56 26 2
1002177 56 46 0
1002177 56 46 0
1002259 56 46 2
1002267 56 46 2
1002299 56 47 0
1002299 56 47 0
1002389 56 47 2
1002399 56 47 2
1002543 56 12 0
1002543 56 12 0
1002641 56 12 2
1002655 56 12 2
1003139 56 1 0
1003139 56 1 0
1003221 56 1 2
1003228 56 1 2
1003676 56 46 0
1003676 56 46 0
1003758 56 46 2
1003766 56 46 2
1003798 56 47 0
1003798 56 47 0
1003889 56 47 2
1003897 56 47 2
1004041 56 12 0
1004041 56 12 0
1004141 56 12 2
1004143 56 14 2
1004154 56 12 2
1004257 56 54 2
1004398 56 52 2
1004518 56 53 2
1004638 56 1 0
1004638 56 1 0
1004642 56 55 2
1004643 56 30 2
1004720 56 1 2
1004728 56 1 2
1005176 56 46 0
1005176 56 46 0
1005258 56 46 2
1005266 56 46 2
1005298 56 47 0
1005298 56 47 0
1005313 56 30 2
1005390 56 47 2
1005397 56 47 2
1005541 56 12 0
1005541 56 12 0
1005603 56 2 2
1005639 56 12 2
1005647 56 12 2
1006131 56 1 0
1006131 56 1 0
1006203 56 34 2
1006214 56 1 2
1006230 56 1 2
1006678 56 46 0
1006678 56 46 0
1006766 56 46 2
1006769 56 46 2
1006798 56 47 0
1006798 56 47 0
1006889 56 47 2
1006894 56 47 2
1007038 56 12 0
1007038 56 12 0
1007137 56 12 2
1007145 56 12 2
1007183 56 34 2
1007254 56 54 2
1007387 56 53 2
1007516 56 55 2
1007563 56 6 2
1007629 56 1 0
1007629 56 1 0
1007659 56 52 2
1007711 56 1 2
1007720 56 1 2
1007893 56 30 2
1008168 56 46 0
1008168 56 46 0
1008193 56 10 2
1008250 56 46 2
1008262 56 46 2
1008294 56 47 0
1008294 56 47 0
1008384 56 47 2
1008392 56 47 2
1008536 56 12 0
1008536 56 12 0
1008634 56 12 2
1008642 56 12 2
1009126 56 1 0
1009126 56 1 0
1009208 56 1 2
1009216 56 1 2
1009664 56 46 0
1009664 56 46 0
1009673 56 38 2
1009723 56 2 2
1009747 56 46 2
1009753 56 46 2
1009785 56 47 0
1009785 56 47 0
1009875 56 47 2
1009883 56 47 2
1010027 56 12 0
1010027 56 12 0
1010125 56 12 2
1010133 56 12 2
1010239 56 54 2
1010374 56 55 2
1010513 56 34 2
1010525 56 52 2
1010617 56 1 0
1010617 56 1 0
1010649 56 53 2
1010699 56 1 2
1010707 56 1 2
1011155 56 46 0
1011155 56 46 0
1011240 56 46 2
1011248 56 46 2
1011280 56 47 0
1011280 56 47 0
1011373 56 47 2
1011381 56 47 2
1011525 56 12 0
1011525 56 12 0
1011572 56 0 1
1011625 56 12 2
1011640 56 12 2
1011643 56 42 2
1011791 56 38 2
1011891 56 0 2
1011892 56 38 0
1012016 56 38 0
1012124 56 1 0
1012124 56 1 0
1012143 56 38 0
1012183 56 42 2
1012206 56 1 2
1012213 56 6 2
1012214 56 1 2
1012286 56 38 0
1012646 56 13 0
1012768 56 13 2
1012784 56 46 0
1012784 56 46 0
1012789 56 38 0
1012876 56 46 2
1012884 56 46 2
1012916 56 47 0
1012916 56 47 0
1013006 56 47 2
1013014 56 47 2
1013074 56 38 0
1013153 56 42 2
1013158 56 12 0
1013158 56 12 0
1013251 56 38 0
1013257 56 12 2
1013265 56 12 2
1013398 56 38 0
1013534 56 38 0
1013667 56 38 0
1013749 56 1 0
1013749 56 1 0
1013790 56 38 0
1013831 56 1 2
1013839 56 1 2
1013914 56 38 0
1014045 56 38 0
1014153 56 38 0
1014276 56 38 0
1014287 56 46 0
1014287 56 46 0
1014369 56 46 2
1014377 56 46 2
1014409 56 47 0
1014409 56 47 0
1014499 56 47 2
1014507 56 47 2
1014651 56 12 0
1014651 56 12 0
1014698 56 38 0
1014713 56 46 2
1014749 56 12 2
1014756 56 12 2
1014823 56 38 0
1014923 56 38 2
1015240 56 1 0
1015240 56 1 0
1015283 56 30 2
1015322 56 1 2
1015336 56 1 2
1015663 56 2 2
1015784 56 46 0
1015784 56 46 0
1015867 56 46 2
1015875 56 46 2
1015907 56 47 0
1015907 56 47 0
1015943 56 38 0
1015997 56 47 2
1016006 56 47 2
1016150 56 12 0
1016150 56 12 0
1016248 56 12 2
1016255 56 12 2
1016432 56 38 0
1016581 56 38 0
1016689 56 38 0
1016739 56 1 0
1016739 56 1 0
1016822 56 1 2
1016829 56 1 2
1016842 56 38 0
1016977 56 38 0
1017150 56 38 0
1017253 56 50 2
1017277 56 46 0
1017277 56 46 0
1017281 56 38 0
1017333 56 2 2
1017359 56 46 2
1017367 56 46 2
1017399 56 47 0
1017399 56 47 0
1017490 56 47 2
1017497 56 47 2
1017641 56 12 0
1017641 56 12 0
1017741 56 12 2
1017749 56 12 2
1017778 56 38 0
1017899 56 38 0
1018041 56 38 0
1018154 56 38 0
1018233 56 1 0
1018233 56 1 0
1018315 56 1 2
1018327 56 1 2
1018381 56 38 0
1018680 56 38 0
1018775 56 46 0
1018775 56 46 0
1018787 56 38 0
1018858 56 46 2
1018865 56 46 2
1018897 56 47 0
1018897 56 47 0
1018917 56 38 0
1018919 56 52 2
1018988 56 47 2
1018995 56 47 2
1019029 56 38 0
1019139 56 12 0
1019139 56 12 0
1019142 56 38 0
1019237 56 12 2
1019245 56 12 2
1019311 56 38 0
1019377 56 1 0
1019514 56 1 2
1019697 56 38 0
1019734 56 52 2
1019782 56 1 0
1019823 56 54 2
1019904 56 1 2
1019963 56 10 2
1019988 56 1 0
1019988 56 1 0
1019996 56 53 2
1020061 56 38 0
1020070 56 1 2
1020077 56 1 2
1020135 56 52 2
1020182 56 38 0
1020266 56 55 2
1020418 56 38 0
1020525 56 46 0
1020525 56 46 0
1020607 56 46 2
1020615 56 46 2
1020647 56 47 0
1020647 56 47 0
1020737 56 47 2
1020747 56 47 2
1020759 56 38 0
1020804 56 53 2
1020891 56 12 0
1020891 56 12 0
1020903 56 38 0
1020917 56 2 0
1020918 56 0 1
1020990 56 12 2
1020999 56 12 2
1021021 56 38 0
1021131 56 1 0
1021132 56 38 0
1021132 56 2 2
1021230 56 0 2
1021262 56 1 2
1021352 56 53 2
1021433 56 14 2
1021614 56 1 0
1021614 56 1 0
1021666 56 55 2
1021696 56 1 2
1021699 56 38 0
1021753 56 1 2
1021954 56 38 0
1022092 56 38 0
1022165 56 55 2
1022201 56 46 0
1022201 56 46 0
1022203 56 34 2
1022244 56 38 0
1022283 56 46 2
1022291 56 46 2
1022323 56 47 0
1022323 56 47 0
1022393 56 58 2
1022413 56 47 2
1022421 56 47 2
1022430 56 38 0
1022565 56 12 0
1022565 56 12 0
1022575 56 38 0
1022663 56 12 2
1022671 56 12 2
1022687 56 38 0
1022799 56 38 0
1023155 56 1 0
1023155 56 1 0
1023237 56 1 2
1023245 56 1 2
1023342 56 38 0
1023693 56 46 0
1023693 56 46 0
1023775 56 46 2
1023783 56 46 2
1023808 56 38 0
1023815 56 47 0
1023815 56 47 0
1023905 56 47 2
1023913 56 47 2
1024005 56 38 0
1024007 56 55 2
1024057 56 12 0
1024057 56 12 0
1024114 56 38 0
1024156 56 12 2
1024161 56 12 2
1024252 56 38 0
1024293 56 1 0
1024373 56 38 0
1024439 56 1 2
1024608 56 55 2
1024783 56 9 0
1024843 56 38 0
1024913 56 9 2
1024983 56 62 2
1025033 56 42 2
1025037 56 55 0
1025151 56 55 2
1025155 56 1 0
1025155 56 1 0
1025155 56 38 0
1025238 56 1 2
1025267 56 1 2
1025291 56 56 0
1025300 56 38 0
1025397 56 56 2
1025417 56 45 0
1025523 56 45 2
1025579 56 46 0
1025717 56 46 2
1025793 56 63 0
1026027 56 63 2
1026035 56 47 0
1026181 56 47 2
1026285 56 62 0
1026285 56 62 0
1026351 56 62 2
1026359 56 62 2
1026427 56 29 0
1026557 56 29 2
1026593 56 46 2
1026597 56 30 0
1026734 56 30 2
1026778 56 17 0
1026883 56 34 2
1026892 56 17 2
1026948 56 18 0
1027062 56 18 2
1027098 56 22 0
1027236 56 22 2
1027288 56 3 0
1028713 56 34 2
1028993 56 26 2
1030084 56 3 0
1030085 56 0 1
1030301 56 3 2
1030406 56 0 2
1030427 56 6 0
1030428 56 3 0
1031518 56 8 0
1031519 56 3 0
1031927 56 5 0
1031928 56 3 0
1032201 56 10 0
1032202 56 3 0
1032543 56 6 2
1032824 56 11 0
1032825 56 3 0
1032918 56 4 0
1032938 56 2 0
1032947 56 3 0
1033243 56 2 2
1033599 56 2 0
1034088 56 2 0
1034309 56 2 0
1034512 56 3 0
1034513 56 7 0
1034613 56 62 2
1034645 56 17 0
1034666 56 3 0
1034737 56 2 0
1034982 56 2 0
1035012 56 14 0
1035013 56 3 0
1035353 56 54 2
1035691 56 1 0
1035692 56 3 0
1036012 56 13 0
1036013 56 3 0
1036352 56 22 0
1036353 56 3 0
1036683 56 2 2
1036962 56 2 0
1037455 56 2 0
1037542 56 3 2
1037550 56 19 0
1037641 56 60 2
1037672 56 19 2
1037676 56 3 0
1037741 56 0 0
1037742 56 3 0
1037822 56 2 0
1037855 56 24 0
1037867 56 3 0
1038282 56 12 0
1038283 56 3 0
1038419 56 19 0
1038420 56 3 0
1038715 56 2 0
1038808 56 3 2
1038973 56 15 0
1038974 56 3 0
1039050 56 2 0
1039447 56 2 0
1039647 56 21 0
1039648 56 3 0
1040081 56 20 0
1040082 56 3 0
1040263 56 38 2
1040470 56 26 0
1040471 56 3 0
1040726 56 2 0
1040759 56 51 2
1040764 56 3 0
1040926 56 25 0
1040927 56 3 0
1041164 56 2 0
1041263 56 38 2
1041684 56 33 0
1041685 56 3 0
1041809 56 9 0
1041810 56 3 0
1042682 56 3 0
1042683 56 39 0
1042749 56 3 2
1043013 56 2 0
1043303 56 2 2
1043484 56 38 0
1043485 56 3 0
1043587 56 23 0
1043613 56 42 2
1043628 56 3 0
1043713 56 37 0
1043782 56 3 0
1043854 56 2 0
1044220 56 2 0
1044235 56 3 0
1044236 56 35 0
1044353 56 38 2
1044813 56 34 0
1044814 56 3 0
1044881 56 42 0
1044942 56 3 0
1045013 56 30 2
1045056 56 2 0
1045143 56 10 2
1045223 56 2 0
1045913 56 42 2
1046091 56 44 0
1046092 56 3 0
1046355 56 2 0
1046429 56 47 0
1046430 56 3 0
1046463 56 18 2
1046609 56 1 0
1046609 56 1 0
1046691 56 1 2
1046698 56 1 2
1046774 56 3 0
1046775 56 3 2
1046962 56 21 0
1047067 56 21 2
1047071 56 30 0
1047093 56 2 0
1047209 56 30 2
1047221 56 24 0
1047335 56 24 2
1047432 56 40 0
1047433 56 3 0
1047435 56 25 0
1047553 56 25 2
1047554 56 3 0
1047555 56 28 0
1047561 56 56 0
1047570 56 2 0
1047570 56 56 2
1047669 56 56 2
1047733 56 26 0
1047783 56 2 2
1047792 56 52 0
1047793 56 3 0
1047846 56 26 2
1047852 56 31 0
1047893 56 6 2
1047910 56 27 0
1047925 56 3 0
1048023 56 62 2
1048028 56 27 2
1048060 56 34 0
1048124 56 27 0
1048125 56 3 0
1048133 56 10 2
1048176 56 34 2
1048188 56 26 0
1048199 56 53 0
1048240 56 3 0
1048303 56 26 2
1048399 56 55 0
1048445 56 54 0
1048446 56 3 0
1048534 56 51 0
1048545 56 55 2
1048553 56 27 0
1048595 56 3 0
1048635 56 16 0
1048666 56 27 2
1048714 56 23 0
1048716 56 3 0
1049033 56 10 2
1049074 56 23 2
1049078 56 28 0
1049189 56 25 2
1049203 56 28 2
1049255 56 56 0
1049255 56 56 0
1049264 56 56 0
1049265 56 3 0
1049273 56 34 2
1049273 56 56 2
1049321 56 32 2
1049370 56 56 2
1049402 56 32 0
1049403 56 3 0
1049406 56 39 0
1049455 56 34 2
1049691 56 39 2
1049719 56 57 0
1049719 56 57 0
1049745 56 57 2
1049785 56 43 0
1049786 56 3 0
1049834 56 57 2
1049842 56 40 0
1049882 56 40 2
1049934 56 23 0
1050005 56 58 0
1050006 56 3 0
1050114 56 29 0
1050125 56 3 0
1050207 56 46 0
1050258 56 3 0
1050353 56 2 2
1050500 56 2 0
1050613 56 6 2
1050636 56 58 2
1050748 56 41 0
1050749 56 3 0
1051266 56 45 0
1051267 56 3 0
1051538 56 30 0
1051539 56 3 0
1051642 56 36 0
1051683 56 3 0
1052404 56 50 0
1052405 56 3 0
1052765 56 23 2
1052880 56 2 2
1052885 56 23 0
1053626 56 3 0
1053627 56 0 1
1053841 56 3 2
1053946 56 0 2
1054253 56 59 0
1054254 56 3 0
1054361 56 55 0
1054372 56 3 0
1054689 56 60 0
1054690 56 3 0
1054873 56 59 2
1055033 56 55 2
1055065 56 23 2
1055285 56 60 2
1055376 56 63 0
1055377 56 3 0
1055606 56 30 2
1055617 56 23 0
1056631 56 48 0
1056632 56 3 0
1057073 56 10 2
1057407 56 23 2
1057829 56 49 0
1057830 56 3 0
1058153 56 40 2
1058163 56 23 0
1058259 56 3 0
1058260 56 3 2
1059395 56 2 0
1059513 56 23 2
1059999 56 59 2
1060005 56 23 0
1060333 56 42 2
1061123 56 23 2
1061209 56 62 0
1061210 56 3 0
1061503 56 22 2
1061751 56 57 0
1061752 56 3 0
1061849 56 62 2
1062057 56 63 2
1062059 56 23 0
1062200 56 23 2
1062315 56 31 2
1062367 56 57 2
1062447 56 46 2
1062452 56 23 0
1063413 56 26 2
1064583 56 46 2
1065853 56 50 2
1066202 56 61 0
1066203 56 3 0
1066829 56 61 2
1068433 56 30 2
1070343 56 10 2
1072022 56 2 0
1072483 56 54 2
1073432 56 23 2
1075803 56 30 2
1075891 56 38 2
1075892 56 23 0
1076493 56 2 2
1077233 56 50 2
1079648 56 2 0
1080062 56 23 2
1080236 56 2 0
1080333 56 47 2
1080338 56 23 0
1080921 56 0 1
1081131 56 3 2
1081236 56 0 2
1081393 56 26 2
1083493 56 38 2
1083644 56 2 0
1083863 56 22 2
1084223 56 54 2
1085123 56 38 2
1085557 56 0 1
1085771 56 3 2
1085876 56 0 2
1086768 56 23 2
1086963 56 54 2
1087378 56 55 2
1087380 56 23 0
1088065 56 3 0
1088066 56 0 1
1088282 56 3 2
1088388 56 0 2
1088615 56 2 0
1090273 56 10 2
1090600 56 23 2
1090873 56 34 2
1091633 56 58 2
1093267 56 46 2
1093276 56 23 0
1093858 56 3 0
1093859 56 3 2
1094386 56 2 0
1095102 56 3 0
1095103 56 3 2
1095577 56 2 0
1095756 56 23 2
1097190 56 49 2
1097196 56 23 0
1098265 56 2 0
1098366 56 23 2
1099194 56 23 0
1099194 56 37 2
1099865 56 23 2
1100284 56 37 2
1100285 56 23 0
1101248 56 2 0
1102858 56 2 0
1103896 56 23 2
1104415 56 43 2
1104424 56 23 0
1105391 56 2 0
1106941 56 2 0
1107048 56 2 0
1107074 56 23 2
1107090 56 23 0
1107193 56 52 2
1107783 56 23 2
1107899 56 30 2
1107903 56 23 0
1109667 56 30 2
1111127 56 42 2
1111323 56 23 2
1111438 56 20 2
1111569 56 51 2
1111700 56 32 2
1111831 56 16 2
1111962 56 36 2
1112038 56 2 0
1112095 56 62 2
1112226 56 59 2
1112235 56 23 0
1112657 56 14 2
1113646 56 3 0
1113647 56 3 2
1113895 56 23 2
1114158 56 2 0
1114207 56 10 2
1115197 56 46 2
1115547 56 34 2
1115879 56 31 2
1115887 56 23 0
1116127 56 14 2
1116627 56 23 2
1117497 56 62 2
1118038 56 2 0
1118371 56 23 2
1118379 56 23 0
1119479 56 23 2
1119712 56 20 2
1119719 56 23 0
1120819 56 23 2
1121561 56 44 2
1121563 56 23 0
1122249 56 2 0
1122437 56 2 2
1122510 56 2 0
1122657 56 2 0
1123093 56 23 2
1123352 56 25 2
1123357 56 23 0
1124320 56 2 0
1125167 56 62 2
1125487 56 2 0
1126617 56 26 2
1127117 56 30 2
1127747 56 58 2
1127877 56 23 2
1128242 56 30 2
1128249 56 23 0
1128397 56 42 2
1129009 56 3 0
1129010 56 3 2
1129439 56 23 2
1130079 56 2 0
1130384 56 61 2
1130387 56 23 0
1130637 56 18 2
1131251 56 2 0
1131377 56 23 2
1131545 56 2 0
1131963 56 27 2
1131965 56 23 0
1132535 56 23 2
1133239 56 42 2
1133243 56 23 0
1133250 56 2 0
1133357 56 30 2
1133786 56 3 0
1133787 56 3 2
1133843 56 23 2
1134231 56 2 0
1134761 56 59 2
1134767 56 23 0
1135272 56 3 0
1135273 56 3 2
1135637 56 23 2
1135689 56 29 0
1135754 56 63 2
1135786 56 29 2
1135802 56 23 0
1135840 56 2 0
1136835 56 23 2
1136935 56 32 0
1136950 56 58 2
1136984 56 32 2
1137068 56 28 0
1137190 56 28 2
1137242 56 2 0
1137294 56 2 0
1137339 56 2 2
1137351 56 29 0
1137481 56 29 2
1137513 56 4 0
1137635 56 4 2
1137643 56 35 0
1137643 56 35 0
1137709 56 35 2
1137717 56 35 2
1137757 56 36 0
1137757 56 36 0
1137831 56 36 2
1137880 56 36 2
1137968 56 56 0
1137977 56 2 0
1138074 56 56 2
1138094 56 57 0
1138177 56 26 2
1138200 56 57 2
1138288 56 58 0
1138288 56 58 0
1138322 56 58 2
1138395 56 58 2
1138475 56 59 0
1138475 56 59 0
1138517 56 59 2
1138590 56 59 2
1138614 56 63 0
1138695 56 63 2
1138779 56 33 0
1138797 56 2 0
1138836 56 33 2
1139345 56 2 0
1139804 56 2 0
1140538 56 2 0
1141314 56 2 0
1142031 56 2 0
1142437 56 46 2
1142451 56 2 0
1142807 56 50 2
1143527 56 2 0
1144247 56 30 2
1144587 56 6 2
1144808 56 3 0
1144809 56 2 0
1146777 56 2 2
1147397 56 10 2
1148667 56 2 2
1149697 56 14 2
1152637 56 14 2
1154847 56 58 2
1156507 56 50 2
1157197 56 34 2
1158107 56 6 2
1162201 56 3 0
1162202 56 3 2
1164677 56 34 2
1166047 56 30 2
1166677 56 38 2
1168017 56 34 2
1171317 56 54 2
1172677 56 50 2
1175537 56 38 2
1177657 56 26 2
1177957 56 30 2
1180724 56 3 0
1180725 56 0 1
1180944 56 3 2
1181049 56 0 2
1182047 56 50 2
1183227 56 10 2
1184817 56 50 2
1187677 56 54 2
1188417 56 6 2
1188737 56 58 2
1191687 56 10 2
1192437 56 62 2
1192797 56 54 2
1193311 56 0 1
1193524 56 3 2
1193629 56 0 2
1194937 56 10 2
1196617 56 2 2
1198267 56 6 2
1199967 56 10 2
1201647 56 14 2
1203377 56 18 2
1205087 56 22 2
1206847 56 26 2
1208587 56 30 2
1210377 56 34 2
1212147 56 38 2
1213977 56 42 2
1215787 56 46 2
1217647 56 50 2
1219487 56 54 2
1220233 56 3 0
1220234 56 0 1
1220445 56 3 2
1220551 56 0 2
1221377 56 58 2
1223287 56 62 2
1224487 56 58 2
1225447 56 2 2
1225767 56 14 2
1228697 56 34 2
1229347 56 54 2
1230445 56 3 0
1230446 56 0 1
1230664 56 3 2
1230769 56 0 2
1233227 56 22 2
1237497 56 18 2
1238057 56 30 2
1239947 56 14 2
1240587 56 18 2
1241447 56 6 2
1242447 56 10 2
1243657 56 14 2
1244967 56 6 2
1245867 56 42 2
1246507 56 26 2
1248737 56 14 2
1249367 56 22 2
1249687 56 18 2
1250067 56 38 2
1250447 56 2 2
1253467 56 42 2
1253787 56 58 2
1254777 56 30 2
1256257 56 18 2
1257477 56 42 2
1258337 56 58 2
1258647 56 6 2
1259857 56 34 2
1261087 56 22 2
1262307 56 2 2
1263267 56 50 2
1264337 56 6 2
1267017 56 50 2
1267857 56 26 2
1269587 56 38 2
1271367 56 10 2
1273027 56 58 2
1273317 56 14 2
1274597 56 30 2
1276817 56 26 2
1277257 56 18 2
1283542 56 3 0
1283543 56 3 2
1288276 56 2 2
1294406 56 6 2
1300226 56 50 2
1304966 56 22 2
1307266 56 30 2
1308556 56 2 2
1310506 56 2 2
1312006 56 22 2
1314586 56 26 2
1316506 56 22 2
1318703 56 3 0
1318704 56 0 1
1318914 56 3 2
1319019 56 0 2
1320676 56 10 2
1321126 56 18 2
1321496 56 22 2
1321976 56 26 2
1329396 56 10 2
1329906 56 26 2
1332656 56 14 2
1337566 56 62 2
1341096 56 62 2
1342516 56 18 2
1342806 56 14 2
1343546 56 18 2
1344036 56 46 2
1345906 56 2 2
1346556 56 58 2
1346826 56 42 2
1349286 56 22 2
1350336 56 26 2
1352286 56 30 2
1352696 56 34 2
1354546 56 62 2
1358016 56 62 2
1358356 56 62 2
1359526 56 42 2
1360376 56 54 2
1361186 56 3 0
1361187 56 0 1
1361404 56 3 2
1361509 56 0 2
1362366 56 46 2
1362786 56 62 2
1364376 56 46 2
1365556 56 50 2
1366166 56 10 2
1367736 56 62 2
1368066 56 6 2
1369346 56 50 2
1370416 56 54 2
1370585 56 0 1
1370586 56 3 0
1370804 56 3 2
1370909 56 0 2
1371776 56 58 2
1372436 56 6 2
1373446 56 2 2
1374136 56 62 2
1375056 56 10 2
1376846 56 38 2
1377506 56 10 2
1378206 56 46 2
1379156 56 42 2
1381636 56 10 2
1385426 56 14 2
1385736 56 42 2
1387636 56 46 2
1389226 56 26 2
1390433 56 3 0
1390434 56 0 1
1390644 56 3 2
1390749 56 0 2
1391356 56 58 2
1393426 56 34 2
1394986 56 30 2
1395966 56 50 2
1397396 56 2 2
1397766 56 58 2
1398525 56 3 0
1398526 56 0 1
1398744 56 3 2
1398849 56 0 2
1403136 56 2 2
1403416 56 42 2
1404396 56 54 2
1406306 56 30 2
1407446 56 30 2
1408126 56 50 2
1408816 56 38 2
1410566 56 46 2
1411796 56 58 2
1412531 56 3 0
1412532 56 2 0
1415256 56 18 2
1416246 56 18 2
1417656 56 50 2
1421176 56 26 2
1423800 56 3 0
1423801 56 0 0
1496731 56 3 2
1499564 56 3 2
1501017 56 3 2
1519989 56 3 0
1519990 56 2 0
1520748 56 58 2
1522288 56 58 2
1522558 56 10 2
1844529 56 37 0
1844529 56 37 0
1844959 56 37 2
1845340 56 51 0
1845341 56 51 2
1845541 56 35 0
1845542 56 35 2
1845640 56 20 0
1845641 56 20 2
1845806 56 38 0
1845807 56 38 2
1845899 56 44 0
1845910 56 44 2
1845966 56 52 0
1845987 56 52 2
1846088 56 50 2
1846089 56 50 0
1846375 56 8 0
1846376 56 8 2
1846479 56 34 0
1846480 56 34 2
1846579 56 46 0
1846580 56 46 2
1846662 56 62 0
1846673 56 62 2
1846737 56 41 0
1846748 56 41 2
1846874 56 28 0
1846875 56 28 2
1846967 56 57 0
1846968 56 57 2
1847174 56 6 0
1847175 56 6 2
1847305 56 30 0
1847306 56 30 2
1847390 56 37 2
1847409 56 32 0
1847420 56 32 2
1847531 56 15 0
1847532 56 15 2
1847656 56 17 0
1847658 56 36 0
1847658 56 36 0
1847667 56 17 2
1847741 56 47 0
1847742 56 47 2
1847762 56 36 2
1847770 56 36 2
1847802 56 38 0
1847802 56 38 0
1847848 56 36 0
1847851 56 36 2
1847892 56 38 2
1848004 56 14 0
1848006 56 14 2
1848119 56 54 0
1848130 56 54 2
1848202 56 33 0
1848213 56 33 2
1848346 56 55 0
1848347 56 55 2
1848432 56 38 2
1848501 56 39 0
1848504 56 39 2
1848592 56 54 0
1848592 56 54 0
1848632 56 31 0
1848633 56 31 2
1848666 56 54 2
1848683 56 54 2
1848691 56 56 0
1848691 56 56 0
1848740 56 56 0
1848749 56 56 2
1848751 56 56 2
1848766 56 56 2
1848818 56 37 0
1848818 56 37 0
1848900 56 37 2
1848922 56 53 0
1848923 56 53 2
1849008 56 37 2
1849013 56 9 0
1849014 56 9 2
1849032 56 57 0
1849032 56 57 0
1849058 56 57 2
1849060 56 18 2
1849146 56 22 0
1849146 56 57 2
1849147 56 22 2
1849254 56 35 0
1849254 56 35 0
1849259 56 0 0
1849270 56 0 2
1849340 56 18 2
1849341 56 35 2
1849349 56 35 2
1849374 56 12 0
1849375 56 12 2
1849492 56 23 0
1849493 56 23 2
1849510 56 18 2
1849610 56 24 0
1849621 56 24 2
1849650 56 18 2
1849676 56 26 0
1849687 56 26 2
1849792 56 1 0
1849793 56 1 2
1849881 56 48 0
1849892 56 48 2
1849960 56 18 2
1849986 56 16 0
1849987 56 16 2
1850101 56 37 0
1850102 56 37 2
1850195 56 10 0
1850196 56 10 2
1850205 56 47 0
1850205 56 47 0
1850295 56 47 2
1850307 56 63 0
1850308 56 63 2
1850340 56 47 2
1850350 56 18 2
1850364 56 11 0
1850364 56 11 0
1850454 56 11 2
1850468 56 4 0
1850469 56 4 2
1850472 56 11 2
1850500 56 18 2
1850583 56 58 2
1850584 56 58 0
1850600 56 1 0
1850620 56 18 2
1850674 56 40 0
1850675 56 40 2
1850739 56 1 2
1850760 56 18 2
1850800 56 42 0
1850801 56 42 2
1850880 56 18 2
1850940 56 27 0
1850941 56 27 2
1851050 56 18 2
1851055 56 61 0
1851056 56 61 2
1851148 56 52 2
1851160 56 18 2
1851196 56 45 0
1851197 56 45 2
1851263 56 14 0
1851270 56 18 2
1851321 56 25 2
1851322 56 25 0
1851380 56 18 2
1851400 56 14 2
1851412 56 15 0
1851412 56 15 0
1851452 56 11 0
1851453 56 11 2
1851490 56 18 2
1851534 56 15 2
1851551 56 15 2
1851570 56 29 0
1851571 56 18 0
1851571 56 29 2
1851600 56 18 2
1851603 56 52 2
1851667 56 49 0
1851678 56 49 2
1851780 56 18 2
1851793 56 60 0
1851794 56 60 2
1851799 56 2 0
1851801 56 2 2
1851868 56 18 2
1851892 56 4 0
1851900 56 18 2
1851915 56 54 2
1852010 56 18 2
1852014 56 4 2
1852058 56 38 0
1852058 56 38 0
1852120 56 18 2
1852142 56 59 0
1852143 56 59 2
1852148 56 38 2
1852156 56 38 2
1852230 56 18 2
1852246 56 19 0
1852247 56 19 2
1852312 56 46 0
1852340 56 18 2
1852375 56 5 0
1852376 56 5 2
1852378 56 54 2
1852412 56 46 2
1852450 56 18 2
1852456 56 12 0
1852560 56 18 2
1852563 56 12 2
1852585 56 54 2
1852670 56 18 2
1852699 56 7 0
1852700 56 7 2
1852719 56 47 0
1852780 56 18 2
1852816 56 47 2
1852830 56 43 0
1852832 56 12 0
1852841 56 43 2
1852878 56 3 0
1852890 56 18 2
1852909 56 3 2
1852948 56 12 2
1852979 56 13 0
1852984 56 47 0
1853000 56 18 2
1853021 56 13 2
1853088 56 47 2
1853092 56 21 0
1853110 56 18 2
1853144 56 21 2
1853220 56 18 2
1853330 56 18 2
1853470 56 18 2
1853580 56 18 2
1853800 56 18 2
1853836 56 54 0
1853836 56 54 0
1853910 56 18 2
1853940 56 54 2
1853958 56 54 2
1854020 56 18 2
1854130 56 18 2
1854240 56 18 2
1854292 56 38 1
1854318 56 40 0
1854350 56 18 2
1854439 56 53 2
1854460 56 18 2
1854564 56 40 2
1854570 56 18 2
1854592 56 49 0
1854680 56 18 2
1854728 56 49 2
1854740 56 51 0
1854820 56 18 2
1854854 56 51 2
1854874 56 37 0
1854950 56 18 2
1855004 56 37 2
1855008 56 20 0
1855019 56 53 2
1855070 56 18 2
1855131 56 20 2
1855147 56 3 0
1855156 56 53 2
1855180 56 18 2
1855234 56 55 2
1855290 56 18 2
1855500 56 18 2
1855504 56 3 2
1855610 56 18 2
1855640 56 38 2
1855720 56 18 2
1855844 56 55 2
1855852 56 38 0
1855852 56 38 0
1855870 56 18 2
1855942 56 38 2
1855950 56 38 2
1855980 56 55 2
1856000 56 18 2
1856130 56 18 2
1856240 56 18 2
1856350 56 18 2
1856460 56 18 2
1856570 56 18 2
1856680 56 18 2
1856790 56 18 2
1856900 56 18 2
1857010 56 18 2
1858399 56 0 0
1858400 56 2 0
1859530 56 22 2
1861382 56 2 0
1861383 56 2 2
1862030 56 46 2
1862530 56 3 0
1862531 56 0 0
1862720 56 22 2
1863430 56 50 2
1865950 56 30 2
1866266 56 0 2
1866860 56 26 2
1867160 56 2 2
1867520 56 50 2
1867775 56 3 0
1867776 56 3 2
1868800 56 50 2
1869980 56 30 2
1870360 56 38 2
1872280 56 46 2
1873560 56 2 2
2821399 56 38 0
2821399 56 38 0
2823252 56 38 2
2825562 56 38 2
2829092 56 38 2
2829352 56 46 2
2830502 56 62 2
2830508 56 7 0
2830654 56 7 2
2831222 56 38 0
2831222 56 38 0
2831312 56 38 2
2831320 56 38 2
2832922 56 50 2
2833516 56 38 0
2833516 56 38 0
2833522 56 0 1
2833606 56 38 2
2833614 56 38 2
2833737 56 2 2
2833834 56 0 2
2834602 56 38 2
2835725 56 2 0
2835726 56 0 1
2835937 56 2 2
2836034 56 0 2
2837242 56 50 2
2838112 56 30 2
2840142 56 26 2
2840742 56 54 2
2841209 56 0 1
2841210 56 2 0
2841427 56 2 2
2841524 56 0 2
2842312 56 3 0
2842313 56 0 1
2842528 56 3 2
2842634 56 0 2
2842812 56 26 2
2844292 56 58 2
2844452 56 38 2
2846770 56 2 0
2846771 56 0 1
2846987 56 2 2
2847084 56 0 2
2847692 56 58 2
2847832 56 62 2
2849702 56 62 2
2850022 56 2 2
2852022 56 34 2
2852422 56 2 2
2852992 56 22 2
2855672 56 46 2
2855732 56 6 2
2856792 56 2 0
2856793 56 2 2
2857542 56 6 2
2859082 56 10 2
2859462 56 10 2
2860792 56 30 2
2861322 56 26 2
2862522 56 14 2
2865912 56 18 2
2866572 56 50 2
2869292 56 22 2
2870102 56 54 2
2871682 56 2 0
2871683 56 0 1
2871898 56 2 2
2871996 56 0 2
2872712 56 26 2
2873642 56 58 2
2876132 56 30 2
2877222 56 62 2
2879592 56 34 2
2881182 56 2 2
2883032 56 38 2
2884522 56 6 2
2886512 56 42 2
2887872 56 10 2
2891242 56 14 2
2894622 56 18 2
2898032 56 22 2
2901452 56 26 2
2904882 56 30 2
2908332 56 34 2
2911792 56 38 2
2915272 56 42 2
2937561 56 30 2
2937991 56 34 2
3013010 56 3 2
3016035 56 3 2
3018117 56 3 2
3018296 56 3 2
3018563 56 3 2
3036329 56 14 2
3037668 56 38 0
3037669 56 3 0
3041643 56 2 2
3044506 56 2 2
3060659 56 2 0
3060660 56 38 0
3797975 56 38 0
3797975 56 38 0
3800169 56 38 2
3803932 56 0 2
3805819 56 38 2
3807137 56 2 0
3807138 56 2 2
3807235 56 7 0
3807871 56 7 2
3808439 56 38 0
3808439 56 38 0
3808530 56 38 2
3808537 56 38 2
3808693 56 46 0
3808783 56 46 2
3808827 56 12 0
3808932 56 12 2
3809088 56 47 0
3809185 56 47 2
3811025 56 38 0
3811025 56 38 0
3811115 56 38 2
3811123 56 38 2
3813239 56 46 2
3815289 56 30 2
4774435 56 38 0
4774435 56 38 0
4774525 56 38 2
4774574 56 38 2
4776558 56 38 0
4776558 56 38 0
4776648 56 38 2
4777156 56 38 2
4779352 56 38 0
4779352 56 38 0
4779450 56 38 2
4782522 56 38 2
5751086 56 38 0
5751086 56 38 0
5752025 56 38 2
5756755 56 0 2
5758184 56 38 2
5759600 56 7 0
5761656 56 7 2
5762224 56 38 0
5762224 56 38 0
5762315 56 38 2
5762320 56 38 2
5764516 56 38 0
5764516 56 38 0
5764606 56 38 2
5764614 56 38 2
