0 26 51 0
3078 26 51 2
3082 26 22 0
5870 26 22 2
5882 26 1 0
6734 26 1 2
6754 26 24 0
6866 26 24 2
13497 26 56 1
13703 26 0 2
13768 26 56 2
14623 26 56 1
14833 26 2 2
14882 26 56 2
19377 26 56 1
19583 26 2 2
19632 26 56 2
34521 26 56 1
34723 26 2 2
34772 26 56 2
38361 26 2 0
38362 26 56 1
38573 26 2 2
38622 26 56 2
50111 26 56 1
50313 26 2 2
50362 26 56 2
76623 26 56 1
76833 26 0 2
76898 26 56 2
79851 26 56 1
80053 26 0 2
80118 26 56 2
92625 26 0 0
92626 26 56 1
92833 26 0 2
92898 26 56 2
169889 26 56 1
170094 26 2 2
170144 26 56 2
193189 26 56 1
193394 26 2 2
193444 26 56 2
209967 26 56 1
210173 26 2 2
210222 26 56 2
229639 26 56 1
229844 26 2 2
229894 26 56 2
252989 26 56 1
253194 26 2 2
253244 26 56 2
285073 26 2 0
285074 26 2 2
292305 26 2 0
292306 26 56 1
292513 26 2 2
292562 26 56 2
308829 26 56 1
309033 26 2 2
309082 26 56 2
331759 26 56 1
331963 26 2 2
332012 26 56 2
332076 26 56 1
332284 26 2 2
332334 26 56 2
377289 26 56 1
377493 26 2 2
377542 26 56 2
377606 26 2 0
377607 26 56 1
377814 26 2 2
377864 26 56 2
450635 26 2 0
450636 26 56 1
450843 26 2 2
450892 26 56 2
470515 26 2 0
470516 26 56 1
470724 26 2 2
470774 26 56 2
472051 26 2 0
472052 26 56 1
472263 26 2 2
472312 26 56 2
521569 26 2 0
521570 26 56 1
521783 26 2 2
521832 26 56 2
524393 26 2 0
524394 26 56 1
524603 26 2 2
524652 26 56 2
666033 26 2 0
666034 26 56 1
666263 26 2 2
666312 26 56 2
707357 26 56 1
707563 26 3 2
707620 26 56 2
712659 26 2 0
712660 26 2 2
713470 26 56 1
713673 26 3 2
713730 26 56 2
718937 26 2 0
718938 26 56 1
719143 26 2 2
719192 26 56 2
725382 26 2 0
725383 26 2 2
733025 26 56 1
733233 26 3 2
733290 26 56 2
744376 26 2 0
744377 26 2 2
752947 26 56 1
753153 26 3 2
753210 26 56 2
754207 26 56 1
754413 26 3 2
754470 26 56 2
759269 26 2 0
759270 26 56 1
759474 26 2 2
759524 26 56 2
782819 26 2 0
782820 26 56 1
783024 26 2 2
783074 26 56 2
786853 26 56 1
787063 26 3 2
787120 26 56 2
810509 26 2 0
810510 26 56 1
810714 26 2 2
810764 26 56 2
827478 26 56 1
827683 26 3 2
827740 26 56 2
833929 26 2 0
833930 26 56 1
834134 26 2 2
834184 26 56 2
846407 26 56 1
846613 26 3 2
846670 26 56 2
867086 26 4 0
867633 26 3 0
868161 26 3 0
868390 26 3 0
868491 26 3 0
868586 26 3 0
868701 26 3 0
868800 26 3 0
868881 26 3 0
869002 26 3 0
869099 26 3 0
869201 26 3 0
869309 26 3 0
869473 26 3 0
869570 26 3 0
869673 26 4 2
869689 26 3 0
869725 26 44 0
869846 26 3 0
869956 26 3 0
870038 26 3 0
870125 26 3 0
870215 26 3 0
870389 26 3 0
870493 26 3 0
870594 26 3 0
870672 26 2 0
870683 26 3 0
870809 26 3 0
870924 26 44 2
870936 26 5 0
870987 26 3 0
871097 26 5 2
871109 26 45 0
871111 26 3 0
871242 26 3 0
871359 26 3 0
871434 26 45 2
871447 26 3 0
871502 26 24 0
871590 26 3 0
871713 26 3 0
871747 26 24 2
871779 26 25 0
871828 26 3 0
871893 26 25 2
871901 26 26 0
871930 26 3 0
871987 26 26 2
871997 26 3 0
872027 26 27 0
872094 26 3 0
872108 26 27 2
872128 26 33 0
872254 26 3 0
872260 26 33 2
872280 26 35 0
872374 26 35 2
872382 26 41 0
872387 26 3 0
872455 26 3 0
872549 26 3 0
872685 26 3 0
872722 26 41 2
872738 26 42 0
872814 26 3 0
872965 26 3 0
872991 26 42 2
873023 26 1 0
873090 26 3 0
873103 26 1 2
873139 26 36 0
873183 26 3 0
873263 26 3 0
873272 26 36 2
873284 26 43 0
873374 26 3 0
873469 26 56 1
873492 26 3 0
873602 26 3 0
873658 26 43 2
873673 26 1 2
873674 26 17 0
873695 26 3 0
873721 26 17 2
873730 26 56 2
873812 26 3 0
873813 26 27 0
873901 26 27 2
873905 26 37 0
873918 26 3 0
874037 26 3 0
874056 26 37 2
874068 26 17 0
874148 26 3 0
874222 26 17 2
874230 26 15 0
874287 26 3 0
874391 26 3 0
874408 26 15 2
874448 26 16 0
874527 26 3 0
874604 26 16 2
874635 26 3 0
874644 26 18 0
874740 26 18 2
874751 26 3 0
874764 26 61 0
874853 26 3 0
875029 26 3 0
875162 26 61 2
875168 26 3 0
875174 26 54 0
875284 26 3 0
875663 26 54 2
875683 26 10 0
875764 26 10 2
875772 26 19 0
875891 26 19 2
875895 26 35 0
876197 26 35 2
876213 26 53 0
876477 26 53 2
876517 26 33 0
876612 26 33 2
876624 26 36 0
876710 26 36 2
876730 26 40 0
877097 26 40 2
877121 26 37 0
877281 26 37 2
877385 26 38 0
877509 26 38 2
877513 26 51 0
877777 26 51 2
877801 26 8 0
877982 26 8 2
877990 26 29 0
878120 26 29 2
878160 26 0 0
878254 26 0 2
878266 26 38 0
878462 26 38 2
878478 26 39 0
878637 26 39 2
878641 26 39 0
879008 26 39 2
879064 26 36 0
879191 26 36 2
879223 26 38 0
879338 26 38 2
879354 26 51 0
879510 26 51 2
879566 26 39 0
879906 26 39 2
879914 26 52 0
880012 26 52 2
880048 26 47 0
880336 26 47 2
880356 26 53 0
880424 26 56 1
880461 26 53 2
880485 26 54 0
880599 26 54 2
880615 26 11 0
880633 26 0 2
880703 26 56 2
880713 26 0 0
880831 26 0 0
880902 26 11 2
880914 26 56 0
880934 26 0 0
881053 26 0 0
881069 26 56 2
881073 26 12 0
881199 26 2 0
881209 26 0 0
881290 26 0 0
881346 26 12 2
881354 26 57 0
881370 26 0 0
881477 26 0 0
881480 26 57 2
881484 26 2 0
881685 26 0 0
881852 26 0 0
881934 26 2 2
881986 26 37 0
882046 26 0 0
882086 26 37 2
882102 26 40 0
882173 26 0 0
882271 26 40 2
882297 26 0 0
882327 26 58 0
882467 26 58 2
882527 26 35 0
882594 26 0 0
882600 26 35 2
882604 26 50 0
882754 26 50 2
882774 26 62 0
882851 26 0 0
882895 26 62 2
882923 26 38 0
882974 26 0 0
883090 26 0 0
883182 26 0 0
883269 26 0 0
883293 26 38 2
883365 26 63 0
883400 26 0 0
883590 26 63 2
883630 26 12 0
883655 26 0 0
883827 26 0 0
883916 26 12 2
883940 26 2 0
884069 26 0 0
884119 26 2 2
884143 26 13 0
884262 26 0 0
884386 26 0 0
884426 26 13 2
884522 26 3 0
884613 26 3 2
884653 26 23 0
884736 26 0 0
884826 26 3 0
884837 26 23 2
884853 26 24 0
884887 26 0 0
884988 26 0 0
884994 26 24 2
885092 26 0 0
885102 26 61 0
885264 26 0 0
885396 26 0 0
885421 26 61 2
885429 26 25 0
885495 26 0 0
885539 26 25 2
885567 26 26 0
885626 26 0 0
885627 26 56 1
885701 26 26 2
885726 26 0 0
885781 26 0 0
885833 26 55 2
885866 26 0 0
885877 26 0 2
885885 26 3 0
885922 26 56 2
886030 26 3 2
886074 26 4 0
886097 26 0 0
886227 26 4 2
886243 26 0 0
886323 26 5 0
886345 26 0 0
886450 26 5 2
886475 26 0 0
886490 26 15 0
886597 26 0 0
886782 26 15 2
886790 26 14 0
886832 26 0 0
886967 26 0 0
887080 26 0 0
887170 26 14 2
887182 26 50 0
887282 26 50 2
887310 26 6 0
887327 26 0 0
887449 26 0 0
887478 26 6 2
887498 26 4 0
887534 26 0 0
887648 26 4 2
887656 26 8 0
887749 26 8 2
887753 26 47 0
887780 26 0 0
887912 26 0 0
888094 26 0 0
888265 26 0 0
888268 26 47 2
888276 26 49 0
888415 26 49 2
888431 26 11 0
888548 26 0 0
888563 26 11 2
888599 26 5 0
888649 26 0 0
888739 26 0 0
888749 26 5 2
888773 26 37 0
888964 26 0 0
889036 26 37 2
889095 26 0 0
889100 26 4 0
889192 26 4 2
889196 26 1 0
889271 26 1 2
889299 26 27 0
889326 26 0 0
889436 26 27 2
889444 26 2 0
889458 26 0 0
889532 26 2 2
889544 26 11 0
889609 26 11 2
889617 26 7 0
889672 26 0 0
889766 26 7 2
889786 26 3 0
889846 26 0 0
890082 26 3 2
890103 26 0 0
890189 26 0 0
890190 26 6 0
890294 26 0 0
890377 26 6 2
890397 26 9 0
890476 26 0 0
890480 26 9 2
890652 26 8 0
890876 26 8 2
890888 26 11 0
890971 26 11 2
890991 26 12 0
891100 26 12 2
891124 26 16 0
891400 26 16 2
891408 26 13 0
891553 26 13 2
891601 26 2 0
891775 26 2 2
891819 26 40 0
892059 26 40 2
892063 26 25 0
892187 26 25 2
892203 26 31 0
893227 26 31 2
893263 26 33 0
893376 26 33 2
893380 26 36 0
893758 26 36 2
893766 26 4 0
893886 26 4 2
893978 26 5 0
894073 26 2 0
894074 26 56 1
894138 26 5 2
894170 26 34 0
894313 26 34 2
894333 26 35 0
894353 26 2 2
894404 26 56 2
894648 26 35 2
894672 26 32 0
894894 26 32 2
894962 26 17 0
895236 26 17 2
895317 26 2 0
895532 26 38 0
895532 26 38 0
895590 26 38 2
895715 26 38 2
895723 26 27 0
895849 26 27 2
895869 26 35 0
895910 26 35 2
895966 26 28 0
896110 26 28 2
896178 26 3 0
896235 26 3 2
896239 26 46 0
896314 26 46 2
896334 26 4 0
896457 26 4 2
896489 26 0 0
896642 26 0 2
896646 26 29 0
896767 26 29 2
896911 26 47 0
896911 26 47 0
896985 26 47 2
896993 26 47 2
897065 26 30 0
897194 26 30 2
897546 26 31 0
897706 26 31 2
897710 26 44 0
898134 26 44 2
898142 26 43 0
898632 26 43 2
898764 26 32 0
898937 26 32 2
899261 26 33 0
899424 26 33 2
899472 26 33 0
899604 26 33 2
899612 26 27 0
899704 26 27 2
899808 26 54 0
900084 26 54 2
900096 26 28 0
900192 26 28 2
900208 26 48 0
900483 26 48 2
900491 26 56 0
900730 26 56 2
900746 26 49 0
901060 26 49 2
901160 26 41 0
901253 26 41 2
901301 26 61 0
901609 26 61 2
901613 26 39 0
902083 26 39 2
902095 26 7 0
902304 26 7 2
902364 26 8 0
902443 26 8 2
902475 26 63 0
902746 26 63 2
902854 26 0 0
902934 26 0 2
902962 26 57 0
903069 26 57 2
903137 26 58 0
903267 26 58 2
903351 26 46 0
904059 26 46 2
904071 26 59 0
904194 26 59 2
904226 26 32 0
904316 26 32 2
904324 26 50 0
904373 26 50 2
904449 26 60 0
904647 26 60 2
904655 26 62 0
904925 26 62 2
904929 26 3 0
905012 26 3 2
905024 26 5 0
905266 26 5 2
905294 26 17 0
905449 26 17 2
905469 26 6 0
905828 26 6 2
905920 26 11 0
906232 26 11 2
906240 26 10 0
906305 26 10 2
906325 26 11 0
906471 26 11 2
906479 26 6 0
906677 26 6 2
906713 26 36 0
907031 26 36 2
907091 26 12 0
907220 26 12 2
907228 26 0 0
907319 26 0 2
907443 26 15 0
907588 26 15 2
907708 26 7 0
907858 26 7 2
907874 26 0 0
908140 26 0 2
908288 26 9 0
908371 26 9 2
908403 26 8 0
908497 26 8 2
908525 26 45 0
908802 26 45 2
908910 26 14 0
908994 26 14 2
909290 26 31 0
909372 26 31 2
909416 26 35 0
909708 26 35 2
909768 26 32 0
909854 26 32 2
909954 26 33 0
910148 26 33 2
910240 26 34 0
910389 26 34 2
910421 26 1 0
910421 26 1 0
910471 26 1 2
910478 26 1 2
910522 26 32 0
910609 26 32 2
910617 26 35 0
910715 26 35 2
910719 26 60 0
910991 26 60 2
911007 26 61 0
911189 26 2 0
911190 26 56 1
911270 26 61 2
911330 26 48 0
911414 26 2 2
911427 26 48 2
911464 26 56 2
911467 26 49 0
911571 26 49 2
911607 26 36 0
911607 26 36 0
911649 26 36 2
911866 26 36 2
911930 26 37 0
911930 26 37 0
911980 26 37 2
912374 26 37 2
912422 26 58 0
912683 26 58 2
912695 26 31 0
912987 26 31 2
912999 26 30 0
913293 26 30 2
913301 26 59 0
913542 26 59 2
913594 26 34 0
913831 26 34 2
913871 26 0 0
914108 26 0 2
914116 26 33 0
914394 26 33 2
914410 26 60 0
914758 26 60 2
914778 26 32 0
914798 26 3 0
914799 26 56 1
915003 26 3 2
915039 26 32 2
915060 26 56 2
915115 26 61 0
916006 26 61 2
916130 26 62 0
916639 26 62 2
916727 26 12 0
916839 26 12 2
916851 26 39 0
917048 26 39 2
917060 26 13 0
917171 26 13 2
917175 26 48 0
917290 26 48 2
917302 26 59 0
917481 26 59 2
917509 26 54 0
917509 26 54 0
917583 26 54 2
917797 26 54 2
917837 26 55 0
918097 26 55 2
918121 26 56 0
918259 26 56 2
918287 26 57 0
918447 26 57 2
918511 26 58 0
918683 26 58 2
918719 26 49 0
918823 26 49 2
918863 26 63 0
919118 26 63 2
919166 26 15 0
919326 26 15 2
919342 26 44 0
919432 26 44 2
919452 26 45 0
919549 26 45 2
919797 26 0 0
919870 26 0 2
919962 26 1 0
920063 26 1 2
920163 26 2 0
920284 26 2 2
920304 26 41 0
920417 26 41 2
920489 26 3 0
920648 26 3 2
920908 26 5 0
921023 26 5 2
921071 26 6 0
921248 26 6 2
921336 26 7 0
921484 26 7 2
921592 26 8 0
921668 26 8 2
921724 26 1 0
921798 26 1 2
922246 26 46 0
922328 26 46 2
922336 26 4 0
922507 26 4 2
922531 26 47 0
922621 26 47 2
922765 26 12 0
922831 26 12 2
923195 26 10 0
923316 26 10 2
923436 26 1 0
923436 26 1 0
923516 26 1 2
923521 26 1 2
923969 26 46 0
924029 26 25 2
924051 26 46 2
924083 26 47 0
924083 26 47 0
924174 26 47 2
924247 26 47 2
924258 26 24 2
924318 26 12 0
924384 26 12 2
924567 26 25 2
924856 26 25 2
924868 26 1 0
924958 26 1 2
925074 26 25 2
925166 26 22 2
925399 26 23 2
925406 26 46 0
925406 26 46 0
925473 26 46 2
925538 26 46 2
925570 26 47 0
925660 26 47 2
925804 26 12 0
925870 26 12 2
926269 26 25 2
926312 26 21 2
926354 26 1 0
926354 26 1 0
926368 26 24 2
926400 26 25 2
926404 26 1 2
926501 26 1 2
926506 26 24 2
926619 26 25 2
926732 26 24 2
926949 26 46 0
927031 26 46 2
927063 26 47 0
927154 26 47 2
927192 26 22 2
927298 26 12 0
927324 26 22 2
927363 26 12 2
927463 26 23 2
927554 26 22 2
927593 26 23 2
927827 26 23 2
927847 26 1 0
927847 26 1 0
927900 26 1 2
928015 26 1 2
928322 26 21 2
928453 26 21 2
928463 26 46 0
928463 26 46 0
928529 26 46 2
928536 26 46 2
928568 26 47 0
928568 26 47 0
928642 26 47 2
928650 26 47 2
928672 26 21 2
928794 26 12 0
928794 26 12 0
928844 26 12 2
928853 26 12 2
929337 26 1 0
929337 26 1 0
929387 26 1 2
929482 26 1 2
929914 26 11 0
929914 26 11 0
929956 26 11 2
930005 26 11 2
930021 26 46 0
930021 26 46 0
930087 26 46 2
930095 26 46 2
930127 26 47 0
930127 26 47 0
930206 26 47 2
930210 26 47 2
930354 26 12 0
930354 26 12 0
930404 26 12 2
930411 26 12 2
930895 26 1 0
930895 26 1 0
930945 26 1 2
930970 26 1 2
931418 26 46 0
931418 26 46 0
931484 26 46 2
931493 26 46 2
931525 26 47 0
931525 26 47 0
931607 26 47 2
931609 26 47 2
931753 26 12 0
931753 26 12 0
931803 26 12 2
931813 26 12 2
932297 26 1 0
932297 26 1 0
932347 26 1 2
932358 26 1 2
932806 26 46 0
932806 26 46 0
932872 26 46 2
932881 26 46 2
932913 26 47 0
932913 26 47 0
932991 26 47 2
933003 26 47 2
933147 26 12 0
933147 26 12 0
933197 26 12 2
933205 26 12 2
933689 26 1 0
933689 26 1 0
933739 26 1 2
933746 26 1 2
934194 26 46 0
934194 26 46 0
934260 26 46 2
934270 26 46 2
934302 26 47 0
934302 26 47 0
934376 26 47 2
934384 26 47 2
934528 26 12 0
934528 26 12 0
934578 26 12 2
934586 26 12 2
934949 26 2 0
934950 26 56 1
935070 26 1 0
935070 26 1 0
935120 26 1 2
935128 26 1 2
935156 26 2 2
935205 26 56 2
935576 26 46 0
935576 26 46 0
935642 26 46 2
935652 26 46 2
935684 26 47 0
935684 26 47 0
935758 26 47 2
935766 26 47 2
935910 26 12 0
935910 26 12 0
935960 26 12 2
935967 26 12 2
936451 26 1 0
936451 26 1 0
936501 26 1 2
936509 26 1 2
936957 26 46 0
936957 26 46 0
937023 26 46 2
937032 26 46 2
937064 26 47 0
937064 26 47 0
937138 26 47 2
937149 26 47 2
937293 26 12 0
937293 26 12 0
937343 26 12 2
937351 26 12 2
937835 26 1 0
937835 26 1 0
937886 26 1 2
937897 26 1 2
938345 26 46 0
938345 26 46 0
938412 26 46 2
938423 26 46 2
938455 26 47 0
938455 26 47 0
938530 26 47 2
938542 26 47 2
938686 26 12 0
938686 26 12 0
938737 26 12 2
938794 26 12 2
939278 26 1 0
939278 26 1 0
939337 26 1 2
939342 26 1 2
939790 26 46 0
939790 26 46 0
939856 26 46 2
939865 26 46 2
939897 26 47 0
939897 26 47 0
939971 26 47 2
939981 26 47 2
940125 26 12 0
940125 26 12 0
940176 26 12 2
940184 26 12 2
940668 26 1 0
940668 26 1 0
940718 26 1 2
940727 26 1 2
941159 26 12 0
941159 26 12 0
941209 26 12 2
941279 26 12 2
941295 26 46 0
941295 26 46 0
941361 26 46 2
941368 26 46 2
941400 26 47 0
941400 26 47 0
941474 26 47 2
941484 26 47 2
941628 26 12 0
941628 26 12 0
941678 26 12 2
941685 26 12 2
942169 26 1 0
942169 26 1 0
942219 26 1 2
942227 26 1 2
942396 26 29 2
942675 26 46 0
942675 26 46 0
942741 26 46 2
942749 26 46 2
942781 26 47 0
942781 26 47 0
942851 26 56 1
942855 26 47 2
942864 26 47 2
943008 26 12 0
943008 26 12 0
943054 26 3 2
943058 26 12 2
943066 26 12 2
943112 26 56 2
943550 26 1 0
943550 26 1 0
943600 26 1 2
943607 26 1 2
944055 26 46 0
944055 26 46 0
944130 26 46 2
944133 26 46 2
944165 26 47 0
944165 26 47 0
944239 26 47 2
944246 26 47 2
944390 26 12 0
944390 26 12 0
944440 26 12 2
944449 26 12 2
944933 26 1 0
944933 26 1 0
944983 26 1 2
944991 26 1 2
945171 26 29 2
945439 26 46 0
945439 26 46 0
945514 26 46 2
945516 26 46 2
945548 26 47 0
945548 26 47 0
945623 26 47 2
945630 26 47 2
945774 26 12 0
945774 26 12 0
945824 26 12 2
945832 26 12 2
946316 26 1 0
946316 26 1 0
946366 26 1 2
946375 26 1 2
946823 26 46 0
946823 26 46 0
946889 26 46 2
946896 26 46 2
946928 26 47 0
946928 26 47 0
947002 26 47 2
947011 26 47 2
947155 26 12 0
947155 26 12 0
947205 26 12 2
947214 26 12 2
947698 26 1 0
947698 26 1 0
947748 26 1 2
947756 26 1 2
947982 26 29 2
948204 26 46 0
948204 26 46 0
948270 26 46 2
948278 26 46 2
948310 26 47 0
948310 26 47 0
948384 26 47 2
948392 26 47 2
948536 26 12 0
948536 26 12 0
948586 26 12 2
948594 26 12 2
949078 26 1 0
949078 26 1 0
949128 26 1 2
949136 26 1 2
949584 26 46 0
949584 26 46 0
949650 26 46 2
949657 26 46 2
949689 26 47 0
949689 26 47 0
949763 26 47 2
949771 26 47 2
949915 26 12 0
949915 26 12 0
949965 26 12 2
949973 26 12 2
950457 26 1 0
950457 26 1 0
950507 26 1 2
950514 26 1 2
950962 26 46 0
950962 26 46 0
951028 26 46 2
951040 26 46 2
951072 26 47 0
951072 26 47 0
951146 26 47 2
951154 26 47 2
951298 26 12 0
951298 26 12 0
951348 26 12 2
951356 26 12 2
951840 26 1 0
951840 26 1 0
951890 26 1 2
951898 26 1 2
952330 26 13 0
952428 26 13 2
952444 26 46 0
952444 26 46 0
952521 26 46 2
952553 26 47 0
952553 26 47 0
952560 26 46 2
952635 26 47 2
952677 26 47 2
952779 26 12 0
952779 26 12 0
952830 26 12 2
952841 26 12 2
953325 26 1 0
953325 26 1 0
953388 26 1 2
953399 26 1 2
953836 26 46 0
953836 26 46 0
953911 26 46 2
953924 26 46 2
953943 26 47 0
953943 26 47 0
954037 26 47 2
954039 26 47 2
954183 26 12 0
954183 26 12 0
954234 26 12 2
954247 26 12 2
954731 26 1 0
954731 26 1 0
954781 26 1 2
954788 26 1 2
955236 26 46 0
955236 26 46 0
955303 26 46 2
955311 26 46 2
955321 26 2 0
955322 26 2 2
955343 26 47 0
955343 26 47 0
955417 26 47 2
955426 26 47 2
955570 26 12 0
955570 26 12 0
955620 26 12 2
955634 26 12 2
956118 26 1 0
956118 26 1 0
956168 26 1 2
956177 26 1 2
956625 26 46 0
956625 26 46 0
956695 26 46 2
956698 26 46 2
956730 26 47 0
956730 26 47 0
956804 26 47 2
956812 26 47 2
956956 26 12 0
956956 26 12 0
957006 26 12 2
957014 26 12 2
957498 26 1 0
957498 26 1 0
957551 26 1 2
957559 26 1 2
958007 26 46 0
958007 26 46 0
958077 26 46 2
958087 26 46 2
958119 26 47 0
958119 26 47 0
958193 26 47 2
958201 26 47 2
958345 26 12 0
958345 26 12 0
958395 26 12 2
958403 26 12 2
958887 26 1 0
958887 26 1 0
958937 26 1 2
958946 26 1 2
959394 26 46 0
959394 26 46 0
959461 26 46 2
959466 26 46 2
959498 26 47 0
959498 26 47 0
959572 26 47 2
959579 26 47 2
959723 26 12 0
959723 26 12 0
959773 26 12 2
959781 26 12 2
960265 26 1 0
960265 26 1 0
960315 26 1 2
960324 26 1 2
960772 26 46 0
960772 26 46 0
960838 26 46 2
960845 26 46 2
960877 26 47 0
960877 26 47 0
960951 26 47 2
960959 26 47 2
961103 26 12 0
961103 26 12 0
961153 26 12 2
961161 26 12 2
961645 26 1 0
961645 26 1 0
961695 26 1 2
961708 26 1 2
962156 26 46 0
962156 26 46 0
962227 26 46 2
962231 26 46 2
962263 26 47 0
962263 26 47 0
962347 26 47 2
962351 26 47 2
962495 26 12 0
962495 26 12 0
962545 26 12 2
962553 26 12 2
963037 26 1 0
963037 26 1 0
963087 26 1 2
963094 26 1 2
963526 26 14 0
963648 26 14 2
963664 26 46 0
963664 26 46 0
963735 26 46 2
963738 26 46 2
963770 26 47 0
963770 26 47 0
963844 26 47 2
963852 26 47 2
963996 26 12 0
963996 26 12 0
964046 26 12 2
964056 26 12 2
964540 26 1 0
964540 26 1 0
964590 26 1 2
964599 26 1 2
965047 26 46 0
965047 26 46 0
965113 26 46 2
965126 26 46 2
965158 26 47 0
965158 26 47 0
965234 26 47 2
965241 26 47 2
965385 26 12 0
965385 26 12 0
965435 26 12 2
965442 26 12 2
965926 26 1 0
965926 26 1 0
965976 26 1 2
965984 26 1 2
966432 26 46 0
966432 26 46 0
966498 26 46 2
966506 26 46 2
966538 26 47 0
966538 26 47 0
966612 26 47 2
966620 26 47 2
966764 26 12 0
966764 26 12 0
966814 26 12 2
966821 26 12 2
967305 26 1 0
967305 26 1 0
967355 26 1 2
967364 26 1 2
967812 26 46 0
967812 26 46 0
967878 26 46 2
967887 26 46 2
967919 26 47 0
967919 26 47 0
967993 26 47 2
968001 26 47 2
968145 26 12 0
968145 26 12 0
968197 26 12 2
968204 26 12 2
968688 26 1 0
968688 26 1 0
968739 26 1 2
968747 26 1 2
969195 26 46 0
969195 26 46 0
969261 26 46 2
969269 26 46 2
969301 26 47 0
969301 26 47 0
969375 26 47 2
969383 26 47 2
969527 26 12 0
969527 26 12 0
969577 26 12 2
969586 26 12 2
970070 26 1 0
970070 26 1 0
970120 26 1 2
970127 26 1 2
970575 26 46 0
970575 26 46 0
970641 26 46 2
970649 26 46 2
970681 26 47 0
970681 26 47 0
970766 26 47 2
970769 26 47 2
970913 26 12 0
970913 26 12 0
970966 26 12 2
970973 26 12 2
971457 26 1 0
971457 26 1 0
971507 26 1 2
971522 26 1 2
971807 26 56 1
971970 26 46 0
971970 26 46 0
972024 26 3 2
972036 26 46 2
972044 26 46 2
972076 26 47 0
972076 26 47 0
972082 26 56 2
972106 26 2 0
972107 26 56 1
972150 26 47 2
972158 26 47 2
972302 26 12 0
972302 26 12 0
972314 26 2 2
972352 26 12 2
972359 26 12 2
972364 26 56 2
972843 26 1 0
972843 26 1 0
972893 26 1 2
972901 26 1 2
973349 26 46 0
973349 26 46 0
973415 26 46 2
973425 26 46 2
973457 26 47 0
973457 26 47 0
973531 26 47 2
973539 26 47 2
973683 26 12 0
973683 26 12 0
973733 26 12 2
973740 26 12 2
974128 26 1 0
974128 26 1 0
974178 26 1 2
974185 26 1 2
974617 26 7 0
974715 26 7 2
974731 26 46 0
974731 26 46 0
974797 26 46 2
974804 26 46 2
974836 26 47 0
974836 26 47 0
974911 26 47 2
974923 26 47 2
975067 26 12 0
975067 26 12 0
975117 26 12 2
975125 26 12 2
975609 26 1 0
975609 26 1 0
975662 26 1 2
975668 26 1 2
976116 26 46 0
976116 26 46 0
976182 26 46 2
976190 26 46 2
976222 26 47 0
976222 26 47 0
976296 26 47 2
976303 26 47 2
976349 26 2 0
976350 26 2 2
976447 26 12 0
976447 26 12 0
976497 26 12 2
976504 26 12 2
976988 26 1 0
976988 26 1 0
977038 26 1 2
977045 26 1 2
977493 26 46 0
977493 26 46 0
977559 26 46 2
977571 26 46 2
977603 26 47 0
977603 26 47 0
977677 26 47 2
977684 26 47 2
977828 26 5 0
977917 26 5 2
977925 26 61 0
978047 26 61 2
978055 26 29 0
978311 26 29 2
978327 26 62 0
978327 26 62 0
978409 26 62 2
978458 26 62 2
978734 26 63 0
978734 26 63 0
978826 26 63 2
978876 26 63 2
979300 26 12 0
979300 26 12 0
979350 26 12 2
979368 26 12 2
979499 26 29 2
979808 26 11 0
979890 26 11 2
980102 26 1 0
980102 26 1 0
980152 26 1 2
980178 26 1 2
980626 26 46 0
980626 26 46 0
980693 26 46 2
980701 26 46 2
980733 26 47 0
980733 26 47 0
980807 26 47 2
980815 26 47 2
981691 26 12 0
981691 26 12 0
981741 26 12 2
981759 26 12 2
981882 26 29 2
982411 26 1 0
982411 26 1 0
982462 26 1 2
982467 26 1 2
982915 26 46 0
982915 26 46 0
982981 26 46 2
982990 26 46 2
983022 26 47 0
983022 26 47 0
983096 26 47 2
983103 26 47 2
983247 26 12 0
983247 26 12 0
983297 26 12 2
983307 26 12 2
983791 26 1 0
983791 26 1 0
983841 26 1 2
983849 26 1 2
984297 26 46 0
984297 26 46 0
984363 26 46 2
984380 26 46 2
984412 26 47 0
984412 26 47 0
984486 26 47 2
984494 26 47 2
984638 26 12 0
984638 26 12 0
984688 26 12 2
984699 26 12 2
985183 26 1 0
985183 26 1 0
985239 26 1 2
985242 26 1 2
985690 26 46 0
985690 26 46 0
985756 26 46 2
985764 26 46 2
985796 26 47 0
985796 26 47 0
985870 26 47 2
985878 26 47 2
986022 26 12 0
986078 26 12 2
986562 26 1 0
986562 26 1 0
986612 26 1 2
986620 26 1 2
987068 26 46 0
987068 26 46 0
987134 26 46 2
987146 26 46 2
987178 26 47 0
987178 26 47 0
987254 26 47 2
987265 26 47 2
987409 26 12 0
987472 26 12 2
987956 26 1 0
987956 26 1 0
988014 26 1 2
988046 26 1 2
988446 26 8 0
988523 26 8 2
988539 26 46 0
988539 26 46 0
988613 26 46 2
988615 26 46 2
988645 26 47 0
988645 26 47 0
988726 26 47 2
988761 26 47 2
988870 26 12 0
988870 26 12 0
988928 26 12 2
988950 26 12 2
989412 26 1 0
989412 26 1 0
989469 26 1 2
989482 26 1 2
989917 26 46 0
989917 26 46 0
989990 26 46 2
990022 26 47 0
990022 26 47 0
990053 26 46 2
990103 26 47 2
990187 26 47 2
990247 26 12 0
990247 26 12 0
990297 26 12 2
990309 26 12 2
990793 26 1 0
990793 26 1 0
990843 26 1 2
990851 26 1 2
991299 26 46 0
991299 26 46 0
991373 26 46 2
991377 26 46 2
991409 26 47 0
991409 26 47 0
991483 26 47 2
991491 26 47 2
991635 26 12 0
991635 26 12 0
991686 26 12 2
991693 26 12 2
992177 26 1 0
992177 26 1 0
992227 26 1 2
992237 26 1 2
992685 26 46 0
992685 26 46 0
992759 26 46 2
992760 26 46 2
992792 26 47 0
992792 26 47 0
992866 26 47 2
992874 26 47 2
993018 26 12 0
993018 26 12 0
993068 26 12 2
993075 26 12 2
993559 26 1 0
993559 26 1 0
993609 26 1 2
993617 26 1 2
994065 26 46 0
994065 26 46 0
994131 26 46 2
994139 26 46 2
994171 26 47 0
994171 26 47 0
994245 26 47 2
994253 26 47 2
994397 26 12 0
994397 26 12 0
994447 26 12 2
994459 26 12 2
994943 26 1 0
994943 26 1 0
995000 26 1 2
995009 26 1 2
995448 26 46 0
995448 26 46 0
995489 26 56 1
995514 26 46 2
995557 26 46 2
995589 26 47 0
995589 26 47 0
995663 26 47 2
995672 26 47 2
995693 26 3 2
995751 26 56 2
995816 26 12 0
995816 26 12 0
995867 26 12 2
995887 26 12 2
996371 26 1 0
996371 26 1 0
996421 26 1 2
996431 26 1 2
996879 26 46 0
996879 26 46 0
996945 26 46 2
996954 26 46 2
996986 26 47 0
996986 26 47 0
997061 26 47 2
997068 26 47 2
997212 26 12 0
997212 26 12 0
997262 26 12 2
997270 26 12 2
997754 26 1 0
997754 26 1 0
997804 26 1 2
997811 26 1 2
998259 26 46 0
998259 26 46 0
998325 26 46 2
998335 26 46 2
998367 26 47 0
998367 26 47 0
998442 26 47 2
998450 26 47 2
998594 26 12 0
998594 26 12 0
998645 26 12 2
998657 26 12 2
999141 26 1 0
999141 26 1 0
999191 26 1 2
999202 26 1 2
999634 26 9 0
999708 26 9 2
999724 26 46 0
999724 26 46 0
999790 26 46 2
999800 26 46 2
999832 26 47 0
999832 26 47 0
999906 26 47 2
999913 26 47 2
1000057 26 12 0
1000057 26 12 0
1000107 26 12 2
1000117 26 12 2
1000601 26 1 0
1000601 26 1 0
1000651 26 1 2
1000659 26 1 2
1001107 26 46 0
1001107 26 46 0
1001173 26 46 2
1001181 26 46 2
1001213 26 47 0
1001213 26 47 0
1001287 26 47 2
1001298 26 47 2
1001442 26 12 0
1001442 26 12 0
1001492 26 12 2
1001504 26 12 2
1001988 26 1 0
1001988 26 1 0
1002010 26 2 0
1002011 26 56 1
1002039 26 1 2
1002045 26 1 2
1002214 26 2 2
1002264 26 56 2
1002493 26 46 0
1002493 26 46 0
1002559 26 46 2
1002567 26 46 2
1002599 26 47 0
1002599 26 47 0
1002673 26 47 2
1002682 26 47 2
1002826 26 12 0
1002826 26 12 0
1002876 26 12 2
1002884 26 12 2
1003368 26 1 0
1003368 26 1 0
1003418 26 1 2
1003426 26 1 2
1003874 26 46 0
1003874 26 46 0
1003941 26 46 2
1003949 26 46 2
1003981 26 47 0
1003981 26 47 0
1004056 26 47 2
1004066 26 47 2
1004210 26 12 0
1004210 26 12 0
1004260 26 12 2
1004268 26 12 2
1004752 26 1 0
1004752 26 1 0
1004803 26 1 2
1004808 26 1 2
1005256 26 46 0
1005256 26 46 0
1005322 26 46 2
1005332 26 46 2
1005364 26 47 0
1005364 26 47 0
1005438 26 47 2
1005448 26 47 2
1005592 26 12 0
1005592 26 12 0
1005642 26 12 2
1005653 26 12 2
1006137 26 1 0
1006137 26 1 0
1006188 26 1 2
1006197 26 1 2
1006645 26 46 0
1006645 26 46 0
1006712 26 46 2
1006721 26 46 2
1006753 26 47 0
1006753 26 47 0
1006834 26 47 2
1006836 26 47 2
1006980 26 12 0
1006980 26 12 0
1007030 26 12 2
1007038 26 12 2
1007522 26 1 0
1007522 26 1 0
1007573 26 1 2
1007579 26 1 2
1008027 26 46 0
1008027 26 46 0
1008093 26 46 2
1008100 26 46 2
1008132 26 47 0
1008132 26 47 0
1008206 26 47 2
1008214 26 47 2
1008358 26 12 0
1008358 26 12 0
1008408 26 12 2
1008416 26 12 2
1008900 26 1 0
1008900 26 1 0
1008950 26 1 2
1008958 26 1 2
1009406 26 46 0
1009406 26 46 0
1009472 26 46 2
1009479 26 46 2
1009511 26 47 0
1009511 26 47 0
1009585 26 47 2
1009595 26 47 2
1009739 26 12 0
1009739 26 12 0
1009789 26 12 2
1009797 26 12 2
1010281 26 1 0
1010281 26 1 0
1010331 26 1 2
1010339 26 1 2
1010787 26 46 0
1010787 26 46 0
1010856 26 46 2
1010863 26 46 2
1010895 26 47 0
1010895 26 47 0
1010969 26 47 2
1010977 26 47 2
1011121 26 12 0
1011121 26 12 0
1011171 26 12 2
1011179 26 12 2
1011663 26 1 0
1011663 26 1 0
1011713 26 1 2
1011721 26 1 2
1012169 26 46 0
1012169 26 46 0
1012237 26 46 2
1012244 26 46 2
1012276 26 47 0
1012276 26 47 0
1012351 26 47 2
1012359 26 47 2
1012503 26 12 0
1012503 26 12 0
1012553 26 12 2
1012560 26 12 2
1013036 26 9 0
1013134 26 9 2
1013258 26 55 0
1013385 26 55 2
1013389 26 1 0
1013389 26 1 0
1013439 26 1 2
1013497 26 1 2
1013521 26 56 0
1013994 26 56 2
1014014 26 45 0
1014015 26 3 0
1014096 26 45 2
1014152 26 46 0
1014194 26 29 2
1014260 26 46 2
1014276 26 1 0
1014366 26 1 2
1014426 26 63 0
1014707 26 63 2
1014715 26 47 0
1014870 26 47 2
1014974 26 62 0
1014974 26 62 0
1015056 26 62 2
1015064 26 62 2
1015132 26 29 0
1015214 26 29 2
1015254 26 30 0
1015364 26 30 2
1015408 26 17 0
1015481 26 17 2
1015537 26 18 0
1015603 26 18 2
1015639 26 22 0
1015729 26 22 2
1015781 26 3 0
1015996 26 3 2
1016004 26 19 0
1016048 26 6 2
1016086 26 19 2
1016090 26 3 0
1016338 26 25 2
1016564 26 3 2
1016651 26 23 2
1016841 26 22 2
1016852 26 3 0
1018048 26 24 2
1018366 26 3 2
1018508 26 0 2
1018510 26 3 0
1018642 26 3 2
1018693 26 7 2
1018702 26 3 0
1020736 26 3 2
1020790 26 17 2
1020796 26 3 0
1025796 26 3 2
1026022 26 61 2
1026024 26 3 0
1028822 26 3 0
1028823 26 56 1
1029033 26 3 2
1029090 26 56 2
1029365 26 3 0
1029743 26 3 0
1030380 26 3 0
1030662 26 3 0
1030742 26 3 0
1031016 26 3 0
1031230 26 3 0
1031546 26 3 0
1031605 26 3 0
1031793 26 3 0
1031937 26 3 0
1032099 26 3 0
1033408 26 3 0
1033512 26 3 0
1033814 26 3 0
1033921 26 3 0
1033973 26 3 0
1034350 26 3 0
1034549 26 3 0
1034791 26 3 0
1034887 26 3 0
1035149 26 3 0
1035199 26 3 0
1035576 26 3 0
1036479 26 3 0
1036592 26 3 0
1036851 26 3 0
1036954 26 3 0
1037101 26 3 0
1037213 26 3 0
1037313 26 3 2
1037411 26 3 0
1037473 26 56 2
1037514 26 3 0
1037543 26 3 0
1037629 26 1 0
1037686 26 1 2
1037917 26 3 0
1037950 26 21 0
1038007 26 21 2
1038011 26 30 0
1038060 26 3 0
1038101 26 30 2
1038113 26 24 0
1038150 26 3 0
1038194 26 24 2
1038294 26 25 0
1038369 26 25 2
1038377 26 26 0
1038386 26 2 0
1038386 26 26 2
1038414 26 3 0
1038436 26 26 2
1038500 26 26 0
1038505 26 3 0
1038509 26 3 0
1038573 26 26 2
1038637 26 27 0
1038704 26 27 2
1038736 26 34 0
1038809 26 34 2
1038821 26 26 0
1038830 26 3 0
1038887 26 26 2
1038983 26 55 0
1039105 26 55 2
1039113 26 27 0
1039179 26 27 2
1039227 26 23 0
1039569 26 3 0
1039849 26 3 0
1039911 26 3 0
1039996 26 23 2
1040000 26 28 0
1040064 26 24 2
1040075 26 28 2
1040095 26 23 0
1040203 26 3 0
1040385 26 3 0
1040405 26 23 2
1040437 26 56 0
1040437 26 56 0
1040474 26 15 2
1040503 26 56 2
1040555 26 56 2
1040567 26 21 2
1040591 26 43 0
1040721 26 3 0
1040846 26 43 2
1040874 26 57 0
1040874 26 57 0
1040932 26 57 2
1040981 26 57 2
1040989 26 36 0
1041063 26 36 2
1041094 26 3 0
1041115 26 23 0
1041489 26 3 0
1041508 26 3 0
1041533 26 23 2
1041604 26 33 2
1041605 26 23 0
1041615 26 3 0
1041834 26 3 0
1041925 26 3 0
1042036 26 3 0
1042238 26 3 0
1042575 26 23 2
1042591 26 23 0
1042646 26 33 2
1042673 26 3 0
1042950 26 3 0
1042984 26 23 2
1043045 26 3 0
1043051 26 20 2
1043056 26 23 0
1043067 26 3 0
1043247 26 3 0
1043280 26 3 0
1043391 26 3 0
1043607 26 3 0
1043616 26 23 2
1043632 26 23 0
1043654 26 3 0
1043782 26 3 0
1043785 26 23 2
1043821 26 29 0
1043854 26 20 2
1043903 26 29 2
1043919 26 23 0
1044050 26 3 0
1044060 26 3 0
1044154 26 3 0
1044170 26 3 0
1044233 26 23 2
1044244 26 3 0
1044301 26 39 2
1044333 26 32 0
1044419 26 3 0
1044429 26 32 2
1044482 26 3 0
1044513 26 28 0
1044530 26 3 0
1044586 26 28 2
1044596 26 3 0
1044638 26 2 0
1044671 26 3 0
1044687 26 2 2
1044699 26 29 0
1044781 26 29 2
1044813 26 4 0
1044823 26 3 0
1044897 26 4 2
1044905 26 35 0
1044905 26 35 0
1044933 26 3 0
1044939 26 35 2
1044980 26 35 2
1045020 26 36 0
1045020 26 36 0
1045062 26 36 2
1045102 26 36 2
1045158 26 3 0
1045190 26 56 0
1045273 26 3 0
1045298 26 56 2
1045318 26 57 0
1045372 26 3 0
1045435 26 57 2
1045459 26 3 0
1045523 26 58 0
1045523 26 58 0
1045584 26 58 2
1045598 26 3 0
1045599 26 3 0
1045643 26 58 2
1045706 26 3 0
1045720 26 3 0
1045723 26 59 0
1045723 26 59 0
1045781 26 59 2
1045808 26 3 0
1045839 26 3 0
1045863 26 59 2
1045887 26 63 0
1045898 26 3 0
1045937 26 3 0
1045984 26 63 2
1045987 26 3 0
1046068 26 33 0
1046071 26 3 0
1046088 26 3 0
1046109 26 33 2
1046145 26 3 0
1046209 26 3 0
1046210 26 3 0
1046211 26 3 2
1046330 26 3 0
1046357 26 3 0
1046462 26 3 0
1046499 26 3 0
1046621 26 3 0
1046634 26 3 0
1046761 26 3 0
1046928 26 3 0
1047021 26 3 0
1047052 26 3 0
1047438 26 3 0
1047465 26 3 0
1047766 26 3 0
1047903 26 3 0
1048086 26 3 0
1048221 26 3 0
1048424 26 3 0
1048518 26 3 0
1048794 26 3 0
1048830 26 3 0
1049183 26 3 0
1049189 26 3 0
1049573 26 3 0
1049601 26 3 0
1049992 26 3 0
1050015 26 3 0
1050400 26 3 0
1050464 26 3 0
1050890 26 3 0
1063245 26 3 0
1063246 26 56 1
1063453 26 3 2
1063510 26 56 2
1067077 26 3 0
1067078 26 3 2
1081224 26 3 0
1081225 26 56 1
1081433 26 3 2
1081490 26 56 2
1126454 26 3 0
1126455 26 56 1
1126657 26 3 2
1126714 26 56 2
1138007 26 3 0
1138008 26 56 1
1138217 26 3 2
1138274 26 56 2
1138282 26 3 2
1149951 26 3 0
1149952 26 3 2
1154166 26 3 2
1177488 26 3 0
1177489 26 56 1
1177697 26 3 2
1177754 26 56 2
1206676 26 56 1
1206888 26 3 2
1206946 26 56 2
1246344 26 3 0
1246345 26 56 1
1246547 26 3 2
1246604 26 56 2
1267687 26 3 0
1267688 26 56 1
1267897 26 3 2
1267954 26 56 2
1276648 26 3 0
1276649 26 56 1
1276857 26 3 2
1276914 26 56 2
1314416 26 3 0
1314417 26 56 1
1314626 26 3 2
1314683 26 56 2
1321805 26 3 0
1321806 26 56 1
1322017 26 3 2
1322075 26 56 2
1329737 26 3 0
1329738 26 56 1
1329946 26 3 2
1330003 26 56 2
1350165 26 3 0
1350166 26 56 1
1350376 26 3 2
1350433 26 56 2
1389061 26 3 0
1389062 26 56 1
1389266 26 3 2
1389323 26 56 2
1421002 26 3 0
1421003 26 56 1
1421216 26 3 2
1421273 26 56 2
1524109 26 3 0
1524110 26 3 2
1843854 26 2 0
1843855 26 2 2
1844195 26 3 0
1844196 26 3 2
1844570 26 37 0
1844570 26 37 0
1846912 26 37 2
1848326 26 37 2
1848594 26 36 0
1848594 26 36 0
1848686 26 36 2
1848694 26 36 2
1848726 26 38 0
1848726 26 38 0
1848784 26 38 2
1849281 26 38 2
1849397 26 47 0
1849397 26 47 0
1849471 26 47 2
1849479 26 47 2
1849523 26 54 0
1849523 26 54 0
1849597 26 54 2
1849635 26 54 2
1849643 26 56 0
1849643 26 56 0
1849709 26 56 2
1849727 26 56 2
1849779 26 37 0
1849779 26 37 0
1849839 26 37 2
1849897 26 37 2
1849921 26 57 0
1849921 26 57 0
1850109 26 57 2
1850757 26 57 2
1850865 26 35 0
1850865 26 35 0
1850929 26 35 2
1850939 26 35 2
1851795 26 47 0
1851795 26 47 0
1851870 26 47 2
1852185 26 47 2
1852209 26 11 0
1852209 26 11 0
1852251 26 11 2
1852259 26 11 2
1852387 26 1 0
1852387 26 1 0
1852437 26 1 2
1853544 26 1 2
1853652 26 24 2
1853704 26 22 2
1853840 26 23 2
1854068 26 14 0
1854121 26 24 2
1854185 26 22 2
1854189 26 14 2
1854201 26 15 0
1854201 26 15 0
1854288 26 15 2
1854332 26 15 2
1854352 26 18 0
1854374 26 23 2
1854515 26 23 2
1854634 26 18 2
1854658 26 4 0
1854774 26 4 2
1854818 26 38 0
1854818 26 38 0
1854876 26 38 2
1854885 26 38 2
1855041 26 46 0
1855121 26 46 2
1855165 26 12 0
1855222 26 12 2
1855378 26 47 0
1855378 26 47 0
1855452 26 47 2
1855460 26 47 2
1855476 26 12 0
1855546 26 12 2
1855582 26 47 0
1855670 26 47 2
1856418 26 54 0
1856418 26 54 0
1856542 26 54 2
1856560 26 54 2
1856596 26 3 0
1856597 26 0 0
1856657 26 2 0
1856658 26 2 2
1856920 26 40 0
1856977 26 40 2
1857005 26 49 0
1857265 26 49 2
1857277 26 51 0
1857397 26 51 2
1857417 26 37 0
1857418 26 25 2
1857538 26 37 2
1857542 26 20 0
1857645 26 20 2
1857661 26 3 0
1857935 26 25 2
1858039 26 3 2
1858066 26 25 2
1858387 26 38 0
1858387 26 38 0
1858445 26 38 2
1858453 26 38 2
1866212 26 0 2
1866690 26 0 0
1866691 26 56 1
1866900 26 0 2
1866965 26 56 2
1874395 26 0 2
1874396 26 0 0
2821431 26 38 0
2821431 26 38 0
2823664 26 38 2
2827721 26 38 2
2827837 26 47 0
2827837 26 47 0
2827911 26 47 2
2827919 26 47 2
2829011 26 47 0
2829011 26 47 0
2829085 26 47 2
2829102 26 47 2
2829310 26 7 0
2829503 26 7 2
2830071 26 38 0
2830071 26 38 0
2830129 26 38 2
2830137 26 38 2
2830493 26 47 0
2830493 26 47 0
2830567 26 47 2
2830575 26 47 2
2832415 26 38 0
2832415 26 38 0
2832473 26 38 2
2832481 26 38 2
2839973 26 2 0
2839974 26 56 1
2840182 26 2 2
2840231 26 56 2
2842648 26 56 1
2842852 26 2 2
2842901 26 56 2
2861151 26 56 1
2861362 26 2 2
2861411 26 56 2
2872544 26 3 0
2872545 26 56 1
2872753 26 3 2
2872812 26 56 2
2901286 26 2 0
2901287 26 56 1
2901493 26 2 2
2901543 26 56 2
2973650 26 3 2
2973797 26 3 2
2974016 26 3 2
3797995 26 38 0
3797995 26 38 0
3798541 26 38 2
3800847 26 38 2
3800963 26 47 0
3800963 26 47 0
3801037 26 47 2
3801045 26 47 2
3802137 26 47 0
3802227 26 47 2
3803003 26 38 0
3803003 26 38 0
3803061 26 38 2
3803109 26 38 2
3803265 26 46 0
3803339 26 46 2
3803383 26 12 0
3803440 26 12 2
3803596 26 47 0
3803596 26 47 0
3803670 26 47 2
3803678 26 47 2
3803879 26 0 2
3804270 26 7 0
3804576 26 7 2
3805824 26 38 0
3805824 26 38 0
3805890 26 38 2
3807052 26 38 2
4774558 26 38 0
4774558 26 38 0
4775688 26 38 2
4775804 26 47 0
4775804 26 47 0
4775886 26 47 2
4775988 26 47 2
4776276 26 38 2
4776978 26 47 0
4776978 26 47 0
4777052 26 47 2
4777069 26 47 2
4777845 26 38 0
4777845 26 38 0
4777903 26 38 2
4779021 26 38 2
4779377 26 47 0
4779377 26 47 0
4779451 26 47 2
4779459 26 47 2
4781299 26 38 0
4781299 26 38 0
4781365 26 38 2
4782597 26 38 2
5751122 26 38 0
5751122 26 38 0
5752521 26 38 2
5752637 26 47 0
5752637 26 47 0
5752719 26 47 2
5752791 26 47 2
5753631 26 38 2
5753811 26 47 0
5753811 26 47 0
5753885 26 47 2
5753902 26 47 2
5754678 26 38 0
5754678 26 38 0
5754736 26 38 2
5755644 26 38 2
5756000 26 47 0
5756000 26 47 0
5756074 26 47 2
5756081 26 47 2
5756702 26 0 2
5757921 26 38 0
5757921 26 38 0
5757987 26 38 2
5758059 26 38 2
