0 50 51 0
933 50 51 2
937 50 22 0
2975 50 22 2
2987 50 1 0
3647 50 1 2
3667 50 24 0
3760 50 24 2
24781 50 56 1
24971 50 2 2
25044 50 56 2
31049 50 56 1
31231 50 2 2
31304 50 56 2
39283 50 56 1
39462 50 2 2
39536 50 56 2
57593 50 56 1
57771 50 2 2
57844 50 56 2
68201 50 56 1
68381 50 2 2
68454 50 56 2
71843 50 56 1
72021 50 0 2
72110 50 56 2
81910 50 56 1
82091 50 0 2
82180 50 56 2
86283 50 2 0
116419 50 56 1
116601 50 2 2
116674 50 56 2
127783 50 56 1
127961 50 2 2
128034 50 56 2
129033 50 56 1
129221 50 2 2
129294 50 56 2
178845 50 56 1
179032 50 2 2
179106 50 56 2
202135 50 56 1
202322 50 2 2
202396 50 56 2
238645 50 56 1
238832 50 2 2
238906 50 56 2
262045 50 56 1
262232 50 2 2
262306 50 56 2
279617 50 56 1
279801 50 2 2
279874 50 56 2
290459 50 56 1
290642 50 2 2
290716 50 56 2
349205 50 2 0
349206 50 56 1
349391 50 2 2
349464 50 56 2
349528 50 2 0
349529 50 56 1
349712 50 2 2
349786 50 56 2
394825 50 2 0
394826 50 56 1
395011 50 2 2
395084 50 56 2
395148 50 2 0
395149 50 56 1
395332 50 2 2
395406 50 56 2
455765 50 2 0
455766 50 2 2
495011 50 2 0
495012 50 56 1
495191 50 2 2
495264 50 56 2
495871 50 2 0
495872 50 56 1
496052 50 2 2
496126 50 56 2
646320 50 2 0
646321 50 56 1
646501 50 2 2
646574 50 56 2
682503 50 2 0
682504 50 56 1
682691 50 2 2
682764 50 56 2
693825 50 56 1
694011 50 2 2
694084 50 56 2
715038 50 3 2
731141 50 2 0
738077 50 2 0
738078 50 2 2
744118 50 2 0
744119 50 2 2
748780 50 2 0
748781 50 56 1
748962 50 2 2
749036 50 56 2
767736 50 56 1
767921 50 3 2
768002 50 56 2
768235 50 56 1
768422 50 2 2
768496 50 56 2
770345 50 56 1
770532 50 3 2
770614 50 56 2
791795 50 2 0
791796 50 56 1
791982 50 2 2
792056 50 56 2
813108 50 56 1
813291 50 3 2
813372 50 56 2
815145 50 56 1
815331 50 3 2
815412 50 56 2
819475 50 2 0
819476 50 56 1
819662 50 2 2
819736 50 56 2
842925 50 2 0
842926 50 56 1
843112 50 2 2
843186 50 56 2
856851 50 2 0
856852 50 2 2
867086 50 4 0
870862 50 4 2
870914 50 44 0
872382 50 44 2
872394 50 5 0
872500 50 5 2
872512 50 45 0
872910 50 45 2
872978 50 24 0
873193 50 24 2
873225 50 25 0
873325 50 25 2
873333 50 26 0
873443 50 26 2
873483 50 27 0
873689 50 27 2
873709 50 33 0
873924 50 33 2
873944 50 35 0
874039 50 35 2
874047 50 41 0
874388 50 41 2
874404 50 42 0
874737 50 42 2
874769 50 1 0
874907 50 1 2
874943 50 36 0
875082 50 36 2
875094 50 43 0
875504 50 43 2
875520 50 17 0
875585 50 17 2
875677 50 27 0
875778 50 27 2
875782 50 37 0
875888 50 37 2
875900 50 17 0
876031 50 17 2
876039 50 15 0
876161 50 15 2
876201 50 16 0
876307 50 16 2
876347 50 18 0
876437 50 18 2
876461 50 61 0
876700 50 61 2
876712 50 54 0
876855 50 56 1
877041 50 3 2
877051 50 54 2
877071 50 13 0
877132 50 56 2
877140 50 3 0
877169 50 13 2
877177 50 19 0
877288 50 19 2
877292 50 35 0
877294 50 3 0
877625 50 2 0
877626 50 3 0
877782 50 3 0
877809 50 35 2
877825 50 53 0
877941 50 3 0
877944 50 56 1
877947 50 53 2
877987 50 33 0
878086 50 33 2
878098 50 36 0
878131 50 25 2
878194 50 56 2
878195 50 36 2
878215 50 40 0
878401 50 3 0
878485 50 40 2
878509 50 37 0
878516 50 3 0
878620 50 3 0
878634 50 37 2
878711 50 3 0
878738 50 38 0
878869 50 38 2
878873 50 11 0
878971 50 3 0
879194 50 11 2
879201 50 3 0
879218 50 8 0
879321 50 3 0
879325 50 8 2
879333 50 29 0
879417 50 3 0
879464 50 29 2
879504 50 0 0
879519 50 3 0
879601 50 0 2
879613 50 38 0
879835 50 3 0
879841 50 38 2
879857 50 39 0
879983 50 3 0
880091 50 39 2
880095 50 39 0
880098 50 3 0
880220 50 3 0
880337 50 3 0
880413 50 39 2
880443 50 3 0
880469 50 36 0
880577 50 3 0
880583 50 36 2
880615 50 38 0
880698 50 3 0
880746 50 38 2
880762 50 51 0
880844 50 3 0
880869 50 51 2
880925 50 43 0
881069 50 3 0
881216 50 3 0
881221 50 43 2
881229 50 52 0
881348 50 52 2
881384 50 51 0
881542 50 3 0
881644 50 51 2
881664 50 53 0
881673 50 3 0
881800 50 53 2
881824 50 54 0
881834 50 3 0
881958 50 54 2
881974 50 11 0
881981 50 3 0
882210 50 3 0
882315 50 11 2
882327 50 56 0
882336 50 3 0
882489 50 56 2
882493 50 12 0
882544 50 56 1
882548 50 3 0
882685 50 3 0
882771 50 0 2
882784 50 3 0
882788 50 12 2
882796 50 57 0
882871 50 56 2
882876 50 0 0
882896 50 3 0
882912 50 57 2
882916 50 2 0
882997 50 2 0
883018 50 0 0
883070 50 3 0
883158 50 0 0
883226 50 3 0
883235 50 2 2
883260 50 0 0
883287 50 37 0
883350 50 3 0
883395 50 37 2
883396 50 0 0
883411 50 40 0
883469 50 3 0
883498 50 0 0
883527 50 40 2
883578 50 3 0
883583 50 58 0
883630 50 0 0
883678 50 3 0
883690 50 58 2
883740 50 0 0
883750 50 35 0
883781 50 3 0
883845 50 35 2
883849 50 50 0
883860 50 0 0
883888 50 3 0
883973 50 50 2
883991 50 0 0
883991 50 3 0
883993 50 62 0
884090 50 0 0
884090 50 3 0
884231 50 0 0
884235 50 62 2
884263 50 38 0
884287 50 3 0
884342 50 0 0
884456 50 0 0
884479 50 3 0
884567 50 38 2
884569 50 0 0
884639 50 63 0
884700 50 0 0
884704 50 3 0
884830 50 3 0
884832 50 0 0
884868 50 63 2
884908 50 12 0
884935 50 3 0
884942 50 0 0
885041 50 3 0
885058 50 0 0
885161 50 0 0
885171 50 3 0
885192 50 12 2
885216 50 2 0
885294 50 3 0
885299 50 0 0
885315 50 2 2
885339 50 13 0
885409 50 3 0
885441 50 0 0
885549 50 0 0
885609 50 13 2
885670 50 0 0
885705 50 3 0
885718 50 3 0
885790 50 0 0
885818 50 3 2
885851 50 3 0
885858 50 23 0
885938 50 0 0
885968 50 3 0
886113 50 3 0
886122 50 23 2
886138 50 24 0
886284 50 24 2
886368 50 0 0
886392 50 21 0
886525 50 3 0
886556 50 0 0
886658 50 3 0
886668 50 21 2
886676 50 25 0
886766 50 3 0
886783 50 25 2
886788 50 0 0
886811 50 26 0
886850 50 56 1
886878 50 3 0
886908 50 26 2
886939 50 0 0
886988 50 0 0
887061 50 15 2
887086 50 0 0
887088 50 0 2
887096 50 3 0
887106 50 3 0
887166 50 56 2
887203 50 0 0
887209 50 3 2
887253 50 4 0
887318 50 0 0
887470 50 0 0
887511 50 4 2
887598 50 0 0
887607 50 5 0
887808 50 0 0
887847 50 5 2
887887 50 15 0
887970 50 0 0
888124 50 0 0
888193 50 15 2
888201 50 14 0
888271 50 0 0
888390 50 0 0
888550 50 14 2
888562 50 50 0
888571 50 0 0
888672 50 50 2
888690 50 0 0
888700 50 6 0
888820 50 0 0
888845 50 6 2
888865 50 4 0
888938 50 0 0
888978 50 4 2
888986 50 8 0
889084 50 8 2
889088 50 47 0
889137 50 0 0
889240 50 0 0
889368 50 0 0
889569 50 0 0
889768 50 47 2
889776 50 49 0
889875 50 49 2
889891 50 11 0
889950 50 0 0
890218 50 0 0
890438 50 0 0
890618 50 0 0
890736 50 0 0
890799 50 11 2
890835 50 5 0
890850 50 0 0
890988 50 0 0
890992 50 5 2
891016 50 37 0
891128 50 0 0
891289 50 37 2
891309 50 0 0
891353 50 4 0
891505 50 0 0
891547 50 4 2
891551 50 1 0
891632 50 1 2
891660 50 27 0
891662 50 0 0
891751 50 27 2
891759 50 2 0
891786 50 0 0
891860 50 2 2
891872 50 11 0
891936 50 0 0
891991 50 11 2
891999 50 7 0
892042 50 0 0
892162 50 7 2
892182 50 3 0
892278 50 0 0
892306 50 3 2
892414 50 6 0
892573 50 6 2
892593 50 9 0
892695 50 9 2
892867 50 8 0
893037 50 8 2
893049 50 11 0
893174 50 11 2
893194 50 12 0
893393 50 12 2
893417 50 16 0
893661 50 16 2
893669 50 13 0
893811 50 13 2
893859 50 2 0
893960 50 2 2
894004 50 40 0
894136 50 40 2
894140 50 25 0
894287 50 25 2
894303 50 31 0
894984 50 31 2
895020 50 33 0
895119 50 33 2
895123 50 36 0
895367 50 36 2
895375 50 4 0
895563 50 4 2
895655 50 5 0
895682 50 2 0
895683 50 2 2
895828 50 5 2
895860 50 34 0
895974 50 34 2
895994 50 35 0
896182 50 35 2
896206 50 32 0
896347 50 32 2
896415 50 17 0
896709 50 17 2
897005 50 38 0
897005 50 38 0
897071 50 38 2
897130 50 38 2
897138 50 27 0
897228 50 27 2
897248 50 35 0
897275 50 56 1
897297 50 35 2
897353 50 28 0
897460 50 11 2
897491 50 28 2
897533 50 56 2
897559 50 3 0
897640 50 3 2
897644 50 46 0
897710 50 46 2
897730 50 4 0
898078 50 4 2
898110 50 0 0
898211 50 0 2
898215 50 29 0
898322 50 29 2
898466 50 47 0
898539 50 47 2
898611 50 30 0
898766 50 30 2
899118 50 31 0
899280 50 31 2
899284 50 44 0
900225 50 44 2
900233 50 43 0
900567 50 43 2
900699 50 32 0
900708 50 20 2
900873 50 32 2
900905 50 6 2
901059 50 11 2
901184 50 35 2
901197 50 33 0
901300 50 33 2
901326 50 4 2
901348 50 33 0
901468 50 12 2
901586 50 42 2
901685 50 33 2
901693 50 27 0
901777 50 38 2
901883 50 18 2
901981 50 27 2
902085 50 54 0
902279 50 1 2
902480 50 30 2
902608 50 21 2
902750 50 5 2
902884 50 43 2
903023 50 22 2
903117 50 57 2
903361 50 45 2
903480 50 9 2
903754 50 52 2
903918 50 48 2
904102 50 27 2
904252 50 28 2
904345 50 26 2
904716 50 14 2
904812 50 56 1
904846 50 23 2
904932 50 54 2
904944 50 28 0
904991 50 29 2
904994 50 46 2
905064 50 56 2
905072 50 28 2
905088 50 52 0
905124 50 53 2
905233 50 24 2
905370 50 52 2
905378 50 56 0
905403 50 7 2
905508 50 56 2
905524 50 53 0
905558 50 56 1
905565 50 36 2
905707 50 19 2
905741 50 47 2
905798 50 53 2
905809 50 10 2
905814 50 56 2
905898 50 41 0
905947 50 34 2
906231 50 61 2
906366 50 41 2
906391 50 62 2
906414 50 61 0
906533 50 13 2
906705 50 61 2
906709 50 39 0
906761 50 54 2
906867 50 25 2
906966 50 39 2
906978 50 7 0
907035 50 44 2
907201 50 56 2
907247 50 7 2
907303 50 32 2
907307 50 8 0
907410 50 8 2
907442 50 63 0
907589 50 55 2
907763 50 63 2
907770 50 41 2
907871 50 0 0
907974 50 0 2
908002 50 57 0
908052 50 17 2
908107 50 57 2
908149 50 58 2
908175 50 58 0
908314 50 8 2
908364 50 58 2
908448 50 46 0
908555 50 60 2
908627 50 46 2
908639 50 59 0
908803 50 31 2
908889 50 59 2
908917 50 29 2
908921 50 32 0
909034 50 32 2
909042 50 50 0
909051 50 50 2
909066 50 50 2
909142 50 60 0
909275 50 63 2
909411 50 59 2
909450 50 60 2
909458 50 62 0
909558 50 39 2
909609 50 62 2
909613 50 3 0
909672 50 49 2
909728 50 3 2
909740 50 5 0
909827 50 51 2
909863 50 5 2
909891 50 17 0
909932 50 40 2
909992 50 17 2
910012 50 6 0
910104 50 37 2
910158 50 6 2
910250 50 11 0
910267 50 47 2
910415 50 15 2
910583 50 11 2
910591 50 10 0
910595 50 16 2
910672 50 33 2
910681 50 10 2
910701 50 11 0
910811 50 11 2
910819 50 6 0
910973 50 6 2
911009 50 36 0
911294 50 36 2
911354 50 12 0
911500 50 12 2
911508 50 0 0
911702 50 0 2
911826 50 15 0
911987 50 15 2
912107 50 7 0
912305 50 7 2
912321 50 0 0
912582 50 0 2
912730 50 9 0
912830 50 9 2
912862 50 8 0
913001 50 8 2
913029 50 45 0
913299 50 45 2
913407 50 14 0
913513 50 14 2
913809 50 31 0
913921 50 31 2
913965 50 35 0
914232 50 35 2
914292 50 32 0
914427 50 32 2
914527 50 33 0
914646 50 33 2
914738 50 34 0
914903 50 34 2
914935 50 1 0
914935 50 1 0
915009 50 1 2
915016 50 1 2
915060 50 32 0
915178 50 32 2
915186 50 35 0
915366 50 35 2
915370 50 60 0
915565 50 60 2
915581 50 61 0
915742 50 61 2
915802 50 48 0
915918 50 48 2
915958 50 49 0
916117 50 49 2
916153 50 36 0
916153 50 36 0
916203 50 36 2
916271 50 36 2
916335 50 37 0
916335 50 37 0
916394 50 37 2
916630 50 37 2
916678 50 58 0
916893 50 58 2
916905 50 31 0
917191 50 31 2
917203 50 30 0
917585 50 30 2
917593 50 59 0
917889 50 59 2
917941 50 34 0
918205 50 34 2
918245 50 0 0
918489 50 0 2
918497 50 33 0
918828 50 33 2
918844 50 60 0
919076 50 60 2
919096 50 32 0
919343 50 32 2
919419 50 61 0
919680 50 61 2
919804 50 62 0
920037 50 62 2
920125 50 12 0
920245 50 12 2
920257 50 39 0
920405 50 2 0
920406 50 56 1
920446 50 39 2
920458 50 13 0
920612 50 2 2
920675 50 13 2
920679 50 48 0
920686 50 56 2
920805 50 48 2
920817 50 59 0
920976 50 59 2
921004 50 54 0
921004 50 54 0
921054 50 54 2
921158 50 54 2
921198 50 55 0
921669 50 55 2
921693 50 56 0
921846 50 56 2
921874 50 57 0
922017 50 57 2
922081 50 58 0
922195 50 58 2
922231 50 49 0
922330 50 49 2
922370 50 63 0
922545 50 63 2
922593 50 15 0
922732 50 15 2
922748 50 44 0
922846 50 44 2
922866 50 45 0
922972 50 45 2
923220 50 0 0
923322 50 0 2
923405 50 48 2
923414 50 1 0
923515 50 1 2
923615 50 2 0
923716 50 2 2
923736 50 41 0
923856 50 41 2
923928 50 3 0
923943 50 48 2
924073 50 48 2
924141 50 3 2
924323 50 48 2
924401 50 5 0
924578 50 5 2
924626 50 6 0
924766 50 6 2
924854 50 7 0
925053 50 7 2
925161 50 8 0
925260 50 8 2
925316 50 1 0
925415 50 1 2
925863 50 46 0
926043 50 46 2
926051 50 4 0
926165 50 4 2
926189 50 47 0
926287 50 47 2
926431 50 12 0
926537 50 12 2
926895 50 49 2
926901 50 10 0
927110 50 10 2
927230 50 1 0
927230 50 1 0
927304 50 1 2
927329 50 1 2
927745 50 46 2
927777 50 46 0
927869 50 46 2
927901 50 47 0
927901 50 47 0
927967 50 47 2
928001 50 47 2
928145 50 12 0
928251 50 12 2
928604 50 45 2
928735 50 1 0
928816 50 1 2
929264 50 46 0
929264 50 46 0
929322 50 46 2
929330 50 46 2
929362 50 47 0
929435 50 47 2
929579 50 12 0
929664 50 12 2
930099 50 43 2
930148 50 1 0
930148 50 1 0
930222 50 1 2
930229 50 1 2
930677 50 46 0
930741 50 46 2
930773 50 47 0
930848 50 47 2
930992 50 12 0
931072 50 12 2
931556 50 1 0
931556 50 1 0
931630 50 1 2
931645 50 1 2
932093 50 46 0
932093 50 46 0
932162 50 46 2
932165 50 46 2
932197 50 47 0
932197 50 47 0
932281 50 47 2
932282 50 47 2
932425 50 12 0
932425 50 12 0
932501 50 12 2
932508 50 12 2
932992 50 1 0
932992 50 1 0
933073 50 1 2
933077 50 1 2
933509 50 14 0
933631 50 14 2
933647 50 46 0
933647 50 46 0
933712 50 46 2
933725 50 46 2
933744 50 47 0
933744 50 47 0
933819 50 47 2
933830 50 47 2
933963 50 12 0
933963 50 12 0
934046 50 12 2
934068 50 12 2
934530 50 1 0
934530 50 1 0
934615 50 1 2
934624 50 1 2
935063 50 46 0
935063 50 46 0
935124 50 46 2
935134 50 46 2
935166 50 47 0
935166 50 47 0
935232 50 47 2
935243 50 47 2
935387 50 12 0
935387 50 12 0
935461 50 12 2
935468 50 12 2
935952 50 1 0
935952 50 1 0
936026 50 1 2
936034 50 1 2
936482 50 46 0
936482 50 46 0
936540 50 46 2
936548 50 46 2
936580 50 47 0
936580 50 47 0
936646 50 47 2
936654 50 47 2
936798 50 12 0
936798 50 12 0
936874 50 12 2
936884 50 12 2
937368 50 1 0
937368 50 1 0
937443 50 1 2
937452 50 1 2
937900 50 46 0
937900 50 46 0
937967 50 46 2
937968 50 46 2
938000 50 47 0
938000 50 47 0
938066 50 47 2
938074 50 47 2
938218 50 12 0
938218 50 12 0
938292 50 12 2
938325 50 12 2
938809 50 1 0
938809 50 1 0
938883 50 1 2
938908 50 1 2
939356 50 46 0
939356 50 46 0
939420 50 46 2
939454 50 46 2
939486 50 47 0
939486 50 47 0
939552 50 47 2
939585 50 47 2
939729 50 12 0
939729 50 12 0
939803 50 12 2
939837 50 12 2
940321 50 1 0
940321 50 1 0
940395 50 1 2
940420 50 1 2
940868 50 46 0
940868 50 46 0
940926 50 46 2
940959 50 46 2
940991 50 47 0
940991 50 47 0
941057 50 47 2
941090 50 47 2
941234 50 12 0
941234 50 12 0
941308 50 12 2
941341 50 12 2
941825 50 1 0
941825 50 1 0
941900 50 1 2
941930 50 1 2
942378 50 46 0
942378 50 46 0
942436 50 46 2
942469 50 46 2
942501 50 47 0
942501 50 47 0
942567 50 47 2
942601 50 47 2
942745 50 12 0
942745 50 12 0
942819 50 12 2
942827 50 12 2
943311 50 1 0
943311 50 1 0
943385 50 1 2
943393 50 1 2
943841 50 46 0
943841 50 46 0
943899 50 46 2
943907 50 46 2
943917 50 2 0
943918 50 56 1
943939 50 47 0
943939 50 47 0
944005 50 47 2
944023 50 47 2
944102 50 2 2
944167 50 12 0
944167 50 12 0
944177 50 56 2
944241 50 12 2
944249 50 12 2
944637 50 1 0
944637 50 1 0
944711 50 1 2
944718 50 1 2
945150 50 7 0
945272 50 7 2
945288 50 46 0
945288 50 46 0
945346 50 46 2
945360 50 46 2
945392 50 47 0
945392 50 47 0
945458 50 47 2
945469 50 47 2
945613 50 12 0
945613 50 12 0
945688 50 12 2
945696 50 12 2
946180 50 1 0
946180 50 1 0
946254 50 1 2
946282 50 1 2
946730 50 46 0
946730 50 46 0
946788 50 46 2
946799 50 46 2
946831 50 47 0
946831 50 47 0
946900 50 47 2
946906 50 47 2
947050 50 12 0
947050 50 12 0
947131 50 12 2
947133 50 12 2
947617 50 1 0
947617 50 1 0
947697 50 1 2
947698 50 1 2
948146 50 46 0
948146 50 46 0
948204 50 46 2
948212 50 46 2
948244 50 47 0
948244 50 47 0
948310 50 47 2
948319 50 47 2
948463 50 5 0
948581 50 5 2
948589 50 61 0
948713 50 61 2
948721 50 29 0
948991 50 29 2
949007 50 62 0
949007 50 62 0
949068 50 62 2
949144 50 62 2
949374 50 2 0
949375 50 2 2
949420 50 63 0
949420 50 63 0
949486 50 63 2
949559 50 63 2
949983 50 12 0
949983 50 12 0
950057 50 12 2
950091 50 12 2
950203 50 51 2
950531 50 11 0
950637 50 11 2
950849 50 1 0
950849 50 1 0
950923 50 1 2
950968 50 1 2
951416 50 46 0
951416 50 46 0
951474 50 46 2
951481 50 46 2
951513 50 47 0
951513 50 47 0
951579 50 47 2
951587 50 47 2
952463 50 12 0
952463 50 12 0
952537 50 12 2
952571 50 12 2
952653 50 51 2
953223 50 1 0
953223 50 1 0
953298 50 1 2
953323 50 1 2
953725 50 3 0
953726 50 56 1
953771 50 46 0
953771 50 46 0
953830 50 46 2
953863 50 46 2
953895 50 47 0
953895 50 47 0
953912 50 3 2
953962 50 47 2
953994 50 56 2
953995 50 47 2
954139 50 12 0
954139 50 12 0
954214 50 12 2
954245 50 12 2
954729 50 1 0
954729 50 1 0
954804 50 1 2
954829 50 1 2
955277 50 46 0
955277 50 46 0
955335 50 46 2
955369 50 46 2
955401 50 47 0
955401 50 47 0
955468 50 47 2
955500 50 47 2
955644 50 12 0
955644 50 12 0
955718 50 12 2
955751 50 12 2
956235 50 1 0
956235 50 1 0
956309 50 1 2
956335 50 1 2
956783 50 46 0
956783 50 46 0
956841 50 46 2
956874 50 46 2
956906 50 47 0
956906 50 47 0
956972 50 47 2
957005 50 47 2
957149 50 12 0
957255 50 12 2
957739 50 1 0
957739 50 1 0
957814 50 1 2
957839 50 1 2
958287 50 46 0
958287 50 46 0
958346 50 46 2
958379 50 46 2
958411 50 47 0
958411 50 47 0
958477 50 47 2
958513 50 47 2
958657 50 12 0
958763 50 12 2
959247 50 1 0
959247 50 1 0
959321 50 1 2
959345 50 1 2
959777 50 8 0
959875 50 8 2
959891 50 46 0
959891 50 46 0
959949 50 46 2
959982 50 46 2
960014 50 47 0
960014 50 47 0
960080 50 47 2
960114 50 47 2
960258 50 12 0
960258 50 12 0
960333 50 12 2
960366 50 12 2
960850 50 1 0
960850 50 1 0
960924 50 1 2
960949 50 1 2
961397 50 46 0
961397 50 46 0
961455 50 46 2
961488 50 46 2
961520 50 47 0
961520 50 47 0
961586 50 47 2
961621 50 47 2
961765 50 12 0
961765 50 12 0
961840 50 12 2
961873 50 12 2
962357 50 1 0
962357 50 1 0
962431 50 1 2
962456 50 1 2
962904 50 46 0
962904 50 46 0
962963 50 46 2
962996 50 46 2
963028 50 47 0
963028 50 47 0
963094 50 47 2
963132 50 47 2
963276 50 12 0
963276 50 12 0
963350 50 12 2
963393 50 12 2
963877 50 1 0
963877 50 1 0
963951 50 1 2
963984 50 1 2
964432 50 46 0
964432 50 46 0
964494 50 46 2
964528 50 46 2
964560 50 47 0
964560 50 47 0
964626 50 47 2
964659 50 47 2
964803 50 12 0
964803 50 12 0
964877 50 12 2
964910 50 12 2
965394 50 1 0
965394 50 1 0
965468 50 1 2
965494 50 1 2
965942 50 46 0
965942 50 46 0
966003 50 46 2
966037 50 46 2
966069 50 47 0
966069 50 47 0
966135 50 47 2
966168 50 47 2
966312 50 12 0
966312 50 12 0
966386 50 12 2
966421 50 12 2
966905 50 1 0
966905 50 1 0
966979 50 1 2
967003 50 1 2
967451 50 46 0
967451 50 46 0
967509 50 46 2
967542 50 46 2
967574 50 47 0
967574 50 47 0
967642 50 47 2
967676 50 47 2
967820 50 12 0
967820 50 12 0
967894 50 12 2
967927 50 12 2
968411 50 1 0
968411 50 1 0
968485 50 1 2
968511 50 1 2
968959 50 46 0
968959 50 46 0
969017 50 46 2
969050 50 46 2
969082 50 47 0
969082 50 47 0
969148 50 47 2
969182 50 47 2
969326 50 12 0
969326 50 12 0
969411 50 12 2
969444 50 12 2
969928 50 1 0
969928 50 1 0
970002 50 1 2
970027 50 1 2
970475 50 46 0
970475 50 46 0
970534 50 46 2
970569 50 46 2
970601 50 47 0
970601 50 47 0
970667 50 47 2
970699 50 47 2
970843 50 12 0
970843 50 12 0
970917 50 12 2
970951 50 12 2
971435 50 1 0
971435 50 1 0
971509 50 1 2
971536 50 1 2
971968 50 9 0
972065 50 9 2
972081 50 46 0
972081 50 46 0
972139 50 46 2
972174 50 46 2
972206 50 47 0
972206 50 47 0
972272 50 47 2
972305 50 47 2
972449 50 12 0
972449 50 12 0
972525 50 12 2
972555 50 12 2
973039 50 1 0
973039 50 1 0
973113 50 1 2
973138 50 1 2
973586 50 46 0
973586 50 46 0
973644 50 46 2
973677 50 46 2
973709 50 47 0
973709 50 47 0
973775 50 47 2
973807 50 47 2
973951 50 12 0
973951 50 12 0
974025 50 12 2
974059 50 12 2
974543 50 1 0
974543 50 1 0
974619 50 1 2
974641 50 1 2
975089 50 46 0
975089 50 46 0
975147 50 46 2
975180 50 46 2
975212 50 47 0
975212 50 47 0
975279 50 47 2
975312 50 47 2
975456 50 12 0
975456 50 12 0
975531 50 12 2
975564 50 12 2
976048 50 1 0
976048 50 1 0
976122 50 1 2
976146 50 1 2
976594 50 46 0
976594 50 46 0
976652 50 46 2
976685 50 46 2
976717 50 47 0
976717 50 47 0
976785 50 47 2
976818 50 47 2
976962 50 12 0
976962 50 12 0
977036 50 12 2
977069 50 12 2
977553 50 1 0
977553 50 1 0
977627 50 1 2
977652 50 1 2
978100 50 46 0
978100 50 46 0
978158 50 46 2
978190 50 46 2
978222 50 47 0
978222 50 47 0
978289 50 47 2
978322 50 47 2
978466 50 12 0
978466 50 12 0
978541 50 12 2
978572 50 12 2
979056 50 1 0
979056 50 1 0
979130 50 1 2
979155 50 1 2
979603 50 46 0
979603 50 46 0
979662 50 46 2
979695 50 46 2
979727 50 47 0
979727 50 47 0
979794 50 47 2
979827 50 47 2
979971 50 12 0
979971 50 12 0
980045 50 12 2
980078 50 12 2
980562 50 1 0
980562 50 1 0
980647 50 1 2
980673 50 1 2
981121 50 46 0
981121 50 46 0
981179 50 46 2
981211 50 46 2
981243 50 47 0
981243 50 47 0
981309 50 47 2
981342 50 47 2
981486 50 12 0
981486 50 12 0
981561 50 12 2
981592 50 12 2
982076 50 1 0
982076 50 1 0
982150 50 1 2
982175 50 1 2
982623 50 46 0
982623 50 46 0
982682 50 3 0
982683 50 56 1
982685 50 46 2
982721 50 46 2
982753 50 47 0
982753 50 47 0
982824 50 47 2
982861 50 47 2
982862 50 3 2
982944 50 56 2
983005 50 12 0
983005 50 12 0
983079 50 12 2
983112 50 12 2
983596 50 1 0
983596 50 1 0
983671 50 1 2
983698 50 1 2
984130 50 10 0
984239 50 10 2
984255 50 46 0
984255 50 46 0
984323 50 46 2
984346 50 46 2
984378 50 47 0
984378 50 47 0
984444 50 47 2
984477 50 47 2
984621 50 12 0
984621 50 12 0
984695 50 12 2
984735 50 12 2
985219 50 1 0
985219 50 1 0
985293 50 1 2
985318 50 1 2
985766 50 46 0
985766 50 46 0
985824 50 46 2
985859 50 46 2
985891 50 47 0
985891 50 47 0
985957 50 47 2
985990 50 47 2
986134 50 12 0
986134 50 12 0
986208 50 12 2
986245 50 12 2
986729 50 1 0
986729 50 1 0
986803 50 1 2
986828 50 1 2
987276 50 46 0
987276 50 46 0
987334 50 46 2
987367 50 46 2
987399 50 47 0
987399 50 47 0
987468 50 47 2
987501 50 47 2
987645 50 12 0
987645 50 12 0
987719 50 12 2
987751 50 12 2
988235 50 1 0
988235 50 1 0
988309 50 1 2
988337 50 1 2
988785 50 46 0
988785 50 46 0
988844 50 46 2
988877 50 46 2
988909 50 47 0
988909 50 47 0
988975 50 47 2
989008 50 47 2
989152 50 12 0
989152 50 12 0
989229 50 12 2
989262 50 12 2
989746 50 1 0
989746 50 1 0
989820 50 1 2
989845 50 1 2
990293 50 46 0
990293 50 46 0
990351 50 46 2
990358 50 46 2
990390 50 47 0
990390 50 47 0
990457 50 47 2
990490 50 47 2
990634 50 12 0
990634 50 12 0
990708 50 12 2
990742 50 12 2
991226 50 1 0
991226 50 1 0
991306 50 1 2
991307 50 1 2
991755 50 46 0
991755 50 46 0
991815 50 46 2
991824 50 46 2
991856 50 47 0
991856 50 47 0
991924 50 47 2
991956 50 47 2
992100 50 12 0
992100 50 12 0
992174 50 12 2
992208 50 12 2
992692 50 1 0
992692 50 1 0
992770 50 1 2
992795 50 1 2
993243 50 46 0
993243 50 46 0
993301 50 46 2
993334 50 46 2
993366 50 47 0
993366 50 47 0
993432 50 47 2
993466 50 47 2
993610 50 12 0
993610 50 12 0
993684 50 12 2
993717 50 12 2
994201 50 1 0
994201 50 1 0
994276 50 1 2
994301 50 1 2
994749 50 46 0
994749 50 46 0
994808 50 46 2
994841 50 46 2
994873 50 47 0
994873 50 47 0
994939 50 47 2
994972 50 47 2
995116 50 12 0
995116 50 12 0
995190 50 12 2
995223 50 12 2
995707 50 1 0
995707 50 1 0
995781 50 1 2
995806 50 1 2
996238 50 11 0
996238 50 11 0
996304 50 11 2
996345 50 11 2
996361 50 46 0
996361 50 46 0
996419 50 46 2
996452 50 46 2
996484 50 47 0
996484 50 47 0
996550 50 47 2
996583 50 47 2
996727 50 12 0
996727 50 12 0
996804 50 12 2
996837 50 12 2
997321 50 1 0
997321 50 1 0
997395 50 1 2
997421 50 1 2
997869 50 46 0
997869 50 46 0
997927 50 46 2
997962 50 46 2
997994 50 47 0
997994 50 47 0
998060 50 47 2
998093 50 47 2
998237 50 12 0
998237 50 12 0
998311 50 12 2
998344 50 12 2
998828 50 1 0
998828 50 1 0
998902 50 1 2
998927 50 1 2
999375 50 46 0
999375 50 46 0
999434 50 46 2
999467 50 46 2
999499 50 47 0
999499 50 47 0
999567 50 47 2
999599 50 47 2
999743 50 12 0
999743 50 12 0
999818 50 12 2
999851 50 12 2
1000335 50 1 0
1000335 50 1 0
1000409 50 1 2
1000434 50 1 2
1000882 50 46 0
1000882 50 46 0
1000940 50 46 2
1000977 50 46 2
1001009 50 47 0
1001009 50 47 0
1001076 50 47 2
1001109 50 47 2
1001253 50 12 0
1001253 50 12 0
1001327 50 12 2
1001360 50 12 2
1001844 50 1 0
1001844 50 1 0
1001918 50 1 2
1001943 50 1 2
1002391 50 46 0
1002391 50 46 0
1002449 50 46 2
1002482 50 46 2
1002514 50 47 0
1002514 50 47 0
1002580 50 47 2
1002613 50 47 2
1002757 50 12 0
1002757 50 12 0
1002833 50 12 2
1002866 50 12 2
1003350 50 1 0
1003350 50 1 0
1003424 50 1 2
1003436 50 1 2
1003884 50 46 0
1003884 50 46 0
1003943 50 46 2
1003949 50 46 2
1003981 50 47 0
1003981 50 47 0
1004049 50 47 2
1004093 50 47 2
1004237 50 12 0
1004237 50 12 0
1004313 50 12 2
1004346 50 12 2
1004830 50 1 0
1004830 50 1 0
1004904 50 1 2
1004929 50 1 2
1005377 50 46 0
1005377 50 46 0
1005435 50 46 2
1005468 50 46 2
1005500 50 47 0
1005500 50 47 0
1005566 50 47 2
1005601 50 47 2
1005745 50 12 0
1005745 50 12 0
1005819 50 12 2
1005852 50 12 2
1006336 50 1 0
1006336 50 1 0
1006410 50 1 2
1006417 50 1 2
1006865 50 46 0
1006865 50 46 0
1006923 50 46 2
1006933 50 46 2
1006965 50 47 0
1006965 50 47 0
1007031 50 47 2
1007064 50 47 2
1007208 50 12 0
1007208 50 12 0
1007282 50 12 2
1007315 50 12 2
1007799 50 1 0
1007799 50 1 0
1007874 50 1 2
1007899 50 1 2
1008331 50 12 0
1008331 50 12 0
1008405 50 12 2
1008412 50 12 2
1008428 50 46 0
1008428 50 46 0
1008486 50 46 2
1008521 50 46 2
1008553 50 47 0
1008553 50 47 0
1008619 50 47 2
1008652 50 47 2
1008796 50 12 0
1008796 50 12 0
1008875 50 12 2
1008909 50 12 2
1009393 50 1 0
1009393 50 1 0
1009492 50 1 2
1009567 50 1 2
1009940 50 46 0
1009940 50 46 0
1010008 50 46 2
1010031 50 46 2
1010063 50 47 0
1010063 50 47 0
1010129 50 47 2
1010163 50 47 2
1010307 50 12 0
1010307 50 12 0
1010382 50 12 2
1010415 50 12 2
1010899 50 1 0
1010899 50 1 0
1010974 50 1 2
1011002 50 1 2
1011450 50 46 0
1011450 50 46 0
1011508 50 46 2
1011541 50 46 2
1011573 50 47 0
1011573 50 47 0
1011641 50 47 2
1011674 50 47 2
1011818 50 12 0
1011818 50 12 0
1011892 50 12 2
1011925 50 12 2
1012409 50 1 0
1012409 50 1 0
1012483 50 1 2
1012511 50 1 2
1012959 50 46 0
1012959 50 46 0
1013018 50 46 2
1013051 50 46 2
1013083 50 47 0
1013083 50 47 0
1013150 50 47 2
1013183 50 47 2
1013327 50 12 0
1013327 50 12 0
1013401 50 12 2
1013435 50 12 2
1013919 50 1 0
1013919 50 1 0
1013993 50 1 2
1014018 50 1 2
1014466 50 46 0
1014466 50 46 0
1014524 50 46 2
1014557 50 46 2
1014589 50 47 0
1014589 50 47 0
1014655 50 47 2
1014688 50 47 2
1014832 50 12 0
1014832 50 12 0
1014906 50 12 2
1014939 50 12 2
1015423 50 1 0
1015423 50 1 0
1015497 50 1 2
1015522 50 1 2
1015970 50 46 0
1015970 50 46 0
1016028 50 46 2
1016061 50 46 2
1016093 50 47 0
1016093 50 47 0
1016160 50 47 2
1016193 50 47 2
1016337 50 12 0
1016337 50 12 0
1016411 50 12 2
1016444 50 12 2
1016485 50 42 2
1016928 50 1 0
1017027 50 1 2
1017097 50 2 0
1017098 50 56 1
1017282 50 2 2
1017356 50 56 2
1017475 50 46 0
1017475 50 46 0
1017534 50 46 2
1017565 50 46 2
1017597 50 47 0
1017597 50 47 0
1017663 50 47 2
1017696 50 47 2
1017840 50 12 0
1017840 50 12 0
1017914 50 12 2
1017947 50 12 2
1018431 50 1 0
1018431 50 1 0
1018505 50 1 2
1018530 50 1 2
1018978 50 46 0
1018978 50 46 0
1019036 50 46 2
1019069 50 46 2
1019101 50 47 0
1019101 50 47 0
1019167 50 47 2
1019201 50 47 2
1019345 50 12 0
1019345 50 12 0
1019419 50 12 2
1019453 50 12 2
1019937 50 1 0
1019937 50 1 0
1019968 50 44 2
1020036 50 1 2
1020364 50 51 2
1020484 50 46 0
1020484 50 46 0
1020542 50 46 2
1020550 50 46 2
1020582 50 47 0
1020582 50 47 0
1020648 50 47 2
1020656 50 47 2
1020800 50 12 0
1020800 50 12 0
1020874 50 12 2
1020882 50 12 2
1021366 50 1 0
1021366 50 1 0
1021440 50 1 2
1021448 50 1 2
1021896 50 46 0
1021896 50 46 0
1021954 50 46 2
1021962 50 46 2
1021994 50 47 0
1021994 50 47 0
1022060 50 47 2
1022068 50 47 2
1022212 50 12 0
1022212 50 12 0
1022286 50 12 2
1022295 50 12 2
1022481 50 49 2
1022569 50 46 2
1022771 50 9 0
1022888 50 9 2
1023012 50 55 0
1023102 50 55 2
1023106 50 1 0
1023297 50 1 2
1023321 50 56 0
1023431 50 51 2
1023432 50 56 2
1023452 50 45 0
1023534 50 45 2
1023550 50 1 0
1023648 50 1 2
1023684 50 1 0
1023783 50 1 2
1023787 50 46 0
1023902 50 46 2
1023978 50 63 0
1024213 50 63 2
1024221 50 47 0
1024290 50 49 2
1024302 50 51 2
1024343 50 47 2
1024447 50 62 0
1024447 50 62 0
1024505 50 62 2
1024513 50 62 2
1024581 50 29 0
1024686 50 29 2
1024723 50 47 2
1024726 50 30 0
1024839 50 30 2
1024883 50 17 0
1024981 50 17 2
1025037 50 18 0
1025126 50 18 2
1025162 50 22 0
1025276 50 22 2
1025328 50 3 0
1025477 50 3 2
1025485 50 19 0
1025553 50 37 2
1025583 50 19 2
1025587 50 3 0
1025693 50 3 2
1026037 50 61 2
1026041 50 3 0
1036730 50 3 0
1036731 50 3 2
1037408 50 3 2
1037492 50 3 0
1037492 50 56 2
1044483 50 3 2
1044799 50 1 0
1044799 50 1 0
1044953 50 1 2
1045041 50 1 2
1045305 50 21 0
1045387 50 21 2
1045391 50 30 0
1045580 50 30 2
1045592 50 24 0
1045698 50 24 2
1045798 50 25 0
1045895 50 25 2
1045903 50 50 0
1045912 50 2 0
1045912 50 50 2
1045986 50 50 2
1046050 50 26 0
1046124 50 3 0
1046125 50 3 2
1046140 50 26 2
1046204 50 27 0
1046218 50 3 2
1046303 50 27 2
1046335 50 34 0
1046429 50 34 2
1046441 50 26 0
1046532 50 26 2
1046628 50 55 0
1046891 50 55 2
1046899 50 27 0
1046995 50 27 2
1047043 50 23 0
1048327 50 3 0
1048328 50 3 2
1052229 50 23 2
1052233 50 28 0
1052331 50 28 2
1052383 50 56 0
1052383 50 56 0
1052425 50 56 2
1052498 50 56 2
1052534 50 47 0
1052534 50 47 0
1052537 50 45 2
1052600 50 47 2
1052782 50 47 2
1052810 50 57 0
1052810 50 57 0
1052844 50 57 2
1052917 50 57 2
1052925 50 39 0
1053015 50 39 2
1053067 50 23 0
1056334 50 23 2
1056425 50 31 2
1056430 50 23 0
1059652 50 23 2
1059984 50 59 2
1059988 50 23 0
1060382 50 23 2
1060474 50 55 2
1060478 50 23 0
1061260 50 23 2
1062042 50 63 2
1062052 50 23 0
1064014 50 23 2
1065032 50 48 2
1065034 50 23 0
1065699 50 56 1
1065881 50 3 2
1065962 50 56 2
1074420 50 23 2
1075869 50 38 2
1075872 50 23 0
1077075 50 56 1
1077261 50 3 2
1077342 50 56 2
1078984 50 23 2
1080315 50 47 2
1080316 50 23 0
1082606 50 23 2
1083416 50 55 2
1083422 50 23 0
1085266 50 23 2
1087361 50 55 2
1087366 50 23 0
1089772 50 23 2
1090357 50 46 2
1090360 50 23 0
1093396 50 23 2
1093448 50 29 0
1093487 50 37 2
1093554 50 29 2
1093570 50 23 0
1094511 50 23 2
1094602 50 49 2
1094611 50 32 0
1094717 50 32 2
1094801 50 28 0
1094898 50 28 2
1094950 50 2 0
1095023 50 2 2
1095035 50 29 0
1095141 50 29 2
1095173 50 4 0
1095271 50 4 2
1095279 50 35 0
1095279 50 35 0
1095321 50 35 2
1095329 50 35 2
1095369 50 36 0
1095369 50 36 0
1095419 50 36 2
1095468 50 36 2
1095556 50 56 0
1095662 50 56 2
1095682 50 57 0
1095780 50 57 2
1095868 50 58 0
1095868 50 58 0
1095894 50 58 2
1095959 50 58 2
1096039 50 59 0
1096039 50 59 0
1096073 50 59 2
1096138 50 59 2
1096162 50 63 0
1096235 50 63 2
1096319 50 33 0
1096368 50 33 2
1142654 50 3 0
1142655 50 56 1
1142835 50 3 2
1142916 50 56 2
1156356 50 56 1
1156535 50 3 2
1156616 50 56 2
1172520 50 56 1
1172705 50 3 2
1172786 50 56 2
1181896 50 3 0
1181897 50 56 1
1182075 50 3 2
1182156 50 56 2
1184666 50 56 1
1184845 50 3 2
1184926 50 56 2
1217492 50 3 0
1217493 50 56 1
1217676 50 3 2
1217758 50 56 2
1263112 50 3 0
1263113 50 56 1
1263295 50 3 2
1263376 50 56 2
1266857 50 3 0
1266858 50 56 1
1267045 50 3 2
1267126 50 56 2
1300070 50 3 0
1300071 50 56 1
1300255 50 3 2
1300337 50 56 2
1341273 50 3 0
1341274 50 3 2
1365403 50 56 1
1365404 50 3 0
1365584 50 3 2
1365665 50 56 2
1369194 50 56 1
1369374 50 3 2
1369455 50 56 2
1375213 50 3 0
1375214 50 2 0
1395812 50 3 0
1395813 50 56 1
1395994 50 3 2
1396075 50 56 2
1407972 50 3 0
1407973 50 56 1
1408154 50 3 2
1408235 50 56 2
1417498 50 56 1
1417684 50 3 2
1417765 50 56 2
1844536 50 37 0
1844536 50 37 0
1845292 50 37 2
1845560 50 36 0
1845560 50 36 0
1845640 50 36 2
1845668 50 36 2
1845700 50 38 0
1845700 50 38 0
1845766 50 38 2
1845832 50 38 2
1845985 50 37 2
1845992 50 54 0
1845992 50 54 0
1846042 50 54 2
1846059 50 54 2
1846067 50 56 0
1846067 50 56 0
1846110 50 56 2
1846115 50 56 2
1846167 50 37 0
1846167 50 37 0
1846225 50 37 2
1848103 50 37 2
1848127 50 57 0
1848127 50 57 0
1848163 50 57 2
1848181 50 57 2
1848289 50 35 0
1848289 50 35 0
1848331 50 35 2
1848339 50 35 2
1849195 50 47 0
1849195 50 47 0
1849261 50 47 2
1849366 50 47 2
1849390 50 11 0
1849390 50 11 0
1849456 50 11 2
1849464 50 11 2
1849592 50 1 0
1849774 50 1 2
1849905 50 46 2
1850298 50 14 0
1850412 50 14 2
1850424 50 15 0
1850424 50 15 0
1850522 50 15 2
1850539 50 15 2
1850559 50 18 0
1850836 50 18 2
1850860 50 4 0
1850958 50 4 2
1851002 50 38 0
1851002 50 38 0
1851068 50 38 2
1851076 50 38 2
1851232 50 46 0
1851306 50 46 2
1851350 50 12 0
1851350 50 12 0
1851396 50 47 2
1851424 50 12 2
1851432 50 12 2
1851588 50 47 0
1851588 50 47 0
1851654 50 47 2
1851662 50 47 2
1851678 50 12 0
1851781 50 12 2
1851817 50 47 0
1851893 50 47 2
1852110 50 47 2
1852597 50 2 2
1852598 50 2 0
1852641 50 54 0
1852641 50 54 0
1852691 50 54 2
1852809 50 54 2
1853169 50 40 0
1853268 50 40 2
1853296 50 49 0
1853386 50 49 2
1853398 50 51 0
1853488 50 51 2
1853508 50 37 0
1853615 50 37 2
1853619 50 20 0
1853717 50 20 2
1853733 50 3 0
1853775 50 3 0
1853776 50 3 2
1854061 50 3 2
1854409 50 38 0
1854409 50 38 0
1854475 50 38 2
1854483 50 38 2
1855404 50 48 2
1855910 50 48 2
1856685 50 49 2
1857184 50 3 0
1857185 50 0 0
1857266 50 49 2
1857391 50 49 2
1863278 50 56 1
1863458 50 0 2
1863547 50 56 2
1866248 50 0 2
1867369 50 56 1
1867548 50 0 2
1867637 50 56 2
1868642 50 56 1
1868828 50 0 2
1868917 50 56 2
2821413 50 38 0
2821413 50 38 0
2823003 50 38 2
2826012 50 38 2
2827428 50 7 0
2827720 50 7 2
2828288 50 38 0
2828288 50 38 0
2828354 50 38 2
2828362 50 38 2
2830558 50 38 0
2830558 50 38 0
2830632 50 38 2
2830634 50 38 2
2832771 50 2 0
2832772 50 56 1
2832950 50 2 2
2833023 50 56 2
2837090 50 3 0
2837091 50 56 1
2837271 50 3 2
2837353 50 56 2
2866422 50 56 1
2866601 50 2 2
2866675 50 56 2
3009099 50 3 2
3009254 50 3 2
3009497 50 3 2
3798011 50 38 0
3798011 50 38 0
3801431 50 38 2
3803914 50 0 2
3804854 50 38 2
3806270 50 7 0
3808272 50 7 2
3808840 50 38 0
3808840 50 38 0
3808906 50 38 2
3808914 50 38 2
3809070 50 46 0
3809136 50 46 2
3809180 50 12 0
3809261 50 12 2
3809417 50 47 0
3809490 50 47 2
3811330 50 38 0
3811330 50 38 0
3811396 50 38 2
3811404 50 38 2
4774571 50 38 0
4774571 50 38 0
4775587 50 38 2
4776585 50 38 2
4778569 50 38 0
4778569 50 38 0
4778635 50 38 2
4778873 50 38 2
4781069 50 38 0
4781069 50 38 0
4781142 50 38 2
4782375 50 38 2
5751084 50 38 0
5751084 50 38 0
5752670 50 38 2
5753279 50 38 2
5755263 50 38 0
5755263 50 38 0
5755329 50 38 2
5755568 50 38 2
5756737 50 0 2
5757764 50 38 0
5757764 50 38 0
5757836 50 38 2
5757952 50 38 2
