0 10 51 0
3003 10 51 2
3007 10 22 0
6213 10 22 2
6225 10 1 0
7056 10 1 2
7076 10 24 0
7174 10 24 2
11735 10 56 1
11961 10 2 2
11994 10 56 2
73073 10 56 1
73291 10 2 2
73324 10 56 2
80979 10 56 1
81201 10 2 2
81234 10 56 2
83053 10 56 1
83271 10 2 2
83304 10 56 2
164255 10 56 1
164482 10 2 2
164516 10 56 2
187565 10 56 1
187792 10 2 2
187826 10 56 2
224005 10 56 1
224232 10 2 2
224266 10 56 2
247365 10 56 1
247592 10 2 2
247626 10 56 2
301767 10 56 1
301991 10 2 2
302024 10 56 2
307991 10 2 0
307992 10 56 1
308211 10 2 2
308244 10 56 2
320895 10 56 1
321121 10 2 2
321154 10 56 2
321218 10 56 1
321442 10 2 2
321476 10 56 2
366315 10 56 1
366541 10 2 2
366574 10 56 2
366638 10 56 1
366862 10 2 2
366896 10 56 2
417829 10 2 0
417830 10 56 1
418051 10 2 2
418084 10 56 2
443829 10 2 0
443830 10 56 1
444051 10 2 2
444084 10 56 2
454779 10 2 0
454780 10 56 1
455001 10 2 2
455034 10 56 2
474500 10 2 0
474501 10 56 1
474721 10 2 2
474754 10 56 2
476253 10 56 1
476471 10 2 2
476504 10 56 2
483811 10 2 0
483812 10 56 1
484031 10 2 2
484064 10 56 2
487581 10 2 0
487582 10 56 1
487801 10 2 2
487834 10 56 2
488915 10 2 0
488916 10 56 1
489151 10 2 2
489184 10 56 2
509151 10 2 0
509152 10 56 1
509371 10 2 2
509404 10 56 2
516709 10 2 0
516710 10 56 1
516931 10 2 2
516964 10 56 2
516976 10 2 0
516977 10 56 1
517201 10 2 2
517234 10 56 2
521848 10 56 1
521849 10 2 0
522071 10 2 2
522104 10 56 2
569693 10 2 0
569694 10 56 1
569921 10 2 2
569954 10 56 2
650713 10 2 0
650714 10 56 1
650941 10 2 2
650974 10 56 2
655877 10 2 0
655878 10 56 1
656101 10 2 2
656134 10 56 2
687143 10 2 0
687144 10 2 2
720680 10 56 1
720901 10 3 2
720942 10 56 2
726783 10 56 1
727001 10 3 2
727042 10 56 2
729479 10 2 0
729480 10 2 2
741499 10 3 2
741814 10 2 0
741815 10 3 0
748851 10 3 0
748852 10 56 1
749071 10 3 2
749112 10 56 2
750181 10 56 1
750401 10 3 2
750442 10 56 2
753575 10 2 0
753576 10 56 1
753802 10 2 2
753836 10 56 2
777095 10 2 0
777096 10 56 1
777322 10 2 2
777356 10 56 2
789305 10 56 1
789531 10 3 2
789572 10 56 2
795020 10 3 0
795021 10 56 1
795241 10 3 2
795282 10 56 2
804815 10 2 0
804816 10 56 1
805042 10 2 2
805076 10 56 2
828215 10 2 0
828216 10 56 1
828442 10 2 2
828476 10 56 2
830143 10 56 1
830361 10 3 2
830402 10 56 2
831299 10 3 0
831300 10 56 1
831521 10 3 2
831562 10 56 2
843805 10 56 1
844031 10 3 2
844072 10 56 2
863545 10 2 0
863546 10 56 1
863792 10 2 2
863826 10 56 2
867086 10 4 0
870027 10 4 2
870079 10 44 0
871372 10 44 2
871384 10 5 0
871489 10 5 2
871501 10 45 0
871903 10 45 2
871971 10 24 0
872114 10 30 2
872159 10 24 2
872191 10 25 0
872312 10 25 2
872320 10 26 0
872436 10 26 2
872476 10 27 0
872658 10 27 2
872678 10 33 0
872822 10 33 2
872842 10 35 0
872937 10 35 2
872945 10 41 0
873389 10 41 2
873405 10 42 0
873730 10 42 2
873762 10 1 0
873807 10 30 0
873930 10 1 2
873966 10 36 0
874068 10 36 2
874080 10 43 0
874386 10 43 2
874402 10 17 0
874462 10 17 2
874554 10 27 0
874684 10 27 2
874688 10 37 0
874808 10 37 2
874820 10 17 0
874965 10 17 2
874973 10 15 0
875075 10 15 2
875115 10 16 0
875281 10 16 2
875321 10 18 0
875414 10 30 0
875429 10 18 2
875453 10 61 0
875700 10 30 0
876115 10 30 0
876960 10 30 0
876963 10 61 2
876975 10 54 0
877165 10 54 2
877185 10 8 0
877244 10 8 2
877252 10 19 0
877381 10 19 2
877385 10 35 0
877923 10 35 2
877939 10 53 0
878071 10 53 2
878111 10 33 0
878198 10 33 2
878210 10 36 0
878298 10 36 2
878318 10 40 0
878604 10 40 2
878626 10 56 1
878628 10 37 0
878744 10 37 2
878800 10 30 0
878848 10 38 0
878851 10 46 2
878946 10 56 2
878982 10 38 2
878986 10 35 0
879305 10 35 2
879329 10 8 0
879415 10 8 2
879423 10 29 0
879480 10 30 0
879574 10 29 2
879614 10 0 0
879691 10 0 2
879703 10 38 0
879958 10 38 2
879974 10 39 0
880216 10 39 2
880220 10 39 0
880442 10 56 1
880536 10 39 2
880592 10 36 0
880661 10 49 2
880691 10 36 2
880723 10 38 0
880734 10 56 2
880859 10 38 2
880875 10 51 0
880986 10 51 2
881042 10 2 0
881299 10 56 1
881384 10 2 2
881392 10 52 0
881490 10 52 2
881521 10 28 2
881526 10 10 0
881535 10 56 1
881578 10 56 2
881811 10 10 2
881826 10 10 2
881835 10 56 2
881846 10 53 0
881955 10 53 2
881979 10 54 0
882096 10 54 2
882112 10 11 0
882210 10 56 1
882414 10 11 2
882426 10 56 0
882461 10 3 2
882502 10 56 2
882597 10 56 2
882601 10 12 0
882880 10 12 2
882888 10 57 0
883008 10 57 2
883012 10 2 0
883328 10 2 2
883380 10 37 0
883500 10 37 2
883516 10 40 0
883616 10 40 2
883672 10 58 0
883774 10 58 2
883834 10 35 0
883918 10 35 2
883922 10 50 0
884053 10 50 2
884073 10 62 0
884345 10 62 2
884373 10 38 0
884721 10 38 2
884793 10 63 0
885319 10 63 2
885359 10 12 0
885669 10 12 2
885693 10 2 0
885766 10 2 2
885790 10 13 0
886027 10 13 2
886123 10 3 0
886202 10 3 2
886242 10 23 0
886415 10 23 2
886431 10 24 0
886509 10 24 2
886617 10 45 0
886911 10 45 2
886919 10 25 0
887005 10 25 2
887033 10 26 0
887151 10 26 2
887231 10 0 0
887310 10 56 1
887330 10 0 2
887338 10 3 0
887488 10 3 2
887531 10 39 2
887532 10 4 0
887620 10 56 2
887750 10 4 2
887846 10 5 0
888107 10 5 2
888147 10 15 0
888434 10 15 2
888442 10 14 0
888759 10 14 2
888771 10 50 0
888902 10 50 2
888930 10 6 0
889271 10 6 2
889291 10 4 0
889379 10 4 2
889387 10 8 0
889455 10 8 2
889459 10 47 0
889892 10 47 2
889900 10 49 0
890011 10 49 2
890027 10 11 0
890161 10 11 2
890197 10 5 0
890352 10 5 2
890376 10 37 0
890654 10 37 2
890718 10 4 0
890951 10 4 2
890955 10 1 0
891017 10 1 2
891045 10 27 0
891130 10 27 2
891138 10 2 0
891224 10 2 2
891236 10 11 0
891315 10 11 2
891323 10 7 0
891426 10 7 2
891446 10 3 0
891561 10 3 2
891669 10 6 0
891807 10 6 2
891827 10 9 0
891909 10 9 2
892081 10 8 0
892185 10 8 2
892197 10 11 0
892311 10 11 2
892331 10 12 0
892438 10 12 2
892462 10 16 0
892749 10 16 2
892757 10 13 0
893048 10 13 2
893096 10 2 0
893169 10 2 2
893213 10 40 0
893405 10 40 2
893409 10 25 0
893507 10 25 2
893523 10 31 0
893739 10 31 2
893775 10 33 0
893877 10 33 2
893881 10 36 0
894680 10 36 2
894688 10 4 0
894869 10 4 2
894961 10 5 0
895133 10 5 2
895165 10 34 0
895297 10 34 2
895317 10 35 0
895516 10 35 2
895540 10 32 0
895681 10 32 2
895749 10 17 0
896066 10 17 2
896362 10 38 0
896362 10 38 0
896436 10 38 2
896491 10 38 2
896499 10 27 0
896596 10 27 2
896616 10 35 0
896673 10 35 2
896729 10 28 0
896873 10 28 2
896941 10 3 0
897021 10 3 2
897025 10 46 0
897115 10 46 2
897135 10 4 0
897235 10 4 2
897267 10 0 0
897348 10 0 2
897352 10 29 0
897443 10 29 2
897587 10 47 0
897684 10 47 2
897756 10 30 0
897845 10 30 2
898197 10 31 0
898295 10 31 2
898299 10 44 0
898615 10 44 2
898623 10 43 0
898941 10 43 2
899073 10 32 0
899199 10 32 2
899466 10 56 1
899523 10 33 0
899691 10 43 2
899715 10 33 2
899755 10 56 2
899763 10 33 0
900154 10 33 2
900162 10 27 0
900344 10 56 1
900397 10 27 2
900501 10 54 0
900571 10 7 2
900644 10 56 2
901392 10 3 0
901698 10 54 2
901710 10 28 0
901864 10 56 1
901904 10 28 2
901920 10 11 0
901980 10 3 0
902111 10 25 2
902161 10 56 2
902193 10 3 0
902265 10 11 2
902273 10 56 0
902380 10 56 2
902396 10 12 0
902430 10 3 0
902639 10 12 2
902674 10 3 0
902739 10 41 0
902755 10 56 1
902777 10 3 0
902830 10 41 2
902878 10 61 0
902880 10 3 0
902981 10 61 2
903078 10 56 2
903159 10 61 2
903163 10 39 0
903268 10 3 0
903373 10 3 0
903569 10 3 0
903697 10 3 0
903798 10 39 2
903810 10 7 0
903951 10 3 0
903978 10 7 2
904038 10 8 0
904135 10 3 0
904175 10 8 2
904207 10 63 0
904229 10 3 0
904412 10 3 0
904453 10 63 2
904525 10 3 0
904561 10 0 0
904802 10 0 2
904830 10 57 0
904978 10 57 2
905017 10 3 0
905046 10 58 0
905163 10 58 2
905211 10 3 0
905247 10 46 0
905324 10 3 0
905469 10 46 2
905469 10 3 0
905481 10 59 0
905577 10 3 0
905650 10 3 0
905658 10 59 2
905690 10 32 0
905772 10 32 2
905780 10 50 0
905845 10 50 2
905875 10 3 0
905921 10 60 0
906057 10 3 0
906119 10 60 2
906127 10 62 0
906165 10 3 0
906257 10 3 0
906354 10 62 2
906358 10 3 0
906401 10 3 0
906424 10 3 2
906436 10 5 0
906521 10 5 2
906549 10 17 0
906569 10 3 0
906631 10 17 2
906651 10 6 0
906756 10 3 0
906873 10 3 0
906874 10 6 2
906966 10 11 0
906971 10 3 0
907073 10 3 0
907158 10 3 0
907244 10 11 2
907252 10 10 0
907261 10 3 0
907303 10 10 2
907323 10 11 0
907454 10 3 0
907509 10 11 2
907517 10 6 0
907644 10 6 2
907680 10 36 0
907785 10 3 0
908004 10 36 2
908064 10 12 0
908094 10 3 0
908218 10 3 0
908312 10 12 2
908320 10 0 0
908445 10 3 0
908453 10 0 2
908565 10 3 0
908577 10 15 0
908680 10 3 0
908782 10 15 2
908845 10 3 0
908902 10 7 0
909031 10 3 0
909120 10 7 2
909136 10 0 0
909234 10 3 0
909339 10 0 2
909383 10 3 0
909476 10 3 0
909487 10 9 0
909565 10 9 2
909597 10 8 0
909749 10 3 0
909834 10 8 2
909857 10 3 0
909862 10 45 0
910077 10 3 0
910159 10 45 2
910267 10 14 0
910319 10 3 0
910341 10 14 2
910456 10 3 0
910620 10 3 0
910637 10 31 0
910727 10 31 2
910771 10 35 0
910981 10 3 0
911046 10 35 2
911106 10 32 0
911120 10 3 0
911189 10 32 2
911289 10 33 0
911298 10 3 0
911410 10 33 2
911411 10 3 0
911502 10 34 0
911578 10 3 0
911637 10 34 2
911669 10 1 0
911669 10 1 0
911689 10 3 0
911703 10 1 2
911710 10 1 2
911754 10 32 0
911831 10 3 0
911924 10 32 2
911932 10 35 0
912074 10 3 0
912077 10 35 2
912081 10 60 0
912213 10 3 0
912297 10 3 0
912383 10 3 0
912924 10 60 2
912940 10 61 0
913153 10 61 2
913213 10 48 0
913332 10 48 2
913372 10 49 0
913490 10 49 2
913526 10 36 0
913526 10 36 0
913586 10 36 2
913639 10 36 2
913703 10 37 0
913703 10 37 0
913769 10 37 2
913884 10 37 2
913932 10 58 0
914958 10 58 2
914970 10 31 0
915278 10 31 2
915290 10 30 0
915601 10 30 2
915609 10 59 0
915925 10 59 2
915977 10 34 0
916279 10 34 2
916319 10 0 0
916593 10 0 2
916601 10 33 0
916912 10 33 2
916928 10 60 0
917083 10 60 2
917103 10 32 0
917366 10 32 2
917442 10 61 0
917921 10 61 2
918045 10 62 0
918592 10 62 2
918680 10 12 0
918766 10 12 2
918778 10 39 0
919045 10 39 2
919057 10 13 0
919162 10 13 2
919166 10 48 0
919356 10 48 2
919368 10 59 0
919565 10 59 2
919593 10 54 0
919593 10 54 0
919683 10 54 2
919751 10 54 2
919791 10 55 0
920308 10 55 2
920325 10 9 2
920332 10 56 0
920382 10 56 1
920492 10 56 2
920520 10 57 0
920601 10 0 2
920650 10 56 2
920651 10 0 0
920683 10 57 2
920747 10 58 0
920769 10 0 0
920871 10 58 2
920872 10 0 0
920879 10 9 2
920907 10 49 0
920963 10 0 0
921005 10 49 2
921045 10 63 0
921102 10 0 0
921185 10 0 0
921189 10 9 2
921264 10 0 0
921358 10 0 0
921391 10 9 2
921447 10 63 2
921470 10 0 0
921495 10 15 0
921564 10 0 0
921604 10 15 2
921620 10 44 0
921646 10 0 0
921710 10 44 2
921730 10 45 0
921752 10 0 0
921829 10 45 2
921857 10 0 0
922038 10 0 0
922077 10 0 0
922165 10 0 0
922181 10 0 2
922256 10 0 0
922273 10 1 0
922339 10 1 2
922343 10 46 0
922449 10 46 2
922516 10 30 0
922545 10 2 0
922563 10 0 0
922618 10 2 2
922626 10 47 0
922639 10 30 0
922742 10 47 2
922754 10 41 0
922846 10 41 2
922904 10 0 0
922918 10 3 0
922985 10 3 2
922993 10 12 0
923016 10 0 0
923051 10 12 2
923149 10 0 0
923252 10 0 0
923303 10 5 0
923338 10 0 0
923535 10 5 2
923583 10 6 0
923589 10 0 0
923697 10 0 0
923704 10 6 2
923781 10 0 0
923792 10 7 0
923809 10 30 0
923895 10 0 0
923947 10 7 2
924038 10 0 0
924044 10 6 2
924055 10 8 0
924116 10 8 2
924172 10 1 0
924214 10 1 2
924271 10 0 0
924484 10 0 0
924662 10 46 0
924668 10 30 0
924768 10 46 2
924776 10 4 0
924821 10 0 0
924941 10 4 2
924965 10 47 0
925083 10 47 2
925094 10 0 0
925227 10 12 0
925280 10 0 0
925285 10 12 2
925417 10 0 0
925519 10 0 0
925609 10 0 0
925649 10 10 0
925708 10 0 0
925758 10 10 2
925878 10 1 0
925878 10 1 0
925912 10 1 2
925921 10 1 2
926109 10 5 2
926161 10 0 0
926218 10 7 2
926303 10 0 0
926369 10 46 0
926457 10 46 2
926489 10 47 0
926489 10 47 0
926502 10 0 0
926579 10 47 2
926589 10 47 2
926694 10 0 0
926733 10 12 0
926775 10 12 2
926840 10 0 0
926969 10 0 0
927041 10 0 0
927141 10 0 0
927172 10 4 2
927238 10 0 0
927259 10 1 0
927334 10 1 2
927419 10 0 0
927590 10 0 0
927782 10 46 0
927782 10 46 0
927864 10 46 2
927872 10 46 2
927877 10 30 0
927904 10 47 0
928001 10 47 2
928092 10 0 0
928145 10 12 0
928189 10 12 2
928243 10 0 0
928346 10 0 0
928453 10 0 0
928559 10 0 0
928649 10 8 2
928673 10 1 0
928673 10 1 0
928673 10 30 0
928698 10 0 0
928707 10 1 2
928716 10 1 2
928871 10 0 0
928980 10 0 0
929128 10 0 0
929164 10 46 0
929164 10 46 0
929253 10 0 0
929254 10 46 2
929255 10 2 0
929256 10 56 1
929286 10 47 0
929286 10 47 0
929326 10 46 2
929390 10 47 2
929404 10 0 0
929472 10 0 0
929479 10 47 2
929482 10 2 2
929516 10 56 2
929534 10 12 0
929534 10 12 0
929575 10 12 2
929579 10 0 0
929618 10 12 2
929702 10 0 0
930059 10 1 0
930059 10 1 0
930133 10 1 2
930150 10 1 2
930598 10 46 0
930598 10 46 0
930690 10 46 2
930722 10 47 0
930722 10 47 0
930746 10 46 2
930820 10 47 2
930902 10 47 2
930964 10 12 0
930964 10 12 0
931005 10 12 2
931048 10 12 2
931489 10 1 0
931489 10 1 0
931556 10 1 2
931563 10 1 2
931988 10 9 0
932053 10 9 2
932069 10 46 0
932069 10 46 0
932160 10 46 2
932182 10 46 2
932192 10 47 0
932192 10 47 0
932289 10 47 2
932333 10 47 2
932433 10 12 0
932433 10 12 0
932477 10 12 2
932480 10 12 2
932961 10 1 0
932961 10 1 0
932995 10 1 2
933002 10 1 2
933450 10 46 0
933450 10 46 0
933539 10 46 2
933571 10 47 0
933571 10 47 0
933612 10 46 2
933671 10 47 2
933771 10 47 2
933815 10 12 0
933815 10 12 0
933861 10 12 2
933911 10 12 2
934345 10 1 0
934345 10 1 0
934379 10 1 2
934387 10 1 2
934639 10 30 0
934835 10 46 0
934835 10 46 0
934873 10 56 1
934917 10 46 2
934926 10 46 2
934958 10 47 0
934958 10 47 0
935048 10 47 2
935061 10 47 2
935092 10 3 2
935134 10 56 2
935205 10 12 0
935205 10 12 0
935239 10 12 2
935247 10 12 2
935731 10 1 0
935731 10 1 0
935765 10 1 2
935773 10 1 2
936221 10 46 0
936221 10 46 0
936232 10 30 0
936303 10 46 2
936310 10 46 2
936342 10 47 0
936342 10 47 0
936432 10 47 2
936440 10 47 2
936584 10 12 0
936584 10 12 0
936618 10 12 2
936629 10 12 2
936841 10 30 0
937113 10 1 0
937113 10 1 0
937147 10 1 2
937154 10 1 2
937512 10 30 0
937602 10 46 0
937602 10 46 0
937684 10 46 2
937773 10 46 2
937805 10 47 0
937805 10 47 0
937896 10 47 2
937925 10 47 2
938069 10 12 0
938069 10 12 0
938103 10 12 2
938110 10 12 2
938594 10 1 0
938594 10 1 0
938628 10 1 2
938647 10 1 2
938879 10 30 0
939095 10 46 0
939095 10 46 0
939177 10 46 2
939234 10 46 2
939266 10 47 0
939266 10 47 0
939356 10 47 2
939396 10 47 2
939540 10 12 0
939540 10 12 0
939574 10 12 2
939587 10 12 2
939630 10 30 0
940071 10 1 0
940071 10 1 0
940105 10 1 2
940112 10 1 2
940460 10 30 0
940560 10 46 0
940560 10 46 0
940642 10 46 2
940712 10 46 2
940744 10 47 0
940744 10 47 0
940839 10 47 2
940856 10 47 2
941000 10 12 0
941000 10 12 0
941034 10 12 2
941042 10 12 2
941352 10 30 0
941526 10 1 0
941526 10 1 0
941560 10 1 2
941578 10 1 2
942026 10 46 0
942026 10 46 0
942108 10 46 2
942165 10 46 2
942197 10 47 0
942197 10 47 0
942289 10 47 2
942318 10 47 2
942462 10 12 0
942462 10 12 0
942496 10 12 2
942504 10 12 2
942988 10 1 0
942988 10 1 0
943022 10 1 2
943040 10 1 2
943472 10 10 0
943481 10 30 0
943554 10 10 2
943570 10 46 0
943570 10 46 0
943652 10 46 2
943659 10 46 2
943691 10 47 0
943691 10 47 0
943781 10 47 2
943792 10 47 2
943936 10 12 0
943936 10 12 0
943970 10 12 2
943979 10 12 2
944431 10 30 0
944463 10 1 0
944463 10 1 0
944497 10 1 2
944505 10 1 2
944953 10 46 0
944953 10 46 0
945036 10 46 2
945095 10 46 2
945127 10 47 0
945127 10 47 0
945217 10 47 2
945244 10 47 2
945388 10 12 0
945388 10 12 0
945422 10 12 2
945434 10 12 2
945918 10 1 0
945918 10 1 0
945952 10 1 2
945970 10 1 2
946152 10 30 0
946418 10 46 0
946418 10 46 0
946459 10 30 0
946502 10 46 2
946558 10 46 2
946590 10 47 0
946590 10 47 0
946680 10 47 2
946708 10 47 2
946852 10 12 0
946852 10 12 0
946886 10 12 2
946895 10 12 2
946912 10 30 0
947379 10 1 0
947379 10 1 0
947414 10 1 2
947430 10 1 2
947878 10 46 0
947878 10 46 0
947964 10 46 2
948026 10 46 2
948058 10 47 0
948058 10 47 0
948148 10 47 2
948175 10 47 2
948319 10 12 0
948319 10 12 0
948353 10 12 2
948364 10 12 2
948848 10 1 0
948848 10 1 0
948882 10 1 2
948900 10 1 2
949348 10 46 0
949348 10 46 0
949430 10 46 2
949439 10 46 2
949441 10 30 0
949471 10 47 0
949471 10 47 0
949561 10 47 2
949570 10 47 2
949714 10 12 0
949714 10 12 0
949748 10 12 2
949757 10 12 2
950241 10 1 0
950241 10 1 0
950276 10 1 2
950281 10 1 2
950729 10 46 0
950729 10 46 0
950817 10 46 2
950824 10 46 2
950856 10 47 0
950856 10 47 0
950946 10 47 2
950957 10 47 2
951101 10 12 0
951101 10 12 0
951135 10 12 2
951144 10 12 2
951628 10 1 0
951628 10 1 0
951662 10 1 2
951671 10 1 2
952119 10 46 0
952119 10 46 0
952201 10 46 2
952210 10 46 2
952242 10 47 0
952242 10 47 0
952333 10 47 2
952341 10 47 2
952485 10 12 0
952485 10 12 0
952521 10 12 2
952529 10 12 2
953013 10 1 0
953013 10 1 0
953047 10 1 2
953056 10 1 2
953504 10 46 0
953504 10 46 0
953586 10 46 2
953597 10 46 2
953629 10 47 0
953629 10 47 0
953719 10 47 2
953729 10 47 2
953873 10 12 0
953873 10 12 0
953907 10 12 2
953914 10 12 2
954398 10 1 0
954398 10 1 0
954434 10 1 2
954439 10 1 2
954871 10 11 0
954871 10 11 0
954897 10 11 2
954961 10 11 2
954977 10 46 0
954977 10 46 0
955059 10 46 2
955070 10 46 2
955102 10 47 0
955102 10 47 0
955192 10 47 2
955204 10 47 2
955348 10 12 0
955348 10 12 0
955383 10 12 2
955388 10 12 2
955872 10 1 0
955872 10 1 0
955906 10 1 2
955915 10 1 2
956363 10 46 0
956363 10 46 0
956415 10 30 0
956453 10 46 2
956456 10 46 2
956488 10 47 0
956488 10 47 0
956578 10 47 2
956586 10 47 2
956730 10 12 0
956730 10 12 0
956764 10 12 2
956772 10 12 2
957224 10 30 0
957256 10 1 0
957256 10 1 0
957290 10 1 2
957298 10 1 2
957746 10 46 0
957746 10 46 0
957828 10 46 2
957837 10 46 2
957869 10 47 0
957869 10 47 0
957959 10 47 2
957967 10 47 2
958111 10 12 0
958111 10 12 0
958146 10 12 2
958151 10 12 2
958635 10 1 0
958635 10 1 0
958670 10 1 2
958688 10 1 2
959094 10 2 0
959095 10 2 2
959136 10 46 0
959136 10 46 0
959218 10 46 2
959256 10 46 2
959288 10 47 0
959288 10 47 0
959378 10 47 2
959418 10 47 2
959562 10 12 0
959562 10 12 0
959596 10 12 2
959604 10 12 2
960088 10 1 0
960088 10 1 0
960122 10 1 2
960160 10 1 2
960608 10 46 0
960608 10 46 0
960690 10 46 2
960758 10 46 2
960790 10 47 0
960790 10 47 0
960880 10 47 2
960917 10 47 2
961061 10 12 0
961061 10 12 0
961096 10 12 2
961101 10 12 2
961585 10 1 0
961585 10 1 0
961619 10 1 2
961647 10 1 2
962095 10 46 0
962095 10 46 0
962178 10 46 2
962217 10 46 2
962249 10 47 0
962249 10 47 0
962342 10 47 2
962377 10 47 2
962521 10 12 0
962521 10 12 0
962555 10 12 2
962562 10 12 2
963046 10 1 0
963046 10 1 0
963084 10 1 2
963119 10 1 2
963457 10 30 0
963567 10 46 0
963567 10 46 0
963649 10 46 2
963700 10 46 2
963732 10 47 0
963732 10 47 0
963823 10 47 2
963851 10 47 2
963995 10 12 0
963995 10 12 0
964033 10 12 2
964036 10 12 2
964520 10 1 0
964520 10 1 0
964554 10 1 2
964600 10 1 2
964837 10 56 1
965048 10 46 0
965048 10 46 0
965062 10 3 2
965104 10 56 2
965130 10 46 2
965158 10 46 2
965190 10 47 0
965190 10 47 0
965280 10 47 2
965328 10 47 2
965472 10 12 0
965472 10 12 0
965506 10 12 2
965513 10 12 2
965997 10 1 0
965997 10 1 0
966031 10 1 2
966057 10 30 0
966079 10 1 2
966194 10 30 0
966511 10 12 0
966511 10 12 0
966545 10 12 2
966553 10 12 2
966569 10 46 0
966569 10 46 0
966651 10 46 2
966659 10 46 2
966691 10 47 0
966691 10 47 0
966782 10 47 2
966828 10 47 2
966972 10 12 0
966972 10 12 0
967006 10 12 2
967014 10 12 2
967498 10 1 0
967498 10 1 0
967532 10 1 2
967570 10 1 2
968018 10 46 0
968018 10 46 0
968100 10 46 2
968137 10 46 2
968169 10 47 0
968169 10 47 0
968259 10 47 2
968299 10 47 2
968443 10 12 0
968443 10 12 0
968477 10 12 2
968487 10 12 2
968606 10 2 0
968607 10 2 2
968971 10 1 0
968971 10 1 0
969006 10 1 2
969025 10 30 0
969054 10 1 2
969502 10 46 0
969502 10 46 0
969584 10 46 2
969622 10 46 2
969654 10 47 0
969654 10 47 0
969745 10 47 2
969800 10 47 2
969944 10 12 0
969944 10 12 0
969978 10 12 2
969985 10 30 0
969986 10 12 2
970470 10 1 0
970470 10 1 0
970504 10 1 2
970532 10 1 2
970980 10 46 0
970980 10 46 0
971062 10 46 2
971110 10 46 2
971142 10 47 0
971142 10 47 0
971232 10 47 2
971260 10 47 2
971404 10 12 0
971404 10 12 0
971438 10 12 2
971451 10 12 2
971935 10 1 0
971935 10 1 0
971969 10 1 2
972017 10 1 2
972162 10 30 0
972465 10 46 0
972465 10 46 0
972547 10 46 2
972584 10 46 2
972616 10 47 0
972616 10 47 0
972707 10 47 2
972732 10 47 2
972876 10 12 0
972876 10 12 0
972910 10 12 2
972917 10 12 2
973004 10 6 2
973012 10 30 0
973401 10 1 0
973401 10 1 0
973435 10 1 2
973443 10 1 2
973891 10 46 0
973891 10 46 0
973973 10 46 2
973985 10 46 2
974017 10 47 0
974017 10 47 0
974111 10 47 2
974114 10 47 2
974258 10 12 0
974258 10 12 0
974292 10 12 2
974300 10 12 2
974784 10 1 0
974784 10 1 0
974818 10 1 2
974826 10 1 2
975165 10 5 2
975274 10 46 0
975274 10 46 0
975302 10 4 2
975356 10 46 2
975367 10 46 2
975396 10 7 2
975399 10 47 0
975399 10 47 0
975494 10 47 2
975498 10 47 2
975642 10 12 0
975642 10 12 0
975676 10 12 2
975683 10 12 2
976167 10 1 0
976167 10 1 0
976201 10 1 2
976208 10 1 2
976394 10 30 0
976528 10 30 0
976642 10 30 0
976656 10 46 0
976656 10 46 0
976738 10 46 2
976746 10 46 2
976763 10 30 0
976778 10 47 0
976778 10 47 0
976868 10 47 2
976876 10 30 0
976879 10 47 2
977023 10 12 0
977023 10 12 0
977057 10 12 2
977066 10 12 2
977550 10 1 0
977550 10 1 0
977584 10 1 2
977592 10 1 2
977830 10 2 0
977832 10 2 2
978024 10 13 0
978122 10 13 2
978138 10 46 0
978138 10 46 0
978220 10 46 2
978228 10 46 2
978260 10 47 0
978260 10 47 0
978350 10 47 2
978360 10 47 2
978504 10 12 0
978504 10 12 0
978538 10 12 2
978546 10 12 2
979030 10 1 0
979030 10 1 0
979064 10 1 2
979072 10 1 2
979520 10 46 0
979520 10 46 0
979602 10 46 2
979610 10 46 2
979642 10 47 0
979642 10 47 0
979732 10 47 2
979745 10 47 2
979889 10 12 0
979889 10 12 0
979938 10 12 2
979939 10 12 2
980422 10 1 0
980422 10 1 0
980457 10 1 2
980465 10 1 2
980913 10 46 0
980913 10 46 0
980995 10 46 2
981002 10 46 2
981034 10 47 0
981034 10 47 0
981126 10 47 2
981138 10 47 2
981282 10 12 0
981282 10 12 0
981316 10 12 2
981324 10 12 2
981808 10 1 0
981808 10 1 0
981842 10 1 2
981851 10 1 2
982299 10 46 0
982299 10 46 0
982381 10 46 2
982389 10 46 2
982421 10 47 0
982421 10 47 0
982511 10 47 2
982518 10 47 2
982662 10 12 0
982662 10 12 0
982696 10 12 2
982703 10 12 2
983059 10 30 0
983187 10 1 0
983187 10 1 0
983221 10 1 2
983228 10 1 2
983676 10 46 0
983676 10 46 0
983758 10 46 2
983770 10 46 2
983802 10 47 0
983802 10 47 0
983892 10 47 2
983900 10 47 2
984044 10 12 0
984044 10 12 0
984078 10 12 2
984086 10 12 2
984159 10 30 0
984394 10 2 0
984395 10 56 1
984416 10 30 0
984570 10 1 0
984570 10 1 0
984609 10 1 2
984612 10 1 2
984622 10 2 2
984656 10 56 2
985060 10 46 0
985060 10 46 0
985142 10 46 2
985150 10 46 2
985182 10 47 0
985182 10 47 0
985272 10 47 2
985280 10 47 2
985424 10 12 0
985424 10 12 0
985458 10 12 2
985466 10 12 2
985950 10 1 0
985950 10 1 0
985984 10 1 2
985992 10 1 2
986440 10 46 0
986440 10 46 0
986522 10 46 2
986530 10 46 2
986562 10 47 0
986562 10 47 0
986652 10 47 2
986659 10 47 2
986803 10 12 0
986803 10 12 0
986842 10 12 2
986844 10 12 2
986889 10 30 0
987328 10 1 0
987328 10 1 0
987363 10 1 2
987375 10 1 2
987823 10 46 0
987823 10 46 0
987905 10 46 2
987917 10 46 2
987949 10 47 0
987949 10 47 0
988039 10 47 2
988047 10 47 2
988191 10 12 0
988191 10 12 0
988231 10 12 2
988233 10 12 2
988281 10 30 0
988478 10 30 0
988717 10 1 0
988717 10 1 0
988751 10 1 2
988759 10 1 2
989115 10 30 0
989191 10 14 0
989215 10 30 0
989314 10 14 2
989323 10 30 0
989330 10 46 0
989330 10 46 0
989413 10 46 2
989419 10 46 2
989451 10 47 0
989451 10 47 0
989541 10 47 2
989553 10 47 2
989661 10 30 0
989697 10 12 0
989697 10 12 0
989731 10 12 2
989742 10 12 2
990226 10 1 0
990226 10 1 0
990260 10 1 2
990268 10 1 2
990716 10 46 0
990716 10 46 0
990800 10 46 2
990809 10 46 2
990841 10 47 0
990841 10 47 0
990931 10 47 2
991011 10 47 2
991155 10 12 0
991155 10 12 0
991189 10 12 2
991197 10 12 2
991225 10 30 0
991681 10 1 0
991681 10 1 0
991715 10 1 2
991730 10 1 2
992178 10 46 0
992178 10 46 0
992227 10 2 0
992228 10 56 1
992261 10 46 2
992267 10 46 2
992299 10 47 0
992299 10 47 0
992389 10 47 2
992398 10 47 2
992452 10 2 2
992486 10 56 2
992542 10 12 0
992542 10 12 0
992577 10 12 2
992585 10 12 2
993069 10 1 0
993069 10 1 0
993103 10 1 2
993110 10 1 2
993558 10 46 0
993558 10 46 0
993642 10 46 2
993651 10 46 2
993683 10 47 0
993683 10 47 0
993773 10 47 2
993781 10 47 2
993925 10 12 0
993925 10 12 0
993959 10 12 2
993967 10 12 2
994451 10 1 0
994451 10 1 0
994485 10 1 2
994492 10 1 2
994940 10 46 0
994940 10 46 0
995022 10 46 2
995033 10 46 2
995065 10 47 0
995065 10 47 0
995155 10 47 2
995162 10 47 2
995256 10 30 0
995306 10 12 0
995306 10 12 0
995340 10 12 2
995350 10 12 2
995834 10 1 0
995834 10 1 0
995868 10 1 2
995878 10 1 2
996326 10 46 0
996326 10 46 0
996409 10 46 2
996418 10 46 2
996450 10 47 0
996450 10 47 0
996540 10 47 2
996552 10 47 2
996696 10 12 0
996696 10 12 0
996730 10 12 2
996737 10 12 2
997221 10 1 0
997221 10 1 0
997255 10 1 2
997263 10 1 2
997711 10 46 0
997711 10 46 0
997794 10 46 2
997802 10 46 2
997834 10 47 0
997834 10 47 0
997924 10 47 2
997934 10 47 2
998078 10 12 0
998078 10 12 0
998112 10 12 2
998120 10 12 2
998349 10 30 0
998465 10 30 0
998561 10 30 0
998604 10 1 0
998604 10 1 0
998638 10 1 2
998646 10 1 2
998669 10 30 0
999094 10 46 0
999094 10 46 0
999177 10 46 2
999184 10 46 2
999216 10 47 0
999216 10 47 0
999306 10 47 2
999316 10 47 2
999460 10 12 0
999460 10 12 0
999494 10 12 2
999502 10 12 2
999741 10 30 0
999890 10 1 0
999890 10 1 0
999927 10 1 2
999935 10 1 2
1000367 10 7 0
1000448 10 7 2
1000464 10 46 0
1000464 10 46 0
1000546 10 46 2
1000559 10 46 2
1000591 10 47 0
1000591 10 47 0
1000681 10 47 2
1000689 10 47 2
1000833 10 12 0
1000833 10 12 0
1000867 10 12 2
1000875 10 12 2
1001359 10 1 0
1001359 10 1 0
1001393 10 1 2
1001400 10 1 2
1001848 10 46 0
1001848 10 46 0
1001931 10 46 2
1001941 10 46 2
1001973 10 47 0
1001973 10 47 0
1002063 10 47 2
1002071 10 47 2
1002215 10 12 0
1002215 10 12 0
1002251 10 12 2
1002259 10 12 2
1002743 10 1 0
1002743 10 1 0
1002778 10 1 2
1002788 10 1 2
1002905 10 30 0
1003236 10 46 0
1003236 10 46 0
1003318 10 46 2
1003326 10 46 2
1003358 10 47 0
1003358 10 47 0
1003455 10 47 2
1003459 10 47 2
1003603 10 5 0
1003676 10 5 2
1003684 10 61 0
1003815 10 61 2
1003823 10 29 0
1004116 10 29 2
1004132 10 62 0
1004132 10 62 0
1004230 10 62 2
1004263 10 62 2
1004539 10 63 0
1004539 10 63 0
1004645 10 63 2
1004682 10 63 2
1005106 10 12 0
1005106 10 12 0
1005140 10 12 2
1005182 10 12 2
1005298 10 6 2
1005622 10 11 0
1005689 10 11 2
1005901 10 1 0
1005901 10 1 0
1005935 10 1 2
1005960 10 1 2
1006408 10 46 0
1006408 10 46 0
1006491 10 46 2
1006499 10 46 2
1006531 10 47 0
1006531 10 47 0
1006621 10 47 2
1006633 10 47 2
1007509 10 12 0
1007509 10 12 0
1007548 10 12 2
1007591 10 12 2
1007688 10 6 2
1008022 10 3 0
1008023 10 56 1
1008105 10 30 0
1008241 10 3 2
1008243 10 1 0
1008243 10 1 0
1008248 10 30 0
1008278 10 1 2
1008283 10 56 2
1008285 10 1 2
1008733 10 46 0
1008733 10 46 0
1008815 10 46 2
1008827 10 46 2
1008859 10 47 0
1008859 10 47 0
1008949 10 47 2
1008959 10 47 2
1009103 10 12 0
1009103 10 12 0
1009138 10 12 2
1009146 10 12 2
1009630 10 1 0
1009630 10 1 0
1009664 10 1 2
1009673 10 1 2
1010121 10 46 0
1010121 10 46 0
1010204 10 46 2
1010215 10 46 2
1010247 10 47 0
1010247 10 47 0
1010337 10 47 2
1010344 10 47 2
1010488 10 12 0
1010488 10 12 0
1010522 10 12 2
1010530 10 12 2
1011014 10 1 0
1011014 10 1 0
1011050 10 1 2
1011059 10 1 2
1011507 10 46 0
1011507 10 46 0
1011589 10 46 2
1011596 10 46 2
1011628 10 47 0
1011628 10 47 0
1011631 10 4 2
1011718 10 47 2
1011727 10 47 2
1011834 10 6 2
1011871 10 12 0
1011912 10 12 2
1012044 10 1 0
1012126 10 1 2
1012446 10 6 2
1012478 10 1 0
1012478 10 1 0
1012512 10 1 2
1012519 10 1 2
1012566 10 6 2
1012967 10 46 0
1012967 10 46 0
1013049 10 46 2
1013057 10 46 2
1013089 10 47 0
1013089 10 47 0
1013120 10 5 2
1013179 10 47 2
1013192 10 47 2
1013336 10 12 0
1013378 10 12 2
1013862 10 1 0
1013903 10 1 2
1014351 10 46 0
1014351 10 46 0
1014433 10 46 2
1014441 10 46 2
1014473 10 47 0
1014473 10 47 0
1014565 10 47 2
1014576 10 47 2
1014720 10 12 0
1014720 10 12 0
1014754 10 12 2
1014765 10 12 2
1015249 10 1 0
1015317 10 1 2
1015765 10 46 0
1015765 10 46 0
1015847 10 46 2
1015858 10 46 2
1015890 10 47 0
1015890 10 47 0
1015980 10 47 2
1015989 10 47 2
1016133 10 12 0
1016133 10 12 0
1016167 10 12 2
1016179 10 12 2
1016546 10 7 2
1016655 10 9 0
1016753 10 9 2
1016877 10 55 0
1016993 10 55 2
1016997 10 1 0
1017085 10 1 2
1017109 10 56 0
1017239 10 56 2
1017259 10 45 0
1017357 10 45 2
1017413 10 46 0
1017589 10 46 2
1017665 10 63 0
1018103 10 63 2
1018111 10 47 0
1018226 10 47 2
1018330 10 62 0
1018330 10 62 0
1018428 10 62 2
1018436 10 62 2
1018504 10 29 0
1018587 10 29 2
1018627 10 30 0
1018721 10 30 2
1018765 10 17 0
1018830 10 17 2
1018886 10 18 0
1018944 10 18 2
1018980 10 22 0
1019061 10 22 2
1019113 10 3 0
1019787 10 56 1
1020011 10 3 2
1020053 10 56 2
1021870 10 8 2
1026207 10 3 2
1026215 10 19 0
1026263 10 46 2
1026305 10 19 2
1026309 10 3 0
1027823 10 3 2
1028516 10 32 2
1028519 10 3 0
1030059 10 3 2
1030094 10 33 2
1030375 10 1 0
1030416 10 1 2
1030680 10 21 0
1030737 10 21 2
1030741 10 30 0
1030831 10 30 2
1030843 10 24 0
1030925 10 24 2
1031025 10 25 0
1031098 10 25 2
1031106 10 10 0
1031115 10 2 0
1031115 10 10 2
1031149 10 10 2
1031213 10 26 0
1031282 10 26 2
1031346 10 27 0
1031411 10 27 2
1031443 10 34 0
1031517 10 34 2
1031529 10 26 0
1031596 10 26 2
1031692 10 55 0
1031814 10 55 2
1031822 10 27 0
1031888 10 27 2
1031936 10 23 0
1032025 10 23 2
1032029 10 28 0
1032108 10 28 2
1032160 10 56 0
1032160 10 56 0
1032242 10 56 2
1032264 10 8 2
1032279 10 56 2
1032315 10 6 0
1032647 10 6 2
1032675 10 57 0
1032675 10 57 0
1032749 10 57 2
1032782 10 57 2
1032790 10 34 0
1032864 10 34 2
1032916 10 23 0
1033007 10 23 2
1033083 10 5 2
1033091 10 23 0
1033201 10 23 2
1033253 10 29 0
1033335 10 29 2
1033451 10 32 0
1033541 10 32 2
1033555 10 11 2
1033625 10 28 0
1033699 10 28 2
1033751 10 2 0
1033784 10 2 2
1033796 10 29 0
1033877 10 29 2
1033909 10 4 0
1033967 10 4 2
1033975 10 35 0
1033975 10 35 0
1034025 10 35 2
1034050 10 35 2
1034090 10 36 0
1034090 10 36 0
1034148 10 36 2
1034180 10 36 2
1034268 10 56 0
1034374 10 56 2
1034394 10 57 0
1034492 10 57 2
1034580 10 58 0
1034580 10 58 0
1034646 10 58 2
1034671 10 58 2
1034751 10 59 0
1034751 10 59 0
1034825 10 59 2
1034850 10 59 2
1034874 10 63 0
1034987 10 63 2
1035071 10 33 0
1035128 10 33 2
1035164 10 3 0
1038150 10 3 2
1040737 10 51 2
1040742 10 3 0
1041533 10 3 2
1044969 10 56 1
1045191 10 34 2
1045240 10 56 2
1047959 10 56 1
1048181 10 52 2
1048262 10 56 2
1048858 10 56 1
1049081 10 16 2
1049130 10 56 2
1056897 10 56 1
1057121 10 3 2
1057162 10 56 2
1070169 10 3 0
1070170 10 56 1
1070391 10 3 2
1070432 10 56 2
1090093 10 3 0
1090094 10 56 1
1090321 10 3 2
1090362 10 56 2
1106136 10 3 0
1106137 10 3 2
1114036 10 3 0
1114037 10 56 1
1114255 10 3 2
1114296 10 56 2
1147218 10 56 1
1147445 10 3 2
1147486 10 56 2
1183051 10 56 1
1183052 10 3 0
1183275 10 3 2
1183316 10 56 2
1191488 10 3 0
1191489 10 56 1
1191735 10 3 2
1191776 10 56 2
1194760 10 3 0
1194761 10 56 1
1194985 10 3 2
1195026 10 56 2
1199792 10 3 0
1199793 10 56 1
1200016 10 3 2
1200058 10 56 2
1242271 10 3 0
1242272 10 56 1
1242495 10 3 2
1242536 10 56 2
1271188 10 3 0
1271189 10 56 1
1271415 10 3 2
1271456 10 56 2
1297520 10 3 0
1297521 10 3 2
1320498 10 3 0
1320499 10 56 1
1320724 10 3 2
1320765 10 56 2
1329222 10 3 0
1329223 10 56 1
1329444 10 3 2
1329485 10 56 2
1365994 10 56 1
1366214 10 3 2
1366255 10 56 2
1374881 10 3 0
1374882 10 56 1
1375104 10 3 2
1375145 10 56 2
1377331 10 3 0
1377332 10 56 1
1377554 10 3 2
1377595 10 56 2
1381456 10 3 0
1381457 10 56 1
1381684 10 3 2
1381725 10 56 2
1389949 10 3 0
1389950 10 3 2
1414968 10 3 0
1414969 10 3 2
1427803 10 3 0
1427804 10 0 0
1435103 10 3 2
1455346 10 30 0
1522381 10 56 1
1522606 10 3 2
1522647 10 56 2
1844581 10 37 0
1844581 10 37 0
1845871 10 37 2
1846738 10 37 2
1847006 10 36 0
1847006 10 36 0
1847074 10 36 2
1847093 10 36 2
1847125 10 38 0
1847125 10 38 0
1847199 10 38 2
1849869 10 38 2
1850029 10 54 0
1850029 10 54 0
1850119 10 54 2
1850146 10 54 2
1850154 10 56 0
1850154 10 56 0
1850236 10 56 2
1850244 10 56 2
1850296 10 37 0
1850296 10 37 0
1850362 10 37 2
1850390 10 37 2
1850414 10 57 0
1850414 10 57 0
1850528 10 57 2
1851266 10 57 2
1851374 10 35 0
1851374 10 35 0
1851424 10 35 2
1851432 10 35 2
1852288 10 47 0
1852288 10 47 0
1852378 10 47 2
1852995 10 47 2
1853019 10 11 0
1853019 10 11 0
1853045 10 11 2
1853083 10 11 2
1853131 10 8 2
1853211 10 1 0
1853226 10 9 2
1853585 10 8 2
1853713 10 9 2
1853744 10 8 2
1853864 10 9 2
1854651 10 1 2
1854654 10 6 2
1855089 10 6 2
1855175 10 14 0
1855250 10 14 2
1855262 10 15 0
1855262 10 15 0
1855330 10 15 2
1855393 10 15 2
1855413 10 18 0
1855630 10 3 0
1855631 10 3 2
1855674 10 18 2
1855698 10 4 0
1855796 10 4 2
1855840 10 38 0
1855840 10 38 0
1855914 10 38 2
1855922 10 38 2
1856078 10 46 0
1856174 10 46 2
1856218 10 12 0
1856259 10 12 2
1856415 10 47 0
1856512 10 47 2
1856525 10 7 2
1856528 10 12 0
1856582 10 12 2
1856618 10 47 0
1856719 10 47 2
1857052 10 7 2
1857219 10 7 2
1857467 10 54 0
1857467 10 54 0
1857557 10 54 2
1857565 10 54 2
1857925 10 40 0
1858028 10 40 2
1858056 10 49 0
1858406 10 49 2
1858418 10 51 0
1858518 10 51 2
1858538 10 37 0
1858678 10 37 2
1858682 10 20 0
1858778 10 20 2
1858794 10 3 0
1859161 10 3 2
1859509 10 38 0
1859509 10 38 0
1859583 10 38 2
1859591 10 38 2
1866243 10 0 2
2821409 10 38 0
2821409 10 38 0
2823935 10 38 2
2826996 10 38 2
2828412 10 7 0
2828696 10 7 2
2829264 10 38 0
2829264 10 38 0
2829342 10 38 2
2829348 10 38 2
2831544 10 38 0
2831544 10 38 0
2831618 10 38 2
2831626 10 38 2
2858910 10 3 0
2858911 10 56 1
2859131 10 3 2
2859173 10 56 2
2859292 10 56 1
2859510 10 2 2
2859543 10 56 2
2887692 10 2 0
2887693 10 56 1
2887921 10 2 2
2887955 10 56 2
2950561 10 3 2
2950708 10 3 2
2950911 10 3 2
2972006 10 2 0
2972007 10 0 0
3000926 10 30 0
3797969 10 38 0
3797969 10 38 0
3798426 10 38 2
3799740 10 38 2
3800410 10 38 0
3800410 10 38 0
3800484 10 38 2
3802181 10 38 2
3802337 10 46 0
3802427 10 46 2
3802471 10 12 0
3802512 10 12 2
3802668 10 47 0
3802765 10 47 2
3803862 10 0 2
3804605 10 38 0
3804605 10 38 0
3804687 10 38 2
3806709 10 38 2
4774527 10 38 0
4774527 10 38 0
4775154 10 38 2
4775565 10 38 2
4776981 10 7 0
4777087 10 7 2
4777655 10 38 0
4777655 10 38 0
4777729 10 38 2
4778596 10 38 2
4780792 10 38 0
4780792 10 38 0
4780874 10 38 2
4781266 10 38 2
5751089 10 38 0
5751089 10 38 0
5751883 10 38 2
5753144 10 38 2
5755128 10 38 0
5755128 10 38 0
5755202 10 38 2
5755330 10 38 2
5756738 10 0 2
5757526 10 38 0
5757526 10 38 0
5757608 10 38 2
5759600 10 38 2
