0 54 51 0
1170 54 51 2
1174 54 22 0
1475 54 22 2
1487 54 1 0
1883 54 1 2
1903 54 24 0
2068 54 24 2
8654 54 56 1
8867 54 2 2
8972 54 56 2
28289 54 56 1
28507 54 2 2
28612 54 56 2
32023 54 56 1
32238 54 2 2
32344 54 56 2
33929 54 56 1
34147 54 2 2
34252 54 56 2
77937 54 56 1
78147 54 2 2
78252 54 56 2
92109 54 56 1
92327 54 2 2
92432 54 56 2
95123 54 56 1
95337 54 0 2
95458 54 56 2
95787 54 56 1
95997 54 0 2
96118 54 56 2
96469 54 56 1
96687 54 0 2
96808 54 56 2
96966 54 56 1
97177 54 2 2
97282 54 56 2
128066 54 56 1
128277 54 2 2
128382 54 56 2
135321 54 2 0
135322 54 56 1
135537 54 2 2
135642 54 56 2
148309 54 2 0
148310 54 56 1
148527 54 2 2
148632 54 56 2
180363 54 56 1
180578 54 2 2
180684 54 56 2
203653 54 2 0
203654 54 56 1
203868 54 2 2
203974 54 56 2
209179 54 56 1
209397 54 2 2
209502 54 56 2
240163 54 56 1
240378 54 2 2
240484 54 56 2
263563 54 56 1
263778 54 2 2
263884 54 56 2
272879 54 2 0
272880 54 2 2
283272 54 2 0
283273 54 2 2
294237 54 56 1
294447 54 2 2
294552 54 56 2
352173 54 56 1
352387 54 2 2
352492 54 56 2
352556 54 2 0
352557 54 56 1
352768 54 2 2
352874 54 56 2
397783 54 2 0
397784 54 56 1
397997 54 2 2
398102 54 56 2
398166 54 2 0
398167 54 56 1
398378 54 2 2
398484 54 56 2
444144 54 2 0
444145 54 2 2
445351 54 2 0
445352 54 56 1
445567 54 2 2
445672 54 56 2
463279 54 2 0
463280 54 2 2
481101 54 2 0
481102 54 2 2
492634 54 2 0
492635 54 2 2
497833 54 2 0
497834 54 56 1
498047 54 2 2
498152 54 56 2
499015 54 2 0
499016 54 56 1
499228 54 2 2
499334 54 56 2
528877 54 2 0
528878 54 56 1
529097 54 2 2
529202 54 56 2
665299 54 2 0
665300 54 56 1
665517 54 2 2
665622 54 56 2
676745 54 56 1
676746 54 2 0
676957 54 2 2
677062 54 56 2
694144 54 56 1
694357 54 2 2
694462 54 56 2
698177 54 2 0
698178 54 56 1
698397 54 2 2
698502 54 56 2
711855 54 2 0
711856 54 56 1
712067 54 2 2
712172 54 56 2
724907 54 2 0
724908 54 2 2
733014 54 2 0
733015 54 2 2
733946 54 2 0
733947 54 2 2
739896 54 2 0
740843 54 2 0
740844 54 2 2
744317 54 2 0
746190 54 2 0
746191 54 2 2
747094 54 56 1
747307 54 3 2
747404 54 56 2
760134 54 56 1
760348 54 3 2
760446 54 56 2
769773 54 2 0
769774 54 56 1
769988 54 2 2
770094 54 56 2
773411 54 2 0
791513 54 56 1
791727 54 3 2
791824 54 56 2
793333 54 2 0
793334 54 56 1
793548 54 2 2
793654 54 56 2
797702 54 2 0
797703 54 2 2
821013 54 56 1
821228 54 2 2
821334 54 56 2
837483 54 56 1
837697 54 3 2
837794 54 56 2
844463 54 2 0
844464 54 56 1
844678 54 2 2
844784 54 56 2
848900 54 56 1
849117 54 3 2
849214 54 56 2
850860 54 2 0
850861 54 2 2
867086 54 4 0
869204 54 56 1
869404 54 4 2
869417 54 0 2
869456 54 44 0
869538 54 56 2
870031 54 0 0
870596 54 44 2
870608 54 5 0
870655 54 0 0
870808 54 5 2
870820 54 45 0
871082 54 45 2
871150 54 24 0
871230 54 0 0
871379 54 0 0
871380 54 24 2
871412 54 25 0
871513 54 0 0
871545 54 25 2
871553 54 26 0
871666 54 26 2
871670 54 0 0
871706 54 27 0
871801 54 0 0
871866 54 27 2
871886 54 33 0
871950 54 0 0
872027 54 33 2
872047 54 35 0
872091 54 0 0
872180 54 35 2
872188 54 41 0
872237 54 0 0
872301 54 2 0
872380 54 0 0
872511 54 0 0
872514 54 41 2
872530 54 42 0
872658 54 0 0
872783 54 42 2
872813 54 0 0
872815 54 1 0
872952 54 0 0
872987 54 1 2
873023 54 36 0
873101 54 0 0
873181 54 36 2
873193 54 43 0
873233 54 0 0
873398 54 0 0
873492 54 43 2
873508 54 17 0
873530 54 0 0
873609 54 17 2
873661 54 0 0
873701 54 27 0
873805 54 0 0
873807 54 27 2
873811 54 37 0
873948 54 0 0
873966 54 37 2
873978 54 17 0
874083 54 0 0
874117 54 17 2
874125 54 15 0
874225 54 0 0
874308 54 15 2
874348 54 16 0
874368 54 0 0
874485 54 16 2
874515 54 0 0
874525 54 18 0
874640 54 18 2
874664 54 61 0
874670 54 0 0
874731 54 3 0
874732 54 56 1
874832 54 0 0
874906 54 61 2
874918 54 54 0
874947 54 3 2
874966 54 0 0
875047 54 56 2
875052 54 3 0
875107 54 0 0
875165 54 3 0
875252 54 54 2
875270 54 0 0
875272 54 13 0
875362 54 13 2
875370 54 19 0
875417 54 0 0
875557 54 19 2
875561 54 35 0
875571 54 0 0
875707 54 0 0
875766 54 3 0
875838 54 35 2
875840 54 0 0
875854 54 53 0
875983 54 0 0
876076 54 53 2
876116 54 33 0
876120 54 0 0
876134 54 3 0
876256 54 33 2
876260 54 2 0
876261 54 3 0
876263 54 0 0
876268 54 36 0
876373 54 36 2
876389 54 3 0
876393 54 40 0
876402 54 0 0
876514 54 3 0
876536 54 0 0
876676 54 0 0
876684 54 40 2
876708 54 37 0
876723 54 3 0
876810 54 0 0
876835 54 3 0
876879 54 37 2
876944 54 3 0
876947 54 0 0
876983 54 38 0
877061 54 3 0
877080 54 0 0
877149 54 38 2
877153 54 15 0
877179 54 3 0
877220 54 0 0
877354 54 0 0
877360 54 3 0
877448 54 15 2
877472 54 8 0
877495 54 0 0
877601 54 8 2
877609 54 29 0
877641 54 0 0
877701 54 3 0
877740 54 29 2
877780 54 0 0
877785 54 0 0
877839 54 3 0
877919 54 0 2
877922 54 0 0
877931 54 38 0
877991 54 3 0
878053 54 0 0
878086 54 38 2
878102 54 39 0
878108 54 3 0
878202 54 0 0
878218 54 3 0
878263 54 39 2
878267 54 39 0
878334 54 3 0
878348 54 0 0
878463 54 3 0
878486 54 0 0
878506 54 39 2
878562 54 36 0
878570 54 3 0
878623 54 0 0
878684 54 3 0
878729 54 36 2
878761 54 38 0
878770 54 0 0
878793 54 3 0
878905 54 38 2
878908 54 0 0
878911 54 3 0
878921 54 51 0
879040 54 0 0
879051 54 51 2
879073 54 3 0
879107 54 21 0
879191 54 0 0
879324 54 0 0
879359 54 21 2
879367 54 52 0
879382 54 3 0
879459 54 0 0
879494 54 52 2
879511 54 3 0
879530 54 29 0
879595 54 0 0
879692 54 3 0
879727 54 0 0
879790 54 29 2
879810 54 53 0
879874 54 3 0
879945 54 53 2
879969 54 54 0
879998 54 3 0
880096 54 54 2
880112 54 11 0
880159 54 3 0
880360 54 3 0
880475 54 11 2
880487 54 56 0
880522 54 3 0
880624 54 56 2
880628 54 12 0
880644 54 3 0
880764 54 3 0
880935 54 3 0
880968 54 12 2
880976 54 57 0
881077 54 3 0
881106 54 57 2
881110 54 2 0
881207 54 3 0
881351 54 3 0
881516 54 56 1
881524 54 3 0
881532 54 2 2
881584 54 37 0
881650 54 3 0
881690 54 37 2
881706 54 40 0
881747 54 29 2
881759 54 3 0
881804 54 56 2
881838 54 40 2
881869 54 3 0
881890 54 56 1
881894 54 58 0
882016 54 58 2
882024 54 3 0
882076 54 35 0
882107 54 19 2
882147 54 3 0
882181 54 35 2
882185 54 50 0
882188 54 56 2
882304 54 50 2
882324 54 62 0
882324 54 3 0
882438 54 62 2
882448 54 3 0
882466 54 38 0
882576 54 3 0
882732 54 3 0
882751 54 38 2
882823 54 63 0
882861 54 3 0
882983 54 3 0
883152 54 63 2
883192 54 12 0
883211 54 3 0
883331 54 3 0
883569 54 3 0
883600 54 12 2
883624 54 2 0
883707 54 3 0
883779 54 2 2
883803 54 13 0
883901 54 3 0
884040 54 3 0
884061 54 13 2
884157 54 3 0
884172 54 3 0
884290 54 3 2
884330 54 23 0
884350 54 3 0
884468 54 23 2
884484 54 24 0
884552 54 3 0
884629 54 24 2
884661 54 3 0
884737 54 25 0
884896 54 3 0
885032 54 3 0
885054 54 25 2
885062 54 25 0
885199 54 25 2
885227 54 26 0
885358 54 26 2
885438 54 0 0
885579 54 0 2
885587 54 3 0
885809 54 3 2
885853 54 4 0
885997 54 4 2
886093 54 5 0
886223 54 5 2
886263 54 15 0
886538 54 15 2
886546 54 14 0
886862 54 14 2
886874 54 50 0
887059 54 50 2
887087 54 6 0
887241 54 6 2
887261 54 4 0
887433 54 4 2
887441 54 8 0
887572 54 8 2
887576 54 47 0
889224 54 47 2
889232 54 49 0
889406 54 49 2
889422 54 11 0
889635 54 11 2
889671 54 5 0
889813 54 5 2
889837 54 37 0
890093 54 37 2
890157 54 4 0
890328 54 4 2
890332 54 1 0
890448 54 1 2
890476 54 27 0
890590 54 27 2
890598 54 2 0
890711 54 2 2
890723 54 11 0
890837 54 11 2
890845 54 7 0
890926 54 7 2
890946 54 3 0
891109 54 3 2
891217 54 6 0
891350 54 6 2
891370 54 9 0
891511 54 9 2
891683 54 8 0
891823 54 8 2
891835 54 11 0
891983 54 11 2
892003 54 12 0
892138 54 12 2
892162 54 16 0
892447 54 16 2
892455 54 13 0
892615 54 13 2
892663 54 2 0
892806 54 2 2
892850 54 40 0
892988 54 40 2
892992 54 25 0
893213 54 25 2
893229 54 31 0
894705 54 31 2
894741 54 33 0
894873 54 33 2
894877 54 36 0
895078 54 36 2
895086 54 4 0
895319 54 4 2
895411 54 5 0
895561 54 5 2
895593 54 34 0
895739 54 34 2
895759 54 35 0
895947 54 35 2
895971 54 32 0
896103 54 32 2
896171 54 17 0
896494 54 17 2
896690 54 0 0
896790 54 38 0
896790 54 38 0
896825 54 38 2
896833 54 0 0
896916 54 38 2
896924 54 27 0
896972 54 0 0
897041 54 27 2
897061 54 35 0
897108 54 0 0
897129 54 35 2
897185 54 28 0
897263 54 0 0
897298 54 28 2
897366 54 3 0
897395 54 0 0
897463 54 3 2
897467 54 46 0
897501 54 46 2
897521 54 4 0
897536 54 0 0
897682 54 0 0
897715 54 4 2
897747 54 0 0
897816 54 0 0
897879 54 0 2
897883 54 29 0
897949 54 0 0
898004 54 29 2
898091 54 0 0
898148 54 47 0
898189 54 47 2
898224 54 0 0
898261 54 30 0
898287 54 2 0
898370 54 3 0
898391 54 0 0
898455 54 30 2
898538 54 0 0
898679 54 0 0
898807 54 31 0
898814 54 0 0
898959 54 31 2
898963 54 44 0
898974 54 0 0
899110 54 0 0
899241 54 0 0
899312 54 44 2
899320 54 43 0
899382 54 0 0
899519 54 0 0
899587 54 43 2
899666 54 0 0
899719 54 32 0
899799 54 0 0
899864 54 32 2
899945 54 0 0
900124 54 0 0
900188 54 33 0
900269 54 0 0
900319 54 33 2
900367 54 33 0
900409 54 0 0
900594 54 0 0
900730 54 33 2
900738 54 27 0
900760 54 0 0
900896 54 0 0
901026 54 0 0
901121 54 27 2
901190 54 0 0
901225 54 54 0
901331 54 0 0
901468 54 0 0
901606 54 0 0
901744 54 0 0
901919 54 0 0
902091 54 0 0
902232 54 0 0
902372 54 0 0
902504 54 0 0
902626 54 54 2
902636 54 0 0
902638 54 28 0
902781 54 0 0
902886 54 28 2
902902 54 30 0
902913 54 0 0
903051 54 0 0
903186 54 30 2
903193 54 0 0
903194 54 56 0
903362 54 56 2
903374 54 0 0
903378 54 31 0
903514 54 0 0
903621 54 31 2
903668 54 0 0
903721 54 41 0
903816 54 0 0
903874 54 41 2
903922 54 61 0
903954 54 0 0
904105 54 0 0
904245 54 0 0
904383 54 61 2
904387 54 39 0
904388 54 0 0
904535 54 0 0
904550 54 39 2
904562 54 7 0
904680 54 0 0
904740 54 7 2
904800 54 8 0
904820 54 0 0
904960 54 0 0
905039 54 8 2
905071 54 63 0
905102 54 0 0
905237 54 0 0
905268 54 63 2
905376 54 0 0
905386 54 0 0
905521 54 0 2
905530 54 0 0
905549 54 57 0
905661 54 0 0
905708 54 57 2
905776 54 58 0
905916 54 58 2
906000 54 46 0
906293 54 46 2
906305 54 59 0
906499 54 2 0
906500 54 0 0
906539 54 59 2
906571 54 32 0
906728 54 32 2
906736 54 50 0
906793 54 50 2
906869 54 60 0
907010 54 60 2
907018 54 62 0
907174 54 62 2
907178 54 3 0
907337 54 3 2
907349 54 5 0
907481 54 5 2
907509 54 17 0
907688 54 17 2
907708 54 6 0
907968 54 6 2
908060 54 11 0
908392 54 11 2
908400 54 10 0
908515 54 10 2
908535 54 11 0
908664 54 11 2
908672 54 6 0
908910 54 6 2
908946 54 36 0
909243 54 36 2
909303 54 12 0
909433 54 12 2
909441 54 0 0
909589 54 0 2
909713 54 15 0
909871 54 15 2
909991 54 7 0
910152 54 7 2
910168 54 0 0
910477 54 0 2
910625 54 9 0
910853 54 9 2
910885 54 8 0
911062 54 8 2
911090 54 45 0
911350 54 45 2
911458 54 14 0
911548 54 14 2
911844 54 31 0
911933 54 31 2
911977 54 35 0
912271 54 35 2
912331 54 32 0
912487 54 32 2
912587 54 33 0
912718 54 33 2
912810 54 34 0
912944 54 34 2
912976 54 1 0
912976 54 1 0
913082 54 1 2
913090 54 1 2
913134 54 32 0
913346 54 32 2
913354 54 35 0
913506 54 35 2
913510 54 60 0
913707 54 60 2
913720 54 0 0
913721 54 0 2
913723 54 61 0
913855 54 20 0
913866 54 0 0
913881 54 61 2
913941 54 48 0
913986 54 11 0
914007 54 0 0
914082 54 48 2
914118 54 35 0
914122 54 49 0
914159 54 0 0
914290 54 49 2
914326 54 36 0
914326 54 36 0
914376 54 36 2
914397 54 6 0
914398 54 0 0
914566 54 18 0
914567 54 36 2
914568 54 0 0
914631 54 37 0
914631 54 37 0
914673 54 37 2
914762 54 37 2
914786 54 38 0
914787 54 0 0
914810 54 58 0
914927 54 4 0
914949 54 0 0
915133 54 5 0
915134 54 0 0
915264 54 42 0
915265 54 0 0
915311 54 58 2
915323 54 31 0
915400 54 12 0
915421 54 0 0
915574 54 21 0
915603 54 31 2
915605 54 0 0
915615 54 30 0
915717 54 1 0
915760 54 0 0
915909 54 30 2
915917 54 59 0
915994 54 52 0
915995 54 0 0
916206 54 22 0
916207 54 0 0
916371 54 9 0
916372 54 0 0
916457 54 59 2
916509 54 34 0
916600 54 27 0
916601 54 0 0
916751 54 28 0
916781 54 34 2
916821 54 0 0
916885 54 3 0
916886 54 0 0
916890 54 57 0
916992 54 0 0
917059 54 43 0
917104 54 0 2
917112 54 33 0
917130 54 0 0
917242 54 30 0
917271 54 0 0
917402 54 48 0
917423 54 0 0
917435 54 33 2
917451 54 60 0
917546 54 26 0
917563 54 0 0
917668 54 60 2
917688 54 32 0
917697 54 0 0
917733 54 14 0
917844 54 0 0
917969 54 32 2
917984 54 23 0
917985 54 0 0
918045 54 61 0
918136 54 19 0
918137 54 0 0
918258 54 45 0
918279 54 0 0
918405 54 46 0
918426 54 0 0
918432 54 61 2
918555 54 24 0
918556 54 62 0
918577 54 0 0
918766 54 7 0
918767 54 0 0
918929 54 62 0
918930 54 0 0
918954 54 62 2
919042 54 12 0
919075 54 53 0
919076 54 0 0
919183 54 12 2
919195 54 39 0
919227 54 36 0
919228 54 0 0
919358 54 39 2
919365 54 61 0
919370 54 13 0
919376 54 0 0
919499 54 13 0
919520 54 0 0
919546 54 13 2
919550 54 48 0
919638 54 10 0
919660 54 0 0
919681 54 48 2
919693 54 59 0
919793 54 25 0
919804 54 0 0
919874 54 59 2
919902 54 54 0
919902 54 54 0
919911 54 54 0
919920 54 54 2
919942 54 0 0
920082 54 55 0
920083 54 54 2
920093 54 0 0
920123 54 55 0
920242 54 34 0
920243 54 0 0
920364 54 32 0
920375 54 0 0
920491 54 55 2
920502 54 60 0
920513 54 0 0
920515 54 56 0
920545 54 3 2
920553 54 3 0
920674 54 58 0
920676 54 0 0
920711 54 56 2
920739 54 57 0
920897 54 57 2
920901 54 41 0
920902 54 0 0
920961 54 58 0
921029 54 50 0
921040 54 0 0
921104 54 58 2
921140 54 49 0
921160 54 56 0
921191 54 0 0
921278 54 49 2
921282 54 17 0
921318 54 63 0
921333 54 0 0
921470 54 31 0
921471 54 0 0
921625 54 44 0
921626 54 0 0
921634 54 63 2
921682 54 15 0
921875 54 15 2
921875 54 63 0
921876 54 0 0
921891 54 44 0
921974 54 2 0
921975 54 56 1
922004 54 44 2
922024 54 45 0
922041 54 59 0
922042 54 0 0
922138 54 45 2
922156 54 40 0
922187 54 0 0
922188 54 2 2
922276 54 49 0
922297 54 56 2
922317 54 0 0
922339 54 52 2
922386 54 0 0
922403 54 8 0
922454 54 0 0
922517 54 0 2
922529 54 51 0
922590 54 0 0
922609 54 1 0
922719 54 47 0
922730 54 0 0
922741 54 1 2
922841 54 2 0
922845 54 52 2
922865 54 29 0
922876 54 0 0
922943 54 52 2
922971 54 2 2
922979 54 47 0
923028 54 39 0
923029 54 0 0
923045 54 47 2
923057 54 41 0
923167 54 16 0
923177 54 52 2
923178 54 0 0
923180 54 41 2
923212 54 46 0
923270 54 46 2
923297 54 15 0
923310 54 3 0
923318 54 0 0
923444 54 37 0
923446 54 3 2
923454 54 12 0
923465 54 0 0
923544 54 12 2
923583 54 33 0
923604 54 0 0
923713 54 53 2
923796 54 5 0
923929 54 5 2
923977 54 6 0
924107 54 6 2
924195 54 7 0
924332 54 7 2
924440 54 8 0
924591 54 8 2
924647 54 1 0
924781 54 1 2
925229 54 46 0
925287 54 46 2
925295 54 4 0
925426 54 4 2
925450 54 47 0
925518 54 47 2
925662 54 12 0
925752 54 12 2
926116 54 10 0
926247 54 10 2
926367 54 1 0
926367 54 1 0
926473 54 1 2
926506 54 1 2
926938 54 14 0
927060 54 14 2
927076 54 46 0
927127 54 46 2
927159 54 47 0
927159 54 47 0
927210 54 47 2
927243 54 47 2
927354 54 12 0
927453 54 12 2
927937 54 1 0
928050 54 1 2
928498 54 46 0
928498 54 46 0
928544 54 46 2
928597 54 46 2
928629 54 47 0
928735 54 47 2
928879 54 12 0
929009 54 12 2
929393 54 48 2
929493 54 1 0
929493 54 1 0
929601 54 1 2
929626 54 1 2
930074 54 46 0
930074 54 46 0
930100 54 46 2
930108 54 46 2
930140 54 47 0
930140 54 47 0
930174 54 47 2
930187 54 47 2
930331 54 12 0
930331 54 12 0
930413 54 12 2
930425 54 12 2
930897 54 1 0
930897 54 1 0
931004 54 1 2
931029 54 1 2
931477 54 46 0
931477 54 46 0
931503 54 46 2
931511 54 46 2
931543 54 47 0
931543 54 47 0
931584 54 47 2
931617 54 47 2
931728 54 12 0
931728 54 12 0
931810 54 12 2
931892 54 12 2
932294 54 1 0
932294 54 1 0
932411 54 1 2
932460 54 1 2
932859 54 46 0
932859 54 46 0
932897 54 46 2
932899 54 46 2
932931 54 47 0
932931 54 47 0
932965 54 47 2
932973 54 47 2
933117 54 12 0
933117 54 12 0
933191 54 12 2
933199 54 12 2
933683 54 1 0
933683 54 1 0
933789 54 1 2
933797 54 1 2
934245 54 46 0
934245 54 46 0
934271 54 46 2
934279 54 46 2
934311 54 47 0
934311 54 47 0
934345 54 47 2
934353 54 47 2
934497 54 12 0
934497 54 12 0
934571 54 12 2
934579 54 12 2
935063 54 1 0
935063 54 1 0
935169 54 1 2
935177 54 1 2
935625 54 46 0
935625 54 46 0
935651 54 46 2
935658 54 46 2
935690 54 47 0
935690 54 47 0
935724 54 47 2
935732 54 47 2
935876 54 12 0
935876 54 12 0
935950 54 12 2
935958 54 12 2
936442 54 1 0
936442 54 1 0
936558 54 1 2
936559 54 1 2
937007 54 46 0
937007 54 46 0
937033 54 46 2
937040 54 46 2
937072 54 47 0
937072 54 47 0
937106 54 47 2
937114 54 47 2
937258 54 12 0
937258 54 12 0
937332 54 12 2
937340 54 12 2
937728 54 1 0
937728 54 1 0
937834 54 1 2
937842 54 1 2
938274 54 7 0
938396 54 7 2
938412 54 46 0
938412 54 46 0
938438 54 46 2
938452 54 46 2
938484 54 47 0
938484 54 47 0
938518 54 47 2
938532 54 47 2
938676 54 12 0
938676 54 12 0
938751 54 12 2
938761 54 12 2
939245 54 1 0
939245 54 1 0
939354 54 1 2
939363 54 1 2
939811 54 46 0
939811 54 46 0
939837 54 46 2
939851 54 46 2
939883 54 47 0
939883 54 47 0
939917 54 47 2
939926 54 47 2
940070 54 12 0
940070 54 12 0
940145 54 12 2
940152 54 12 2
940636 54 1 0
940636 54 1 0
940742 54 1 2
940749 54 1 2
941197 54 46 0
941197 54 46 0
941223 54 46 2
941231 54 46 2
941263 54 47 0
941263 54 47 0
941297 54 47 2
941307 54 47 2
941451 54 5 0
941580 54 5 2
941588 54 61 0
941717 54 61 2
941725 54 29 0
941984 54 29 2
942000 54 62 0
942000 54 62 0
942027 54 62 2
942132 54 62 2
942408 54 63 0
942408 54 63 0
942442 54 63 2
942547 54 63 2
942971 54 12 0
942971 54 12 0
943074 54 12 2
943096 54 12 2
943394 54 53 2
943514 54 11 0
943644 54 11 2
943856 54 1 0
943856 54 1 0
943962 54 1 2
943978 54 1 2
944426 54 46 0
944426 54 46 0
944452 54 46 2
944460 54 46 2
944492 54 47 0
944492 54 47 0
944526 54 47 2
944534 54 47 2
945410 54 12 0
945410 54 12 0
945453 54 2 0
945455 54 56 1
945484 54 12 2
945512 54 12 2
945668 54 2 2
945774 54 56 2
945939 54 53 2
946164 54 1 0
946164 54 1 0
946274 54 1 2
946288 54 1 2
946736 54 46 0
946736 54 46 0
946763 54 46 2
946771 54 46 2
946803 54 47 0
946803 54 47 0
946837 54 47 2
946845 54 47 2
946989 54 12 0
946989 54 12 0
947063 54 12 2
947070 54 12 2
947554 54 1 0
947554 54 1 0
947660 54 1 2
947674 54 1 2
948122 54 46 0
948122 54 46 0
948148 54 46 2
948156 54 46 2
948188 54 47 0
948188 54 47 0
948223 54 47 2
948235 54 47 2
948379 54 12 0
948379 54 12 0
948453 54 12 2
948486 54 12 2
948970 54 1 0
948970 54 1 0
949097 54 1 2
949113 54 1 2
949561 54 46 0
949561 54 46 0
949587 54 46 2
949596 54 46 2
949628 54 47 0
949628 54 47 0
949662 54 47 2
949674 54 47 2
949818 54 12 0
949972 54 12 2
950456 54 1 0
950456 54 1 0
950592 54 1 2
950613 54 1 2
951061 54 46 0
951061 54 46 0
951087 54 46 2
951096 54 46 2
951128 54 47 0
951128 54 47 0
951162 54 47 2
951170 54 47 2
951314 54 12 0
951447 54 12 2
951754 54 2 2
951755 54 2 0
951931 54 1 0
951931 54 1 0
952068 54 1 2
952094 54 1 2
952526 54 8 0
952658 54 8 2
952674 54 46 0
952674 54 46 0
952700 54 46 2
952708 54 46 2
952740 54 47 0
952740 54 47 0
952774 54 47 2
952782 54 47 2
952926 54 12 0
952926 54 12 0
953000 54 12 2
953060 54 12 2
953544 54 1 0
953544 54 1 0
953680 54 1 2
953698 54 1 2
954146 54 46 0
954146 54 46 0
954172 54 46 2
954185 54 46 2
954217 54 47 0
954217 54 47 0
954251 54 47 2
954259 54 47 2
954403 54 12 0
954403 54 12 0
954508 54 12 2
954554 54 12 2
955038 54 1 0
955038 54 1 0
955174 54 1 2
955203 54 1 2
955651 54 46 0
955651 54 46 0
955677 54 46 2
955684 54 46 2
955716 54 47 0
955716 54 47 0
955725 54 3 0
955726 54 56 1
955751 54 47 2
955759 54 47 2
955903 54 12 0
955903 54 12 0
955938 54 3 2
956027 54 12 2
956036 54 56 2
956055 54 12 2
956206 54 2 0
956207 54 2 2
956539 54 1 0
956539 54 1 0
956685 54 1 2
956699 54 1 2
957147 54 46 0
957147 54 46 0
957173 54 46 2
957181 54 46 2
957213 54 47 0
957213 54 47 0
957247 54 47 2
957257 54 47 2
957401 54 12 0
957401 54 12 0
957525 54 12 2
957552 54 12 2
958036 54 1 0
958036 54 1 0
958187 54 1 2
958191 54 1 2
958639 54 46 0
958639 54 46 0
958666 54 46 2
958674 54 46 2
958706 54 47 0
958706 54 47 0
958740 54 47 2
958748 54 47 2
958892 54 12 0
958892 54 12 0
959007 54 12 2
959035 54 12 2
959519 54 1 0
959519 54 1 0
959655 54 1 2
959684 54 1 2
960132 54 46 0
960132 54 46 0
960158 54 46 2
960168 54 46 2
960200 54 47 0
960200 54 47 0
960234 54 47 2
960241 54 47 2
960282 54 2 0
960283 54 2 2
960385 54 12 0
960385 54 12 0
960509 54 12 2
960527 54 12 2
961011 54 1 0
961011 54 1 0
961147 54 1 2
961178 54 1 2
961626 54 46 0
961626 54 46 0
961652 54 46 2
961660 54 46 2
961692 54 47 0
961692 54 47 0
961726 54 47 2
961739 54 47 2
961883 54 12 0
961883 54 12 0
961987 54 12 2
962026 54 12 2
962510 54 1 0
962510 54 1 0
962647 54 1 2
962674 54 1 2
963122 54 46 0
963122 54 46 0
963148 54 46 2
963156 54 46 2
963188 54 47 0
963188 54 47 0
963222 54 47 2
963229 54 47 2
963373 54 12 0
963373 54 12 0
963497 54 12 2
963516 54 12 2
964000 54 1 0
964000 54 1 0
964146 54 1 2
964176 54 1 2
964608 54 9 0
964731 54 9 2
964747 54 46 0
964747 54 46 0
964773 54 46 2
964782 54 46 2
964814 54 47 0
964814 54 47 0
964849 54 47 2
964857 54 47 2
965001 54 12 0
965001 54 12 0
965115 54 12 2
965143 54 12 2
965627 54 1 0
965627 54 1 0
965763 54 1 2
965796 54 1 2
966244 54 46 0
966244 54 46 0
966279 54 46 2
966282 54 46 2
966314 54 47 0
966314 54 47 0
966348 54 47 2
966355 54 47 2
966499 54 12 0
966499 54 12 0
966613 54 12 2
966640 54 12 2
967124 54 1 0
967124 54 1 0
967272 54 1 2
967277 54 1 2
967725 54 46 0
967725 54 46 0
967751 54 46 2
967758 54 46 2
967790 54 47 0
967790 54 47 0
967824 54 47 2
967832 54 47 2
967976 54 12 0
967976 54 12 0
968100 54 12 2
968138 54 12 2
968622 54 1 0
968622 54 1 0
968724 54 2 0
968725 54 2 2
968758 54 1 2
968797 54 1 2
969245 54 46 0
969245 54 46 0
969271 54 46 2
969279 54 46 2
969311 54 47 0
969311 54 47 0
969345 54 47 2
969353 54 47 2
969497 54 12 0
969497 54 12 0
969601 54 12 2
969639 54 12 2
970123 54 1 0
970123 54 1 0
970261 54 1 2
970271 54 2 0
970275 54 2 2
970287 54 1 2
970735 54 46 0
970735 54 46 0
970763 54 46 2
970774 54 46 2
970806 54 47 0
970806 54 47 0
970840 54 47 2
970847 54 47 2
970991 54 12 0
970991 54 12 0
971095 54 12 2
971124 54 12 2
971608 54 1 0
971608 54 1 0
971754 54 1 2
971792 54 1 2
972240 54 46 0
972240 54 46 0
972266 54 46 2
972277 54 46 2
972309 54 47 0
972309 54 47 0
972343 54 47 2
972351 54 47 2
972495 54 12 0
972495 54 12 0
972590 54 12 2
972627 54 12 2
973111 54 1 0
973111 54 1 0
973250 54 1 2
973275 54 1 2
973723 54 46 0
973723 54 46 0
973749 54 46 2
973757 54 46 2
973789 54 47 0
973789 54 47 0
973830 54 47 2
973832 54 47 2
973976 54 12 0
973976 54 12 0
974092 54 12 2
974111 54 12 2
974595 54 1 0
974595 54 1 0
974741 54 1 2
974759 54 1 2
975207 54 46 0
975207 54 46 0
975233 54 46 2
975240 54 46 2
975272 54 47 0
975272 54 47 0
975306 54 47 2
975313 54 47 2
975457 54 12 0
975457 54 12 0
975582 54 12 2
975609 54 12 2
976093 54 1 0
976093 54 1 0
976231 54 1 2
976266 54 1 2
976698 54 10 0
976824 54 10 2
976840 54 46 0
976840 54 46 0
976866 54 46 2
976874 54 46 2
976906 54 47 0
976906 54 47 0
976941 54 47 2
976951 54 47 2
977095 54 12 0
977095 54 12 0
977209 54 12 2
977243 54 12 2
977727 54 1 0
977727 54 1 0
977873 54 1 2
977892 54 1 2
978340 54 46 0
978340 54 46 0
978366 54 46 2
978375 54 46 2
978407 54 47 0
978407 54 47 0
978441 54 47 2
978453 54 47 2
978597 54 12 0
978597 54 12 0
978701 54 12 2
978739 54 12 2
979223 54 1 0
979223 54 1 0
979360 54 1 2
979379 54 1 2
979827 54 46 0
979827 54 46 0
979853 54 46 2
979861 54 46 2
979893 54 47 0
979893 54 47 0
979927 54 47 2
979937 54 47 2
980081 54 12 0
980081 54 12 0
980215 54 12 2
980236 54 12 2
980510 54 2 0
980511 54 0 0
980720 54 1 0
980720 54 1 0
980856 54 1 2
980875 54 1 2
981323 54 46 0
981323 54 46 0
981349 54 46 2
981356 54 46 2
981388 54 47 0
981388 54 47 0
981422 54 47 2
981430 54 47 2
981574 54 12 0
981574 54 12 0
981708 54 12 2
981716 54 12 2
982200 54 1 0
982200 54 1 0
982346 54 1 2
982364 54 1 2
982812 54 46 0
982812 54 46 0
982839 54 46 2
982850 54 46 2
982882 54 47 0
982882 54 47 0
982916 54 47 2
982924 54 47 2
983068 54 12 0
983068 54 12 0
983192 54 12 2
983230 54 12 2
983714 54 1 0
983714 54 1 0
983850 54 1 2
983882 54 1 2
984330 54 46 0
984330 54 46 0
984363 54 46 2
984367 54 46 2
984399 54 47 0
984399 54 47 0
984430 54 56 1
984433 54 47 2
984440 54 47 2
984584 54 12 0
984584 54 12 0
984648 54 3 2
984678 54 12 2
984719 54 12 2
984747 54 56 2
985203 54 1 0
985203 54 1 0
985342 54 1 2
985359 54 1 2
985807 54 46 0
985807 54 46 0
985833 54 46 2
985844 54 46 2
985876 54 47 0
985876 54 47 0
985910 54 47 2
985919 54 47 2
986063 54 12 0
986063 54 12 0
986197 54 12 2
986206 54 12 2
986405 54 2 0
986406 54 0 0
986690 54 1 0
986690 54 1 0
986846 54 1 2
986864 54 1 2
987312 54 46 0
987312 54 46 0
987338 54 46 2
987346 54 46 2
987378 54 47 0
987378 54 47 0
987412 54 47 2
987420 54 47 2
987564 54 12 0
987564 54 12 0
987698 54 12 2
987736 54 12 2
988220 54 1 0
988220 54 1 0
988356 54 1 2
988384 54 1 2
988816 54 11 0
988816 54 11 0
988898 54 11 2
988925 54 11 2
988941 54 46 0
988941 54 46 0
988967 54 46 2
988975 54 46 2
989007 54 47 0
989007 54 47 0
989041 54 47 2
989049 54 47 2
989193 54 12 0
989193 54 12 0
989327 54 12 2
989355 54 12 2
989839 54 1 0
989839 54 1 0
989985 54 1 2
990003 54 1 2
990451 54 46 0
990451 54 46 0
990477 54 46 2
990484 54 46 2
990516 54 47 0
990516 54 47 0
990550 54 47 2
990558 54 47 2
990702 54 12 0
990702 54 12 0
990826 54 12 2
990855 54 12 2
991339 54 1 0
991339 54 1 0
991475 54 1 2
991503 54 1 2
991951 54 46 0
991951 54 46 0
991977 54 46 2
991988 54 46 2
992020 54 47 0
992020 54 47 0
992054 54 47 2
992062 54 47 2
992206 54 12 0
992206 54 12 0
992311 54 12 2
992340 54 12 2
992824 54 1 0
992824 54 1 0
992961 54 1 2
992996 54 1 2
993444 54 46 0
993444 54 46 0
993470 54 46 2
993478 54 46 2
993510 54 47 0
993510 54 47 0
993544 54 47 2
993552 54 47 2
993696 54 12 0
993696 54 12 0
993812 54 12 2
993839 54 12 2
994323 54 1 0
994323 54 1 0
994459 54 1 2
994488 54 1 2
994936 54 46 0
994936 54 46 0
994962 54 46 2
994970 54 46 2
995002 54 47 0
995002 54 47 0
995036 54 47 2
995043 54 47 2
995187 54 12 0
995187 54 12 0
995301 54 12 2
995330 54 12 2
995814 54 1 0
995814 54 1 0
995960 54 1 2
995978 54 1 2
996426 54 46 0
996426 54 46 0
996452 54 46 2
996460 54 46 2
996492 54 47 0
996492 54 47 0
996527 54 47 2
996536 54 47 2
996680 54 12 0
996680 54 12 0
996794 54 12 2
996822 54 12 2
997306 54 1 0
997306 54 1 0
997452 54 1 2
997471 54 1 2
997919 54 46 0
997919 54 46 0
997945 54 46 2
997952 54 46 2
997984 54 47 0
997984 54 47 0
998019 54 47 2
998027 54 47 2
998171 54 12 0
998171 54 12 0
998298 54 12 2
998323 54 12 2
998807 54 1 0
998807 54 1 0
998913 54 1 2
998923 54 1 2
999371 54 46 0
999371 54 46 0
999397 54 46 2
999404 54 46 2
999436 54 47 0
999436 54 47 0
999470 54 47 2
999477 54 47 2
999621 54 12 0
999621 54 12 0
999705 54 12 2
999719 54 12 2
1000203 54 1 0
1000203 54 1 0
1000319 54 1 2
1000337 54 1 2
1000769 54 12 0
1000769 54 12 0
1000843 54 12 2
1000850 54 12 2
1000866 54 46 0
1000866 54 46 0
1000892 54 46 2
1000899 54 46 2
1000931 54 47 0
1000931 54 47 0
1000965 54 47 2
1000974 54 47 2
1001118 54 12 0
1001118 54 12 0
1001242 54 12 2
1001299 54 12 2
1001783 54 1 0
1001783 54 1 0
1001889 54 1 2
1001896 54 1 2
1002344 54 46 0
1002344 54 46 0
1002370 54 46 2
1002379 54 46 2
1002411 54 47 0
1002411 54 47 0
1002455 54 47 2
1002472 54 47 2
1002616 54 12 0
1002616 54 12 0
1002730 54 12 2
1002759 54 12 2
1003243 54 1 0
1003243 54 1 0
1003352 54 1 2
1003365 54 1 2
1003813 54 46 0
1003813 54 46 0
1003839 54 46 2
1003850 54 46 2
1003882 54 47 0
1003882 54 47 0
1003956 54 47 2
1003976 54 47 2
1004120 54 12 0
1004120 54 12 0
1004234 54 12 2
1004302 54 12 2
1004786 54 1 0
1004786 54 1 0
1004892 54 1 2
1004900 54 1 2
1005348 54 46 0
1005348 54 46 0
1005375 54 46 2
1005383 54 46 2
1005415 54 47 0
1005415 54 47 0
1005459 54 47 2
1005467 54 47 2
1005611 54 12 0
1005611 54 12 0
1005735 54 12 2
1005744 54 12 2
1006228 54 1 0
1006228 54 1 0
1006334 54 1 2
1006343 54 1 2
1006791 54 46 0
1006791 54 46 0
1006827 54 46 2
1006837 54 46 2
1006869 54 47 0
1006869 54 47 0
1006953 54 47 2
1006972 54 47 2
1007116 54 12 0
1007116 54 12 0
1007231 54 12 2
1007298 54 12 2
1007782 54 1 0
1007782 54 1 0
1007889 54 1 2
1007899 54 1 2
1008347 54 46 0
1008347 54 46 0
1008373 54 46 2
1008381 54 46 2
1008413 54 47 0
1008413 54 47 0
1008447 54 47 2
1008465 54 47 2
1008609 54 12 0
1008609 54 12 0
1008724 54 12 2
1008742 54 12 2
1009226 54 1 0
1009226 54 1 0
1009332 54 1 2
1009341 54 1 2
1009789 54 46 0
1009789 54 46 0
1009815 54 46 2
1009824 54 46 2
1009856 54 47 0
1009856 54 47 0
1009941 54 47 2
1009958 54 47 2
1010102 54 12 0
1010102 54 12 0
1010226 54 12 2
1010283 54 12 2
1010767 54 1 0
1010767 54 1 0
1010874 54 1 2
1010882 54 1 2
1011330 54 46 0
1011330 54 46 0
1011356 54 46 2
1011369 54 46 2
1011401 54 47 0
1011401 54 47 0
1011450 54 47 2
1011454 54 47 2
1011598 54 12 0
1011598 54 12 0
1011712 54 12 2
1011741 54 12 2
1012225 54 1 0
1012225 54 1 0
1012331 54 1 2
1012339 54 1 2
1012787 54 46 0
1012787 54 46 0
1012813 54 46 2
1012821 54 46 2
1012853 54 47 0
1012853 54 47 0
1012887 54 47 2
1012895 54 47 2
1013039 54 12 0
1013039 54 12 0
1013113 54 12 2
1013120 54 12 2
1013604 54 1 0
1013604 54 1 0
1013710 54 1 2
1013718 54 1 2
1014166 54 46 0
1014166 54 46 0
1014198 54 46 2
1014201 54 46 2
1014233 54 47 0
1014233 54 47 0
1014267 54 47 2
1014275 54 47 2
1014419 54 12 0
1014419 54 12 0
1014500 54 12 2
1014504 54 12 2
1014988 54 1 0
1014988 54 1 0
1015094 54 1 2
1015102 54 1 2
1015550 54 46 0
1015550 54 46 0
1015576 54 46 2
1015584 54 46 2
1015616 54 47 0
1015616 54 47 0
1015650 54 47 2
1015658 54 47 2
1015802 54 12 0
1015802 54 12 0
1015876 54 12 2
1015884 54 12 2
1016368 54 1 0
1016368 54 1 0
1016474 54 1 2
1016482 54 1 2
1016930 54 46 0
1016930 54 46 0
1016956 54 46 2
1016964 54 46 2
1016996 54 47 0
1016996 54 47 0
1017030 54 47 2
1017038 54 47 2
1017182 54 12 0
1017182 54 12 0
1017256 54 12 2
1017264 54 12 2
1017748 54 1 0
1017748 54 1 0
1017854 54 1 2
1017862 54 1 2
1018310 54 46 0
1018310 54 46 0
1018336 54 46 2
1018344 54 46 2
1018376 54 47 0
1018376 54 47 0
1018410 54 47 2
1018420 54 47 2
1018564 54 12 0
1018564 54 12 0
1018638 54 12 2
1018646 54 12 2
1018928 54 52 2
1018954 54 1 0
1019078 54 1 2
1019254 54 1 0
1019254 54 1 0
1019337 54 52 2
1019368 54 1 2
1019369 54 1 2
1019471 54 56 2
1019612 54 55 2
1019655 54 2 0
1019656 54 56 1
1019747 54 52 2
1019817 54 46 0
1019817 54 46 0
1019844 54 46 2
1019849 54 46 2
1019868 54 2 2
1019881 54 47 0
1019881 54 47 0
1019915 54 47 2
1019922 54 47 2
1019974 54 56 2
1020066 54 12 0
1020066 54 12 0
1020140 54 12 2
1020148 54 12 2
1020624 54 9 0
1020738 54 9 2
1020816 54 53 2
1020862 54 55 0
1020940 54 55 2
1020944 54 1 0
1020944 54 1 0
1021050 54 1 2
1021071 54 1 2
1021095 54 56 0
1021205 54 56 2
1021225 54 45 0
1021282 54 45 2
1021338 54 46 0
1021504 54 46 2
1021580 54 63 0
1021709 54 56 2
1021877 54 63 2
1021885 54 47 0
1022062 54 47 2
1022166 54 62 0
1022166 54 62 0
1022192 54 62 2
1022200 54 62 2
1022268 54 29 0
1022404 54 29 2
1022444 54 30 0
1022560 54 30 2
1022604 54 17 0
1022726 54 17 2
1022782 54 18 0
1022896 54 18 2
1022932 54 22 0
1023038 54 22 2
1023090 54 3 0
1024267 54 3 2
1024275 54 19 0
1024362 54 38 2
1024365 54 19 2
1024369 54 3 0
1024860 54 3 2
1025084 54 51 2
1025111 54 58 2
1025112 54 3 0
1034966 54 3 2
1035187 54 56 1
1035397 54 3 2
1035494 54 56 2
1035651 54 55 2
1035662 54 3 0
1041012 54 3 2
1045880 54 1 0
1045993 54 1 2
1046257 54 21 0
1046322 54 21 2
1046326 54 30 0
1046434 54 30 2
1046446 54 24 0
1046576 54 24 2
1046676 54 25 0
1046797 54 25 2
1046805 54 54 0
1046814 54 2 0
1046814 54 54 2
1046920 54 54 2
1046984 54 26 0
1047098 54 26 2
1047162 54 27 0
1047271 54 27 2
1047303 54 34 0
1047416 54 34 2
1047428 54 26 0
1047542 54 26 2
1047638 54 55 0
1047752 54 55 2
1047760 54 27 0
1047866 54 27 2
1047914 54 23 0
1048246 54 23 2
1048250 54 28 0
1048356 54 28 2
1048408 54 56 0
1048408 54 56 0
1048482 54 56 2
1048549 54 56 2
1048585 54 25 0
1048900 54 31 2
1048902 54 25 2
1048930 54 57 0
1048930 54 57 0
1048996 54 57 2
1049060 54 57 2
1049068 54 39 0
1049126 54 39 2
1049178 54 23 0
1053313 54 23 2
1053372 54 16 2
1053373 54 23 0
1057685 54 23 2
1058124 54 40 2
1058129 54 23 0
1065210 54 23 2
1065269 54 45 2
1065352 54 9 2
1065475 54 46 2
1065550 54 62 2
1065633 54 31 2
1065708 54 42 2
1065815 54 60 2
1065914 54 47 2
1065994 54 2 2
1066117 54 61 2
1066208 54 32 2
1066334 54 57 2
1066467 54 49 2
1066470 54 23 0
1070593 54 3 0
1070594 54 2 0
1072315 54 56 1
1072527 54 3 2
1072624 54 56 2
1073384 54 3 0
1073385 54 3 2
1074730 54 23 2
1075861 54 38 2
1075870 54 23 0
1078752 54 23 2
1080303 54 47 2
1080312 54 23 0
1083206 54 23 2
1083404 54 55 2
1083410 54 23 0
1084052 54 3 0
1084053 54 56 1
1084131 54 23 2
1084267 54 3 2
1084364 54 56 2
1086788 54 3 0
1086789 54 56 1
1087007 54 3 2
1087104 54 56 2
1087349 54 55 2
1087359 54 23 0
1087573 54 23 2
1087632 54 23 2
1087707 54 63 2
1087790 54 53 2
1087873 54 52 2
1087964 54 31 2
1088039 54 29 2
1088122 54 42 2
1088229 54 9 2
1088352 54 49 2
1088467 54 27 2
1088566 54 20 2
1088657 54 60 2
1088756 54 44 2
1088847 54 32 2
1088970 54 36 2
1089063 54 41 2
1089178 54 62 2
1089261 54 37 2
1089344 54 30 2
1089419 54 51 2
1089518 54 48 2
1089641 54 43 2
1089740 54 50 2
1089847 54 57 2
1089971 54 58 2
1090086 54 2 2
1090213 54 25 2
1090351 54 46 2
1090357 54 23 0
1091468 54 23 2
1093238 54 46 2
1093244 54 23 0
1093928 54 23 2
1094472 54 50 2
1094480 54 23 0
1100192 54 23 2
1100255 54 37 2
1100264 54 23 0
1102370 54 23 2
1102779 54 29 2
1102790 54 23 0
1109034 54 23 2
1109190 54 23 0
1109190 54 32 2
1113792 54 23 2
1115850 54 31 2
1115856 54 23 0
1116746 54 23 2
1118342 54 23 0
1118342 54 23 2
1121055 54 23 2
1121532 54 44 2
1121535 54 23 0
1122877 54 23 2
1123323 54 25 2
1123333 54 23 0
1125575 54 23 2
1126222 54 36 2
1126223 54 23 0
1126919 54 23 2
1128213 54 30 2
1128215 54 23 0
1129689 54 23 2
1130355 54 61 2
1130361 54 23 0
1130629 54 23 2
1130689 54 59 2
1130796 54 58 2
1130911 54 16 2
1131034 54 62 2
1131123 54 63 2
1131210 54 32 2
1131333 54 56 2
1131464 54 2 2
1131590 54 57 2
1131714 54 51 2
1131815 54 41 2
1131941 54 27 2
1131949 54 23 0
1132805 54 23 2
1133210 54 42 2
1133213 54 23 0
1134425 54 23 2
1134732 54 59 2
1134737 54 23 0
1134913 54 23 2
1134965 54 29 0
1134972 54 2 2
1135022 54 29 2
1135038 54 23 0
1135534 54 23 2
1135593 54 56 2
1135598 54 23 0
1136220 54 23 2
1136256 54 32 0
1136345 54 32 2
1136429 54 28 0
1136535 54 28 2
1136587 54 2 0
1136692 54 2 2
1136704 54 29 0
1136786 54 56 2
1136810 54 29 2
1136842 54 4 0
1136948 54 4 2
1136956 54 35 0
1136956 54 35 0
1137014 54 35 2
1137022 54 35 2
1137062 54 36 0
1137062 54 36 0
1137112 54 36 2
1137169 54 36 2
1137257 54 56 0
1137395 54 56 2
1137415 54 57 0
1137545 54 57 2
1137633 54 58 0
1137633 54 58 0
1137691 54 58 2
1137756 54 58 2
1137836 54 59 0
1137836 54 59 0
1137886 54 59 2
1137959 54 59 2
1137983 54 63 0
1138024 54 63 2
1138108 54 33 0
1138189 54 33 2
1149361 54 3 0
1149362 54 3 2
1159589 54 3 0
1159590 54 3 2
1161867 54 3 0
1161868 54 3 2
1171145 54 3 0
1171146 54 56 1
1171361 54 3 2
1171458 54 56 2
1187509 54 3 0
1187510 54 56 1
1187721 54 3 2
1187818 54 56 2
1192630 54 56 1
1192841 54 3 2
1192938 54 56 2
1219314 54 56 1
1219532 54 3 2
1219630 54 56 2
1229178 54 3 0
1229179 54 56 1
1229391 54 3 2
1229488 54 56 2
1356494 54 3 0
1356495 54 0 0
1360203 54 3 0
1360204 54 56 1
1360420 54 3 2
1360517 54 56 2
1370242 54 3 0
1370243 54 56 1
1370460 54 3 2
1370557 54 56 2
1404229 54 3 0
1404230 54 56 1
1404440 54 3 2
1404537 54 56 2
1423462 54 3 0
1423463 54 0 0
1844540 54 37 0
1844540 54 37 0
1844784 54 2 0
1844785 54 0 0
1845022 54 37 2
1845225 54 37 2
1845278 54 51 0
1845279 54 51 2
1845454 54 35 0
1845455 54 51 0
1845493 54 36 0
1845493 54 36 0
1845530 54 20 0
1845531 54 51 0
1845583 54 36 2
1845602 54 36 2
1845634 54 38 0
1845634 54 38 0
1845695 54 38 0
1845696 54 51 0
1845698 54 38 2
1845812 54 44 0
1845813 54 51 0
1845886 54 52 0
1845887 54 51 0
1846017 54 50 0
1846018 54 51 0
1846264 54 8 0
1846265 54 51 0
1846376 54 46 0
1846393 54 51 0
1846412 54 34 0
1846477 54 51 0
1846566 54 62 0
1846567 54 51 0
1846648 54 41 0
1846649 54 51 0
1846772 54 28 0
1846773 54 51 0
1846896 54 57 0
1846897 54 51 0
1847031 54 6 0
1847032 54 51 0
1847146 54 30 0
1847147 54 51 0
1847262 54 32 0
1847263 54 51 0
1847388 54 15 0
1847389 54 51 0
1847503 54 17 0
1847504 54 51 0
1847629 54 47 0
1847630 54 51 0
1847753 54 36 0
1847754 54 51 0
1847815 54 38 2
1847869 54 14 0
1847870 54 51 0
1847975 54 54 0
1847975 54 54 0
1847984 54 54 0
1847985 54 51 0
1847993 54 54 2
1848034 54 54 2
1848042 54 56 0
1848042 54 56 0
1848115 54 33 0
1848116 54 51 0
1848156 54 56 2
1848174 54 56 2
1848226 54 37 0
1848226 54 37 0
1848243 54 55 0
1848244 54 51 0
1848268 54 37 2
1848382 54 39 0
1848383 54 51 0
1848505 54 31 0
1848506 54 51 0
1848606 54 37 2
1848629 54 56 0
1848630 54 57 0
1848630 54 57 0
1848630 54 51 0
1848815 54 57 2
1848835 54 53 0
1848836 54 51 0
1848857 54 57 2
1848892 54 9 0
1848903 54 51 0
1848923 54 35 0
1848923 54 35 0
1848981 54 35 2
1848989 54 35 2
1849000 54 0 0
1849020 54 51 0
1849121 54 51 0
1849124 54 12 0
1849199 54 22 0
1849255 54 51 0
1849257 54 23 0
1849358 54 51 0
1849365 54 24 0
1849466 54 51 0
1849560 54 26 0
1849582 54 51 0
1849643 54 1 0
1849674 54 51 0
1849750 54 48 0
1849801 54 51 0
1849845 54 47 0
1849845 54 47 0
1849845 54 16 0
1849879 54 47 2
1849884 54 51 0
1849905 54 47 2
1849929 54 11 0
1849929 54 11 0
1849959 54 37 0
1850000 54 51 0
1850011 54 11 2
1850019 54 11 2
1850074 54 10 0
1850085 54 51 0
1850147 54 1 0
1850205 54 51 0
1850206 54 63 0
1850339 54 4 0
1850340 54 51 0
1850369 54 1 2
1850463 54 58 0
1850464 54 51 0
1850595 54 40 0
1850596 54 51 0
1850721 54 42 0
1850722 54 51 0
1850845 54 27 0
1850846 54 51 0
1850893 54 14 0
1850968 54 61 0
1850969 54 51 0
1851027 54 14 2
1851039 54 15 0
1851039 54 15 0
1851057 54 38 0
1851058 54 38 2
1851101 54 45 0
1851102 54 51 0
1851105 54 15 2
1851122 54 52 2
1851123 54 15 2
1851143 54 18 0
1851226 54 25 0
1851227 54 51 0
1851278 54 50 2
1851341 54 11 0
1851342 54 51 0
1851418 54 46 0
1851429 54 46 2
1851460 54 51 0
1851469 54 29 0
1851477 54 18 2
1851501 54 4 0
1851576 54 49 0
1851577 54 51 0
1851589 54 52 2
1851615 54 4 2
1851659 54 38 0
1851659 54 38 0
1851693 54 38 2
1851700 54 38 2
1851713 54 52 2
1851715 54 51 0
1851716 54 60 0
1851735 54 35 0
1851755 54 50 2
1851766 54 35 2
1851797 54 41 0
1851838 54 41 2
1851856 54 46 0
1851947 54 2 0
1851948 54 51 0
1851953 54 46 2
1851990 54 20 0
1851997 54 12 0
1852051 54 59 0
1852072 54 51 0
1852078 54 12 2
1852106 54 19 0
1852145 54 51 0
1852181 54 20 2
1852234 54 47 0
1852242 54 51 0
1852261 54 5 0
1852276 54 47 2
1852285 54 34 0
1852292 54 12 0
1852336 54 34 2
1852416 54 12 2
1852452 54 47 0
1852496 54 52 0
1852497 54 52 2
1852542 54 32 0
1852546 54 32 2
1852549 54 51 0
1852623 54 47 2
1852638 54 7 0
1852666 54 50 0
1852672 54 51 0
1852713 54 21 0
1852740 54 51 0
1852777 54 50 2
1852839 54 3 0
1852852 54 51 0
1852860 54 51 2
1852931 54 43 0
1852954 54 51 0
1852991 54 13 0
1853000 54 28 0
1853061 54 28 2
1853072 54 47 0
1853133 54 47 2
1853194 54 57 2
1853195 54 57 0
1853280 54 39 2
1853281 54 39 0
1853371 54 54 0
1853371 54 54 0
1853380 54 54 0
1853381 54 54 2
1853389 54 54 2
1853396 54 54 2
1853416 54 30 0
1853417 54 30 2
1853456 54 51 2
1853463 54 14 0
1853474 54 14 2
1853571 54 51 2
1853756 54 40 0
1853860 54 44 0
1853861 54 44 2
1853903 54 56 0
1853914 54 56 2
1853979 54 62 0
1853998 54 62 2
1854076 54 40 2
1854104 54 49 0
1854168 54 17 0
1854169 54 17 2
1854236 54 49 2
1854248 54 51 0
1854264 54 31 0
1854275 54 31 2
1854325 54 36 0
1854336 54 36 2
1854371 54 51 2
1854376 54 51 0
1854391 54 37 0
1854395 54 51 2
1854409 54 53 2
1854505 54 37 2
1854509 54 20 0
1854563 54 8 0
1854564 54 8 2
1854634 54 20 2
1854650 54 3 0
1854680 54 9 0
1854682 54 9 2
1854782 54 12 0
1854794 54 12 2
1854859 54 15 0
1854880 54 15 2
1854989 54 3 2
1854995 54 33 0
1854996 54 33 2
1855005 54 53 2
1855071 54 24 0
1855082 54 24 2
1855129 54 53 2
1855162 54 22 0
1855183 54 22 2
1855337 54 38 0
1855337 54 38 0
1855344 54 23 2
1855345 54 23 0
1855371 54 38 2
1855379 54 38 2
1855724 54 63 0
1855725 54 63 2
1855772 54 16 0
1855773 54 16 2
1855880 54 1 0
1855891 54 1 2
1856026 54 6 0
1856028 54 6 2
1856094 54 53 0
1856103 54 37 2
1856122 54 37 0
1856155 54 53 2
1856294 54 27 0
1856295 54 27 2
1856426 54 40 0
1856427 54 40 2
1856505 54 26 0
1856516 54 26 2
1856596 54 61 0
1856605 54 61 2
1856783 54 55 0
1856784 54 55 2
1856842 54 48 0
1856843 54 48 2
1856915 54 0 0
1856926 54 0 2
1857189 54 45 0
1857190 54 45 2
1857226 54 29 0
1857237 54 29 2
1857360 54 59 0
1857361 54 59 2
1857418 54 60 0
1857419 54 60 2
1857512 54 10 0
1857513 54 10 2
1857607 54 42 0
1857618 54 42 2
1857830 54 58 0
1857831 54 58 2
1858051 54 7 0
1858052 54 7 2
1858167 54 2 0
1858169 54 2 2
1858269 54 43 0
1858280 54 43 2
1858323 54 49 0
1858344 54 49 2
1858382 54 11 0
1858413 54 11 2
1858467 54 21 0
1858508 54 21 2
1858526 54 4 0
1858577 54 4 2
1858613 54 13 0
1858674 54 13 2
1858785 54 5 0
1858786 54 5 2
1858872 54 25 0
1858873 54 25 2
1858963 54 19 0
1858964 54 19 2
1860733 54 2 0
1860734 54 0 0
1862031 54 3 0
1862032 54 3 2
1866236 54 0 2
1866640 54 3 0
1866641 54 0 0
2821443 54 38 0
2821443 54 38 0
2822633 54 38 2
2824049 54 7 0
2824217 54 7 2
2824785 54 38 0
2824819 54 38 2
2824991 54 38 2
2824995 54 38 0
2825076 54 38 2
2827272 54 38 0
2827272 54 38 0
2827313 54 38 2
2829396 54 38 2
2840572 54 56 1
2840787 54 3 2
2840885 54 56 2
2854649 54 2 0
2854650 54 2 2
2856280 54 2 0
2856281 54 2 2
2869930 54 2 0
2869931 54 56 1
2870147 54 2 2
2870253 54 56 2
2939471 54 3 2
2939472 54 3 0
2967279 54 2 0
2967280 54 2 2
3015040 54 3 2
3015189 54 3 2
3015440 54 3 2
3797960 54 38 0
3797960 54 38 0
3798200 54 38 2
3798424 54 38 2
3800184 54 38 0
3800184 54 38 0
3800218 54 38 2
3800396 54 38 2
3800552 54 46 0
3800586 54 46 2
3800630 54 12 0
3800711 54 12 2
3800867 54 47 0
3800908 54 47 2
3801400 54 3 0
3801401 54 51 0
3802748 54 38 0
3802748 54 38 0
3802790 54 38 2
3803902 54 0 2
3803932 54 38 2
3807283 54 2 0
3807284 54 51 0
4774578 54 38 0
4774578 54 38 0
4776799 54 38 2
4780755 54 38 2
4782171 54 7 0
4782293 54 7 2
4782861 54 38 0
4782861 54 38 0
4782895 54 38 2
4782965 54 38 2
4785161 54 38 0
4785161 54 38 0
4785195 54 38 2
4785203 54 38 2
5751101 54 38 0
5751101 54 38 0
5752281 54 38 2
5754888 54 38 2
5756725 54 0 2
5756872 54 38 0
5756872 54 38 0
5756906 54 38 2
5756914 54 38 2
5757198 54 7 0
5760652 54 7 2
5762564 54 38 0
5762564 54 38 0
5762598 54 38 2
5762606 54 38 2
