0 23 51 0
2784 23 51 2
2788 23 22 0
4506 23 22 2
4518 23 1 0
5310 23 1 2
5330 23 24 0
5472 23 24 2
27289 23 63 1
27485 23 2 2
27567 23 63 2
43873 23 63 1
44074 23 2 2
44155 23 63 2
68284 23 63 1
68484 23 0 2
68581 23 63 2
74036 23 63 1
74234 23 2 2
74315 23 63 2
90184 23 63 1
90384 23 2 2
90465 23 63 2
112043 23 63 1
112244 23 2 2
112325 23 63 2
168842 23 63 1
169045 23 2 2
169127 23 63 2
192142 23 63 1
192345 23 2 2
192427 23 63 2
208796 23 63 1
209014 23 2 2
209095 23 63 2
228592 23 63 1
228795 23 2 2
228877 23 63 2
251942 23 63 1
252145 23 2 2
252227 23 63 2
289958 23 63 1
290154 23 2 2
290235 23 63 2
295945 23 63 1
296144 23 2 2
296225 23 63 2
329712 23 63 1
329914 23 2 2
329995 23 63 2
330059 23 2 0
330060 23 63 1
330255 23 2 2
330337 23 63 2
375242 23 2 0
375243 23 63 1
375444 23 2 2
375525 23 63 2
375589 23 2 0
375590 23 63 1
375785 23 2 2
375867 23 63 2
449646 23 63 1
449844 23 2 2
449925 23 63 2
642836 23 2 0
642837 23 63 1
643034 23 2 2
643115 23 63 2
654944 23 63 1
655144 23 2 2
655225 23 63 2
700682 23 2 0
700683 23 63 1
700884 23 2 2
700965 23 63 2
702057 23 2 0
702058 23 63 1
702254 23 2 2
702335 23 63 2
716094 23 2 0
716095 23 63 1
716294 23 2 2
716375 23 63 2
718018 23 2 0
718019 23 63 1
718214 23 2 2
718295 23 63 2
719165 23 2 0
726513 23 63 1
726714 23 3 2
726787 23 63 2
737027 23 2 0
737028 23 2 2
755174 23 63 1
755374 23 3 2
755447 23 63 2
758202 23 2 0
758203 23 63 1
758405 23 2 2
758487 23 63 2
781281 23 2 0
781722 23 2 0
781723 23 63 1
781925 23 2 2
782007 23 63 2
783850 23 63 1
784054 23 3 2
784127 23 63 2
809452 23 2 0
809453 23 63 1
809655 23 2 2
809737 23 63 2
816132 23 63 1
816334 23 3 2
816407 23 63 2
832872 23 2 0
832873 23 63 1
833075 23 2 2
833157 23 63 2
850355 23 2 0
850356 23 2 2
860131 23 63 1
860334 23 3 2
860407 23 63 2
867086 23 4 0
869498 23 4 2
869550 23 44 0
870711 23 44 2
870723 23 5 0
870907 23 5 2
870919 23 45 0
871203 23 45 2
871271 23 24 0
871632 23 24 2
871664 23 25 0
871787 23 25 2
871795 23 26 0
871892 23 26 2
871932 23 27 0
872231 23 27 2
872251 23 33 0
872379 23 33 2
872399 23 35 0
872499 23 35 2
872507 23 41 0
872856 23 41 2
872872 23 42 0
873154 23 42 2
873186 23 1 0
873338 23 1 2
873374 23 36 0
873471 23 36 2
873483 23 43 0
873914 23 43 2
873930 23 17 0
874003 23 17 2
874095 23 27 0
874187 23 27 2
874191 23 37 0
874292 23 37 2
874304 23 17 0
874456 23 17 2
874464 23 15 0
874636 23 15 2
874676 23 16 0
874835 23 16 2
874875 23 18 0
874964 23 18 2
874988 23 61 0
875316 23 61 2
875328 23 54 0
875539 23 54 2
875559 23 9 0
875649 23 9 2
875657 23 19 0
875786 23 19 2
875790 23 35 0
876084 23 35 2
876100 23 53 0
876338 23 53 2
876378 23 33 0
876476 23 63 1
876501 23 33 2
876513 23 36 0
876611 23 36 2
876631 23 40 0
876684 23 62 2
876704 23 63 1
876757 23 63 2
876944 23 57 2
877001 23 40 2
877025 23 37 0
877059 23 63 2
877150 23 37 2
877254 23 38 0
877396 23 38 2
877400 23 48 0
877581 23 63 1
877747 23 48 2
877771 23 8 0
877844 23 21 2
877878 23 8 2
877885 23 63 2
877886 23 29 0
878013 23 29 2
878053 23 0 0
878162 23 0 2
878174 23 38 0
878345 23 38 2
878361 23 39 0
878522 23 39 2
878526 23 39 0
878882 23 39 2
878938 23 36 0
879071 23 36 2
879103 23 38 0
879228 23 38 2
879244 23 51 0
879384 23 51 2
879440 23 37 0
879450 23 63 1
879654 23 0 2
879704 23 37 2
879712 23 52 0
879756 23 63 2
879757 23 0 0
879816 23 2 0
879825 23 52 2
879861 23 45 0
879875 23 0 0
879987 23 0 0
880098 23 0 0
880142 23 45 2
880162 23 53 0
880230 23 0 0
880307 23 53 2
880331 23 54 0
880350 23 0 0
880444 23 54 2
880460 23 11 0
880466 23 0 0
880590 23 0 0
880760 23 11 2
880772 23 56 0
880815 23 0 0
880917 23 56 2
880921 23 12 0
880986 23 0 0
881177 23 0 0
881182 23 12 2
881190 23 57 0
881348 23 57 2
881352 23 2 0
881359 23 0 0
881558 23 0 0
881677 23 63 1
881801 23 0 0
881846 23 2 2
881898 23 37 0
881924 23 39 2
881953 23 0 0
881965 23 63 2
881995 23 37 2
882011 23 40 0
882073 23 0 0
882141 23 40 2
882197 23 58 0
882227 23 0 0
882335 23 58 2
882365 23 0 0
882395 23 35 0
882492 23 0 0
882498 23 35 2
882502 23 50 0
882604 23 0 0
882630 23 50 2
882650 23 62 0
882771 23 62 2
882799 23 38 0
882852 23 0 0
883000 23 0 0
883084 23 38 2
883156 23 63 0
883172 23 0 0
883363 23 0 0
883443 23 63 2
883483 23 12 0
883529 23 0 0
883567 23 63 1
883783 23 0 0
883817 23 12 2
883824 23 52 2
883841 23 2 0
883890 23 3 0
883905 23 63 2
883941 23 0 0
884022 23 2 2
884046 23 13 0
884053 23 0 0
884192 23 0 0
884291 23 13 2
884359 23 0 0
884387 23 3 0
884504 23 0 0
884516 23 3 2
884556 23 23 0
884635 23 0 0
884743 23 23 2
884756 23 0 0
884759 23 24 0
884874 23 24 2
884877 23 0 0
884982 23 58 0
885028 23 0 0
885183 23 0 0
885283 23 58 2
885291 23 25 0
885340 23 0 0
885434 23 25 2
885462 23 26 0
885565 23 0 0
885592 23 26 2
885672 23 0 0
885714 23 0 0
885783 23 0 2
885791 23 3 0
885846 23 0 0
885993 23 0 0
886137 23 3 2
886170 23 0 0
886181 23 4 0
886305 23 0 0
886337 23 4 2
886433 23 5 0
886456 23 0 0
886579 23 0 0
886606 23 5 2
886646 23 15 0
886709 23 0 0
886887 23 15 2
886895 23 14 0
886895 23 0 0
887051 23 0 0
887249 23 0 0
887261 23 14 2
887273 23 50 0
887397 23 0 0
887416 23 50 2
887444 23 6 0
887554 23 0 0
887634 23 6 2
887654 23 4 0
887745 23 0 0
887770 23 4 2
887778 23 8 0
887857 23 0 0
887887 23 8 2
887891 23 47 0
888106 23 0 0
888268 23 0 0
888434 23 0 0
888567 23 0 0
888607 23 47 2
888615 23 49 0
888742 23 0 0
888770 23 49 2
888786 23 11 0
888894 23 0 0
888894 23 11 2
888930 23 5 0
889017 23 0 0
889101 23 5 2
889125 23 37 0
889159 23 0 0
889324 23 0 0
889396 23 37 2
889460 23 4 0
889460 23 0 0
889590 23 4 2
889594 23 1 0
889683 23 1 2
889711 23 27 0
889809 23 27 2
889817 23 2 0
889906 23 2 2
889918 23 11 0
890008 23 11 2
890016 23 7 0
890059 23 7 2
890079 23 3 0
890200 23 3 2
890308 23 6 0
890511 23 6 2
890531 23 9 0
890637 23 9 2
890809 23 8 0
890981 23 8 2
890993 23 11 0
891124 23 11 2
891144 23 12 0
891253 23 12 2
891277 23 16 0
891535 23 16 2
891543 23 13 0
891673 23 13 2
891721 23 2 0
891873 23 2 2
891917 23 40 0
892268 23 40 2
892272 23 25 0
892461 23 25 2
892477 23 31 0
892934 23 31 2
892970 23 33 0
893124 23 33 2
893128 23 36 0
893337 23 36 2
893345 23 4 0
893464 23 4 2
893556 23 5 0
893716 23 5 2
893748 23 34 0
893906 23 34 2
893926 23 35 0
894114 23 35 2
894138 23 32 0
894382 23 32 2
894450 23 17 0
894754 23 17 2
895050 23 38 0
895050 23 38 0
895092 23 38 2
895258 23 38 2
895266 23 27 0
895414 23 27 2
895434 23 35 0
895506 23 35 2
895562 23 28 0
895663 23 28 2
895731 23 3 0
895806 23 3 2
895810 23 46 0
895870 23 46 2
895890 23 4 0
895991 23 4 2
896023 23 0 0
896150 23 0 2
896154 23 29 0
896283 23 29 2
896427 23 47 0
896476 23 47 2
896548 23 30 0
896755 23 30 2
897107 23 31 0
897238 23 31 2
897242 23 44 0
897454 23 44 2
897462 23 43 0
897720 23 43 2
897852 23 32 0
897974 23 32 2
898298 23 33 0
898493 23 33 2
898541 23 33 0
898709 23 33 2
898717 23 27 0
898901 23 27 2
899005 23 54 0
900238 23 54 2
900250 23 28 0
900370 23 28 2
900386 23 46 0
900663 23 46 2
900671 23 56 0
900869 23 56 2
900885 23 47 0
901130 23 47 2
901230 23 41 0
901378 23 41 2
901426 23 61 0
902021 23 61 2
902025 23 39 0
902495 23 39 2
902507 23 7 0
902725 23 7 2
902785 23 8 0
902893 23 8 2
902925 23 63 0
903391 23 63 2
903499 23 0 0
903617 23 0 2
903645 23 57 0
903802 23 57 2
903870 23 58 0
904070 23 58 2
904154 23 46 0
904154 23 46 0
904204 23 46 2
904347 23 46 2
904359 23 59 0
904606 23 59 2
904638 23 32 0
904793 23 32 2
904801 23 50 0
904898 23 50 2
904974 23 60 0
905144 23 60 2
905152 23 62 0
905302 23 62 2
905306 23 3 0
905414 23 3 2
905426 23 5 0
905568 23 5 2
905596 23 17 0
905743 23 17 2
905763 23 6 0
905959 23 6 2
906051 23 11 0
906360 23 11 2
906368 23 10 0
906457 23 10 2
906477 23 11 0
906604 23 11 2
906612 23 6 0
906817 23 6 2
906853 23 36 0
907152 23 36 2
907212 23 12 0
907378 23 12 2
907386 23 0 0
907518 23 0 2
907642 23 15 0
908006 23 15 2
908126 23 7 0
908280 23 7 2
908296 23 0 0
908574 23 0 2
908722 23 9 0
908882 23 9 2
908914 23 8 0
909052 23 8 2
909080 23 45 0
909363 23 45 2
909471 23 14 0
909537 23 14 2
909833 23 31 0
909898 23 31 2
909942 23 35 0
910112 23 2 0
910113 23 63 1
910234 23 35 2
910294 23 32 0
910335 23 2 2
910416 23 32 2
910418 23 63 2
910472 23 46 0
910472 23 46 0
910522 23 46 2
910530 23 46 2
910574 23 33 0
910700 23 33 2
910792 23 34 0
910915 23 34 2
910947 23 1 0
911038 23 1 2
911082 23 32 0
911308 23 32 2
911316 23 35 0
911477 23 35 2
911481 23 60 0
911692 23 60 2
911708 23 61 0
912028 23 61 2
912088 23 48 0
912229 23 48 2
912269 23 49 0
912428 23 49 2
912464 23 36 0
912464 23 36 0
912524 23 36 2
912594 23 36 2
912658 23 37 0
912658 23 37 0
912708 23 37 2
912890 23 37 2
912938 23 58 0
913186 23 58 2
913198 23 31 0
913422 23 31 2
913434 23 30 0
913795 23 30 2
913803 23 59 0
914246 23 59 2
914298 23 34 0
914514 23 63 1
914575 23 34 2
914615 23 0 0
914615 23 0 0
914705 23 0 2
914724 23 3 2
914797 23 63 2
914876 23 0 2
914884 23 33 0
915237 23 33 2
915253 23 60 0
915480 23 60 2
915500 23 32 0
915793 23 32 2
915869 23 61 0
916579 23 61 2
916703 23 62 0
916957 23 62 2
917045 23 12 0
917152 23 12 2
917164 23 39 0
917414 23 39 2
917426 23 13 0
917535 23 13 2
917539 23 48 0
917678 23 48 2
917690 23 59 0
917927 23 59 2
917955 23 54 0
917955 23 54 0
918013 23 54 2
918102 23 54 2
918142 23 55 0
918405 23 55 2
918429 23 56 0
918583 23 56 2
918611 23 57 0
918762 23 57 2
918826 23 58 0
918994 23 58 2
919030 23 49 0
919179 23 49 2
919219 23 63 0
919455 23 63 2
919503 23 15 0
919612 23 15 2
919628 23 44 0
919742 23 44 2
919762 23 45 0
919876 23 45 2
920124 23 0 0
920230 23 0 2
920289 23 22 2
920322 23 1 0
920432 23 1 2
920532 23 2 0
920657 23 2 2
920677 23 41 0
920800 23 41 2
920803 23 22 2
920872 23 3 0
920988 23 3 2
921061 23 22 2
921248 23 5 0
921270 23 22 2
921357 23 5 2
921405 23 6 0
921515 23 6 2
921603 23 7 0
921739 23 7 2
921847 23 8 0
921915 23 21 2
921973 23 8 2
922029 23 1 0
922029 23 1 0
922113 23 1 2
922174 23 1 2
922438 23 21 2
922606 23 10 0
922695 23 10 2
922711 23 46 0
922763 23 20 2
922777 23 46 2
922785 23 4 0
922892 23 4 2
922916 23 47 0
922982 23 47 2
923126 23 12 0
923192 23 12 2
923294 23 20 2
923556 23 10 0
923662 23 10 2
923782 23 1 0
923888 23 1 2
924336 23 46 0
924336 23 46 0
924386 23 46 2
924450 23 46 2
924482 23 47 0
924482 23 47 0
924525 23 47 2
924596 23 47 2
924740 23 12 0
924846 23 12 2
925330 23 1 0
925330 23 1 0
925414 23 1 2
925441 23 1 2
925889 23 46 0
925964 23 18 2
925995 23 46 2
926027 23 47 0
926027 23 47 0
926069 23 47 2
926135 23 47 2
926279 23 12 0
926377 23 12 2
926511 23 18 2
926764 23 19 2
926861 23 1 0
926861 23 1 0
926943 23 1 2
926956 23 1 2
927303 23 19 2
927404 23 46 0
927404 23 46 0
927454 23 46 2
927503 23 46 2
927535 23 47 0
927633 23 47 2
927777 23 12 0
927867 23 12 2
928351 23 1 0
928351 23 1 0
928433 23 1 2
928441 23 1 2
928889 23 46 0
928889 23 46 0
928939 23 46 2
928947 23 46 2
928979 23 47 0
928979 23 47 0
929021 23 47 2
929029 23 47 2
929173 23 12 0
929173 23 12 0
929225 23 12 2
929233 23 12 2
929717 23 1 0
929717 23 1 0
929799 23 1 2
929825 23 1 2
930273 23 46 0
930273 23 46 0
930323 23 46 2
930332 23 46 2
930364 23 47 0
930364 23 47 0
930406 23 47 2
930414 23 47 2
930558 23 12 0
930558 23 12 0
930608 23 12 2
930619 23 12 2
931103 23 1 0
931103 23 1 0
931185 23 1 2
931194 23 1 2
931642 23 46 0
931642 23 46 0
931692 23 46 2
931700 23 46 2
931732 23 47 0
931732 23 47 0
931774 23 47 2
931782 23 47 2
931926 23 12 0
931926 23 12 0
931976 23 12 2
931984 23 12 2
932468 23 1 0
932468 23 1 0
932550 23 1 2
932558 23 1 2
933006 23 46 0
933006 23 46 0
933056 23 46 2
933064 23 46 2
933096 23 47 0
933096 23 47 0
933138 23 47 2
933146 23 47 2
933290 23 12 0
933290 23 12 0
933341 23 12 2
933348 23 12 2
933832 23 1 0
933832 23 1 0
933892 23 2 0
933893 23 63 1
933914 23 1 2
933922 23 1 2
934095 23 2 2
934177 23 63 2
934354 23 11 0
934443 23 11 2
934459 23 46 0
934459 23 46 0
934509 23 46 2
934517 23 46 2
934549 23 47 0
934549 23 47 0
934591 23 47 2
934598 23 47 2
934742 23 12 0
934742 23 12 0
934792 23 12 2
934800 23 12 2
935284 23 1 0
935284 23 1 0
935366 23 1 2
935373 23 1 2
935821 23 46 0
935821 23 46 0
935871 23 46 2
935884 23 46 2
935916 23 47 0
935916 23 47 0
935958 23 47 2
935968 23 47 2
936112 23 12 0
936112 23 12 0
936162 23 12 2
936171 23 12 2
936655 23 1 0
936655 23 1 0
936738 23 1 2
936747 23 1 2
937195 23 46 0
937195 23 46 0
937245 23 46 2
937253 23 46 2
937285 23 47 0
937285 23 47 0
937327 23 47 2
937335 23 47 2
937479 23 12 0
937479 23 12 0
937529 23 12 2
937537 23 12 2
938021 23 1 0
938021 23 1 0
938103 23 1 2
938111 23 1 2
938559 23 46 0
938559 23 46 0
938609 23 46 2
938616 23 46 2
938648 23 47 0
938648 23 47 0
938690 23 47 2
938698 23 47 2
938842 23 12 0
938842 23 12 0
938893 23 12 2
938901 23 12 2
939385 23 1 0
939385 23 1 0
939468 23 1 2
939473 23 1 2
939921 23 46 0
939921 23 46 0
939971 23 46 2
939979 23 46 2
940011 23 47 0
940011 23 47 0
940053 23 47 2
940061 23 47 2
940205 23 12 0
940205 23 12 0
940255 23 12 2
940263 23 12 2
940747 23 1 0
940747 23 1 0
940829 23 1 2
940837 23 1 2
941285 23 46 0
941285 23 46 0
941335 23 46 2
941343 23 46 2
941375 23 47 0
941375 23 47 0
941417 23 47 2
941425 23 47 2
941569 23 12 0
941569 23 12 0
941604 23 63 1
941619 23 12 2
941627 23 12 2
941805 23 3 2
941880 23 63 2
942111 23 1 0
942111 23 1 0
942194 23 1 2
942200 23 1 2
942648 23 46 0
942648 23 46 0
942698 23 46 2
942705 23 46 2
942737 23 47 0
942737 23 47 0
942779 23 47 2
942786 23 47 2
942930 23 12 0
942930 23 12 0
942980 23 12 2
942987 23 12 2
943471 23 1 0
943471 23 1 0
943553 23 1 2
943563 23 1 2
944011 23 46 0
944011 23 46 0
944061 23 46 2
944079 23 46 2
944111 23 47 0
944111 23 47 0
944153 23 47 2
944161 23 47 2
944305 23 12 0
944305 23 12 0
944355 23 12 2
944362 23 12 2
944846 23 1 0
944846 23 1 0
944929 23 1 2
944934 23 1 2
945366 23 12 0
945366 23 12 0
945416 23 12 2
945423 23 12 2
945439 23 46 0
945439 23 46 0
945489 23 46 2
945496 23 46 2
945528 23 47 0
945528 23 47 0
945578 23 47 2
945600 23 47 2
945722 23 12 0
945722 23 12 0
945772 23 12 2
945782 23 12 2
946266 23 1 0
946266 23 1 0
946355 23 1 2
946398 23 1 2
946803 23 46 0
946803 23 46 0
946893 23 46 2
946913 23 46 2
946925 23 47 0
946925 23 47 0
946976 23 47 2
947047 23 47 2
947120 23 12 0
947120 23 12 0
947183 23 12 2
947213 23 12 2
947667 23 1 0
947667 23 1 0
947759 23 1 2
947776 23 1 2
948224 23 46 0
948224 23 46 0
948274 23 46 2
948282 23 46 2
948314 23 47 0
948314 23 47 0
948386 23 47 2
948404 23 47 2
948548 23 12 0
948548 23 12 0
948598 23 12 2
948615 23 12 2
949099 23 1 0
949099 23 1 0
949191 23 1 2
949212 23 1 2
949660 23 46 0
949660 23 46 0
949712 23 46 2
949719 23 46 2
949751 23 47 0
949751 23 47 0
949833 23 47 2
949842 23 47 2
949986 23 12 0
949986 23 12 0
950038 23 12 2
950044 23 12 2
950528 23 1 0
950528 23 1 0
950630 23 1 2
950648 23 1 2
951096 23 46 0
951096 23 46 0
951157 23 46 2
951161 23 46 2
951193 23 47 0
951193 23 47 0
951255 23 47 2
951273 23 47 2
951417 23 12 0
951417 23 12 0
951467 23 12 2
951476 23 12 2
951960 23 1 0
951960 23 1 0
952052 23 1 2
952071 23 1 2
952519 23 46 0
952519 23 46 0
952569 23 46 2
952577 23 46 2
952609 23 47 0
952609 23 47 0
952692 23 47 2
952709 23 47 2
952853 23 12 0
952853 23 12 0
952905 23 12 2
952917 23 12 2
953401 23 1 0
953401 23 1 0
953495 23 1 2
953503 23 1 2
953820 23 2 0
953821 23 2 2
953951 23 46 0
953951 23 46 0
954001 23 46 2
954009 23 46 2
954041 23 47 0
954041 23 47 0
954113 23 47 2
954130 23 47 2
954274 23 12 0
954274 23 12 0
954325 23 12 2
954343 23 12 2
954827 23 1 0
954827 23 1 0
954919 23 1 2
954937 23 1 2
955385 23 46 0
955385 23 46 0
955435 23 46 2
955442 23 46 2
955474 23 47 0
955474 23 47 0
955536 23 47 2
955554 23 47 2
955698 23 12 0
955698 23 12 0
955753 23 12 2
955769 23 12 2
956253 23 1 0
956253 23 1 0
956355 23 1 2
956368 23 1 2
956800 23 13 0
956842 23 2 0
956843 23 2 2
956948 23 13 2
956964 23 46 0
956964 23 46 0
957023 23 46 2
957044 23 46 2
957055 23 47 0
957055 23 47 0
957097 23 47 2
957126 23 47 2
957270 23 12 0
957270 23 12 0
957320 23 12 2
957328 23 12 2
957812 23 1 0
957812 23 1 0
957932 23 1 2
958045 23 1 2
958380 23 46 0
958380 23 46 0
958438 23 46 2
958470 23 47 0
958470 23 47 0
958500 23 46 2
958532 23 47 2
958570 23 47 2
958714 23 12 0
958714 23 12 0
958764 23 12 2
958772 23 12 2
959256 23 1 0
959256 23 1 0
959348 23 1 2
959355 23 1 2
959803 23 46 0
959803 23 46 0
959853 23 46 2
959861 23 46 2
959893 23 47 0
959893 23 47 0
959965 23 47 2
959983 23 47 2
960127 23 12 0
960127 23 12 0
960178 23 12 2
960186 23 12 2
960670 23 1 0
960670 23 1 0
960773 23 1 2
960790 23 1 2
961238 23 46 0
961238 23 46 0
961288 23 46 2
961296 23 46 2
961328 23 47 0
961328 23 47 0
961391 23 47 2
961419 23 47 2
961563 23 12 0
961563 23 12 0
961615 23 12 2
961623 23 12 2
962107 23 1 0
962107 23 1 0
962209 23 1 2
962226 23 1 2
962674 23 46 0
962674 23 46 0
962724 23 46 2
962732 23 46 2
962764 23 47 0
962764 23 47 0
962826 23 47 2
962860 23 47 2
963004 23 12 0
963004 23 12 0
963054 23 12 2
963061 23 12 2
963545 23 1 0
963545 23 1 0
963638 23 1 2
963656 23 1 2
964104 23 46 0
964104 23 46 0
964154 23 46 2
964162 23 46 2
964194 23 47 0
964194 23 47 0
964256 23 47 2
964285 23 47 2
964429 23 12 0
964429 23 12 0
964479 23 12 2
964487 23 12 2
964971 23 1 0
964971 23 1 0
965073 23 1 2
965091 23 1 2
965539 23 46 0
965539 23 46 0
965589 23 46 2
965600 23 46 2
965632 23 47 0
965632 23 47 0
965694 23 47 2
965721 23 47 2
965865 23 12 0
965865 23 12 0
965915 23 12 2
965924 23 12 2
966308 23 2 0
966309 23 63 1
966408 23 1 0
966408 23 1 0
966505 23 2 2
966510 23 1 2
966519 23 1 2
966587 23 63 2
966937 23 2 0
966938 23 63 1
966967 23 46 0
966967 23 46 0
967017 23 46 2
967027 23 46 2
967059 23 47 0
967059 23 47 0
967131 23 47 2
967134 23 2 2
967160 23 47 2
967215 23 63 2
967304 23 12 0
967304 23 12 0
967354 23 12 2
967362 23 12 2
967846 23 1 0
967846 23 1 0
967938 23 1 2
967957 23 1 2
968389 23 14 0
968619 23 14 2
968635 23 46 0
968635 23 46 0
968685 23 46 2
968693 23 46 2
968725 23 47 0
968725 23 47 0
968776 23 47 2
968777 23 47 2
968920 23 12 0
968920 23 12 0
968970 23 12 2
968978 23 12 2
969462 23 1 0
969462 23 1 0
969545 23 1 2
969552 23 1 2
970000 23 46 0
970000 23 46 0
970058 23 46 2
970060 23 46 2
970090 23 47 0
970090 23 47 0
970148 23 47 2
970213 23 47 2
970292 23 12 0
970292 23 12 0
970350 23 12 2
970382 23 12 2
970494 23 63 1
970695 23 3 2
970769 23 63 2
970834 23 1 0
970834 23 1 0
970954 23 1 2
971000 23 1 2
971402 23 46 0
971402 23 46 0
971460 23 46 2
971492 23 47 0
971492 23 47 0
971523 23 46 2
971555 23 47 2
971582 23 47 2
971726 23 12 0
971726 23 12 0
971777 23 12 2
971784 23 12 2
972268 23 1 0
972268 23 1 0
972370 23 1 2
972387 23 1 2
972835 23 46 0
972835 23 46 0
972885 23 46 2
972893 23 46 2
972925 23 47 0
972925 23 47 0
972998 23 47 2
973034 23 47 2
973178 23 12 0
973178 23 12 0
973228 23 12 2
973235 23 12 2
973719 23 1 0
973719 23 1 0
973811 23 1 2
973829 23 1 2
974277 23 46 0
974277 23 46 0
974328 23 46 2
974336 23 46 2
974368 23 47 0
974368 23 47 0
974430 23 47 2
974459 23 47 2
974603 23 12 0
974603 23 12 0
974653 23 12 2
974661 23 12 2
975145 23 1 0
975145 23 1 0
975237 23 1 2
975246 23 1 2
975694 23 46 0
975694 23 46 0
975744 23 46 2
975752 23 46 2
975784 23 47 0
975784 23 47 0
975867 23 47 2
975882 23 47 2
976026 23 12 0
976026 23 12 0
976033 23 2 0
976034 23 2 2
976076 23 12 2
976093 23 12 2
976577 23 1 0
976577 23 1 0
976679 23 1 2
976698 23 1 2
977146 23 46 0
977146 23 46 0
977197 23 46 2
977205 23 46 2
977237 23 47 0
977237 23 47 0
977289 23 47 2
977317 23 47 2
977461 23 12 0
977461 23 12 0
977511 23 12 2
977519 23 12 2
978003 23 1 0
978003 23 1 0
978095 23 1 2
978123 23 1 2
978571 23 46 0
978571 23 46 0
978621 23 46 2
978629 23 46 2
978661 23 47 0
978661 23 47 0
978725 23 47 2
978750 23 47 2
978894 23 12 0
978894 23 12 0
978944 23 12 2
979002 23 12 2
979390 23 1 0
979390 23 1 0
979482 23 1 2
979499 23 1 2
979931 23 7 0
980081 23 7 2
980097 23 46 0
980097 23 46 0
980162 23 46 2
980231 23 46 2
980263 23 47 0
980263 23 47 0
980305 23 47 2
980323 23 47 2
980467 23 12 0
980467 23 12 0
980517 23 12 2
980526 23 12 2
981010 23 1 0
981010 23 1 0
981102 23 1 2
981150 23 1 2
981181 23 2 0
981182 23 2 2
981598 23 46 0
981598 23 46 0
981648 23 46 2
981656 23 46 2
981688 23 47 0
981688 23 47 0
981730 23 47 2
981778 23 47 2
981922 23 12 0
981922 23 12 0
981972 23 12 2
981980 23 12 2
982464 23 1 0
982464 23 1 0
982566 23 1 2
982585 23 1 2
983033 23 46 0
983033 23 46 0
983083 23 46 2
983090 23 46 2
983122 23 47 0
983122 23 47 0
983183 23 2 0
983184 23 63 1
983194 23 47 2
983202 23 47 2
983346 23 5 0
983385 23 2 2
983467 23 63 2
983695 23 5 2
983703 23 61 0
983874 23 61 2
983882 23 29 0
984128 23 29 2
984144 23 62 0
984144 23 62 0
984210 23 62 2
984302 23 62 2
984578 23 63 0
984578 23 63 0
984637 23 63 2
984756 23 63 2
985180 23 12 0
985180 23 12 0
985230 23 12 2
985247 23 12 2
985353 23 21 2
985687 23 11 0
985793 23 11 2
986005 23 1 0
986005 23 1 0
986087 23 1 2
986105 23 1 2
986553 23 46 0
986553 23 46 0
986604 23 46 2
986611 23 46 2
986643 23 47 0
986643 23 47 0
986685 23 47 2
986695 23 47 2
987571 23 12 0
987571 23 12 0
987621 23 12 2
987639 23 12 2
987736 23 21 2
988291 23 1 0
988291 23 1 0
988376 23 1 2
988386 23 1 2
988834 23 46 0
988834 23 46 0
988884 23 46 2
988891 23 46 2
988923 23 47 0
988923 23 47 0
988965 23 47 2
989024 23 47 2
989168 23 12 0
989168 23 12 0
989219 23 12 2
989229 23 12 2
989713 23 1 0
989713 23 1 0
989795 23 1 2
989803 23 1 2
990251 23 46 0
990251 23 46 0
990301 23 46 2
990308 23 46 2
990340 23 47 0
990340 23 47 0
990402 23 47 2
990469 23 47 2
990613 23 12 0
990613 23 12 0
990663 23 12 2
990672 23 12 2
991156 23 1 0
991156 23 1 0
991239 23 1 2
991246 23 1 2
991694 23 46 0
991694 23 46 0
991744 23 46 2
991752 23 46 2
991784 23 47 0
991784 23 47 0
991826 23 47 2
991853 23 47 2
991997 23 12 0
992056 23 12 2
992540 23 1 0
992540 23 1 0
992622 23 1 2
992653 23 1 2
993101 23 46 0
993101 23 46 0
993152 23 46 2
993163 23 46 2
993195 23 47 0
993195 23 47 0
993267 23 47 2
993284 23 47 2
993428 23 12 0
993485 23 12 2
993969 23 1 0
993969 23 1 0
994053 23 3 0
994054 23 63 1
994061 23 1 2
994078 23 1 2
994254 23 3 2
994327 23 63 2
994510 23 8 0
994628 23 8 2
994644 23 46 0
994644 23 46 0
994694 23 46 2
994702 23 46 2
994734 23 47 0
994734 23 47 0
994779 23 47 2
994788 23 47 2
994932 23 12 0
994932 23 12 0
994982 23 12 2
994991 23 12 2
995475 23 1 0
995475 23 1 0
995557 23 1 2
995585 23 1 2
996033 23 46 0
996033 23 46 0
996083 23 46 2
996092 23 46 2
996124 23 47 0
996124 23 47 0
996186 23 47 2
996225 23 47 2
996369 23 12 0
996369 23 12 0
996419 23 12 2
996436 23 12 2
996920 23 1 0
996920 23 1 0
997002 23 1 2
997010 23 1 2
997458 23 46 0
997458 23 46 0
997508 23 46 2
997516 23 46 2
997548 23 47 0
997548 23 47 0
997610 23 47 2
997661 23 47 2
997805 23 12 0
997805 23 12 0
997862 23 12 2
997864 23 12 2
998348 23 1 0
998348 23 1 0
998430 23 1 2
998438 23 1 2
998886 23 46 0
998886 23 46 0
998936 23 46 2
998945 23 46 2
998977 23 47 0
998977 23 47 0
999049 23 47 2
999077 23 47 2
999221 23 12 0
999221 23 12 0
999271 23 12 2
999280 23 12 2
999764 23 1 0
999764 23 1 0
999846 23 1 2
999873 23 1 2
1000124 23 2 0
1000125 23 63 1
1000321 23 46 0
1000321 23 46 0
1000325 23 2 2
1000371 23 46 2
1000379 23 46 2
1000407 23 63 2
1000411 23 47 0
1000411 23 47 0
1000484 23 47 2
1000510 23 47 2
1000654 23 12 0
1000654 23 12 0
1000704 23 12 2
1000712 23 12 2
1001196 23 1 0
1001196 23 1 0
1001278 23 1 2
1001296 23 1 2
1001744 23 46 0
1001744 23 46 0
1001794 23 46 2
1001802 23 46 2
1001834 23 47 0
1001834 23 47 0
1001906 23 47 2
1001934 23 47 2
1002078 23 12 0
1002078 23 12 0
1002128 23 12 2
1002136 23 12 2
1002620 23 1 0
1002620 23 1 0
1002712 23 1 2
1002730 23 1 2
1003178 23 46 0
1003178 23 46 0
1003231 23 46 2
1003239 23 46 2
1003271 23 47 0
1003271 23 47 0
1003334 23 47 2
1003371 23 47 2
1003515 23 12 0
1003515 23 12 0
1003565 23 12 2
1003573 23 12 2
1004057 23 1 0
1004057 23 1 0
1004140 23 1 2
1004158 23 1 2
1004606 23 46 0
1004606 23 46 0
1004656 23 46 2
1004663 23 46 2
1004695 23 47 0
1004695 23 47 0
1004767 23 47 2
1004805 23 47 2
1004949 23 12 0
1004949 23 12 0
1004999 23 12 2
1005007 23 12 2
1005491 23 1 0
1005491 23 1 0
1005573 23 1 2
1005601 23 1 2
1006049 23 46 0
1006049 23 46 0
1006132 23 46 2
1006169 23 46 2
1006201 23 47 0
1006201 23 47 0
1006273 23 47 2
1006301 23 47 2
1006445 23 12 0
1006445 23 12 0
1006495 23 12 2
1006504 23 12 2
1006988 23 1 0
1006988 23 1 0
1007070 23 1 2
1007078 23 1 2
1007526 23 46 0
1007526 23 46 0
1007576 23 46 2
1007594 23 46 2
1007626 23 47 0
1007626 23 47 0
1007698 23 47 2
1007726 23 47 2
1007870 23 12 0
1007870 23 12 0
1007920 23 12 2
1007930 23 12 2
1008414 23 1 0
1008414 23 1 0
1008496 23 1 2
1008503 23 1 2
1008951 23 46 0
1008951 23 46 0
1009001 23 46 2
1009029 23 46 2
1009061 23 47 0
1009061 23 47 0
1009154 23 47 2
1009183 23 47 2
1009327 23 12 0
1009327 23 12 0
1009377 23 12 2
1009385 23 12 2
1009869 23 1 0
1009869 23 1 0
1009951 23 1 2
1009959 23 1 2
1010407 23 46 0
1010407 23 46 0
1010458 23 46 2
1010466 23 46 2
1010498 23 47 0
1010498 23 47 0
1010590 23 47 2
1010618 23 47 2
1010762 23 12 0
1010762 23 12 0
1010812 23 12 2
1010821 23 12 2
1011305 23 1 0
1011305 23 1 0
1011387 23 1 2
1011395 23 1 2
1011545 23 18 2
1011761 23 20 2
1011843 23 46 0
1011843 23 46 0
1011893 23 46 2
1011901 23 46 2
1011933 23 47 0
1011933 23 47 0
1011976 23 47 2
1011981 23 47 2
1012125 23 12 0
1012125 23 12 0
1012175 23 12 2
1012182 23 12 2
1012314 23 1 0
1012808 23 1 2
1013160 23 1 0
1013160 23 1 0
1013243 23 1 2
1013257 23 1 2
1013565 23 21 2
1013705 23 46 0
1013705 23 46 0
1013756 23 46 2
1013773 23 46 2
1013805 23 47 0
1013805 23 47 0
1013848 23 47 2
1013866 23 47 2
1013933 23 3 0
1014010 23 12 0
1014010 23 12 0
1014060 23 12 2
1014067 23 12 2
1014166 23 3 0
1014167 23 3 2
1014199 23 1 0
1014313 23 1 2
1014415 23 63 1
1014607 23 19 2
1014614 23 3 2
1014665 23 1 0
1014688 23 63 2
1014779 23 1 2
1015227 23 46 0
1015227 23 46 0
1015280 23 46 2
1015296 23 46 2
1015328 23 47 0
1015328 23 47 0
1015370 23 47 2
1015379 23 47 2
1015523 23 12 0
1015523 23 12 0
1015573 23 12 2
1015580 23 12 2
1016056 23 9 0
1016382 23 9 2
1016506 23 55 0
1016579 23 55 2
1016583 23 1 0
1016691 23 1 2
1016715 23 56 0
1016915 23 56 2
1016935 23 45 0
1017009 23 45 2
1017061 23 1 0
1017061 23 24 2
1017217 23 1 2
1017221 23 46 0
1017353 23 24 2
1017496 23 46 2
1017512 23 1 0
1017626 23 1 2
1017686 23 63 0
1017972 23 63 2
1017980 23 47 0
1018087 23 47 2
1018191 23 62 0
1018191 23 62 0
1018257 23 62 2
1018265 23 62 2
1018333 23 29 0
1018423 23 29 2
1018463 23 30 0
1018572 23 30 2
1018616 23 17 0
1018713 23 17 2
1018769 23 18 0
1018859 23 18 2
1018895 23 22 0
1018986 23 22 2
1019038 23 3 0
1019849 23 3 2
1019857 23 19 0
1019918 23 22 2
1019939 23 19 2
1019943 23 3 0
1020493 23 3 2
1020797 23 17 2
1020805 23 3 0
1026695 23 3 2
1026762 23 42 2
1026767 23 3 0
1029645 23 2 0
1030165 23 3 0
1031069 23 6 0
1031069 23 3 0
1031069 23 3 2
1031180 23 3 0
1031180 23 6 2
1031274 23 6 0
1031385 23 8 0
1031493 23 6 0
1031493 23 8 0
1031493 23 3 2
1031608 23 3 0
1031690 23 6 0
1031839 23 5 0
1031839 23 6 2
1031969 23 6 0
1032231 23 10 0
1032231 23 8 2
1032343 23 8 0
1032479 23 4 0
1032479 23 8 2
1032587 23 8 0
1032689 23 11 0
1032776 23 4 0
1032776 23 11 0
1032776 23 5 2
1032949 23 5 0
1032949 23 10 2
1033050 23 10 0
1033144 23 5 0
1033522 23 10 0
1033522 23 11 2
1033668 23 11 0
1033668 23 4 2
1033761 23 4 0
1033761 23 11 2
1033853 23 11 0
1034245 23 4 0
1034369 23 7 0
1034776 23 7 0
1035237 23 14 0
1035237 23 17 0
1035237 23 7 0
1035237 23 7 2
1035332 23 7 0
1035456 23 1 0
1035456 23 17 2
1035557 23 17 0
1035662 23 1 0
1035662 23 7 2
1035764 23 7 0
1035856 23 13 0
1035938 23 13 0
1036032 23 13 0
1036096 23 7 0
1036096 23 22 0
1036096 23 13 0
1036096 23 17 2
1036198 23 17 0
1036290 23 22 0
1036290 23 14 2
1036363 23 14 0
1036363 23 17 2
1036475 23 17 0
1036475 23 1 2
1036581 23 1 0
1036693 23 14 0
1036693 23 13 2
1036765 23 13 0
1036765 23 1 2
1036876 23 1 0
1036978 23 13 0
1037099 23 14 0
1037099 23 22 2
1037152 23 22 0
1037235 23 14 0
1037235 23 13 2
1037320 23 13 0
1037392 23 22 0
1037477 23 14 0
1037618 23 14 0
1037729 23 14 0
1037789 23 0 0
1037789 23 13 0
1037789 23 24 0
1037789 23 14 0
1037789 23 22 2
1037892 23 22 0
1037973 23 14 0
1038048 23 22 0
1038139 23 22 0
1038169 23 3 0
1038170 23 2 0
1038212 23 12 0
1038212 23 19 0
1038212 23 22 0
1038212 23 14 2
1038297 23 14 0
1038373 23 19 0
1038373 23 14 2
1038450 23 14 0
1038530 23 15 0
1038530 23 0 2
1038665 23 0 0
1038665 23 24 2
1038787 23 24 0
1038897 23 15 0
1039026 23 24 0
1039026 23 15 0
1039026 23 12 2
1039128 23 12 0
1039128 23 0 2
1039237 23 0 0
1039344 23 12 0
1039344 23 19 2
1039419 23 19 0
1039488 23 21 0
1039575 23 19 0
1039575 23 21 0
1039575 23 12 2
1039649 23 12 0
1039758 23 24 0
1039870 23 12 0
1039940 23 12 0
1040030 23 20 0
1040030 23 26 0
1040030 23 12 0
1040030 23 24 2
1040143 23 24 0
1040229 23 3 2
1040243 23 19 0
1040243 23 15 2
1040328 23 15 0
1040441 23 26 0
1040533 23 15 0
1040533 23 26 0
1040533 23 21 2
1040545 23 1 0
1040545 23 1 0
1040623 23 21 0
1040623 23 19 2
1040627 23 1 2
1040635 23 1 2
1040706 23 19 0
1040757 23 51 2
1040797 23 25 0
1040897 23 25 0
1040899 23 21 0
1040940 23 21 2
1040944 23 30 0
1040990 23 25 0
1041044 23 30 2
1041056 23 24 0
1041090 23 21 0
1041090 23 33 0
1041090 23 25 0
1041090 23 15 2
1041193 23 15 0
1041193 23 21 2
1041202 23 24 2
1041284 23 21 0
1041284 23 20 2
1041302 23 25 0
1041366 23 20 0
1041408 23 25 2
1041416 23 23 0
1041425 23 2 0
1041425 23 23 2
1041468 23 9 0
1041468 23 26 2
1041507 23 23 2
1041571 23 26 0
1041571 23 26 0
1041672 23 33 0
1041680 23 26 2
1041744 23 27 0
1041778 23 9 0
1041778 23 33 0
1041778 23 25 2
1041834 23 27 2
1041866 23 34 0
1041883 23 25 0
1041883 23 15 2
1041981 23 34 2
1041983 23 15 0
1041993 23 26 0
1042074 23 21 0
1042100 23 26 2
1042162 23 19 0
1042196 23 55 0
1042254 23 19 0
1042320 23 55 2
1042324 23 20 0
1042324 23 25 0
1042324 23 19 0
1042324 23 21 2
1042328 23 27 0
1042410 23 21 0
1042418 23 27 2
1042466 23 23 0
1042498 23 39 0
1042613 23 26 0
1042613 23 39 0
1042613 23 33 2
1042714 23 33 0
1042714 23 9 2
1042823 23 9 0
1042914 23 21 0
1042914 23 26 2
1043018 23 26 0
1043102 23 20 0
1043102 23 33 2
1043215 23 33 0
1043315 23 38 0
1043374 23 23 2
1043378 23 28 0
1043385 23 38 0
1043478 23 28 2
1043492 23 38 0
1043530 23 56 0
1043530 23 56 0
1043559 23 38 0
1043644 23 56 2
1043650 23 38 0
1043716 23 56 2
1043725 23 9 0
1043725 23 20 0
1043725 23 23 0
1043725 23 37 0
1043725 23 38 0
1043725 23 26 2
1043737 23 26 2
1043752 23 41 0
1043820 23 26 0
1043820 23 20 2
1043906 23 20 0
1043983 23 15 0
1044095 23 41 2
1044104 23 15 0
1044123 23 57 0
1044123 23 57 0
1044172 23 20 0
1044172 23 35 0
1044172 23 15 0
1044172 23 26 2
1044229 23 57 2
1044262 23 57 2
1044267 23 26 0
1044267 23 39 2
1044270 23 36 0
1044366 23 39 0
1044376 23 36 2
1044428 23 23 0
1044467 23 34 0
1044467 23 9 2
1044576 23 9 0
1044692 23 42 0
1044790 23 34 0
1044790 23 42 0
1044790 23 39 2
1044894 23 39 0
1044983 23 29 0
1044983 23 35 2
1045077 23 35 0
1045164 23 20 0
1045255 23 20 0
1045339 23 39 0
1045339 23 46 0
1045339 23 20 0
1045339 23 38 2
1045417 23 38 0
1045417 23 23 2
1045477 23 23 2
1045487 23 23 0
1045536 23 45 2
1045537 23 23 0
1045603 23 45 0
1045686 23 44 0
1045686 23 45 0
1045686 23 37 2
1045764 23 37 0
1045832 23 31 0
1045832 23 42 2
1045962 23 42 0
1046060 23 44 0
1046060 23 35 2
1046152 23 35 0
1046243 23 47 0
1046328 23 47 0
1046435 23 47 0
1046526 23 25 0
1046526 23 27 0
1046526 23 37 0
1046526 23 47 0
1046526 23 34 2
1046630 23 34 0
1046630 23 25 2
1046732 23 25 0
1046832 23 36 0
1046832 23 44 2
1046917 23 44 0
1047002 23 20 0
1047103 23 43 0
1047103 23 20 0
1047103 23 37 2
1047188 23 37 0
1047303 23 40 0
1047417 23 40 0
1047532 23 40 0
1047655 23 40 0
1047770 23 28 0
1047770 23 31 0
1047770 23 38 0
1047770 23 52 0
1047770 23 40 0
1047770 23 47 2
1047893 23 47 0
1047986 23 53 0
1048085 23 53 0
1048193 23 53 0
1048276 23 53 0
1048375 23 53 0
1048498 23 53 0
1048624 23 53 0
1048665 23 3 0
1048666 23 3 2
1048739 23 53 0
1048864 23 9 0
1048864 23 16 0
1048864 23 25 0
1048864 23 27 0
1048864 23 32 0
1048864 23 42 0
1048864 23 51 0
1048864 23 54 0
1048864 23 53 0
1048864 23 31 2
1048971 23 31 0
1049132 23 56 0
1049264 23 56 0
1049395 23 25 0
1049395 23 32 0
1049395 23 56 0
1049395 23 34 2
1049530 23 34 0
1049530 23 40 2
1049647 23 40 0
1049763 23 43 0
1049877 23 43 0
1049968 23 43 0
1050059 23 43 0
1050150 23 29 0
1050150 23 37 0
1050150 23 46 0
1050150 23 58 0
1050150 23 43 0
1050150 23 27 2
1050262 23 27 0
1050262 23 32 2
1050373 23 32 0
1050496 23 2 0
1050619 23 2 0
1050704 23 23 2
1050714 23 2 0
1050853 23 23 0
1050853 23 41 0
1050853 23 57 0
1050853 23 2 0
1050853 23 16 2
1050862 23 16 2
1050872 23 23 0
1050980 23 16 0
1051079 23 31 0
1051168 23 31 0
1051243 23 31 0
1051318 23 31 0
1051369 23 31 0
1051428 23 31 0
1051503 23 27 0
1051503 23 30 0
1051503 23 36 0
1051503 23 38 0
1051503 23 45 0
1051503 23 47 0
1051503 23 31 0
1051503 23 43 2
1051598 23 43 0
1051689 23 44 0
1051780 23 44 0
1051879 23 55 0
1051879 23 63 0
1051879 23 44 0
1051879 23 52 2
1051973 23 52 0
1051973 23 29 2
1052066 23 29 0
1052168 23 52 0
1052275 23 52 0
1052367 23 52 0
1052490 23 20 0
1052490 23 48 0
1052490 23 50 0
1052490 23 52 0
1052490 23 45 2
1052608 23 45 0
1052608 23 28 2
1052691 23 28 0
1052691 23 56 2
1052823 23 56 0
1052970 23 2 0
1053085 23 2 0
1053217 23 45 0
1053217 23 49 0
1053217 23 2 0
1053217 23 54 2
1053343 23 54 0
1053465 23 16 0
1053465 23 53 2
1053589 23 53 0
1053696 23 42 0
1053795 23 42 0
1053910 23 42 0
1054009 23 42 0
1054124 23 42 0
1054223 23 42 0
1054330 23 42 0
1054437 23 42 0
1054552 23 42 0
1054651 23 9 0
1054651 23 28 0
1054651 23 31 0
1054651 23 44 0
1054651 23 45 0
1054651 23 53 0
1054651 23 55 0
1054651 23 59 0
1054651 23 60 0
1054651 23 42 0
1054651 23 58 2
1054778 23 58 0
1054901 23 25 0
1054982 23 23 2
1054992 23 25 0
1055123 23 25 0
1055214 23 25 0
1055337 23 25 0
1055437 23 25 0
1055544 23 20 0
1055544 23 23 0
1055544 23 32 0
1055544 23 37 0
1055544 23 56 0
1055544 23 63 0
1055544 23 25 0
1055544 23 30 2
1055555 23 30 2
1055558 23 23 0
1055674 23 30 0
1055674 23 36 2
1055771 23 36 0
1055845 23 38 0
1055845 23 51 2
1055957 23 51 0
1055957 23 41 2
1056074 23 41 0
1056181 23 28 0
1056272 23 43 0
1056272 23 28 0
1056272 23 50 2
1056380 23 50 0
1056487 23 31 0
1056640 23 48 0
1056640 23 31 0
1056640 23 60 2
1056765 23 60 0
1056863 23 29 0
1056940 23 29 0
1057015 23 29 0
1057107 23 29 0
1057207 23 29 0
1057256 23 23 2
1057267 23 29 0
1057334 23 29 0
1057465 23 29 0
1057564 23 29 0
1057632 23 29 0
1057715 23 29 0
1057832 23 29 0
1057915 23 29 0
1057998 23 29 0
1058089 23 2 0
1058089 23 9 0
1058089 23 20 0
1058089 23 23 0
1058089 23 36 0
1058089 23 37 0
1058089 23 38 0
1058089 23 44 0
1058089 23 49 0
1058089 23 52 0
1058089 23 53 0
1058089 23 54 0
1058089 23 56 0
1058089 23 61 0
1058089 23 29 0
1058089 23 40 2
1058111 23 40 2
1058120 23 23 0
1058224 23 40 0
1058338 23 28 0
1058436 23 16 0
1058535 23 16 0
1058666 23 16 0
1058782 23 16 0
1058883 23 16 0
1058983 23 16 0
1059107 23 16 0
1059214 23 16 0
1059325 23 16 0
1059440 23 16 0
1059575 23 16 0
1059698 23 16 0
1059815 23 16 0
1059938 23 25 0
1059938 23 29 0
1059938 23 30 0
1059938 23 36 0
1059938 23 38 0
1059938 23 43 0
1059938 23 44 0
1059938 23 45 0
1059938 23 50 0
1059938 23 52 0
1059938 23 53 0
1059938 23 56 0
1059938 23 58 0
1059938 23 16 0
1059938 23 59 2
1060075 23 59 0
1060190 23 58 0
1060313 23 58 0
1060428 23 25 0
1060428 23 50 0
1060428 23 58 0
1060428 23 55 2
1060547 23 55 0
1060670 23 9 0
1060802 23 9 0
1060909 23 9 0
1061042 23 9 0
1061183 23 9 0
1061307 23 9 0
1061407 23 9 0
1061514 23 9 0
1061629 23 9 0
1061764 23 9 0
1061865 23 9 0
1061988 23 2 0
1061988 23 25 0
1061988 23 36 0
1061988 23 38 0
1061988 23 45 0
1061988 23 50 0
1061988 23 55 0
1061988 23 56 0
1061988 23 57 0
1061988 23 59 0
1061988 23 62 0
1061988 23 9 0
1061988 23 63 2
1062126 23 63 0
1062148 23 3 0
1062149 23 63 1
1062258 23 56 0
1062344 23 3 2
1062389 23 31 0
1062389 23 56 0
1062389 23 46 2
1062417 23 63 2
1062522 23 46 0
1062522 23 57 2
1062647 23 57 0
1062771 23 43 0
1062863 23 43 0
1062954 23 36 0
1062954 23 46 0
1062954 23 43 0
1062954 23 62 2
1063063 23 62 0
1063194 23 9 0
1063327 23 9 0
1063458 23 9 0
1063589 23 9 0
1063704 23 9 0
1063837 23 9 0
1063937 23 9 0
1064060 23 9 0
1064177 23 9 0
1064293 23 9 0
1064424 23 9 0
1064523 23 9 0
1064654 23 9 0
1064764 23 9 0
1064879 23 9 0
1064978 23 2 0
1064978 23 27 0
1064978 23 31 0
1064978 23 36 0
1064978 23 43 0
1064978 23 45 0
1064978 23 46 0
1064978 23 47 0
1064978 23 50 0
1064978 23 57 0
1064978 23 58 0
1064978 23 59 0
1064978 23 60 0
1064978 23 62 0
1064978 23 63 0
1064978 23 9 0
1064978 23 48 2
1065118 23 48 0
1065240 23 54 0
1065323 23 54 0
1065446 23 54 0
1065521 23 54 0
1065604 23 54 0
1065679 23 54 0
1065786 23 54 0
1065885 23 54 0
1065965 23 54 0
1066088 23 54 0
1066179 23 54 0
1066305 23 54 0
1066428 23 2 0
1066428 23 9 0
1066428 23 31 0
1066428 23 32 0
1066428 23 42 0
1066428 23 45 0
1066428 23 46 0
1066428 23 47 0
1066428 23 57 0
1066428 23 60 0
1066428 23 61 0
1066428 23 62 0
1066428 23 54 0
1066428 23 49 2
1066564 23 49 0
1066687 23 62 0
1066802 23 62 0
1066885 23 62 0
1067017 23 62 0
1067140 23 62 0
1067239 23 62 0
1067348 23 62 0
1067439 23 62 0
1067564 23 29 0
1067564 23 41 0
1067564 23 42 0
1067564 23 46 0
1067564 23 48 0
1067564 23 51 0
1067564 23 57 0
1067564 23 60 0
1067564 23 62 0
1067564 23 61 2
1067693 23 61 0
1067808 23 42 0
1067915 23 42 0
1068015 23 42 0
1068131 23 42 0
1068246 23 42 0
1068365 23 42 0
1068488 23 42 0
1068587 23 42 0
1068686 23 42 0
1068807 23 42 0
1068918 23 42 0
1069018 23 42 0
1069128 23 42 0
1069228 23 42 0
1069328 23 42 0
1069448 23 42 0
1069548 23 42 0
1069648 23 42 0
1069748 23 42 0
1069859 23 42 0
1069948 23 23 2
1069959 23 42 0
1070059 23 42 0
1070159 23 9 0
1070159 23 20 0
1070159 23 23 0
1070159 23 25 0
1070159 23 29 0
1070159 23 31 0
1070159 23 36 0
1070159 23 37 0
1070159 23 38 0
1070159 23 41 0
1070159 23 43 0
1070159 23 44 0
1070159 23 45 0
1070159 23 46 0
1070159 23 47 0
1070159 23 48 0
1070159 23 28 2
1070165 23 49 0
1070166 23 51 0
1070167 23 52 0
1070168 23 59 0
1070169 23 61 0
1070170 23 62 0
1070171 23 42 0
1070181 23 28 2
1070188 23 23 0
1070281 23 28 0
1070347 23 29 0
1070406 23 23 2
1070416 23 29 0
1070475 23 29 0
1070574 23 29 0
1070649 23 29 0
1070708 23 29 0
1070775 23 29 0
1070898 23 29 0
1071005 23 23 0
1071005 23 30 0
1071005 23 31 0
1071005 23 38 0
1071005 23 42 0
1071005 23 46 0
1071005 23 48 0
1071005 23 59 0
1071005 23 29 0
1071005 23 28 2
1071017 23 28 2
1071018 23 23 0
1071122 23 28 0
1071207 23 45 0
1071290 23 20 0
1071399 23 20 0
1071490 23 20 0
1071597 23 20 0
1071672 23 20 0
1071763 23 20 0
1071854 23 20 0
1071928 23 20 0
1071997 23 20 0
1072046 23 23 2
1072058 23 20 0
1072141 23 20 0
1072232 23 20 0
1072331 23 20 0
1072432 23 20 0
1072523 23 20 0
1072639 23 20 0
1072732 23 20 0
1072809 23 20 0
1072902 23 9 0
1072902 23 16 0
1072902 23 23 0
1072902 23 25 0
1072902 23 31 0
1072902 23 36 0
1072902 23 37 0
1072902 23 38 0
1072902 23 42 0
1072902 23 43 0
1072902 23 46 0
1072902 23 49 0
1072902 23 51 0
1072902 23 52 0
1072902 23 53 0
1072902 23 55 0
1072902 23 45 2
1072908 23 59 0
1072909 23 61 0
1072910 23 20 0
1072923 23 45 2
1072934 23 23 0
1073022 23 45 0
1073097 23 38 0
1073183 23 20 0
1073260 23 20 0
1073359 23 20 0
1073490 23 20 0
1073597 23 20 0
1073688 23 20 0
1073779 23 20 0
1073854 23 20 0
1073953 23 20 0
1074076 23 20 0
1074167 23 20 0
1074259 23 20 0
1074359 23 20 0
1074469 23 20 0
1074584 23 20 0
1074669 23 20 0
1074761 23 20 0
1074853 23 20 0
1074902 23 23 2
1074913 23 20 0
1074989 23 20 0
1075083 23 20 0
1075174 23 20 0
1075244 23 20 0
1075314 23 20 0
1075405 23 20 0
1075489 23 20 0
1075599 23 20 0
1075699 23 20 0
1075824 23 2 0
1075824 23 9 0
1075824 23 16 0
1075824 23 23 0
1075824 23 25 0
1075824 23 27 0
1075824 23 29 0
1075824 23 30 0
1075824 23 31 0
1075824 23 32 0
1075824 23 36 0
1075824 23 43 0
1075824 23 44 0
1075824 23 46 0
1075824 23 48 0
1075824 23 50 0
1075824 23 38 2
1075830 23 52 0
1075831 23 53 0
1075832 23 54 0
1075833 23 55 0
1075834 23 56 0
1075835 23 57 0
1075836 23 58 0
1075837 23 59 0
1075837 23 38 2
1075838 23 60 0
1075838 23 23 0
1075839 23 61 0
1075840 23 62 0
1075841 23 63 0
1075842 23 20 0
1075969 23 38 0
1076046 23 47 0
1076171 23 16 0
1076270 23 16 0
1076385 23 16 0
1076508 23 16 0
1076607 23 16 0
1076688 23 23 2
1076698 23 16 0
1076829 23 16 0
1076944 23 16 0
1077043 23 16 0
1077166 23 16 0
1077281 23 16 0
1077389 23 16 0
1077496 23 16 0
1077627 23 16 0
1077727 23 16 0
1077852 23 16 0
1077959 23 16 0
1078082 23 16 0
1078213 23 16 0
1078304 23 16 0
1078435 23 16 0
1078552 23 16 0
1078659 23 16 0
1078783 23 16 0
1078907 23 16 0
1079033 23 16 0
1079145 23 16 0
1079265 23 16 0
1079365 23 16 0
1079497 23 16 0
1079615 23 16 0
1079749 23 16 0
1079849 23 16 0
1079989 23 16 0
1080129 23 16 0
1080259 23 2 0
1080259 23 9 0
1080259 23 20 0
1080259 23 23 0
1080259 23 25 0
1080259 23 27 0
1080259 23 29 0
1080259 23 30 0
1080259 23 31 0
1080259 23 32 0
1080259 23 36 0
1080259 23 37 0
1080259 23 38 0
1080259 23 41 0
1080259 23 42 0
1080259 23 43 0
1080259 23 47 2
1080265 23 44 0
1080266 23 45 0
1080267 23 46 0
1080268 23 48 0
1080269 23 49 0
1080270 23 50 0
1080271 23 51 0
1080272 23 52 0
1080273 23 53 0
1080274 23 54 0
1080275 23 55 0
1080276 23 56 0
1080277 23 57 0
1080278 23 58 0
1080279 23 59 0
1080280 23 60 0
1080281 23 61 0
1080282 23 62 0
1080283 23 63 0
1080284 23 16 0
1080297 23 47 2
1080300 23 23 0
1080403 23 47 0
1080480 23 55 0
1080554 23 46 0
1080637 23 46 0
1080728 23 46 0
1080803 23 46 0
1080894 23 46 0
1081001 23 46 0
1081084 23 46 0
1081207 23 46 0
1081290 23 46 0
1081357 23 46 0
1081472 23 46 0
1081555 23 46 0
1081630 23 46 0
1081713 23 46 0
1081828 23 46 0
1081935 23 46 0
1082018 23 46 0
1082133 23 46 0
1082249 23 46 0
1082306 23 23 2
1082316 23 46 0
1082409 23 46 0
1082476 23 46 0
1082545 23 46 0
1082652 23 46 0
1082769 23 46 0
1082869 23 46 0
1082960 23 46 0
1083060 23 46 0
1083161 23 46 0
1083241 23 46 0
1083361 23 2 0
1083361 23 9 0
1083361 23 16 0
1083361 23 20 0
1083361 23 23 0
1083361 23 25 0
1083361 23 27 0
1083361 23 29 0
1083361 23 30 0
1083361 23 31 0
1083361 23 32 0
1083361 23 36 0
1083361 23 37 0
1083361 23 41 0
1083361 23 42 0
1083361 23 43 0
1083361 23 55 2
1083367 23 44 0
1083368 23 47 0
1083369 23 48 0
1083370 23 49 0
1083371 23 50 0
1083372 23 51 0
1083373 23 52 0
1083374 23 53 0
1083375 23 54 0
1083376 23 58 0
1083377 23 60 0
1083378 23 61 0
1083379 23 62 0
1083380 23 63 0
1083381 23 46 0
1083391 23 55 2
1083398 23 23 0
1083505 23 55 0
1083611 23 59 0
1083718 23 59 0
1083825 23 59 0
1083947 23 59 0
1084044 23 23 2
1084054 23 59 0
1084161 23 59 0
1084268 23 59 0
1084391 23 59 0
1084499 23 59 0
1084630 23 59 0
1084737 23 59 0
1084844 23 59 0
1084951 23 59 0
1085074 23 59 0
1085197 23 59 0
1085312 23 59 0
1085419 23 59 0
1085526 23 59 0
1085642 23 59 0
1085750 23 59 0
1085857 23 59 0
1085990 23 59 0
1086100 23 59 0
1086232 23 59 0
1086340 23 59 0
1086453 23 59 0
1086563 23 59 0
1086695 23 59 0
1086826 23 59 0
1086943 23 59 0
1087055 23 59 0
1087166 23 59 0
1087306 23 2 0
1087306 23 9 0
1087306 23 16 0
1087306 23 20 0
1087306 23 23 0
1087306 23 25 0
1087306 23 27 0
1087306 23 29 0
1087306 23 30 0
1087306 23 31 0
1087306 23 32 0
1087306 23 36 0
1087306 23 37 0
1087306 23 41 0
1087306 23 42 0
1087306 23 43 0
1087306 23 55 2
1087312 23 44 0
1087313 23 46 0
1087314 23 48 0
1087315 23 49 0
1087316 23 50 0
1087317 23 51 0
1087318 23 52 0
1087319 23 53 0
1087320 23 54 0
1087321 23 56 0
1087322 23 57 0
1087323 23 58 0
1087324 23 60 0
1087325 23 61 0
1087326 23 62 0
1087327 23 63 0
1087328 23 59 0
1087340 23 55 2
1087344 23 23 0
1087454 23 55 0
1087529 23 46 0
1087603 23 54 0
1087668 23 23 2
1087678 23 54 0
1087761 23 54 0
1087844 23 54 0
1087935 23 54 0
1088010 23 54 0
1088093 23 54 0
1088200 23 54 0
1088323 23 54 0
1088438 23 54 0
1088537 23 54 0
1088628 23 54 0
1088727 23 54 0
1088818 23 54 0
1088941 23 54 0
1089034 23 54 0
1089149 23 54 0
1089232 23 54 0
1089315 23 54 0
1089390 23 54 0
1089489 23 54 0
1089612 23 54 0
1089711 23 54 0
1089818 23 54 0
1089942 23 54 0
1090057 23 54 0
1090184 23 54 0
1090304 23 2 0
1090304 23 9 0
1090304 23 20 0
1090304 23 23 0
1090304 23 25 0
1090304 23 27 0
1090304 23 29 0
1090304 23 30 0
1090304 23 31 0
1090304 23 32 0
1090304 23 36 0
1090304 23 37 0
1090304 23 41 0
1090304 23 42 0
1090304 23 43 0
1090304 23 44 0
1090304 23 46 2
1090310 23 48 0
1090311 23 49 0
1090312 23 50 0
1090313 23 51 0
1090314 23 52 0
1090315 23 53 0
1090316 23 57 0
1090317 23 58 0
1090318 23 60 0
1090318 23 46 2
1090319 23 62 0
1090320 23 63 0
1090320 23 23 0
1090321 23 54 0
1090437 23 46 0
1090527 23 61 0
1090658 23 61 0
1090749 23 61 0
1090830 23 23 2
1090840 23 61 0
1090939 23 61 0
1091070 23 61 0
1091177 23 61 0
1091276 23 61 0
1091407 23 61 0
1091498 23 61 0
1091629 23 61 0
1091744 23 61 0
1091810 23 3 0
1091811 23 63 1
1091851 23 61 0
1091942 23 61 0
1092014 23 3 2
1092033 23 61 0
1092087 23 63 2
1092141 23 61 0
1092232 23 61 0
1092323 23 61 0
1092446 23 61 0
1092554 23 61 0
1092655 23 61 0
1092755 23 61 0
1092846 23 61 0
1092977 23 61 0
1093076 23 61 0
1093201 23 2 0
1093201 23 9 0
1093201 23 16 0
1093201 23 20 0
1093201 23 23 0
1093201 23 25 0
1093201 23 27 0
1093201 23 29 0
1093201 23 30 0
1093201 23 31 0
1093201 23 32 0
1093201 23 36 0
1093201 23 42 0
1093201 23 43 0
1093201 23 44 0
1093201 23 51 0
1093201 23 46 2
1093207 23 52 0
1093208 23 53 0
1093209 23 54 0
1093210 23 56 0
1093211 23 57 0
1093212 23 59 0
1093213 23 60 0
1093214 23 62 0
1093215 23 63 0
1093215 23 46 2
1093216 23 61 0
1093218 23 23 0
1093335 23 46 0
1093442 23 50 0
1093549 23 37 0
1093616 23 37 0
1093731 23 37 0
1093806 23 37 0
1093873 23 37 0
1093958 23 37 0
1094065 23 37 0
1094155 23 37 0
1094254 23 37 0
1094353 23 37 0
1094436 23 16 0
1094436 23 25 0
1094436 23 30 0
1094436 23 31 0
1094436 23 36 0
1094436 23 44 0
1094436 23 54 0
1094436 23 58 0
1094436 23 60 0
1094436 23 63 0
1094436 23 37 0
1094436 23 50 2
1094557 23 50 0
1094672 23 49 0
1094787 23 41 0
1094910 23 41 0
1095017 23 41 0
1095114 23 23 2
1095124 23 41 0
1095231 23 41 0
1095354 23 41 0
1095461 23 41 0
1095568 23 41 0
1095683 23 41 0
1095814 23 41 0
1095937 23 41 0
1096045 23 41 0
1096152 23 41 0
1096276 23 41 0
1096398 23 41 0
1096521 23 41 0
1096637 23 41 0
1096760 23 41 0
1096877 23 41 0
1096988 23 41 0
1097113 23 2 0
1097113 23 16 0
1097113 23 20 0
1097113 23 23 0
1097113 23 29 0
1097113 23 30 0
1097113 23 31 0
1097113 23 36 0
1097113 23 42 0
1097113 23 43 0
1097113 23 48 0
1097113 23 52 0
1097113 23 53 0
1097113 23 56 0
1097113 23 57 0
1097113 23 58 0
1097113 23 49 2
1097119 23 59 0
1097120 23 61 0
1097121 23 62 0
1097122 23 63 0
1097123 23 41 0
1097126 23 49 2
1097130 23 23 0
1097258 23 49 0
1097372 23 37 0
1097478 23 41 0
1097593 23 41 0
1097716 23 41 0
1097831 23 41 0
1097938 23 41 0
1098061 23 41 0
1098184 23 41 0
1098293 23 41 0
1098424 23 41 0
1098547 23 41 0
1098654 23 41 0
1098777 23 41 0
1098899 23 41 0
1099009 23 41 0
1099124 23 2 0
1099124 23 9 0
1099124 23 27 0
1099124 23 29 0
1099124 23 31 0
1099124 23 36 0
1099124 23 48 0
1099124 23 52 0
1099124 23 53 0
1099124 23 56 0
1099124 23 58 0
1099124 23 59 0
1099124 23 61 0
1099124 23 63 0
1099124 23 41 0
1099124 23 37 2
1099262 23 37 0
1099344 23 53 0
1099435 23 53 0
1099518 23 53 0
1099601 23 53 0
1099684 23 53 0
1099792 23 53 0
1099923 23 53 0
1100016 23 53 0
1100139 23 53 0
1100223 23 29 0
1100223 23 30 0
1100223 23 31 0
1100223 23 36 0
1100223 23 48 0
1100223 23 54 0
1100223 23 56 0
1100223 23 59 0
1100223 23 63 0
1100223 23 53 0
1100223 23 37 2
1100352 23 37 0
1100477 23 48 0
1100600 23 27 0
1100699 23 27 0
1100790 23 27 0
1100897 23 27 0
1100997 23 27 0
1101104 23 27 0
1101179 23 27 0
1101288 23 27 0
1101388 23 27 0
1101498 23 27 0
1101609 23 27 0
1101674 23 23 2
1101684 23 2 0
1101684 23 9 0
1101684 23 23 0
1101684 23 29 0
1101684 23 32 0
1101684 23 41 0
1101684 23 44 0
1101684 23 51 0
1101684 23 59 0
1101684 23 60 0
1101684 23 63 0
1101684 23 27 0
1101684 23 48 2
1101697 23 48 2
1101698 23 23 0
1101822 23 48 0
1101945 23 29 0
1102063 23 59 0
1102170 23 59 0
1102293 23 59 0
1102400 23 59 0
1102531 23 59 0
1102638 23 59 0
1102746 23 16 0
1102746 23 25 0
1102746 23 27 0
1102746 23 30 0
1102746 23 54 0
1102746 23 63 0
1102746 23 59 0
1102746 23 29 2
1102860 23 29 0
1102961 23 43 0
1103052 23 44 0
1103159 23 44 0
1103243 23 44 0
1103334 23 44 0
1103449 23 44 0
1103548 23 44 0
1103647 23 44 0
1103720 23 23 2
1103730 23 44 0
1103823 23 44 0
1103956 23 44 0
1104057 23 44 0
1104157 23 44 0
1104267 23 44 0
1104358 23 20 0
1104358 23 23 0
1104358 23 25 0
1104358 23 27 0
1104358 23 32 0
1104358 23 41 0
1104358 23 51 0
1104358 23 52 0
1104358 23 53 0
1104358 23 56 0
1104358 23 60 0
1104358 23 62 0
1104358 23 63 0
1104358 23 44 0
1104358 23 43 2
1104374 23 43 2
1104380 23 23 0
1104483 23 43 0
1104598 23 9 0
1104713 23 32 0
1104820 23 32 0
1104943 23 32 0
1105075 23 32 0
1105182 23 32 0
1105289 23 32 0
1105405 23 32 0
1105536 23 32 0
1105667 23 32 0
1105782 23 32 0
1105905 23 2 0
1105905 23 20 0
1105905 23 25 0
1105905 23 30 0
1105905 23 41 0
1105905 23 42 0
1105905 23 51 0
1105905 23 59 0
1105905 23 62 0
1105905 23 63 0
1105905 23 32 0
1105905 23 9 2
1106033 23 9 0
1106131 23 29 0
1106226 23 29 0
1106317 23 29 0
1106376 23 29 0
1106466 23 29 0
1106557 23 29 0
1106668 23 29 0
1106768 23 29 0
1106879 23 29 0
1107001 23 29 0
1107132 23 2 0
1107132 23 25 0
1107132 23 30 0
1107132 23 32 0
1107132 23 44 0
1107132 23 56 0
1107132 23 57 0
1107132 23 59 0
1107132 23 63 0
1107132 23 29 0
1107132 23 52 2
1107261 23 52 0
1107352 23 20 0
1107352 23 25 2
1107456 23 25 0
1107456 23 57 2
1107583 23 57 0
1107707 23 60 0
1107707 23 56 2
1107841 23 56 0
1107841 23 30 2
1107978 23 30 0
1108089 23 25 0
1108213 23 25 0
1108320 23 25 0
1108419 23 25 0
1108543 23 25 0
1108639 23 25 0
1108730 23 25 0
1108849 23 25 0
1108949 23 25 0
1109069 23 25 0
1109150 23 23 2
1109160 23 16 0
1109160 23 23 0
1109160 23 30 0
1109160 23 31 0
1109160 23 36 0
1109160 23 42 0
1109160 23 51 0
1109160 23 54 0
1109160 23 58 0
1109160 23 61 0
1109160 23 25 0
1109160 23 32 2
1109175 23 32 2
1109186 23 23 0
1109289 23 32 0
1109396 23 27 0
1109495 23 27 0
1109560 23 23 2
1109570 23 27 0
1109669 23 27 0
1109769 23 27 0
1109877 23 27 0
1109952 23 27 0
1110051 23 2 0
1110051 23 16 0
1110051 23 23 0
1110051 23 31 0
1110051 23 51 0
1110051 23 53 0
1110051 23 62 0
1110051 23 27 0
1110051 23 63 2
1110067 23 63 2
1110076 23 23 0
1110182 23 63 0
1110312 23 2 0
1110419 23 2 0
1110543 23 2 0
1110674 23 2 0
1110797 23 2 0
1110920 23 16 0
1110920 23 41 0
1110920 23 51 0
1110920 23 53 0
1110920 23 61 0
1110920 23 2 0
1110920 23 52 2
1111050 23 52 0
1111149 23 60 0
1111149 23 44 2
1111250 23 44 0
1111381 23 56 0
1111512 23 56 0
1111643 23 56 0
1111774 23 56 0
1111905 23 56 0
1112038 23 56 0
1112169 23 16 0
1112169 23 20 0
1112169 23 32 0
1112169 23 36 0
1112169 23 51 0
1112169 23 62 0
1112169 23 56 0
1112169 23 59 2
1112301 23 59 0
1112416 23 58 0
1112531 23 58 0
1112646 23 58 0
1112761 23 58 0
1112879 23 58 0
1113002 23 51 0
1113002 23 53 0
1113002 23 57 0
1113002 23 59 0
1113002 23 63 0
1113002 23 58 0
1113002 23 60 2
1113123 23 60 0
1113222 23 31 0
1113351 23 16 0
1113466 23 16 0
1113599 23 16 0
1113699 23 16 0
1113822 23 16 0
1113953 23 16 0
1114084 23 16 0
1114209 23 16 0
1114309 23 16 0
1114441 23 16 0
1114559 23 16 0
1114651 23 16 0
1114785 23 16 0
1114901 23 16 0
1115035 23 16 0
1115116 23 23 2
1115129 23 16 0
1115239 23 16 0
1115365 23 16 0
1115465 23 16 0
1115575 23 16 0
1115685 23 16 0
1115819 23 2 0
1115819 23 20 0
1115819 23 23 0
1115819 23 25 0
1115819 23 27 0
1115819 23 30 0
1115819 23 32 0
1115819 23 36 0
1115819 23 41 0
1115819 23 42 0
1115819 23 44 0
1115819 23 51 0
1115819 23 53 0
1115819 23 54 0
1115819 23 56 0
1115819 23 57 0
1115819 23 31 2
1115826 23 58 0
1115827 23 59 0
1115828 23 61 0
1115829 23 62 0
1115830 23 63 0
1115831 23 16 0
1115841 23 31 2
1115848 23 23 0
1115947 23 31 0
1116010 23 23 2
1116021 23 23 0
1116060 23 44 2
1116062 23 29 0
1116134 23 44 0
1116152 23 29 2
1116168 23 23 0
1116249 23 44 0
1116332 23 44 0
1116431 23 44 0
1116554 23 44 0
1116685 23 44 0
1116776 23 44 0
1116859 23 44 0
1116951 23 44 0
1117035 23 44 0
1117126 23 44 0
1117243 23 44 0
1117327 23 44 0
1117427 23 44 0
1117543 23 44 0
1117643 23 44 0
1117759 23 44 0
1117865 23 44 0
1117975 23 44 0
1118085 23 44 0
1118187 23 44 0
1118297 23 2 0
1118297 23 16 0
1118297 23 20 0
1118297 23 25 0
1118297 23 27 0
1118297 23 30 0
1118297 23 31 0
1118297 23 32 0
1118297 23 36 0
1118297 23 41 0
1118297 23 42 0
1118297 23 51 0
1118297 23 53 0
1118297 23 54 0
1118297 23 56 0
1118297 23 57 0
1118297 23 23 2
1118303 23 58 0
1118304 23 59 0
1118305 23 61 0
1118306 23 62 0
1118307 23 63 0
1118308 23 44 0
1118429 23 23 2
1118439 23 23 0
1118488 23 20 2
1118493 23 23 0
1118538 23 20 0
1118648 23 42 0
1118763 23 42 0
1118879 23 42 0
1118986 23 42 0
1119101 23 42 0
1119200 23 42 0
1119299 23 42 0
1119406 23 42 0
1119539 23 42 0
1119649 23 2 0
1119649 23 25 0
1119649 23 27 0
1119649 23 36 0
1119649 23 51 0
1119649 23 53 0
1119649 23 56 0
1119649 23 58 0
1119649 23 62 0
1119649 23 42 0
1119649 23 20 2
1119780 23 20 0
1119873 23 44 0
1119971 23 63 0
1120094 23 63 0
1120225 23 63 0
1120308 23 63 0
1120408 23 63 0
1120523 23 63 0
1120655 23 63 0
1120746 23 63 0
1120879 23 63 0
1121002 23 63 0
1121085 23 63 0
1121192 23 63 0
1121323 23 63 0
1121422 23 63 0
1121487 23 23 2
1121499 23 2 0
1121499 23 16 0
1121499 23 20 0
1121499 23 23 0
1121499 23 25 0
1121499 23 30 0
1121499 23 32 0
1121499 23 36 0
1121499 23 41 0
1121499 23 54 0
1121499 23 56 0
1121499 23 58 0
1121499 23 59 0
1121499 23 61 0
1121499 23 63 0
1121499 23 44 2
1121521 23 44 2
1121523 23 32 0
1121621 23 32 2
1121629 23 44 0
1121705 23 28 0
1121736 23 25 0
1121795 23 28 2
1121835 23 16 0
1121847 23 2 0
1121929 23 2 2
1121941 23 29 0
1121967 23 16 0
1122031 23 29 2
1122063 23 4 0
1122099 23 16 0
1122144 23 4 2
1122152 23 35 0
1122152 23 35 0
1122218 23 35 2
1122226 23 35 2
1122230 23 16 0
1122266 23 36 0
1122266 23 36 0
1122324 23 36 2
1122353 23 16 0
1122365 23 36 2
1122453 23 16 0
1122453 23 56 0
1122570 23 16 0
1122599 23 56 2
1122619 23 57 0
1122685 23 16 0
1122756 23 57 2
1122784 23 16 0
1122844 23 58 0
1122844 23 58 0
1122910 23 16 0
1122942 23 58 2
1122975 23 58 2
1123020 23 16 0
1123055 23 59 0
1123055 23 59 0
1123145 23 59 2
1123151 23 16 0
1123186 23 59 2
1123210 23 63 0
1123275 23 63 2
1123283 23 27 0
1123283 23 30 0
1123283 23 36 0
1123283 23 41 0
1123283 23 42 0
1123283 23 53 0
1123283 23 54 0
1123283 23 56 0
1123283 23 57 0
1123283 23 58 0
1123283 23 59 0
1123283 23 62 0
1123283 23 16 0
1123283 23 25 2
1123359 23 33 0
1123420 23 25 0
1123448 23 33 2
1123484 23 3 0
1123535 23 53 0
1123566 23 3 2
1123627 23 61 0
1123720 23 61 0
1123851 23 61 0
1123960 23 61 0
1124077 23 61 0
1124184 23 61 0
1124320 23 2 0
1124320 23 16 0
1124320 23 27 0
1124320 23 30 0
1124320 23 42 0
1124320 23 51 0
1124320 23 61 0
1124320 23 53 2
1124442 23 53 0
1124533 23 36 0
1124633 23 62 0
1124757 23 62 0
1124864 23 62 0
1124990 23 62 0
1125105 23 62 0
1125191 23 62 0
1125274 23 62 0
1125391 23 62 0
1125522 23 62 0
1125605 23 62 0
1125701 23 62 0
1125811 23 62 0
1125942 23 62 0
1126073 23 62 0
1126182 23 2 0
1126182 23 16 0
1126182 23 27 0
1126182 23 30 0
1126182 23 32 0
1126182 23 41 0
1126182 23 42 0
1126182 23 51 0
1126182 23 54 0
1126182 23 57 0
1126182 23 58 0
1126182 23 59 0
1126182 23 61 0
1126182 23 63 0
1126182 23 62 0
1126182 23 36 2
1126311 23 36 0
1126387 23 30 0
1126513 23 59 0
1126620 23 59 0
1126735 23 59 0
1126842 23 59 0
1126949 23 59 0
1127059 23 59 0
1127191 23 59 0
1127322 23 59 0
1127445 23 59 0
1127553 23 59 0
1127681 23 59 0
1127804 23 59 0
1127935 23 59 0
1128044 23 59 0
1128175 23 2 0
1128175 23 16 0
1128175 23 27 0
1128175 23 32 0
1128175 23 41 0
1128175 23 42 0
1128175 23 51 0
1128175 23 54 0
1128175 23 56 0
1128175 23 57 0
1128175 23 58 0
1128175 23 61 0
1128175 23 62 0
1128175 23 63 0
1128175 23 59 0
1128175 23 30 2
1128311 23 30 0
1128422 23 61 0
1128545 23 41 0
1128668 23 41 0
1128783 23 41 0
1128906 23 41 0
1129029 23 41 0
1129144 23 41 0
1129251 23 41 0
1129366 23 41 0
1129497 23 41 0
1129604 23 41 0
1129719 23 41 0
1129843 23 41 0
1129967 23 41 0
1130090 23 41 0
1130204 23 41 0
1130315 23 2 0
1130315 23 16 0
1130315 23 27 0
1130315 23 30 0
1130315 23 32 0
1130315 23 36 0
1130315 23 42 0
1130315 23 51 0
1130315 23 54 0
1130315 23 56 0
1130315 23 57 0
1130315 23 58 0
1130315 23 59 0
1130315 23 62 0
1130315 23 63 0
1130315 23 41 0
1130315 23 61 2
1130453 23 61 0
1130560 23 27 0
1130660 23 54 0
1130767 23 54 0
1130882 23 54 0
1131005 23 54 0
1131091 23 54 0
1131181 23 54 0
1131304 23 54 0
1131435 23 54 0
1131561 23 54 0
1131685 23 54 0
1131786 23 54 0
1131901 23 2 0
1131901 23 16 0
1131901 23 32 0
1131901 23 41 0
1131901 23 51 0
1131901 23 56 0
1131901 23 57 0
1131901 23 58 0
1131901 23 59 0
1131901 23 62 0
1131901 23 63 0
1131901 23 54 0
1131901 23 27 2
1132032 23 27 0
1132132 23 42 0
1132247 23 59 0
1132354 23 59 0
1132462 23 59 0
1132596 23 59 0
1132728 23 59 0
1132836 23 59 0
1132960 23 59 0
1133068 23 59 0
1133176 23 16 0
1133176 23 27 0
1133176 23 41 0
1133176 23 51 0
1133176 23 54 0
1133176 23 56 0
1133176 23 62 0
1133176 23 63 0
1133176 23 59 0
1133176 23 42 2
1133308 23 42 0
1133423 23 59 0
1133530 23 62 0
1133639 23 62 0
1133770 23 62 0
1133901 23 62 0
1134024 23 62 0
1134156 23 62 0
1134239 23 62 0
1134372 23 62 0
1134459 23 62 0
1134579 23 62 0
1134703 23 2 0
1134703 23 16 0
1134703 23 32 0
1134703 23 41 0
1134703 23 51 0
1134703 23 54 0
1134703 23 56 0
1134703 23 57 0
1134703 23 58 0
1134703 23 63 0
1134703 23 62 0
1134703 23 59 2
1134836 23 59 0
1134943 23 54 0
1135067 23 2 0
1135198 23 2 0
1135330 23 2 0
1135437 23 16 0
1135437 23 62 0
1135437 23 63 0
1135437 23 2 0
1135437 23 54 2
1135564 23 54 0
1135697 23 56 0
1135829 23 63 0
1135912 23 63 0
1136043 23 63 0
1136167 23 63 0
1136250 23 63 0
1136359 23 63 0
1136490 23 63 0
1136621 23 63 0
1136749 23 2 0
1136749 23 16 0
1136749 23 32 0
1136749 23 41 0
1136749 23 51 0
1136749 23 54 0
1136749 23 57 0
1136749 23 62 0
1136749 23 63 0
1136749 23 56 2
1136893 23 56 0
1137025 23 58 0
1137148 23 57 0
1137271 23 57 0
1137396 23 57 0
1137529 23 57 0
1137652 23 16 0
1137652 23 41 0
1137652 23 51 0
1137652 23 63 0
1137652 23 57 0
1137652 23 58 2
1137780 23 58 0
1137911 23 16 0
1138018 23 2 0
1138141 23 2 0
1138280 23 51 0
1138280 23 57 0
1138280 23 2 0
1138280 23 16 2
1138406 23 16 0
1138513 23 32 0
1138647 23 62 0
1138733 23 63 0
1138733 23 62 0
1138733 23 32 2
1138867 23 32 0
1138988 23 41 0
1139108 23 51 0
1139231 23 51 0
1139339 23 51 0
1139462 23 2 0
1139462 23 57 0
1139462 23 63 0
1139462 23 51 0
1139462 23 41 2
1139586 23 41 0
1139701 23 51 0
1139828 23 2 0
1139969 23 2 0
1140100 23 2 0
1140233 23 57 0
1140233 23 62 0
1140233 23 63 0
1140233 23 2 0
1140233 23 51 2
1140362 23 51 0
1140469 23 62 0
1140600 23 2 0
1140741 23 57 0
1140741 23 2 0
1140741 23 62 2
1140878 23 62 0
1141003 23 57 0
1141134 23 63 0
1141267 23 2 0
1141267 23 63 0
1141267 23 57 2
1141404 23 57 0
1141549 23 2 0
1141695 23 2 0
1141695 23 63 2
1141832 23 63 0
1141971 23 2 0
1141971 23 63 2
1142108 23 63 0
1142240 23 2 0
1160082 23 3 0
1160083 23 3 2
1170916 23 3 0
1170917 23 2 0
1176513 23 63 1
1176712 23 3 2
1176785 23 63 2
1205378 23 63 1
1205573 23 3 2
1205647 23 63 2
1231578 23 3 0
1231579 23 63 1
1231782 23 3 2
1231855 23 63 2
1233368 23 63 1
1233562 23 3 2
1233635 23 63 2
1264566 23 3 0
1264567 23 63 1
1264762 23 3 2
1264835 23 63 2
1312297 23 63 1
1312493 23 3 2
1312567 23 63 2
1349893 23 3 0
1349894 23 63 1
1350092 23 3 2
1350165 23 63 2
1415725 23 3 0
1415726 23 63 1
1415922 23 3 2
1415995 23 63 2
1420081 23 3 0
1420082 23 63 1
1420282 23 3 2
1420355 23 63 2
1524258 23 3 0
1524259 23 2 0
1524259 23 3 2
1844586 23 37 0
1844586 23 37 0
1846762 23 37 2
1846940 23 37 2
1847120 23 0 0
1847120 23 0 0
1847220 23 0 2
1847257 23 0 2
1847345 23 36 0
1847345 23 36 0
1847433 23 36 2
1847441 23 36 2
1847473 23 38 0
1847473 23 38 0
1847515 23 38 2
1849058 23 38 2
1849218 23 54 0
1849218 23 54 0
1849286 23 54 2
1849427 23 54 2
1849435 23 56 0
1849435 23 56 0
1849549 23 56 2
1849557 23 56 2
1849609 23 37 0
1849609 23 37 0
1849660 23 37 2
1849737 23 37 2
1849761 23 57 0
1849761 23 57 0
1849876 23 57 2
1849984 23 35 0
1849984 23 35 0
1850050 23 35 2
1850058 23 35 2
1850198 23 57 2
1850612 23 20 2
1850914 23 47 0
1850914 23 47 0
1851024 23 20 2
1851026 23 47 2
1851151 23 47 2
1851303 23 1 0
1851303 23 1 0
1851445 23 1 2
1852348 23 1 2
1852872 23 14 0
1852971 23 14 2
1852983 23 15 0
1852983 23 15 0
1853010 23 15 2
1853072 23 15 2
1853092 23 18 0
1853410 23 18 2
1853434 23 4 0
1853524 23 4 2
1853568 23 38 0
1853568 23 38 0
1853610 23 38 2
1853618 23 38 2
1853689 23 22 2
1853774 23 46 0
1853774 23 46 0
1853824 23 46 2
1853887 23 46 2
1853931 23 12 0
1853931 23 12 0
1853981 23 12 2
1853989 23 12 2
1853997 23 0 0
1853997 23 0 0
1854087 23 0 2
1854107 23 0 2
1854182 23 22 2
1854255 23 47 0
1854255 23 47 0
1854297 23 47 2
1854305 23 47 2
1854315 23 22 2
1854321 23 12 0
1854421 23 12 2
1854457 23 47 0
1854567 23 47 2
1855315 23 54 0
1855315 23 54 0
1855374 23 54 2
1855379 23 54 2
1855407 23 46 0
1855407 23 46 0
1855457 23 46 2
1855465 23 46 2
1855489 23 47 0
1855489 23 47 0
1855531 23 47 2
1855539 23 47 2
1855847 23 40 0
1855952 23 40 2
1855980 23 49 0
1856171 23 3 0
1856172 23 0 0
1856223 23 49 2
1856235 23 51 0
1856357 23 51 2
1856377 23 37 0
1856483 23 37 2
1856487 23 20 0
1856577 23 20 2
1856593 23 3 0
1856956 23 3 2
1857304 23 38 0
1857304 23 38 0
1857346 23 38 2
1857354 23 38 2
1857482 23 21 2
1860808 23 63 1
1861003 23 0 2
1861100 23 63 2
1862971 23 63 1
1863173 23 0 2
1863270 23 63 2
1866184 23 0 2
1872744 23 63 1
1872943 23 0 2
1873040 23 63 2
2821435 23 38 0
2821435 23 38 0
2822061 23 38 2
2828184 23 38 2
2829600 23 7 0
2829740 23 7 2
2830308 23 38 0
2830308 23 38 0
2830350 23 38 2
2830358 23 38 2
2832554 23 38 0
2832554 23 38 0
2832596 23 38 2
2832604 23 38 2
2838554 23 2 0
2838555 23 63 1
2838755 23 2 2
2838836 23 63 2
2869999 23 63 1
2870196 23 3 2
2870270 23 63 2
2898747 23 63 1
2898946 23 2 2
2899028 23 63 2
2969229 23 3 2
2969368 23 3 2
2969595 23 3 2
3797987 23 38 0
3797987 23 38 0
3799799 23 38 2
3803384 23 38 2
3803852 23 0 2
3804800 23 7 0
3805726 23 7 2
3806294 23 38 0
3806294 23 38 0
3806336 23 38 2
3806343 23 38 2
3806499 23 46 0
3806557 23 46 2
3806601 23 12 0
3806658 23 12 2
3806814 23 47 0
3806863 23 47 2
3808703 23 38 0
3808703 23 38 0
3808745 23 38 2
3808753 23 38 2
4774550 23 38 0
4774550 23 38 0
4776650 23 38 2
4779927 23 38 2
4781911 23 38 0
4781911 23 38 0
4781953 23 38 2
4781991 23 38 2
4784187 23 38 0
4784187 23 38 0
4784237 23 38 2
4784449 23 38 2
5751139 23 38 0
5751139 23 38 0
5752092 23 38 2
5753645 23 38 2
5755629 23 38 0
5755629 23 38 0
5755671 23 38 2
5755779 23 38 2
5756675 23 0 2
5756727 23 7 0
5757091 23 7 2
5758339 23 38 0
5758339 23 38 0
5758389 23 38 2
5758791 23 38 2
