0 30 51 0
4692 30 56 1
4730 30 51 2
4734 30 22 0
4929 30 2 2
5010 30 56 2
6844 30 22 2
6856 30 1 0
7770 30 1 2
7790 30 24 0
7906 30 24 2
9334 30 56 1
9569 30 0 2
9666 30 56 2
16179 30 56 1
16419 30 0 2
16516 30 56 2
16961 30 56 1
17199 30 2 2
17280 30 56 2
51957 30 56 1
52199 30 2 2
52280 30 56 2
84787 30 56 1
85029 30 0 2
85126 30 56 2
107331 30 2 0
107332 30 56 1
107569 30 2 2
107650 30 56 2
134311 30 56 1
134549 30 2 2
134630 30 56 2
136593 30 56 1
136839 30 2 2
136920 30 56 2
171317 30 56 1
171560 30 2 2
171642 30 56 2
194627 30 56 1
194870 30 2 2
194952 30 56 2
231077 30 56 1
231320 30 2 2
231402 30 56 2
254417 30 56 1
254660 30 2 2
254742 30 56 2
281655 30 56 1
281890 30 2 2
281972 30 56 2
300475 30 56 1
300476 30 2 0
300709 30 2 2
300790 30 56 2
334537 30 56 1
334779 30 2 2
334860 30 56 2
334924 30 56 1
335160 30 2 2
335242 30 56 2
380167 30 56 1
380409 30 2 2
380490 30 56 2
380554 30 2 0
380555 30 56 1
380790 30 2 2
380872 30 56 2
405404 30 56 1
405639 30 2 2
405720 30 56 2
452058 30 2 0
452059 30 56 1
452299 30 2 2
452380 30 56 2
482364 30 2 0
482365 30 56 1
482599 30 2 2
482680 30 56 2
486640 30 56 1
486879 30 2 2
486960 30 56 2
526802 30 56 1
526803 30 2 0
527039 30 2 2
527120 30 56 2
675725 30 2 0
675726 30 56 1
675969 30 2 2
676050 30 56 2
711763 30 56 1
711999 30 3 2
712072 30 56 2
720201 30 2 0
720202 30 56 1
720439 30 2 2
720520 30 56 2
726234 30 2 0
726235 30 2 2
735719 30 2 0
735720 30 2 2
740579 30 2 0
740580 30 2 2
741688 30 2 0
741689 30 2 2
743565 30 2 0
743942 30 2 0
743942 30 3 2
756970 30 3 2
760697 30 2 0
760698 30 56 1
760940 30 2 2
761022 30 56 2
775543 30 56 1
775779 30 3 2
775852 30 56 2
781463 30 56 1
781699 30 3 2
781772 30 56 2
784247 30 56 1
784490 30 2 2
784572 30 56 2
811937 30 2 0
811938 30 56 1
812180 30 2 2
812262 30 56 2
835357 30 56 1
835358 30 2 0
835600 30 2 2
835682 30 56 2
853329 30 56 1
853569 30 3 2
853642 30 56 2
867086 30 4 0
867630 30 4 2
867682 30 44 0
868273 30 44 2
868285 30 5 0
868368 30 5 2
868380 30 45 0
868666 30 45 2
868734 30 24 0
868840 30 24 2
868872 30 25 0
868969 30 25 2
868977 30 26 0
869068 30 26 2
869108 30 27 0
869225 30 27 2
869245 30 33 0
869390 30 33 2
869410 30 35 0
869503 30 35 2
869511 30 41 0
869878 30 41 2
869894 30 42 0
870197 30 42 2
870229 30 1 0
870337 30 1 2
870373 30 36 0
870464 30 36 2
870476 30 43 0
870777 30 43 2
870793 30 17 0
870867 30 17 2
870959 30 27 0
871041 30 27 2
871045 30 37 0
871136 30 37 2
871148 30 17 0
871254 30 17 2
871262 30 15 0
871372 30 15 2
871412 30 16 0
871527 30 16 2
871567 30 18 0
871677 30 18 2
871701 30 61 0
871917 30 61 2
871929 30 54 0
872061 30 54 2
872081 30 10 0
872154 30 10 2
872162 30 19 0
872273 30 19 2
872277 30 35 0
872564 30 35 2
872580 30 53 0
872753 30 53 2
872793 30 33 0
872907 30 33 2
872919 30 36 0
873015 30 36 2
873035 30 40 0
873323 30 40 2
873347 30 37 0
873746 30 37 2
873840 30 27 2
873850 30 38 0
874013 30 38 2
874017 30 55 0
874270 30 55 2
874294 30 8 0
874400 30 8 2
874408 30 29 0
874522 30 29 2
874562 30 0 0
874667 30 0 2
874679 30 38 0
874825 30 38 2
874841 30 39 0
875073 30 39 2
875077 30 39 0
875321 30 39 2
875377 30 36 0
875447 30 24 2
875511 30 36 2
875543 30 38 0
875733 30 26 2
875780 30 38 2
875796 30 51 0
875936 30 51 2
875992 30 29 0
876148 30 25 2
876231 30 29 2
876239 30 52 0
876385 30 52 2
876421 30 37 0
876614 30 56 1
876676 30 37 2
876696 30 53 0
876849 30 5 2
876889 30 53 2
876905 30 56 2
876913 30 54 0
876993 30 28 2
877036 30 54 2
877052 30 11 0
877380 30 11 2
877392 30 56 0
877579 30 56 2
877583 30 12 0
877840 30 12 2
877848 30 57 0
877978 30 57 2
877982 30 2 0
878308 30 2 2
878360 30 37 0
878450 30 37 2
878466 30 40 0
878587 30 40 2
878643 30 58 0
878765 30 58 2
878825 30 35 0
878835 30 31 2
878930 30 35 2
878934 30 50 0
879049 30 50 2
879069 30 62 0
879183 30 62 2
879211 30 38 0
879476 30 38 2
879513 30 29 2
879548 30 63 0
879835 30 63 2
879875 30 12 0
880148 30 12 2
880172 30 2 0
880278 30 2 2
880302 30 13 0
880538 30 13 2
880634 30 3 0
880758 30 3 2
880798 30 23 0
880938 30 23 2
880954 30 24 0
881060 30 24 2
881168 30 1 0
881482 30 1 2
881490 30 25 0
881632 30 25 2
881660 30 26 0
881772 30 26 2
881852 30 0 0
881963 30 0 2
881971 30 3 0
882077 30 3 2
882121 30 4 0
882247 30 4 2
882343 30 5 0
882715 30 5 2
882755 30 15 0
882899 30 56 1
883219 30 3 2
883285 30 15 2
883293 30 14 0
883302 30 56 2
883671 30 14 2
883683 30 50 0
884189 30 50 2
884217 30 6 0
884370 30 6 2
884390 30 4 0
884504 30 4 2
884512 30 8 0
884630 30 8 2
884634 30 47 0
887503 30 47 2
887511 30 49 0
887654 30 49 2
887670 30 11 0
887782 30 11 2
887794 30 56 1
887818 30 5 0
887975 30 5 2
887999 30 37 0
888039 30 59 2
888120 30 56 2
888247 30 37 2
888311 30 4 0
888438 30 4 2
888442 30 1 0
888532 30 1 2
888560 30 27 0
888649 30 27 2
888657 30 2 0
888747 30 2 2
888759 30 11 0
888850 30 11 2
888858 30 7 0
888945 30 7 2
888965 30 3 0
889114 30 3 2
889222 30 6 0
889368 30 6 2
889388 30 9 0
889540 30 9 2
889712 30 8 0
889868 30 8 2
889880 30 11 0
890220 30 11 2
890240 30 12 0
890398 30 12 2
890422 30 16 0
890674 30 16 2
890682 30 13 0
890915 30 13 2
890963 30 2 0
891081 30 2 2
891125 30 40 0
891565 30 40 2
891569 30 25 0
891681 30 25 2
891697 30 31 0
892378 30 31 2
892414 30 33 0
892531 30 33 2
892535 30 36 0
892741 30 36 2
892749 30 4 0
892883 30 4 2
892975 30 5 0
893029 30 56 1
893131 30 5 2
893163 30 34 0
893269 30 2 2
893277 30 34 2
893297 30 35 0
893350 30 56 2
893353 30 2 0
893490 30 2 0
893503 30 35 2
893527 30 32 0
893588 30 2 0
893680 30 2 0
893706 30 32 2
893772 30 2 0
893774 30 17 0
893871 30 2 0
893983 30 2 0
894072 30 17 2
894084 30 2 0
894177 30 2 0
894299 30 2 0
894368 30 38 0
894368 30 38 0
894394 30 38 2
894421 30 2 0
894467 30 38 2
894475 30 27 0
894518 30 2 0
894567 30 27 2
894587 30 35 0
894644 30 35 2
894650 30 2 0
894700 30 28 0
894746 30 2 0
894790 30 28 2
894858 30 3 0
894931 30 3 2
894935 30 46 0
894977 30 46 2
894997 30 4 0
895024 30 2 0
895088 30 4 2
895120 30 0 0
895130 30 2 0
895228 30 0 2
895232 30 29 0
895251 30 2 0
895332 30 29 2
895352 30 2 0
895443 30 2 0
895476 30 47 0
895525 30 47 2
895542 30 2 0
895597 30 30 0
895646 30 2 0
895730 30 30 2
895755 30 2 0
895897 30 2 0
896082 30 31 0
896238 30 2 0
896260 30 31 2
896264 30 44 0
896400 30 2 0
896474 30 44 2
896482 30 43 0
896540 30 2 0
896616 30 43 2
896665 30 2 0
896748 30 32 0
896775 30 2 0
896872 30 32 2
896907 30 2 0
897021 30 2 0
897130 30 2 0
897196 30 33 0
897231 30 2 0
897353 30 33 2
897375 30 2 0
897400 30 56 1
897401 30 33 0
897480 30 2 0
897636 30 2 0
897639 30 18 2
897682 30 33 2
897690 30 27 0
897704 30 56 2
897789 30 2 0
897879 30 2 0
897946 30 27 2
897982 30 2 0
898050 30 54 0
898200 30 54 2
898212 30 28 0
898215 30 2 0
898320 30 28 2
898336 30 38 0
898362 30 2 0
898484 30 2 0
898590 30 2 0
898595 30 38 2
898603 30 56 0
898688 30 2 0
898766 30 56 2
898782 30 39 0
898809 30 2 0
898916 30 2 0
899011 30 39 2
899027 30 2 0
899111 30 41 0
899157 30 2 0
899261 30 2 0
899381 30 2 0
899509 30 2 0
899643 30 2 0
899662 30 41 2
899710 30 61 0
899751 30 2 0
899880 30 2 0
899988 30 2 0
900112 30 2 0
900248 30 61 2
900252 30 39 0
900395 30 39 2
900407 30 7 0
900520 30 7 2
900533 30 2 0
900580 30 8 0
900698 30 8 2
900704 30 2 0
900730 30 63 0
900834 30 2 0
900933 30 2 0
901038 30 2 0
901096 30 63 2
901147 30 2 0
901204 30 0 0
901258 30 2 0
901349 30 2 0
901384 30 0 2
901412 30 57 0
901552 30 57 2
901620 30 58 0
901761 30 58 2
901845 30 46 0
901847 30 56 1
902039 30 46 2
902051 30 59 0
902089 30 36 2
902138 30 56 2
902285 30 59 2
902317 30 32 0
902435 30 32 2
902443 30 50 0
902524 30 50 2
902600 30 60 0
902752 30 60 2
902760 30 62 0
902923 30 56 1
903003 30 62 2
903007 30 3 0
903112 30 3 2
903124 30 5 0
903159 30 54 2
903207 30 56 2
903235 30 5 2
903263 30 17 0
903374 30 17 2
903394 30 6 0
903514 30 6 2
903606 30 11 0
903910 30 11 2
903918 30 10 0
904008 30 10 2
904028 30 11 0
904145 30 11 2
904153 30 6 0
904269 30 6 2
904305 30 36 0
904610 30 36 2
904670 30 12 0
904777 30 12 2
904785 30 0 0
904898 30 0 2
905022 30 15 0
905138 30 15 2
905258 30 7 0
905402 30 7 2
905418 30 0 0
905673 30 0 2
905821 30 9 0
905939 30 9 2
905971 30 8 0
906095 30 8 2
906123 30 45 0
906385 30 45 2
906493 30 14 0
906558 30 14 2
906854 30 31 0
906992 30 31 2
907036 30 35 0
907316 30 35 2
907376 30 32 0
907498 30 32 2
907598 30 33 0
907715 30 33 2
907807 30 34 0
908013 30 34 2
908045 30 1 0
908045 30 1 0
908129 30 1 2
908138 30 1 2
908182 30 32 0
908399 30 32 2
908407 30 35 0
908581 30 35 2
908585 30 60 0
908778 30 60 2
908794 30 61 0
909130 30 61 2
909190 30 48 0
909321 30 48 2
909361 30 49 0
909697 30 49 2
909733 30 36 0
909733 30 36 0
909775 30 36 2
910667 30 56 1
910794 30 36 2
910858 30 37 0
910858 30 37 0
910892 30 37 2
910897 30 56 1
910910 30 20 2
910960 30 56 2
911015 30 56 1
911126 30 56 1
911140 30 11 2
911206 30 56 2
911250 30 35 2
911283 30 37 2
911284 30 56 1
911308 30 56 2
911331 30 58 0
911370 30 6 2
911413 30 56 1
911420 30 56 2
911503 30 56 1
911530 30 18 2
911596 30 56 2
911650 30 4 2
911675 30 56 1
911716 30 56 2
911760 30 38 2
911794 30 56 2
911841 30 56 1
911910 30 5 2
911955 30 56 1
911968 30 56 2
912059 30 56 1
912110 30 42 2
912184 30 56 2
912211 30 56 1
912220 30 12 2
912278 30 56 2
912330 30 21 2
912372 30 56 2
912418 30 56 1
912451 30 22 2
912485 30 56 2
912529 30 56 1
912643 30 56 1
912660 30 1 2
912677 30 2 0
912678 30 56 1
912737 30 3 0
912738 30 56 1
912757 30 56 1
912765 30 56 2
912770 30 9 2
912852 30 56 2
912859 30 56 1
912880 30 52 2
912940 30 2 2
912946 30 56 2
913000 30 27 2
913022 30 56 2
913024 30 56 1
913050 30 56 2
913069 30 3 2
913110 30 28 2
913142 30 56 2
913153 30 56 2
913175 30 56 1
913252 30 56 1
913260 30 26 2
913318 30 56 2
913347 30 56 1
913363 30 58 2
913375 30 31 0
913420 30 57 2
913451 30 56 1
913518 30 56 2
913530 30 43 2
913596 30 56 2
913612 30 31 2
913624 30 30 0
913633 30 56 1
913640 30 45 2
913690 30 56 2
913770 30 23 2
913812 30 56 2
913855 30 56 1
913880 30 30 2
913896 30 30 2
913904 30 59 0
913905 30 56 2
913910 30 56 1
914042 30 56 1
914090 30 48 2
914093 30 59 2
914145 30 34 0
914188 30 56 2
914191 30 56 1
914200 30 14 2
914242 30 56 2
914295 30 56 1
914310 30 46 2
914352 30 56 2
914406 30 34 2
914408 30 56 1
914446 30 0 0
914470 30 24 2
914544 30 56 2
914580 30 19 2
914613 30 56 1
914637 30 56 2
914690 30 7 2
914704 30 0 2
914712 30 33 0
914727 30 56 1
914748 30 56 2
914860 30 61 2
914895 30 56 1
914926 30 56 2
914970 30 36 2
915022 30 56 2
915031 30 33 2
915047 30 60 0
915065 30 56 1
915130 30 53 2
915188 30 56 2
915199 30 60 2
915203 30 56 1
915219 30 32 0
915300 30 62 2
915324 30 56 1
915358 30 56 2
915440 30 34 2
915447 30 56 1
915495 30 32 2
915507 30 56 2
915560 30 10 2
915571 30 61 0
915634 30 56 2
915636 30 56 1
915690 30 13 2
915743 30 56 2
915773 30 56 1
915880 30 54 2
915882 30 61 2
915894 30 56 1
915930 30 56 2
916006 30 62 0
916010 30 25 2
916037 30 56 1
916076 30 56 2
916130 30 44 2
916188 30 56 2
916243 30 56 1
916301 30 55 2
916347 30 56 1
916359 30 56 2
916367 30 62 2
916451 30 56 1
916455 30 12 0
916490 30 56 2
916568 30 12 2
916579 30 56 1
916580 30 39 0
916596 30 56 2
916600 30 58 2
916690 30 56 2
916710 30 56 1
916710 30 17 2
916760 30 39 2
916772 30 13 0
916785 30 56 2
916831 30 56 1
916840 30 32 2
916893 30 13 2
916897 30 48 0
916923 30 56 2
916950 30 41 2
916957 30 56 1
917002 30 56 1
917033 30 56 2
917037 30 48 2
917049 30 59 0
917070 30 60 2
917143 30 56 2
917193 30 59 2
917200 30 8 2
917221 30 54 0
917221 30 54 0
917240 30 56 1
917263 30 54 2
917290 30 56 2
917320 30 31 2
917354 30 56 2
917381 30 56 1
917540 30 54 2
917540 30 50 2
917580 30 55 0
917622 30 56 2
917650 30 29 2
917684 30 56 2
917755 30 56 1
917796 30 55 2
917820 30 56 0
917930 30 56 1
917958 30 56 2
917986 30 57 0
917990 30 63 2
918057 30 56 2
918081 30 56 1
918170 30 59 2
918205 30 57 2
918252 30 56 2
918269 30 58 0
918302 30 56 1
918330 30 39 2
918371 30 56 2
918406 30 58 2
918442 30 49 0
918447 30 56 1
918560 30 51 2
918567 30 56 1
918576 30 49 2
918616 30 63 0
918628 30 56 1
918635 30 56 2
918700 30 40 2
918778 30 56 1
918791 30 56 2
918810 30 49 2
918824 30 63 2
918872 30 15 0
918901 30 56 2
918920 30 37 2
918962 30 56 2
919030 30 47 2
919038 30 15 2
919054 30 44 0
919079 30 56 1
919080 30 56 2
919161 30 44 2
919181 30 45 0
919269 30 56 1
919288 30 45 2
919320 30 15 2
919370 30 56 2
919393 30 56 1
919510 30 16 2
919536 30 0 0
919592 30 56 2
919640 30 33 2
919642 30 0 2
919716 30 56 2
919734 30 1 0
919856 30 1 2
919956 30 2 0
920075 30 2 2
920095 30 41 0
920209 30 41 2
920281 30 3 0
920405 30 3 2
920665 30 5 0
920781 30 5 2
920829 30 6 0
920994 30 6 2
921082 30 7 0
921236 30 7 2
921344 30 8 0
921455 30 8 2
921511 30 1 0
921619 30 1 2
922067 30 46 0
922125 30 46 2
922133 30 4 0
922259 30 4 2
922283 30 47 0
922341 30 47 2
922485 30 12 0
922518 30 28 2
922549 30 22 2
922559 30 12 2
922672 30 23 2
922881 30 3 0
922882 30 56 1
922923 30 10 0
923032 30 28 2
923090 30 10 2
923120 30 3 2
923139 30 28 2
923193 30 56 2
923210 30 1 0
923210 30 1 0
923292 30 1 2
923325 30 1 2
923349 30 28 2
923757 30 11 0
923757 30 11 0
923815 30 11 2
923836 30 27 2
923841 30 11 2
923842 30 21 2
923857 30 46 0
923955 30 46 2
923987 30 47 0
923987 30 47 0
924029 30 47 2
924094 30 47 2
924235 30 31 2
924238 30 12 0
924345 30 12 2
924454 30 28 2
924512 30 31 2
924571 30 28 2
924701 30 20 2
924781 30 28 2
924829 30 1 0
924829 30 1 0
924912 30 1 2
924920 30 31 2
924935 30 1 2
925383 30 46 0
925383 30 46 0
925417 30 46 2
925474 30 46 2
925506 30 47 0
925580 30 32 2
925604 30 47 2
925748 30 12 0
925794 30 27 2
925815 30 32 2
925846 30 12 2
925908 30 27 2
925961 30 28 2
926066 30 32 2
926067 30 28 2
926126 30 27 2
926275 30 33 2
926285 30 28 2
926330 30 1 0
926330 30 1 0
926412 30 1 2
926437 30 1 2
926548 30 56 1
926579 30 33 2
926747 30 31 2
926790 30 3 2
926865 30 56 2
926885 30 46 0
926952 30 31 2
926967 30 46 2
926999 30 47 0
927011 30 33 2
927092 30 47 2
927170 30 31 2
927236 30 12 0
927259 30 32 2
927310 30 27 2
927326 30 12 2
927376 30 28 2
927400 30 32 2
927427 30 27 2
927483 30 28 2
927645 30 27 2
927650 30 32 2
927693 30 28 2
927810 30 1 0
927810 30 1 0
927892 30 1 2
927911 30 18 2
927917 30 1 2
928365 30 46 0
928365 30 46 0
928388 30 31 2
928399 30 46 2
928448 30 46 2
928478 30 31 2
928480 30 47 0
928480 30 47 0
928524 30 47 2
928573 30 47 2
928683 30 33 2
928696 30 31 2
928706 30 19 2
928717 30 12 0
928717 30 12 0
928735 30 27 2
928767 30 12 2
928784 30 28 2
928810 30 12 2
928850 30 27 2
928890 30 28 2
929032 30 33 2
929069 30 27 2
929101 30 28 2
929273 30 33 2
929294 30 1 0
929294 30 1 0
929377 30 1 2
929384 30 1 2
929801 30 31 2
929832 30 46 0
929832 30 46 0
929867 30 46 2
929874 30 46 2
929895 30 31 2
929906 30 47 0
929906 30 47 0
929948 30 47 2
929957 30 47 2
930101 30 12 0
930101 30 12 0
930114 30 31 2
930144 30 27 2
930152 30 12 2
930160 30 12 2
930259 30 27 2
930477 30 27 2
930644 30 1 0
930644 30 1 0
930726 30 1 2
930751 30 1 2
931199 30 46 0
931199 30 46 0
931233 30 46 2
931241 30 46 2
931273 30 47 0
931273 30 47 0
931315 30 47 2
931323 30 47 2
931467 30 12 0
931467 30 12 0
931517 30 12 2
931525 30 12 2
932009 30 1 0
932009 30 1 0
932091 30 1 2
932099 30 1 2
932547 30 46 0
932547 30 46 0
932581 30 46 2
932588 30 46 2
932620 30 47 0
932620 30 47 0
932662 30 47 2
932670 30 47 2
932814 30 12 0
932814 30 12 0
932864 30 12 2
932871 30 12 2
933355 30 1 0
933355 30 1 0
933437 30 1 2
933445 30 1 2
933893 30 46 0
933893 30 46 0
933927 30 46 2
933934 30 46 2
933966 30 47 0
933966 30 47 0
934008 30 47 2
934017 30 47 2
934161 30 12 0
934161 30 12 0
934211 30 12 2
934219 30 12 2
934672 30 17 2
934703 30 1 0
934703 30 1 0
934786 30 1 2
934794 30 1 2
935226 30 12 0
935226 30 12 0
935276 30 12 2
935287 30 12 2
935303 30 46 0
935303 30 46 0
935337 30 46 2
935345 30 46 2
935377 30 47 0
935377 30 47 0
935419 30 47 2
935427 30 47 2
935571 30 12 0
935571 30 12 0
935621 30 12 2
935629 30 12 2
936113 30 1 0
936113 30 1 0
936195 30 1 2
936203 30 1 2
936265 30 14 2
936377 30 2 0
936378 30 56 1
936620 30 2 2
936651 30 46 0
936651 30 46 0
936685 30 46 2
936693 30 46 2
936702 30 56 2
936725 30 47 0
936725 30 47 0
936767 30 47 2
936775 30 47 2
936874 30 12 2
936919 30 12 0
936919 30 12 0
936945 30 56 1
936969 30 12 2
936977 30 12 2
937189 30 3 2
937263 30 56 2
937461 30 1 0
937461 30 1 0
937543 30 1 2
937549 30 11 2
937551 30 1 2
937999 30 46 0
937999 30 46 0
938033 30 46 2
938041 30 46 2
938073 30 47 0
938073 30 47 0
938116 30 47 2
938124 30 47 2
938268 30 12 0
938268 30 12 0
938321 30 12 2
938333 30 12 2
938817 30 1 0
938817 30 1 0
938899 30 1 2
938909 30 1 2
938912 30 16 2
939357 30 46 0
939357 30 46 0
939391 30 46 2
939399 30 46 2
939431 30 47 0
939431 30 47 0
939473 30 47 2
939480 30 47 2
939624 30 12 0
939624 30 12 0
939663 30 13 2
939674 30 12 2
939682 30 12 2
940166 30 1 0
940166 30 1 0
940248 30 1 2
940256 30 1 2
940493 30 15 2
940704 30 46 0
940704 30 46 0
940738 30 46 2
940746 30 46 2
940778 30 47 0
940778 30 47 0
940820 30 47 2
940829 30 47 2
940973 30 12 0
940973 30 12 0
941023 30 12 2
941030 30 12 2
941385 30 9 2
941514 30 1 0
941514 30 1 0
941596 30 1 2
941611 30 1 2
942059 30 46 0
942059 30 46 0
942093 30 46 2
942100 30 46 2
942132 30 47 0
942132 30 47 0
942174 30 47 2
942181 30 47 2
942325 30 12 0
942325 30 12 0
942375 30 12 2
942385 30 12 2
942869 30 1 0
942869 30 1 0
942951 30 1 2
942959 30 1 2
943407 30 46 0
943407 30 46 0
943442 30 46 2
943450 30 46 2
943482 30 47 0
943482 30 47 0
943514 30 10 2
943525 30 47 2
943533 30 47 2
943677 30 12 0
943677 30 12 0
943727 30 12 2
943735 30 12 2
944219 30 1 0
944219 30 1 0
944304 30 1 2
944314 30 1 2
944464 30 6 2
944739 30 3 0
944740 30 56 1
944762 30 46 0
944762 30 46 0
944796 30 46 2
944807 30 46 2
944839 30 47 0
944839 30 47 0
944881 30 47 2
944888 30 47 2
944980 30 3 2
945032 30 12 0
945032 30 12 0
945054 30 56 2
945082 30 12 2
945092 30 12 2
945576 30 1 0
945576 30 1 0
945658 30 1 2
945665 30 1 2
946097 30 13 0
946185 30 5 2
946187 30 13 2
946203 30 46 0
946203 30 46 0
946237 30 46 2
946245 30 46 2
946277 30 47 0
946277 30 47 0
946319 30 47 2
946332 30 47 2
946476 30 12 0
946476 30 12 0
946492 30 7 2
946527 30 12 2
946538 30 12 2
946945 30 4 2
947022 30 1 0
947022 30 1 0
947104 30 1 2
947112 30 1 2
947560 30 46 0
947560 30 46 0
947594 30 46 2
947602 30 46 2
947634 30 47 0
947634 30 47 0
947676 30 47 2
947684 30 47 2
947828 30 12 0
947828 30 12 0
947878 30 12 2
947885 30 12 2
948369 30 1 0
948369 30 1 0
948451 30 1 2
948461 30 1 2
948909 30 46 0
948909 30 46 0
948943 30 46 2
948951 30 46 2
948983 30 47 0
948983 30 47 0
949025 30 47 2
949033 30 47 2
949177 30 12 0
949177 30 12 0
949227 30 12 2
949235 30 12 2
949474 30 8 2
949719 30 1 0
949719 30 1 0
949801 30 1 2
949809 30 1 2
950257 30 46 0
950257 30 46 0
950293 30 46 2
950301 30 46 2
950333 30 47 0
950333 30 47 0
950375 30 47 2
950383 30 47 2
950527 30 12 0
950527 30 12 0
950578 30 12 2
950586 30 12 2
951070 30 1 0
951070 30 1 0
951152 30 1 2
951159 30 1 2
951607 30 46 0
951607 30 46 0
951641 30 46 2
951649 30 46 2
951681 30 47 0
951681 30 47 0
951723 30 47 2
951731 30 47 2
951875 30 12 0
951875 30 12 0
951925 30 12 2
951933 30 12 2
952417 30 1 0
952417 30 1 0
952499 30 1 2
952509 30 1 2
952957 30 46 0
952957 30 46 0
952995 30 46 2
952997 30 46 2
953029 30 47 0
953029 30 47 0
953071 30 47 2
953079 30 47 2
953223 30 12 0
953223 30 12 0
953273 30 12 2
953281 30 12 2
953765 30 1 0
953765 30 1 0
953847 30 1 2
953855 30 1 2
954303 30 46 0
954303 30 46 0
954337 30 46 2
954345 30 46 2
954377 30 47 0
954377 30 47 0
954419 30 47 2
954426 30 47 2
954570 30 12 0
954570 30 12 0
954620 30 12 2
954631 30 12 2
955115 30 1 0
955115 30 1 0
955197 30 1 2
955205 30 1 2
955653 30 46 0
955653 30 46 0
955687 30 46 2
955696 30 46 2
955728 30 47 0
955728 30 47 0
955770 30 47 2
955778 30 47 2
955922 30 12 0
955922 30 12 0
955972 30 12 2
955981 30 12 2
956448 30 0 2
956465 30 1 0
956465 30 1 0
956547 30 1 2
956554 30 1 2
956986 30 14 0
957109 30 14 2
957125 30 46 0
957125 30 46 0
957159 30 46 2
957168 30 46 2
957200 30 47 0
957200 30 47 0
957242 30 47 2
957253 30 47 2
957257 30 1 2
957397 30 12 0
957397 30 12 0
957447 30 12 2
957455 30 12 2
957939 30 1 0
957939 30 1 0
958023 30 1 2
958034 30 1 2
958419 30 2 0
958420 30 2 2
958482 30 46 0
958482 30 46 0
958521 30 46 2
958524 30 46 2
958556 30 47 0
958556 30 47 0
958598 30 47 2
958611 30 47 2
958755 30 12 0
958755 30 12 0
958805 30 12 2
958813 30 12 2
959297 30 1 0
959297 30 1 0
959379 30 1 2
959386 30 1 2
959834 30 46 0
959834 30 46 0
959868 30 46 2
959876 30 46 2
959908 30 47 0
959908 30 47 0
959950 30 47 2
959958 30 47 2
960102 30 12 0
960102 30 12 0
960152 30 12 2
960165 30 12 2
960649 30 1 0
960649 30 1 0
960731 30 1 2
960738 30 1 2
961186 30 46 0
961186 30 46 0
961221 30 46 2
961228 30 46 2
961260 30 47 0
961260 30 47 0
961303 30 47 2
961310 30 47 2
961454 30 12 0
961454 30 12 0
961504 30 12 2
961512 30 12 2
961996 30 1 0
961996 30 1 0
962078 30 1 2
962087 30 1 2
962535 30 46 0
962535 30 46 0
962569 30 46 2
962576 30 46 2
962608 30 47 0
962608 30 47 0
962650 30 47 2
962658 30 47 2
962802 30 12 0
962802 30 12 0
962852 30 12 2
962860 30 12 2
963344 30 1 0
963344 30 1 0
963426 30 1 2
963438 30 1 2
963490 30 62 2
963886 30 46 0
963886 30 46 0
963921 30 46 2
963928 30 46 2
963960 30 47 0
963960 30 47 0
964002 30 47 2
964010 30 47 2
964154 30 12 0
964154 30 12 0
964205 30 12 2
964213 30 12 2
964697 30 1 0
964697 30 1 0
964779 30 1 2
964786 30 1 2
965234 30 46 0
965234 30 46 0
965268 30 46 2
965276 30 46 2
965308 30 47 0
965308 30 47 0
965350 30 47 2
965358 30 47 2
965502 30 12 0
965502 30 12 0
965552 30 12 2
965559 30 12 2
966043 30 1 0
966043 30 1 0
966090 30 63 2
966125 30 1 2
966133 30 1 2
966227 30 61 2
966581 30 46 0
966581 30 46 0
966615 30 46 2
966626 30 46 2
966658 30 47 0
966658 30 47 0
966700 30 47 2
966708 30 47 2
966852 30 12 0
966852 30 12 0
966904 30 12 2
966912 30 12 2
967300 30 1 0
967300 30 1 0
967385 30 1 2
967393 30 1 2
967825 30 7 0
967923 30 7 2
967939 30 46 0
967939 30 46 0
967973 30 46 2
967980 30 46 2
968012 30 47 0
968012 30 47 0
968055 30 47 2
968068 30 47 2
968212 30 12 0
968212 30 12 0
968262 30 12 2
968270 30 12 2
968754 30 1 0
968754 30 1 0
968837 30 1 2
968842 30 1 2
969058 30 60 2
969290 30 46 0
969290 30 46 0
969324 30 46 2
969332 30 46 2
969364 30 47 0
969364 30 47 0
969406 30 47 2
969415 30 47 2
969559 30 12 0
969559 30 12 0
969609 30 12 2
969618 30 12 2
970019 30 57 2
970102 30 1 0
970102 30 1 0
970184 30 1 2
970192 30 1 2
970640 30 46 0
970640 30 46 0
970674 30 46 2
970681 30 46 2
970713 30 47 0
970713 30 47 0
970755 30 47 2
970762 30 47 2
970906 30 5 0
971006 30 5 2
971014 30 61 0
971143 30 61 2
971151 30 29 0
971380 30 29 2
971396 30 62 0
971396 30 62 0
971446 30 62 2
971532 30 62 2
971808 30 63 0
971808 30 63 0
971866 30 63 2
971947 30 63 2
972195 30 59 2
972371 30 12 0
972371 30 12 0
972421 30 12 2
972462 30 12 2
972902 30 11 0
973007 30 11 2
973045 30 58 2
973219 30 1 0
973219 30 1 0
973301 30 1 2
973318 30 1 2
973766 30 46 0
973766 30 46 0
973800 30 46 2
973809 30 46 2
973841 30 47 0
973841 30 47 0
973883 30 47 2
973891 30 47 2
974767 30 12 0
974767 30 12 0
974817 30 12 2
974858 30 12 2
975510 30 1 0
975510 30 1 0
975591 30 32 2
975593 30 1 2
975603 30 1 2
976051 30 46 0
976051 30 46 0
976086 30 46 2
976094 30 46 2
976126 30 47 0
976126 30 47 0
976168 30 47 2
976178 30 47 2
976322 30 12 0
976322 30 12 0
976372 30 12 2
976379 30 12 2
976427 30 56 2
976561 30 52 2
976675 30 55 2
976796 30 54 2
976863 30 1 0
976863 30 1 0
976909 30 53 2
976945 30 1 2
976950 30 2 0
976951 30 2 2
976953 30 1 2
977401 30 46 0
977401 30 46 0
977435 30 46 2
977443 30 46 2
977475 30 47 0
977475 30 47 0
977517 30 47 2
977532 30 47 2
977676 30 12 0
977676 30 12 0
977726 30 12 2
977733 30 12 2
978075 30 32 2
978217 30 1 0
978217 30 1 0
978300 30 1 2
978305 30 1 2
978753 30 46 0
978753 30 46 0
978787 30 46 2
978797 30 46 2
978829 30 47 0
978829 30 47 0
978872 30 47 2
978880 30 47 2
979024 30 12 0
979080 30 12 2
979564 30 1 0
979564 30 1 0
979646 30 1 2
979654 30 1 2
980102 30 46 0
980102 30 46 0
980147 30 46 2
980153 30 46 2
980179 30 47 0
980179 30 47 0
980221 30 47 2
980229 30 47 2
980373 30 12 0
980430 30 12 2
980914 30 1 0
980914 30 1 0
980996 30 1 2
981004 30 1 2
981436 30 8 0
981534 30 8 2
981550 30 46 0
981550 30 46 0
981585 30 46 2
981590 30 46 2
981622 30 47 0
981622 30 47 0
981664 30 47 2
981672 30 47 2
981816 30 12 0
981816 30 12 0
981866 30 12 2
981873 30 12 2
982357 30 1 0
982357 30 1 0
982441 30 1 2
982448 30 1 2
982896 30 46 0
982896 30 46 0
982930 30 46 2
982938 30 46 2
982970 30 47 0
982970 30 47 0
983012 30 47 2
983025 30 47 2
983092 30 48 2
983169 30 12 0
983169 30 12 0
983219 30 12 2
983233 30 12 2
983717 30 1 0
983717 30 1 0
983799 30 1 2
983837 30 1 2
984192 30 50 2
984285 30 46 0
984285 30 46 0
984319 30 46 2
984326 30 46 2
984358 30 47 0
984358 30 47 0
984400 30 47 2
984408 30 47 2
984451 30 51 2
984552 30 12 0
984552 30 12 0
984602 30 12 2
984609 30 12 2
985093 30 1 0
985093 30 1 0
985175 30 1 2
985272 30 1 2
985720 30 46 0
985720 30 46 0
985754 30 46 2
985762 30 46 2
985794 30 47 0
985794 30 47 0
985836 30 47 2
985845 30 47 2
985989 30 12 0
985989 30 12 0
986039 30 12 2
986049 30 12 2
986533 30 1 0
986533 30 1 0
986624 30 1 2
986686 30 1 2
986922 30 49 2
987134 30 46 0
987134 30 46 0
987168 30 46 2
987184 30 46 2
987216 30 47 0
987216 30 47 0
987258 30 47 2
987266 30 47 2
987410 30 12 0
987410 30 12 0
987460 30 12 2
987498 30 12 2
987982 30 1 0
987982 30 1 0
988064 30 1 2
988234 30 1 2
988314 30 46 2
988511 30 45 2
988682 30 46 0
988682 30 46 0
988717 30 46 2
988724 30 46 2
988756 30 47 0
988756 30 47 0
988798 30 47 2
988808 30 47 2
988952 30 12 0
988952 30 12 0
989002 30 12 2
989010 30 12 2
989148 30 43 2
989249 30 42 2
989356 30 47 2
989494 30 1 0
989494 30 1 0
989576 30 1 2
989643 30 1 2
989694 30 44 2
990091 30 46 0
990091 30 46 0
990125 30 46 2
990132 30 46 2
990164 30 47 0
990164 30 47 0
990206 30 47 2
990214 30 47 2
990358 30 12 0
990358 30 12 0
990408 30 12 2
990415 30 12 2
990899 30 1 0
990899 30 1 0
990981 30 1 2
991080 30 1 2
991258 30 38 2
991528 30 46 0
991528 30 46 0
991562 30 46 2
991570 30 46 2
991602 30 47 0
991602 30 47 0
991644 30 47 2
991652 30 47 2
991796 30 12 0
991796 30 12 0
991846 30 12 2
991854 30 12 2
992338 30 1 0
992338 30 1 0
992420 30 1 2
992427 30 1 2
992859 30 9 0
992950 30 9 2
992966 30 46 0
992966 30 46 0
993014 30 46 2
993017 30 46 2
993046 30 47 0
993046 30 47 0
993088 30 47 2
993095 30 47 2
993239 30 12 0
993239 30 12 0
993289 30 12 2
993297 30 12 2
993781 30 1 0
993781 30 1 0
993863 30 1 2
993941 30 1 2
994389 30 46 0
994389 30 46 0
994423 30 46 2
994431 30 46 2
994463 30 47 0
994463 30 47 0
994505 30 47 2
994513 30 47 2
994657 30 12 0
994657 30 12 0
994707 30 12 2
994717 30 12 2
995201 30 1 0
995201 30 1 0
995285 30 1 2
995290 30 41 2
995371 30 1 2
995819 30 46 0
995819 30 46 0
995853 30 46 2
995860 30 46 2
995892 30 47 0
995892 30 47 0
995934 30 47 2
995942 30 47 2
996086 30 12 0
996086 30 12 0
996136 30 12 2
996144 30 12 2
996628 30 1 0
996628 30 1 0
996710 30 1 2
996798 30 1 2
997246 30 46 0
997246 30 46 0
997280 30 46 2
997288 30 46 2
997320 30 47 0
997320 30 47 0
997362 30 47 2
997371 30 47 2
997425 30 56 1
997515 30 12 0
997515 30 12 0
997565 30 12 2
997573 30 12 2
997659 30 3 2
997732 30 56 2
998057 30 1 0
998057 30 1 0
998140 30 1 2
998169 30 1 2
998382 30 40 2
998498 30 35 2
998594 30 39 2
998617 30 46 0
998617 30 46 0
998651 30 46 2
998659 30 46 2
998691 30 47 0
998691 30 47 0
998702 30 36 2
998733 30 47 2
998791 30 47 2
998935 30 12 0
998935 30 12 0
998985 30 12 2
999073 30 12 2
999557 30 1 0
999557 30 1 0
999639 30 1 2
999697 30 1 2
999774 30 37 2
1000145 30 46 0
1000145 30 46 0
1000188 30 46 2
1000190 30 46 2
1000222 30 47 0
1000222 30 47 0
1000264 30 47 2
1000272 30 47 2
1000416 30 12 0
1000416 30 12 0
1000466 30 12 2
1000544 30 12 2
1001028 30 1 0
1001028 30 1 0
1001111 30 1 2
1001148 30 1 2
1001596 30 46 0
1001596 30 46 0
1001630 30 46 2
1001638 30 46 2
1001670 30 47 0
1001670 30 47 0
1001712 30 47 2
1001720 30 47 2
1001864 30 12 0
1001864 30 12 0
1001914 30 12 2
1001933 30 12 2
1002417 30 1 0
1002417 30 1 0
1002499 30 1 2
1002567 30 1 2
1002939 30 34 2
1003015 30 46 0
1003015 30 46 0
1003049 30 46 2
1003058 30 46 2
1003090 30 47 0
1003090 30 47 0
1003132 30 47 2
1003140 30 47 2
1003284 30 12 0
1003284 30 12 0
1003334 30 12 2
1003412 30 12 2
1003896 30 1 0
1003896 30 1 0
1003979 30 1 2
1004074 30 1 2
1004459 30 2 0
1004460 30 56 1
1004522 30 46 0
1004522 30 46 0
1004556 30 46 2
1004564 30 46 2
1004596 30 47 0
1004596 30 47 0
1004638 30 47 2
1004646 30 47 2
1004702 30 2 2
1004784 30 56 2
1004790 30 12 0
1004790 30 12 0
1004840 30 12 2
1004848 30 12 2
1005130 30 3 0
1005131 30 56 1
1005332 30 1 0
1005332 30 1 0
1005369 30 3 2
1005414 30 1 2
1005442 30 56 2
1005503 30 1 2
1005951 30 46 0
1005951 30 46 0
1005985 30 46 2
1005995 30 46 2
1006027 30 47 0
1006027 30 47 0
1006069 30 47 2
1006077 30 47 2
1006221 30 12 0
1006221 30 12 0
1006271 30 12 2
1006279 30 12 2
1006763 30 1 0
1006763 30 1 0
1006845 30 1 2
1006922 30 1 2
1007370 30 46 0
1007370 30 46 0
1007404 30 46 2
1007412 30 46 2
1007444 30 47 0
1007444 30 47 0
1007486 30 47 2
1007494 30 47 2
1007638 30 12 0
1007638 30 12 0
1007688 30 12 2
1007706 30 12 2
1007708 30 56 1
1007949 30 3 2
1008022 30 56 2
1008138 30 32 2
1008190 30 1 0
1008190 30 1 0
1008272 30 1 2
1008281 30 33 2
1008362 30 1 2
1008810 30 46 0
1008810 30 46 0
1008844 30 46 2
1008853 30 46 2
1008885 30 47 0
1008885 30 47 0
1008927 30 47 2
1008940 30 47 2
1009084 30 12 0
1009084 30 12 0
1009134 30 12 2
1009142 30 12 2
1009626 30 1 0
1009626 30 1 0
1009710 30 1 2
1009794 30 1 2
1010242 30 46 0
1010242 30 46 0
1010276 30 46 2
1010285 30 46 2
1010317 30 47 0
1010317 30 47 0
1010359 30 47 2
1010368 30 47 2
1010512 30 12 0
1010512 30 12 0
1010562 30 12 2
1010632 30 12 2
1011116 30 1 0
1011116 30 1 0
1011198 30 1 2
1011276 30 1 2
1011724 30 46 0
1011724 30 46 0
1011759 30 46 2
1011766 30 46 2
1011798 30 47 0
1011798 30 47 0
1011840 30 47 2
1011848 30 47 2
1011992 30 12 0
1011992 30 12 0
1012042 30 12 2
1012080 30 12 2
1012556 30 9 0
1012655 30 9 2
1012697 30 27 2
1012779 30 55 0
1012845 30 55 2
1012849 30 1 0
1012849 30 1 0
1012932 30 1 2
1013001 30 1 2
1013025 30 56 0
1013139 30 56 2
1013159 30 45 0
1013217 30 45 2
1013273 30 46 0
1013332 30 3 0
1013371 30 46 2
1013424 30 3 0
1013447 30 63 0
1013554 30 3 0
1013669 30 63 2
1013677 30 47 0
1013687 30 28 2
1013783 30 47 2
1013855 30 3 0
1013887 30 62 0
1013887 30 62 0
1013937 30 62 2
1013945 30 62 2
1013956 30 3 0
1014013 30 29 0
1014095 30 29 2
1014135 30 30 0
1014144 30 3 0
1014219 30 30 2
1014263 30 17 0
1014363 30 17 2
1014419 30 18 0
1014446 30 3 0
1014509 30 18 2
1014545 30 22 0
1014599 30 3 0
1014627 30 22 2
1014679 30 3 0
1014788 30 3 0
1014823 30 3 2
1014831 30 19 0
1014890 30 4 2
1014907 30 19 2
1014911 30 3 0
1014972 30 3 0
1015099 30 3 0
1015100 30 56 1
1015191 30 3 0
1015203 30 3 2
1015270 30 6 2
1015299 30 3 0
1015339 30 3 2
1015357 30 4 2
1015392 30 3 0
1015412 30 56 2
1015441 30 20 2
1015485 30 3 0
1015531 30 38 2
1015610 30 3 0
1015626 30 5 2
1015635 30 3 0
1015724 30 3 0
1015887 30 3 0
1016242 30 3 0
1016307 30 3 2
1016748 30 32 2
1016851 30 22 2
1016859 30 3 0
1017249 30 3 0
1017281 30 3 2
1017351 30 9 2
1017353 30 3 0
1017555 30 3 2
1017623 30 12 2
1017627 30 3 0
1017685 30 29 2
1017698 30 3 0
1017887 30 3 0
1018234 30 3 0
1018388 30 3 0
1018500 30 3 0
1018660 30 3 0
1018755 30 3 0
1018861 30 3 0
1019198 30 3 0
1019470 30 3 0
1019583 30 3 0
1019818 30 3 0
1020213 30 3 0
1020351 30 3 0
1020598 30 3 0
1020736 30 3 0
1020823 30 3 0
1020927 30 3 0
1021005 30 3 2
1021045 30 3 0
1021156 30 1 2
1021161 30 3 0
1021644 30 3 0
1021759 30 3 0
1021862 30 3 0
1021968 30 3 0
1021993 30 3 2
1022061 30 37 2
1022065 30 3 0
1022161 30 3 0
1022358 30 3 0
1022475 30 3 0
1023002 30 3 0
1023338 30 3 0
1023448 30 3 0
1023563 30 3 0
1023683 30 3 0
1023972 30 3 0
1024097 30 3 0
1024318 30 3 0
1024763 30 3 0
1025157 30 3 0
1025269 30 3 0
1025404 30 3 0
1025527 30 3 0
1025708 30 3 0
1025930 30 3 0
1026312 30 3 0
1026646 30 3 0
1027391 30 3 2
1027460 30 63 2
1027463 30 3 0
1028087 30 3 0
1028088 30 3 2
1028812 30 3 0
1029883 30 3 0
1029951 30 3 2
1030019 30 10 2
1030111 30 33 2
1030119 30 3 0
1030140 30 3 0
1030774 30 3 0
1031113 30 3 0
1031328 30 3 0
1032779 30 3 2
1032820 30 3 0
1032912 30 3 0
1033076 30 48 2
1033079 30 3 0
1033412 30 3 0
1034085 30 3 0
1034252 30 3 0
1034632 30 3 0
1035085 30 3 2
1035633 30 55 2
1035637 30 3 0
1035964 30 3 0
1036102 30 3 0
1036629 30 3 0
1036712 30 3 0
1036920 30 3 0
1037522 30 3 0
1037622 30 3 0
1038036 30 3 0
1039079 30 3 0
1039326 30 3 0
1039912 30 3 0
1040486 30 3 0
1040867 30 3 0
1040971 30 3 0
1041257 30 3 0
1042097 30 3 0
1042444 30 3 0
1042552 30 3 0
1042702 30 3 0
1043045 30 3 0
1043237 30 3 0
1043413 30 3 0
1043557 30 3 0
1043679 30 3 0
1043804 30 3 0
1043950 30 3 0
1044209 30 3 2
1044465 30 3 0
1044525 30 1 0
1044624 30 1 2
1044711 30 3 0
1044821 30 3 0
1044835 30 56 1
1044836 30 3 0
1044888 30 21 0
1044921 30 3 0
1044929 30 21 2
1044933 30 30 0
1045012 30 3 0
1045069 30 3 2
1045085 30 30 2
1045097 30 24 0
1045142 30 56 2
1045156 30 3 0
1045213 30 24 2
1045264 30 3 0
1045313 30 25 0
1045375 30 3 0
1045410 30 25 2
1045418 30 30 0
1045427 30 2 0
1045427 30 30 2
1045498 30 3 0
1045509 30 30 2
1045573 30 26 0
1045623 30 3 0
1045662 30 26 2
1045726 30 27 0
1045747 30 3 0
1045808 30 27 2
1045840 30 34 0
1045860 30 3 0
1045950 30 34 2
1045962 30 26 0
1045992 30 3 0
1046053 30 26 2
1046149 30 55 0
1046347 30 3 0
1046403 30 55 2
1046411 30 27 0
1046493 30 27 2
1046541 30 23 0
1046732 30 3 0
1047120 30 3 0
1047463 30 3 0
1047822 30 3 0
1048185 30 3 0
1048543 30 3 0
1048901 30 3 0
1049284 30 3 0
1049664 30 3 0
1051351 30 23 2
1051355 30 28 0
1051437 30 28 2
1051489 30 56 0
1051489 30 56 0
1051526 30 43 2
1051587 30 56 2
1051628 30 56 2
1051664 30 33 0
1051978 30 33 2
1052006 30 57 0
1052006 30 57 0
1052096 30 57 2
1052137 30 57 2
1052145 30 36 0
1052235 30 36 2
1052287 30 23 0
1055656 30 23 2
1055712 30 36 2
1055716 30 23 0
1058964 30 23 2
1059964 30 59 2
1059972 30 23 0
1068245 30 3 0
1068246 30 56 1
1068489 30 3 2
1068562 30 56 2
1070690 30 23 2
1071026 30 23 0
1071026 30 28 2
1073242 30 23 2
1075619 30 3 0
1075620 30 56 1
1075860 30 3 2
1075862 30 38 2
1075870 30 23 0
1075934 30 56 2
1077708 30 23 2
1080309 30 47 2
1080312 30 23 0
1082458 30 23 2
1083403 30 55 2
1083406 30 23 0
1086542 30 23 2
1087352 30 55 2
1087358 30 23 0
1089372 30 23 2
1090343 30 46 2
1090344 30 23 0
1092015 30 23 2
1093237 30 46 2
1093239 30 23 0
1093855 30 23 2
1094456 30 50 2
1094467 30 23 0
1095443 30 23 2
1097141 30 49 2
1097147 30 23 0
1099500 30 23 2
1100249 30 37 2
1100256 30 23 0
1102152 30 23 2
1102766 30 29 2
1102776 30 23 0
1104802 30 23 2
1105929 30 9 2
1105930 30 23 0
1106358 30 23 2
1106374 30 23 0
1107150 30 52 2
1107956 30 23 2
1108015 30 25 2
1108016 30 23 0
1108616 30 23 2
1109184 30 32 2
1109192 30 23 0
1109487 30 3 0
1109488 30 56 1
1109723 30 3 2
1109796 30 56 2
1113680 30 23 2
1115852 30 23 0
1115852 30 31 2
1116314 30 23 2
1118316 30 23 2
1118318 30 23 0
1120290 30 23 2
1121516 30 44 2
1121526 30 23 0
1122434 30 23 2
1123306 30 25 2
1123310 30 23 0
1123700 30 23 2
1124337 30 53 2
1124348 30 23 0
1125170 30 23 2
1126205 30 36 2
1126214 30 23 0
1126368 30 23 2
1126420 30 29 0
1126424 30 59 2
1126502 30 29 2
1126518 30 23 0
1126929 30 3 0
1126930 30 56 1
1127173 30 3 2
1127246 30 56 2
1128293 30 23 2
1128348 30 61 2
1128357 30 23 0
1130293 30 23 2
1130329 30 32 0
1130338 30 61 2
1130410 30 32 2
1130494 30 28 0
1130576 30 28 2
1130628 30 2 0
1130709 30 2 2
1130721 30 29 0
1130803 30 29 2
1130835 30 4 0
1130917 30 4 2
1130925 30 35 0
1130925 30 35 0
1130975 30 35 2
1130983 30 35 2
1131023 30 36 0
1131023 30 36 0
1131065 30 36 2
1131114 30 36 2
1131202 30 56 0
1131340 30 56 2
1131360 30 57 0
1131490 30 57 2
1131578 30 58 0
1131578 30 58 0
1131660 30 58 2
1131701 30 58 2
1131781 30 59 0
1131781 30 59 0
1131855 30 59 2
1131904 30 59 2
1131928 30 63 0
1131993 30 63 2
1132077 30 33 0
1132150 30 33 2
1133176 30 3 0
1133177 30 56 1
1133413 30 3 2
1133486 30 56 2
1144064 30 3 0
1144065 30 56 1
1144303 30 3 2
1144376 30 56 2
1145322 30 3 0
1145323 30 2 0
1165863 30 3 0
1165864 30 56 1
1166103 30 3 2
1166176 30 56 2
1169179 30 3 2
1169180 30 3 0
1177770 30 56 1
1178013 30 3 2
1178086 30 56 2
1208408 30 3 0
1208409 30 56 1
1208644 30 3 2
1208718 30 56 2
1237874 30 3 0
1237875 30 56 1
1238113 30 3 2
1238186 30 56 2
1254593 30 3 0
1254594 30 56 1
1254833 30 3 2
1254906 30 56 2
1274415 30 56 1
1274653 30 3 2
1274726 30 56 2
1282080 30 3 0
1282081 30 3 2
1283408 30 3 0
1283409 30 3 2
1307084 30 3 0
1307085 30 56 1
1307322 30 3 2
1307395 30 56 2
1352103 30 3 0
1352104 30 56 1
1352342 30 3 2
1352415 30 56 2
1394803 30 3 0
1394804 30 56 1
1395042 30 3 2
1395115 30 56 2
1406119 30 3 0
1406120 30 56 1
1406362 30 3 2
1406435 30 56 2
1407265 30 56 1
1407502 30 3 2
1407575 30 56 2
1455379 30 3 2
1844553 30 37 0
1844553 30 37 0
1845810 30 37 2
1846078 30 36 0
1846078 30 36 0
1846150 30 36 2
1846151 30 37 2
1846168 30 36 2
1846200 30 38 0
1846200 30 38 0
1846246 30 38 2
1846965 30 38 2
1847125 30 54 0
1847125 30 54 0
1847167 30 54 2
1847208 30 54 2
1847216 30 56 0
1847216 30 56 0
1847354 30 56 2
1847362 30 56 2
1847414 30 37 0
1847414 30 37 0
1847449 30 37 2
1848827 30 37 2
1848851 30 57 0
1848851 30 57 0
1849009 30 57 2
1849117 30 35 0
1849117 30 35 0
1849121 30 57 2
1849167 30 35 2
1849175 30 35 2
1849647 30 1 0
1849735 30 1 2
1850119 30 47 0
1850119 30 47 0
1850161 30 47 2
1850177 30 47 2
1850201 30 11 0
1850201 30 11 0
1850260 30 11 2
1850265 30 11 2
1850393 30 1 0
1850598 30 1 2
1851122 30 14 0
1851212 30 14 2
1851224 30 15 0
1851224 30 15 0
1851266 30 15 2
1851291 30 15 2
1851311 30 18 0
1851680 30 18 2
1851689 30 28 2
1851704 30 4 0
1851804 30 4 2
1851848 30 38 0
1851848 30 38 0
1851874 30 38 2
1851882 30 38 2
1852038 30 46 0
1852038 30 46 0
1852072 30 46 2
1852083 30 28 2
1852132 30 46 2
1852176 30 12 0
1852176 30 12 0
1852205 30 28 2
1852226 30 12 2
1852233 30 12 2
1852389 30 47 0
1852438 30 47 2
1852454 30 12 0
1852555 30 12 2
1852591 30 47 0
1852647 30 47 2
1853395 30 54 0
1853395 30 54 0
1853437 30 54 2
1853445 30 54 2
1853805 30 40 0
1854197 30 40 2
1854225 30 49 0
1854346 30 49 2
1854358 30 51 0
1854483 30 51 2
1854503 30 37 0
1854619 30 37 2
1854623 30 20 0
1854742 30 20 2
1854758 30 3 0
1854879 30 27 2
1855087 30 3 2
1855376 30 27 2
1855435 30 38 0
1855435 30 38 0
1855461 30 38 2
1855490 30 27 2
1855712 30 38 2
1855722 30 29 2
1855858 30 3 0
1855859 30 3 2
1856294 30 29 2
1856428 30 29 2
1860540 30 3 0
1860541 30 2 0
1865768 30 56 1
1866006 30 0 2
1866103 30 56 2
1866199 30 0 2
1869793 30 0 0
1869794 30 56 1
1870036 30 0 2
1870133 30 56 2
2821421 30 38 0
2821421 30 38 0
2822738 30 38 2
2822867 30 38 2
2824283 30 7 0
2824413 30 7 2
2824981 30 38 0
2824981 30 38 0
2825007 30 38 2
2825344 30 38 2
2827540 30 38 0
2827540 30 38 0
2827573 30 38 2
2828467 30 38 2
2837933 30 2 0
2837934 30 56 1
2838168 30 2 2
2838249 30 56 2
2860604 30 2 0
2860605 30 56 1
2860848 30 2 2
2860929 30 56 2
2875946 30 3 0
2875947 30 56 1
2876189 30 3 2
2876263 30 56 2
2904694 30 2 0
2904695 30 56 1
2904939 30 2 2
2905021 30 56 2
2937382 30 56 1
2937383 30 3 0
2937618 30 3 2
2937692 30 56 2
2979358 30 3 2
2979497 30 3 2
2979724 30 3 2
3000959 30 2 2
3797962 30 38 0
3797962 30 38 0
3798498 30 38 2
3799297 30 38 2
3801281 30 38 0
3801281 30 38 0
3801307 30 38 2
3801485 30 38 2
3801641 30 46 0
3801683 30 46 2
3801727 30 12 0
3801784 30 12 2
3801940 30 47 0
3801989 30 47 2
3803829 30 38 0
3803829 30 38 0
3803863 30 38 2
3803867 30 0 2
3806475 30 38 2
3815106 30 56 1
3815107 30 2 0
3815345 30 2 2
3815426 30 56 2
4774526 30 38 0
4774526 30 38 0
4774682 30 38 2
4778291 30 38 2
4779707 30 7 0
4779813 30 7 2
4780381 30 38 0
4780381 30 38 0
4780407 30 38 2
4780415 30 38 2
4782611 30 38 0
4782611 30 38 0
4782644 30 38 2
4783877 30 38 2
5751134 30 38 0
5751134 30 38 0
5753940 30 38 2
5756679 30 38 2
5756690 30 0 2
5758095 30 7 0
5758629 30 7 2
5759197 30 38 0
5759197 30 38 0
5759223 30 38 2
5759231 30 38 2
5761427 30 38 0
5761427 30 38 0
5761453 30 38 2
5761461 30 38 2
