0 20 51 0
1237 20 51 2
1241 20 22 0
2885 20 0 1
3091 20 2 2
3148 20 0 2
3181 20 22 2
3193 20 1 0
3868 20 1 2
3888 20 24 0
4016 20 24 2
9915 20 0 1
10130 20 0 2
10203 20 0 2
41083 20 0 1
41290 20 2 2
41347 20 0 2
46011 20 0 1
46220 20 2 2
46277 20 0 2
69085 20 0 1
69290 20 2 2
69347 20 0 2
69549 20 0 1
69760 20 0 2
69833 20 0 2
73708 20 0 1
73911 20 0 2
73985 20 0 2
76041 20 0 1
76250 20 0 2
76323 20 0 2
88117 20 2 0
88118 20 0 1
88320 20 2 2
88377 20 0 2
154947 20 0 1
155150 20 2 2
155207 20 0 2
167745 20 0 1
167951 20 2 2
168009 20 0 2
191045 20 0 1
191251 20 2 2
191309 20 0 2
227495 20 0 1
227701 20 2 2
227759 20 0 2
250845 20 0 1
251051 20 2 2
251109 20 0 2
269754 20 0 1
269960 20 2 2
270017 20 0 2
275683 20 2 0
275684 20 0 1
275890 20 2 2
275947 20 0 2
288977 20 2 0
288978 20 0 1
289180 20 2 2
289237 20 0 2
327585 20 2 0
327586 20 0 1
327790 20 2 2
327847 20 0 2
327911 20 0 1
328121 20 2 2
328179 20 0 2
373115 20 0 1
373320 20 2 2
373377 20 0 2
373441 20 2 0
373442 20 0 1
373651 20 2 2
373709 20 0 2
416206 20 2 0
416207 20 2 2
431414 20 2 0
431415 20 0 1
431620 20 2 2
431677 20 0 2
435809 20 0 1
436020 20 2 2
436077 20 0 2
466147 20 2 0
466148 20 2 2
648654 20 2 0
648655 20 0 1
648857 20 2 2
648914 20 0 2
652037 20 2 0
652038 20 0 1
652247 20 2 2
652304 20 0 2
652507 20 2 0
652508 20 0 1
652717 20 2 2
652774 20 0 2
673796 20 0 1
674007 20 2 2
674064 20 0 2
714305 20 2 2
714306 20 2 0
716986 20 2 0
716987 20 0 1
717197 20 2 2
717254 20 0 2
730445 20 2 0
730446 20 2 2
733608 20 0 1
733817 20 3 2
733866 20 0 2
748042 20 2 0
748043 20 2 2
757095 20 2 0
757096 20 0 1
757308 20 2 2
757366 20 0 2
768784 20 0 1
768987 20 3 2
769036 20 0 2
780615 20 2 0
780616 20 0 1
780828 20 2 2
780886 20 0 2
808345 20 2 0
808346 20 0 1
808558 20 2 2
808616 20 0 2
810011 20 0 1
810217 20 3 2
810266 20 0 2
831765 20 2 0
831766 20 0 1
831978 20 2 2
832036 20 0 2
832845 20 0 1
833047 20 3 2
833096 20 0 2
849711 20 2 0
849712 20 2 2
851146 20 3 2
865912 20 0 1
866117 20 3 2
866166 20 0 2
867075 20 2 0
867076 20 0 1
867086 20 4 0
867288 20 2 2
867315 20 4 2
867346 20 0 2
867367 20 44 0
867719 20 44 2
867731 20 5 0
867797 20 5 2
867809 20 45 0
868120 20 45 2
868188 20 24 0
868318 20 24 2
868350 20 25 0
868452 20 25 2
868460 20 26 0
868545 20 26 2
868585 20 27 0
868715 20 27 2
868735 20 33 0
868865 20 33 2
868885 20 35 0
868962 20 35 2
868970 20 41 0
869324 20 41 2
869340 20 42 0
869643 20 42 2
869675 20 1 0
869779 20 1 2
869815 20 36 0
869919 20 36 2
869931 20 43 0
870222 20 43 2
870238 20 17 0
870306 20 17 2
870398 20 27 0
870515 20 27 2
870519 20 37 0
870631 20 37 2
870643 20 17 0
870764 20 17 2
870772 20 15 0
870855 20 15 2
870895 20 16 0
870978 20 16 2
871018 20 18 0
871107 20 18 2
871131 20 61 0
871333 20 61 2
871345 20 54 0
871476 20 54 2
871496 20 9 0
871553 20 9 2
871561 20 19 0
871676 20 19 2
871680 20 35 0
872060 20 35 2
872076 20 53 0
872198 20 53 2
872238 20 33 0
872358 20 33 2
872370 20 36 0
872427 20 22 2
872445 20 36 2
872465 20 40 0
872759 20 40 2
872783 20 37 0
872950 20 37 2
872970 20 18 2
873054 20 38 0
873177 20 38 2
873181 20 45 0
873260 20 19 2
873457 20 45 2
873481 20 8 0
873587 20 8 2
873595 20 29 0
873765 20 29 2
873805 20 0 0
873923 20 0 2
873935 20 38 0
874082 20 38 2
874098 20 39 0
874125 20 21 2
874238 20 39 2
874242 20 39 0
874504 20 39 2
874560 20 36 0
874666 20 36 2
874698 20 38 0
874888 20 38 2
874904 20 51 0
875025 20 51 2
875081 20 35 0
875360 20 35 2
875368 20 52 0
875460 20 52 2
875496 20 43 0
875621 20 23 2
875960 20 43 2
875980 20 53 0
876077 20 53 2
876101 20 54 0
876207 20 54 2
876223 20 11 0
876528 20 11 2
876540 20 56 0
876662 20 56 2
876666 20 12 0
876905 20 12 2
876913 20 57 0
877034 20 57 2
877038 20 2 0
877339 20 2 2
877391 20 37 0
877476 20 37 2
877492 20 40 0
877600 20 40 2
877656 20 58 0
877765 20 58 2
877825 20 35 0
877904 20 35 2
877908 20 50 0
878013 20 50 2
878033 20 62 0
878065 20 17 2
878148 20 62 2
878176 20 38 0
878469 20 38 2
878541 20 63 0
878719 20 63 2
878759 20 12 0
878991 20 12 2
879015 20 2 0
879103 20 2 2
879127 20 13 0
879376 20 13 2
879472 20 3 0
879664 20 3 2
879704 20 23 0
879738 20 16 2
879960 20 23 2
879973 20 0 1
879976 20 24 0
880188 20 24 2
880200 20 59 2
880273 20 0 2
880296 20 55 0
880592 20 55 2
880600 20 25 0
880732 20 25 2
880760 20 26 0
880907 20 26 2
880987 20 0 0
881069 20 0 2
881077 20 3 0
881312 20 3 2
881356 20 4 0
881494 20 4 2
881590 20 5 0
882062 20 5 2
882102 20 15 0
882440 20 15 2
882448 20 14 0
882805 20 14 2
882817 20 50 0
883356 20 50 2
883384 20 6 0
883691 20 6 2
883711 20 4 0
883812 20 4 2
883820 20 8 0
883916 20 8 2
883920 20 47 0
884547 20 47 2
884555 20 49 0
884694 20 49 2
884710 20 11 0
884955 20 11 2
884991 20 5 0
885277 20 5 2
885301 20 37 0
885642 20 37 2
885706 20 4 0
885875 20 4 2
885879 20 1 0
885945 20 1 2
885973 20 27 0
886069 20 27 2
886077 20 2 0
886144 20 2 2
886156 20 11 0
886224 20 11 2
886232 20 7 0
886348 20 7 2
886368 20 3 0
886462 20 3 2
886570 20 6 0
886699 20 6 2
886719 20 9 0
886814 20 9 2
886986 20 8 0
887121 20 8 2
887133 20 11 0
887599 20 11 2
887619 20 12 0
887775 20 12 2
887799 20 16 0
887949 20 0 1
888063 20 16 2
888071 20 13 0
888206 20 49 2
888209 20 13 2
888257 20 2 0
888289 20 0 2
888380 20 2 2
888424 20 40 0
888871 20 40 2
888875 20 25 0
889136 20 25 2
889152 20 31 0
889454 20 31 2
889490 20 33 0
889625 20 33 2
889629 20 36 0
889860 20 36 2
889868 20 4 0
890090 20 4 2
890182 20 5 0
890438 20 5 2
890470 20 34 0
890747 20 34 2
890767 20 35 0
891279 20 35 2
891303 20 32 0
891508 20 32 2
891576 20 17 0
891851 20 17 2
892147 20 38 0
892147 20 38 0
892197 20 38 2
892249 20 38 2
892257 20 27 0
892334 20 27 2
892354 20 35 0
892402 20 35 2
892458 20 28 0
892582 20 28 2
892650 20 3 0
892699 20 3 2
892703 20 46 0
892769 20 46 2
892789 20 4 0
892858 20 4 2
892890 20 0 0
892975 20 0 2
892979 20 29 0
893080 20 29 2
893224 20 47 0
893297 20 47 2
893369 20 30 0
893750 20 30 2
894102 20 31 0
894306 20 31 2
894310 20 44 0
894579 20 44 2
894587 20 43 0
894877 20 43 2
895009 20 32 0
895225 20 32 2
895549 20 33 0
895927 20 33 2
895975 20 33 0
896330 20 33 2
896338 20 27 0
896553 20 27 2
896657 20 54 0
896791 20 54 2
896803 20 28 0
896995 20 28 2
897011 20 44 0
897289 20 44 2
897297 20 56 0
897554 20 56 2
897570 20 45 0
897878 20 45 2
897978 20 41 0
898358 20 41 2
898406 20 61 0
898542 20 61 2
898546 20 39 0
898740 20 39 2
898752 20 7 0
898858 20 7 2
898918 20 8 0
899013 20 8 2
899045 20 63 0
899196 20 63 2
899304 20 0 0
899386 20 0 2
899414 20 57 0
899586 20 57 2
899654 20 58 0
899946 20 58 2
900030 20 46 0
900389 20 46 2
900401 20 59 0
900530 20 59 2
900562 20 32 0
900667 20 32 2
900675 20 50 0
900748 20 50 2
900824 20 60 0
900945 20 60 2
900953 20 62 0
901112 20 62 2
901116 20 3 0
901205 20 3 2
901217 20 5 0
901312 20 5 2
901340 20 17 0
901437 20 17 2
901457 20 6 0
901578 20 6 2
901670 20 11 0
901951 20 11 2
901959 20 10 0
902025 20 10 2
902045 20 11 0
902130 20 11 2
902138 20 6 0
902241 20 6 2
902277 20 36 0
902545 20 36 2
902605 20 12 0
902690 20 12 2
902698 20 0 0
902782 20 0 2
902906 20 15 0
903013 20 15 2
903133 20 7 0
903249 20 7 2
903265 20 0 0
903491 20 0 2
903639 20 9 0
903963 20 9 2
903995 20 8 0
904179 20 8 2
904207 20 45 0
904478 20 45 2
904586 20 14 0
904885 20 14 2
904938 20 6 2
905007 20 0 2
905116 20 11 2
905181 20 31 0
905279 20 35 2
905407 20 4 2
905432 20 31 2
905476 20 35 0
905484 20 0 2
905528 20 12 2
905614 20 11 2
905697 20 35 2
905742 20 35 2
905785 20 4 2
905802 20 32 0
905876 20 6 2
905944 20 2 2
905968 20 12 2
906013 20 32 2
906060 20 38 2
906113 20 33 0
906205 20 3 2
906330 20 1 2
906425 20 42 2
906431 20 38 2
906455 20 33 2
906531 20 30 2
906547 20 34 0
906591 20 3 2
906660 20 21 2
906732 20 1 2
906793 20 18 2
906859 20 42 2
906962 20 30 2
907032 20 21 2
907047 20 43 2
907102 20 34 2
907134 20 1 0
907134 20 1 0
907160 20 5 2
907171 20 18 2
907199 20 1 2
907201 20 1 2
907245 20 32 0
907387 20 32 2
907395 20 35 0
907433 20 43 2
907538 20 5 2
907868 20 57 2
907895 20 35 2
907899 20 60 0
907935 20 0 1
907992 20 45 2
908080 20 22 2
908141 20 2 2
908199 20 0 2
908286 20 57 2
908389 20 60 2
908405 20 61 0
908410 20 45 2
908419 20 52 2
908502 20 22 2
908542 20 9 2
908570 20 61 2
908630 20 48 0
908669 20 28 2
908787 20 48 2
908805 20 52 2
908827 20 49 0
908827 20 27 2
908936 20 9 2
908966 20 26 2
909041 20 28 2
909109 20 48 2
909196 20 49 2
909198 20 27 2
909232 20 36 0
909232 20 36 0
909240 20 14 2
909266 20 36 2
909344 20 26 2
909509 20 23 2
909527 20 48 2
909610 20 46 2
909650 20 14 2
909821 20 36 2
909849 20 53 2
909871 20 23 2
909885 20 37 0
909885 20 37 0
909930 20 37 2
909988 20 46 2
909996 20 7 2
910132 20 24 2
910171 20 37 2
910219 20 58 0
910235 20 53 2
910313 20 10 2
910370 20 58 2
910374 20 7 2
910382 20 31 0
910424 20 34 2
910527 20 24 2
910608 20 36 2
910634 20 31 2
910646 20 30 0
910699 20 10 2
910756 20 19 2
910810 20 34 2
910939 20 30 2
910947 20 59 0
910978 20 36 2
911006 20 61 2
911099 20 59 2
911126 20 19 2
911151 20 34 0
911167 20 62 2
911299 20 13 2
911400 20 61 2
911414 20 34 2
911454 20 0 0
911508 20 54 2
911563 20 62 2
911669 20 13 2
911672 20 25 2
911681 20 0 2
911689 20 33 0
911768 20 44 2
911894 20 54 2
911910 20 32 2
911996 20 33 2
912012 20 60 0
912059 20 25 2
912140 20 60 2
912146 20 56 2
912156 20 44 2
912160 20 32 0
912312 20 32 2
912316 20 55 2
912451 20 32 2
912462 20 17 2
912527 20 61 0
912573 20 56 2
912595 20 41 2
912656 20 61 2
912704 20 55 2
912712 20 58 2
912780 20 62 0
912831 20 8 2
912848 20 17 2
912926 20 62 2
912998 20 41 2
913014 20 12 0
913107 20 12 2
913114 20 60 2
913119 20 39 0
913122 20 58 2
913228 20 31 2
913243 20 39 2
913244 20 8 2
913255 20 13 0
913330 20 29 2
913371 20 13 2
913375 20 48 0
913473 20 50 2
913508 20 60 2
913609 20 31 2
913640 20 48 2
913652 20 59 0
913692 20 29 2
913794 20 59 2
913822 20 54 0
913822 20 54 0
913881 20 50 2
913888 20 54 2
913965 20 63 2
913966 20 54 2
914006 20 55 0
914113 20 59 2
914150 20 55 2
914174 20 56 0
914259 20 39 2
914312 20 56 2
914340 20 57 0
914358 20 63 2
914384 20 51 2
914469 20 57 2
914510 20 40 2
914515 20 59 2
914533 20 58 0
914629 20 39 2
914659 20 49 2
914664 20 58 2
914700 20 49 0
914780 20 37 2
914781 20 51 2
914902 20 49 2
914921 20 40 2
914942 20 63 0
914968 20 47 2
915069 20 49 2
915108 20 15 2
915189 20 37 2
915242 20 33 2
915346 20 47 2
915362 20 16 2
915478 20 15 2
915552 20 63 2
915600 20 15 0
915636 20 33 2
915731 20 15 2
915747 20 44 0
915756 20 16 2
915838 20 44 2
915858 20 45 0
915956 20 45 2
916204 20 0 0
916288 20 0 2
916380 20 1 0
916466 20 1 2
916566 20 2 0
916828 20 2 2
916848 20 41 0
916947 20 41 2
917019 20 3 0
917327 20 3 2
917587 20 5 0
917840 20 2 0
917931 20 5 2
917979 20 6 0
918544 20 6 2
918632 20 7 0
919272 20 7 2
919380 20 8 0
919462 20 8 2
919518 20 1 0
919602 20 1 2
920050 20 46 0
920125 20 46 2
920133 20 4 0
920357 20 4 2
920381 20 47 0
920463 20 47 2
920607 20 12 0
920657 20 12 2
921021 20 10 0
921163 20 10 2
921283 20 1 0
921283 20 1 0
921351 20 1 2
921375 20 1 2
921624 20 18 2
921823 20 46 0
921897 20 46 2
921929 20 47 0
921929 20 47 0
921995 20 47 2
922015 20 47 2
922159 20 12 0
922162 20 18 2
922209 20 12 2
922245 20 19 2
922295 20 18 2
922497 20 18 2
922693 20 1 0
922791 20 1 2
923239 20 46 0
923239 20 46 0
923297 20 46 2
923322 20 46 2
923354 20 47 0
923435 20 47 2
923579 20 12 0
923603 20 18 2
923638 20 12 2
923733 20 18 2
923935 20 18 2
924108 20 14 2
924122 20 1 0
924122 20 1 0
924180 20 1 2
924215 20 1 2
924468 20 19 2
924590 20 19 2
924647 20 10 0
924729 20 10 2
924745 20 46 0
924784 20 19 2
924819 20 46 2
924851 20 47 0
924932 20 47 2
925076 20 12 0
925134 20 12 2
925140 20 12 2
925618 20 1 0
925618 20 1 0
925679 20 1 2
925706 20 1 2
925806 20 11 2
926154 20 46 0
926154 20 46 0
926212 20 46 2
926261 20 46 2
926293 20 47 0
926293 20 47 0
926359 20 47 2
926407 20 47 2
926551 20 12 0
926551 20 12 0
926577 20 12 2
926637 20 12 2
927121 20 1 0
927121 20 1 0
927179 20 1 2
927187 20 1 2
927635 20 46 0
927635 20 46 0
927694 20 46 2
927734 20 46 2
927766 20 47 0
927766 20 47 0
927833 20 47 2
927844 20 13 2
927871 20 47 2
928015 20 12 0
928015 20 12 0
928041 20 12 2
928094 20 12 2
928578 20 1 0
928578 20 1 0
928613 20 15 2
928636 20 1 2
928644 20 1 2
929092 20 46 0
929092 20 46 0
929152 20 46 2
929162 20 46 2
929194 20 47 0
929194 20 47 0
929262 20 47 2
929274 20 47 2
929418 20 12 0
929418 20 12 0
929444 20 12 2
929452 20 12 2
929936 20 1 0
929936 20 1 0
929995 20 1 2
930006 20 1 2
930012 20 9 2
930454 20 46 0
930454 20 46 0
930514 20 46 2
930521 20 46 2
930553 20 47 0
930553 20 47 0
930619 20 47 2
930628 20 47 2
930772 20 12 0
930772 20 12 0
930798 20 12 2
930806 20 12 2
931290 20 1 0
931290 20 1 0
931351 20 1 2
931381 20 1 2
931829 20 46 0
931829 20 46 0
931904 20 46 2
931908 20 46 2
931936 20 47 0
931936 20 47 0
932002 20 47 2
932010 20 47 2
932026 20 10 2
932154 20 12 0
932154 20 12 0
932180 20 12 2
932188 20 12 2
932672 20 1 0
932672 20 1 0
932731 20 1 2
932738 20 1 2
932785 20 2 0
932786 20 0 1
932999 20 2 2
933057 20 0 2
933099 20 6 2
933186 20 46 0
933186 20 46 0
933244 20 46 2
933252 20 46 2
933284 20 47 0
933284 20 47 0
933350 20 47 2
933358 20 47 2
933502 20 12 0
933502 20 12 0
933528 20 12 2
933538 20 12 2
934022 20 1 0
934022 20 1 0
934080 20 1 2
934088 20 1 2
934536 20 46 0
934536 20 46 0
934602 20 46 2
934604 20 46 2
934636 20 47 0
934636 20 47 0
934712 20 47 2
934714 20 47 2
934856 20 12 0
934856 20 12 0
934890 20 12 2
934891 20 12 2
935065 20 5 2
935328 20 7 2
935375 20 1 0
935375 20 1 0
935433 20 1 2
935441 20 1 2
935873 20 11 0
935873 20 11 0
935902 20 4 2
935907 20 11 2
935956 20 11 2
935972 20 46 0
935972 20 46 0
936031 20 46 2
936039 20 46 2
936071 20 47 0
936071 20 47 0
936137 20 47 2
936145 20 47 2
936289 20 12 0
936289 20 12 0
936315 20 12 2
936323 20 12 2
936807 20 1 0
936807 20 1 0
936865 20 1 2
936876 20 1 2
937324 20 46 0
937324 20 46 0
937388 20 46 2
937392 20 46 2
937424 20 47 0
937424 20 47 0
937490 20 47 2
937498 20 47 2
937642 20 12 0
937642 20 12 0
937668 20 12 2
937676 20 12 2
937802 20 8 2
938160 20 1 0
938160 20 1 0
938226 20 1 2
938228 20 1 2
938676 20 46 0
938676 20 46 0
938734 20 46 2
938742 20 46 2
938774 20 47 0
938774 20 47 0
938840 20 47 2
938848 20 47 2
938992 20 12 0
938992 20 12 0
939018 20 12 2
939026 20 12 2
939510 20 1 0
939510 20 1 0
939568 20 1 2
939576 20 1 2
940024 20 46 0
940024 20 46 0
940084 20 46 2
940092 20 46 2
940124 20 47 0
940124 20 47 0
940190 20 47 2
940200 20 47 2
940287 20 0 1
940344 20 12 0
940344 20 12 0
940370 20 12 2
940377 20 12 2
940498 20 3 2
940548 20 0 2
940861 20 1 0
940861 20 1 0
940919 20 1 2
940928 20 1 2
941376 20 46 0
941376 20 46 0
941434 20 46 2
941446 20 46 2
941478 20 47 0
941478 20 47 0
941544 20 47 2
941563 20 47 2
941707 20 12 0
941707 20 12 0
941733 20 12 2
941741 20 12 2
942225 20 1 0
942225 20 1 0
942283 20 1 2
942291 20 1 2
942739 20 46 0
942739 20 46 0
942799 20 46 2
942815 20 46 2
942847 20 47 0
942847 20 47 0
942913 20 47 2
942941 20 47 2
943085 20 12 0
943085 20 12 0
943111 20 12 2
943119 20 12 2
943603 20 1 0
943603 20 1 0
943661 20 1 2
943669 20 1 2
944117 20 46 0
944117 20 46 0
944176 20 46 2
944204 20 46 2
944236 20 47 0
944236 20 47 0
944302 20 47 2
944322 20 47 2
944466 20 12 0
944466 20 12 0
944492 20 12 2
944500 20 12 2
944735 20 0 2
944984 20 1 0
944984 20 1 0
945043 20 1 2
945050 20 1 2
945311 20 1 2
945498 20 46 0
945498 20 46 0
945556 20 46 2
945596 20 46 2
945628 20 47 0
945628 20 47 0
945694 20 47 2
945702 20 47 2
945846 20 12 0
945846 20 12 0
945872 20 12 2
945879 20 12 2
946363 20 1 0
946363 20 1 0
946421 20 1 2
946429 20 1 2
946861 20 12 0
946861 20 12 0
946890 20 12 2
946906 20 12 2
946922 20 46 0
946922 20 46 0
946981 20 46 2
946989 20 46 2
947021 20 47 0
947021 20 47 0
947087 20 47 2
947094 20 47 2
947238 20 12 0
947238 20 12 0
947264 20 12 2
947273 20 12 2
947757 20 1 0
947757 20 1 0
947815 20 1 2
947828 20 1 2
948276 20 46 0
948276 20 46 0
948334 20 46 2
948342 20 46 2
948374 20 47 0
948374 20 47 0
948440 20 47 2
948469 20 47 2
948613 20 12 0
948613 20 12 0
948639 20 12 2
948646 20 12 2
949130 20 1 0
949130 20 1 0
949188 20 1 2
949195 20 1 2
949643 20 46 0
949643 20 46 0
949701 20 46 2
949734 20 46 2
949766 20 47 0
949766 20 47 0
949833 20 47 2
949847 20 47 2
949991 20 12 0
949991 20 12 0
950017 20 12 2
950024 20 12 2
950508 20 1 0
950508 20 1 0
950566 20 1 2
950581 20 1 2
951029 20 46 0
951029 20 46 0
951087 20 46 2
951105 20 46 2
951137 20 47 0
951137 20 47 0
951210 20 47 2
951231 20 47 2
951375 20 12 0
951375 20 12 0
951401 20 12 2
951409 20 12 2
951893 20 1 0
951893 20 1 0
951894 20 62 2
951951 20 1 2
951959 20 1 2
952407 20 46 0
952407 20 46 0
952465 20 46 2
952489 20 46 2
952521 20 47 0
952521 20 47 0
952587 20 47 2
952604 20 47 2
952748 20 12 0
952748 20 12 0
952774 20 12 2
952784 20 12 2
953268 20 1 0
953268 20 1 0
953327 20 1 2
953334 20 1 2
953481 20 2 0
953482 20 2 2
953782 20 46 0
953782 20 46 0
953840 20 46 2
953850 20 46 2
953882 20 47 0
953882 20 47 0
953948 20 47 2
953957 20 47 2
954101 20 12 0
954101 20 12 0
954127 20 12 2
954136 20 12 2
954169 20 63 2
954304 20 61 2
954620 20 1 0
954620 20 1 0
954678 20 1 2
954686 20 1 2
955134 20 46 0
955134 20 46 0
955196 20 46 2
955205 20 46 2
955237 20 47 0
955237 20 47 0
955303 20 47 2
955313 20 47 2
955457 20 12 0
955457 20 12 0
955483 20 12 2
955492 20 12 2
955976 20 1 0
955976 20 1 0
956034 20 1 2
956041 20 1 2
956489 20 46 0
956489 20 46 0
956547 20 46 2
956554 20 46 2
956586 20 47 0
956586 20 47 0
956652 20 47 2
956665 20 47 2
956809 20 12 0
956809 20 12 0
956835 20 12 2
956846 20 12 2
957043 20 60 2
957330 20 1 0
957330 20 1 0
957388 20 1 2
957399 20 1 2
957831 20 13 0
957913 20 13 2
957929 20 46 0
957929 20 46 0
957990 20 46 2
957999 20 46 2
958031 20 47 0
958031 20 47 0
958097 20 47 2
958105 20 47 2
958140 20 57 2
958249 20 12 0
958249 20 12 0
958275 20 12 2
958282 20 12 2
958766 20 1 0
958766 20 1 0
958827 20 1 2
958833 20 1 2
959281 20 46 0
959281 20 46 0
959340 20 46 2
959348 20 46 2
959380 20 47 0
959380 20 47 0
959446 20 47 2
959454 20 47 2
959598 20 12 0
959598 20 12 0
959630 20 12 2
959632 20 12 2
960116 20 1 0
960116 20 1 0
960174 20 1 2
960181 20 1 2
960280 20 59 2
960629 20 46 0
960629 20 46 0
960687 20 46 2
960697 20 46 2
960729 20 47 0
960729 20 47 0
960795 20 47 2
960803 20 47 2
960947 20 12 0
960947 20 12 0
960973 20 12 2
960980 20 12 2
961353 20 58 2
961464 20 1 0
961464 20 1 0
961522 20 1 2
961530 20 1 2
961978 20 46 0
961978 20 46 0
962037 20 46 2
962043 20 46 2
962075 20 47 0
962075 20 47 0
962141 20 47 2
962154 20 47 2
962298 20 12 0
962298 20 12 0
962324 20 12 2
962332 20 12 2
962646 20 2 2
962648 20 2 0
962816 20 1 0
962816 20 1 0
962874 20 1 2
962881 20 1 2
963329 20 46 0
963329 20 46 0
963388 20 46 2
963398 20 46 2
963430 20 47 0
963430 20 47 0
963496 20 47 2
963504 20 47 2
963648 20 12 0
963648 20 12 0
963674 20 12 2
963685 20 12 2
964169 20 1 0
964169 20 1 0
964227 20 1 2
964240 20 1 2
964330 20 56 2
964445 20 52 2
964565 20 55 2
964688 20 46 0
964688 20 46 0
964692 20 54 2
964748 20 46 2
964753 20 46 2
964785 20 47 0
964785 20 47 0
964806 20 53 2
964851 20 47 2
964859 20 47 2
965003 20 12 0
965003 20 12 0
965029 20 12 2
965036 20 12 2
965520 20 1 0
965520 20 1 0
965578 20 1 2
965586 20 1 2
966034 20 46 0
966034 20 46 0
966093 20 46 2
966101 20 46 2
966133 20 47 0
966133 20 47 0
966199 20 47 2
966208 20 47 2
966352 20 12 0
966352 20 12 0
966380 20 12 2
966393 20 12 2
966877 20 1 0
966877 20 1 0
966941 20 1 2
966943 20 1 2
967391 20 46 0
967391 20 46 0
967450 20 46 2
967458 20 46 2
967490 20 47 0
967490 20 47 0
967556 20 47 2
967564 20 47 2
967708 20 12 0
967708 20 12 0
967734 20 12 2
967741 20 12 2
968225 20 1 0
968225 20 1 0
968283 20 1 2
968294 20 1 2
968726 20 14 0
968745 20 3 0
968746 20 0 1
968868 20 14 2
968884 20 46 0
968884 20 46 0
968942 20 46 2
968950 20 46 2
968960 20 3 2
968982 20 47 0
968982 20 47 0
969010 20 0 2
969048 20 47 2
969056 20 47 2
969200 20 12 0
969200 20 12 0
969226 20 12 2
969234 20 12 2
969718 20 1 0
969718 20 1 0
969776 20 1 2
969786 20 1 2
970234 20 46 0
970234 20 46 0
970295 20 46 2
970305 20 46 2
970337 20 47 0
970337 20 47 0
970403 20 47 2
970414 20 47 2
970558 20 12 0
970558 20 12 0
970584 20 12 2
970591 20 12 2
971075 20 1 0
971075 20 1 0
971143 20 1 2
971152 20 1 2
971249 20 48 2
971600 20 46 0
971600 20 46 0
971658 20 46 2
971666 20 46 2
971698 20 47 0
971698 20 47 0
971764 20 47 2
971776 20 47 2
971920 20 12 0
971920 20 12 0
971946 20 12 2
971954 20 12 2
972026 20 50 2
972218 20 51 2
972438 20 1 0
972438 20 1 0
972516 20 1 2
972554 20 1 2
973002 20 46 0
973002 20 46 0
973060 20 46 2
973068 20 46 2
973100 20 47 0
973100 20 47 0
973166 20 47 2
973175 20 47 2
973319 20 12 0
973319 20 12 0
973345 20 12 2
973352 20 12 2
973836 20 1 0
973836 20 1 0
973912 20 1 2
973955 20 1 2
974360 20 46 0
974360 20 46 0
974418 20 46 2
974426 20 46 2
974458 20 47 0
974458 20 47 0
974524 20 47 2
974532 20 47 2
974676 20 12 0
974676 20 12 0
974702 20 12 2
974710 20 12 2
974821 20 49 2
975194 20 1 0
975194 20 1 0
975312 20 1 2
975330 20 1 2
975761 20 46 2
975778 20 46 0
975778 20 46 0
975836 20 46 2
975843 20 46 2
975875 20 47 0
975875 20 47 0
975942 20 47 2
975950 20 47 2
976070 20 45 2
976094 20 12 0
976094 20 12 0
976121 20 12 2
976138 20 12 2
976622 20 1 0
976622 20 1 0
976750 20 1 2
976778 20 1 2
977124 20 43 2
977226 20 46 0
977226 20 46 0
977226 20 42 2
977284 20 46 2
977292 20 46 2
977324 20 47 0
977324 20 47 0
977390 20 47 2
977398 20 47 2
977438 20 47 2
977542 20 12 0
977542 20 12 0
977568 20 12 2
977575 20 12 2
978059 20 1 0
978059 20 1 0
978171 20 1 2
978205 20 1 2
978208 20 44 2
978653 20 46 0
978653 20 46 0
978711 20 46 2
978719 20 46 2
978751 20 47 0
978751 20 47 0
978817 20 47 2
978826 20 47 2
978970 20 12 0
978970 20 12 0
978996 20 12 2
979055 20 12 2
979443 20 1 0
979443 20 1 0
979631 20 1 2
979655 20 1 2
980087 20 7 0
980176 20 7 2
980192 20 46 0
980192 20 46 0
980305 20 46 2
980307 20 46 2
980337 20 47 0
980337 20 47 0
980341 20 38 2
980411 20 47 2
980453 20 47 2
980555 20 12 0
980555 20 12 0
980589 20 12 2
980601 20 12 2
981073 20 1 0
981073 20 1 0
981227 20 1 2
981242 20 1 2
981675 20 46 0
981675 20 46 0
981746 20 46 2
981778 20 47 0
981778 20 47 0
981778 20 46 2
981854 20 47 2
981904 20 47 2
981998 20 12 0
981998 20 12 0
982031 20 12 2
982054 20 12 2
982515 20 1 0
982515 20 1 0
982703 20 1 2
982740 20 1 2
983188 20 46 0
983188 20 46 0
983255 20 46 2
983287 20 47 0
983287 20 47 0
983296 20 46 2
983362 20 47 2
983425 20 47 2
983431 20 41 2
983506 20 5 0
983598 20 5 2
983606 20 61 0
983729 20 61 2
983737 20 29 0
983974 20 29 2
983990 20 62 0
983990 20 62 0
984064 20 62 2
984160 20 62 2
984436 20 63 0
984436 20 63 0
984518 20 63 2
984605 20 63 2
985029 20 12 0
985029 20 12 0
985055 20 12 2
985089 20 12 2
985219 20 23 2
985529 20 11 0
985625 20 11 2
985837 20 1 0
985837 20 1 0
985896 20 1 2
985921 20 1 2
986369 20 46 0
986369 20 46 0
986440 20 46 2
986444 20 46 2
986476 20 47 0
986476 20 47 0
986543 20 47 2
986555 20 47 2
986813 20 40 2
986921 20 35 2
987013 20 39 2
987120 20 36 2
987431 20 12 0
987431 20 12 0
987457 20 12 2
987491 20 12 2
987610 20 23 2
988143 20 1 0
988143 20 1 0
988201 20 1 2
988268 20 1 2
988716 20 46 0
988716 20 46 0
988776 20 46 2
988792 20 46 2
988824 20 47 0
988824 20 47 0
988871 20 37 2
988897 20 47 2
988899 20 47 2
989043 20 12 0
989043 20 12 0
989069 20 12 2
989107 20 12 2
989591 20 1 0
989591 20 1 0
989689 20 1 2
989716 20 1 2
990164 20 46 0
990164 20 46 0
990223 20 46 2
990242 20 46 2
990274 20 47 0
990274 20 47 0
990342 20 47 2
990408 20 47 2
990552 20 12 0
990552 20 12 0
990579 20 12 2
990589 20 12 2
991073 20 1 0
991073 20 1 0
991132 20 1 2
991149 20 1 2
991597 20 46 0
991597 20 46 0
991655 20 46 2
991664 20 46 2
991696 20 47 0
991696 20 47 0
991762 20 47 2
991777 20 34 2
991791 20 47 2
991935 20 12 0
991967 20 12 2
992451 20 1 0
992451 20 1 0
992549 20 1 2
992567 20 1 2
992921 20 30 2
993015 20 46 0
993015 20 46 0
993073 20 46 2
993083 20 46 2
993115 20 47 0
993115 20 47 0
993202 20 47 2
993221 20 47 2
993365 20 12 0
993397 20 12 2
993881 20 1 0
993881 20 1 0
993989 20 1 2
993997 20 1 2
994429 20 8 0
994533 20 8 2
994549 20 46 0
994549 20 46 0
994607 20 46 2
994614 20 46 2
994646 20 47 0
994646 20 47 0
994718 20 47 2
994721 20 47 2
994865 20 12 0
994865 20 12 0
994891 20 12 2
994899 20 12 2
995383 20 1 0
995383 20 1 0
995481 20 1 2
995499 20 1 2
995947 20 46 0
995947 20 46 0
996005 20 46 2
996012 20 46 2
996044 20 47 0
996044 20 47 0
996130 20 47 2
996160 20 47 2
996304 20 12 0
996304 20 12 0
996332 20 12 2
996341 20 12 2
996568 20 32 2
996660 20 28 2
996744 20 33 2
996825 20 1 0
996825 20 1 0
996848 20 31 2
996913 20 1 2
996931 20 1 2
996950 20 27 2
997379 20 46 0
997379 20 46 0
997444 20 46 2
997447 20 46 2
997479 20 47 0
997479 20 47 0
997555 20 47 2
997587 20 47 2
997731 20 12 0
997731 20 12 0
997757 20 12 2
997765 20 12 2
998249 20 1 0
998249 20 1 0
998267 20 2 0
998269 20 0 1
998347 20 1 2
998355 20 1 2
998478 20 2 2
998536 20 0 2
998803 20 46 0
998803 20 46 0
998861 20 46 2
998869 20 46 2
998901 20 47 0
998901 20 47 0
998988 20 47 2
999014 20 47 2
999158 20 12 0
999158 20 12 0
999184 20 12 2
999192 20 12 2
999676 20 1 0
999676 20 1 0
999680 20 26 2
999774 20 1 2
999789 20 29 2
999792 20 1 2
1000240 20 46 0
1000240 20 46 0
1000302 20 46 2
1000314 20 46 2
1000346 20 47 0
1000346 20 47 0
1000422 20 47 2
1000440 20 47 2
1000584 20 12 0
1000584 20 12 0
1000610 20 12 2
1000618 20 12 2
1001102 20 1 0
1001102 20 1 0
1001200 20 1 2
1001218 20 1 2
1001666 20 46 0
1001666 20 46 0
1001724 20 46 2
1001731 20 46 2
1001763 20 47 0
1001763 20 47 0
1001849 20 47 2
1001867 20 47 2
1002011 20 12 0
1002011 20 12 0
1002037 20 12 2
1002045 20 12 2
1002529 20 1 0
1002529 20 1 0
1002637 20 1 2
1002644 20 1 2
1003092 20 46 0
1003092 20 46 0
1003151 20 46 2
1003165 20 46 2
1003197 20 47 0
1003197 20 47 0
1003273 20 47 2
1003301 20 47 2
1003445 20 12 0
1003445 20 12 0
1003471 20 12 2
1003478 20 12 2
1003790 20 25 2
1003962 20 1 0
1003962 20 1 0
1004060 20 1 2
1004078 20 1 2
1004526 20 46 0
1004526 20 46 0
1004584 20 46 2
1004591 20 46 2
1004623 20 47 0
1004623 20 47 0
1004710 20 47 2
1004739 20 47 2
1004883 20 12 0
1004883 20 12 0
1004909 20 12 2
1004920 20 12 2
1005404 20 1 0
1005404 20 1 0
1005492 20 1 2
1005523 20 1 2
1005819 20 24 2
1005971 20 46 0
1005971 20 46 0
1006069 20 46 2
1006098 20 46 2
1006130 20 47 0
1006130 20 47 0
1006216 20 47 2
1006238 20 47 2
1006382 20 12 0
1006382 20 12 0
1006408 20 12 2
1006416 20 12 2
1006900 20 1 0
1006900 20 1 0
1006958 20 1 2
1006966 20 1 2
1007414 20 46 0
1007414 20 46 0
1007512 20 46 2
1007525 20 46 2
1007557 20 47 0
1007557 20 47 0
1007643 20 47 2
1007661 20 47 2
1007805 20 12 0
1007805 20 12 0
1007831 20 12 2
1007859 20 12 2
1008343 20 1 0
1008343 20 1 0
1008401 20 1 2
1008409 20 1 2
1008857 20 46 0
1008857 20 46 0
1008946 20 46 2
1008963 20 46 2
1008995 20 47 0
1008995 20 47 0
1009091 20 47 2
1009111 20 47 2
1009255 20 12 0
1009255 20 12 0
1009281 20 12 2
1009289 20 12 2
1009773 20 1 0
1009773 20 1 0
1009831 20 1 2
1009839 20 1 2
1010287 20 46 0
1010287 20 46 0
1010385 20 46 2
1010402 20 46 2
1010434 20 47 0
1010434 20 47 0
1010530 20 47 2
1010548 20 47 2
1010692 20 12 0
1010692 20 12 0
1010718 20 12 2
1010735 20 12 2
1011211 20 9 0
1011370 20 9 2
1011494 20 55 0
1011530 20 18 2
1011684 20 55 2
1011688 20 1 0
1011688 20 1 0
1011746 20 1 2
1011783 20 1 2
1011807 20 56 0
1011969 20 56 2
1011989 20 45 0
1011989 20 22 2
1012203 20 45 2
1012219 20 1 0
1012309 20 1 2
1012345 20 1 0
1012610 20 1 2
1012614 20 46 0
1012673 20 24 2
1012812 20 46 2
1012828 20 1 0
1013018 20 1 2
1013078 20 63 0
1013431 20 63 2
1013439 20 47 0
1013567 20 47 2
1013671 20 62 0
1013671 20 62 0
1013745 20 62 2
1013752 20 62 2
1013820 20 29 0
1013895 20 29 2
1013935 20 30 0
1014018 20 30 2
1014062 20 17 0
1014137 20 17 2
1014193 20 18 0
1014258 20 18 2
1014294 20 22 0
1014368 20 22 2
1014420 20 3 0
1014592 20 3 2
1014592 20 19 2
1014600 20 19 0
1014644 20 6 2
1014683 20 19 2
1014687 20 3 0
1015469 20 3 2
1015612 20 5 2
1015613 20 3 0
1016177 20 3 2
1016849 20 3 0
1016849 20 22 2
1017474 20 3 2
1017527 20 30 2
1017612 20 12 2
1017618 20 3 0
1017820 20 17 2
1021100 20 3 2
1021143 20 1 2
1021148 20 3 0
1031646 20 3 2
1032222 20 3 0
1032222 20 60 2
1032866 20 3 2
1033063 20 48 2
1033070 20 3 0
1036920 20 3 2
1036942 20 3 0
1036943 20 0 1
1037147 20 3 2
1037197 20 0 2
1037236 20 1 0
1037300 20 1 2
1037479 20 56 2
1037564 20 21 0
1037597 20 21 2
1037601 20 30 0
1037685 20 30 2
1037697 20 24 0
1037798 20 24 2
1037898 20 25 0
1037980 20 25 2
1037988 20 20 0
1037997 20 2 0
1037997 20 20 2
1038055 20 20 2
1038119 20 26 0
1038203 20 26 2
1038267 20 27 0
1038333 20 27 2
1038365 20 34 0
1038472 20 34 2
1038484 20 26 0
1038558 20 26 2
1038654 20 55 0
1038798 20 55 2
1038806 20 27 0
1038871 20 27 2
1038919 20 23 0
1039915 20 23 2
1039919 20 28 0
1039984 20 28 2
1040036 20 56 0
1040036 20 56 0
1040051 20 24 2
1040126 20 56 2
1040159 20 56 2
1040195 20 39 0
1040442 20 39 2
1040470 20 57 0
1040470 20 57 0
1040552 20 57 2
1040586 20 57 2
1040594 20 35 0
1040671 20 35 2
1040723 20 23 0
1041343 20 23 2
1041397 20 9 2
1041403 20 23 0
1042299 20 23 2
1042345 20 21 2
1042347 20 23 0
1043079 20 23 2
1043133 20 33 2
1043139 20 23 0
1043703 20 23 2
1043719 20 23 0
1043748 20 26 2
1043883 20 23 2
1043937 20 15 2
1043943 20 23 0
1044148 20 23 2
1044194 20 26 2
1044196 20 23 0
1045138 20 23 2
1045195 20 39 2
1045277 20 46 2
1045362 20 38 2
1045366 20 23 0
1046978 20 23 2
1047033 20 43 2
1047125 20 37 2
1047134 20 23 0
1052344 20 23 2
1052511 20 45 2
1052512 20 23 0
1055192 20 23 2
1055566 20 30 2
1055576 20 23 0
1057312 20 23 2
1058122 20 40 2
1058128 20 23 0
1059257 20 0 1
1059467 20 3 2
1059516 20 0 2
1070136 20 23 2
1070185 20 28 2
1070196 20 23 0
1071268 20 23 2
1071321 20 51 2
1071420 20 53 2
1071511 20 59 2
1071618 20 37 2
1071693 20 52 2
1071784 20 25 2
1071875 20 36 2
1071949 20 31 2
1072018 20 23 2
1072079 20 46 2
1072162 20 9 2
1072253 20 61 2
1072352 20 42 2
1072453 20 43 2
1072544 20 49 2
1072660 20 16 2
1072753 20 38 2
1072830 20 55 2
1072931 20 45 2
1072936 20 23 0
1073160 20 23 2
1073214 20 30 2
1073281 20 61 2
1073380 20 56 2
1073511 20 59 2
1073618 20 53 2
1073709 20 43 2
1073800 20 27 2
1073875 20 62 2
1073974 20 48 2
1074097 20 52 2
1074188 20 9 2
1074280 20 63 2
1074380 20 50 2
1074490 20 58 2
1074605 20 44 2
1074690 20 54 2
1074782 20 55 2
1074874 20 23 2
1074934 20 36 2
1075010 20 2 2
1075104 20 16 2
1075195 20 29 2
1075265 20 31 2
1075335 20 25 2
1075426 20 46 2
1075510 20 32 2
1075620 20 60 2
1075720 20 57 2
1075863 20 38 2
1075872 20 23 0
1078282 20 23 2
1080308 20 47 2
1080310 20 23 0
1081062 20 23 2
1083387 20 55 2
1083390 20 23 0
1083696 20 23 2
1087351 20 55 2
1087356 20 23 0
1088606 20 23 2
1090329 20 46 2
1090334 20 23 0
1092732 20 23 2
1093226 20 46 2
1093236 20 23 0
1096022 20 23 2
1096296 20 3 0
1096297 20 3 2
1097137 20 49 2
1097138 20 23 0
1103220 20 23 2
1104384 20 23 0
1104384 20 43 2
1105160 20 23 2
1105931 20 9 2
1105940 20 23 0
1107330 20 23 2
1107384 20 25 2
1107390 20 23 0
1111490 20 23 2
1112192 20 59 2
1112198 20 23 0
1114628 20 23 2
1115846 20 31 2
1115852 20 23 0
1117304 20 23 2
1118339 20 23 2
1118348 20 23 0
1118516 20 23 2
1118568 20 29 0
1118569 20 42 2
1118642 20 29 2
1118658 20 23 0
1119758 20 23 2
1119811 20 44 2
1119822 20 23 0
1121400 20 23 2
1121436 20 32 0
1121509 20 32 2
1121532 20 44 2
1121593 20 28 0
1121658 20 28 2
1121710 20 2 0
1121767 20 2 2
1121779 20 29 0
1121853 20 29 2
1121885 20 4 0
1121943 20 4 2
1121951 20 35 0
1121951 20 35 0
1121964 20 0 1
1121993 20 35 2
1122001 20 35 2
1122041 20 36 0
1122041 20 36 0
1122075 20 36 2
1122116 20 36 2
1122170 20 3 2
1122204 20 56 0
1122219 20 0 2
1122326 20 56 2
1122346 20 57 0
1122460 20 57 2
1122548 20 58 0
1122548 20 58 0
1122622 20 58 2
1122655 20 58 2
1122735 20 59 0
1122735 20 59 0
1122801 20 59 2
1122842 20 59 2
1122866 20 63 0
1122954 20 63 2
1123038 20 33 0
1123103 20 33 2
1123139 20 3 0
1123197 20 3 2
1137346 20 0 1
1137347 20 3 0
1137550 20 3 2
1137599 20 0 2
1153457 20 3 0
1153458 20 0 1
1153660 20 3 2
1153709 20 0 2
1179786 20 2 0
1204065 20 0 1
1204271 20 3 2
1204321 20 0 2
1251797 20 3 0
1251798 20 0 1
1252000 20 3 2
1252049 20 0 2
1261861 20 0 1
1262070 20 3 2
1262119 20 0 2
1279056 20 3 0
1279057 20 3 2
1312763 20 3 0
1312764 20 0 1
1312970 20 3 2
1313019 20 0 2
1315759 20 3 0
1315760 20 0 1
1315970 20 3 2
1316019 20 0 2
1348470 20 3 0
1348471 20 0 1
1348690 20 3 2
1348739 20 0 2
1349478 20 3 0
1349479 20 0 1
1349690 20 3 2
1349739 20 0 2
1353543 20 3 0
1353544 20 0 1
1353750 20 3 2
1353799 20 0 2
1416761 20 3 0
1416762 20 0 1
1416970 20 3 2
1417019 20 0 2
1444063 20 3 2
1524346 20 3 2
1524347 20 3 0
1844543 20 37 0
1844543 20 37 0
1844759 20 37 2
1845027 20 36 0
1845027 20 36 0
1845061 20 36 2
1845069 20 36 2
1845101 20 38 0
1845101 20 38 0
1845191 20 38 2
1845328 20 37 2
1845336 20 38 2
1845496 20 54 0
1845496 20 54 0
1845563 20 54 2
1845587 20 54 2
1845595 20 56 0
1845595 20 56 0
1845685 20 56 2
1845693 20 56 2
1845745 20 37 0
1845745 20 37 0
1845788 20 37 2
1847538 20 37 2
1847562 20 57 0
1847562 20 57 0
1847644 20 57 2
1847652 20 57 2
1847760 20 35 0
1847760 20 35 0
1847802 20 35 2
1847810 20 35 2
1848666 20 47 0
1848666 20 47 0
1848732 20 47 2
1848752 20 47 2
1848776 20 11 0
1848776 20 11 0
1848810 20 11 2
1848818 20 11 2
1848946 20 1 0
1848946 20 1 0
1849004 20 1 2
1849053 20 1 2
1849577 20 14 0
1849659 20 14 2
1849671 20 15 0
1849671 20 15 0
1849721 20 15 2
1849754 20 15 2
1849774 20 18 0
1850028 20 18 2
1850052 20 4 0
1850117 20 4 2
1850161 20 38 0
1850161 20 38 0
1850211 20 38 2
1850400 20 38 2
1850556 20 46 0
1850556 20 46 0
1850614 20 46 2
1850660 20 46 2
1850704 20 12 0
1850704 20 12 0
1850731 20 12 2
1850739 20 12 2
1850895 20 47 0
1850895 20 47 0
1850962 20 47 2
1850968 20 47 2
1850984 20 12 0
1851063 20 12 2
1851099 20 47 0
1851209 20 47 2
1851957 20 54 0
1851957 20 54 0
1851989 20 2 0
1852023 20 54 2
1852221 20 54 2
1852367 20 2 0
1852581 20 40 0
1852684 20 2 0
1852686 20 40 2
1852702 20 17 2
1852714 20 49 0
1852821 20 49 2
1852833 20 51 0
1852863 20 2 0
1852931 20 51 2
1852951 20 37 0
1853041 20 37 2
1853045 20 20 0
1853054 20 2 0
1853110 20 20 2
1853126 20 3 0
1853191 20 2 0
1853204 20 17 2
1853351 20 17 2
1853395 20 2 0
1853425 20 3 2
1853535 20 2 0
1853652 20 2 0
1853773 20 38 0
1853773 20 38 0
1853823 20 38 2
1853834 20 38 2
1853937 20 2 0
1854161 20 2 0
1854293 20 2 0
1854415 20 2 0
1854542 20 2 0
1854674 20 2 0
1854766 20 2 0
1854877 20 2 0
1855054 20 2 0
1855190 20 2 0
1855320 20 2 0
1855430 20 2 0
1855507 20 2 0
1855617 20 2 0
1855723 20 2 0
1855818 20 2 0
1855914 20 2 0
1856037 20 2 0
1856130 20 2 0
1856256 20 2 0
1856370 20 2 0
1856508 20 2 0
1856721 20 2 0
1856853 20 2 0
1856939 20 2 0
1857034 20 2 0
1857141 20 2 0
1857265 20 2 0
1857377 20 2 0
1857475 20 2 0
1857492 20 19 2
1857593 20 2 0
1857700 20 2 0
1857846 20 2 0
1857968 20 2 0
1857983 20 19 2
1858121 20 19 2
1858132 20 2 0
1858259 20 2 0
1858407 20 2 0
1858516 20 2 0
1858623 20 2 0
1858733 20 2 0
1858835 20 2 0
1859027 20 2 0
1859150 20 2 0
1859341 20 2 0
1859447 20 2 0
1859573 20 2 0
1859688 20 2 0
1859764 20 2 0
1859867 20 2 0
1859969 20 2 0
1860056 20 2 0
1866193 20 0 2
1866201 20 3 2
1867481 20 3 0
1867482 20 2 0
1874671 20 2 0
2821401 20 38 0
2821401 20 38 0
2823323 20 38 2
2824028 20 38 2
2825444 20 7 0
2825582 20 7 2
2826150 20 38 0
2826150 20 38 0
2826200 20 38 2
2826208 20 38 2
2828404 20 38 0
2828404 20 38 0
2828463 20 38 2
2829964 20 38 2
2852303 20 2 0
2852304 20 3 0
2867434 20 0 1
2867644 20 3 2
2867694 20 0 2
2896152 20 2 0
2896153 20 0 1
2896364 20 2 2
2896422 20 0 2
2935304 20 3 2
2964072 20 2 2
2964882 20 3 2
2965021 20 3 2
2965224 20 3 2
2989638 20 2 2
3798005 20 38 0
3798005 20 38 0
3800918 20 38 2
3803134 20 38 2
3803861 20 0 2
3804550 20 7 0
3805606 20 7 2
3806174 20 38 0
3806174 20 38 0
3806224 20 38 2
3806232 20 38 2
3806388 20 46 0
3806454 20 46 2
3806498 20 12 0
3806531 20 12 2
3806687 20 47 0
3806760 20 47 2
3808600 20 38 0
3808600 20 38 0
3808650 20 38 2
3808657 20 38 2
4774572 20 38 0
4774572 20 38 0
4776433 20 38 2
4776708 20 38 2
4778692 20 38 0
4778692 20 38 0
4778742 20 38 2
4779210 20 38 2
4781406 20 38 0
4781406 20 38 0
4781463 20 38 2
4781696 20 38 2
5751130 20 38 0
5751130 20 38 0
5752611 20 38 2
5754749 20 38 2
5756687 20 0 2
5756733 20 38 0
5756733 20 38 0
5756783 20 38 2
5756791 20 38 2
5757075 20 7 0
5759779 20 7 2
5761691 20 38 0
5761691 20 38 0
5761741 20 38 2
5761749 20 38 2
