0 14 51 0
4220 14 51 2
4224 14 22 0
6572 14 22 2
6584 14 1 0
7358 14 1 2
7378 14 24 0
7510 14 24 2
11380 14 56 1
11637 14 0 2
11718 14 56 2
39807 14 56 1
40057 14 2 2
40122 14 56 2
41734 14 4 0
43879 14 4 2
43931 14 44 0
45527 14 44 2
45539 14 5 0
45606 14 5 2
45618 14 45 0
46050 14 45 2
46118 14 24 0
46484 14 24 2
46516 14 25 0
46635 14 25 2
46643 14 26 0
46732 14 26 2
46772 14 27 0
46894 14 27 2
46914 14 33 0
47850 14 33 2
47870 14 35 0
47964 14 35 2
47972 14 41 0
48772 14 41 2
48788 14 42 0
49065 14 42 2
49097 14 1 0
49183 14 1 2
49219 14 36 0
49304 14 36 2
49316 14 43 0
49776 14 43 2
49792 14 17 0
49882 14 17 2
49974 14 27 0
50063 14 27 2
50067 14 37 0
50202 14 37 2
50214 14 17 0
50612 14 17 2
50620 14 15 0
50686 14 15 2
50726 14 16 0
50967 14 16 2
51007 14 18 0
51073 14 56 1
51097 14 18 2
51121 14 61 0
51327 14 60 2
51416 14 56 2
51971 14 60 0
53646 14 60 0
53967 14 61 2
53979 14 54 0
54181 14 60 0
54229 14 54 2
54249 14 8 0
54331 14 8 2
54339 14 19 0
54431 14 60 0
54491 14 19 2
54495 14 35 0
54782 14 35 2
54783 14 60 0
54798 14 53 0
54962 14 53 2
55002 14 33 0
55030 14 60 0
55108 14 33 2
55120 14 36 0
55145 14 60 0
55202 14 36 2
55222 14 40 0
55527 14 40 2
55551 14 37 0
55638 14 37 2
55742 14 38 0
55826 14 38 2
55830 14 39 0
56042 14 56 1
56068 14 39 2
56092 14 8 0
56297 14 53 2
56303 14 8 2
56311 14 29 0
56372 14 56 2
56406 14 29 2
56446 14 0 0
56567 14 0 2
56579 14 38 0
56813 14 38 2
56829 14 39 0
57514 14 39 2
57518 14 39 0
58259 14 39 2
58315 14 36 0
58320 14 56 1
58397 14 36 2
58429 14 38 0
58512 14 38 2
58528 14 51 0
58578 14 34 2
58643 14 56 1
58659 14 56 2
58677 14 51 2
58733 14 43 0
58896 14 16 2
58979 14 56 2
59022 14 43 2
59030 14 52 0
59385 14 52 2
59421 14 51 0
59721 14 51 2
59741 14 53 0
59930 14 53 2
59954 14 54 0
60252 14 54 2
60268 14 11 0
60593 14 11 2
60605 14 56 0
60872 14 56 2
60876 14 12 0
61113 14 12 2
61121 14 57 0
61151 14 56 1
61427 14 52 2
61497 14 57 2
61501 14 2 0
61508 14 56 2
61872 14 2 2
61924 14 37 0
62010 14 37 2
62026 14 40 0
62231 14 40 2
62287 14 58 0
62741 14 58 2
62801 14 35 0
62890 14 35 2
62894 14 50 0
63131 14 50 2
63151 14 62 0
64147 14 62 2
64175 14 38 0
64359 14 56 1
64437 14 56 1
64493 14 56 1
64495 14 38 2
64567 14 63 0
64584 14 56 1
64627 14 4 2
64684 14 56 2
64701 14 56 1
64747 14 3 2
64804 14 56 2
64828 14 56 1
64877 14 17 2
64929 14 56 1
64950 14 56 2
64975 14 63 2
64997 14 23 2
65015 14 12 0
65040 14 56 2
65072 14 56 1
65127 14 21 2
65167 14 56 2
65178 14 56 1
65237 14 28 2
65265 14 12 2
65289 14 2 0
65289 14 56 1
65294 14 56 2
65357 14 29 2
65399 14 56 1
65406 14 56 2
65424 14 2 2
65448 14 13 0
65467 14 0 2
65513 14 56 1
65556 14 56 2
65577 14 11 2
65625 14 56 2
65671 14 56 1
65687 14 39 2
65743 14 56 2
65747 14 13 2
65788 14 56 1
65807 14 20 2
65843 14 3 0
65845 14 56 1
65855 14 56 2
65917 14 6 2
65950 14 56 2
65989 14 3 2
66027 14 25 2
66029 14 23 0
66053 14 56 1
66108 14 56 2
66115 14 56 1
66137 14 60 2
66225 14 56 1
66226 14 56 2
66247 14 13 2
66275 14 23 2
66280 14 56 2
66291 14 24 0
66327 14 56 1
66357 14 57 2
66396 14 24 2
66455 14 56 1
66467 14 2 2
66471 14 56 2
66504 14 49 0
66523 14 56 1
66532 14 56 2
66577 14 18 2
66624 14 56 1
66645 14 56 2
66687 14 47 2
66751 14 56 1
66752 14 56 2
66797 14 44 2
66868 14 49 2
66870 14 56 2
66876 14 25 0
66885 14 56 1
66907 14 7 2
66948 14 56 2
66975 14 25 2
67003 14 26 0
67015 14 56 1
67017 14 15 2
67050 14 56 2
67092 14 26 2
67101 14 56 1
67127 14 5 2
67168 14 56 2
67172 14 0 0
67243 14 56 1
67247 14 54 2
67274 14 0 2
67282 14 3 0
67311 14 56 2
67377 14 9 2
67378 14 56 1
67398 14 3 2
67442 14 4 0
67444 14 56 2
67463 14 56 1
67497 14 12 2
67538 14 56 2
67565 14 56 1
67600 14 4 2
67607 14 1 2
67677 14 56 1
67680 14 56 2
67696 14 5 0
67727 14 59 2
67761 14 56 1
67817 14 5 2
67824 14 56 2
67837 14 8 2
67857 14 15 0
67910 14 56 2
67913 14 56 1
67947 14 36 2
67981 14 56 1
68011 14 56 2
68057 14 45 2
68100 14 56 1
68122 14 56 2
68167 14 30 2
68208 14 56 2
68277 14 16 2
68282 14 56 1
68357 14 56 2
68359 14 56 1
68387 14 31 2
68398 14 15 2
68406 14 14 0
68415 14 56 1
68436 14 56 2
68497 14 38 2
68546 14 56 2
68557 14 56 1
68607 14 56 2
68667 14 56 1
68717 14 42 2
68728 14 56 2
68806 14 56 2
68825 14 56 1
68827 14 14 2
68842 14 14 2
68851 14 56 2
68854 14 50 0
68919 14 56 1
68937 14 37 2
68991 14 50 2
68994 14 56 2
69015 14 56 1
69019 14 6 0
69047 14 10 2
69083 14 6 2
69103 14 4 0
69104 14 56 2
69165 14 4 2
69166 14 56 1
69173 14 8 0
69177 14 49 2
69212 14 56 1
69284 14 56 2
69287 14 24 2
69297 14 8 2
69301 14 47 0
69378 14 56 2
69379 14 56 1
69397 14 53 2
69470 14 56 2
69497 14 56 1
69507 14 32 2
69600 14 56 1
69604 14 56 2
69617 14 22 2
69650 14 56 2
69673 14 56 1
69727 14 51 2
69761 14 56 1
69816 14 56 2
69838 14 41 2
69934 14 56 2
69945 14 56 1
69947 14 33 2
69983 14 47 2
69991 14 49 0
70023 14 56 1
70036 14 56 2
70057 14 43 2
70138 14 56 2
70167 14 61 2
70193 14 56 1
70216 14 49 2
70232 14 11 0
70248 14 56 2
70277 14 58 2
70304 14 56 1
70309 14 11 2
70345 14 5 0
70383 14 56 2
70387 14 35 2
70391 14 56 1
70436 14 5 2
70459 14 56 2
70460 14 37 0
70497 14 48 2
70603 14 56 1
70607 14 40 2
70610 14 56 2
70712 14 56 2
70719 14 52 2
70722 14 37 2
70746 14 56 1
70786 14 4 0
70800 14 56 2
70850 14 4 2
70854 14 1 0
70857 14 63 2
70938 14 56 2
70946 14 56 1
70975 14 1 2
70997 14 26 2
71003 14 27 0
71070 14 56 2
71104 14 56 1
71117 14 27 2
71125 14 2 0
71217 14 46 2
71274 14 56 2
71305 14 56 1
71357 14 62 2
71371 14 2 2
71383 14 11 0
71431 14 56 2
71433 14 56 1
71517 14 56 1
71534 14 11 2
71542 14 7 0
71567 14 55 2
71640 14 56 2
71653 14 56 1
71687 14 34 2
71693 14 7 2
71713 14 3 0
71767 14 56 2
71797 14 19 2
71807 14 56 1
71854 14 56 2
71870 14 3 2
71885 14 56 1
71907 14 43 2
71978 14 6 0
71988 14 56 2
72046 14 56 1
72057 14 50 2
72092 14 6 2
72112 14 9 0
72154 14 56 2
72167 14 27 2
72232 14 56 2
72297 14 4 2
72336 14 9 2
72360 14 56 2
72362 14 4 0
72446 14 4 0
72508 14 8 0
72523 14 4 0
72617 14 4 0
72689 14 8 2
72700 14 4 0
72701 14 11 0
72777 14 11 2
72790 14 4 0
72797 14 12 0
72896 14 12 2
72911 14 4 0
72920 14 16 0
72997 14 4 0
73089 14 4 0
73165 14 4 0
73259 14 4 0
73335 14 4 0
73399 14 4 0
73509 14 4 0
73609 14 4 0
73621 14 16 2
73629 14 13 0
73726 14 13 2
73742 14 4 0
73774 14 2 0
73818 14 4 0
73930 14 2 2
73966 14 14 0
74015 14 4 0
74063 14 14 2
74067 14 17 0
74077 14 4 0
74145 14 4 0
74208 14 4 0
74341 14 4 0
74448 14 4 0
74630 14 17 2
74638 14 15 0
74740 14 4 0
74769 14 15 2
74789 14 18 0
74834 14 4 0
74934 14 4 0
75024 14 4 0
75103 14 18 2
75115 14 4 0
75127 14 4 0
75193 14 4 0
75197 14 4 2
75237 14 40 0
75285 14 4 0
75406 14 4 0
75494 14 4 0
75634 14 40 2
75638 14 38 0
75638 14 38 0
75642 14 4 0
75690 14 38 2
75762 14 4 0
75809 14 38 2
75817 14 27 0
75885 14 4 0
75918 14 27 2
75938 14 35 0
76010 14 4 0
76037 14 35 2
76093 14 28 0
76100 14 4 0
76202 14 4 0
76208 14 28 2
76272 14 4 0
76276 14 3 0
76390 14 3 2
76394 14 46 0
76396 14 4 0
76521 14 4 0
76649 14 4 0
76739 14 4 0
76863 14 4 0
76945 14 46 2
76957 14 4 0
76965 14 4 0
77067 14 4 0
77080 14 4 2
77112 14 0 0
77193 14 4 0
77254 14 0 2
77258 14 29 0
77312 14 4 0
77436 14 29 2
77439 14 4 0
77576 14 4 0
77580 14 47 0
77676 14 4 0
77764 14 4 0
77854 14 4 0
77968 14 47 2
77977 14 4 0
78040 14 30 0
78123 14 4 0
78194 14 30 2
78242 14 4 0
78363 14 4 0
78438 14 4 0
78534 14 4 0
78546 14 31 0
78676 14 4 0
78822 14 31 2
78824 14 4 0
78826 14 44 0
78928 14 4 0
78980 14 44 2
78988 14 43 0
79175 14 43 2
79307 14 32 0
79650 14 32 2
79722 14 33 0
79847 14 33 2
79895 14 33 0
80178 14 33 2
80186 14 27 0
80267 14 27 2
80371 14 54 0
82163 14 54 2
82175 14 28 0
82284 14 28 2
82300 14 52 0
82623 14 52 2
82631 14 56 0
83240 14 56 1
83322 14 56 2
83338 14 53 0
83498 14 0 2
83579 14 56 2
83616 14 56 1
83636 14 53 2
83736 14 41 0
83867 14 13 2
83873 14 41 2
83900 14 56 2
83921 14 61 0
84178 14 61 2
84182 14 39 0
84222 14 56 1
84281 14 39 2
84293 14 7 0
84358 14 7 2
84418 14 8 0
84477 14 31 2
84526 14 56 2
84604 14 8 2
84636 14 63 0
84990 14 63 2
85098 14 0 0
85198 14 0 2
85226 14 57 0
86229 14 57 2
86297 14 58 0
86520 14 58 2
86604 14 46 0
86693 14 46 2
86705 14 59 0
86950 14 59 2
86982 14 32 0
87203 14 32 2
87211 14 50 0
87483 14 50 2
87559 14 60 0
87782 14 60 2
87790 14 62 0
88367 14 62 2
88371 14 3 0
88463 14 3 2
88475 14 5 0
88554 14 5 2
88582 14 17 0
88712 14 17 2
88732 14 6 0
88861 14 6 2
88953 14 11 0
89268 14 56 1
89527 14 49 2
89623 14 11 2
89631 14 10 0
89632 14 56 2
89725 14 10 2
89745 14 11 0
90093 14 56 1
90291 14 11 2
90299 14 6 0
90347 14 4 2
90395 14 56 2
90401 14 4 0
90431 14 6 2
90467 14 36 0
90481 14 4 0
90572 14 4 0
90680 14 4 0
90769 14 4 0
90851 14 4 0
90932 14 4 0
91015 14 4 0
91154 14 4 0
91161 14 36 2
91221 14 12 0
91280 14 12 2
91281 14 4 0
91288 14 0 0
91391 14 4 0
91409 14 0 2
91529 14 4 0
91533 14 15 0
91533 14 15 0
91559 14 15 2
91609 14 15 2
91620 14 4 0
91702 14 4 0
91729 14 7 0
91811 14 4 0
91916 14 7 2
91918 14 4 0
91932 14 0 0
92045 14 4 0
92141 14 4 0
92233 14 4 0
92328 14 0 2
92340 14 14 0
92349 14 4 0
92403 14 14 2
92477 14 4 0
92599 14 61 0
92607 14 4 0
92702 14 4 0
92803 14 4 0
92933 14 4 0
93046 14 4 0
93059 14 61 2
93131 14 54 0
93274 14 54 2
93292 14 4 0
93306 14 55 0
93413 14 4 0
93512 14 4 0
93614 14 4 0
93651 14 55 2
93723 14 4 0
93841 14 4 0
93879 14 40 0
93953 14 4 0
94032 14 40 2
94045 14 4 0
94060 14 49 0
94183 14 4 0
94192 14 49 2
94204 14 51 0
94297 14 4 0
94357 14 51 2
94377 14 37 0
94415 14 4 0
94500 14 37 2
94504 14 20 0
94528 14 4 0
94574 14 20 2
94590 14 3 0
94637 14 4 0
94736 14 4 0
94851 14 4 0
94959 14 4 0
94990 14 3 2
95082 14 21 0
95083 14 4 0
95158 14 21 2
95166 14 56 0
95202 14 4 0
95344 14 4 0
95452 14 4 0
95540 14 4 0
95565 14 56 2
95585 14 57 0
95643 14 4 0
95692 14 0 2
95735 14 4 0
95857 14 57 2
95865 14 4 0
95945 14 58 0
96000 14 4 0
96113 14 4 0
96129 14 58 2
96183 14 4 0
96209 14 59 0
96437 14 59 2
96461 14 63 0
96715 14 63 2
96799 14 33 0
96906 14 33 2
103566 14 56 1
103817 14 2 2
103882 14 56 2
124359 14 56 1
124617 14 2 2
124682 14 56 2
124747 14 56 1
124998 14 37 2
125056 14 56 2
125339 14 56 1
125497 14 56 1
125598 14 63 2
125631 14 56 1
125680 14 56 2
125748 14 38 2
125798 14 56 2
125814 14 56 1
125888 14 43 2
125925 14 56 1
125970 14 56 2
126003 14 56 1
126068 14 58 2
126089 14 56 1
126174 14 56 2
126178 14 49 2
126207 14 56 1
126283 14 56 2
126288 14 26 2
126362 14 56 2
126398 14 30 2
126440 14 56 2
126508 14 10 2
126566 14 56 2
150877 14 2 0
150878 14 56 1
151137 14 2 2
151202 14 56 2
168276 14 56 1
168527 14 2 2
168592 14 56 2
172084 14 56 1
172337 14 2 2
172402 14 56 2
174923 14 56 1
175177 14 2 2
175242 14 56 2
179493 14 56 1
179747 14 2 2
179812 14 56 2
197938 14 4 0
199550 14 4 0
199668 14 4 0
199756 14 4 0
199892 14 4 0
200024 14 4 0
200150 14 4 0
200250 14 4 0
200344 14 4 0
203125 14 63 2
205454 14 2 0
205455 14 56 1
205717 14 2 2
205782 14 56 2
314021 14 56 1
314278 14 0 2
314360 14 56 2
318531 14 2 0
318532 14 56 1
318787 14 2 2
318852 14 56 2
330211 14 56 1
330467 14 2 2
330532 14 56 2
333099 14 2 0
333100 14 56 1
333357 14 2 2
333422 14 56 2
334190 14 2 0
334191 14 56 1
334447 14 2 2
334512 14 56 2
368155 14 4 0
378229 14 2 0
378230 14 56 1
378487 14 2 2
378552 14 56 2
389157 14 2 0
389158 14 56 1
389417 14 2 2
389482 14 56 2
415861 14 2 0
415862 14 56 1
416117 14 2 2
416182 14 56 2
416920 14 2 0
416921 14 56 1
417177 14 2 2
417242 14 56 2
538490 14 2 0
538491 14 56 1
538748 14 2 2
538813 14 56 2
561584 14 56 1
561838 14 2 2
561903 14 56 2
566922 14 2 0
566923 14 56 1
567178 14 2 2
567243 14 56 2
573106 14 2 0
573107 14 56 1
573358 14 2 2
573423 14 56 2
583037 14 56 1
583288 14 2 2
583353 14 56 2
584624 14 2 0
584625 14 2 2
586440 14 2 0
586441 14 2 2
595366 14 56 1
595619 14 2 2
595685 14 56 2
618816 14 2 0
618817 14 56 1
619069 14 2 2
619135 14 56 2
658596 14 56 1
658849 14 2 2
658915 14 56 2
682016 14 56 1
682269 14 2 2
682335 14 56 2
720419 14 2 0
720420 14 56 1
720679 14 2 2
720745 14 56 2
743729 14 56 1
743730 14 2 0
743989 14 2 2
744055 14 56 2
765986 14 2 0
765987 14 56 1
766238 14 2 2
766303 14 56 2
771598 14 2 0
771599 14 2 2
775497 14 2 0
775498 14 2 2
782817 14 2 0
782818 14 56 1
783078 14 2 2
783144 14 56 2
806177 14 2 0
806178 14 56 1
806438 14 2 2
806504 14 56 2
827922 14 2 0
827923 14 2 2
841927 14 2 0
841928 14 56 1
842188 14 2 2
842254 14 56 2
865277 14 2 0
865278 14 56 1
865538 14 2 2
865604 14 56 2
914487 14 2 0
914488 14 56 1
914748 14 2 2
914814 14 56 2
937817 14 2 0
937818 14 56 1
938078 14 2 2
938144 14 56 2
971329 14 2 0
971330 14 56 1
971588 14 2 2
971654 14 56 2
994659 14 2 0
994660 14 56 1
994928 14 2 2
994994 14 56 2
1018970 14 15 0
1018970 14 15 0
1019247 14 15 2
1019735 14 15 2
1020295 14 38 0
1020295 14 38 0
1020337 14 38 2
1020418 14 38 2
1021870 14 7 0
1022132 14 7 2
1022564 14 2 0
1022967 14 2 2
1023003 14 25 0
1023133 14 25 2
1023149 14 31 0
1023239 14 31 2
1023275 14 33 0
1023405 14 33 2
1023409 14 36 0
1023515 14 36 2
1023523 14 4 0
1023636 14 4 2
1023728 14 5 0
1023839 14 5 2
1023871 14 34 0
1023993 14 34 2
1024013 14 35 0
1024127 14 35 2
1024151 14 32 0
1024291 14 32 2
1024655 14 38 0
1024655 14 38 0
1024705 14 38 2
1025027 14 38 2
1025912 14 2 0
1025913 14 2 2
1027549 14 9 0
1027647 14 9 2
1027679 14 8 0
1027785 14 8 2
1027813 14 47 0
1028049 14 47 2
1028493 14 48 0
1028810 14 48 2
1029386 14 49 0
1029770 14 49 2
1030346 14 50 0
1030623 14 50 2
1031199 14 51 0
1031487 14 51 2
1032063 14 52 0
1032380 14 52 2
1032956 14 53 0
1033258 14 53 2
1033834 14 54 0
1034114 14 54 2
1034690 14 55 0
1034943 14 55 2
1035519 14 56 0
1035859 14 56 2
1036435 14 57 0
1036838 14 57 2
1037414 14 58 0
1037694 14 58 2
1038270 14 59 0
1038555 14 59 2
1039131 14 60 0
1039468 14 60 2
1040044 14 61 0
1040366 14 61 2
1040942 14 62 0
1041224 14 62 2
1041800 14 63 0
1042039 14 63 2
1042615 14 0 0
1042615 14 0 0
1042689 14 0 2
1042859 14 0 2
1043127 14 2 0
1043226 14 2 2
1043282 14 3 0
1043371 14 3 2
1043375 14 7 0
1043626 14 7 2
1043714 14 4 0
1043714 14 4 0
1043776 14 4 2
1043871 14 4 2
1044259 14 1 0
1044560 14 1 2
1045136 14 2 0
1045458 14 2 2
1046034 14 3 0
1046453 14 3 2
1047029 14 4 0
1047271 14 4 2
1047847 14 5 0
1048108 14 5 2
1048684 14 6 0
1049042 14 6 2
1049167 14 10 2
1049306 14 10 2
1049517 14 10 2
1049618 14 7 0
1049949 14 7 2
1050525 14 8 0
1050525 14 8 0
1050591 14 8 2
1050820 14 8 2
1051396 14 9 0
1051743 14 9 2
1052319 14 10 0
1052604 14 10 2
1053180 14 11 0
1053180 14 11 0
1053222 14 11 2
1053495 14 11 2
1054071 14 12 0
1054340 14 12 2
1054479 14 60 0
1054501 14 56 1
1054737 14 56 1
1054757 14 62 2
1054831 14 56 2
1054916 14 13 0
1054951 14 56 1
1054997 14 59 2
1055096 14 56 2
1055228 14 13 2
1055237 14 15 2
1055270 14 56 2
1055523 14 56 1
1055763 14 56 1
1055777 14 47 2
1055804 14 14 0
1055813 14 56 1
1055843 14 56 2
1056015 14 56 1
1056017 14 60 2
1056106 14 56 2
1056127 14 14 2
1056143 14 14 2
1056152 14 56 2
1056307 14 39 2
1056365 14 56 2
1056561 14 56 1
1056590 14 56 1
1056719 14 15 0
1056753 14 56 1
1056817 14 56 2
1056871 14 56 1
1056927 14 22 2
1056938 14 56 2
1056941 14 56 1
1056961 14 56 2
1057031 14 15 2
1057047 14 53 2
1057101 14 56 1
1057121 14 56 2
1057177 14 34 2
1057221 14 56 1
1057259 14 56 2
1057297 14 12 2
1057312 14 56 1
1057338 14 56 2
1057400 14 56 1
1057407 14 52 2
1057489 14 56 2
1057517 14 24 2
1057533 14 56 1
1057607 14 16 0
1057607 14 56 2
1057627 14 8 2
1057635 14 56 1
1057701 14 56 2
1057737 14 29 2
1057781 14 56 1
1057787 14 56 2
1057847 14 1 2
1057908 14 16 2
1057921 14 56 2
1057957 14 18 2
1057979 14 56 1
1058024 14 56 2
1058077 14 21 2
1058119 14 56 2
1058237 14 23 2
1058279 14 56 2
1058347 14 56 1
1058409 14 56 1
1058484 14 17 0
1058567 14 56 1
1058607 14 50 2
1058661 14 56 1
1058705 14 56 2
1058717 14 20 2
1058722 14 56 1
1058767 14 56 2
1058799 14 17 2
1058827 14 32 2
1058868 14 56 1
1058925 14 56 2
1058937 14 25 2
1059019 14 56 2
1059047 14 13 2
1059081 14 56 2
1059157 14 11 2
1059207 14 56 2
1059233 14 56 1
1059375 14 18 0
1059410 14 56 1
1059481 14 56 1
1059487 14 54 2
1059553 14 56 2
1059607 14 56 1
1059674 14 18 2
1059677 14 61 2
1059701 14 56 1
1059759 14 56 2
1059787 14 6 2
1059821 14 56 2
1059844 14 56 1
1059897 14 19 2
1059955 14 56 2
1059969 14 56 1
1060007 14 5 2
1060049 14 56 2
1060117 14 35 2
1060191 14 56 2
1060227 14 42 2
1060250 14 19 0
1060275 14 56 1
1060317 14 56 2
1060337 14 56 1
1060495 14 56 1
1060527 14 40 2
1060555 14 19 2
1060589 14 56 1
1060633 14 56 2
1060641 14 31 2
1060691 14 56 2
1060757 14 46 2
1060815 14 56 2
1060867 14 7 2
1060909 14 56 2
1061131 14 20 0
1061133 14 56 1
1061397 14 55 2
1061408 14 20 2
1061414 14 56 1
1061467 14 56 1
1061472 14 56 2
1061594 14 56 1
1061667 14 57 2
1061695 14 56 1
1061777 14 3 2
1061781 14 56 2
1061813 14 56 1
1061835 14 56 2
1061887 14 17 2
1061948 14 56 1
1061961 14 56 2
1061984 14 21 0
1061999 14 45 2
1062065 14 56 2
1062083 14 56 1
1062107 14 44 2
1062144 14 56 1
1062181 14 56 2
1062216 14 41 2
1062247 14 21 2
1062279 14 56 1
1062314 14 56 2
1062337 14 48 2
1062389 14 56 1
1062447 14 9 2
1062451 14 56 2
1062474 14 56 1
1062512 14 56 2
1062557 14 33 2
1062569 14 56 1
1062614 14 60 0
1062647 14 56 2
1062667 14 51 2
1062695 14 56 1
1062757 14 56 2
1062779 14 27 2
1062797 14 56 1
1062823 14 22 0
1062845 14 56 2
1062887 14 4 2
1062931 14 56 1
1062937 14 56 2
1062997 14 36 2
1063063 14 56 2
1063107 14 28 2
1063164 14 22 2
1063165 14 56 2
1063217 14 16 2
1063299 14 56 2
1063740 14 23 0
1064030 14 23 2
1064606 14 24 0
1064946 14 24 2
1065522 14 25 0
1065846 14 25 2
1066422 14 26 0
1066704 14 26 2
1066894 14 56 1
1066895 14 2 0
1067147 14 2 2
1067213 14 56 2
1067280 14 27 0
1067575 14 27 2
1068151 14 28 0
1068252 14 60 0
1068426 14 28 2
1069002 14 29 0
1069266 14 29 2
1069588 14 60 0
1069842 14 30 0
1070144 14 30 2
1070720 14 31 0
1071011 14 31 2
1071587 14 32 0
1071894 14 32 2
1072470 14 33 0
1072804 14 33 2
1073380 14 34 0
1073664 14 34 2
1074240 14 35 0
1074535 14 35 2
1075111 14 36 0
1075404 14 36 2
1075980 14 37 0
1076243 14 37 2
1076819 14 38 0
1077104 14 38 2
1077680 14 39 0
1077921 14 39 2
1078497 14 40 0
1078802 14 40 2
1079378 14 41 0
1079457 14 60 0
1079722 14 41 2
1080298 14 42 0
1080583 14 42 2
1081159 14 43 0
1081444 14 43 2
1082020 14 44 0
1082322 14 44 2
1082898 14 45 0
1083180 14 45 2
1083756 14 46 0
1084044 14 46 2
1085699 14 60 0
1094748 14 8 0
1094990 14 8 2
1110578 14 60 0
1127445 14 60 0
1130266 14 31 0
1130356 14 31 2
1130400 14 35 0
1130694 14 35 2
1130754 14 32 0
1130892 14 32 2
1130948 14 46 0
1131005 14 46 2
1131037 14 12 0
1131078 14 12 2
1131090 14 33 0
1131220 14 33 2
1131312 14 34 0
1131434 14 34 2
1131466 14 1 0
1131466 14 1 0
1131532 14 1 2
1131540 14 1 2
1131584 14 32 0
1131724 14 32 2
1131732 14 35 0
1131847 14 35 2
1131851 14 60 0
1131974 14 60 2
1131990 14 61 0
1132112 14 61 2
1132172 14 48 0
1132313 14 48 2
1132353 14 49 0
1132483 14 49 2
1132519 14 36 0
1132519 14 36 0
1132577 14 36 2
1132626 14 36 2
1132690 14 37 0
1132690 14 37 0
1132740 14 37 2
1132789 14 37 2
1132837 14 58 0
1132837 14 58 0
1132935 14 58 2
1132966 14 58 2
1132978 14 31 0
1133220 14 31 2
1133232 14 30 0
1133516 14 30 2
1133524 14 59 0
1133524 14 59 0
1133615 14 59 2
1133640 14 59 2
1133692 14 34 0
1133977 14 34 2
1134017 14 0 0
1134256 14 0 2
1134264 14 33 0
1134593 14 33 2
1134609 14 60 0
1134715 14 60 2
1134735 14 32 0
1135022 14 32 2
1135098 14 61 0
1135198 14 61 2
1135322 14 62 0
1135411 14 62 2
1135499 14 12 0
1135606 14 12 2
1135618 14 39 0
1135723 14 39 2
1135735 14 13 0
1135843 14 13 2
1135847 14 48 0
1136009 14 48 2
1136021 14 59 0
1136135 14 59 2
1136163 14 54 0
1136163 14 54 0
1136224 14 54 2
1136268 14 54 2
1136308 14 55 0
1136400 14 55 2
1136424 14 56 0
1136576 14 56 2
1136604 14 57 0
1136799 14 57 2
1136863 14 58 0
1137002 14 58 2
1137038 14 49 0
1137173 14 49 2
1137213 14 63 0
1137317 14 63 2
1137365 14 15 0
1137462 14 15 2
1137478 14 44 0
1137585 14 44 2
1137605 14 45 0
1137703 14 45 2
1137951 14 0 0
1138097 14 0 2
1138189 14 1 0
1138327 14 1 2
1138427 14 2 0
1138575 14 2 2
1138583 14 47 0
1138647 14 47 2
1138659 14 41 0
1138773 14 41 2
1138845 14 3 0
1138978 14 3 2
1139238 14 5 0
1139506 14 5 2
1139554 14 6 0
1139654 14 6 2
1139742 14 7 0
1139891 14 7 2
1139999 14 8 0
1140143 14 8 2
1140199 14 1 0
1140288 14 1 2
1140736 14 46 0
1140810 14 46 2
1140818 14 4 0
1140931 14 4 2
1140955 14 47 0
1141030 14 47 2
1141174 14 12 0
1141232 14 12 2
1141387 14 2 0
1141388 14 4 0
1141596 14 10 0
1141677 14 10 2
1141797 14 1 0
1141797 14 1 0
1141863 14 1 2
1141889 14 1 2
1142321 14 9 0
1142403 14 9 2
1142419 14 46 0
1142534 14 46 2
1142566 14 47 0
1142566 14 47 0
1142624 14 47 2
1142641 14 47 2
1142785 14 12 0
1142785 14 12 0
1142819 14 12 2
1142876 14 12 2
1143360 14 1 0
1143450 14 1 2
1143633 14 12 2
1143898 14 46 0
1143898 14 46 0
1143948 14 46 2
1144005 14 46 2
1144037 14 47 0
1144111 14 47 2
1144163 14 12 2
1144255 14 12 0
1144286 14 12 2
1144337 14 12 2
1144481 14 12 2
1144763 14 13 2
1144821 14 1 0
1144821 14 1 0
1144887 14 1 2
1144913 14 1 2
1145180 14 60 0
1145285 14 13 2
1145361 14 46 0
1145361 14 46 0
1145411 14 46 2
1145460 14 46 2
1145492 14 47 0
1145492 14 47 0
1145519 14 13 2
1145599 14 47 2
1145610 14 47 2
1145713 14 13 2
1145743 14 12 0
1145743 14 12 0
1145777 14 12 2
1145820 14 12 2
1146304 14 1 0
1146304 14 1 0
1146394 14 1 2
1146430 14 1 2
1146842 14 46 0
1146842 14 46 0
1146914 14 60 0
1146933 14 46 2
1146942 14 46 2
1146965 14 47 0
1146965 14 47 0
1147030 14 60 0
1147053 14 47 2
1147065 14 47 2
1147209 14 12 0
1147209 14 12 0
1147243 14 12 2
1147277 14 12 2
1147412 14 60 0
1147761 14 1 0
1147761 14 1 0
1147827 14 1 2
1147854 14 1 2
1148302 14 46 0
1148302 14 46 0
1148385 14 46 2
1148413 14 46 2
1148417 14 47 0
1148417 14 47 0
1148513 14 47 2
1148528 14 47 2
1148657 14 12 0
1148657 14 12 0
1148716 14 12 2
1148721 14 12 2
1149200 14 1 0
1149200 14 1 0
1149274 14 1 2
1149332 14 1 2
1149722 14 46 0
1149722 14 46 0
1149780 14 46 2
1149812 14 47 0
1149812 14 47 0
1149872 14 46 2
1149879 14 47 2
1150023 14 12 0
1150023 14 12 0
1150050 14 47 2
1150057 14 12 2
1150064 14 12 2
1150548 14 1 0
1150548 14 1 0
1150614 14 1 2
1150622 14 1 2
1151070 14 46 0
1151070 14 46 0
1151120 14 46 2
1151169 14 46 2
1151201 14 47 0
1151201 14 47 0
1151259 14 47 2
1151308 14 47 2
1151452 14 12 0
1151452 14 12 0
1151486 14 12 2
1151535 14 12 2
1151835 14 60 0
1152019 14 1 0
1152019 14 1 0
1152085 14 1 2
1152118 14 1 2
1152566 14 46 0
1152566 14 46 0
1152616 14 46 2
1152664 14 46 2
1152696 14 47 0
1152696 14 47 0
1152754 14 47 2
1152803 14 47 2
1152947 14 12 0
1152947 14 12 0
1152981 14 12 2
1153029 14 12 2
1153072 14 60 0
1153513 14 1 0
1153513 14 1 0
1153589 14 1 2
1153649 14 1 2
1154021 14 10 0
1154103 14 10 2
1154119 14 46 0
1154119 14 46 0
1154170 14 46 2
1154219 14 46 2
1154251 14 47 0
1154251 14 47 0
1154309 14 47 2
1154358 14 47 2
1154502 14 12 0
1154502 14 12 0
1154536 14 12 2
1154585 14 12 2
1154954 14 60 0
1155069 14 1 0
1155069 14 1 0
1155135 14 1 2
1155169 14 1 2
1155617 14 46 0
1155617 14 46 0
1155667 14 46 2
1155716 14 46 2
1155748 14 47 0
1155748 14 47 0
1155806 14 47 2
1155855 14 47 2
1155999 14 12 0
1155999 14 12 0
1156033 14 12 2
1156082 14 12 2
1156566 14 1 0
1156566 14 1 0
1156632 14 1 2
1156642 14 1 2
1157090 14 46 0
1157090 14 46 0
1157140 14 46 2
1157157 14 46 2
1157189 14 47 0
1157189 14 47 0
1157247 14 47 2
1157267 14 47 2
1157411 14 12 0
1157411 14 12 0
1157445 14 12 2
1157478 14 12 2
1157962 14 1 0
1157962 14 1 0
1158028 14 1 2
1158036 14 1 2
1158484 14 46 0
1158484 14 46 0
1158534 14 46 2
1158551 14 46 2
1158583 14 47 0
1158583 14 47 0
1158641 14 47 2
1158658 14 47 2
1158802 14 12 0
1158802 14 12 0
1158836 14 12 2
1158868 14 12 2
1159070 14 60 0
1159352 14 1 0
1159352 14 1 0
1159420 14 1 2
1159431 14 1 2
1159879 14 46 0
1159879 14 46 0
1159929 14 46 2
1159946 14 46 2
1159975 14 60 0
1159978 14 47 0
1159978 14 47 0
1160053 14 47 2
1160056 14 47 2
1160197 14 12 0
1160197 14 12 0
1160241 14 12 2
1160264 14 12 2
1160748 14 1 0
1160748 14 1 0
1160844 14 1 2
1160847 14 1 2
1161295 14 46 0
1161295 14 46 0
1161362 14 46 2
1161394 14 47 0
1161394 14 47 0
1161395 14 46 2
1161469 14 47 2
1161532 14 47 2
1161613 14 12 0
1161613 14 12 0
1161680 14 12 2
1161717 14 12 2
1162164 14 1 0
1162164 14 1 0
1162234 14 1 2
1162236 14 1 2
1162615 14 60 0
1162684 14 46 0
1162684 14 46 0
1162734 14 46 2
1162741 14 46 2
1162773 14 47 0
1162773 14 47 0
1162835 14 47 2
1162846 14 47 2
1162990 14 12 0
1162990 14 12 0
1163024 14 12 2
1163032 14 12 2
1163516 14 1 0
1163516 14 1 0
1163582 14 1 2
1163595 14 1 2
1164043 14 46 0
1164043 14 46 0
1164099 14 46 2
1164100 14 46 2
1164115 14 60 0
1164132 14 47 0
1164132 14 47 0
1164190 14 47 2
1164198 14 47 2
1164342 14 12 0
1164342 14 12 0
1164377 14 12 2
1164384 14 12 2
1164631 14 60 0
1164868 14 1 0
1164868 14 1 0
1164934 14 1 2
1164945 14 1 2
1165267 14 60 0
1165377 14 11 0
1165377 14 11 0
1165419 14 11 2
1165468 14 11 2
1165484 14 46 0
1165484 14 46 0
1165535 14 46 2
1165542 14 46 2
1165574 14 47 0
1165574 14 47 0
1165632 14 47 2
1165640 14 47 2
1165784 14 12 0
1165784 14 12 0
1165818 14 12 2
1165826 14 12 2
1166310 14 1 0
1166310 14 1 0
1166377 14 1 2
1166385 14 1 2
1166833 14 46 0
1166833 14 46 0
1166883 14 46 2
1166891 14 46 2
1166923 14 47 0
1166923 14 47 0
1166982 14 47 2
1166992 14 47 2
1167136 14 12 0
1167136 14 12 0
1167171 14 12 2
1167176 14 12 2
1167660 14 1 0
1167660 14 1 0
1167726 14 1 2
1167738 14 1 2
1168186 14 46 0
1168186 14 46 0
1168242 14 46 2
1168260 14 46 2
1168292 14 47 0
1168292 14 47 0
1168350 14 47 2
1168366 14 47 2
1168510 14 12 0
1168510 14 12 0
1168544 14 12 2
1168585 14 12 2
1168651 14 60 0
1168969 14 60 0
1169069 14 1 0
1169069 14 1 0
1169135 14 1 2
1169176 14 1 2
1169624 14 46 0
1169624 14 46 0
1169674 14 46 2
1169691 14 46 2
1169723 14 47 0
1169723 14 47 0
1169781 14 47 2
1169798 14 47 2
1169942 14 12 0
1169942 14 12 0
1169977 14 12 2
1170016 14 12 2
1170500 14 1 0
1170500 14 1 0
1170566 14 1 2
1170574 14 1 2
1171022 14 46 0
1171022 14 46 0
1171072 14 46 2
1171080 14 46 2
1171112 14 47 0
1171112 14 47 0
1171170 14 47 2
1171178 14 47 2
1171322 14 12 0
1171322 14 12 0
1171356 14 12 2
1171397 14 12 2
1171881 14 1 0
1171881 14 1 0
1171947 14 1 2
1171956 14 1 2
1172330 14 60 0
1172404 14 46 0
1172404 14 46 0
1172454 14 46 2
1172464 14 46 2
1172496 14 47 0
1172496 14 47 0
1172554 14 47 2
1172562 14 47 2
1172706 14 12 0
1172706 14 12 0
1172750 14 12 2
1172751 14 12 2
1173234 14 1 0
1173234 14 1 0
1173301 14 1 2
1173311 14 1 2
1173759 14 46 0
1173759 14 46 0
1173810 14 46 2
1173822 14 46 2
1173854 14 47 0
1173854 14 47 0
1173912 14 47 2
1173920 14 47 2
1174064 14 12 0
1174064 14 12 0
1174098 14 12 2
1174106 14 12 2
1174590 14 1 0
1174590 14 1 0
1174656 14 1 2
1174665 14 1 2
1174842 14 60 0
1175113 14 46 0
1175113 14 46 0
1175163 14 46 2
1175204 14 46 2
1175236 14 47 0
1175236 14 47 0
1175294 14 47 2
1175323 14 60 0
1175334 14 47 2
1175478 14 12 0
1175478 14 12 0
1175513 14 12 2
1175568 14 12 2
1176052 14 1 0
1176052 14 1 0
1176118 14 1 2
1176134 14 1 2
1176566 14 12 0
1176566 14 12 0
1176600 14 12 2
1176608 14 12 2
1176624 14 46 0
1176624 14 46 0
1176674 14 46 2
1176715 14 46 2
1176747 14 47 0
1176747 14 47 0
1176805 14 47 2
1176848 14 47 2
1176992 14 12 0
1176992 14 12 0
1177026 14 12 2
1177034 14 12 2
1177518 14 1 0
1177518 14 1 0
1177584 14 1 2
1177633 14 1 2
1178081 14 46 0
1178081 14 46 0
1178131 14 46 2
1178175 14 46 2
1178207 14 47 0
1178207 14 47 0
1178266 14 47 2
1178305 14 47 2
1178449 14 12 0
1178449 14 12 0
1178483 14 12 2
1178540 14 12 2
1178790 14 60 0
1179024 14 1 0
1179024 14 1 0
1179139 14 1 2
1179150 14 1 2
1179587 14 46 0
1179587 14 46 0
1179657 14 46 2
1179678 14 46 2
1179710 14 47 0
1179710 14 47 0
1179778 14 47 2
1179810 14 47 2
1179954 14 12 0
1179954 14 12 0
1179988 14 12 2
1180045 14 12 2
1180529 14 1 0
1180529 14 1 0
1180595 14 1 2
1180603 14 1 2
1180646 14 60 0
1180775 14 60 0
1181051 14 46 0
1181051 14 46 0
1181101 14 46 2
1181108 14 46 2
1181140 14 47 0
1181140 14 47 0
1181200 14 47 2
1181205 14 47 2
1181349 14 12 0
1181349 14 12 0
1181383 14 12 2
1181390 14 12 2
1181874 14 1 0
1181874 14 1 0
1181948 14 1 2
1181950 14 1 2
1182267 14 60 0
1182396 14 46 0
1182396 14 46 0
1182454 14 46 2
1182486 14 47 0
1182486 14 47 0
1182516 14 46 2
1182544 14 47 2
1182552 14 47 2
1182696 14 12 0
1182696 14 12 0
1182731 14 12 2
1182739 14 12 2
1183223 14 1 0
1183223 14 1 0
1183291 14 1 2
1183299 14 1 2
1183747 14 46 0
1183747 14 46 0
1183803 14 46 2
1183869 14 46 2
1183901 14 47 0
1183901 14 47 0
1183960 14 47 2
1184025 14 47 2
1184169 14 12 0
1184169 14 12 0
1184203 14 12 2
1184284 14 12 2
1184768 14 1 0
1184768 14 1 0
1184834 14 1 2
1184841 14 1 2
1185289 14 46 0
1185289 14 46 0
1185339 14 46 2
1185404 14 46 2
1185436 14 47 0
1185436 14 47 0
1185494 14 47 2
1185559 14 47 2
1185703 14 12 0
1185703 14 12 0
1185737 14 12 2
1185745 14 12 2
1186229 14 1 0
1186229 14 1 0
1186295 14 1 2
1186303 14 1 2
1186751 14 46 0
1186751 14 46 0
1186801 14 46 2
1186806 14 60 0
1186809 14 46 2
1186841 14 47 0
1186841 14 47 0
1186900 14 47 2
1186963 14 47 2
1187107 14 12 0
1187107 14 12 0
1187141 14 12 2
1187148 14 12 2
1187632 14 1 0
1187632 14 1 0
1187699 14 1 2
1187756 14 1 2
1188188 14 13 0
1188270 14 13 2
1188286 14 46 0
1188286 14 46 0
1188345 14 46 2
1188346 14 46 2
1188377 14 47 0
1188377 14 47 0
1188455 14 47 2
1188500 14 47 2
1188644 14 12 0
1188644 14 12 0
1188678 14 12 2
1188685 14 12 2
1189034 14 60 0
1189169 14 1 0
1189169 14 1 0
1189172 14 60 0
1189235 14 1 2
1189243 14 1 2
1189295 14 60 0
1189404 14 60 0
1189691 14 46 0
1189691 14 46 0
1189750 14 46 2
1189762 14 46 2
1189782 14 47 0
1189782 14 47 0
1189848 14 47 2
1189920 14 47 2
1189992 14 12 0
1189992 14 12 0
1190030 14 12 2
1190035 14 12 2
1190327 14 60 0
1190519 14 1 0
1190519 14 1 0
1190585 14 1 2
1190592 14 1 2
1191040 14 46 0
1191040 14 46 0
1191090 14 46 2
1191098 14 46 2
1191130 14 47 0
1191130 14 47 0
1191188 14 47 2
1191196 14 47 2
1191340 14 12 0
1191340 14 12 0
1191380 14 12 2
1191383 14 12 2
1191867 14 1 0
1191867 14 1 0
1191933 14 1 2
1191943 14 1 2
1192391 14 46 0
1192391 14 46 0
1192395 14 60 0
1192441 14 46 2
1192449 14 46 2
1192481 14 47 0
1192481 14 47 0
1192539 14 47 2
1192550 14 47 2
1192694 14 12 0
1192694 14 12 0
1192728 14 12 2
1192735 14 12 2
1193219 14 1 0
1193219 14 1 0
1193285 14 1 2
1193294 14 1 2
1193742 14 46 0
1193742 14 46 0
1193792 14 46 2
1193802 14 46 2
1193834 14 47 0
1193834 14 47 0
1193892 14 47 2
1193900 14 47 2
1194044 14 12 0
1194044 14 12 0
1194078 14 12 2
1194085 14 12 2
1194569 14 1 0
1194569 14 1 0
1194635 14 1 2
1194642 14 1 2
1195090 14 46 0
1195090 14 46 0
1195140 14 46 2
1195148 14 46 2
1195180 14 47 0
1195180 14 47 0
1195202 14 60 0
1195239 14 47 2
1195247 14 47 2
1195391 14 12 0
1195391 14 12 0
1195425 14 12 2
1195433 14 12 2
1195917 14 1 0
1195917 14 1 0
1195984 14 1 2
1195991 14 1 2
1196439 14 46 0
1196439 14 46 0
1196489 14 46 2
1196496 14 46 2
1196528 14 47 0
1196528 14 47 0
1196586 14 47 2
1196593 14 47 2
1196737 14 12 0
1196737 14 12 0
1196771 14 12 2
1196779 14 12 2
1197050 14 60 0
1197263 14 1 0
1197263 14 1 0
1197329 14 1 2
1197336 14 1 2
1197731 14 60 0
1197784 14 46 0
1197784 14 46 0
1197834 14 46 2
1197843 14 46 2
1197844 14 60 0
1197875 14 47 0
1197875 14 47 0
1197933 14 47 2
1197942 14 47 2
1198086 14 12 0
1198086 14 12 0
1198120 14 12 2
1198128 14 12 2
1198612 14 1 0
1198612 14 1 0
1198678 14 1 2
1198687 14 1 2
1199119 14 14 0
1199128 14 60 0
1199218 14 14 2
1199234 14 46 0
1199234 14 46 0
1199286 14 46 2
1199293 14 46 2
1199325 14 47 0
1199325 14 47 0
1199383 14 47 2
1199390 14 47 2
1199534 14 12 0
1199534 14 12 0
1199569 14 12 2
1199579 14 12 2
1200063 14 1 0
1200063 14 1 0
1200129 14 1 2
1200136 14 1 2
1200584 14 46 0
1200584 14 46 0
1200636 14 46 2
1200646 14 46 2
1200678 14 47 0
1200678 14 47 0
1200736 14 47 2
1200744 14 47 2
1200888 14 12 0
1200888 14 12 0
1200922 14 12 2
1200930 14 12 2
1201414 14 1 0
1201414 14 1 0
1201480 14 1 2
1201488 14 1 2
1201936 14 46 0
1201936 14 46 0
1201986 14 46 2
1201998 14 46 2
1202030 14 47 0
1202030 14 47 0
1202090 14 47 2
1202104 14 47 2
1202248 14 12 0
1202248 14 12 0
1202282 14 12 2
1202292 14 12 2
1202331 14 60 0
1202776 14 1 0
1202776 14 1 0
1202842 14 1 2
1202855 14 1 2
1203303 14 46 0
1203303 14 46 0
1203355 14 46 2
1203368 14 46 2
1203400 14 47 0
1203400 14 47 0
1203458 14 47 2
1203467 14 47 2
1203554 14 60 0
1203611 14 12 0
1203611 14 12 0
1203645 14 12 2
1203657 14 12 2
1204141 14 1 0
1204141 14 1 0
1204207 14 1 2
1204216 14 1 2
1204664 14 46 0
1204664 14 46 0
1204714 14 46 2
1204722 14 46 2
1204754 14 47 0
1204754 14 47 0
1204812 14 47 2
1204820 14 47 2
1204964 14 12 0
1204964 14 12 0
1204998 14 12 2
1205005 14 12 2
1205013 14 60 0
1205489 14 1 0
1205489 14 1 0
1205555 14 1 2
1205582 14 1 2
1206030 14 46 0
1206030 14 46 0
1206081 14 46 2
1206086 14 46 2
1206118 14 47 0
1206118 14 47 0
1206176 14 47 2
1206250 14 47 2
1206394 14 12 0
1206394 14 12 0
1206429 14 12 2
1206437 14 12 2
1206921 14 1 0
1206921 14 1 0
1206988 14 1 2
1206996 14 1 2
1207297 14 60 0
1207444 14 46 0
1207444 14 46 0
1207494 14 46 2
1207502 14 46 2
1207534 14 47 0
1207534 14 47 0
1207592 14 47 2
1207600 14 47 2
1207744 14 12 0
1207744 14 12 0
1207778 14 12 2
1207786 14 12 2
1208109 14 60 0
1208270 14 1 0
1208270 14 1 0
1208336 14 1 2
1208344 14 1 2
1208792 14 46 0
1208792 14 46 0
1208843 14 46 2
1208848 14 46 2
1208880 14 47 0
1208880 14 47 0
1208938 14 47 2
1208946 14 47 2
1209090 14 12 0
1209090 14 12 0
1209124 14 12 2
1209131 14 12 2
1209519 14 1 0
1209519 14 1 0
1209585 14 1 2
1209592 14 1 2
1210024 14 7 0
1210065 14 7 2
1210081 14 46 0
1210081 14 46 0
1210131 14 46 2
1210138 14 46 2
1210170 14 47 0
1210170 14 47 0
1210228 14 47 2
1210238 14 47 2
1210382 14 12 0
1210382 14 12 0
1210416 14 12 2
1210423 14 12 2
1210907 14 1 0
1210907 14 1 0
1210973 14 1 2
1210981 14 1 2
1211429 14 46 0
1211429 14 46 0
1211479 14 46 2
1211486 14 46 2
1211518 14 47 0
1211518 14 47 0
1211576 14 47 2
1211584 14 47 2
1211728 14 12 0
1211728 14 12 0
1211762 14 12 2
1211770 14 12 2
1212254 14 1 0
1212254 14 1 0
1212320 14 1 2
1212327 14 1 2
1212775 14 46 0
1212775 14 46 0
1212825 14 46 2
1212832 14 46 2
1212864 14 47 0
1212864 14 47 0
1212922 14 47 2
1212933 14 47 2
1213077 14 5 0
1213167 14 5 2
1213175 14 61 0
1213175 14 61 0
1213249 14 61 2
1213314 14 61 2
1213322 14 29 0
1213545 14 60 0
1213572 14 29 2
1213588 14 62 0
1213588 14 62 0
1213654 14 62 2
1213662 14 62 2
1213938 14 63 0
1213938 14 63 0
1214012 14 63 2
1214087 14 63 2
1214511 14 12 0
1214511 14 12 0
1214545 14 12 2
1214579 14 12 2
1214829 14 60 0
1215019 14 11 0
1215109 14 11 2
1215321 14 1 0
1215321 14 1 0
1215387 14 1 2
1215395 14 1 2
1215843 14 46 0
1215843 14 46 0
1215893 14 46 2
1215901 14 46 2
1215933 14 47 0
1215933 14 47 0
1215991 14 47 2
1215998 14 47 2
1216050 14 60 0
1216142 14 12 0
1216142 14 12 0
1216176 14 12 2
1216185 14 12 2
1216669 14 1 0
1216669 14 1 0
1216740 14 1 2
1216742 14 1 2
1217190 14 46 0
1217190 14 46 0
1217240 14 46 2
1217248 14 60 0
1217248 14 46 2
1217280 14 47 0
1217280 14 47 0
1217338 14 47 2
1217347 14 47 2
1217491 14 12 0
1217491 14 12 0
1217525 14 12 2
1217535 14 12 2
1218019 14 1 0
1218019 14 1 0
1218085 14 1 2
1218095 14 1 2
1218444 14 17 2
1218543 14 46 0
1218543 14 46 0
1218593 14 46 2
1218601 14 46 2
1218633 14 47 0
1218633 14 47 0
1218659 14 60 0
1218691 14 47 2
1218704 14 47 2
1218848 14 12 0
1218848 14 12 0
1218882 14 12 2
1218892 14 12 2
1219376 14 1 0
1219376 14 1 0
1219443 14 1 2
1219448 14 1 2
1219896 14 46 0
1219896 14 46 0
1219946 14 46 2
1219994 14 46 2
1220026 14 47 0
1220026 14 47 0
1220085 14 47 2
1220137 14 47 2
1220281 14 12 0
1220347 14 12 2
1220831 14 1 0
1220831 14 1 0
1220897 14 1 2
1220914 14 1 2
1221362 14 46 0
1221362 14 46 0
1221412 14 46 2
1221460 14 46 2
1221492 14 47 0
1221492 14 47 0
1221550 14 47 2
1221601 14 47 2
1221745 14 12 0
1221745 14 12 0
1221779 14 12 2
1221811 14 12 2
1222025 14 60 0
1222146 14 60 0
1222295 14 1 0
1222295 14 1 0
1222361 14 1 2
1222370 14 1 2
1222818 14 46 0
1222818 14 46 0
1222868 14 46 2
1222877 14 46 2
1222909 14 47 0
1222909 14 47 0
1222967 14 47 2
1223017 14 47 2
1223161 14 12 0
1223161 14 12 0
1223195 14 12 2
1223203 14 12 2
1223687 14 1 0
1223687 14 1 0
1223753 14 1 2
1223770 14 1 2
1224218 14 46 0
1224218 14 46 0
1224268 14 46 2
1224317 14 46 2
1224349 14 47 0
1224349 14 47 0
1224408 14 47 2
1224457 14 47 2
1224601 14 12 0
1224601 14 12 0
1224635 14 12 2
1224668 14 12 2
1225152 14 1 0
1225152 14 1 0
1225218 14 1 2
1225226 14 1 2
1225258 14 60 0
1225674 14 46 0
1225674 14 46 0
1225724 14 46 2
1225732 14 46 2
1225764 14 47 0
1225764 14 47 0
1225822 14 47 2
1225832 14 47 2
1225976 14 12 0
1225976 14 12 0
1226010 14 12 2
1226017 14 12 2
1226501 14 1 0
1226501 14 1 0
1226567 14 1 2
1226575 14 1 2
1227023 14 46 0
1227023 14 46 0
1227077 14 46 2
1227080 14 46 2
1227112 14 47 0
1227112 14 47 0
1227171 14 47 2
1227180 14 47 2
1227324 14 12 0
1227324 14 12 0
1227358 14 12 2
1227366 14 12 2
1227850 14 1 0
1227850 14 1 0
1227916 14 1 2
1227924 14 1 2
1228372 14 46 0
1228372 14 46 0
1228422 14 46 2
1228430 14 46 2
1228462 14 47 0
1228462 14 47 0
1228520 14 47 2
1228528 14 47 2
1228672 14 12 0
1228672 14 12 0
1228706 14 12 2
1228714 14 12 2
1229198 14 1 0
1229198 14 1 0
1229264 14 1 2
1229272 14 1 2
1229720 14 46 0
1229720 14 46 0
1229770 14 46 2
1229777 14 46 2
1229809 14 47 0
1229809 14 47 0
1229868 14 47 2
1229875 14 47 2
1230019 14 12 0
1230019 14 12 0
1230032 14 2 0
1230033 14 60 0
1230053 14 12 2
1230061 14 12 2
1230537 14 9 0
1230627 14 9 2
1230751 14 55 0
1230833 14 55 2
1230837 14 1 0
1230837 14 1 0
1230903 14 1 2
1230926 14 1 2
1230950 14 56 0
1231000 14 19 2
1231081 14 56 2
1231101 14 45 0
1231175 14 45 2
1231191 14 1 0
1231281 14 1 2
1231317 14 1 0
1231408 14 1 2
1231412 14 46 0
1231477 14 46 2
1231553 14 63 0
1231788 14 63 2
1231796 14 47 0
1231871 14 47 2
1231975 14 62 0
1231975 14 62 0
1232044 14 62 2
1232082 14 62 2
1232150 14 29 0
1232248 14 29 2
1232288 14 30 0
1232378 14 30 2
1232422 14 17 0
1232553 14 17 2
1232609 14 18 0
1232731 14 18 2
1232779 14 19 0
1232893 14 19 2
1232929 14 21 0
1232976 14 12 2
1233028 14 21 2
1233060 14 22 0
1233150 14 22 2
1233506 14 61 0
1233506 14 61 0
1233580 14 61 2
1233612 14 61 2
1234148 14 1 0
1234221 14 1 2
1234305 14 58 0
1234305 14 58 0
1234403 14 58 2
1234411 14 58 2
1234491 14 59 0
1234491 14 59 0
1234581 14 59 2
1234589 14 59 2
1235203 14 17 2
1235403 14 13 2
1236584 14 11 2
1255270 14 2 0
1255271 14 2 2
1261723 14 2 0
1261724 14 56 1
1261984 14 2 2
1262050 14 56 2
1285133 14 2 0
1285134 14 56 1
1285394 14 2 2
1285460 14 56 2
1319306 14 2 0
1319307 14 56 1
1319567 14 2 2
1319633 14 56 2
1342626 14 2 0
1342627 14 56 1
1342887 14 2 2
1342953 14 56 2
1376766 14 2 0
1376767 14 56 1
1377027 14 2 2
1377093 14 56 2
1400196 14 2 0
1400197 14 56 1
1400457 14 2 2
1400523 14 56 2
1433573 14 56 1
1433574 14 2 0
1433824 14 2 2
1433890 14 56 2
1456953 14 2 0
1456954 14 56 1
1457214 14 2 2
1457280 14 56 2
1490790 14 2 0
1490791 14 56 1
1491051 14 2 2
1491117 14 56 2
1514210 14 2 0
1514211 14 56 1
1514471 14 2 2
1514537 14 56 2
1579138 14 56 1
1579139 14 2 0
1579399 14 2 2
1579465 14 56 2
1602628 14 2 0
1602629 14 56 1
1602889 14 2 2
1602955 14 56 2
1636387 14 2 0
1636388 14 56 1
1636648 14 2 2
1636714 14 56 2
1659817 14 2 0
1659818 14 56 1
1660078 14 2 2
1660144 14 56 2
1693723 14 2 0
1693724 14 56 1
1693984 14 2 2
1694050 14 56 2
1717143 14 2 0
1717144 14 56 1
1717404 14 2 2
1717470 14 56 2
1750512 14 2 0
1750513 14 56 1
1750773 14 2 2
1750839 14 56 2
1773832 14 2 0
1773833 14 56 1
1774093 14 2 2
1774159 14 56 2
1807817 14 56 1
1807818 14 2 0
1808068 14 2 2
1808134 14 56 2
1831137 14 56 1
1831138 14 2 0
1831388 14 2 2
1831454 14 56 2
1855918 14 2 0
1855919 14 56 1
1856177 14 2 2
1856242 14 56 2
1864871 14 2 0
1864872 14 56 1
1865128 14 2 2
1865194 14 56 2
1888281 14 2 0
1888282 14 56 1
1888538 14 2 2
1888604 14 56 2
1922207 14 2 0
1922208 14 56 1
1922468 14 2 2
1922534 14 56 2
1945507 14 2 0
1945508 14 56 1
1945768 14 2 2
1945834 14 56 2
1982201 14 2 0
1982202 14 56 1
1982458 14 2 2
1982523 14 56 2
1984444 14 2 0
1984445 14 56 1
1984708 14 2 2
1984773 14 56 2
1992854 14 2 0
1992855 14 2 2
1993046 14 56 1
1993047 14 2 0
1993298 14 2 2
1993363 14 56 2
1995748 14 36 0
1995748 14 36 0
1996370 14 36 2
1999140 14 36 2
1999184 14 37 0
1999184 14 37 0
1999583 14 37 2
1999594 14 37 2
1999715 14 8 0
1999715 14 8 0
1999781 14 8 2
1999789 14 8 2
1999837 14 0 0
1999837 14 0 0
1999912 14 0 2
2000128 14 0 2
2000216 14 36 0
2000216 14 36 0
2000274 14 36 2
2000782 14 36 2
2000814 14 38 0
2000814 14 38 0
2000866 14 38 2
2000924 14 38 2
2001084 14 54 0
2001084 14 54 0
2001162 14 54 2
2002003 14 54 2
2002035 14 12 0
2002035 14 12 0
2002069 14 12 2
2002077 14 12 2
2002141 14 37 0
2002141 14 37 0
2002192 14 37 2
2003777 14 4 0
2004082 14 11 2
2004339 14 37 2
2004604 14 11 2
2004738 14 11 2
2004940 14 10 2
2005327 14 47 0
2005327 14 47 0
2005385 14 47 2
2006136 14 13 2
2006304 14 47 2
2006328 14 11 0
2006328 14 11 0
2006370 14 11 2
2006409 14 11 2
2006537 14 1 0
2006596 14 2 0
2006597 14 2 2
2006727 14 1 2
2006752 14 13 2
2006898 14 13 2
2007327 14 4 0
2007327 14 4 0
2007559 14 4 2
2007562 14 4 2
2008094 14 38 0
2008094 14 38 0
2008136 14 12 2
2008137 14 38 2
2008145 14 38 2
2008301 14 46 0
2008410 14 46 2
2008430 14 4 0
2008430 14 4 0
2008472 14 4 2
2008669 14 12 2
2008799 14 12 2
2008967 14 4 2
2008999 14 0 0
2008999 14 0 0
2009073 14 0 2
2009081 14 0 2
2009229 14 47 0
2009295 14 47 2
2009311 14 12 0
2009396 14 12 2
2009432 14 47 0
2009500 14 47 2
2010556 14 63 0
2010556 14 63 0
2010720 14 63 2
2010723 14 63 2
2010927 14 58 0
2010927 14 58 0
2011025 14 58 2
2011042 14 58 2
2011126 14 46 0
2011264 14 46 2
2012436 14 3 0
2017265 14 2 0
2017266 14 4 0
2021005 14 3 2
2021013 14 19 0
2021056 14 18 2
2021095 14 19 2
2021099 14 3 0
2022062 14 2 0
2022063 14 2 2
2023116 14 3 2
2023167 14 52 2
2023274 14 31 2
2023365 14 1 2
2023448 14 58 2
2023571 14 33 2
2023678 14 59 2
2023793 14 6 2
2023800 14 3 0
2028238 14 3 2
2029616 14 2 0
2029617 14 2 2
2037492 14 2 0
2037493 14 56 1
2037746 14 2 2
2037812 14 56 2
2060892 14 2 0
2060893 14 56 1
2061146 14 2 2
2061212 14 56 2
2086577 14 2 0
2086578 14 2 2
2101654 14 56 1
2101655 14 2 0
2101905 14 2 2
2101971 14 56 2
2124974 14 2 0
2124975 14 56 1
2125235 14 2 2
2125301 14 56 2
2160990 14 2 0
2160991 14 56 1
2161251 14 2 2
2161317 14 56 2
2184390 14 2 0
2184391 14 56 1
2184651 14 2 2
2184717 14 56 2
2220376 14 2 0
2220377 14 56 1
2220637 14 2 2
2220703 14 56 2
2243786 14 2 0
2243787 14 56 1
2244047 14 2 2
2244113 14 56 2
2377461 14 2 0
2377462 14 2 2
2807460 14 2 0
2807461 14 2 2
2972624 14 38 0
2972624 14 38 0
2973346 14 38 2
2973408 14 38 2
2975242 14 15 0
2975242 14 15 0
2975308 14 15 2
2976109 14 2 0
2976110 14 2 2
2977325 14 15 2
2977413 14 38 0
2977413 14 38 0
2977455 14 38 2
2977523 14 38 2
2978806 14 0 2
2979467 14 38 0
2979467 14 38 0
2979517 14 38 2
2979579 14 38 2
2987505 14 2 0
2987506 14 4 0
2988322 14 2 2
2988333 14 3 0
2993713 14 3 2
3949188 14 38 0
3949188 14 38 0
3949527 14 38 2
3949674 14 38 2
3950943 14 7 0
3951121 14 7 2
3951689 14 38 0
3951689 14 38 0
3951731 14 38 2
3953668 14 38 2
3954609 14 0 2
3954616 14 7 0
3954864 14 7 2
3954920 14 41 2
3955044 14 57 2
3955183 14 49 2
3955314 14 36 2
3955405 14 45 2
3955496 14 26 2
3955595 14 4 2
3955663 14 40 2
3955794 14 43 2
3955860 14 38 0
3955860 14 38 0
3955901 14 34 2
3955902 14 38 2
3955909 14 38 2
3956007 14 47 2
3956090 14 10 2
3956173 14 7 2
3956224 14 17 2
3956323 14 53 2
3956423 14 58 2
3956554 14 44 2
3956653 14 39 2
3956728 14 3 2
3956803 14 16 2
3956910 14 62 2
3957009 14 9 2
3957100 14 48 2
3957239 14 15 2
3957291 14 8 2
3957391 14 61 2
3957499 14 56 2
3957646 14 35 2
3957745 14 32 2
3957869 14 51 2
3957984 14 29 2
3958061 14 30 2
3958131 14 23 2
3958192 14 13 2
3958253 14 6 2
3958304 14 18 2
3958396 14 25 2
3958504 14 63 2
3958607 14 2 2
3958697 14 54 2
3958797 14 55 2
3958897 14 12 2
3958967 14 42 2
3959140 14 2 0
3959141 14 4 0
4925762 14 38 0
4925762 14 38 0
4927377 14 0 2
4927483 14 38 2
4927563 14 50 2
4927689 14 33 2
4927809 14 11 2
4927958 14 1 2
4928056 14 31 2
4928237 14 59 2
4928361 14 46 2
4928384 14 38 2
4928445 14 37 2
4928535 14 27 2
4928746 14 20 2
4928808 14 38 2
4929014 14 19 2
4929357 14 52 2
4929468 14 5 2
4929608 14 21 2
4930242 14 22 2
4930368 14 38 0
4930368 14 38 0
4930410 14 38 2
4930617 14 28 2
4930700 14 24 2
4932988 14 38 2
4934932 14 38 0
4934932 14 38 0
4934982 14 38 2
4935014 14 38 2
5902312 14 38 0
5902312 14 38 0
5905811 14 38 2
5906690 14 38 2
5907682 14 0 2
5907795 14 38 0
5907795 14 38 0
5907837 14 38 2
5909335 14 38 2
5909619 14 7 0
5911473 14 7 2
5913133 14 38 0
5913133 14 38 0
5913175 14 38 2
5913183 14 38 2
6878862 14 38 0
6878862 14 38 0
6879004 14 38 2
6879405 14 38 2
6880988 14 38 0
6880988 14 38 0
6881030 14 38 2
6884768 14 38 2
6886712 14 38 0
6886712 14 38 0
6886762 14 38 2
6886794 14 38 2
