0 3 51 0
2462 3 51 2
2466 3 22 0
4133 3 22 2
4145 3 1 0
4742 3 1 2
4762 3 24 0
4938 3 24 2
15349 3 63 1
15598 3 0 2
15647 3 63 2
41734 3 4 0
42737 3 4 2
42789 3 44 0
43770 3 44 2
43782 3 5 0
43832 3 5 2
43844 3 45 0
44408 3 45 2
44476 3 24 0
44567 3 24 2
44599 3 25 0
44681 3 25 2
44689 3 26 0
44793 3 26 2
44833 3 27 0
44952 3 27 2
44972 3 33 0
46285 3 33 2
46305 3 35 0
46389 3 35 2
46397 3 41 0
47224 3 41 2
47240 3 42 0
47517 3 42 2
47549 3 1 0
47638 3 1 2
47674 3 36 0
47749 3 36 2
47761 3 43 0
48276 3 43 2
48292 3 17 0
48380 3 17 2
48472 3 27 0
48548 3 27 2
48552 3 37 0
48667 3 37 2
48679 3 17 0
49293 3 17 2
49301 3 15 0
49458 3 15 2
49498 3 16 0
49610 3 16 2
49650 3 18 0
49737 3 18 2
49761 3 61 0
51234 3 61 2
51246 3 54 0
51611 3 54 2
51631 3 7 0
51705 3 7 2
51713 3 19 0
51835 3 19 2
51839 3 35 0
52164 3 35 2
52180 3 53 0
53153 3 53 2
53193 3 33 0
53323 3 33 2
53335 3 36 0
53439 3 36 2
53459 3 40 0
53681 3 63 1
53769 3 40 2
53793 3 37 0
53928 3 42 2
53945 3 37 2
54001 3 63 2
54049 3 38 0
54186 3 38 2
54190 3 28 0
54459 3 28 2
54483 3 8 0
54725 3 8 2
54733 3 29 0
54839 3 29 2
54879 3 0 0
55079 3 0 2
55091 3 38 0
55438 3 38 2
55454 3 39 0
55784 3 39 2
55788 3 39 0
56136 3 39 2
56192 3 36 0
56289 3 36 2
56321 3 38 0
56462 3 38 2
56478 3 51 0
57267 3 51 2
57323 3 23 0
57604 3 23 2
57612 3 52 0
58133 3 52 2
58169 3 31 0
58454 3 31 2
58474 3 53 0
58584 3 53 2
58608 3 54 0
58938 3 54 2
58954 3 11 0
59324 3 11 2
59336 3 56 0
59822 3 56 2
59826 3 12 0
60063 3 12 2
60071 3 57 0
60876 3 57 2
60880 3 2 0
61119 3 63 1
61195 3 2 2
61247 3 37 0
61360 3 37 2
61376 3 40 0
61388 3 4 2
61425 3 63 2
61429 3 4 0
61515 3 4 0
61593 3 4 0
61645 3 40 2
61663 3 4 0
61701 3 58 0
61758 3 4 0
61845 3 4 0
61948 3 4 0
62081 3 4 0
62146 3 58 2
62195 3 4 0
62206 3 35 0
62279 3 35 2
62283 3 50 0
62307 3 4 0
62410 3 4 0
62450 3 50 2
62470 3 62 0
62527 3 4 0
62747 3 4 0
62857 3 62 2
62861 3 4 0
62885 3 38 0
62947 3 4 0
63184 3 4 0
63196 3 63 1
63241 3 38 2
63306 3 4 0
63313 3 63 0
63376 3 4 0
63438 3 4 2
63477 3 63 2
63479 3 4 0
63517 3 4 0
63570 3 4 0
63617 3 63 2
63635 3 4 0
63654 3 4 0
63657 3 12 0
63711 3 4 0
63745 3 4 0
63828 3 4 0
63868 3 4 0
63918 3 4 0
63945 3 12 2
63969 3 2 0
63981 3 4 0
64013 3 4 0
64056 3 4 0
64126 3 2 2
64139 3 4 0
64150 3 13 0
64184 3 4 0
64215 3 4 0
64268 3 4 0
64337 3 4 0
64384 3 13 2
64400 3 4 0
64412 3 14 0
64427 3 4 0
64489 3 4 0
64597 3 4 0
64622 3 4 0
64724 3 4 0
64734 3 4 0
64779 3 14 2
64785 3 4 0
64787 3 6 0
64865 3 4 0
64891 3 4 0
64986 3 4 0
64993 3 4 0
65097 3 4 0
65103 3 6 2
65111 3 24 0
65132 3 4 0
65189 3 4 0
65277 3 4 0
65290 3 4 0
65373 3 24 2
65381 3 9 0
65402 3 4 0
65439 3 4 0
65557 3 4 0
65632 3 4 0
65640 3 9 2
65660 3 7 0
65688 3 4 0
65692 3 4 0
65799 3 4 0
65829 3 4 0
65898 3 4 0
65936 3 7 2
65939 3 4 0
65940 3 53 0
65979 3 4 0
66017 3 4 0
66047 3 53 2
66055 3 11 0
66102 3 4 0
66107 3 4 0
66233 3 4 0
66296 3 4 0
66324 3 11 2
66325 3 4 0
66340 3 12 0
66459 3 4 0
66514 3 4 0
66549 3 4 0
66651 3 12 2
66679 3 3 0
66684 3 4 0
66688 3 63 1
66694 3 4 0
66795 3 4 0
66989 3 3 2
67004 3 3 2
67009 3 4 0
67013 3 63 2
67028 3 13 0
67127 3 4 0
67147 3 4 0
67238 3 63 1
67259 3 4 0
67284 3 13 2
67319 3 4 0
67332 3 43 0
67357 3 4 0
67438 3 4 0
67488 3 32 2
67548 3 4 0
67573 3 63 2
67576 3 4 0
67606 3 43 2
67614 3 4 0
67665 3 4 0
67685 3 4 0
67775 3 4 0
67800 3 4 0
67838 3 4 2
67894 3 4 0
67898 3 8 0
67921 3 4 0
68015 3 4 0
68019 3 4 0
68138 3 4 0
68144 3 8 2
68148 3 47 0
68162 3 4 0
68303 3 4 0
68313 3 4 0
68444 3 47 2
68463 3 4 0
68482 3 4 0
68512 3 9 0
68559 3 4 0
68591 3 4 0
68746 3 4 0
68780 3 9 2
68848 3 10 0
68875 3 4 0
68949 3 4 0
69007 3 4 0
69071 3 4 0
69102 3 63 1
69115 3 10 2
69131 3 4 0
69139 3 0 0
69194 3 4 0
69241 3 4 0
69270 3 4 0
69346 3 0 2
69350 3 35 0
69364 3 4 0
69396 3 4 0
69449 3 4 2
69477 3 4 0
69496 3 63 2
69497 3 4 0
69509 3 4 0
69583 3 4 0
69626 3 35 2
69638 3 3 0
69646 3 4 0
69647 3 63 1
69714 3 4 0
69785 3 4 0
69790 3 4 0
69898 3 3 2
69913 3 3 2
69915 3 4 0
69922 3 63 2
69926 3 4 0
69937 3 4 0
69990 3 4 0
70006 3 4 0
70093 3 4 0
70166 3 4 2
70176 3 4 0
70218 3 4 0
70222 3 30 0
70254 3 4 0
70307 3 4 0
70369 3 4 0
70413 3 4 0
70484 3 4 0
70548 3 4 0
70549 3 30 2
70553 3 1 0
70638 3 4 0
70672 3 4 0
70732 3 4 0
70746 3 4 0
70796 3 4 0
70812 3 1 2
70828 3 4 0
70893 3 4 0
70904 3 3 0
70913 3 4 0
70954 3 3 2
70980 3 4 0
70994 3 23 0
71006 3 4 0
71086 3 4 0
71094 3 23 2
71110 3 24 0
71145 3 4 0
71203 3 24 2
71228 3 4 0
71311 3 38 0
71367 3 4 0
71441 3 4 0
71518 3 4 0
71619 3 4 0
71629 3 38 2
71637 3 25 0
71720 3 4 0
71828 3 4 0
71842 3 25 2
71870 3 26 0
71899 3 4 0
71984 3 4 0
72036 3 26 2
72106 3 4 0
72116 3 0 0
72174 3 0 2
72182 3 3 0
72191 3 4 0
72198 3 4 0
72226 3 3 2
72270 3 4 0
72293 3 4 0
72318 3 4 2
72414 3 5 0
72415 3 4 0
72464 3 5 2
72493 3 4 0
72504 3 15 0
72607 3 4 0
72713 3 4 0
72774 3 15 2
72794 3 50 0
72898 3 50 2
72926 3 6 0
72968 3 4 0
72994 3 6 2
73014 3 4 0
73067 3 4 2
73075 3 8 0
73094 3 4 0
73324 3 4 0
73368 3 8 2
73372 3 47 0
73460 3 4 0
73582 3 4 0
73720 3 4 0
73832 3 4 0
73912 3 4 0
74025 3 4 0
74092 3 47 2
74100 3 49 0
74188 3 4 0
74306 3 4 0
74483 3 4 0
74486 3 4 2
74515 3 49 2
74531 3 11 0
74566 3 18 2
74646 3 11 2
74653 3 11 2
74689 3 5 0
74722 3 29 2
74746 3 4 0
74808 3 5 2
74811 3 28 2
74832 3 37 0
74878 3 4 0
74921 3 3 0
74930 3 4 2
74951 3 60 2
75013 3 4 0
75083 3 3 0
75092 3 11 2
75114 3 2 2
75129 3 3 0
75130 3 4 0
75138 3 28 2
75196 3 3 0
75202 3 17 2
75205 3 29 2
75220 3 37 2
75279 3 4 0
75284 3 4 0
75300 3 23 2
75301 3 4 2
75311 3 3 0
75320 3 60 2
75329 3 4 2
75333 3 1 0
75407 3 6 2
75416 3 3 0
75425 3 18 2
75468 3 11 2
75470 3 4 0
75481 3 3 0
75490 3 2 2
75506 3 25 2
75547 3 4 0
75559 3 3 0
75568 3 17 2
75569 3 28 2
75605 3 1 2
75618 3 7 2
75633 3 27 0
75665 3 4 0
75674 3 3 0
75679 3 29 2
75683 3 23 2
75723 3 20 2
75751 3 27 2
75759 3 2 0
75765 3 3 0
75774 3 6 2
75791 3 4 0
75804 3 13 2
75805 3 60 2
75849 3 3 0
75858 3 25 2
75890 3 2 2
75897 3 57 2
75902 3 11 0
75921 3 4 0
75921 3 18 2
75938 3 3 0
75947 3 7 2
76001 3 4 0
76006 3 14 2
76021 3 3 0
76025 3 2 2
76030 3 20 2
76065 3 11 2
76073 3 7 0
76087 3 3 0
76096 3 13 2
76108 3 21 2
76143 3 17 2
76167 3 4 0
76192 3 39 2
76231 3 3 0
76237 3 23 2
76240 3 57 2
76300 3 4 0
76317 3 12 2
76341 3 3 0
76342 3 6 2
76343 3 7 2
76350 3 14 2
76363 3 3 0
76392 3 4 0
76420 3 3 0
76429 3 3 2
76430 3 21 2
76453 3 8 2
76474 3 25 2
76507 3 3 0
76516 3 39 2
76532 3 4 0
76537 3 6 0
76567 3 7 2
76581 3 31 2
76610 3 3 0
76619 3 12 2
76649 3 6 2
76669 3 9 0
76669 3 20 2
76706 3 0 2
76728 3 3 0
76737 3 8 2
76781 3 13 2
76812 3 9 2
76829 3 15 2
76886 3 3 0
76895 3 31 2
76932 3 57 2
76984 3 8 0
77000 3 9 2
77049 3 14 2
77103 3 3 0
77112 3 15 2
77119 3 21 2
77132 3 30 2
77187 3 8 2
77199 3 11 0
77229 3 39 2
77230 3 44 2
77253 3 3 0
77262 3 9 2
77289 3 11 2
77309 3 12 0
77316 3 3 0
77325 3 0 2
77339 3 12 2
77340 3 45 2
77403 3 12 2
77406 3 3 0
77415 3 30 2
77427 3 16 0
77471 3 8 2
77474 3 54 2
77529 3 3 0
77538 3 44 2
77559 3 31 2
77635 3 3 0
77644 3 45 2
77666 3 56 2
77667 3 15 2
77789 3 59 2
77793 3 9 2
77856 3 3 0
77865 3 54 2
77891 3 42 2
77911 3 0 2
77923 3 16 2
77931 3 13 0
77989 3 30 2
78002 3 1 2
78025 3 3 0
78034 3 56 2
78054 3 13 2
78094 3 5 2
78099 3 44 2
78102 3 2 0
78140 3 3 0
78149 3 59 2
78209 3 45 2
78222 3 2 2
78239 3 3 0
78248 3 42 2
78258 3 14 0
78315 3 52 2
78327 3 54 2
78329 3 3 0
78338 3 1 2
78383 3 3 0
78392 3 5 2
78410 3 14 2
78414 3 17 0
78465 3 16 2
78510 3 56 2
78597 3 53 2
78642 3 59 2
78646 3 3 0
78655 3 52 2
78703 3 33 2
78745 3 42 2
78755 3 3 0
78764 3 16 2
78789 3 35 2
78843 3 1 2
78901 3 3 0
78908 3 5 2
78910 3 53 2
78940 3 17 2
78948 3 15 0
78990 3 32 2
79006 3 3 0
79015 3 33 2
79047 3 52 2
79052 3 15 2
79072 3 18 0
79095 3 3 0
79099 3 22 2
79104 3 35 2
79191 3 16 2
79225 3 41 2
79298 3 53 2
79340 3 24 2
79387 3 3 0
79396 3 32 2
79433 3 36 2
79462 3 33 2
79480 3 3 0
79485 3 18 2
79489 3 22 2
79509 3 4 0
79512 3 27 2
79557 3 35 2
79561 3 3 0
79570 3 41 2
79593 3 19 2
79610 3 4 2
79650 3 40 0
79655 3 3 0
79664 3 24 2
79787 3 3 0
79794 3 40 2
79796 3 36 2
79871 3 32 2
79872 3 3 0
79881 3 27 2
79903 3 34 2
79932 3 3 0
79941 3 19 2
79970 3 22 2
80065 3 61 2
80083 3 41 2
80114 3 3 0
80123 3 40 2
80189 3 48 2
80201 3 24 2
80269 3 3 0
80278 3 34 2
80299 3 36 2
80304 3 51 2
80390 3 3 0
80397 3 27 2
80399 3 61 2
80425 3 47 2
80507 3 19 2
80541 3 10 2
80545 3 3 0
80554 3 48 2
80628 3 58 2
80641 3 40 2
80652 3 3 0
80661 3 51 2
80744 3 50 2
80755 3 3 0
80755 3 34 2
80764 3 47 2
80845 3 61 2
80846 3 37 2
80870 3 3 0
80879 3 10 2
80969 3 49 2
80982 3 3 0
80991 3 58 2
81086 3 3 0
81090 3 48 2
81095 3 50 2
81112 3 55 2
81179 3 3 0
81188 3 37 2
81207 3 51 2
81238 3 62 2
81285 3 40 2
81288 3 3 0
81289 3 38 0
81289 3 38 0
81297 3 49 2
81306 3 47 2
81355 3 38 2
81363 3 38 2
81393 3 38 2
81401 3 27 0
81415 3 10 2
81451 3 3 0
81460 3 55 2
81464 3 46 2
81468 3 27 2
81522 3 58 2
81544 3 28 0
81578 3 3 0
81587 3 62 2
81634 3 50 2
81649 3 28 2
81666 3 26 2
81721 3 46 0
81739 3 37 2
81752 3 3 0
81761 3 38 2
81861 3 49 2
81863 3 63 2
81865 3 3 0
81874 3 46 2
81972 3 3 0
81975 3 55 2
81981 3 26 2
82002 3 43 2
82095 3 62 2
82121 3 46 2
82173 3 0 0
82228 3 3 0
82237 3 63 2
82270 3 38 2
82365 3 3 0
82374 3 43 2
82378 3 46 2
82387 3 0 2
82391 3 29 0
82469 3 29 2
82505 3 26 2
82613 3 47 0
82663 3 63 2
82797 3 43 2
82954 3 47 2
83026 3 30 0
83150 3 30 2
83502 3 31 0
83792 3 31 2
83796 3 44 0
83912 3 44 2
83920 3 43 0
84060 3 43 2
84192 3 32 0
85419 3 32 2
85491 3 33 0
85600 3 33 2
85648 3 33 0
85864 3 33 2
85872 3 27 0
85944 3 27 2
86024 3 63 1
86048 3 54 0
86267 3 4 2
86300 3 63 2
86306 3 4 0
86419 3 4 0
86493 3 4 0
86571 3 4 0
86648 3 4 0
86696 3 54 2
86708 3 28 0
86776 3 4 0
86837 3 28 2
86853 3 32 0
86894 3 4 0
87023 3 4 0
87129 3 32 2
87137 3 56 0
87171 3 4 0
87261 3 56 2
87277 3 33 0
87282 3 4 0
87420 3 4 0
87553 3 4 0
87568 3 4 2
87597 3 33 2
87659 3 4 0
87666 3 12 2
87697 3 41 0
87763 3 4 0
87801 3 6 2
87882 3 4 0
87895 3 18 2
87944 3 41 2
87992 3 61 0
87997 3 4 0
88015 3 8 2
88101 3 61 2
88105 3 39 0
88149 3 23 2
88155 3 4 0
88213 3 39 2
88225 3 7 0
88244 3 20 2
88304 3 4 0
88363 3 7 2
88384 3 60 2
88406 3 4 0
88423 3 8 0
88492 3 29 2
88514 3 4 0
88577 3 11 2
88626 3 8 2
88626 3 4 0
88653 3 63 1
88658 3 63 0
88683 3 28 2
88751 3 4 0
88823 3 57 2
88890 3 4 0
88898 3 0 2
88934 3 39 2
88947 3 63 2
88962 3 63 2
89036 3 4 0
89048 3 44 2
89070 3 0 0
89142 3 21 2
89187 3 4 0
89228 3 17 2
89246 3 0 2
89274 3 57 0
89311 3 4 0
89349 3 15 2
89452 3 25 2
89459 3 4 0
89587 3 31 2
89613 3 4 0
89618 3 57 2
89686 3 58 0
89693 3 14 2
89732 3 4 0
89798 3 7 2
89850 3 4 0
89891 3 58 2
89896 3 19 2
89957 3 4 0
89975 3 46 0
90005 3 9 2
90083 3 46 2
90095 3 59 0
90114 3 4 0
90145 3 36 2
90235 3 4 0
90246 3 59 2
90252 3 22 2
90278 3 32 0
90332 3 4 0
90376 3 59 2
90438 3 4 0
90480 3 33 2
90611 3 54 2
90614 3 4 0
90734 3 1 2
90758 3 4 0
90826 3 52 2
90886 3 4 0
90996 3 53 2
91040 3 4 0
91106 3 2 2
91156 3 4 0
91272 3 61 2
91358 3 32 2
91360 3 4 0
91366 3 50 0
91396 3 45 2
91487 3 4 0
91494 3 13 2
91549 3 50 2
91563 3 35 2
91625 3 60 0
91645 3 4 0
91690 3 51 2
91790 3 42 2
91798 3 4 0
91846 3 60 2
91854 3 62 0
91907 3 32 2
91998 3 4 0
92064 3 46 2
92070 3 4 0
92198 3 4 0
92200 3 24 2
92302 3 34 2
92311 3 4 0
92434 3 4 0
92452 3 16 2
92556 3 4 0
92576 3 63 1
92588 3 50 2
92663 3 63 1
92702 3 4 0
92743 3 63 1
92822 3 4 0
92838 3 4 2
92881 3 62 2
92885 3 3 0
92893 3 63 2
92932 3 56 2
92949 3 20 2
92952 3 63 1
92954 3 4 0
92999 3 3 2
92999 3 63 2
93011 3 5 0
93012 3 63 1
93054 3 27 2
93058 3 18 2
93062 3 4 0
93107 3 63 2
93143 3 5 2
93151 3 63 1
93159 3 55 2
93171 3 17 0
93172 3 4 0
93198 3 23 2
93222 3 0 2
93272 3 63 1
93273 3 63 2
93282 3 47 2
93308 3 12 2
93331 3 4 0
93348 3 63 2
93355 3 17 2
93359 3 63 1
93362 3 0 2
93375 3 6 0
93418 3 41 2
93419 3 6 2
93440 3 4 0
93477 3 63 2
93513 3 5 2
93528 3 8 2
93538 3 6 2
93582 3 4 0
93585 3 63 2
93601 3 63 1
93630 3 11 0
93638 3 11 2
93647 3 40 2
93671 3 63 2
93723 3 4 0
93748 3 63 1
93793 3 4 0
93800 3 62 2
93837 3 63 1
93848 3 57 2
93924 3 48 2
93935 3 11 2
93939 3 4 0
93945 3 63 2
93963 3 11 0
93998 3 60 2
94033 3 63 1
94057 3 4 0
94086 3 63 2
94094 3 11 2
94098 3 63 1
94102 3 6 0
94108 3 29 2
94118 3 37 2
94173 3 63 2
94199 3 6 2
94220 3 43 2
94229 3 63 1
94235 3 36 0
94278 3 39 2
94331 3 63 1
94347 3 58 2
94368 3 63 2
94388 3 21 2
94446 3 63 2
94456 3 38 2
94477 3 63 1
94481 3 63 1
94508 3 25 2
94568 3 36 2
94572 3 63 2
94615 3 63 1
94618 3 17 2
94619 3 63 2
94628 3 12 0
94675 3 63 2
94699 3 12 2
94707 3 0 0
94728 3 15 2
94757 3 10 2
94762 3 63 1
94795 3 63 2
94813 3 26 2
94848 3 0 2
94897 3 63 2
94912 3 0 2
94925 3 49 2
94947 3 63 1
94958 3 14 2
95015 3 63 2
95027 3 30 2
95036 3 15 0
95036 3 15 0
95051 3 63 1
95068 3 28 2
95094 3 15 2
95130 3 63 2
95198 3 31 2
95200 3 15 2
95214 3 63 1
95280 3 63 2
95308 3 22 2
95317 3 63 1
95320 3 7 0
95374 3 63 2
95422 3 63 1
95458 3 7 2
95486 3 7 2
95502 3 0 0
95516 3 63 2
95568 3 9 2
95617 3 63 2
95631 3 63 1
95678 3 1 2
95702 3 63 1
95707 3 0 2
95720 3 63 2
95878 3 59 2
95886 3 63 1
95944 3 63 1
95959 3 63 2
95988 3 2 2
95996 3 0 2
96008 3 14 0
96020 3 63 2
96101 3 63 1
96128 3 53 2
96154 3 14 2
96194 3 63 1
96218 3 63 2
96238 3 19 2
96278 3 63 2
96325 3 63 1
96348 3 33 2
96350 3 61 0
96421 3 63 2
96458 3 36 2
96462 3 63 1
96521 3 63 1
96523 3 63 2
96568 3 44 2
96641 3 63 2
96685 3 63 1
96718 3 45 2
96772 3 61 2
96799 3 63 2
96801 3 63 1
96828 3 13 2
96844 3 54 0
96876 3 63 2
96907 3 63 1
96938 3 32 2
97019 3 63 2
97048 3 52 2
97072 3 63 1
97073 3 0 2
97129 3 63 2
97150 3 63 1
97158 3 34 2
97223 3 63 2
97318 3 54 2
97330 3 63 1
97379 3 54 2
97411 3 55 0
97414 3 63 2
97428 3 35 2
97452 3 63 1
97484 3 63 2
97539 3 63 1
97578 3 61 2
97675 3 63 2
97683 3 63 1
97698 3 46 2
97787 3 63 2
97808 3 24 2
97810 3 63 1
97881 3 63 2
97928 3 50 2
97987 3 63 1
98010 3 63 2
98066 3 55 2
98071 3 63 1
98098 3 51 2
98138 3 63 1
98171 3 63 2
98238 3 55 2
98294 3 40 0
98344 3 63 2
98354 3 63 1
98358 3 42 2
98391 3 40 2
98419 3 49 0
98431 3 63 2
98464 3 63 1
98468 3 5 2
98509 3 63 2
98517 3 49 2
98529 3 51 0
98553 3 63 1
98598 3 47 2
98694 3 63 2
98695 3 63 1
98708 3 41 2
98756 3 51 2
98770 3 63 1
98776 3 37 0
98789 3 63 2
98818 3 16 2
98883 3 63 2
98938 3 40 2
98960 3 63 1
99027 3 63 2
99049 3 27 2
99082 3 63 1
99098 3 63 2
99162 3 37 2
99166 3 20 0
99208 3 56 2
99236 3 63 1
99255 3 20 2
99271 3 3 0
99280 3 63 1
99314 3 63 2
99328 3 48 2
99383 3 63 1
99425 3 63 2
99478 3 62 2
99582 3 63 2
99598 3 3 2
99613 3 3 2
99622 3 63 2
99705 3 21 0
99708 3 0 2
99757 3 63 2
99822 3 21 2
99830 3 56 0
100352 3 56 2
100372 3 57 0
100516 3 57 2
100604 3 58 0
100721 3 58 2
100801 3 59 0
100919 3 59 2
100943 3 63 0
100977 3 0 2
101396 3 3 0
101396 3 0 2
101405 3 0 2
101655 3 63 2
101739 3 33 0
101889 3 33 2
112218 3 63 1
112468 3 37 2
112541 3 63 2
112545 3 37 0
112639 3 37 0
112769 3 37 0
112861 3 37 0
112983 3 37 0
113105 3 37 0
113287 3 37 0
113537 3 37 0
115340 3 63 1
115540 3 63 1
115589 3 37 2
115618 3 63 1
115663 3 63 2
115712 3 63 1
115789 3 63 2
115838 3 63 1
115903 3 63 2
115919 3 38 2
115948 3 63 1
116000 3 63 2
116026 3 63 1
116029 3 43 2
116095 3 63 2
116139 3 58 2
116160 3 63 1
116213 3 63 1
116229 3 63 2
116230 3 63 1
116249 3 49 2
116339 3 63 2
116359 3 26 2
116417 3 63 2
116458 3 2 2
116489 3 30 2
116491 3 63 2
116563 3 63 2
116599 3 10 2
116641 3 63 2
186925 3 63 1
187168 3 2 2
187201 3 63 2
193643 3 63 1
193888 3 2 2
193921 3 63 2
199544 3 63 1
199788 3 37 2
199861 3 63 2
201328 3 63 1
201450 3 63 1
201578 3 38 2
201626 3 63 1
201659 3 63 2
201698 3 43 2
201747 3 63 1
201763 3 63 2
201824 3 63 1
201868 3 58 2
201957 3 63 2
201997 3 63 1
201998 3 49 2
202072 3 63 1
202087 3 63 2
202108 3 26 2
202165 3 63 2
202248 3 30 2
202321 3 63 2
202358 3 10 2
202359 3 63 1
202398 3 63 2
202609 3 63 2
202724 3 63 2
203163 3 63 2
208012 3 63 1
208258 3 63 2
208371 3 63 2
213669 3 63 1
213918 3 2 2
213951 3 63 2
223998 3 63 1
224248 3 2 2
224281 3 63 2
242329 3 2 0
242330 3 63 1
242578 3 2 2
242611 3 63 2
254978 3 4 0
261375 3 63 1
261648 3 2 2
261681 3 63 2
262315 3 63 1
262558 3 0 2
262607 3 63 2
264381 3 0 2
281571 3 0 0
281572 3 37 0
284665 3 2 0
284666 3 63 1
284908 3 2 2
284941 3 63 2
298478 3 63 1
298728 3 2 2
298761 3 63 2
298801 3 2 0
298802 3 63 1
299048 3 2 2
299081 3 63 2
304224 3 2 0
304225 3 63 1
304468 3 2 2
304501 3 63 2
304618 3 63 1
304869 3 0 2
304919 3 63 2
307988 3 2 0
307989 3 63 1
308238 3 2 2
308271 3 63 2
341719 3 2 0
341720 3 63 1
341968 3 2 2
342001 3 63 2
376132 3 3 0
376133 3 2 0
376141 3 2 2
376474 3 2 2
414957 3 2 0
414958 3 63 1
415208 3 2 2
415241 3 63 2
438927 3 63 1
439178 3 2 2
439211 3 63 2
456541 3 2 0
456542 3 63 1
456788 3 2 2
456821 3 63 2
458478 3 63 1
458728 3 2 2
458761 3 63 2
468833 3 2 0
468834 3 63 1
469078 3 2 2
469111 3 63 2
544180 3 2 0
544181 3 63 1
544429 3 2 2
544462 3 63 2
557840 3 2 0
557841 3 63 1
558089 3 2 2
558122 3 63 2
576909 3 2 2
583349 3 2 0
583350 3 63 1
583599 3 2 2
583632 3 63 2
591616 3 2 0
591617 3 63 1
591860 3 2 2
591894 3 63 2
615046 3 2 0
615047 3 63 1
615290 3 2 2
615324 3 63 2
637607 3 2 0
637608 3 2 2
638934 3 63 1
639180 3 2 2
639214 3 63 2
641724 3 2 0
641725 3 63 1
641969 3 2 2
642002 3 63 2
654836 3 2 0
654837 3 63 1
655080 3 2 2
655114 3 63 2
678266 3 2 0
678267 3 63 1
678510 3 2 2
678544 3 63 2
704926 3 2 0
704927 3 2 2
709710 3 2 2
716666 3 2 0
716667 3 63 1
716916 3 2 2
716950 3 63 2
739976 3 2 0
739977 3 63 1
740226 3 2 2
740260 3 63 2
762363 3 2 0
762364 3 2 2
767380 3 2 0
767381 3 2 2
772182 3 2 2
779065 3 2 0
779066 3 63 1
779310 3 2 2
779344 3 63 2
802375 3 2 0
802376 3 63 1
802620 3 2 2
802654 3 63 2
824857 3 2 0
824858 3 2 2
838175 3 2 0
838176 3 63 1
838420 3 2 2
838454 3 63 2
861515 3 2 0
861516 3 63 1
861760 3 2 2
861794 3 63 2
910735 3 2 0
910736 3 63 1
910980 3 2 2
911014 3 63 2
934065 3 2 0
934066 3 63 1
934310 3 2 2
934344 3 63 2
967575 3 2 0
967576 3 63 1
967820 3 2 2
967854 3 63 2
990905 3 2 0
990906 3 63 1
991150 3 2 2
991184 3 63 2
1018981 3 15 0
1018981 3 15 0
1021309 3 15 2
1022127 3 15 2
1022687 3 38 0
1022687 3 38 0
1022872 3 38 2
1023365 3 2 0
1023366 3 63 1
1023609 3 2 2
1023642 3 63 2
1024031 3 38 2
1024363 3 38 2
1024683 3 9 0
1024746 3 30 2
1024751 3 9 2
1024827 3 3 0
1024836 3 0 0
1024885 3 3 2
1024896 3 2 0
1024897 3 4 0
1024965 3 4 0
1025031 3 4 2
1025461 3 10 2
1025474 3 2 0
1025475 3 4 0
1026166 3 49 2
1026203 3 7 0
1026351 3 7 2
1026783 3 2 0
1027417 3 2 0
1027418 3 4 0
1027875 3 2 2
1027911 3 25 0
1028049 3 25 2
1028065 3 31 0
1028188 3 31 2
1028224 3 33 0
1028381 3 33 2
1028385 3 36 0
1028507 3 36 2
1028515 3 4 0
1028738 3 4 2
1028830 3 5 0
1028961 3 37 2
1028972 3 5 2
1029004 3 34 0
1029133 3 34 2
1029153 3 35 0
1029276 3 35 2
1029300 3 32 0
1029526 3 32 2
1029693 3 0 2
1029798 3 26 2
1029890 3 38 0
1029890 3 38 0
1029964 3 38 2
1029971 3 38 2
1031290 3 58 2
1032086 3 43 2
1032815 3 9 0
1032913 3 9 2
1032945 3 8 0
1033073 3 8 2
1033101 3 47 0
1033375 3 47 2
1033819 3 48 0
1034123 3 48 2
1034699 3 49 0
1035042 3 49 2
1035618 3 50 0
1035886 3 50 2
1036462 3 51 0
1036736 3 51 2
1037312 3 52 0
1037630 3 52 2
1038206 3 53 0
1038206 3 4 0
1038207 3 2 0
1038535 3 53 2
1038677 3 2 2
1039111 3 54 0
1039421 3 54 2
1039997 3 55 0
1040131 3 63 1
1040267 3 55 2
1040399 3 63 2
1040513 3 63 2
1040515 3 63 0
1040648 3 63 0
1040771 3 63 0
1040843 3 56 0
1040915 3 63 0
1040986 3 0 0
1041039 3 63 0
1041160 3 56 2
1041167 3 63 0
1041321 3 63 0
1041736 3 57 0
1041778 3 37 0
1042046 3 37 0
1042112 3 57 2
1042290 3 63 0
1042688 3 58 0
1042813 3 63 0
1042892 3 37 0
1042986 3 58 2
1043042 3 37 0
1043157 3 37 0
1043307 3 37 0
1043465 3 37 0
1043562 3 59 0
1043672 3 37 0
1043803 3 37 0
1043887 3 59 2
1043896 3 37 0
1044008 3 37 0
1044204 3 37 0
1044378 3 37 0
1044463 3 60 0
1044555 3 37 0
1044671 3 63 1
1044848 3 60 2
1044897 3 63 1
1044990 3 62 2
1045090 3 37 0
1045096 3 63 2
1045140 3 59 2
1045218 3 37 0
1045222 3 63 2
1045364 3 37 0
1045424 3 61 0
1045482 3 37 0
1045581 3 63 1
1045608 3 37 0
1045752 3 37 0
1045756 3 61 2
1045862 3 63 1
1045869 3 37 0
1045880 3 15 2
1045946 3 63 2
1045977 3 63 1
1045980 3 37 0
1046059 3 63 1
1046104 3 37 0
1046130 3 47 2
1046218 3 37 0
1046229 3 63 2
1046235 3 63 1
1046280 3 60 2
1046332 3 62 0
1046370 3 63 2
1046381 3 37 0
1046420 3 14 2
1046473 3 37 0
1046478 3 63 2
1046530 3 39 2
1046625 3 63 2
1046651 3 62 2
1046673 3 63 1
1046675 3 37 0
1046772 3 63 1
1046791 3 37 0
1046920 3 56 2
1046955 3 63 1
1047001 3 37 0
1047026 3 63 2
1047035 3 63 1
1047042 3 22 2
1047101 3 37 0
1047108 3 63 2
1047126 3 63 1
1047200 3 53 2
1047211 3 37 0
1047227 3 63 0
1047291 3 63 2
1047296 3 63 1
1047311 3 34 2
1047361 3 37 0
1047376 3 63 2
1047401 3 63 1
1047430 3 12 2
1047474 3 63 2
1047496 3 63 2
1047507 3 37 0
1047540 3 52 2
1047622 3 63 2
1047660 3 24 2
1047681 3 37 0
1047735 3 63 2
1047798 3 37 0
1047825 3 63 1
1047936 3 37 0
1047991 3 63 1
1048069 3 63 1
1048072 3 0 0
1048072 3 0 0
1048100 3 8 2
1048115 3 0 2
1048157 3 63 2
1048236 3 63 1
1048240 3 29 2
1048305 3 63 2
1048313 3 0 2
1048350 3 1 2
1048384 3 37 0
1048392 3 63 2
1048433 3 63 1
1048480 3 18 2
1048529 3 63 2
1048559 3 63 1
1048569 3 37 0
1048581 3 2 0
1048704 3 37 0
1048719 3 63 1
1048731 3 2 2
1048731 3 21 2
1048787 3 3 0
1048789 3 63 2
1048804 3 63 1
1048830 3 0 2
1048836 3 37 0
1048840 3 23 2
1048910 3 3 2
1048913 3 63 2
1048914 3 7 0
1048929 3 37 0
1048939 3 63 1
1048970 3 50 2
1048993 3 0 2
1049040 3 37 0
1049044 3 63 1
1049052 3 63 2
1049110 3 20 2
1049142 3 37 0
1049144 3 63 1
1049160 3 63 2
1049205 3 7 2
1049212 3 0 2
1049221 3 32 2
1049240 3 63 1
1049262 3 37 0
1049293 3 4 0
1049293 3 4 0
1049303 3 63 2
1049350 3 25 2
1049386 3 37 0
1049389 3 4 2
1049416 3 63 2
1049460 3 13 2
1049508 3 4 2
1049509 3 63 2
1049543 3 63 1
1049551 3 37 0
1049570 3 11 2
1049604 3 63 2
1049652 3 63 1
1049696 3 37 0
1049715 3 63 1
1049800 3 54 2
1049840 3 37 0
1049867 3 63 1
1049896 3 1 0
1049901 3 63 2
1049943 3 37 0
1049960 3 61 2
1049977 3 63 1
1050057 3 63 2
1050070 3 6 2
1050121 3 63 2
1050145 3 1 2
1050164 3 37 0
1050174 3 63 1
1050180 3 19 2
1050222 3 63 2
1050291 3 63 1
1050310 3 5 2
1050326 3 37 0
1050353 3 63 2
1050420 3 35 2
1050431 3 37 0
1050480 3 63 2
1050540 3 42 2
1050589 3 63 1
1050615 3 63 2
1050638 3 37 0
1050719 3 63 1
1050721 3 2 0
1050840 3 40 2
1050845 3 63 1
1050930 3 63 2
1050970 3 31 2
1051026 3 2 2
1051051 3 63 2
1051090 3 46 2
1051112 3 63 1
1051180 3 63 2
1051380 3 7 2
1051403 3 63 1
1051439 3 63 2
1051566 3 63 1
1051602 3 3 0
1051611 3 63 1
1051650 3 55 2
1051756 3 63 2
1051765 3 63 1
1051810 3 57 2
1051908 3 63 2
1051920 3 3 2
1051936 3 3 2
1051945 3 63 2
1051957 3 63 1
1052031 3 17 2
1052059 3 63 1
1052088 3 63 2
1052169 3 63 1
1052200 3 45 2
1052284 3 63 2
1052310 3 44 2
1052315 3 63 1
1052377 3 63 1
1052384 3 63 2
1052420 3 41 2
1052502 3 63 2
1052512 3 4 0
1052521 3 63 1
1052560 3 48 2
1052660 3 63 2
1052680 3 9 2
1052688 3 63 1
1052729 3 63 2
1052775 3 63 1
1052810 3 33 2
1052812 3 4 2
1052884 3 63 2
1052889 3 63 1
1052940 3 51 2
1053013 3 63 2
1053041 3 63 1
1053050 3 27 2
1053100 3 63 2
1053144 3 63 1
1053200 3 4 2
1053233 3 63 2
1053310 3 36 2
1053375 3 63 2
1053383 3 63 1
1053388 3 5 0
1053420 3 28 2
1053478 3 63 2
1053678 3 5 2
1053680 3 16 2
1053747 3 63 2
1054254 3 6 0
1054652 3 6 2
1055207 3 37 0
1055208 3 2 0
1055228 3 7 0
1055577 3 7 2
1056153 3 8 0
1056432 3 8 2
1057008 3 9 0
1057301 3 9 2
1057620 3 2 0
1057621 3 63 1
1057877 3 10 0
1057900 3 2 2
1057934 3 63 2
1058176 3 10 2
1058752 3 11 0
1059077 3 11 2
1059653 3 12 0
1060000 3 12 2
1060576 3 13 0
1060866 3 13 2
1061442 3 14 0
1061810 3 14 2
1062386 3 15 0
1062727 3 15 2
1063303 3 16 0
1063580 3 16 2
1064156 3 17 0
1064439 3 17 2
1065015 3 18 0
1065296 3 18 2
1065872 3 19 0
1066188 3 19 2
1066764 3 20 0
1067058 3 20 2
1067634 3 21 0
1067924 3 21 2
1068500 3 22 0
1068851 3 22 2
1069427 3 23 0
1069747 3 23 2
1070323 3 24 0
1070598 3 24 2
1071174 3 25 0
1071478 3 25 2
1072054 3 26 0
1072346 3 26 2
1072922 3 27 0
1073207 3 27 2
1073783 3 28 0
1074075 3 28 2
1074651 3 29 0
1074923 3 29 2
1075499 3 30 0
1075840 3 30 2
1076416 3 31 0
1076748 3 31 2
1077324 3 32 0
1077324 3 32 0
1077398 3 32 2
1077706 3 32 2
1078282 3 33 0
1078596 3 33 2
1079172 3 34 0
1079436 3 34 2
1080012 3 35 0
1080287 3 35 2
1080863 3 36 0
1081154 3 36 2
1081730 3 37 0
1082010 3 37 2
1082586 3 38 0
1082920 3 38 2
1083496 3 39 0
1083767 3 39 2
1084343 3 40 0
1084644 3 40 2
1085220 3 41 0
1085553 3 41 2
1086129 3 42 0
1086396 3 42 2
1086972 3 43 0
1087247 3 43 2
1087823 3 44 0
1088132 3 44 2
1088708 3 45 0
1089008 3 45 2
1089584 3 46 0
1089900 3 46 2
1100604 3 8 0
1100832 3 8 2
1136108 3 31 0
1136235 3 31 2
1136279 3 35 0
1136550 3 63 0
1136566 3 35 2
1136626 3 32 0
1136773 3 32 2
1136829 3 46 0
1136918 3 46 2
1136950 3 12 0
1136963 3 63 0
1136991 3 12 2
1137003 3 33 0
1137142 3 33 2
1137234 3 34 0
1137385 3 34 2
1137417 3 1 0
1137458 3 1 2
1137502 3 32 0
1137651 3 32 2
1137659 3 35 0
1137790 3 35 2
1137794 3 60 0
1137902 3 60 2
1137918 3 61 0
1138033 3 61 2
1138093 3 48 0
1138096 3 63 0
1138238 3 48 2
1138258 3 63 0
1138278 3 49 0
1138415 3 49 2
1138451 3 36 0
1138451 3 36 0
1138509 3 36 2
1138554 3 63 0
1138595 3 36 2
1138659 3 37 0
1138659 3 37 0
1138725 3 37 2
1138782 3 37 2
1138830 3 58 0
1138830 3 58 0
1138870 3 63 0
1138912 3 58 2
1138965 3 58 2
1138977 3 31 0
1139034 3 63 0
1139246 3 31 2
1139258 3 30 0
1139572 3 30 2
1139580 3 59 0
1139580 3 59 0
1139654 3 59 2
1139709 3 59 2
1139761 3 34 0
1139912 3 63 0
1140068 3 63 0
1140068 3 34 2
1140108 3 0 0
1140108 3 0 0
1140150 3 0 2
1140213 3 63 0
1140319 3 0 2
1140327 3 33 0
1140480 3 63 0
1140645 3 33 2
1140656 3 63 0
1140661 3 60 0
1140796 3 63 0
1140797 3 60 2
1140817 3 32 0
1141054 3 63 0
1141094 3 32 2
1141170 3 61 0
1141293 3 61 2
1141417 3 62 0
1141538 3 62 2
1141626 3 12 0
1141659 3 63 0
1141779 3 12 2
1141791 3 39 0
1141885 3 63 0
1141918 3 39 2
1141930 3 13 0
1142035 3 63 0
1142054 3 13 2
1142058 3 48 0
1142204 3 63 0
1142237 3 48 2
1142249 3 59 0
1142366 3 63 0
1142386 3 59 2
1142414 3 54 0
1142414 3 54 0
1142504 3 54 2
1142546 3 54 2
1142586 3 55 0
1142668 3 63 0
1142710 3 55 2
1142734 3 56 0
1142888 3 56 2
1142916 3 57 0
1142977 3 63 0
1143072 3 57 2
1143136 3 58 0
1143137 3 63 0
1143266 3 58 2
1143278 3 63 0
1143302 3 49 0
1143434 3 63 0
1143483 3 49 2
1143523 3 63 0
1143569 3 63 0
1143645 3 63 2
1143693 3 15 0
1143711 3 63 0
1143816 3 15 2
1143832 3 44 0
1143865 3 63 0
1143955 3 44 2
1143975 3 45 0
1144038 3 63 0
1144098 3 45 2
1144172 3 63 0
1144346 3 0 0
1144368 3 63 0
1144500 3 63 0
1144504 3 0 2
1144596 3 1 0
1144649 3 63 0
1144767 3 1 2
1144780 3 63 0
1144845 3 0 2
1144867 3 2 0
1144915 3 63 0
1145017 3 2 2
1145025 3 47 0
1145041 3 63 0
1145123 3 47 2
1145135 3 41 0
1145167 3 63 0
1145225 3 41 2
1145243 3 0 0
1145244 3 0 2
1145297 3 3 0
1145307 3 63 0
1145420 3 3 2
1145462 3 63 0
1145631 3 63 0
1145680 3 5 0
1145763 3 63 0
1145822 3 5 2
1145870 3 6 0
1145894 3 63 0
1146018 3 63 0
1146019 3 6 2
1146095 3 62 2
1146107 3 7 0
1146149 3 63 0
1146238 3 7 2
1146341 3 63 0
1146346 3 8 0
1146514 3 63 0
1146604 3 8 2
1146657 3 62 2
1146660 3 1 0
1146660 3 1 0
1146669 3 63 0
1146694 3 1 2
1146719 3 1 2
1146803 3 63 0
1146817 3 62 2
1146945 3 63 0
1147004 3 1 2
1147076 3 62 2
1147097 3 63 0
1147167 3 46 0
1147222 3 63 0
1147265 3 46 2
1147273 3 4 0
1147364 3 63 0
1147477 3 4 2
1147499 3 63 0
1147501 3 47 0
1147567 3 1 2
1147607 3 47 2
1147717 3 63 0
1147721 3 1 2
1147751 3 12 0
1147800 3 12 2
1147931 3 1 2
1148164 3 10 0
1148294 3 10 2
1148414 3 1 0
1148480 3 1 2
1148928 3 46 0
1148928 3 46 0
1148985 3 2 0
1148986 3 63 0
1149018 3 46 2
1149030 3 46 2
1149050 3 47 0
1149050 3 47 0
1149140 3 47 2
1149158 3 47 2
1149302 3 12 0
1149343 3 12 2
1149827 3 1 0
1149827 3 1 0
1149861 3 1 2
1149869 3 1 2
1150317 3 46 0
1150422 3 46 2
1150454 3 47 0
1150454 3 47 0
1150569 3 47 2
1150584 3 47 2
1150676 3 60 2
1150713 3 12 0
1150713 3 12 0
1150747 3 12 2
1150774 3 12 2
1150938 3 59 2
1151239 3 60 2
1151258 3 1 0
1151258 3 1 0
1151292 3 1 2
1151317 3 1 2
1151394 3 60 2
1151501 3 59 2
1151639 3 60 2
1151656 3 59 2
1151765 3 46 0
1151765 3 46 0
1151847 3 46 2
1151872 3 46 2
1151901 3 59 2
1151904 3 47 0
1151904 3 47 0
1151994 3 47 2
1152019 3 47 2
1152163 3 12 0
1152163 3 12 0
1152197 3 12 2
1152222 3 12 2
1152706 3 1 0
1152706 3 1 0
1152740 3 1 2
1152747 3 1 2
1153179 3 8 0
1153179 3 8 0
1153229 3 8 2
1153262 3 8 2
1153278 3 46 0
1153278 3 46 0
1153360 3 46 2
1153367 3 46 2
1153399 3 47 0
1153399 3 47 0
1153489 3 47 2
1153514 3 47 2
1153658 3 12 0
1153658 3 12 0
1153692 3 12 2
1153700 3 12 2
1154184 3 1 0
1154184 3 1 0
1154218 3 1 2
1154243 3 1 2
1154691 3 46 0
1154691 3 46 0
1154773 3 46 2
1154798 3 46 2
1154830 3 47 0
1154830 3 47 0
1154920 3 47 2
1154945 3 47 2
1155089 3 12 0
1155089 3 12 0
1155123 3 12 2
1155148 3 12 2
1155632 3 1 0
1155632 3 1 0
1155666 3 1 2
1155673 3 1 2
1156121 3 46 0
1156121 3 46 0
1156203 3 46 2
1156214 3 46 2
1156246 3 47 0
1156246 3 47 0
1156336 3 47 2
1156344 3 47 2
1156488 3 12 0
1156488 3 12 0
1156537 3 12 2
1156542 3 12 2
1157021 3 1 0
1157021 3 1 0
1157063 3 1 2
1157135 3 1 2
1157511 3 46 0
1157511 3 46 0
1157600 3 46 2
1157632 3 47 0
1157632 3 47 0
1157713 3 46 2
1157722 3 47 2
1157730 3 47 2
1157874 3 12 0
1157874 3 12 0
1157908 3 12 2
1157916 3 12 2
1158400 3 1 0
1158400 3 1 0
1158434 3 1 2
1158442 3 1 2
1158890 3 46 0
1158890 3 46 0
1158972 3 46 2
1158979 3 46 2
1159011 3 47 0
1159011 3 47 0
1159101 3 47 2
1159111 3 47 2
1159255 3 12 0
1159255 3 12 0
1159289 3 12 2
1159297 3 12 2
1159781 3 1 0
1159781 3 1 0
1159815 3 1 2
1159823 3 1 2
1160271 3 46 0
1160271 3 46 0
1160354 3 46 2
1160362 3 46 2
1160394 3 47 0
1160394 3 47 0
1160484 3 47 2
1160492 3 47 2
1160636 3 12 0
1160636 3 12 0
1160670 3 12 2
1160679 3 12 2
1161163 3 1 0
1161163 3 1 0
1161198 3 1 2
1161205 3 1 2
1161653 3 46 0
1161653 3 46 0
1161735 3 46 2
1161743 3 46 2
1161775 3 47 0
1161775 3 47 0
1161865 3 47 2
1161873 3 47 2
1162017 3 12 0
1162017 3 12 0
1162051 3 12 2
1162059 3 12 2
1162543 3 1 0
1162543 3 1 0
1162585 3 1 2
1162586 3 1 2
1163034 3 46 0
1163034 3 46 0
1163116 3 46 2
1163123 3 46 2
1163155 3 47 0
1163155 3 47 0
1163245 3 47 2
1163253 3 47 2
1163397 3 12 0
1163397 3 12 0
1163431 3 12 2
1163439 3 12 2
1163923 3 1 0
1163923 3 1 0
1163957 3 1 2
1163965 3 1 2
1164397 3 9 0
1164463 3 9 2
1164479 3 46 0
1164479 3 46 0
1164562 3 46 2
1164568 3 46 2
1164600 3 47 0
1164600 3 47 0
1164690 3 47 2
1164698 3 47 2
1164842 3 12 0
1164842 3 12 0
1164876 3 12 2
1164884 3 12 2
1165368 3 1 0
1165368 3 1 0
1165402 3 1 2
1165410 3 1 2
1165858 3 46 0
1165858 3 46 0
1165940 3 46 2
1165948 3 46 2
1165980 3 47 0
1165980 3 47 0
1166075 3 47 2
1166151 3 47 2
1166295 3 12 0
1166295 3 12 0
1166329 3 12 2
1166338 3 12 2
1166822 3 1 0
1166822 3 1 0
1166857 3 1 2
1166864 3 1 2
1167312 3 46 0
1167312 3 46 0
1167395 3 46 2
1167401 3 46 2
1167433 3 47 0
1167433 3 47 0
1167523 3 47 2
1167551 3 47 2
1167695 3 12 0
1167695 3 12 0
1167729 3 12 2
1167747 3 12 2
1168231 3 1 0
1168231 3 1 0
1168266 3 1 2
1168273 3 1 2
1168721 3 46 0
1168721 3 46 0
1168804 3 46 2
1168812 3 46 2
1168844 3 47 0
1168844 3 47 0
1168934 3 47 2
1168942 3 47 2
1169086 3 12 0
1169086 3 12 0
1169120 3 12 2
1169128 3 12 2
1169612 3 1 0
1169612 3 1 0
1169646 3 1 2
1169654 3 1 2
1170102 3 46 0
1170102 3 46 0
1170185 3 46 2
1170193 3 46 2
1170225 3 47 0
1170225 3 47 0
1170315 3 47 2
1170323 3 47 2
1170467 3 12 0
1170467 3 12 0
1170501 3 12 2
1170511 3 12 2
1170995 3 1 0
1170995 3 1 0
1171029 3 1 2
1171037 3 1 2
1171485 3 46 0
1171485 3 46 0
1171567 3 46 2
1171575 3 46 2
1171607 3 47 0
1171607 3 47 0
1171697 3 47 2
1171705 3 47 2
1171849 3 12 0
1171849 3 12 0
1171883 3 12 2
1171891 3 12 2
1172375 3 1 0
1172375 3 1 0
1172409 3 1 2
1172417 3 1 2
1172865 3 46 0
1172865 3 46 0
1172948 3 46 2
1172971 3 46 2
1173003 3 47 0
1173003 3 47 0
1173093 3 47 2
1173118 3 47 2
1173262 3 12 0
1173262 3 12 0
1173296 3 12 2
1173337 3 12 2
1173821 3 1 0
1173821 3 1 0
1173856 3 1 2
1173897 3 1 2
1174345 3 46 0
1174345 3 46 0
1174427 3 46 2
1174452 3 46 2
1174484 3 47 0
1174484 3 47 0
1174574 3 47 2
1174599 3 47 2
1174743 3 12 0
1174743 3 12 0
1174777 3 12 2
1174818 3 12 2
1175302 3 1 0
1175302 3 1 0
1175336 3 1 2
1175344 3 1 2
1175776 3 10 0
1175850 3 10 2
1175866 3 46 0
1175866 3 46 0
1175948 3 46 2
1175974 3 46 2
1176006 3 47 0
1176006 3 47 0
1176096 3 47 2
1176121 3 47 2
1176265 3 12 0
1176265 3 12 0
1176299 3 12 2
1176340 3 12 2
1176824 3 1 0
1176824 3 1 0
1176858 3 1 2
1176899 3 1 2
1177347 3 46 0
1177347 3 46 0
1177429 3 46 2
1177454 3 46 2
1177486 3 47 0
1177486 3 47 0
1177577 3 47 2
1177602 3 47 2
1177746 3 12 0
1177746 3 12 0
1177780 3 12 2
1177821 3 12 2
1178305 3 1 0
1178305 3 1 0
1178339 3 1 2
1178349 3 1 2
1178797 3 46 0
1178797 3 46 0
1178880 3 46 2
1178897 3 46 2
1178929 3 47 0
1178929 3 47 0
1179019 3 47 2
1179036 3 47 2
1179180 3 12 0
1179180 3 12 0
1179214 3 12 2
1179263 3 12 2
1179747 3 1 0
1179747 3 1 0
1179781 3 1 2
1179788 3 1 2
1180236 3 46 0
1180236 3 46 0
1180318 3 46 2
1180335 3 46 2
1180367 3 47 0
1180367 3 47 0
1180457 3 47 2
1180474 3 47 2
1180618 3 12 0
1180618 3 12 0
1180652 3 12 2
1180701 3 12 2
1181185 3 1 0
1181185 3 1 0
1181219 3 1 2
1181231 3 1 2
1181679 3 46 0
1181679 3 46 0
1181761 3 46 2
1181778 3 46 2
1181810 3 47 0
1181810 3 47 0
1181900 3 47 2
1181917 3 47 2
1182061 3 12 0
1182061 3 12 0
1182095 3 12 2
1182144 3 12 2
1182628 3 1 0
1182628 3 1 0
1182662 3 1 2
1182726 3 1 2
1183174 3 46 0
1183174 3 46 0
1183257 3 46 2
1183274 3 46 2
1183306 3 47 0
1183306 3 47 0
1183396 3 47 2
1183413 3 47 2
1183557 3 12 0
1183557 3 12 0
1183591 3 12 2
1183680 3 12 2
1184164 3 1 0
1184164 3 1 0
1184198 3 1 2
1184206 3 1 2
1184654 3 46 0
1184654 3 46 0
1184736 3 46 2
1184746 3 46 2
1184778 3 47 0
1184778 3 47 0
1184868 3 47 2
1184876 3 47 2
1185020 3 12 0
1185020 3 12 0
1185054 3 12 2
1185062 3 12 2
1185546 3 1 0
1185546 3 1 0
1185580 3 1 2
1185617 3 1 2
1186065 3 46 0
1186065 3 46 0
1186147 3 46 2
1186207 3 46 2
1186239 3 47 0
1186239 3 47 0
1186329 3 47 2
1186339 3 47 2
1186483 3 12 0
1186483 3 12 0
1186517 3 12 2
1186525 3 12 2
1187009 3 1 0
1187009 3 1 0
1187043 3 1 2
1187080 3 1 2
1187512 3 11 0
1187512 3 11 0
1187538 3 11 2
1187611 3 11 2
1187627 3 46 0
1187627 3 46 0
1187709 3 46 2
1187718 3 46 2
1187750 3 47 0
1187750 3 47 0
1187840 3 47 2
1187848 3 47 2
1187992 3 12 0
1187992 3 12 0
1188026 3 12 2
1188033 3 12 2
1188517 3 1 0
1188517 3 1 0
1188558 3 1 2
1188560 3 1 2
1189008 3 46 0
1189008 3 46 0
1189094 3 46 2
1189101 3 46 2
1189133 3 47 0
1189133 3 47 0
1189223 3 47 2
1189234 3 47 2
1189378 3 12 0
1189378 3 12 0
1189412 3 12 2
1189420 3 12 2
1189904 3 1 0
1189904 3 1 0
1189938 3 1 2
1189945 3 1 2
1190393 3 46 0
1190393 3 46 0
1190478 3 46 2
1190495 3 46 2
1190527 3 47 0
1190527 3 47 0
1190617 3 47 2
1190634 3 47 2
1190778 3 12 0
1190778 3 12 0
1190812 3 12 2
1190869 3 12 2
1191353 3 1 0
1191353 3 1 0
1191387 3 1 2
1191460 3 1 2
1191908 3 46 0
1191908 3 46 0
1191991 3 46 2
1192008 3 46 2
1192040 3 47 0
1192040 3 47 0
1192130 3 47 2
1192147 3 47 2
1192291 3 12 0
1192291 3 12 0
1192326 3 12 2
1192383 3 12 2
1192867 3 1 0
1192867 3 1 0
1192901 3 1 2
1192909 3 1 2
1193357 3 46 0
1193357 3 46 0
1193439 3 46 2
1193447 3 46 2
1193479 3 47 0
1193479 3 47 0
1193569 3 47 2
1193577 3 47 2
1193721 3 12 0
1193721 3 12 0
1193755 3 12 2
1193813 3 12 2
1194297 3 1 0
1194297 3 1 0
1194331 3 1 2
1194339 3 1 2
1194787 3 46 0
1194787 3 46 0
1194869 3 46 2
1194877 3 46 2
1194909 3 47 0
1194909 3 47 0
1194999 3 47 2
1195007 3 47 2
1195151 3 12 0
1195151 3 12 0
1195185 3 12 2
1195193 3 12 2
1195677 3 1 0
1195677 3 1 0
1195712 3 1 2
1195728 3 1 2
1196176 3 46 0
1196176 3 46 0
1196258 3 46 2
1196316 3 46 2
1196348 3 47 0
1196348 3 47 0
1196438 3 47 2
1196465 3 47 2
1196609 3 12 0
1196609 3 12 0
1196643 3 12 2
1196652 3 12 2
1196744 3 4 2
1197136 3 1 0
1197136 3 1 0
1197170 3 1 2
1197178 3 1 2
1197626 3 46 0
1197626 3 46 0
1197708 3 46 2
1197725 3 46 2
1197757 3 47 0
1197757 3 47 0
1197847 3 47 2
1197924 3 47 2
1198068 3 12 0
1198068 3 12 0
1198102 3 12 2
1198152 3 12 2
1198636 3 1 0
1198636 3 1 0
1198670 3 1 2
1198684 3 1 2
1198886 3 62 2
1199116 3 12 0
1199116 3 12 0
1199150 3 12 2
1199208 3 12 2
1199224 3 46 0
1199224 3 46 0
1199306 3 46 2
1199323 3 46 2
1199355 3 47 0
1199355 3 47 0
1199424 3 1 2
1199448 3 47 2
1199464 3 47 2
1199608 3 12 0
1199608 3 12 0
1199642 3 12 2
1199649 3 12 2
1199755 3 4 2
1200133 3 1 0
1200133 3 1 0
1200167 3 1 2
1200224 3 1 2
1200672 3 46 0
1200672 3 46 0
1200754 3 46 2
1200771 3 46 2
1200803 3 47 0
1200803 3 47 0
1200894 3 47 2
1200911 3 47 2
1201055 3 12 0
1201055 3 12 0
1201089 3 12 2
1201138 3 12 2
1201622 3 1 0
1201622 3 1 0
1201656 3 1 2
1201713 3 1 2
1201981 3 62 2
1202161 3 46 0
1202161 3 46 0
1202243 3 46 2
1202260 3 46 2
1202292 3 47 0
1202292 3 47 0
1202382 3 47 2
1202398 3 47 2
1202438 3 1 2
1202542 3 12 0
1202542 3 12 0
1202576 3 12 2
1202625 3 12 2
1203109 3 1 0
1203109 3 1 0
1203143 3 1 2
1203154 3 1 2
1203602 3 46 0
1203602 3 46 0
1203684 3 46 2
1203694 3 46 2
1203726 3 47 0
1203726 3 47 0
1203816 3 47 2
1203827 3 47 2
1203971 3 12 0
1203971 3 12 0
1204005 3 12 2
1204012 3 12 2
1204496 3 1 0
1204496 3 1 0
1204530 3 1 2
1204537 3 1 2
1204985 3 46 0
1204985 3 46 0
1205067 3 46 2
1205074 3 46 2
1205106 3 47 0
1205106 3 47 0
1205196 3 47 2
1205204 3 47 2
1205348 3 12 0
1205348 3 12 0
1205394 3 12 2
1205395 3 12 2
1205548 3 4 2
1205879 3 1 0
1205879 3 1 0
1205913 3 1 2
1205930 3 1 2
1206378 3 46 0
1206378 3 46 0
1206460 3 46 2
1206501 3 46 2
1206533 3 47 0
1206533 3 47 0
1206623 3 47 2
1206664 3 47 2
1206808 3 12 0
1206808 3 12 0
1206843 3 12 2
1206916 3 12 2
1207400 3 1 0
1207400 3 1 0
1207434 3 1 2
1207462 3 1 2
1207868 3 62 2
1207910 3 46 0
1207910 3 46 0
1207992 3 46 2
1208033 3 46 2
1208065 3 47 0
1208065 3 47 0
1208155 3 47 2
1208198 3 47 2
1208342 3 12 0
1208342 3 12 0
1208362 3 1 2
1208384 3 12 2
1208436 3 12 2
1208573 3 4 2
1208868 3 1 0
1208868 3 1 0
1208902 3 1 2
1208911 3 1 2
1209359 3 46 0
1209359 3 46 0
1209441 3 46 2
1209449 3 46 2
1209481 3 47 0
1209481 3 47 0
1209571 3 47 2
1209613 3 47 2
1209757 3 12 0
1209757 3 12 0
1209791 3 12 2
1209800 3 12 2
1210284 3 1 0
1210284 3 1 0
1210318 3 1 2
1210383 3 1 2
1210815 3 13 0
1210921 3 13 2
1210937 3 46 0
1210937 3 46 0
1210978 3 62 2
1211019 3 46 2
1211027 3 46 2
1211059 3 47 0
1211059 3 47 0
1211149 3 47 2
1211192 3 47 2
1211315 3 1 2
1211336 3 12 0
1211336 3 12 0
1211378 3 12 2
1211390 3 12 2
1211862 3 1 0
1211862 3 1 0
1211896 3 1 2
1211904 3 1 2
1212352 3 46 0
1212352 3 46 0
1212434 3 46 2
1212442 3 46 2
1212474 3 47 0
1212474 3 47 0
1212564 3 47 2
1212572 3 47 2
1212716 3 12 0
1212716 3 12 0
1212750 3 12 2
1212757 3 12 2
1213241 3 1 0
1213241 3 1 0
1213275 3 1 2
1213283 3 1 2
1213731 3 46 0
1213731 3 46 0
1213813 3 46 2
1213821 3 46 2
1213853 3 47 0
1213853 3 47 0
1213943 3 47 2
1213953 3 47 2
1214097 3 12 0
1214097 3 12 0
1214131 3 12 2
1214140 3 12 2
1214624 3 1 0
1214624 3 1 0
1214658 3 1 2
1214666 3 1 2
1215114 3 46 0
1215114 3 46 0
1215196 3 46 2
1215204 3 46 2
1215236 3 47 0
1215236 3 47 0
1215327 3 47 2
1215332 3 47 2
1215476 3 12 0
1215476 3 12 0
1215510 3 12 2
1215518 3 12 2
1216002 3 1 0
1216002 3 1 0
1216036 3 1 2
1216043 3 1 2
1216491 3 46 0
1216491 3 46 0
1216573 3 46 2
1216581 3 46 2
1216613 3 47 0
1216613 3 47 0
1216703 3 47 2
1216711 3 47 2
1216855 3 12 0
1216855 3 12 0
1216889 3 12 2
1216897 3 12 2
1217381 3 1 0
1217381 3 1 0
1217415 3 1 2
1217423 3 1 2
1217871 3 46 0
1217871 3 46 0
1217953 3 46 2
1217961 3 46 2
1217993 3 47 0
1217993 3 47 0
1218084 3 47 2
1218090 3 47 2
1218234 3 12 0
1218234 3 12 0
1218268 3 12 2
1218277 3 12 2
1218761 3 1 0
1218761 3 1 0
1218795 3 1 2
1218803 3 1 2
1219251 3 46 0
1219251 3 46 0
1219334 3 46 2
1219342 3 46 2
1219374 3 47 0
1219374 3 47 0
1219467 3 47 2
1219478 3 47 2
1219622 3 12 0
1219622 3 12 0
1219656 3 12 2
1219665 3 12 2
1220149 3 1 0
1220149 3 1 0
1220183 3 1 2
1220191 3 1 2
1220639 3 46 0
1220639 3 46 0
1220721 3 46 2
1220728 3 46 2
1220760 3 47 0
1220760 3 47 0
1220851 3 47 2
1220856 3 47 2
1221000 3 12 0
1221000 3 12 0
1221034 3 12 2
1221042 3 12 2
1221526 3 1 0
1221526 3 1 0
1221560 3 1 2
1221568 3 1 2
1222000 3 14 0
1222114 3 14 2
1222130 3 46 0
1222130 3 46 0
1222212 3 46 2
1222222 3 46 2
1222254 3 47 0
1222254 3 47 0
1222344 3 47 2
1222352 3 47 2
1222496 3 12 0
1222496 3 12 0
1222530 3 12 2
1222538 3 12 2
1223022 3 1 0
1223022 3 1 0
1223056 3 1 2
1223068 3 1 2
1223516 3 46 0
1223516 3 46 0
1223598 3 46 2
1223605 3 46 2
1223637 3 47 0
1223637 3 47 0
1223727 3 47 2
1223734 3 47 2
1223878 3 12 0
1223878 3 12 0
1223912 3 12 2
1223919 3 12 2
1224403 3 1 0
1224403 3 1 0
1224438 3 1 2
1224446 3 1 2
1224894 3 46 0
1224894 3 46 0
1224978 3 46 2
1224987 3 46 2
1225019 3 47 0
1225019 3 47 0
1225109 3 47 2
1225120 3 47 2
1225264 3 12 0
1225264 3 12 0
1225298 3 12 2
1225306 3 12 2
1225790 3 1 0
1225790 3 1 0
1225824 3 1 2
1225833 3 1 2
1226281 3 46 0
1226281 3 46 0
1226363 3 46 2
1226370 3 46 2
1226402 3 47 0
1226402 3 47 0
1226492 3 47 2
1226501 3 47 2
1226645 3 12 0
1226645 3 12 0
1226680 3 12 2
1226689 3 12 2
1227173 3 1 0
1227173 3 1 0
1227207 3 1 2
1227214 3 1 2
1227662 3 46 0
1227662 3 46 0
1227744 3 46 2
1227752 3 46 2
1227784 3 47 0
1227784 3 47 0
1227874 3 47 2
1227882 3 47 2
1228026 3 12 0
1228026 3 12 0
1228060 3 12 2
1228068 3 12 2
1228552 3 1 0
1228552 3 1 0
1228586 3 1 2
1228611 3 1 2
1229059 3 46 0
1229059 3 46 0
1229141 3 46 2
1229149 3 46 2
1229181 3 47 0
1229181 3 47 0
1229274 3 47 2
1229315 3 47 2
1229459 3 12 0
1229459 3 12 0
1229493 3 12 2
1229501 3 12 2
1229985 3 1 0
1229985 3 1 0
1230020 3 1 2
1230026 3 1 2
1230474 3 46 0
1230474 3 46 0
1230556 3 46 2
1230563 3 46 2
1230595 3 47 0
1230595 3 47 0
1230685 3 47 2
1230692 3 47 2
1230836 3 12 0
1230836 3 12 0
1230872 3 12 2
1230879 3 12 2
1231363 3 1 0
1231363 3 1 0
1231397 3 1 2
1231405 3 1 2
1231853 3 46 0
1231853 3 46 0
1231935 3 46 2
1231943 3 46 2
1231975 3 47 0
1231975 3 47 0
1232065 3 47 2
1232073 3 47 2
1232217 3 12 0
1232217 3 12 0
1232251 3 12 2
1232258 3 12 2
1232646 3 1 0
1232646 3 1 0
1232680 3 1 2
1232688 3 1 2
1233136 3 46 0
1233136 3 46 0
1233218 3 46 2
1233226 3 46 2
1233258 3 47 0
1233258 3 47 0
1233349 3 47 2
1233357 3 47 2
1233440 3 62 2
1233501 3 12 0
1233501 3 12 0
1233535 3 12 2
1233543 3 12 2
1234027 3 1 0
1234027 3 1 0
1234061 3 1 2
1234068 3 1 2
1234516 3 46 0
1234516 3 46 0
1234598 3 46 2
1234606 3 46 2
1234638 3 47 0
1234638 3 47 0
1234728 3 47 2
1234736 3 47 2
1234880 3 12 0
1234880 3 12 0
1234914 3 12 2
1234922 3 12 2
1235406 3 1 0
1235447 3 1 2
1235895 3 46 0
1235895 3 46 0
1235977 3 46 2
1235985 3 46 2
1236017 3 47 0
1236017 3 47 0
1236107 3 47 2
1236115 3 47 2
1236259 3 5 0
1236333 3 5 2
1236341 3 61 0
1236341 3 61 0
1236441 3 61 2
1236472 3 61 2
1236480 3 29 0
1236742 3 29 2
1236758 3 62 0
1236758 3 62 0
1236927 3 62 2
1236956 3 62 2
1237203 3 63 0
1237203 3 63 0
1237310 3 63 2
1237349 3 63 2
1237773 3 12 0
1237773 3 12 0
1237807 3 12 2
1237835 3 12 2
1237958 3 4 2
1238275 3 11 0
1238342 3 11 2
1238489 3 1 2
1238546 3 9 0
1238644 3 9 2
1238768 3 55 0
1238882 3 55 2
1238886 3 1 0
1238886 3 1 0
1238920 3 1 2
1238966 3 1 2
1238990 3 56 0
1239022 3 4 2
1239127 3 56 2
1239147 3 45 0
1239245 3 45 2
1239261 3 1 0
1239319 3 1 2
1239355 3 1 0
1239414 3 1 2
1239418 3 46 0
1239516 3 46 2
1239592 3 63 0
1239862 3 4 2
1239865 3 63 2
1239873 3 47 0
1239978 3 47 2
1240082 3 62 0
1240082 3 62 0
1240181 3 62 2
1240187 3 62 2
1240255 3 29 0
1240381 3 29 2
1240421 3 30 0
1240543 3 30 2
1240587 3 17 0
1240725 3 17 2
1240781 3 18 0
1240910 3 18 2
1240958 3 19 0
1241080 3 19 2
1241116 3 21 0
1241242 3 21 2
1241274 3 22 0
1241396 3 22 2
1241752 3 61 0
1241752 3 61 0
1241848 3 61 2
1241850 3 61 2
1242386 3 1 0
1242386 3 1 0
1242420 3 1 2
1242428 3 1 2
1242512 3 58 0
1242512 3 58 0
1242594 3 58 2
1242602 3 58 2
1242682 3 59 0
1242682 3 59 0
1242756 3 59 2
1242763 3 59 2
1244198 3 2 2
1248198 3 2 0
1248199 3 2 2
1257971 3 2 0
1257972 3 63 1
1258220 3 2 2
1258254 3 63 2
1281301 3 2 0
1281302 3 63 1
1281550 3 2 2
1281584 3 63 2
1303877 3 2 0
1303878 3 2 2
1304365 3 2 0
1304366 3 3 0
1304375 3 2 2
1304412 3 2 0
1304413 3 2 2
1304485 3 2 2
1315554 3 2 0
1315555 3 63 1
1315799 3 2 2
1315833 3 63 2
1338874 3 2 0
1338875 3 63 1
1339119 3 2 2
1339153 3 63 2
1373014 3 2 0
1373015 3 63 1
1373259 3 2 2
1373293 3 63 2
1396424 3 2 0
1396425 3 63 1
1396669 3 2 2
1396703 3 63 2
1429821 3 2 0
1429822 3 63 1
1430066 3 2 2
1430100 3 63 2
1453201 3 2 0
1453202 3 63 1
1453446 3 2 2
1453480 3 63 2
1487038 3 2 0
1487039 3 63 1
1487283 3 2 2
1487317 3 63 2
1510458 3 2 0
1510459 3 63 1
1510703 3 2 2
1510737 3 63 2
1563494 3 2 0
1563495 3 63 1
1563738 3 2 2
1563771 3 63 2
1575386 3 2 0
1575387 3 63 1
1575639 3 2 2
1575673 3 63 2
1598766 3 2 0
1598767 3 63 1
1599019 3 2 2
1599053 3 63 2
1621814 3 2 0
1621815 3 2 2
1632615 3 2 0
1632616 3 63 1
1632870 3 2 2
1632904 3 63 2
1656065 3 63 1
1656066 3 2 0
1656310 3 2 2
1656344 3 63 2
1689971 3 2 0
1689972 3 63 1
1690216 3 2 2
1690250 3 63 2
1713391 3 2 0
1713392 3 63 1
1713636 3 2 2
1713670 3 63 2
1746760 3 63 1
1746761 3 2 0
1747004 3 2 2
1747038 3 63 2
1770080 3 63 1
1770081 3 2 0
1770324 3 2 2
1770358 3 63 2
1793003 3 2 2
1804055 3 2 0
1804056 3 63 1
1804300 3 2 2
1804334 3 63 2
1827385 3 2 0
1827386 3 63 1
1827630 3 2 2
1827664 3 63 2
1850209 3 2 2
1861115 3 2 0
1861116 3 63 1
1861360 3 2 2
1861394 3 63 2
1884525 3 2 0
1884526 3 63 1
1884770 3 2 2
1884804 3 63 2
1907477 3 2 2
1918455 3 2 0
1918456 3 63 1
1918700 3 2 2
1918734 3 63 2
1941755 3 2 0
1941756 3 63 1
1942000 3 2 2
1942034 3 63 2
1964609 3 2 2
1983812 3 2 0
1983813 3 63 1
1984055 3 2 2
1984088 3 63 2
1985746 3 2 2
1985747 3 2 0
1995759 3 36 0
1995759 3 36 0
1998176 3 36 2
1998716 3 36 2
1998760 3 37 0
1998760 3 37 0
1998876 3 37 2
1999297 3 37 2
1999429 3 8 0
1999429 3 8 0
1999479 3 8 2
1999497 3 8 2
1999545 3 0 0
1999545 3 0 0
1999587 3 0 2
1999895 3 0 2
1999983 3 36 0
1999983 3 36 0
2000041 3 36 2
2000499 3 60 2
2000794 3 35 2
2002036 3 31 2
2002249 3 36 2
2002260 3 50 2
2002281 3 38 0
2002281 3 38 0
2002433 3 38 2
2002516 3 28 2
2002565 3 38 2
2002593 3 54 0
2002593 3 54 0
2002641 3 52 2
2002683 3 54 2
2002740 3 61 2
2003185 3 36 2
2003263 3 23 2
2003355 3 34 2
2003621 3 32 2
2003722 3 21 2
2003793 3 44 2
2003868 3 63 0
2003868 3 60 2
2003879 3 29 2
2004121 3 25 2
2004149 3 54 2
2004181 3 12 0
2004181 3 12 0
2004204 3 11 2
2004215 3 12 2
2004222 3 12 2
2004282 3 60 0
2004282 3 35 2
2004286 3 37 0
2004286 3 37 0
2004306 3 63 2
2004332 3 57 2
2004352 3 37 2
2004397 3 35 0
2004397 3 38 2
2004495 3 33 2
2004560 3 37 2
2004660 3 38 0
2004753 3 35 0
2004791 3 5 2
2004956 3 9 0
2005022 3 9 2
2005023 3 38 0
2005023 3 35 0
2005023 3 37 2
2005066 3 63 2
2005114 3 40 2
2005115 3 37 0
2005207 3 35 0
2005226 3 22 2
2005242 3 47 0
2005298 3 35 0
2005339 3 47 2
2005421 3 20 2
2005511 3 37 0
2005511 3 38 0
2005511 3 35 0
2005511 3 31 2
2005562 3 46 2
2005614 3 31 0
2005716 3 37 0
2005733 3 19 2
2005817 3 37 0
2005910 3 37 0
2005924 3 9 2
2006000 3 31 0
2006000 3 35 0
2006000 3 38 0
2006000 3 37 0
2006000 3 28 2
2006083 3 55 2
2006088 3 28 0
2006181 3 31 0
2006181 3 50 2
2006239 3 47 0
2006239 3 47 0
2006283 3 13 2
2006306 3 50 0
2006329 3 47 2
2006412 3 47 2
2006421 3 38 0
2006436 3 11 0
2006436 3 11 0
2006462 3 11 2
2006470 3 11 2
2006512 3 15 2
2006542 3 38 0
2006598 3 1 0
2006633 3 38 0
2006651 3 45 2
2006726 3 38 0
2006742 3 51 2
2006817 3 28 0
2006817 3 35 0
2006817 3 37 0
2006817 3 50 0
2006817 3 38 0
2006817 3 36 2
2006915 3 36 0
2007012 3 54 2
2007014 3 50 0
2007116 3 50 0
2007216 3 28 0
2007216 3 36 0
2007216 3 50 0
2007216 3 44 2
2007236 3 39 2
2007292 3 0 0
2007293 3 4 0
2007318 3 44 0
2007409 3 37 0
2007414 3 41 2
2007492 3 35 0
2007492 3 37 0
2007492 3 52 2
2007594 3 52 0
2007595 3 27 2
2007667 3 8 2
2007688 3 28 0
2007688 3 29 2
2007748 3 7 2
2007764 3 29 0
2007816 3 59 2
2007846 3 37 0
2007921 3 1 2
2007929 3 28 0
2007929 3 37 0
2007929 3 21 2
2008002 3 1 2
2008015 3 21 0
2008105 3 44 0
2008105 3 25 2
2008125 3 24 2
2008205 3 25 0
2008205 3 11 2
2008216 3 1 2
2008275 3 12 2
2008280 3 11 0
2008401 3 38 0
2008492 3 38 0
2008543 3 53 2
2008591 3 38 0
2008602 3 4 0
2008602 3 4 0
2008626 3 1 2
2008648 3 4 2
2008650 3 0 2
2008682 3 29 0
2008682 3 31 0
2008682 3 35 0
2008682 3 38 0
2008682 3 61 2
2008727 3 6 2
2008779 3 1 2
2008789 3 16 2
2008801 3 61 0
2008816 3 4 2
2008908 3 37 0
2008935 3 14 2
2009008 3 37 0
2009009 3 42 2
2009063 3 0 2
2009091 3 37 0
2009124 3 18 2
2009174 3 21 0
2009174 3 28 0
2009174 3 52 0
2009174 3 37 0
2009174 3 40 2
2009194 3 48 2
2009293 3 40 0
2009348 3 38 0
2009348 3 38 0
2009392 3 35 0
2009392 3 34 2
2009411 3 56 2
2009422 3 38 2
2009430 3 38 2
2009468 3 34 0
2009539 3 17 2
2009574 3 31 0
2009574 3 22 2
2009586 3 46 0
2009617 3 47 2
2009666 3 22 0
2009666 3 57 2
2009680 3 46 2
2009732 3 0 0
2009732 3 0 0
2009774 3 0 2
2009798 3 57 0
2009914 3 52 0
2009922 3 0 2
2009972 3 4 2
2010005 3 28 0
2010005 3 52 0
2010005 3 30 2
2010070 3 47 0
2010113 3 30 0
2010117 3 62 2
2010167 3 47 2
2010183 3 12 0
2010204 3 38 0
2010250 3 12 2
2010286 3 47 0
2010295 3 37 0
2010295 3 38 0
2010295 3 26 2
2010388 3 47 2
2010395 3 26 0
2010395 3 13 2
2010478 3 13 0
2010603 3 40 0
2010734 3 61 0
2010734 3 40 0
2010734 3 9 2
2010851 3 9 0
2010851 3 10 2
2010921 3 10 0
2011024 3 29 0
2011099 3 29 0
2011164 3 32 0
2011164 3 32 0
2011174 3 11 0
2011174 3 28 0
2011174 3 29 0
2011174 3 15 2
2011238 3 32 2
2011246 3 32 2
2011268 3 15 0
2011268 3 54 2
2011290 3 2 2
2011384 3 54 0
2011499 3 26 0
2011499 3 19 2
2011526 3 63 0
2011526 3 63 0
2011567 3 19 0
2011632 3 63 2
2011663 3 34 0
2011729 3 63 2
2011753 3 21 0
2011753 3 34 0
2011753 3 55 2
2011879 3 55 0
2011933 3 58 0
2011933 3 58 0
2011943 3 2 2
2012015 3 58 2
2012018 3 57 0
2012040 3 58 2
2012124 3 46 0
2012133 3 40 0
2012133 3 57 0
2012133 3 51 2
2012238 3 46 2
2012242 3 51 0
2012242 3 32 2
2012354 3 32 0
2012354 3 24 2
2012445 3 24 0
2012575 3 54 0
2012575 3 12 2
2012683 3 12 0
2012761 3 13 0
2012761 3 20 2
2012839 3 20 0
2012956 3 61 0
2013063 3 61 0
2013186 3 44 0
2013186 3 57 0
2013186 3 61 0
2013186 3 5 2
2013304 3 5 0
2013304 3 16 2
2013410 3 3 0
2013416 3 16 0
2013416 3 45 2
2013532 3 45 0
2013532 3 33 2
2013639 3 33 0
2013639 3 41 2
2013730 3 41 0
2013730 3 23 2
2013853 3 23 0
2013853 3 0 2
2013961 3 0 0
2014062 3 35 0
2014145 3 25 0
2014145 3 35 0
2014145 3 4 2
2014223 3 4 0
2014223 3 53 2
2014353 3 53 0
2014353 3 47 2
2014470 3 47 0
2014576 3 36 0
2014659 3 36 0
2014734 3 11 0
2014734 3 37 0
2014734 3 36 0
2014734 3 17 2
2014832 3 17 0
2014832 3 46 2
2014948 3 46 0
2015054 3 10 0
2015165 3 10 0
2015256 3 10 0
2015315 3 10 0
2015390 3 10 0
2015481 3 9 0
2015481 3 35 0
2015481 3 41 0
2015481 3 44 0
2015481 3 50 0
2015481 3 10 0
2015481 3 49 2
2015587 3 49 0
2015720 3 31 0
2015811 3 31 0
2015902 3 31 0
2015993 3 21 0
2015993 3 22 0
2015993 3 28 0
2015993 3 31 0
2015993 3 48 2
2016136 3 48 0
2016136 3 7 2
2016275 3 7 0
2016357 3 2 0
2016358 3 4 0
2016374 3 35 0
2016457 3 25 0
2016457 3 35 0
2016457 3 58 2
2016560 3 58 0
2016658 3 51 0
2016658 3 59 2
2016750 3 59 0
2016870 3 24 0
2017001 3 24 0
2017116 3 24 0
2017215 3 24 0
2017330 3 40 0
2017330 3 52 0
2017330 3 54 0
2017330 3 59 0
2017330 3 24 0
2017330 3 62 2
2017475 3 62 0
2017589 3 52 0
2017688 3 52 0
2017787 3 52 0
2017894 3 52 0
2017986 3 52 0
2018093 3 52 0
2018192 3 52 0
2018307 3 0 0
2018307 3 21 0
2018307 3 26 0
2018307 3 29 0
2018307 3 30 0
2018307 3 33 0
2018307 3 36 0
2018307 3 52 0
2018307 3 27 2
2018406 3 27 0
2018507 3 23 0
2018507 3 1 2
2018607 3 1 0
2018694 3 5 0
2018821 3 5 0
2018912 3 5 0
2018995 3 5 0
2019077 3 5 0
2019145 3 2 0
2019146 3 2 2
2019168 3 5 0
2019236 3 5 0
2019336 3 5 0
2019427 3 5 0
2019534 3 5 0
2019649 3 5 0
2019724 3 5 0
2019800 3 5 0
2019877 3 5 0
2019952 3 5 0
2020059 3 5 0
2020167 3 5 0
2020290 3 5 0
2020381 3 0 0
2020381 3 9 0
2020381 3 15 0
2020381 3 19 0
2020381 3 22 0
2020381 3 25 0
2020381 3 30 0
2020381 3 32 0
2020381 3 37 0
2020381 3 38 0
2020381 3 41 0
2020381 3 44 0
2020381 3 45 0
2020381 3 48 0
2020381 3 50 0
2020381 3 53 0
2020381 3 39 2
2020387 3 54 0
2020388 3 62 0
2020389 3 5 0
2020521 3 39 0
2020521 3 8 2
2020644 3 8 0
2020719 3 19 0
2020846 3 19 0
2020921 3 22 0
2020921 3 61 0
2020921 3 19 0
2020921 3 14 2
2021031 3 14 0
2021031 3 18 2
2021115 3 18 0
2021200 3 0 0
2021317 3 0 0
2021408 3 0 0
2021499 3 7 0
2021499 3 34 0
2021499 3 49 0
2021499 3 0 0
2021499 3 3 2
2021584 3 3 2
2021592 3 19 0
2021594 3 3 0
2021643 3 50 2
2021658 3 19 2
2021662 3 3 0
2021724 3 50 0
2021831 3 50 0
2021930 3 50 0
2022029 3 50 0
2022120 3 50 0
2022219 3 50 0
2022318 3 50 0
2022441 3 50 0
2022548 3 11 0
2022548 3 12 0
2022548 3 13 0
2022548 3 17 0
2022548 3 28 0
2022548 3 33 0
2022548 3 53 0
2022548 3 55 0
2022548 3 50 0
2022548 3 42 2
2022672 3 42 0
2022754 3 26 0
2022861 3 39 0
2022861 3 26 0
2022861 3 56 2
2023004 3 56 0
2023092 3 2 2
2023142 3 14 0
2023249 3 14 0
2023340 3 14 0
2023423 3 14 0
2023546 3 14 0
2023653 3 14 0
2023768 3 1 0
2023768 3 31 0
2023768 3 33 0
2023768 3 52 0
2023768 3 58 0
2023768 3 59 0
2023768 3 14 0
2023768 3 6 2
2023890 3 6 0
2023991 3 37 0
2024114 3 37 0
2024205 3 37 0
2024288 3 37 0
2024371 3 37 0
2024478 3 5 0
2024478 3 16 0
2024478 3 18 0
2024478 3 20 0
2024478 3 57 0
2024478 3 37 0
2024478 3 43 2
2024583 3 43 0
2024679 3 45 0
2024778 3 45 0
2024869 3 45 0
2024984 3 45 0
2025075 3 45 0
2025182 3 45 0
2025273 3 45 0
2025380 3 45 0
2025487 3 45 0
2025578 3 45 0
2025693 3 45 0
2025824 3 45 0
2025931 3 45 0
2026038 3 45 0
2026145 3 45 0
2026260 3 45 0
2026375 3 45 0
2026466 3 45 0
2026565 3 45 0
2026656 3 45 0
2026771 3 45 0
2026870 3 45 0
2026969 3 45 0
2027061 3 45 0
2027161 3 45 0
2027252 3 45 0
2027367 3 45 0
2027458 3 45 0
2027565 3 45 0
2027672 3 45 0
2027764 3 45 0
2027871 3 45 0
2027964 3 45 0
2028055 3 45 0
2028165 3 45 0
2028265 3 45 0
2028375 3 45 0
2028466 3 45 0
2028576 3 45 0
2028667 3 45 0
2028787 3 45 0
2028907 3 45 0
2029028 3 45 0
2029128 3 45 0
2029248 3 45 0
2029348 3 45 0
2029448 3 45 0
2029549 3 45 0
2029659 3 45 0
2029759 3 45 0
2029869 3 45 0
2029961 3 45 0
2030089 3 45 0
2030191 3 45 0
2030291 3 45 0
2030401 3 45 0
2030482 3 3 2
2030501 3 45 0
2030601 3 45 0
2030711 3 45 0
2030811 3 45 0
2033733 3 2 0
2033734 3 63 1
2033978 3 2 2
2034012 3 63 2
2057113 3 2 0
2057114 3 63 1
2057358 3 2 2
2057392 3 63 2
2079545 3 2 0
2079546 3 2 2
2083465 3 2 0
2083466 3 2 2
2097902 3 2 0
2097903 3 63 1
2098147 3 2 2
2098181 3 63 2
2121222 3 2 0
2121223 3 63 1
2121467 3 2 2
2121501 3 63 2
2157238 3 2 0
2157239 3 63 1
2157483 3 2 2
2157517 3 63 2
2180628 3 2 0
2180629 3 63 1
2180873 3 2 2
2180907 3 63 2
2216624 3 2 0
2216625 3 63 1
2216869 3 2 2
2216903 3 63 2
2239934 3 2 0
2239935 3 63 1
2240179 3 2 2
2240213 3 63 2
2270708 3 2 2
2270709 3 2 0
2303954 3 2 0
2303955 3 2 2
2733953 3 2 0
2733954 3 2 2
2972617 3 38 0
2972617 3 38 0
2974055 3 38 2
2974400 3 2 0
2974401 3 2 2
2974611 3 38 2
2976479 3 15 0
2976479 3 15 0
2976633 3 15 2
2976708 3 15 2
2976721 3 38 0
2976721 3 38 0
2976795 3 38 2
2977133 3 38 2
2978449 3 0 2
2978819 3 0 2
2978914 3 2 2
2979077 3 38 0
2979077 3 38 0
2979160 3 0 2
2979161 3 38 2
2979162 3 38 2
2979931 3 0 2
2980041 3 3 0
2980041 3 0 2
2980050 3 0 2
2986005 3 2 0
2986006 3 4 0
2988239 3 2 0
2988240 3 0 0
2988240 3 1 0
2988240 3 3 0
2988240 3 4 0
2988240 3 5 0
2988240 3 6 0
2988240 3 7 0
2988240 3 8 0
2988240 3 9 0
2988240 3 10 0
2988240 3 11 0
2988240 3 12 0
2988240 3 13 0
2988240 3 14 0
2988240 3 15 0
2988240 3 2 2
2988245 3 16 0
2988246 3 17 0
2988247 3 18 0
2988249 3 19 0
2988249 3 2 2
2988250 3 20 0
2988251 3 21 0
2988252 3 22 0
2988253 3 23 0
2988254 3 24 0
2988254 3 3 0
2988255 3 25 0
2988256 3 26 0
2988257 3 27 0
2988258 3 28 0
2988259 3 29 0
2988260 3 30 0
2988261 3 31 0
2988262 3 32 0
2988263 3 33 0
2988264 3 34 0
2988265 3 35 0
2988266 3 36 0
2988267 3 37 0
2988268 3 38 0
2988269 3 39 0
2988270 3 40 0
2988271 3 41 0
2988272 3 42 0
2988273 3 43 0
2988274 3 44 0
2988275 3 46 0
2988276 3 47 0
2988277 3 48 0
2988278 3 49 0
2988279 3 50 0
2988280 3 51 0
2988281 3 52 0
2988282 3 53 0
2988283 3 54 0
2988284 3 55 0
2988286 3 56 0
2988287 3 57 0
2988288 3 58 0
2988289 3 59 0
2988290 3 61 0
2988291 3 62 0
2988293 3 45 0
2988409 3 2 0
2988514 3 35 0
2988589 3 35 0
2988672 3 35 0
2988755 3 35 0
2988838 3 35 0
2988921 3 35 0
2988996 3 35 0
2989071 3 35 0
2989170 3 35 0
2989261 3 35 0
2989328 3 35 0
2989395 3 35 0
2989494 3 35 0
2989585 3 35 0
2989668 3 35 0
2989743 3 35 0
2989800 3 3 2
2989810 3 35 0
2989901 3 35 0
2989976 3 35 0
2990059 3 35 0
2990150 3 35 0
2990233 3 35 0
2990308 3 35 0
2990400 3 35 0
2990500 3 35 0
2990607 3 35 0
2990706 3 35 0
2990790 3 35 0
2990897 3 35 0
2990972 3 35 0
2991055 3 35 0
2991154 3 35 0
2991246 3 35 0
2991337 3 35 0
2991420 3 35 0
2991536 3 35 0
2991611 3 35 0
2991702 3 35 0
2991777 3 35 0
2991861 3 35 0
2991952 3 35 0
2992043 3 35 0
2992134 3 35 0
2992228 3 35 0
2992321 3 35 0
2992421 3 35 0
2992528 3 35 0
2992612 3 35 0
2992713 3 35 0
2992783 3 35 0
2992858 3 35 0
2992943 3 35 0
2993034 3 35 0
2993143 3 35 0
2993243 3 35 0
2993343 3 35 0
2993444 3 35 0
2993564 3 35 0
2993648 3 35 0
2993748 3 35 0
2993858 3 35 0
3949171 3 38 0
3949171 3 38 0
3949435 3 38 2
3953052 3 38 2
3953668 3 9 0
3953734 3 9 2
3953810 3 3 0
3953819 3 0 0
3953868 3 3 2
3953948 3 4 0
3954014 3 4 2
3954305 3 0 2
3954890 3 0 2
3955186 3 7 0
3955368 3 0 2
3955478 3 3 0
3955478 3 0 2
3955488 3 0 2
3956760 3 7 2
3957328 3 38 0
3957328 3 38 0
3957402 3 38 2
3957410 3 38 2
3959354 3 38 0
3959354 3 38 0
3959428 3 38 2
3959436 3 38 2
3962080 3 2 0
3962081 3 2 2
4925755 3 38 0
4925755 3 38 0
4927470 3 38 2
4928086 3 9 0
4928152 3 9 2
4928228 3 3 0
4928237 3 0 0
4928285 3 3 2
4928365 3 4 0
4928431 3 4 2
4928867 3 38 2
4930171 3 38 0
4930171 3 38 0
4930245 3 38 2
4930605 3 38 2
4930852 3 0 2
4932549 3 38 0
4932549 3 38 0
4932623 3 38 2
4932631 3 38 2
5902313 3 38 0
5902313 3 38 0
5905524 3 38 2
5905595 3 38 2
5906140 3 9 0
5906206 3 9 2
5907327 3 0 2
5907643 3 0 2
5907913 3 0 2
5908102 3 38 0
5908102 3 38 0
5908176 3 38 2
5908384 3 38 2
5908392 3 0 2
5908502 3 3 0
5908502 3 0 2
5908512 3 0 2
5908668 3 7 0
5909000 3 7 2
5910660 3 38 0
5910660 3 38 0
5910742 3 38 2
5910744 3 38 2
6878915 3 38 0
6878915 3 38 0
6879170 3 38 2
6879786 3 9 0
6879852 3 9 2
6879928 3 3 0
6879937 3 0 0
6879986 3 3 2
6880066 3 4 0
6880132 3 4 2
6880682 3 38 2
6881872 3 38 0
6881872 3 38 0
6881946 3 38 2
6884070 3 0 2
6885214 3 38 2
6887158 3 38 0
6887158 3 38 0
6887240 3 38 2
6887262 3 38 2
