0 53 51 0
53 53 7 1
286 53 0 2
399 53 7 2
1348 53 51 2
1352 53 22 0
1715 53 22 2
1727 53 1 0
2124 53 1 2
2144 53 24 0
2242 53 24 2
10548 53 7 1
10766 53 2 2
10863 53 7 2
15237 53 7 1
15456 53 2 2
15553 53 7 2
20578 53 7 1
20797 53 2 2
20895 53 7 2
41734 53 4 0
44426 53 4 2
44478 53 44 0
46170 53 44 2
46182 53 5 0
46333 53 5 2
46345 53 45 0
46694 53 45 2
46762 53 24 0
46976 53 24 2
47008 53 25 0
47121 53 25 2
47129 53 26 0
47242 53 26 2
47282 53 27 0
47384 53 27 2
47404 53 33 0
47647 53 33 2
47667 53 35 0
47767 53 35 2
47775 53 41 0
48427 53 41 2
48443 53 42 0
48719 53 42 2
48751 53 1 0
48889 53 1 2
48925 53 36 0
49106 53 36 2
49118 53 43 0
49405 53 0 0
49537 53 0 0
49538 53 43 2
49554 53 17 0
49666 53 0 0
49678 53 17 2
49770 53 27 0
49793 53 0 0
49878 53 27 2
49882 53 37 0
49923 53 0 0
50022 53 37 2
50034 53 17 0
50055 53 0 0
50181 53 0 0
50312 53 0 0
50379 53 17 2
50387 53 15 0
50443 53 0 0
50569 53 0 0
50592 53 15 2
50632 53 16 0
50703 53 0 0
50827 53 0 0
50970 53 0 0
51112 53 0 0
51243 53 0 0
51325 53 16 2
51365 53 18 0
51385 53 0 0
51480 53 18 2
51504 53 61 0
51525 53 0 0
51647 53 0 0
51787 53 0 0
51911 53 0 0
51998 53 61 2
52010 53 54 0
52035 53 0 0
52167 53 0 0
52299 53 0 0
52333 53 7 1
52368 53 54 2
52388 53 13 0
52427 53 0 0
52470 53 13 2
52478 53 19 0
52556 53 28 2
52557 53 0 0
52614 53 7 2
52615 53 19 2
52619 53 35 0
52683 53 0 0
52817 53 0 0
52944 53 35 2
52949 53 0 0
52960 53 53 0
53072 53 0 0
53207 53 0 0
53331 53 0 0
53457 53 0 0
53588 53 0 0
53713 53 0 0
53855 53 0 0
53978 53 0 0
54103 53 0 0
54228 53 0 0
54362 53 0 0
54485 53 0 0
54611 53 0 0
54737 53 0 0
54861 53 0 0
54999 53 0 0
55112 53 53 2
55123 53 0 0
55152 53 33 0
55236 53 7 1
55254 53 0 0
55267 53 33 2
55279 53 36 0
55379 53 0 0
55382 53 36 2
55402 53 40 0
55466 53 4 2
55509 53 0 0
55547 53 7 2
55550 53 4 0
55634 53 0 0
55649 53 4 0
55691 53 40 2
55715 53 37 0
55770 53 4 0
55773 53 0 0
55804 53 37 2
55891 53 4 0
55908 53 38 0
55925 53 0 0
56005 53 38 2
56009 53 14 0
56023 53 4 0
56056 53 0 0
56146 53 4 0
56187 53 0 0
56259 53 4 0
56315 53 0 0
56339 53 14 2
56360 53 4 0
56363 53 8 0
56439 53 0 0
56453 53 4 0
56494 53 8 2
56502 53 29 0
56561 53 4 0
56563 53 0 0
56599 53 29 2
56639 53 0 0
56673 53 4 0
56697 53 0 0
56770 53 4 0
56785 53 0 2
56797 53 38 0
56828 53 0 0
56879 53 4 0
56953 53 0 0
56973 53 4 0
57069 53 4 0
57080 53 0 0
57193 53 4 0
57212 53 0 0
57292 53 4 0
57335 53 0 0
57401 53 4 0
57475 53 0 0
57512 53 4 0
57565 53 38 2
57581 53 39 0
57614 53 4 0
57725 53 4 0
57857 53 4 0
57949 53 4 0
58061 53 4 0
58187 53 4 0
58289 53 4 0
58401 53 4 0
58416 53 39 2
58420 53 39 0
58525 53 4 0
58633 53 4 0
58755 53 4 0
58871 53 4 0
58984 53 4 0
59107 53 4 0
59160 53 39 2
59216 53 36 0
59235 53 4 0
59347 53 4 0
59387 53 36 2
59419 53 38 0
59454 53 4 0
59549 53 4 0
59557 53 38 2
59573 53 51 0
59647 53 4 0
59673 53 51 2
59729 53 33 0
59761 53 4 0
59864 53 4 0
59965 53 4 0
60045 53 33 2
60053 53 52 0
60077 53 4 0
60184 53 52 2
60208 53 4 0
60220 53 41 0
60309 53 4 0
60438 53 4 0
60534 53 41 2
60536 53 4 0
60554 53 53 0
60653 53 4 0
60733 53 53 2
60747 53 4 0
60757 53 54 0
60852 53 4 0
60969 53 4 0
61093 53 4 0
61214 53 4 0
61327 53 4 0
61451 53 4 0
61554 53 4 0
61647 53 4 0
61704 53 54 2
61720 53 11 0
61757 53 4 0
61891 53 4 0
61996 53 4 0
62038 53 11 2
62050 53 56 0
62103 53 4 0
62201 53 4 0
62336 53 4 0
62443 53 4 0
62642 53 56 2
62646 53 12 0
62919 53 12 2
62927 53 57 0
63060 53 57 2
63064 53 2 0
63317 53 7 1
63423 53 2 2
63475 53 37 0
63536 53 18 2
63565 53 37 2
63581 53 40 0
63617 53 7 2
63752 53 40 2
63808 53 58 0
64262 53 58 2
64322 53 35 0
64424 53 35 2
64428 53 50 0
64604 53 50 2
64624 53 62 0
64790 53 62 2
64818 53 38 0
65114 53 38 2
65186 53 63 0
65694 53 63 2
65734 53 12 0
65982 53 2 0
66010 53 12 2
66034 53 2 0
66142 53 2 2
66166 53 13 0
66412 53 13 2
66508 53 3 0
66607 53 3 2
66647 53 23 0
66823 53 23 2
66839 53 24 0
66961 53 24 2
67069 53 24 0
67339 53 24 2
67347 53 25 0
67536 53 25 2
67564 53 26 0
67669 53 26 2
67749 53 0 0
67872 53 0 2
67880 53 3 0
67977 53 3 2
68021 53 4 0
68154 53 4 2
68250 53 5 0
68350 53 5 2
68390 53 15 0
68974 53 15 2
68982 53 14 0
69437 53 14 2
69449 53 50 0
70188 53 50 2
70216 53 6 0
70378 53 6 2
70398 53 4 0
70492 53 4 2
70500 53 8 0
70621 53 8 2
70625 53 47 0
70832 53 47 2
70840 53 49 0
71198 53 49 2
71214 53 11 0
71311 53 11 2
71347 53 5 0
71444 53 5 2
71468 53 37 0
71734 53 37 2
71798 53 4 0
71889 53 4 2
71893 53 1 0
72017 53 1 2
72045 53 27 0
72142 53 27 2
72150 53 2 0
72263 53 2 2
72275 53 11 0
72389 53 11 2
72397 53 7 0
72546 53 7 2
72566 53 3 0
72664 53 3 2
72772 53 6 0
73300 53 6 2
73320 53 9 0
73485 53 9 2
73657 53 8 0
74332 53 8 2
74344 53 11 0
74487 53 11 2
74507 53 12 0
74620 53 12 2
74644 53 16 0
75299 53 16 2
75307 53 13 0
75456 53 13 2
75504 53 2 0
75613 53 2 2
75649 53 14 0
75850 53 14 2
75854 53 17 0
76409 53 17 2
76417 53 15 0
76603 53 15 2
76623 53 18 0
77014 53 18 2
77038 53 4 0
77151 53 4 2
77191 53 40 0
78273 53 40 2
78277 53 38 0
78277 53 38 0
78319 53 38 2
78409 53 38 2
78417 53 27 0
78527 53 27 2
78547 53 35 0
78647 53 35 2
78703 53 28 0
78792 53 28 2
78860 53 3 0
78959 53 3 2
78963 53 46 0
79227 53 46 2
79247 53 4 0
79346 53 4 2
79378 53 0 0
79581 53 0 2
79585 53 29 0
79706 53 29 2
79850 53 47 0
80310 53 47 2
80382 53 30 0
80530 53 30 2
80882 53 31 0
81090 53 31 2
81094 53 44 0
81185 53 44 2
81193 53 43 0
81465 53 43 2
81597 53 32 0
81904 53 32 2
81976 53 33 0
82105 53 33 2
82153 53 33 0
82477 53 33 2
82485 53 27 0
82583 53 27 2
82687 53 54 0
82879 53 54 2
82891 53 28 0
82987 53 28 2
83003 53 42 0
83247 53 42 2
83255 53 56 0
83372 53 7 1
83596 53 14 2
83669 53 7 2
84054 53 56 2
84070 53 43 0
84326 53 43 2
84426 53 41 0
84579 53 41 2
84627 53 61 0
84798 53 61 2
84802 53 39 0
84912 53 39 2
84924 53 7 0
85046 53 7 2
85106 53 8 0
85227 53 8 2
85259 53 63 0
85895 53 7 1
86116 53 32 2
86196 53 7 2
86936 53 63 2
87044 53 0 0
87185 53 0 2
87213 53 57 0
87449 53 7 1
87676 53 50 2
87725 53 7 2
88281 53 57 2
88349 53 58 0
88513 53 58 2
88597 53 46 0
88698 53 46 2
88710 53 59 0
88820 53 59 2
88852 53 32 0
89073 53 32 2
89081 53 50 0
89213 53 50 2
89289 53 60 0
89562 53 60 2
89570 53 62 0
89805 53 62 2
89809 53 3 0
89909 53 3 2
89921 53 5 0
90216 53 5 2
90244 53 17 0
90402 53 17 2
90422 53 6 0
90519 53 6 2
90611 53 11 0
90929 53 11 2
90937 53 10 0
91045 53 10 2
91065 53 11 0
91162 53 11 2
91170 53 6 0
91280 53 6 2
91316 53 36 0
92041 53 36 2
92101 53 12 0
92191 53 12 2
92199 53 0 0
92499 53 0 2
92623 53 15 0
92623 53 15 0
92697 53 15 2
92730 53 15 2
92850 53 7 0
93055 53 7 2
93071 53 0 0
93678 53 0 2
93690 53 14 0
93792 53 14 2
93988 53 61 0
94104 53 61 2
94175 53 7 1
94176 53 54 0
94396 53 0 2
94527 53 7 2
94623 53 54 2
94655 53 55 0
94761 53 55 2
94989 53 40 0
95118 53 40 2
95146 53 49 0
95265 53 49 2
95277 53 51 0
95558 53 51 2
95578 53 37 0
95706 53 0 2
95731 53 37 2
95735 53 20 0
95829 53 20 2
95845 53 3 0
96177 53 3 2
96269 53 21 0
96369 53 21 2
96377 53 56 0
97487 53 56 2
97507 53 57 0
97702 53 57 2
97790 53 58 0
97904 53 58 2
97984 53 59 0
98093 53 59 2
98117 53 63 0
98320 53 63 2
98404 53 33 0
98520 53 33 2
99370 53 2 0
99371 53 7 1
99596 53 2 2
99695 53 7 2
100724 53 7 1
100946 53 2 2
101043 53 7 2
101983 53 7 1
102140 53 7 1
102207 53 37 2
102249 53 7 2
102251 53 7 1
102367 53 38 2
102400 53 7 1
102417 53 7 2
102477 53 58 2
102502 53 7 1
102535 53 7 2
102627 53 63 2
102640 53 7 1
102677 53 7 2
102737 53 43 2
102787 53 7 2
102826 53 7 1
102867 53 49 2
102925 53 7 2
103047 53 26 2
103120 53 7 2
103148 53 7 1
103282 53 7 1
103397 53 30 2
103455 53 7 2
103507 53 10 2
103598 53 7 2
106118 53 7 1
106436 53 0 2
106549 53 7 2
134444 53 7 1
134666 53 2 2
134763 53 7 2
139112 53 7 1
139336 53 2 2
139433 53 7 2
142558 53 7 1
142776 53 2 2
142873 53 7 2
164449 53 7 1
164676 53 2 2
164773 53 7 2
174599 53 2 0
174600 53 7 1
174826 53 2 2
174923 53 7 2
195886 53 7 1
196106 53 2 2
196203 53 7 2
203181 53 63 2
226564 53 2 0
226565 53 7 1
226786 53 2 2
226883 53 7 2
237770 53 2 0
237771 53 7 1
237996 53 2 2
238093 53 7 2
244810 53 2 0
244811 53 7 1
245036 53 2 2
245133 53 7 2
276810 53 7 1
277036 53 2 2
277133 53 7 2
292316 53 7 1
292537 53 0 2
292651 53 7 2
299778 53 2 0
299779 53 7 1
300006 53 2 2
300103 53 7 2
365735 53 2 0
365736 53 2 2
368699 53 7 1
368926 53 0 2
369039 53 7 2
429245 53 2 0
429246 53 2 2
429363 53 7 1
429364 53 2 0
429586 53 2 2
429683 53 7 2
454360 53 2 0
454361 53 7 1
454586 53 2 2
454683 53 7 2
459784 53 2 0
459785 53 7 1
460006 53 2 2
460103 53 7 2
470354 53 2 0
470355 53 7 1
470576 53 2 2
470673 53 7 2
472939 53 2 0
472940 53 7 1
473166 53 2 2
473263 53 7 2
482503 53 2 0
482504 53 0 0
501950 53 7 1
502173 53 2 2
502270 53 7 2
504708 53 2 0
504709 53 2 2
544570 53 2 0
544571 53 7 1
544793 53 2 2
544890 53 7 2
549267 53 2 0
549268 53 7 1
549493 53 2 2
549590 53 7 2
552159 53 2 0
552160 53 7 1
552383 53 2 2
552480 53 7 2
576994 53 2 0
576995 53 7 1
577213 53 2 2
577310 53 7 2
582033 53 2 2
582034 53 2 0
585252 53 2 0
585253 53 2 2
609729 53 7 1
609954 53 2 2
610052 53 7 2
633209 53 2 0
633210 53 7 1
633434 53 2 2
633532 53 7 2
642455 53 2 0
642456 53 7 1
642683 53 2 2
642780 53 7 2
672929 53 2 0
672930 53 7 1
673154 53 2 2
673252 53 7 2
696389 53 7 1
696614 53 2 2
696712 53 7 2
709795 53 2 0
709796 53 2 2
713351 53 2 0
713352 53 2 2
734771 53 7 1
734997 53 2 2
735095 53 7 2
758071 53 2 0
758072 53 7 1
758297 53 2 2
758395 53 7 2
772267 53 2 0
772268 53 2 2
775879 53 2 0
775880 53 2 2
797169 53 2 0
797170 53 7 1
797395 53 2 2
797493 53 7 2
820579 53 2 0
820580 53 7 1
820805 53 2 2
820903 53 7 2
856289 53 2 0
856290 53 7 1
856515 53 2 2
856613 53 7 2
879629 53 2 0
879630 53 7 1
879855 53 2 2
879953 53 7 2
888314 53 2 0
888315 53 7 1
888535 53 2 2
888633 53 7 2
928854 53 2 0
928855 53 7 1
929075 53 2 2
929173 53 7 2
952174 53 2 0
952175 53 7 1
952395 53 2 2
952493 53 7 2
985681 53 2 0
985682 53 7 1
985907 53 2 2
986005 53 7 2
1009061 53 2 0
1009062 53 7 1
1009287 53 2 2
1009385 53 7 2
1018931 53 15 0
1018931 53 15 0
1020287 53 15 2
1020669 53 15 2
1020847 53 38 0
1020847 53 38 0
1020889 53 38 2
1020934 53 38 2
1022386 53 7 0
1022723 53 7 2
1023155 53 2 0
1023469 53 2 2
1023505 53 25 0
1023653 53 25 2
1023669 53 31 0
1023771 53 31 2
1023807 53 33 0
1023953 53 33 2
1023957 53 36 0
1024068 53 36 2
1024076 53 4 0
1024220 53 4 2
1024312 53 5 0
1024448 53 5 2
1024480 53 34 0
1024598 53 34 2
1024618 53 35 0
1024738 53 35 2
1024762 53 32 0
1024916 53 32 2
1025280 53 38 0
1025280 53 38 0
1025330 53 38 2
1025372 53 38 2
1028174 53 9 0
1028280 53 9 2
1028312 53 8 0
1028426 53 8 2
1028454 53 47 0
1028681 53 47 2
1029125 53 48 0
1029396 53 48 2
1029972 53 49 0
1030286 53 49 2
1030862 53 50 0
1031110 53 50 2
1031686 53 51 0
1031736 53 7 1
1031957 53 62 2
1031970 53 51 2
1031999 53 7 2
1032037 53 7 1
1032257 53 59 2
1032307 53 7 2
1032457 53 7 1
1032534 53 7 1
1032546 53 52 0
1032629 53 7 1
1032677 53 15 2
1032759 53 7 2
1032807 53 47 2
1032857 53 7 2
1032886 53 52 2
1032917 53 60 2
1032960 53 7 2
1032989 53 7 1
1033083 53 7 1
1033200 53 7 1
1033217 53 14 2
1033291 53 7 2
1033327 53 39 2
1033381 53 7 1
1033385 53 7 2
1033437 53 56 2
1033462 53 53 0
1033471 53 7 1
1033511 53 7 2
1033607 53 22 2
1033623 53 7 1
1033673 53 7 2
1033717 53 53 2
1033733 53 53 2
1033742 53 7 2
1033867 53 34 2
1033881 53 7 1
1033934 53 7 2
1033950 53 7 1
1034127 53 12 2
1034201 53 7 2
1034227 53 7 1
1034237 53 52 2
1034271 53 7 2
1034309 53 54 0
1034447 53 24 2
1034537 53 7 2
1034588 53 54 2
1034653 53 7 1
1034735 53 7 1
1034877 53 8 2
1034904 53 7 1
1034982 53 7 2
1034991 53 7 1
1035017 53 29 2
1035067 53 7 2
1035104 53 7 1
1035127 53 1 2
1035164 53 55 0
1035234 53 7 2
1035237 53 18 2
1035299 53 7 1
1035319 53 7 2
1035347 53 21 2
1035377 53 7 1
1035405 53 7 2
1035425 53 55 2
1035503 53 7 1
1035527 53 23 2
1035601 53 7 2
1035629 53 7 1
1035637 53 50 2
1035687 53 7 2
1035742 53 7 1
1035747 53 20 2
1035813 53 7 2
1035857 53 32 2
1035881 53 7 1
1035941 53 7 2
1035977 53 25 2
1036001 53 56 0
1036011 53 7 1
1036059 53 7 2
1036078 53 7 1
1036107 53 13 2
1036173 53 7 2
1036190 53 7 1
1036247 53 11 2
1036329 53 7 2
1036357 53 54 2
1036385 53 56 2
1036392 53 7 2
1036477 53 61 2
1036509 53 7 1
1036510 53 7 2
1036601 53 7 1
1036737 53 6 2
1036810 53 7 1
1036818 53 7 2
1036847 53 19 2
1036895 53 7 1
1036921 53 7 2
1036961 53 57 0
1037005 53 7 1
1037037 53 5 2
1037113 53 7 2
1037143 53 7 1
1037147 53 35 2
1037207 53 7 2
1037257 53 42 2
1037281 53 7 1
1037315 53 7 2
1037335 53 57 2
1037367 53 40 2
1037377 53 7 1
1037441 53 7 2
1037507 53 31 2
1037573 53 7 2
1037617 53 46 2
1037659 53 7 2
1037911 53 58 0
1037925 53 7 1
1037987 53 7 1
1038113 53 7 1
1038147 53 7 2
1038181 53 58 2
1038237 53 7 2
1038248 53 7 1
1038257 53 55 2
1038299 53 7 2
1038357 53 7 1
1038377 53 57 2
1038429 53 7 1
1038443 53 7 2
1038487 53 3 2
1038538 53 7 1
1038576 53 7 2
1038597 53 17 2
1038673 53 7 1
1038687 53 7 2
1038707 53 45 2
1038741 53 7 2
1038757 53 59 0
1038827 53 44 2
1038863 53 7 1
1038869 53 7 2
1038947 53 41 2
1039013 53 7 2
1039043 53 59 2
1039107 53 48 2
1039174 53 7 2
1039185 53 7 1
1039271 53 7 1
1039349 53 7 1
1039407 53 9 2
1039483 53 7 1
1039505 53 7 2
1039517 53 33 2
1039591 53 7 2
1039619 53 60 0
1039627 53 51 2
1039669 53 7 2
1039737 53 27 2
1039789 53 7 1
1039803 53 7 2
1039868 53 7 1
1039944 53 60 2
1039985 53 7 1
1040027 53 4 2
1040109 53 7 2
1040137 53 36 2
1040187 53 7 2
1040247 53 28 2
1040265 53 7 1
1040305 53 7 2
1040487 53 16 2
1040520 53 61 0
1040585 53 7 2
1040932 53 61 2
1041508 53 62 0
1041758 53 62 2
1042334 53 63 0
1042543 53 63 2
1043119 53 0 0
1043119 53 0 0
1043225 53 0 2
1043405 53 0 2
1043673 53 2 0
1043779 53 2 2
1043835 53 3 0
1043953 53 3 2
1043957 53 7 0
1044411 53 7 2
1044499 53 4 0
1044499 53 4 0
1044573 53 4 2
1044686 53 4 2
1044795 53 2 0
1044796 53 7 1
1045017 53 2 2
1045074 53 1 0
1045115 53 7 2
1045436 53 1 2
1046012 53 2 0
1046338 53 2 2
1046914 53 3 0
1047250 53 3 2
1047826 53 4 0
1048097 53 4 2
1048673 53 5 0
1048934 53 5 2
1049388 53 49 2
1049510 53 6 0
1049511 53 49 2
1049763 53 49 2
1049906 53 6 2
1050482 53 7 0
1050843 53 7 2
1051419 53 8 0
1051696 53 8 2
1052272 53 9 0
1052586 53 9 2
1053162 53 10 0
1053480 53 10 2
1054056 53 11 0
1054382 53 11 2
1054958 53 12 0
1055256 53 12 2
1055832 53 13 0
1056144 53 13 2
1056720 53 14 0
1057088 53 14 2
1057664 53 15 0
1057995 53 15 2
1058571 53 16 0
1058856 53 16 2
1059432 53 17 0
1059746 53 17 2
1060322 53 18 0
1060632 53 18 2
1061208 53 19 0
1061513 53 19 2
1062089 53 20 0
1062366 53 20 2
1062942 53 21 0
1063224 53 21 2
1063800 53 22 0
1064160 53 22 2
1064736 53 23 0
1065056 53 23 2
1065632 53 24 0
1065917 53 24 2
1066493 53 25 0
1066806 53 25 2
1067382 53 26 0
1067663 53 26 2
1068239 53 27 0
1068545 53 27 2
1069121 53 28 0
1069397 53 28 2
1069973 53 29 0
1070244 53 29 2
1070820 53 30 0
1071172 53 30 2
1071748 53 31 0
1072058 53 31 2
1072634 53 32 0
1072935 53 32 2
1073511 53 33 0
1073865 53 33 2
1074441 53 34 0
1074706 53 34 2
1075282 53 35 0
1075557 53 35 2
1076133 53 36 0
1076436 53 36 2
1077012 53 37 0
1077294 53 37 2
1077870 53 38 0
1078194 53 38 2
1078770 53 39 0
1079061 53 39 2
1079637 53 40 0
1079916 53 40 2
1080492 53 41 0
1080835 53 41 2
1081411 53 42 0
1081708 53 42 2
1082284 53 43 0
1082599 53 43 2
1083175 53 44 0
1083476 53 44 2
1084052 53 45 0
1084344 53 45 2
1084920 53 46 0
1085196 53 46 2
1095900 53 8 0
1096176 53 8 2
1131452 53 31 0
1131534 53 31 2
1131578 53 35 0
1131856 53 35 2
1131916 53 32 0
1132050 53 32 2
1132106 53 46 0
1132174 53 46 2
1132206 53 12 0
1132313 53 12 2
1132325 53 33 0
1132444 53 33 2
1132536 53 34 0
1132643 53 34 2
1132675 53 1 0
1132815 53 1 2
1132859 53 32 0
1132973 53 32 2
1132981 53 35 0
1133070 53 35 2
1133074 53 60 0
1133218 53 60 2
1133234 53 61 0
1133379 53 61 2
1133439 53 48 0
1133547 53 48 2
1133587 53 49 0
1133714 53 49 2
1133750 53 36 0
1133750 53 36 0
1133792 53 36 2
1133832 53 36 2
1133896 53 37 0
1133896 53 37 0
1133931 53 37 2
1133972 53 37 2
1134020 53 58 0
1134020 53 58 0
1134100 53 58 2
1134153 53 58 2
1134165 53 31 0
1134418 53 31 2
1134430 53 30 0
1134764 53 30 2
1134772 53 59 0
1134772 53 59 0
1134814 53 59 2
1134868 53 59 2
1134920 53 34 0
1135208 53 34 2
1135248 53 0 0
1135248 53 0 0
1135356 53 0 2
1135521 53 0 2
1135529 53 33 0
1135529 53 33 0
1135595 53 33 2
1135845 53 33 2
1135861 53 60 0
1135951 53 60 2
1135971 53 32 0
1136386 53 32 2
1136462 53 61 0
1136542 53 61 2
1136666 53 62 0
1136734 53 62 2
1136822 53 12 0
1136965 53 12 2
1136977 53 39 0
1137062 53 39 2
1137074 53 13 0
1137201 53 13 2
1137205 53 48 0
1137374 53 48 2
1137386 53 59 0
1137595 53 59 2
1137623 53 54 0
1137623 53 54 0
1137649 53 54 2
1137681 53 54 2
1137721 53 55 0
1137780 53 55 2
1137804 53 56 0
1137924 53 56 2
1137952 53 57 0
1138042 53 57 2
1138106 53 58 0
1138211 53 58 2
1138247 53 49 0
1138399 53 49 2
1138439 53 63 0
1138512 53 63 2
1138560 53 15 0
1138681 53 15 2
1138697 53 44 0
1138790 53 44 2
1138810 53 45 0
1138895 53 45 2
1139143 53 0 0
1139397 53 0 2
1139489 53 1 0
1139688 53 1 2
1139788 53 2 0
1139917 53 2 2
1139925 53 47 0
1139974 53 47 2
1139986 53 41 0
1140100 53 41 2
1140172 53 3 0
1140294 53 3 2
1140554 53 5 0
1140744 53 5 2
1140792 53 6 0
1140928 53 6 2
1141016 53 7 0
1141247 53 7 2
1141355 53 8 0
1141494 53 8 2
1141550 53 1 0
1141550 53 1 0
1141648 53 1 2
1141656 53 1 2
1142104 53 46 0
1142147 53 46 2
1142155 53 4 0
1142311 53 4 2
1142335 53 47 0
1142384 53 47 2
1142528 53 12 0
1142601 53 12 2
1142965 53 10 0
1143111 53 10 2
1143231 53 1 0
1143336 53 1 2
1143784 53 46 0
1143784 53 46 0
1143818 53 46 2
1143826 53 46 2
1143858 53 47 0
1143907 53 47 2
1144051 53 12 0
1144124 53 12 2
1144608 53 1 0
1144608 53 1 0
1144707 53 1 2
1144715 53 1 2
1145147 53 14 0
1145244 53 14 2
1145260 53 46 0
1145358 53 46 2
1145390 53 47 0
1145390 53 47 0
1145432 53 47 2
1145440 53 47 2
1145584 53 12 0
1145584 53 12 0
1145650 53 12 2
1145659 53 12 2
1146143 53 1 0
1146143 53 1 0
1146241 53 1 2
1146249 53 1 2
1146697 53 46 0
1146697 53 46 0
1146731 53 46 2
1146739 53 46 2
1146771 53 47 0
1146771 53 47 0
1146813 53 47 2
1146821 53 47 2
1146965 53 12 0
1146965 53 12 0
1147031 53 12 2
1147038 53 12 2
1147522 53 1 0
1147522 53 1 0
1147620 53 1 2
1147653 53 1 2
1148101 53 46 0
1148101 53 46 0
1148135 53 46 2
1148200 53 46 2
1148232 53 47 0
1148232 53 47 0
1148274 53 47 2
1148339 53 47 2
1148483 53 12 0
1148483 53 12 0
1148549 53 12 2
1148606 53 12 2
1149090 53 1 0
1149090 53 1 0
1149188 53 1 2
1149222 53 1 2
1149670 53 46 0
1149670 53 46 0
1149704 53 46 2
1149712 53 46 2
1149744 53 47 0
1149744 53 47 0
1149786 53 47 2
1149796 53 47 2
1149940 53 12 0
1149940 53 12 0
1150007 53 12 2
1150014 53 12 2
1150498 53 1 0
1150498 53 1 0
1150596 53 1 2
1150605 53 1 2
1151053 53 46 0
1151053 53 46 0
1151093 53 46 2
1151094 53 46 2
1151126 53 47 0
1151126 53 47 0
1151168 53 47 2
1151176 53 47 2
1151320 53 12 0
1151320 53 12 0
1151386 53 12 2
1151394 53 12 2
1151878 53 1 0
1151878 53 1 0
1151976 53 1 2
1152001 53 1 2
1152449 53 46 0
1152449 53 46 0
1152483 53 46 2
1152491 53 46 2
1152523 53 47 0
1152523 53 47 0
1152565 53 47 2
1152662 53 47 2
1152806 53 12 0
1152806 53 12 0
1152874 53 12 2
1152880 53 12 2
1153364 53 1 0
1153364 53 1 0
1153463 53 1 2
1153478 53 1 2
1153926 53 46 0
1153926 53 46 0
1153960 53 46 2
1153967 53 46 2
1153999 53 47 0
1153999 53 47 0
1154041 53 47 2
1154048 53 47 2
1154192 53 12 0
1154192 53 12 0
1154258 53 12 2
1154267 53 12 2
1154751 53 1 0
1154751 53 1 0
1154849 53 1 2
1154966 53 1 2
1155414 53 46 0
1155414 53 46 0
1155448 53 46 2
1155456 53 46 2
1155488 53 47 0
1155488 53 47 0
1155530 53 47 2
1155537 53 47 2
1155681 53 12 0
1155681 53 12 0
1155755 53 12 2
1155757 53 12 2
1156145 53 1 0
1156145 53 1 0
1156249 53 1 2
1156252 53 1 2
1156684 53 7 0
1156773 53 7 2
1156789 53 46 0
1156789 53 46 0
1156823 53 46 2
1156830 53 46 2
1156862 53 47 0
1156862 53 47 0
1156904 53 47 2
1156911 53 47 2
1157055 53 12 0
1157055 53 12 0
1157122 53 12 2
1157167 53 12 2
1157651 53 1 0
1157651 53 1 0
1157750 53 1 2
1157797 53 1 2
1158245 53 46 0
1158245 53 46 0
1158279 53 46 2
1158286 53 46 2
1158318 53 47 0
1158318 53 47 0
1158360 53 47 2
1158368 53 47 2
1158512 53 12 0
1158512 53 12 0
1158578 53 12 2
1158585 53 12 2
1159069 53 1 0
1159069 53 1 0
1159167 53 1 2
1159205 53 1 2
1159653 53 46 0
1159653 53 46 0
1159687 53 46 2
1159695 53 46 2
1159727 53 47 0
1159727 53 47 0
1159769 53 47 2
1159809 53 47 2
1159953 53 5 0
1160077 53 5 2
1160085 53 61 0
1160085 53 61 0
1160111 53 61 2
1160216 53 61 2
1160224 53 29 0
1160475 53 29 2
1160491 53 62 0
1160491 53 62 0
1160525 53 62 2
1160532 53 62 2
1160808 53 63 0
1160808 53 63 0
1160850 53 63 2
1160955 53 63 2
1161379 53 12 0
1161379 53 12 0
1161445 53 12 2
1161495 53 12 2
1161935 53 11 0
1162060 53 11 2
1162272 53 1 0
1162272 53 1 0
1162370 53 1 2
1162378 53 1 2
1162826 53 46 0
1162826 53 46 0
1162867 53 46 2
1162872 53 46 2
1162904 53 47 0
1162904 53 47 0
1162946 53 47 2
1162957 53 47 2
1163101 53 12 0
1163101 53 12 0
1163167 53 12 2
1163178 53 12 2
1163383 53 52 2
1163662 53 1 0
1163662 53 1 0
1163760 53 1 2
1163768 53 1 2
1164216 53 46 0
1164216 53 46 0
1164250 53 46 2
1164259 53 46 2
1164291 53 47 0
1164291 53 47 0
1164333 53 47 2
1164343 53 47 2
1164487 53 12 0
1164487 53 12 0
1164555 53 12 2
1164566 53 12 2
1165050 53 1 0
1165050 53 1 0
1165149 53 1 2
1165157 53 1 2
1165605 53 46 0
1165605 53 46 0
1165639 53 46 2
1165647 53 46 2
1165679 53 47 0
1165679 53 47 0
1165721 53 47 2
1165729 53 47 2
1165873 53 12 0
1165873 53 12 0
1165939 53 12 2
1165952 53 12 2
1166436 53 1 0
1166436 53 1 0
1166534 53 1 2
1166543 53 1 2
1166991 53 46 0
1166991 53 46 0
1167027 53 46 2
1167138 53 46 2
1167170 53 47 0
1167170 53 47 0
1167212 53 47 2
1167305 53 47 2
1167449 53 12 0
1167548 53 12 2
1168032 53 1 0
1168032 53 1 0
1168130 53 1 2
1168147 53 1 2
1168595 53 46 0
1168595 53 46 0
1168629 53 46 2
1168702 53 46 2
1168734 53 47 0
1168734 53 47 0
1168776 53 47 2
1168879 53 47 2
1169023 53 12 0
1169023 53 12 0
1169089 53 12 2
1169121 53 12 2
1169605 53 1 0
1169605 53 1 0
1169710 53 1 2
1169711 53 1 2
1170143 53 8 0
1170143 53 8 0
1170241 53 8 2
1170258 53 8 2
1170274 53 46 0
1170274 53 46 0
1170325 53 46 2
1170348 53 46 2
1170357 53 47 0
1170357 53 47 0
1170419 53 47 2
1170513 53 47 2
1170657 53 12 0
1170657 53 12 0
1170731 53 12 2
1170783 53 12 2
1171215 53 1 0
1171215 53 1 0
1171330 53 1 2
1171413 53 1 2
1171778 53 46 0
1171778 53 46 0
1171822 53 46 2
1171908 53 46 2
1171940 53 47 0
1171940 53 47 0
1171982 53 47 2
1172075 53 47 2
1172219 53 12 0
1172219 53 12 0
1172286 53 12 2
1172317 53 12 2
1172801 53 1 0
1172801 53 1 0
1172899 53 1 2
1172908 53 1 2
1173356 53 46 0
1173356 53 46 0
1173396 53 46 2
1173398 53 46 2
1173430 53 47 0
1173430 53 47 0
1173479 53 47 2
1173482 53 47 2
1173623 53 12 0
1173623 53 12 0
1173739 53 12 2
1173781 53 12 2
1174223 53 1 0
1174223 53 1 0
1174321 53 1 2
1174329 53 1 2
1174777 53 46 0
1174777 53 46 0
1174821 53 46 2
1174853 53 47 0
1174853 53 47 0
1174891 53 46 2
1174945 53 47 2
1175036 53 47 2
1175089 53 12 0
1175089 53 12 0
1175187 53 12 2
1175202 53 12 2
1175686 53 1 0
1175686 53 1 0
1175784 53 1 2
1175792 53 1 2
1176240 53 46 0
1176240 53 46 0
1176274 53 46 2
1176281 53 46 2
1176313 53 47 0
1176313 53 47 0
1176395 53 47 2
1176403 53 47 2
1176547 53 12 0
1176547 53 12 0
1176653 53 12 2
1176671 53 12 2
1177155 53 1 0
1177155 53 1 0
1177253 53 1 2
1177260 53 1 2
1177708 53 46 0
1177708 53 46 0
1177742 53 46 2
1177750 53 46 2
1177782 53 47 0
1177782 53 47 0
1177854 53 47 2
1177873 53 47 2
1178017 53 12 0
1178017 53 12 0
1178114 53 12 2
1178134 53 12 2
1178618 53 1 0
1178618 53 1 0
1178716 53 1 2
1178724 53 1 2
1179172 53 46 0
1179172 53 46 0
1179206 53 46 2
1179214 53 46 2
1179246 53 47 0
1179246 53 47 0
1179318 53 47 2
1179336 53 47 2
1179480 53 12 0
1179480 53 12 0
1179578 53 12 2
1179590 53 12 2
1180074 53 1 0
1180074 53 1 0
1180172 53 1 2
1180180 53 1 2
1180628 53 46 0
1180628 53 46 0
1180663 53 46 2
1180676 53 46 2
1180708 53 47 0
1180708 53 47 0
1180780 53 47 2
1180799 53 47 2
1180943 53 12 0
1180943 53 12 0
1181040 53 12 2
1181056 53 12 2
1181540 53 1 0
1181540 53 1 0
1181638 53 1 2
1181646 53 1 2
1182078 53 9 0
1182184 53 9 2
1182200 53 46 0
1182200 53 46 0
1182244 53 46 2
1182246 53 46 2
1182278 53 47 0
1182278 53 47 0
1182330 53 47 2
1182351 53 47 2
1182495 53 12 0
1182495 53 12 0
1182591 53 12 2
1182603 53 12 2
1183087 53 1 0
1183087 53 1 0
1183185 53 1 2
1183192 53 1 2
1183640 53 46 0
1183640 53 46 0
1183674 53 46 2
1183681 53 46 2
1183713 53 47 0
1183713 53 47 0
1183795 53 47 2
1183803 53 47 2
1183947 53 12 0
1183947 53 12 0
1184053 53 12 2
1184072 53 12 2
1184556 53 1 0
1184556 53 1 0
1184654 53 1 2
1184662 53 1 2
1185110 53 46 0
1185110 53 46 0
1185144 53 46 2
1185153 53 46 2
1185185 53 47 0
1185185 53 47 0
1185267 53 47 2
1185288 53 47 2
1185432 53 12 0
1185432 53 12 0
1185546 53 12 2
1185618 53 12 2
1186030 53 1 0
1186030 53 1 0
1186138 53 1 2
1186251 53 1 2
1186586 53 46 0
1186586 53 46 0
1186629 53 46 2
1186651 53 46 2
1186661 53 47 0
1186661 53 47 0
1186754 53 47 2
1186773 53 47 2
1186898 53 12 0
1186898 53 12 0
1187006 53 12 2
1187094 53 12 2
1187490 53 1 0
1187490 53 1 0
1187588 53 1 2
1187602 53 1 2
1188050 53 46 0
1188050 53 46 0
1188084 53 46 2
1188092 53 46 2
1188124 53 47 0
1188124 53 47 0
1188196 53 47 2
1188214 53 47 2
1188358 53 12 0
1188358 53 12 0
1188454 53 12 2
1188475 53 12 2
1188959 53 1 0
1188959 53 1 0
1189057 53 1 2
1189066 53 1 2
1189514 53 46 0
1189514 53 46 0
1189548 53 46 2
1189559 53 46 2
1189591 53 47 0
1189591 53 47 0
1189666 53 47 2
1189674 53 47 2
1189818 53 12 0
1189818 53 12 0
1189925 53 12 2
1189933 53 12 2
1190417 53 1 0
1190417 53 1 0
1190515 53 1 2
1190523 53 1 2
1190971 53 46 0
1190971 53 46 0
1191005 53 46 2
1191083 53 46 2
1191115 53 47 0
1191115 53 47 0
1191157 53 47 2
1191234 53 47 2
1191378 53 12 0
1191378 53 12 0
1191477 53 12 2
1191514 53 12 2
1191961 53 1 0
1191961 53 1 0
1192076 53 1 2
1192139 53 1 2
1192524 53 46 0
1192524 53 46 0
1192578 53 46 2
1192625 53 46 2
1192657 53 47 0
1192657 53 47 0
1192720 53 47 2
1192777 53 47 2
1192921 53 12 0
1192921 53 12 0
1192997 53 12 2
1193020 53 12 2
1193504 53 1 0
1193504 53 1 0
1193602 53 1 2
1193612 53 1 2
1194044 53 10 0
1194141 53 10 2
1194157 53 46 0
1194157 53 46 0
1194191 53 46 2
1194248 53 46 2
1194280 53 47 0
1194280 53 47 0
1194322 53 47 2
1194409 53 47 2
1194553 53 12 0
1194553 53 12 0
1194619 53 12 2
1194651 53 12 2
1195135 53 1 0
1195135 53 1 0
1195235 53 1 2
1195254 53 1 2
1195702 53 46 0
1195702 53 46 0
1195736 53 46 2
1195793 53 46 2
1195825 53 47 0
1195825 53 47 0
1195867 53 47 2
1195944 53 47 2
1196088 53 12 0
1196088 53 12 0
1196154 53 12 2
1196187 53 12 2
1196671 53 1 0
1196671 53 1 0
1196769 53 1 2
1196776 53 1 2
1197224 53 46 0
1197224 53 46 0
1197258 53 46 2
1197291 53 46 2
1197323 53 47 0
1197323 53 47 0
1197375 53 47 2
1197438 53 47 2
1197582 53 12 0
1197582 53 12 0
1197658 53 12 2
1197715 53 12 2
1198199 53 1 0
1198199 53 1 0
1198297 53 1 2
1198305 53 1 2
1198753 53 46 0
1198753 53 46 0
1198787 53 46 2
1198820 53 46 2
1198852 53 47 0
1198852 53 47 0
1198906 53 47 2
1198976 53 47 2
1199120 53 12 0
1199120 53 12 0
1199196 53 12 2
1199251 53 12 2
1199735 53 1 0
1199735 53 1 0
1199833 53 1 2
1199842 53 1 2
1200290 53 46 0
1200290 53 46 0
1200324 53 46 2
1200357 53 46 2
1200389 53 47 0
1200389 53 47 0
1200452 53 47 2
1200513 53 47 2
1200657 53 12 0
1200657 53 12 0
1200733 53 12 2
1200788 53 12 2
1201272 53 1 0
1201272 53 1 0
1201370 53 1 2
1201415 53 1 2
1201863 53 46 0
1201863 53 46 0
1201897 53 46 2
1201940 53 46 2
1201972 53 47 0
1201972 53 47 0
1202035 53 47 2
1202096 53 47 2
1202240 53 12 0
1202240 53 12 0
1202316 53 12 2
1202371 53 12 2
1202855 53 1 0
1202855 53 1 0
1202953 53 1 2
1202961 53 1 2
1203409 53 46 0
1203409 53 46 0
1203444 53 46 2
1203453 53 46 2
1203485 53 47 0
1203485 53 47 0
1203547 53 47 2
1203567 53 47 2
1203711 53 12 0
1203711 53 12 0
1203809 53 12 2
1203827 53 12 2
1204311 53 1 0
1204311 53 1 0
1204410 53 1 2
1204419 53 1 2
1204867 53 46 0
1204867 53 46 0
1204901 53 46 2
1204909 53 46 2
1204941 53 47 0
1204941 53 47 0
1205013 53 47 2
1205031 53 47 2
1205175 53 12 0
1205175 53 12 0
1205271 53 12 2
1205291 53 12 2
1205775 53 1 0
1205775 53 1 0
1205873 53 1 2
1205881 53 1 2
1206313 53 11 0
1206313 53 11 0
1206390 53 11 2
1206440 53 11 2
1206456 53 46 0
1206456 53 46 0
1206490 53 46 2
1206564 53 46 2
1206596 53 47 0
1206596 53 47 0
1206638 53 47 2
1206713 53 47 2
1206857 53 12 0
1206857 53 12 0
1206923 53 12 2
1206980 53 12 2
1207464 53 1 0
1207464 53 1 0
1207562 53 1 2
1207596 53 1 2
1208044 53 46 0
1208044 53 46 0
1208080 53 46 2
1208087 53 46 2
1208119 53 47 0
1208119 53 47 0
1208161 53 47 2
1208169 53 47 2
1208313 53 12 0
1208313 53 12 0
1208399 53 12 2
1208407 53 12 2
1208891 53 1 0
1208891 53 1 0
1208989 53 1 2
1209033 53 1 2
1209481 53 46 0
1209481 53 46 0
1209515 53 46 2
1209539 53 46 2
1209571 53 47 0
1209571 53 47 0
1209634 53 47 2
1209679 53 47 2
1209823 53 12 0
1209823 53 12 0
1209909 53 12 2
1209963 53 12 2
1210447 53 1 0
1210447 53 1 0
1210545 53 1 2
1210593 53 1 2
1211041 53 46 0
1211041 53 46 0
1211076 53 46 2
1211099 53 46 2
1211131 53 47 0
1211131 53 47 0
1211203 53 47 2
1211248 53 47 2
1211392 53 12 0
1211392 53 12 0
1211478 53 12 2
1211535 53 12 2
1212019 53 1 0
1212019 53 1 0
1212117 53 1 2
1212131 53 1 2
1212579 53 46 0
1212579 53 46 0
1212615 53 46 2
1212622 53 46 2
1212654 53 47 0
1212654 53 47 0
1212706 53 47 2
1212728 53 47 2
1212872 53 12 0
1212872 53 12 0
1212968 53 12 2
1213023 53 12 2
1213507 53 1 0
1213507 53 1 0
1213606 53 1 2
1213638 53 1 2
1214086 53 46 0
1214086 53 46 0
1214121 53 46 2
1214137 53 46 2
1214169 53 47 0
1214169 53 47 0
1214211 53 47 2
1214239 53 47 2
1214383 53 12 0
1214383 53 12 0
1214479 53 12 2
1214487 53 12 2
1214971 53 1 0
1214971 53 1 0
1215069 53 1 2
1215112 53 1 2
1215560 53 46 0
1215560 53 46 0
1215594 53 46 2
1215659 53 46 2
1215691 53 47 0
1215691 53 47 0
1215734 53 47 2
1215800 53 47 2
1215944 53 12 0
1215944 53 12 0
1216010 53 12 2
1216077 53 12 2
1216561 53 1 0
1216561 53 1 0
1216659 53 1 2
1216692 53 1 2
1217140 53 46 0
1217140 53 46 0
1217175 53 46 2
1217206 53 46 2
1217238 53 47 0
1217238 53 47 0
1217280 53 47 2
1217312 53 47 2
1217456 53 12 0
1217456 53 12 0
1217522 53 12 2
1217548 53 12 2
1218032 53 1 0
1218032 53 1 0
1218130 53 1 2
1218163 53 1 2
1218595 53 12 0
1218595 53 12 0
1218661 53 12 2
1218669 53 12 2
1218685 53 46 0
1218685 53 46 0
1218719 53 46 2
1218752 53 46 2
1218784 53 47 0
1218784 53 47 0
1218846 53 47 2
1218889 53 47 2
1219033 53 12 0
1219033 53 12 0
1219109 53 12 2
1219196 53 12 2
1219680 53 1 0
1219680 53 1 0
1219779 53 1 2
1219794 53 1 2
1220242 53 46 0
1220242 53 46 0
1220276 53 46 2
1220309 53 46 2
1220341 53 47 0
1220341 53 47 0
1220383 53 47 2
1220430 53 47 2
1220574 53 12 0
1220574 53 12 0
1220641 53 12 2
1220686 53 12 2
1221170 53 1 0
1221170 53 1 0
1221268 53 1 2
1221286 53 1 2
1221734 53 46 0
1221734 53 46 0
1221769 53 46 2
1221811 53 46 2
1221843 53 47 0
1221843 53 47 0
1221895 53 47 2
1221940 53 47 2
1222084 53 12 0
1222084 53 12 0
1222160 53 12 2
1222197 53 12 2
1222681 53 1 0
1222681 53 1 0
1222780 53 1 2
1222811 53 1 2
1223259 53 46 0
1223259 53 46 0
1223294 53 46 2
1223359 53 46 2
1223391 53 47 0
1223391 53 47 0
1223433 53 47 2
1223499 53 47 2
1223643 53 12 0
1223643 53 12 0
1223709 53 12 2
1223766 53 12 2
1224250 53 1 0
1224250 53 1 0
1224348 53 1 2
1224382 53 1 2
1224830 53 46 0
1224830 53 46 0
1224865 53 46 2
1224930 53 46 2
1224962 53 47 0
1224962 53 47 0
1225004 53 47 2
1225070 53 47 2
1225214 53 12 0
1225214 53 12 0
1225280 53 12 2
1225337 53 12 2
1225821 53 1 0
1225821 53 1 0
1225920 53 1 2
1225953 53 1 2
1226401 53 46 0
1226401 53 46 0
1226441 53 46 2
1226490 53 46 2
1226522 53 47 0
1226522 53 47 0
1226566 53 47 2
1226615 53 47 2
1226759 53 12 0
1226759 53 12 0
1226826 53 12 2
1226866 53 12 2
1227350 53 1 0
1227350 53 1 0
1227448 53 1 2
1227481 53 1 2
1227929 53 46 0
1227929 53 46 0
1227963 53 46 2
1228012 53 46 2
1228044 53 47 0
1228044 53 47 0
1228086 53 47 2
1228135 53 47 2
1228279 53 12 0
1228279 53 12 0
1228346 53 12 2
1228403 53 12 2
1228887 53 1 0
1228887 53 1 0
1228989 53 1 2
1228992 53 1 2
1229440 53 46 0
1229440 53 46 0
1229474 53 46 2
1229482 53 46 2
1229514 53 47 0
1229514 53 47 0
1229556 53 47 2
1229605 53 47 2
1229749 53 12 0
1229749 53 12 0
1229815 53 12 2
1229825 53 12 2
1230309 53 1 0
1230309 53 1 0
1230407 53 1 2
1230424 53 1 2
1230872 53 46 0
1230872 53 46 0
1230936 53 46 2
1230946 53 46 2
1230978 53 47 0
1230978 53 47 0
1231060 53 47 2
1231129 53 47 2
1231273 53 12 0
1231273 53 12 0
1231339 53 12 2
1231348 53 12 2
1231832 53 1 0
1231832 53 1 0
1231931 53 1 2
1231961 53 1 2
1232409 53 46 0
1232409 53 46 0
1232443 53 46 2
1232508 53 46 2
1232540 53 47 0
1232540 53 47 0
1232583 53 47 2
1232660 53 47 2
1232804 53 12 0
1232804 53 12 0
1232870 53 12 2
1232927 53 12 2
1233122 53 47 2
1233411 53 1 0
1233411 53 1 0
1233509 53 1 2
1233542 53 1 2
1233990 53 46 0
1233990 53 46 0
1234024 53 46 2
1234089 53 46 2
1234121 53 47 0
1234121 53 47 0
1234163 53 47 2
1234231 53 47 2
1234375 53 12 0
1234375 53 12 0
1234442 53 12 2
1234500 53 12 2
1234984 53 1 0
1235116 53 1 2
1235564 53 46 0
1235564 53 46 0
1235598 53 46 2
1235663 53 46 2
1235695 53 47 0
1235695 53 47 0
1235737 53 47 2
1235804 53 47 2
1235948 53 12 0
1235948 53 12 0
1236014 53 12 2
1236074 53 12 2
1236558 53 1 0
1236558 53 1 0
1236656 53 1 2
1236689 53 1 2
1237100 53 52 2
1237137 53 46 0
1237137 53 46 0
1237171 53 46 2
1237236 53 46 2
1237268 53 47 0
1237268 53 47 0
1237310 53 47 2
1237375 53 47 2
1237519 53 12 0
1237519 53 12 0
1237585 53 12 2
1237646 53 12 2
1237778 53 1 0
1238540 53 1 2
1238884 53 9 0
1238998 53 9 2
1239122 53 55 0
1239196 53 55 2
1239200 53 1 0
1239200 53 1 0
1239298 53 1 2
1239334 53 1 2
1239358 53 56 0
1239441 53 57 2
1239472 53 56 2
1239492 53 45 0
1239558 53 45 2
1239574 53 1 0
1239836 53 1 2
1239872 53 1 0
1239998 53 1 2
1240002 53 46 0
1240068 53 46 2
1240105 53 54 2
1240144 53 63 0
1240352 53 63 2
1240360 53 47 0
1240438 53 47 2
1240542 53 62 0
1240542 53 62 0
1240576 53 62 2
1240584 53 62 2
1240652 53 29 0
1240775 53 29 2
1240815 53 30 0
1240919 53 50 2
1240927 53 30 2
1240971 53 17 0
1241094 53 17 2
1241150 53 18 0
1241274 53 18 2
1241322 53 19 0
1241448 53 19 2
1241484 53 21 0
1241606 53 21 2
1241638 53 22 0
1241758 53 22 2
1242114 53 61 0
1242114 53 61 0
1242160 53 61 2
1242167 53 61 2
1242412 53 51 2
1242703 53 1 0
1242808 53 1 2
1242892 53 58 0
1242892 53 58 0
1242942 53 58 2
1242950 53 58 2
1243030 53 59 0
1243030 53 59 0
1243072 53 59 2
1243083 53 59 2
1276075 53 2 0
1276076 53 7 1
1276301 53 2 2
1276399 53 7 2
1299605 53 2 0
1299606 53 7 1
1299831 53 2 2
1299929 53 7 2
1333658 53 2 0
1333659 53 7 1
1333884 53 2 2
1333982 53 7 2
1356988 53 2 0
1356989 53 7 1
1357214 53 2 2
1357312 53 7 2
1391204 53 2 0
1391205 53 7 1
1391434 53 2 2
1391532 53 7 2
1414584 53 2 0
1414585 53 7 1
1414804 53 2 2
1414902 53 7 2
1447995 53 2 0
1447996 53 7 1
1448221 53 2 2
1448319 53 7 2
1471295 53 2 0
1471296 53 7 1
1471521 53 2 2
1471619 53 7 2
1505242 53 2 0
1505243 53 7 1
1505468 53 2 2
1505566 53 7 2
1528572 53 2 0
1528573 53 7 1
1528798 53 2 2
1528896 53 7 2
1593532 53 2 0
1593533 53 7 1
1593756 53 2 2
1593854 53 7 2
1617002 53 2 0
1617003 53 7 1
1617226 53 2 2
1617324 53 7 2
1650849 53 2 0
1650850 53 7 1
1651075 53 2 2
1651173 53 7 2
1674159 53 2 0
1674160 53 7 1
1674385 53 2 2
1674483 53 7 2
1708075 53 2 0
1708076 53 7 1
1708311 53 2 2
1708409 53 7 2
1731535 53 2 0
1731536 53 7 1
1731761 53 2 2
1731859 53 7 2
1764874 53 2 0
1764875 53 7 1
1765100 53 2 2
1765198 53 7 2
1788184 53 2 0
1788185 53 7 1
1788410 53 2 2
1788508 53 7 2
1822179 53 2 0
1822180 53 7 1
1822405 53 2 2
1822503 53 7 2
1845479 53 2 0
1845480 53 7 1
1845705 53 2 2
1845803 53 7 2
1879303 53 2 0
1879304 53 7 1
1879529 53 2 2
1879627 53 7 2
1902663 53 2 0
1902664 53 7 1
1902889 53 2 2
1902987 53 7 2
1936549 53 2 0
1936550 53 7 1
1936775 53 2 2
1936873 53 7 2
1959889 53 2 0
1959890 53 7 1
1960115 53 2 2
1960213 53 7 2
1995709 53 36 0
1995709 53 36 0
1997354 53 36 2
2000931 53 36 2
2000975 53 37 0
2000975 53 37 0
2001692 53 37 2
2001824 53 8 0
2001824 53 8 0
2001922 53 8 2
2001930 53 8 2
2001978 53 0 0
2001978 53 0 0
2002085 53 0 2
2002093 53 0 2
2002152 53 50 2
2002181 53 36 0
2002181 53 36 0
2002223 53 36 2
2002471 53 36 2
2002480 53 52 2
2002489 53 37 2
2002503 53 38 0
2002503 53 38 0
2002625 53 38 2
2002737 53 50 2
2002851 53 50 2
2002866 53 38 2
2002938 53 33 0
2002938 53 33 0
2003004 53 33 2
2003012 53 33 2
2003100 53 54 0
2003100 53 54 0
2003146 53 54 2
2003155 53 52 2
2003293 53 52 2
2003389 53 54 2
2003421 53 12 0
2003421 53 12 0
2003487 53 12 2
2003544 53 12 2
2003556 53 2 0
2003557 53 4 0
2003608 53 37 0
2003608 53 37 0
2003642 53 37 2
2004000 53 37 2
2004988 53 47 0
2005762 53 47 2
2005786 53 11 0
2005786 53 11 0
2005861 53 11 2
2005866 53 11 2
2005994 53 1 0
2005994 53 1 0
2006092 53 1 2
2006208 53 49 2
2006578 53 1 2
2006631 53 51 2
2006848 53 49 2
2007178 53 4 0
2007178 53 4 0
2007243 53 51 2
2007358 53 51 2
2007362 53 4 2
2007423 53 4 2
2007955 53 38 0
2007955 53 38 0
2007997 53 38 2
2008005 53 38 2
2008161 53 46 0
2008262 53 46 2
2008282 53 4 0
2008282 53 4 0
2008356 53 4 2
2008591 53 4 2
2008623 53 0 0
2008623 53 0 0
2008729 53 0 2
2008737 53 0 2
2008885 53 47 0
2008993 53 47 2
2009009 53 12 0
2009139 53 12 2
2009175 53 47 0
2009281 53 47 2
2009917 53 33 0
2009917 53 33 0
2009984 53 33 2
2010033 53 33 2
2010453 53 63 0
2010453 53 63 0
2010535 53 63 2
2010900 53 63 2
2011104 53 58 0
2011104 53 58 0
2011154 53 58 2
2011210 53 58 2
2011294 53 46 0
2011430 53 46 2
2012602 53 3 0
2014311 53 3 2
2014319 53 19 0
2014395 53 47 2
2014401 53 19 2
2014405 53 3 0
2019293 53 3 2
2020431 53 39 2
2020433 53 3 0
2021789 53 3 2
2022595 53 42 2
2022605 53 3 0
2023177 53 2 0
2023178 53 2 2
2026523 53 3 2
2030261 53 2 0
2030262 53 2 2
2051871 53 7 1
2051872 53 2 0
2052090 53 2 2
2052188 53 7 2
2075251 53 2 0
2075252 53 7 1
2075490 53 2 2
2075588 53 7 2
2091220 53 2 0
2091221 53 2 2
2116016 53 2 0
2116017 53 7 1
2116242 53 2 2
2116340 53 7 2
2139346 53 2 0
2139347 53 7 1
2139572 53 2 2
2139670 53 7 2
2175422 53 2 0
2175423 53 7 1
2175648 53 2 2
2175746 53 7 2
2198782 53 2 0
2198783 53 7 1
2199008 53 2 2
2199106 53 7 2
2234718 53 2 0
2234719 53 7 1
2234944 53 2 2
2235042 53 7 2
2258138 53 2 0
2258139 53 7 1
2258364 53 2 2
2258462 53 7 2
2639714 53 2 0
2639715 53 2 2
2972106 53 33 0
2972106 53 33 0
2972172 53 33 2
2972182 53 33 2
2972706 53 38 0
2972706 53 38 0
2975148 53 38 2
2975496 53 38 2
2975568 53 33 0
2975568 53 33 0
2975635 53 33 2
2975640 53 33 2
2977464 53 15 0
2977464 53 15 0
2977688 53 15 2
2978818 53 0 2
2980575 53 15 2
2980663 53 38 0
2980663 53 38 0
2980705 53 38 2
2980742 53 38 2
2981026 53 7 0
2981214 53 7 2
2981974 53 33 0
2981974 53 33 0
2982040 53 33 2
2982089 53 33 2
2982369 53 33 0
2982369 53 33 0
2982435 53 33 2
2982443 53 33 2
2983063 53 38 0
2983063 53 38 0
2983113 53 38 2
2983125 53 38 2
2988324 53 2 2
2988329 53 3 0
2992378 53 3 2
3949221 53 38 0
3949221 53 38 0
3951734 53 38 2
3952769 53 2 0
3952770 53 4 0
3952975 53 38 2
3953047 53 33 0
3953047 53 33 0
3953114 53 33 2
3953119 53 33 2
3954673 53 0 2
3955031 53 38 0
3955031 53 38 0
3955073 53 38 2
3955211 53 38 2
3955495 53 7 0
3956363 53 7 2
3957123 53 33 0
3957123 53 33 0
3957189 53 33 2
3957238 53 33 2
3957518 53 33 0
3957518 53 33 0
3957584 53 33 2
3957592 53 33 2
3958212 53 38 0
3958212 53 38 0
3958262 53 38 2
3958274 53 38 2
4925733 53 38 0
4925733 53 38 0
4925784 53 38 2
4925856 53 33 0
4925856 53 33 0
4925922 53 33 2
4925930 53 33 2
4926746 53 38 2
4927842 53 38 0
4927842 53 38 0
4927884 53 38 2
4929532 53 38 2
4930576 53 33 0
4930576 53 33 0
4930642 53 33 2
4930691 53 33 2
4930971 53 33 0
4930971 53 33 0
4931037 53 33 2
4931045 53 33 2
4931665 53 38 0
4931665 53 38 0
4931717 53 38 2
4931719 53 38 2
5902346 53 38 0
5902346 53 38 0
5904778 53 38 2
5904850 53 33 0
5904850 53 33 0
5904916 53 33 2
5904924 53 33 2
5905510 53 38 2
5906836 53 38 0
5906836 53 38 0
5906878 53 38 2
5907696 53 0 2
5908496 53 38 2
5908780 53 7 0
5909266 53 7 2
5910026 53 33 0
5910026 53 33 0
5910092 53 33 2
5910141 53 33 2
5910421 53 33 0
5910421 53 33 0
5910490 53 33 2
5910494 53 33 2
5911114 53 38 0
5911114 53 38 0
5911164 53 38 2
5911186 53 38 2
6878867 53 38 0
6878867 53 38 0
6880033 53 38 2
6880721 53 38 2
6880793 53 33 0
6880793 53 33 0
6880859 53 33 2
6880867 53 33 2
6882779 53 38 0
6882779 53 38 0
6882821 53 38 2
6883559 53 38 2
6884603 53 33 0
6884603 53 33 0
6884669 53 33 2
6884718 53 33 2
6884998 53 33 0
6884998 53 33 0
6885064 53 33 2
6885072 53 33 2
6885692 53 38 0
6885692 53 38 0
6885742 53 38 2
6885864 53 38 2
