0 48 51 0
1403 48 51 2
1407 48 22 0
3603 48 22 2
3615 48 1 0
4211 48 1 2
4231 48 24 0
4382 48 24 2
15859 48 0 1
16064 48 2 2
16154 48 0 2
27286 48 0 1
27493 48 2 2
27582 48 0 2
34129 48 0 1
34334 48 2 2
34424 48 0 2
41734 48 4 0
47003 48 4 2
47055 48 44 0
49116 48 44 2
49128 48 5 0
49255 48 5 2
49267 48 45 0
49684 48 45 2
49752 48 24 0
50142 48 24 2
50174 48 25 0
50336 48 25 2
50344 48 26 0
50487 48 26 2
50527 48 27 0
50661 48 27 2
50681 48 33 0
51122 48 33 2
51142 48 35 0
51262 48 35 2
51270 48 41 0
51884 48 41 2
51900 48 42 0
52175 48 42 2
52207 48 1 0
52270 48 0 1
52366 48 1 2
52402 48 36 0
52493 48 23 2
52523 48 36 2
52535 48 43 0
52606 48 0 2
52921 48 43 2
52937 48 17 0
53075 48 17 2
53167 48 27 0
53301 48 27 2
53305 48 37 0
53438 48 37 2
53450 48 17 0
53586 48 17 2
53594 48 15 0
53948 48 15 2
53988 48 16 0
54514 48 16 2
54554 48 18 0
54671 48 18 2
54695 48 61 0
55678 48 61 2
55690 48 54 0
55850 48 54 2
55870 48 13 0
55992 48 13 2
56000 48 19 0
56121 48 19 2
56125 48 35 0
56668 48 35 2
56684 48 53 0
57046 48 53 2
57086 48 33 0
57200 48 33 2
57212 48 36 0
57327 48 36 2
57347 48 40 0
57691 48 40 2
57715 48 37 0
57843 48 37 2
57947 48 38 0
58087 48 38 2
58091 48 9 0
58384 48 9 2
58408 48 8 0
58523 48 8 2
58531 48 29 0
58658 48 29 2
58698 48 0 0
58812 48 0 2
58824 48 38 0
59036 48 38 2
59052 48 39 0
59929 48 39 2
59933 48 39 0
60640 48 39 2
60696 48 36 0
60811 48 36 2
60843 48 38 0
60994 48 38 2
61010 48 51 0
61124 48 51 2
61180 48 29 0
61472 48 29 2
61480 48 52 0
61740 48 52 2
61776 48 37 0
62062 48 37 2
62082 48 53 0
62301 48 53 2
62325 48 54 0
62717 48 54 2
62733 48 11 0
63015 48 0 1
63192 48 11 2
63204 48 56 0
63223 48 13 2
63328 48 0 2
63857 48 56 2
63861 48 12 0
64161 48 12 2
64169 48 57 0
64383 48 57 2
64387 48 2 0
64714 48 2 2
64766 48 37 0
64895 48 37 2
64911 48 40 0
65085 48 40 2
65141 48 58 0
65378 48 58 2
65438 48 35 0
65561 48 35 2
65565 48 50 0
65679 48 50 2
65699 48 62 0
65999 48 62 2
66027 48 38 0
66355 48 38 2
66427 48 63 0
66910 48 63 2
66950 48 12 0
67251 48 12 2
67275 48 2 0
67394 48 2 2
67418 48 13 0
67753 48 13 2
67849 48 3 0
67965 48 3 2
68005 48 23 0
68162 48 23 2
68178 48 24 0
68344 48 24 2
68452 48 19 0
68784 48 19 2
68792 48 25 0
68915 48 25 2
68943 48 26 0
69056 48 26 2
69136 48 0 0
69217 48 0 2
69225 48 3 0
69347 48 3 2
69391 48 4 0
69512 48 4 2
69608 48 5 0
69760 48 5 2
69800 48 15 0
70132 48 15 2
70140 48 14 0
70557 48 14 2
70569 48 50 0
70772 48 50 2
70800 48 6 0
70931 48 6 2
70951 48 4 0
71181 48 4 2
71189 48 8 0
71360 48 8 2
71364 48 47 0
72246 48 47 2
72254 48 49 0
72494 48 49 2
72510 48 11 0
72675 48 11 2
72711 48 5 0
72835 48 5 2
72859 48 37 0
73144 48 37 2
73208 48 4 0
73323 48 4 2
73327 48 1 0
73450 48 1 2
73478 48 27 0
73597 48 27 2
73605 48 2 0
73720 48 2 2
73732 48 11 0
73886 48 11 2
73894 48 7 0
74123 48 7 2
74143 48 3 0
74256 48 3 2
74364 48 6 0
74494 48 6 2
74514 48 9 0
74787 48 9 2
74959 48 8 0
76263 48 8 2
76275 48 11 0
76420 48 11 2
76440 48 12 0
76563 48 12 2
76587 48 16 0
77039 48 16 2
77047 48 13 0
77176 48 13 2
77224 48 2 0
77350 48 2 2
77386 48 14 0
77515 48 14 2
77519 48 17 0
78061 48 17 2
78069 48 15 0
78274 48 15 2
78294 48 18 0
78667 48 18 2
78691 48 4 0
78813 48 4 2
78853 48 40 0
79830 48 40 2
79834 48 38 0
79834 48 38 0
79873 48 0 1
79916 48 38 2
79994 48 38 2
80002 48 27 0
80083 48 2 2
80115 48 27 2
80135 48 35 0
80172 48 0 2
80240 48 35 2
80296 48 28 0
80432 48 28 2
80500 48 3 0
80532 48 0 1
80605 48 3 2
80609 48 46 0
80743 48 2 2
80832 48 0 2
81008 48 46 2
81028 48 4 0
81144 48 4 2
81176 48 0 0
81292 48 0 2
81296 48 29 0
81426 48 29 2
81518 48 0 1
81570 48 47 0
81628 48 0 1
81723 48 8 2
81788 48 0 2
81833 48 44 2
81898 48 0 2
81910 48 47 2
81982 48 30 0
82121 48 30 2
82473 48 31 0
82625 48 31 2
82629 48 44 0
82749 48 44 2
82757 48 43 0
82871 48 43 2
83003 48 32 0
84902 48 32 2
84974 48 33 0
85087 48 33 2
85135 48 33 0
85319 48 33 2
85327 48 27 0
85444 48 27 2
85548 48 54 0
85740 48 54 2
85752 48 28 0
85884 48 28 2
85900 48 38 0
86223 48 38 2
86231 48 56 0
86799 48 0 1
87003 48 62 2
87084 48 0 2
87380 48 0 1
87583 48 26 2
87648 48 0 2
87856 48 56 2
87872 48 39 0
88148 48 39 2
88248 48 41 0
88463 48 41 2
88511 48 61 0
88689 48 61 2
88693 48 39 0
88850 48 39 2
88862 48 7 0
89002 48 7 2
89062 48 8 0
89221 48 8 2
89253 48 63 0
89768 48 63 2
89876 48 0 0
90064 48 0 2
90092 48 57 0
90555 48 57 2
90623 48 58 0
90745 48 58 2
90829 48 46 0
90979 48 46 2
90991 48 59 0
91141 48 59 2
91173 48 32 0
91496 48 32 2
91504 48 50 0
91689 48 50 2
91765 48 60 0
92445 48 60 2
92453 48 62 0
92763 48 62 2
92767 48 3 0
92903 48 3 2
92915 48 5 0
93040 48 5 2
93068 48 17 0
93273 48 17 2
93293 48 6 0
93429 48 6 2
93521 48 11 0
93852 48 11 2
93860 48 10 0
93975 48 10 2
93995 48 11 0
94189 48 11 2
94197 48 6 0
94329 48 6 2
94365 48 36 0
94695 48 36 2
94755 48 12 0
94874 48 12 2
94882 48 0 0
95015 48 0 2
95139 48 15 0
95139 48 15 0
95253 48 15 2
95320 48 15 2
95440 48 7 0
95605 48 7 2
95621 48 0 0
95716 48 0 2
96118 48 0 2
96130 48 14 0
96260 48 14 2
96456 48 61 0
97186 48 61 2
97258 48 54 0
97528 48 54 2
97560 48 55 0
97721 48 0 1
97807 48 55 2
97831 48 0 1
97924 48 37 2
97961 48 0 1
98006 48 0 2
98034 48 38 2
98035 48 40 0
98082 48 0 1
98117 48 40 2
98124 48 0 2
98145 48 49 0
98174 48 58 2
98224 48 0 2
98243 48 49 2
98255 48 51 0
98294 48 63 2
98303 48 0 1
98384 48 0 2
98423 48 0 1
98514 48 43 2
98549 48 0 1
98571 48 0 2
98634 48 49 2
98651 48 51 2
98659 48 0 1
98668 48 0 2
98671 48 37 0
98754 48 26 2
98785 48 0 1
98820 48 0 2
98903 48 37 2
98907 48 20 0
98974 48 30 2
99021 48 20 2
99037 48 3 0
99072 48 0 2
99084 48 10 2
99166 48 0 2
99380 48 3 2
99472 48 21 0
99614 48 21 2
99622 48 56 0
100644 48 56 2
100664 48 57 0
100806 48 57 2
100894 48 58 0
101016 48 58 2
101096 48 59 0
101218 48 59 2
101242 48 63 0
101418 48 63 2
101502 48 33 0
101616 48 33 2
135287 48 0 1
135493 48 2 2
135582 48 0 2
136954 48 0 1
137163 48 2 2
137252 48 0 2
156652 48 0 1
156863 48 2 2
156952 48 0 2
182341 48 2 0
182342 48 0 1
182553 48 2 2
182642 48 0 2
192795 48 2 0
192796 48 0 1
193003 48 2 2
193092 48 0 2
203172 48 63 2
252583 48 0 1
252793 48 0 2
252866 48 0 2
256573 48 0 1
256783 48 2 2
256872 48 0 2
266953 48 2 0
266954 48 0 1
267163 48 2 2
267252 48 0 2
271141 48 2 0
271142 48 0 1
271353 48 2 2
271442 48 0 2
281694 48 0 1
281903 48 0 2
281976 48 0 2
287877 48 0 1
288084 48 0 2
288158 48 0 2
321109 48 2 0
321110 48 0 1
321313 48 2 2
321402 48 0 2
403140 48 2 0
403141 48 2 2
433657 48 0 1
433883 48 2 2
433972 48 0 2
473303 48 2 0
473304 48 0 1
473513 48 2 2
473602 48 0 2
477256 48 2 2
477257 48 2 0
512598 48 0 1
512808 48 2 2
512897 48 0 2
542600 48 0 1
542808 48 2 2
542897 48 0 2
607812 48 0 1
608019 48 2 2
608109 48 0 2
631282 48 2 0
631283 48 0 1
631489 48 2 2
631579 48 0 2
639553 48 0 1
639554 48 2 0
639768 48 2 2
639857 48 0 2
671012 48 0 1
671013 48 2 0
671219 48 2 2
671309 48 0 2
694482 48 0 1
694689 48 2 2
694779 48 0 2
732858 48 2 0
732859 48 0 1
733071 48 2 2
733161 48 0 2
756158 48 2 0
756159 48 0 1
756371 48 2 2
756461 48 0 2
795262 48 2 0
795263 48 0 1
795469 48 2 2
795559 48 0 2
818662 48 0 1
818869 48 2 2
818959 48 0 2
854382 48 2 0
854383 48 0 1
854589 48 2 2
854679 48 0 2
877722 48 2 0
877723 48 0 1
877929 48 2 2
878019 48 0 2
926942 48 2 0
926943 48 0 1
927154 48 2 2
927244 48 0 2
950262 48 2 0
950263 48 0 1
950474 48 2 2
950564 48 0 2
983772 48 2 0
983773 48 0 1
983981 48 2 2
984071 48 0 2
1007152 48 2 0
1007153 48 0 1
1007361 48 2 2
1007451 48 0 2
1018936 48 15 0
1018936 48 15 0
1022065 48 0 1
1022268 48 2 2
1022296 48 15 2
1022357 48 0 2
1022926 48 15 2
1023486 48 38 0
1023486 48 38 0
1023598 48 38 2
1023665 48 38 2
1025117 48 7 0
1025316 48 7 2
1025748 48 2 0
1027441 48 0 1
1027649 48 62 2
1027732 48 0 2
1027844 48 0 1
1027986 48 0 1
1028049 48 59 2
1028063 48 0 1
1028107 48 0 2
1028189 48 15 2
1028274 48 0 1
1028299 48 47 2
1028311 48 0 2
1028389 48 0 2
1028479 48 60 2
1028545 48 0 2
1028546 48 0 1
1028627 48 2 2
1028634 48 0 1
1028638 48 0 1
1028663 48 25 0
1028749 48 14 2
1028824 48 0 1
1028825 48 25 2
1028841 48 31 0
1028848 48 63 2
1028863 48 0 2
1028879 48 39 2
1028937 48 0 2
1028948 48 0 1
1028964 48 31 2
1028977 48 0 2
1029000 48 33 0
1029029 48 56 2
1029063 48 0 2
1029134 48 33 2
1029138 48 36 0
1029154 48 0 1
1029159 48 22 2
1029193 48 63 0
1029251 48 36 2
1029259 48 4 0
1029265 48 0 2
1029292 48 0 1
1029359 48 53 2
1029425 48 0 2
1029495 48 4 2
1029499 48 34 2
1029505 48 0 1
1029557 48 0 2
1029587 48 5 0
1029604 48 0 1
1029709 48 63 0
1029709 48 12 2
1029735 48 5 2
1029767 48 34 0
1029810 48 0 2
1029819 48 52 2
1029877 48 0 2
1029910 48 0 1
1029911 48 34 2
1029931 48 35 0
1030050 48 35 2
1030074 48 32 0
1030119 48 24 2
1030169 48 0 2
1030256 48 0 1
1030310 48 32 2
1030333 48 63 0
1030350 48 0 1
1030459 48 8 2
1030483 48 0 1
1030525 48 0 2
1030569 48 29 2
1030578 48 0 1
1030659 48 0 2
1030674 48 38 0
1030674 48 38 0
1030689 48 1 2
1030736 48 0 1
1030758 48 38 2
1030766 48 38 2
1030771 48 0 2
1030799 48 18 2
1030858 48 0 1
1030873 48 0 2
1030939 48 21 2
1030964 48 0 1
1031034 48 63 0
1031037 48 0 2
1031069 48 23 2
1031118 48 0 1
1031179 48 50 2
1031184 48 0 2
1031212 48 0 1
1031220 48 0 2
1031329 48 20 2
1031330 48 0 1
1031418 48 0 2
1031459 48 0 1
1031459 48 32 2
1031502 48 0 2
1031569 48 25 2
1031606 48 0 1
1031627 48 0 2
1031679 48 13 2
1031683 48 0 1
1031784 48 0 2
1031812 48 0 1
1031840 48 11 2
1031929 48 0 2
1031969 48 54 2
1031995 48 0 1
1032043 48 0 2
1032079 48 61 2
1032153 48 0 2
1032199 48 6 2
1032248 48 0 1
1032321 48 0 2
1032384 48 0 1
1032459 48 19 2
1032462 48 0 1
1032540 48 0 2
1032564 48 0 1
1032589 48 5 2
1032699 48 35 2
1032702 48 0 2
1032744 48 0 1
1032765 48 0 2
1032829 48 42 2
1032871 48 0 1
1032879 48 0 2
1032949 48 40 2
1032964 48 0 1
1032982 48 0 2
1033079 48 31 2
1033154 48 2 0
1033155 48 2 2
1033187 48 0 2
1033189 48 46 2
1033271 48 0 2
1033350 48 2 0
1033351 48 2 2
1033407 48 0 1
1033504 48 0 1
1033610 48 9 0
1033619 48 7 2
1033702 48 0 1
1033724 48 9 2
1033729 48 55 2
1033749 48 0 2
1033751 48 63 0
1033756 48 8 0
1033811 48 0 2
1033864 48 0 1
1033872 48 8 2
1033900 48 47 0
1033929 48 57 2
1033958 48 0 1
1033971 48 0 2
1034044 48 0 1
1034069 48 3 2
1034161 48 47 2
1034168 48 0 2
1034179 48 17 2
1034183 48 0 1
1034244 48 0 2
1034289 48 45 2
1034324 48 0 1
1034339 48 0 1
1034363 48 0 2
1034399 48 44 2
1034465 48 0 2
1034529 48 41 2
1034571 48 0 2
1034605 48 48 0
1034614 48 0 1
1034648 48 63 2
1034737 48 0 2
1034742 48 63 0
1034793 48 63 0
1034819 48 48 2
1034826 48 0 1
1034835 48 48 2
1034844 48 0 2
1034883 48 63 0
1034942 48 0 1
1035006 48 63 0
1035029 48 9 2
1035054 48 0 1
1035077 48 63 0
1035103 48 0 2
1035130 48 63 0
1035149 48 33 2
1035190 48 0 1
1035199 48 0 2
1035259 48 51 2
1035308 48 0 2
1035364 48 0 1
1035409 48 27 2
1035411 48 49 0
1035451 48 0 1
1035483 48 0 2
1035570 48 0 1
1035579 48 4 2
1035685 48 0 2
1035699 48 36 2
1035714 48 49 2
1035773 48 0 2
1035809 48 28 2
1035888 48 0 1
1035892 48 0 2
1036099 48 16 2
1036156 48 0 2
1036290 48 50 0
1036334 48 63 0
1036527 48 50 2
1036895 48 63 0
1037103 48 51 0
1037213 48 63 0
1037378 48 51 2
1037819 48 63 0
1037954 48 52 0
1038258 48 52 2
1038447 48 63 0
1038834 48 53 0
1039145 48 53 2
1039721 48 54 0
1039819 48 63 0
1040078 48 54 2
1040305 48 63 0
1040410 48 2 0
1040411 48 0 1
1040619 48 2 2
1040654 48 55 0
1040709 48 0 2
1040906 48 55 2
1041482 48 56 0
1041744 48 56 2
1042320 48 57 0
1042633 48 57 2
1043209 48 58 0
1043515 48 58 2
1044091 48 59 0
1044425 48 59 2
1045001 48 60 0
1045398 48 60 2
1045974 48 61 0
1046302 48 61 2
1046878 48 62 0
1047198 48 62 2
1047774 48 63 0
1048044 48 63 2
1048620 48 0 0
1048620 48 0 0
1048686 48 0 2
1048895 48 0 2
1049163 48 2 0
1049285 48 2 2
1049341 48 3 0
1049464 48 3 2
1049468 48 7 0
1049823 48 7 2
1049911 48 4 0
1049911 48 4 0
1050011 48 4 2
1050111 48 4 2
1050499 48 1 0
1050796 48 1 2
1051372 48 2 0
1051617 48 43 2
1051694 48 2 2
1051748 48 43 2
1051999 48 43 2
1052270 48 3 0
1052615 48 3 2
1053191 48 4 0
1053490 48 4 2
1054066 48 5 0
1054356 48 5 2
1054932 48 6 0
1055326 48 6 2
1055902 48 7 0
1056243 48 7 2
1056819 48 8 0
1057056 48 8 2
1057632 48 9 0
1057925 48 9 2
1058501 48 10 0
1058805 48 10 2
1059381 48 11 0
1059381 48 11 0
1059463 48 11 2
1059715 48 11 2
1060291 48 12 0
1060591 48 12 2
1061167 48 13 0
1061454 48 13 2
1062030 48 14 0
1062398 48 14 2
1062974 48 15 0
1063314 48 15 2
1063890 48 16 0
1064126 48 16 2
1064702 48 17 0
1065034 48 17 2
1065610 48 18 0
1065898 48 18 2
1066474 48 19 0
1066786 48 19 2
1067362 48 20 0
1067660 48 20 2
1068236 48 21 0
1068524 48 21 2
1069100 48 22 0
1069462 48 22 2
1070038 48 23 0
1070347 48 23 2
1070923 48 24 0
1071156 48 24 2
1071732 48 25 0
1072034 48 25 2
1072610 48 26 0
1072902 48 26 2
1073478 48 27 0
1073779 48 27 2
1074355 48 28 0
1074679 48 28 2
1075255 48 29 0
1075544 48 29 2
1076120 48 30 0
1076462 48 30 2
1077038 48 31 0
1077339 48 31 2
1077915 48 32 0
1078246 48 32 2
1078822 48 33 0
1079133 48 33 2
1079709 48 34 0
1079983 48 34 2
1080559 48 35 0
1080851 48 35 2
1081427 48 36 0
1081728 48 36 2
1082304 48 37 0
1082594 48 37 2
1083170 48 38 0
1083494 48 38 2
1084070 48 39 0
1084351 48 39 2
1084927 48 40 0
1085168 48 40 2
1085744 48 41 0
1086084 48 41 2
1086660 48 42 0
1086937 48 42 2
1087513 48 43 0
1087793 48 43 2
1088369 48 44 0
1088678 48 44 2
1089254 48 45 0
1089553 48 45 2
1090129 48 46 0
1090445 48 46 2
1101149 48 8 0
1101386 48 8 2
1130795 48 63 0
1130897 48 63 0
1131491 48 63 0
1131637 48 63 0
1131838 48 63 0
1132225 48 63 0
1132388 48 63 0
1133181 48 63 0
1133346 48 63 0
1133478 48 63 0
1133578 48 63 0
1133706 48 63 0
1133853 48 63 0
1133988 48 63 0
1134125 48 63 0
1134148 48 63 0
1134304 48 63 0
1134325 48 63 0
1134442 48 63 0
1134614 48 63 0
1134752 48 63 0
1134906 48 63 0
1135042 48 63 0
1135142 48 63 0
1135216 48 63 0
1135288 48 63 0
1135374 48 63 0
1135423 48 63 0
1135504 48 63 0
1135578 48 63 0
1135728 48 63 0
1135869 48 63 0
1135900 48 63 0
1135971 48 63 0
1136071 48 63 0
1136351 48 63 0
1136505 48 63 0
1136646 48 63 0
1136662 48 31 0
1136789 48 31 2
1136796 48 63 0
1136833 48 35 0
1136919 48 63 0
1136924 48 63 0
1137100 48 63 0
1137143 48 35 2
1137161 48 63 0
1137203 48 32 0
1137241 48 63 0
1137304 48 63 0
1137332 48 32 2
1137370 48 63 0
1137388 48 46 0
1137413 48 63 0
1137469 48 46 2
1137501 48 12 0
1137545 48 49 2
1137562 48 63 0
1137577 48 63 0
1137598 48 12 2
1137610 48 33 0
1137721 48 63 0
1137729 48 33 2
1137734 48 63 0
1137821 48 34 0
1137882 48 63 0
1137910 48 49 2
1137911 48 63 0
1138003 48 34 2
1138035 48 1 0
1138035 48 1 0
1138126 48 1 2
1138138 48 63 0
1138149 48 1 2
1138170 48 32 0
1138193 48 63 0
1138284 48 63 0
1138316 48 32 2
1138324 48 35 0
1138395 48 63 0
1138449 48 35 2
1138453 48 60 0
1138478 48 63 0
1138577 48 60 2
1138593 48 61 0
1138608 48 63 0
1138663 48 63 0
1138724 48 61 2
1138784 48 48 0
1138793 48 63 0
1138821 48 63 0
1138891 48 48 2
1138931 48 49 0
1138970 48 63 0
1139079 48 49 2
1139113 48 63 0
1139115 48 36 0
1139115 48 36 0
1139116 48 63 0
1139187 48 36 2
1139236 48 36 2
1139257 48 63 0
1139268 48 63 0
1139300 48 37 0
1139300 48 37 0
1139374 48 37 2
1139383 48 63 0
1139413 48 63 0
1139415 48 37 2
1139463 48 58 0
1139463 48 58 0
1139505 48 58 2
1139506 48 63 0
1139526 48 63 0
1139567 48 58 2
1139579 48 31 0
1139685 48 63 0
1139725 48 63 0
1139865 48 63 0
1139880 48 31 2
1139892 48 30 0
1139894 48 63 0
1140036 48 63 0
1140040 48 63 0
1140163 48 63 0
1140194 48 63 0
1140235 48 30 2
1140243 48 59 0
1140243 48 59 0
1140293 48 59 2
1140318 48 63 0
1140342 48 59 2
1140352 48 63 0
1140353 48 47 2
1140394 48 34 0
1140440 48 63 0
1140613 48 63 0
1140674 48 34 2
1140714 48 0 0
1140748 48 63 0
1140882 48 47 2
1140908 48 63 0
1140963 48 0 2
1140971 48 33 0
1141090 48 63 0
1141263 48 33 2
1141279 48 60 0
1141378 48 63 0
1141386 48 60 2
1141406 48 32 0
1141513 48 63 0
1141630 48 63 0
1141644 48 32 2
1141720 48 61 0
1141738 48 63 0
1141822 48 61 2
1141870 48 63 0
1141946 48 62 0
1142028 48 63 0
1142045 48 62 2
1142133 48 63 0
1142133 48 12 0
1142288 48 63 0
1142293 48 12 2
1142305 48 39 0
1142423 48 39 2
1142435 48 13 0
1142469 48 63 0
1142572 48 13 2
1142576 48 48 0
1142591 48 63 0
1142705 48 63 0
1142804 48 48 2
1142816 48 59 0
1142919 48 59 2
1142947 48 54 0
1142947 48 54 0
1143013 48 54 2
1143064 48 54 2
1143104 48 55 0
1143192 48 63 0
1143204 48 55 2
1143228 48 56 0
1143343 48 63 0
1143443 48 56 2
1143471 48 57 0
1143496 48 63 0
1143569 48 57 2
1143610 48 63 0
1143633 48 58 0
1143698 48 2 0
1143699 48 63 0
1143733 48 58 2
1143737 48 63 0
1143769 48 49 0
1143874 48 63 0
1143970 48 49 2
1144010 48 63 0
1144062 48 63 0
1144111 48 63 2
1144159 48 15 0
1144327 48 15 2
1144343 48 44 0
1144349 48 63 0
1144448 48 44 2
1144468 48 45 0
1144529 48 63 0
1144576 48 45 2
1144824 48 0 0
1145695 48 0 2
1145787 48 1 0
1145933 48 1 2
1145971 48 2 0
1145972 48 63 0
1146033 48 2 0
1146181 48 2 2
1146189 48 47 0
1146287 48 47 2
1146299 48 41 0
1146397 48 41 2
1146469 48 3 0
1146615 48 3 2
1146875 48 5 0
1147021 48 5 2
1147069 48 6 0
1147216 48 6 2
1147304 48 7 0
1147453 48 7 2
1147561 48 8 0
1147758 48 8 2
1147814 48 1 0
1147895 48 1 2
1148343 48 46 0
1148424 48 46 2
1148432 48 4 0
1148571 48 46 2
1148648 48 4 2
1148672 48 47 0
1148767 48 47 2
1148911 48 12 0
1148965 48 46 2
1149008 48 12 2
1149372 48 10 0
1149495 48 10 2
1149579 48 46 2
1149615 48 1 0
1149615 48 1 0
1149697 48 1 2
1149719 48 1 2
1150118 48 46 2
1150145 48 46 0
1150227 48 46 2
1150248 48 46 2
1150259 48 47 0
1150259 48 47 0
1150341 48 47 2
1150349 48 47 2
1150493 48 12 0
1150493 48 12 0
1150514 48 46 2
1150583 48 12 2
1150591 48 12 2
1151075 48 1 0
1151128 48 46 2
1151181 48 1 2
1151303 48 45 2
1151629 48 46 0
1151629 48 46 0
1151668 48 46 2
1151689 48 45 2
1151703 48 46 2
1151721 48 46 2
1151753 48 47 0
1151799 48 46 2
1151842 48 47 2
1151986 48 12 0
1152066 48 46 2
1152083 48 12 2
1152296 48 45 2
1152567 48 1 0
1152567 48 1 0
1152649 48 1 2
1152701 48 1 2
1152834 48 44 2
1152837 48 45 2
1152969 48 45 2
1153097 48 46 0
1153097 48 46 0
1153171 48 46 2
1153179 48 46 2
1153208 48 44 2
1153211 48 47 0
1153211 48 47 0
1153228 48 45 2
1153293 48 47 2
1153301 48 47 2
1153445 48 12 0
1153445 48 12 0
1153535 48 12 2
1153543 48 12 2
1153807 48 44 2
1153835 48 45 2
1154027 48 1 0
1154027 48 1 0
1154101 48 1 2
1154109 48 1 2
1154357 48 44 2
1154374 48 45 2
1154488 48 44 2
1154505 48 45 2
1154557 48 46 0
1154557 48 46 0
1154631 48 46 2
1154639 48 46 2
1154671 48 47 0
1154671 48 47 0
1154743 48 44 2
1154753 48 47 2
1154761 48 47 2
1154765 48 45 2
1154905 48 12 0
1154905 48 12 0
1154996 48 12 2
1155076 48 12 2
1155342 48 44 2
1155560 48 1 0
1155560 48 1 0
1155634 48 1 2
1155662 48 1 2
1155886 48 44 2
1156017 48 44 2
1156110 48 46 0
1156110 48 46 0
1156184 48 46 2
1156194 48 46 2
1156226 48 47 0
1156226 48 47 0
1156269 48 44 2
1156308 48 47 2
1156316 48 47 2
1156460 48 12 0
1156460 48 12 0
1156551 48 12 2
1156559 48 12 2
1157043 48 1 0
1157043 48 1 0
1157118 48 1 2
1157126 48 1 2
1157574 48 46 0
1157574 48 46 0
1157648 48 46 2
1157656 48 46 2
1157688 48 47 0
1157688 48 47 0
1157770 48 47 2
1157778 48 47 2
1157922 48 12 0
1157922 48 12 0
1158012 48 12 2
1158020 48 12 2
1158504 48 1 0
1158504 48 1 0
1158578 48 1 2
1158585 48 1 2
1159017 48 14 0
1159147 48 14 2
1159163 48 46 0
1159163 48 46 0
1159262 48 46 2
1159274 48 46 2
1159306 48 47 0
1159306 48 47 0
1159388 48 47 2
1159395 48 47 2
1159539 48 12 0
1159539 48 12 0
1159629 48 12 2
1159636 48 12 2
1160120 48 1 0
1160120 48 1 0
1160194 48 1 2
1160202 48 1 2
1160650 48 46 0
1160650 48 46 0
1160726 48 46 2
1160747 48 46 2
1160779 48 47 0
1160779 48 47 0
1160861 48 47 2
1160869 48 47 2
1161013 48 12 0
1161013 48 12 0
1161103 48 12 2
1161168 48 12 2
1161652 48 1 0
1161652 48 1 0
1161727 48 1 2
1161735 48 1 2
1162183 48 46 0
1162183 48 46 0
1162257 48 46 2
1162272 48 46 2
1162304 48 47 0
1162304 48 47 0
1162386 48 47 2
1162396 48 47 2
1162540 48 12 0
1162540 48 12 0
1162630 48 12 2
1162638 48 12 2
1163122 48 1 0
1163122 48 1 0
1163196 48 1 2
1163204 48 1 2
1163652 48 46 0
1163652 48 46 0
1163726 48 46 2
1163734 48 46 2
1163766 48 47 0
1163766 48 47 0
1163848 48 47 2
1163855 48 47 2
1163999 48 12 0
1163999 48 12 0
1164089 48 12 2
1164097 48 12 2
1164581 48 1 0
1164581 48 1 0
1164656 48 1 2
1164667 48 1 2
1165115 48 46 0
1165115 48 46 0
1165193 48 46 2
1165197 48 46 2
1165229 48 47 0
1165229 48 47 0
1165311 48 47 2
1165321 48 47 2
1165465 48 12 0
1165465 48 12 0
1165555 48 12 2
1165563 48 12 2
1166047 48 1 0
1166047 48 1 0
1166121 48 1 2
1166138 48 1 2
1166586 48 46 0
1166586 48 46 0
1166660 48 46 2
1166668 48 46 2
1166700 48 47 0
1166700 48 47 0
1166782 48 47 2
1166839 48 47 2
1166983 48 12 0
1166983 48 12 0
1167073 48 12 2
1167081 48 12 2
1167565 48 1 0
1167565 48 1 0
1167639 48 1 2
1167646 48 1 2
1168094 48 46 0
1168094 48 46 0
1168169 48 46 2
1168196 48 46 2
1168228 48 47 0
1168228 48 47 0
1168314 48 47 2
1168318 48 47 2
1168462 48 12 0
1168462 48 12 0
1168552 48 12 2
1168561 48 12 2
1169045 48 1 0
1169045 48 1 0
1169119 48 1 2
1169126 48 1 2
1169574 48 46 0
1169574 48 46 0
1169649 48 46 2
1169663 48 46 2
1169695 48 47 0
1169695 48 47 0
1169778 48 47 2
1169786 48 47 2
1169930 48 12 0
1169930 48 12 0
1170020 48 12 2
1170029 48 12 2
1170417 48 1 0
1170417 48 1 0
1170491 48 1 2
1170498 48 1 2
1170930 48 7 0
1171060 48 7 2
1171076 48 46 0
1171076 48 46 0
1171150 48 46 2
1171158 48 46 2
1171190 48 47 0
1171190 48 47 0
1171272 48 47 2
1171280 48 47 2
1171424 48 12 0
1171424 48 12 0
1171514 48 12 2
1171522 48 12 2
1172006 48 1 0
1172006 48 1 0
1172080 48 1 2
1172088 48 1 2
1172536 48 46 0
1172536 48 46 0
1172610 48 46 2
1172618 48 46 2
1172650 48 47 0
1172650 48 47 0
1172732 48 47 2
1172740 48 47 2
1172884 48 12 0
1172884 48 12 0
1172974 48 12 2
1172982 48 12 2
1173466 48 1 0
1173466 48 1 0
1173540 48 1 2
1173548 48 1 2
1173996 48 46 0
1173996 48 46 0
1174073 48 46 2
1174082 48 46 2
1174114 48 47 0
1174114 48 47 0
1174196 48 47 2
1174204 48 47 2
1174348 48 5 0
1174470 48 5 2
1174478 48 61 0
1174478 48 61 0
1174544 48 61 2
1174610 48 61 2
1174618 48 29 0
1174905 48 29 2
1174921 48 62 0
1174921 48 62 0
1174995 48 62 2
1175003 48 62 2
1175279 48 63 0
1175279 48 63 0
1175361 48 63 2
1175426 48 63 2
1175850 48 12 0
1175850 48 12 0
1175940 48 12 2
1175958 48 12 2
1176096 48 46 2
1176398 48 11 0
1176504 48 11 2
1176716 48 1 0
1176716 48 1 0
1176791 48 1 2
1176796 48 1 2
1177244 48 46 0
1177244 48 46 0
1177318 48 46 2
1177326 48 46 2
1177358 48 47 0
1177358 48 47 0
1177440 48 47 2
1177448 48 47 2
1177592 48 12 0
1177592 48 12 0
1177682 48 12 2
1177693 48 12 2
1178177 48 1 0
1178177 48 1 0
1178251 48 1 2
1178260 48 1 2
1178708 48 46 0
1178708 48 46 0
1178782 48 46 2
1178789 48 46 2
1178821 48 47 0
1178821 48 47 0
1178903 48 47 2
1178910 48 47 2
1179054 48 12 0
1179054 48 12 0
1179144 48 12 2
1179182 48 12 2
1179666 48 1 0
1179666 48 1 0
1179740 48 1 2
1179750 48 1 2
1180198 48 46 0
1180198 48 46 0
1180276 48 46 2
1180283 48 46 2
1180315 48 47 0
1180315 48 47 0
1180397 48 47 2
1180410 48 47 2
1180554 48 12 0
1180554 48 12 0
1180644 48 12 2
1180682 48 12 2
1181166 48 1 0
1181166 48 1 0
1181240 48 1 2
1181249 48 1 2
1181697 48 46 0
1181697 48 46 0
1181771 48 46 2
1181820 48 46 2
1181852 48 47 0
1181852 48 47 0
1181935 48 47 2
1181984 48 47 2
1182128 48 12 0
1182234 48 12 2
1182718 48 1 0
1182718 48 1 0
1182792 48 1 2
1182818 48 1 2
1183266 48 46 0
1183266 48 46 0
1183340 48 46 2
1183389 48 46 2
1183421 48 47 0
1183421 48 47 0
1183503 48 47 2
1183552 48 47 2
1183696 48 12 0
1183696 48 12 0
1183786 48 12 2
1183803 48 12 2
1184287 48 1 0
1184287 48 1 0
1184361 48 1 2
1184369 48 1 2
1184801 48 8 0
1184801 48 8 0
1184859 48 8 2
1184916 48 8 2
1184932 48 46 0
1184932 48 46 0
1185006 48 46 2
1185019 48 46 2
1185051 48 47 0
1185051 48 47 0
1185133 48 47 2
1185193 48 47 2
1185337 48 12 0
1185337 48 12 0
1185427 48 12 2
1185435 48 12 2
1185919 48 1 0
1185919 48 1 0
1185993 48 1 2
1186017 48 1 2
1186465 48 46 0
1186465 48 46 0
1186539 48 46 2
1186595 48 46 2
1186627 48 47 0
1186627 48 47 0
1186712 48 47 2
1186761 48 47 2
1186905 48 12 0
1186905 48 12 0
1186997 48 12 2
1187018 48 12 2
1187502 48 1 0
1187502 48 1 0
1187578 48 1 2
1187586 48 1 2
1188034 48 46 0
1188034 48 46 0
1188108 48 46 2
1188119 48 46 2
1188151 48 47 0
1188151 48 47 0
1188233 48 47 2
1188242 48 47 2
1188386 48 12 0
1188386 48 12 0
1188483 48 12 2
1188486 48 12 2
1188967 48 1 0
1188967 48 1 0
1189041 48 1 2
1189049 48 1 2
1189497 48 46 0
1189497 48 46 0
1189571 48 46 2
1189586 48 46 2
1189618 48 47 0
1189618 48 47 0
1189700 48 47 2
1189713 48 47 2
1189857 48 12 0
1189857 48 12 0
1189947 48 12 2
1189955 48 12 2
1190439 48 1 0
1190439 48 1 0
1190515 48 1 2
1190524 48 1 2
1190972 48 46 0
1190972 48 46 0
1191049 48 46 2
1191055 48 46 2
1191087 48 47 0
1191087 48 47 0
1191170 48 47 2
1191179 48 47 2
1191323 48 12 0
1191323 48 12 0
1191413 48 12 2
1191421 48 12 2
1191905 48 1 0
1191905 48 1 0
1191980 48 1 2
1191988 48 1 2
1192436 48 46 0
1192436 48 46 0
1192510 48 46 2
1192522 48 46 2
1192554 48 47 0
1192554 48 47 0
1192639 48 47 2
1192647 48 47 2
1192791 48 12 0
1192791 48 12 0
1192881 48 12 2
1192889 48 12 2
1193373 48 1 0
1193373 48 1 0
1193447 48 1 2
1193455 48 1 2
1193903 48 46 0
1193903 48 46 0
1193977 48 46 2
1193985 48 46 2
1194017 48 47 0
1194017 48 47 0
1194099 48 47 2
1194106 48 47 2
1194250 48 12 0
1194250 48 12 0
1194340 48 12 2
1194348 48 12 2
1194832 48 1 0
1194832 48 1 0
1194906 48 1 2
1194914 48 1 2
1195362 48 46 0
1195362 48 46 0
1195436 48 46 2
1195444 48 46 2
1195476 48 47 0
1195476 48 47 0
1195558 48 47 2
1195566 48 47 2
1195710 48 12 0
1195710 48 12 0
1195800 48 12 2
1195808 48 12 2
1196292 48 1 0
1196292 48 1 0
1196366 48 1 2
1196374 48 1 2
1196806 48 9 0
1196896 48 9 2
1196912 48 46 0
1196912 48 46 0
1196986 48 46 2
1196994 48 46 2
1197026 48 47 0
1197026 48 47 0
1197108 48 47 2
1197177 48 47 2
1197265 48 46 2
1197321 48 12 0
1197321 48 12 0
1197411 48 12 2
1197419 48 12 2
1197532 48 46 2
1197903 48 1 0
1197903 48 1 0
1197928 48 45 2
1197977 48 1 2
1197985 48 1 2
1198149 48 46 2
1198187 48 45 2
1198433 48 46 0
1198433 48 46 0
1198507 48 46 2
1198517 48 46 2
1198549 48 47 0
1198549 48 47 0
1198631 48 47 2
1198639 48 47 2
1198690 48 46 2
1198783 48 12 0
1198783 48 12 0
1198794 48 45 2
1198821 48 46 2
1198873 48 12 2
1198881 48 12 2
1199088 48 46 2
1199334 48 45 2
1199338 48 44 2
1199365 48 1 0
1199365 48 1 0
1199439 48 1 2
1199447 48 1 2
1199464 48 45 2
1199588 48 44 2
1199709 48 46 2
1199723 48 45 2
1199895 48 46 0
1199895 48 46 0
1199969 48 46 2
1199977 48 46 2
1200009 48 47 0
1200009 48 47 0
1200091 48 47 2
1200098 48 47 2
1200189 48 44 2
1200242 48 12 0
1200242 48 12 0
1200248 48 46 2
1200278 48 39 2
1200330 48 45 2
1200333 48 12 2
1200343 48 12 2
1200379 48 46 2
1200553 48 39 2
1200646 48 46 2
1200728 48 44 2
1200827 48 1 0
1200827 48 1 0
1200860 48 44 2
1200870 48 45 2
1200901 48 1 2
1200909 48 1 2
1201005 48 45 2
1201112 48 44 2
1201177 48 39 2
1201262 48 46 2
1201264 48 45 2
1201357 48 46 0
1201357 48 46 0
1201432 48 46 2
1201440 48 46 2
1201472 48 47 0
1201472 48 47 0
1201514 48 42 2
1201554 48 47 2
1201562 48 47 2
1201706 48 12 0
1201706 48 12 0
1201712 48 44 2
1201732 48 39 2
1201765 48 42 2
1201796 48 12 2
1201801 48 46 2
1201804 48 12 2
1201871 48 39 2
1201872 48 45 2
1201932 48 46 2
1202146 48 39 2
1202204 48 46 2
1202251 48 44 2
1202288 48 1 0
1202288 48 1 0
1202348 48 42 2
1202362 48 1 2
1202370 48 1 2
1202385 48 44 2
1202418 48 45 2
1202549 48 45 2
1202636 48 44 2
1202769 48 39 2
1202808 48 45 2
1202818 48 46 0
1202818 48 46 0
1202823 48 46 2
1202887 48 42 2
1202892 48 46 2
1202930 48 46 2
1202962 48 47 0
1202962 48 47 0
1203020 48 42 2
1203044 48 47 2
1203072 48 47 2
1203216 48 12 0
1203216 48 12 0
1203235 48 44 2
1203271 48 42 2
1203307 48 12 2
1203324 48 39 2
1203333 48 12 2
1203363 48 46 2
1203417 48 45 2
1203463 48 39 2
1203494 48 46 2
1203739 48 39 2
1203767 48 46 2
1203775 48 44 2
1203817 48 1 0
1203817 48 1 0
1203854 48 42 2
1203891 48 1 2
1203906 48 44 2
1203929 48 1 2
1203957 48 45 2
1204090 48 45 2
1204159 48 44 2
1204350 48 45 2
1204362 48 39 2
1204377 48 46 0
1204377 48 46 0
1204382 48 46 2
1204393 48 42 2
1204451 48 46 2
1204459 48 46 2
1204491 48 47 0
1204491 48 47 0
1204524 48 42 2
1204573 48 47 2
1204581 48 47 2
1204725 48 12 0
1204725 48 12 0
1204758 48 44 2
1204775 48 42 2
1204815 48 12 2
1204824 48 12 2
1204917 48 39 2
1204919 48 46 2
1204959 48 45 2
1205053 48 46 2
1205057 48 39 2
1205297 48 44 2
1205308 48 1 0
1205308 48 1 0
1205322 48 46 2
1205332 48 39 2
1205358 48 42 2
1205382 48 1 2
1205410 48 1 2
1205431 48 44 2
1205498 48 45 2
1205628 48 45 2
1205682 48 44 2
1205858 48 46 0
1205858 48 46 0
1205887 48 45 2
1205897 48 42 2
1205932 48 46 2
1205939 48 46 2
1205955 48 39 2
1205972 48 46 2
1206004 48 47 0
1206004 48 47 0
1206028 48 42 2
1206086 48 47 2
1206119 48 47 2
1206263 48 12 0
1206263 48 12 0
1206279 48 42 2
1206281 48 44 2
1206357 48 12 2
1206370 48 12 2
1206494 48 45 2
1206512 48 39 2
1206651 48 39 2
1206821 48 44 2
1206854 48 1 0
1206854 48 1 0
1206862 48 42 2
1206926 48 39 2
1206928 48 1 2
1206953 48 1 2
1206956 48 44 2
1207207 48 44 2
1207401 48 46 0
1207401 48 46 0
1207403 48 42 2
1207475 48 46 2
1207507 48 46 2
1207533 48 42 2
1207539 48 47 0
1207539 48 47 0
1207549 48 39 2
1207621 48 47 2
1207654 48 47 2
1207785 48 42 2
1207798 48 12 0
1207798 48 12 0
1207806 48 44 2
1207889 48 12 2
1207906 48 12 2
1208104 48 39 2
1208243 48 39 2
1208368 48 42 2
1208390 48 1 0
1208390 48 1 0
1208464 48 1 2
1208472 48 1 2
1208519 48 39 2
1208904 48 10 0
1208908 48 42 2
1208959 48 46 2
1209010 48 10 2
1209026 48 46 0
1209026 48 46 0
1209038 48 42 2
1209100 48 46 2
1209133 48 46 2
1209142 48 39 2
1209165 48 47 0
1209165 48 47 0
1209248 48 47 2
1209281 48 47 2
1209289 48 42 2
1209425 48 12 0
1209425 48 12 0
1209472 48 45 2
1209515 48 12 2
1209532 48 12 2
1209872 48 42 2
1210016 48 1 0
1210016 48 1 0
1210090 48 1 2
1210115 48 1 2
1210563 48 46 0
1210563 48 46 0
1210639 48 46 2
1210672 48 46 2
1210704 48 47 0
1210704 48 47 0
1210765 48 44 2
1210788 48 47 2
1210821 48 47 2
1210965 48 12 0
1210965 48 12 0
1211055 48 12 2
1211072 48 12 2
1211556 48 1 0
1211556 48 1 0
1211630 48 1 2
1211637 48 1 2
1212078 48 46 2
1212085 48 46 0
1212085 48 46 0
1212159 48 46 2
1212176 48 39 2
1212192 48 46 2
1212224 48 47 0
1212224 48 47 0
1212306 48 47 2
1212339 48 47 2
1212483 48 12 0
1212483 48 12 0
1212543 48 45 2
1212575 48 12 2
1212608 48 12 2
1212786 48 42 2
1213092 48 1 0
1213092 48 1 0
1213166 48 1 2
1213174 48 1 2
1213511 48 46 2
1213622 48 46 0
1213622 48 46 0
1213696 48 46 2
1213732 48 46 2
1213764 48 47 0
1213764 48 47 0
1213798 48 44 2
1213846 48 47 2
1213879 48 47 2
1213982 48 45 2
1214023 48 12 0
1214023 48 12 0
1214113 48 12 2
1214146 48 12 2
1214630 48 1 0
1214630 48 1 0
1214704 48 1 2
1214711 48 1 2
1214948 48 46 2
1215159 48 46 0
1215159 48 46 0
1215233 48 46 2
1215255 48 44 2
1215265 48 46 2
1215297 48 47 0
1215297 48 47 0
1215307 48 39 2
1215379 48 47 2
1215414 48 47 2
1215426 48 45 2
1215558 48 12 0
1215558 48 12 0
1215648 48 12 2
1215680 48 12 2
1215780 48 42 2
1216164 48 1 0
1216164 48 1 0
1216238 48 1 2
1216295 48 1 2
1216700 48 44 2
1216743 48 46 0
1216743 48 46 0
1216756 48 39 2
1216821 48 46 2
1216853 48 46 2
1216885 48 47 0
1216885 48 47 0
1216967 48 47 2
1217000 48 47 2
1217144 48 12 0
1217144 48 12 0
1217234 48 12 2
1217260 48 42 2
1217267 48 12 2
1217751 48 1 0
1217751 48 1 0
1217825 48 1 2
1217833 48 1 2
1217940 48 46 2
1218203 48 39 2
1218281 48 46 0
1218281 48 46 0
1218300 48 45 2
1218355 48 46 2
1218363 48 46 2
1218395 48 47 0
1218395 48 47 0
1218477 48 47 2
1218480 48 46 2
1218485 48 47 2
1218611 48 46 2
1218629 48 12 0
1218629 48 12 0
1218719 48 12 2
1218728 48 12 2
1218741 48 42 2
1218843 48 45 2
1218885 48 46 2
1218977 48 45 2
1219212 48 1 0
1219212 48 1 0
1219237 48 45 2
1219293 48 1 2
1219295 48 1 2
1219511 48 46 2
1219596 48 44 2
1219743 48 46 0
1219743 48 46 0
1219817 48 46 2
1219826 48 46 2
1219844 48 45 2
1219858 48 47 0
1219858 48 47 0
1219940 48 47 2
1219948 48 47 2
1220050 48 46 2
1220092 48 12 0
1220092 48 12 0
1220135 48 44 2
1220182 48 12 2
1220184 48 46 2
1220190 48 12 2
1220266 48 44 2
1220382 48 45 2
1220451 48 46 2
1220513 48 45 2
1220517 48 44 2
1220674 48 1 0
1220674 48 1 0
1220748 48 1 2
1220756 48 1 2
1220772 48 45 2
1221070 48 46 2
1221087 48 39 2
1221117 48 44 2
1221188 48 11 0
1221188 48 11 0
1221270 48 11 2
1221320 48 11 2
1221336 48 46 0
1221336 48 46 0
1221380 48 45 2
1221410 48 46 2
1221418 48 46 2
1221450 48 47 0
1221450 48 47 0
1221532 48 47 2
1221540 48 47 2
1221642 48 39 2
1221656 48 44 2
1221684 48 12 0
1221684 48 12 0
1221709 48 46 2
1221723 48 42 2
1221774 48 12 2
1221781 48 39 2
1221783 48 12 2
1221786 48 44 2
1221843 48 46 2
1222020 48 45 2
1222036 48 44 2
1222061 48 39 2
1222111 48 46 2
1222151 48 45 2
1222262 48 42 2
1222267 48 1 0
1222267 48 1 0
1222346 48 1 2
1222350 48 1 2
1222393 48 42 2
1222410 48 45 2
1222637 48 44 2
1222644 48 42 2
1222684 48 39 2
1222726 48 46 2
1222798 48 46 0
1222798 48 46 0
1222872 48 46 2
1222881 48 46 2
1222913 48 47 0
1222913 48 47 0
1222995 48 47 2
1223003 48 47 2
1223017 48 45 2
1223147 48 12 0
1223147 48 12 0
1223230 48 42 2
1223237 48 12 2
1223239 48 39 2
1223246 48 12 2
1223275 48 44 2
1223378 48 39 2
1223406 48 44 2
1223653 48 39 2
1223657 48 44 2
1223730 48 1 0
1223730 48 1 0
1223769 48 42 2
1223804 48 1 2
1223812 48 1 2
1223900 48 42 2
1224097 48 46 2
1224151 48 42 2
1224256 48 44 2
1224260 48 46 0
1224260 48 46 0
1224275 48 39 2
1224334 48 46 2
1224359 48 46 2
1224391 48 47 0
1224391 48 47 0
1224404 48 45 2
1224473 48 47 2
1224497 48 47 2
1224641 48 12 0
1224641 48 12 0
1224731 48 12 2
1224734 48 42 2
1224764 48 12 2
1224830 48 39 2
1224969 48 39 2
1225244 48 39 2
1225248 48 1 0
1225248 48 1 0
1225322 48 1 2
1225379 48 1 2
1225382 48 42 2
1225514 48 42 2
1225629 48 44 2
1225766 48 42 2
1225827 48 46 0
1225827 48 46 0
1225868 48 39 2
1225904 48 46 2
1225929 48 46 2
1225961 48 47 0
1225961 48 47 0
1226043 48 47 2
1226071 48 47 2
1226215 48 12 0
1226215 48 12 0
1226307 48 12 2
1226341 48 12 2
1226352 48 42 2
1226825 48 1 0
1226825 48 1 0
1226899 48 1 2
1226909 48 1 2
1227265 48 39 2
1227357 48 46 0
1227357 48 46 0
1227431 48 46 2
1227444 48 46 2
1227476 48 47 0
1227476 48 47 0
1227558 48 47 2
1227566 48 47 2
1227710 48 12 0
1227710 48 12 0
1227758 48 42 2
1227800 48 12 2
1227833 48 12 2
1228317 48 1 0
1228317 48 1 0
1228391 48 1 2
1228399 48 1 2
1228507 48 46 2
1228648 48 45 2
1228847 48 46 0
1228847 48 46 0
1228921 48 46 2
1228930 48 46 2
1228962 48 47 0
1228962 48 47 0
1229044 48 47 2
1229052 48 47 2
1229196 48 12 0
1229196 48 12 0
1229288 48 12 2
1229298 48 12 2
1229782 48 1 0
1229782 48 1 0
1229856 48 1 2
1229868 48 1 2
1229871 48 44 2
1229962 48 46 2
1230100 48 45 2
1230316 48 46 0
1230316 48 46 0
1230390 48 46 2
1230398 48 46 2
1230430 48 47 0
1230430 48 47 0
1230501 48 46 2
1230512 48 47 2
1230524 48 47 2
1230632 48 46 2
1230639 48 45 2
1230668 48 12 0
1230668 48 12 0
1230759 48 12 2
1230767 48 12 2
1230772 48 45 2
1230902 48 46 2
1231031 48 45 2
1231244 48 44 2
1231251 48 1 0
1231251 48 1 0
1231329 48 1 2
1231341 48 1 2
1231473 48 39 2
1231517 48 46 2
1231658 48 45 2
1231786 48 44 2
1231789 48 46 0
1231789 48 46 0
1231863 48 46 2
1231880 48 46 2
1231912 48 47 0
1231912 48 47 0
1231917 48 44 2
1231994 48 47 2
1232014 48 47 2
1232108 48 42 2
1232158 48 12 0
1232158 48 12 0
1232167 48 44 2
1232248 48 12 2
1232266 48 12 2
1232750 48 1 0
1232750 48 1 0
1232767 48 44 2
1232824 48 1 2
1232833 48 1 2
1232869 48 39 2
1232972 48 46 2
1233114 48 45 2
1233265 48 12 0
1233265 48 12 0
1233355 48 12 2
1233366 48 12 2
1233382 48 46 0
1233382 48 46 0
1233424 48 39 2
1233456 48 46 2
1233476 48 46 2
1233508 48 47 0
1233508 48 47 0
1233513 48 42 2
1233567 48 39 2
1233590 48 47 2
1233606 48 47 2
1233750 48 12 0
1233750 48 12 0
1233840 48 12 2
1233850 48 12 2
1233942 48 46 2
1234053 48 42 2
1234073 48 45 2
1234185 48 42 2
1234191 48 44 2
1234334 48 1 0
1234334 48 1 0
1234408 48 1 2
1234441 48 1 2
1234889 48 46 0
1234889 48 46 0
1234936 48 39 2
1234964 48 46 2
1234983 48 46 2
1235015 48 47 0
1235015 48 47 0
1235097 48 47 2
1235115 48 47 2
1235178 48 44 2
1235259 48 12 0
1235259 48 12 0
1235349 48 12 2
1235367 48 12 2
1235851 48 1 0
1235851 48 1 0
1235925 48 1 2
1235958 48 1 2
1236406 48 46 0
1236406 48 46 0
1236480 48 46 2
1236497 48 46 2
1236529 48 47 0
1236529 48 47 0
1236612 48 47 2
1236629 48 47 2
1236656 48 42 2
1236773 48 12 0
1236773 48 12 0
1236863 48 12 2
1236880 48 12 2
1237364 48 1 0
1237444 48 1 2
1237559 48 46 2
1237695 48 45 2
1237892 48 46 0
1237892 48 46 0
1237967 48 46 2
1237975 48 46 2
1238007 48 47 0
1238007 48 47 0
1238089 48 47 2
1238097 48 47 2
1238241 48 12 0
1238241 48 12 0
1238331 48 12 2
1238340 48 12 2
1238594 48 44 2
1238824 48 1 0
1238824 48 1 0
1238898 48 1 2
1238906 48 1 2
1239001 48 46 2
1239140 48 45 2
1239354 48 46 0
1239354 48 46 0
1239428 48 46 2
1239435 48 46 2
1239467 48 47 0
1239467 48 47 0
1239550 48 47 2
1239558 48 47 2
1239702 48 12 0
1239702 48 12 0
1239792 48 12 2
1239800 48 12 2
1239897 48 46 2
1240026 48 45 2
1240097 48 42 2
1240277 48 44 2
1240284 48 1 0
1240284 48 1 0
1240366 48 1 2
1240375 48 1 2
1240823 48 46 0
1240823 48 46 0
1240897 48 46 2
1240914 48 46 2
1240946 48 47 0
1240946 48 47 0
1241028 48 47 2
1241045 48 47 2
1241189 48 12 0
1241189 48 12 0
1241216 48 45 2
1241279 48 12 2
1241296 48 12 2
1241428 48 1 0
1241551 48 1 2
1241703 48 45 2
1241826 48 46 2
1241903 48 1 0
1241963 48 45 2
1241983 48 1 2
1242431 48 46 0
1242431 48 46 0
1242506 48 46 2
1242521 48 46 2
1242553 48 47 0
1242553 48 47 0
1242635 48 47 2
1242652 48 47 2
1242725 48 46 2
1242796 48 12 0
1242796 48 12 0
1242886 48 12 2
1242894 48 12 2
1243026 48 1 0
1243156 48 1 2
1243237 48 46 2
1243508 48 1 0
1243508 48 1 0
1243582 48 1 2
1243607 48 1 2
1244055 48 46 0
1244055 48 46 0
1244129 48 46 2
1244137 48 46 2
1244169 48 47 0
1244169 48 47 0
1244251 48 47 2
1244268 48 47 2
1244412 48 12 0
1244412 48 12 0
1244502 48 12 2
1244510 48 12 2
1244986 48 9 0
1245107 48 9 2
1245231 48 55 0
1245345 48 55 2
1245349 48 1 0
1245450 48 1 2
1245474 48 56 0
1245588 48 56 2
1245608 48 45 0
1245714 48 45 2
1245770 48 46 0
1245876 48 46 2
1245952 48 63 0
1246202 48 63 2
1246210 48 47 0
1246324 48 47 2
1246428 48 62 0
1246428 48 62 0
1246502 48 62 2
1246510 48 62 2
1246578 48 29 0
1246700 48 29 2
1246740 48 30 0
1246862 48 30 2
1246906 48 17 0
1247036 48 17 2
1247092 48 18 0
1247222 48 18 2
1247270 48 19 0
1247400 48 19 2
1247436 48 21 0
1247566 48 21 2
1247598 48 22 0
1247728 48 22 2
1248084 48 61 0
1248084 48 61 0
1248151 48 61 2
1248156 48 61 2
1248692 48 1 0
1248692 48 1 0
1248766 48 1 2
1248774 48 1 2
1248858 48 58 0
1248858 48 58 0
1248900 48 58 2
1248908 48 58 2
1248988 48 59 0
1248988 48 59 0
1249038 48 59 2
1249046 48 59 2
1250123 48 2 0
1250124 48 2 2
1274162 48 2 0
1274163 48 0 1
1274375 48 2 2
1274465 48 0 2
1297692 48 2 0
1297693 48 0 1
1297905 48 2 2
1297995 48 0 2
1331751 48 2 0
1331752 48 0 1
1331958 48 2 2
1332048 48 0 2
1355081 48 2 0
1355082 48 0 1
1355288 48 2 2
1355378 48 0 2
1389271 48 2 0
1389272 48 0 1
1389504 48 2 2
1389594 48 0 2
1412671 48 2 0
1412672 48 0 1
1412884 48 2 2
1412974 48 0 2
1446028 48 2 0
1446029 48 0 1
1446245 48 2 2
1446335 48 0 2
1469388 48 2 0
1469389 48 0 1
1469595 48 2 2
1469685 48 0 2
1503245 48 2 0
1503246 48 0 1
1503452 48 2 2
1503542 48 0 2
1526665 48 2 0
1526666 48 0 1
1526872 48 2 2
1526962 48 0 2
1544767 48 2 0
1544768 48 0 1
1544971 48 2 2
1545060 48 0 2
1591601 48 2 0
1591602 48 0 1
1591812 48 2 2
1591902 48 0 2
1615091 48 2 0
1615092 48 0 1
1615302 48 2 2
1615392 48 0 2
1648942 48 2 0
1648943 48 0 1
1649149 48 2 2
1649239 48 0 2
1672252 48 2 0
1672253 48 0 1
1672459 48 2 2
1672549 48 0 2
1706168 48 2 0
1706169 48 0 1
1706375 48 2 2
1706465 48 0 2
1729608 48 2 0
1729609 48 0 1
1729835 48 2 2
1729925 48 0 2
1762966 48 2 0
1762967 48 0 1
1763174 48 2 2
1763264 48 0 2
1786266 48 2 0
1786267 48 0 1
1786474 48 2 2
1786564 48 0 2
1820272 48 2 0
1820273 48 0 1
1820479 48 2 2
1820569 48 0 2
1843572 48 2 0
1843573 48 0 1
1843779 48 2 2
1843869 48 0 2
1877392 48 0 1
1877393 48 2 0
1877603 48 2 2
1877693 48 0 2
1900752 48 0 1
1900753 48 2 0
1900963 48 2 2
1901053 48 0 2
1934642 48 2 0
1934643 48 0 1
1934849 48 2 2
1934939 48 0 2
1957982 48 2 0
1957983 48 0 1
1958189 48 2 2
1958279 48 0 2
1995714 48 36 0
1995714 48 36 0
1997738 48 36 2
1997782 48 37 0
1997782 48 37 0
1997866 48 37 2
1998151 48 37 2
1998283 48 8 0
1998283 48 8 0
1998341 48 8 2
1998349 48 8 2
1998397 48 0 0
1998397 48 0 0
1998463 48 0 2
1998481 48 0 2
1998569 48 36 0
1998635 48 36 2
1999288 48 36 2
1999289 48 36 0
2000852 48 36 2
2000884 48 38 0
2000884 48 38 0
2000966 48 38 2
2000994 48 38 2
2001154 48 54 0
2001154 48 54 0
2001230 48 54 2
2001315 48 54 2
2001347 48 12 0
2001347 48 12 0
2001437 48 12 2
2001445 48 12 2
2001509 48 37 0
2001509 48 37 0
2001583 48 37 2
2003400 48 44 2
2004261 48 37 2
2004347 48 44 2
2005249 48 47 0
2005451 48 46 2
2006128 48 46 2
2006490 48 45 2
2006655 48 47 2
2006679 48 11 0
2006679 48 11 0
2006761 48 11 2
2006768 48 11 2
2006896 48 1 0
2006896 48 1 0
2006970 48 1 2
2007117 48 45 2
2007247 48 45 2
2007469 48 1 2
2008069 48 4 0
2008069 48 4 0
2008236 48 4 2
2008477 48 4 2
2008768 48 38 0
2008768 48 38 0
2008850 48 38 2
2008858 48 38 2
2009014 48 46 0
2009101 48 46 2
2009121 48 4 0
2009121 48 4 0
2009222 48 4 2
2009246 48 4 2
2009278 48 0 0
2009278 48 0 0
2009344 48 0 2
2009352 48 0 2
2009440 48 47 2
2009500 48 47 0
2009598 48 47 2
2009614 48 12 0
2009717 48 12 2
2009753 48 47 0
2009851 48 47 2
2010170 48 47 2
2010298 48 47 2
2010907 48 63 0
2010907 48 63 0
2011069 48 63 2
2011615 48 63 2
2011819 48 58 0
2011819 48 58 0
2011871 48 58 2
2011924 48 58 2
2012008 48 46 0
2012116 48 46 2
2013019 48 2 0
2013020 48 2 2
2013288 48 3 0
2016090 48 3 2
2016098 48 19 0
2016181 48 7 2
2016188 48 19 2
2016192 48 3 0
2020244 48 3 2
2020433 48 39 2
2020436 48 3 0
2030038 48 3 2
2049960 48 2 0
2049961 48 0 1
2050171 48 2 2
2050261 48 0 2
2073340 48 2 0
2073341 48 0 1
2073551 48 2 2
2073641 48 0 2
2090593 48 2 0
2090594 48 2 2
2114109 48 2 0
2114110 48 0 1
2114316 48 2 2
2114406 48 0 2
2137439 48 2 0
2137440 48 0 1
2137646 48 2 2
2137736 48 0 2
2173515 48 2 0
2173516 48 0 1
2173722 48 2 2
2173812 48 0 2
2196875 48 2 0
2196876 48 0 1
2197082 48 2 2
2197172 48 0 2
2232811 48 0 1
2232812 48 2 0
2233018 48 2 2
2233108 48 0 2
2256221 48 0 1
2256222 48 2 0
2256428 48 2 2
2256518 48 0 2
2273617 48 2 0
2273618 48 2 2
2605909 48 2 2
2605910 48 2 0
2972627 48 38 0
2972627 48 38 0
2973930 48 2 2
2973931 48 2 0
2976400 48 38 2
2976539 48 38 2
2978296 48 15 0
2978296 48 15 0
2978640 48 15 2
2978833 48 0 2
2980687 48 15 2
2980775 48 38 0
2980775 48 38 0
2980857 48 38 2
2980865 48 38 2
2981149 48 7 0
2981537 48 7 2
2983018 48 2 0
2983019 48 2 2
2983197 48 38 0
2983197 48 38 0
2983279 48 38 2
2983287 48 38 2
2988322 48 2 2
2988323 48 3 0
2993809 48 3 2
3949189 48 38 0
3949189 48 38 0
3950105 48 38 2
3952655 48 38 2
3954639 48 38 0
3954639 48 38 0
3954688 48 0 2
3954722 48 38 2
3956038 48 38 2
3956322 48 7 0
3957160 48 7 2
3958820 48 38 0
3958820 48 38 0
3958902 48 38 2
3958910 48 38 2
4925775 48 38 0
4925775 48 38 0
4928314 48 38 2
4930261 48 38 2
4930298 48 38 0
4930298 48 38 0
4930380 48 38 2
4932909 48 38 2
4934853 48 38 0
4934853 48 38 0
4934942 48 38 2
4934945 48 38 2
5902338 48 38 0
5902338 48 38 0
5904316 48 38 2
5904828 48 38 2
5906300 48 38 0
5906300 48 38 0
5906382 48 38 2
5906870 48 38 2
5907711 48 0 2
5907818 48 7 0
5907996 48 7 2
5908992 48 38 0
5908992 48 38 0
5909075 48 38 2
5909080 48 38 2
6878901 48 38 0
6878901 48 38 0
6880174 48 38 2
6882320 48 38 2
6884304 48 38 0
6884304 48 38 0
6884388 48 38 2
6885536 48 38 2
6887480 48 38 0
6887480 48 38 0
6887570 48 38 2
6887702 48 38 2
