0 14 51 0
1281 14 56 1
1537 14 2 2
1602 14 56 2
4190 14 51 2
4194 14 22 0
6562 14 22 2
6574 14 1 0
7326 14 1 2
7346 14 24 0
7518 14 24 2
9851 14 56 1
10107 14 0 2
10188 14 56 2
28221 14 56 1
28477 14 2 2
28542 14 56 2
35615 14 56 1
35867 14 2 2
35932 14 56 2
43140 14 56 1
43397 14 2 2
43462 14 56 2
62231 14 56 1
62487 14 2 2
62552 14 56 2
84845 14 56 1
85097 14 2 2
85162 14 56 2
92327 14 56 1
92577 14 2 2
92642 14 56 2
110809 14 56 1
111067 14 2 2
111132 14 56 2
113521 14 4 0
114790 14 4 2
114842 14 44 0
115989 14 44 2
116001 14 5 0
116060 14 5 2
116072 14 45 0
116468 14 45 2
116536 14 24 0
116882 14 24 2
116914 14 25 0
117106 14 25 2
117114 14 26 0
117253 14 26 2
117293 14 27 0
117459 14 27 2
117479 14 33 0
118375 14 33 2
118395 14 35 0
118485 14 35 2
118493 14 41 0
119109 14 41 2
119125 14 42 0
119435 14 42 2
119467 14 1 0
119567 14 1 2
119603 14 36 0
119684 14 36 2
119696 14 43 0
120444 14 43 2
120460 14 17 0
120558 14 17 2
120650 14 27 0
120733 14 27 2
120737 14 37 0
120819 14 37 2
120831 14 17 0
121051 14 17 2
121059 14 15 0
121164 14 15 2
121204 14 16 0
122210 14 16 2
122250 14 18 0
122351 14 18 2
122375 14 61 0
122466 14 56 1
122717 14 63 2
122798 14 56 2
122917 14 61 2
122929 14 54 0
123108 14 54 2
123128 14 8 0
123210 14 8 2
123218 14 19 0
123362 14 19 2
123366 14 35 0
123512 14 63 0
123635 14 63 0
123692 14 35 2
123708 14 53 0
124109 14 53 2
124149 14 33 0
124242 14 63 0
124264 14 33 2
124276 14 36 0
124432 14 36 2
124452 14 40 0
124760 14 40 2
124784 14 37 0
124852 14 63 0
124950 14 37 2
125054 14 38 0
125218 14 38 2
125222 14 39 0
125458 14 39 2
125482 14 8 0
125662 14 8 2
125670 14 29 0
125825 14 29 2
125865 14 0 0
125965 14 0 2
125977 14 38 0
126033 14 63 0
126395 14 63 0
126421 14 38 2
126437 14 39 0
126756 14 39 2
126760 14 39 0
127000 14 39 2
127056 14 36 0
127201 14 36 2
127233 14 38 0
127409 14 38 2
127425 14 51 0
127568 14 51 2
127624 14 43 0
127844 14 63 0
127982 14 43 2
127990 14 52 0
128310 14 52 2
128346 14 51 0
128632 14 51 2
128652 14 53 0
128940 14 53 2
128964 14 54 0
129440 14 54 2
129456 14 11 0
129742 14 11 2
129754 14 56 0
129910 14 56 1
129940 14 56 2
129944 14 12 0
130167 14 53 2
130198 14 12 2
130206 14 57 0
130240 14 56 2
130788 14 57 2
130792 14 2 0
131220 14 2 2
131272 14 37 0
131386 14 37 2
131402 14 40 0
131429 14 56 1
131524 14 40 2
131580 14 58 0
131697 14 34 2
131778 14 56 2
131898 14 58 2
131958 14 35 0
132076 14 56 1
132079 14 35 2
132083 14 50 0
132317 14 50 2
132327 14 52 2
132337 14 62 0
132408 14 56 2
133702 14 56 1
133794 14 56 1
133967 14 16 2
134048 14 56 2
134077 14 3 2
134133 14 56 2
134288 14 62 2
134316 14 38 0
134625 14 38 2
134697 14 63 0
134772 14 56 1
134879 14 56 1
135019 14 56 1
135037 14 0 2
135122 14 56 2
135129 14 56 1
135157 14 38 2
135206 14 56 2
135222 14 56 1
135277 14 20 2
135326 14 56 2
135365 14 56 1
135387 14 63 2
135387 14 4 2
135427 14 12 0
135436 14 56 2
135474 14 56 1
135497 14 13 2
135530 14 56 2
135617 14 9 2
135618 14 56 1
135666 14 12 2
135681 14 56 2
135690 14 2 0
135727 14 22 2
135750 14 56 1
135759 14 56 2
135781 14 2 2
135805 14 13 0
135843 14 56 1
135907 14 19 2
135961 14 56 1
135966 14 56 2
136017 14 11 2
136067 14 56 2
136084 14 13 2
136137 14 7 2
136144 14 56 1
136177 14 56 2
136180 14 3 0
136212 14 56 1
136247 14 5 2
136273 14 3 2
136288 14 56 2
136313 14 23 0
136319 14 56 1
136417 14 48 2
136420 14 56 1
136513 14 23 2
136527 14 63 2
136529 14 24 0
136530 14 56 2
136531 14 56 1
136607 14 56 2
136637 14 24 2
136637 14 29 2
136665 14 56 1
136686 14 56 2
136745 14 49 0
136747 14 21 2
136783 14 56 1
136788 14 56 2
136877 14 30 2
136885 14 56 1
136918 14 56 2
136987 14 45 2
137052 14 56 2
137097 14 8 2
137106 14 49 2
137114 14 25 0
137170 14 56 2
137207 14 18 2
137224 14 25 2
137252 14 26 0
137272 14 56 2
137313 14 56 1
137358 14 26 2
137438 14 0 0
137445 14 56 1
137530 14 0 2
137538 14 3 0
137567 14 62 2
137577 14 56 1
137635 14 3 2
137640 14 56 2
137679 14 4 0
137697 14 36 2
137704 14 56 1
137763 14 56 2
137764 14 56 1
137783 14 4 2
137837 14 10 2
137879 14 5 0
137895 14 56 2
137957 14 26 2
137962 14 56 1
137969 14 5 2
138001 14 56 1
138009 14 15 0
138030 14 56 2
138068 14 15 2
138101 14 56 2
138174 14 56 1
138217 14 57 2
138253 14 56 1
138297 14 15 2
138305 14 14 0
138314 14 56 1
138330 14 56 2
138338 14 12 2
138379 14 56 2
138447 14 49 2
138529 14 56 1
138553 14 56 2
138557 14 1 2
138627 14 56 1
138632 14 56 2
138667 14 14 2
138682 14 14 2
138691 14 56 2
138694 14 50 0
138787 14 42 2
138803 14 56 1
138837 14 50 2
138865 14 6 0
138876 14 56 2
138897 14 28 2
138954 14 56 2
139043 14 6 2
139057 14 23 2
139063 14 4 0
139098 14 56 2
139161 14 56 1
139195 14 4 2
139203 14 8 0
139313 14 8 2
139317 14 47 0
139350 14 56 1
139417 14 39 2
139473 14 56 2
139607 14 33 2
139695 14 56 2
139709 14 47 2
139717 14 49 0
139797 14 56 1
139879 14 49 2
139895 14 11 0
140009 14 56 1
140047 14 46 2
140085 14 11 2
140104 14 56 2
140121 14 5 0
140137 14 56 1
140230 14 56 1
140267 14 59 2
140273 14 5 2
140297 14 37 0
140356 14 56 1
140369 14 56 2
140387 14 50 2
140484 14 56 2
140488 14 56 1
140497 14 34 2
140560 14 37 2
140573 14 56 1
140578 14 56 2
140607 14 52 2
140624 14 4 0
140688 14 56 2
140747 14 41 2
140761 14 56 1
140768 14 4 2
140772 14 1 0
140843 14 56 2
140857 14 17 2
140912 14 1 2
140930 14 56 2
140940 14 27 0
140965 14 56 1
141017 14 56 2
141027 14 56 1
141041 14 27 2
141049 14 2 0
141138 14 56 2
141217 14 54 2
141220 14 2 2
141232 14 11 0
141281 14 56 2
141303 14 56 1
141327 14 43 2
141390 14 11 2
141398 14 7 0
141407 14 56 1
141408 14 56 2
141529 14 7 2
141549 14 3 0
141557 14 35 2
141571 14 56 1
141630 14 56 2
141667 14 37 2
141724 14 56 2
141776 14 56 1
141827 14 31 2
141836 14 3 2
141876 14 56 2
141922 14 56 1
141944 14 6 0
141973 14 56 1
142027 14 40 2
142132 14 56 2
142152 14 6 2
142172 14 9 0
142174 14 56 1
142177 14 60 2
142227 14 0 2
142266 14 56 2
142276 14 9 2
142327 14 56 2
142328 14 0 0
142383 14 56 1
142448 14 8 0
142455 14 0 0
142457 14 25 2
142538 14 56 2
142549 14 0 0
142555 14 56 1
142637 14 53 2
142650 14 0 0
142710 14 56 2
142711 14 8 2
142723 14 11 0
142756 14 0 0
142807 14 58 2
142821 14 56 1
142828 14 11 2
142848 14 12 0
142860 14 0 0
142911 14 56 2
142959 14 56 1
142971 14 0 0
142977 14 12 2
143001 14 16 0
143071 14 56 1
143087 14 16 2
143133 14 0 0
143168 14 56 2
143217 14 51 2
143220 14 56 1
143248 14 0 0
143306 14 56 2
143327 14 43 2
143336 14 56 1
143362 14 16 2
143370 14 13 0
143388 14 0 0
143408 14 56 2
143477 14 61 2
143497 14 0 0
143507 14 56 1
143558 14 56 2
143579 14 13 2
143587 14 47 2
143604 14 56 1
143627 14 2 0
143652 14 56 2
143702 14 0 0
143749 14 56 1
143767 14 32 2
143834 14 0 0
143846 14 56 1
143865 14 56 2
143877 14 55 2
143948 14 2 2
143950 14 56 2
143975 14 56 1
143984 14 14 0
143999 14 0 0
144007 14 24 2
144097 14 56 2
144117 14 27 2
144159 14 0 0
144182 14 56 2
144213 14 56 1
144227 14 44 2
144300 14 56 2
144413 14 0 0
144467 14 6 2
144500 14 56 2
144505 14 14 2
144509 14 17 0
144515 14 0 0
144633 14 0 0
144736 14 0 0
144824 14 17 2
144832 14 15 0
144848 14 0 0
144937 14 15 2
144957 14 18 0
145130 14 0 0
145232 14 18 2
145256 14 4 0
145273 14 0 0
145384 14 0 0
145433 14 4 2
145473 14 40 0
145595 14 40 2
145599 14 38 0
145599 14 38 0
145637 14 0 0
145641 14 38 2
145733 14 38 2
145741 14 27 0
145747 14 0 0
145861 14 0 0
145956 14 27 2
145976 14 35 0
146076 14 0 0
146210 14 0 0
146320 14 35 2
146335 14 0 0
146376 14 28 0
146457 14 0 0
146503 14 28 2
146557 14 0 0
146571 14 3 0
146698 14 0 0
146789 14 3 2
146793 14 46 0
146798 14 0 0
146930 14 0 0
147069 14 0 0
147077 14 46 2
147097 14 4 0
147192 14 0 0
147197 14 4 2
147229 14 0 0
147290 14 0 0
147389 14 0 2
147393 14 29 0
147414 14 0 0
147546 14 0 0
147559 14 29 2
147669 14 0 0
147703 14 47 0
147814 14 0 0
147937 14 0 0
147938 14 47 2
148010 14 30 0
148077 14 0 0
148213 14 30 2
148231 14 0 0
148351 14 0 0
148450 14 0 0
148565 14 31 0
148631 14 0 0
148771 14 0 0
148895 14 0 0
149022 14 0 0
149121 14 0 0
149265 14 0 0
149364 14 0 0
149394 14 31 2
149398 14 44 0
149497 14 0 0
149600 14 44 2
149608 14 43 0
149634 14 0 0
149772 14 0 0
149894 14 0 0
149951 14 43 2
150012 14 0 0
150083 14 32 0
150163 14 0 0
150198 14 32 2
150283 14 0 0
150403 14 0 0
150514 14 0 0
150522 14 33 0
150562 14 56 1
150657 14 33 2
150705 14 33 0
150817 14 0 2
150912 14 56 2
151052 14 56 1
151222 14 33 2
151230 14 27 0
151307 14 13 2
151339 14 56 2
151371 14 27 2
151475 14 54 0
151842 14 54 2
151854 14 28 0
152020 14 28 2
152036 14 52 0
152356 14 52 2
152364 14 56 0
152542 14 56 2
152558 14 53 0
152854 14 53 2
152954 14 41 0
153260 14 41 2
153308 14 61 0
153935 14 61 2
153939 14 39 0
154167 14 56 1
154195 14 39 2
154207 14 7 0
154371 14 7 2
154417 14 49 2
154431 14 8 0
154521 14 56 2
154523 14 8 2
154555 14 63 0
154941 14 63 2
155049 14 0 0
155144 14 0 2
155172 14 57 0
155313 14 57 2
155381 14 58 0
155520 14 58 2
155604 14 46 0
155726 14 46 2
155738 14 59 0
155930 14 59 2
155962 14 32 0
156080 14 32 2
156088 14 50 0
156218 14 50 2
156294 14 60 0
156525 14 60 2
156533 14 62 0
156700 14 62 2
156704 14 3 0
156805 14 3 2
156817 14 5 0
156911 14 5 2
156939 14 17 0
157037 14 17 2
157057 14 6 0
157208 14 6 2
157300 14 11 0
157701 14 11 2
157709 14 10 0
157783 14 10 2
157803 14 11 0
157893 14 11 2
157901 14 6 0
157909 14 56 1
158167 14 31 2
158216 14 56 2
158229 14 56 1
158323 14 6 2
158359 14 36 0
158487 14 0 2
158583 14 56 2
158588 14 0 0
158653 14 36 2
158688 14 0 0
158713 14 12 0
158805 14 0 0
158808 14 12 2
158816 14 0 0
158909 14 0 0
158912 14 0 2
159036 14 15 0
159036 14 15 0
159037 14 0 0
159062 14 15 2
159134 14 15 2
159139 14 0 0
159239 14 0 0
159254 14 7 0
159369 14 0 0
159416 14 7 2
159432 14 0 0
159703 14 0 2
159851 14 9 0
159928 14 0 0
159949 14 9 2
159981 14 8 0
160079 14 0 0
160193 14 0 0
160265 14 8 2
160293 14 51 0
160333 14 0 0
160592 14 51 2
160700 14 14 0
160709 14 0 0
160791 14 14 2
160796 14 2 0
160797 14 56 1
160819 14 0 0
160929 14 0 0
161047 14 2 2
161063 14 0 0
161087 14 31 0
161112 14 56 2
161401 14 31 2
161445 14 35 0
161447 14 0 0
161594 14 0 0
161733 14 35 2
161793 14 32 0
161807 14 0 0
161920 14 32 2
161929 14 0 0
162020 14 33 0
162037 14 0 0
162149 14 0 0
162203 14 33 2
162277 14 0 0
162295 14 34 0
162417 14 0 0
162482 14 34 2
162514 14 1 0
162514 14 1 0
162549 14 0 0
162580 14 1 2
162675 14 0 0
162797 14 1 2
162804 14 0 0
162841 14 32 0
162985 14 0 0
162986 14 32 2
162994 14 35 0
163117 14 0 0
163127 14 35 2
163131 14 60 0
163219 14 0 0
163497 14 0 0
163539 14 60 2
163555 14 61 0
163740 14 0 0
163837 14 0 0
164090 14 0 0
164307 14 0 0
164477 14 0 0
164517 14 0 0
164588 14 61 2
164599 14 0 0
164648 14 48 0
164725 14 0 0
164778 14 48 2
164818 14 49 0
164970 14 49 2
165006 14 36 0
165006 14 36 0
165064 14 36 2
165128 14 36 2
165192 14 37 0
165192 14 37 0
165208 14 0 0
165242 14 37 2
165307 14 37 2
165347 14 0 0
165355 14 58 0
165515 14 0 0
165938 14 0 0
166127 14 0 0
166283 14 0 0
166421 14 0 0
166568 14 0 0
166574 14 58 2
166586 14 31 0
166717 14 0 0
166867 14 0 0
166880 14 31 2
166892 14 30 0
166989 14 0 0
167123 14 0 0
167175 14 30 2
167183 14 59 0
167235 14 0 0
167423 14 59 2
167439 14 0 0
167475 14 34 0
167578 14 0 0
167709 14 0 0
167755 14 34 2
167795 14 0 0
167824 14 0 0
167999 14 0 0
168059 14 0 2
168067 14 33 0
168422 14 33 2
168438 14 60 0
168579 14 0 0
168693 14 60 2
168713 14 32 0
168737 14 0 0
168829 14 0 0
168986 14 0 0
169010 14 32 2
169086 14 61 0
169203 14 0 0
169333 14 0 0
169358 14 61 2
169482 14 62 0
169631 14 62 2
169719 14 12 0
169814 14 12 2
169826 14 39 0
170015 14 39 2
170027 14 13 0
170136 14 13 2
170140 14 48 0
170281 14 48 2
170293 14 59 0
170449 14 59 2
170477 14 54 0
170477 14 54 0
170535 14 54 2
170698 14 54 2
170738 14 55 0
171520 14 55 2
171544 14 56 0
171685 14 56 2
171713 14 57 0
171853 14 57 2
171917 14 58 0
172156 14 58 2
172192 14 49 0
172373 14 49 2
172413 14 63 0
174341 14 63 2
174389 14 15 0
174516 14 15 2
174532 14 44 0
174656 14 44 2
174676 14 45 0
174798 14 45 2
175028 14 13 2
175046 14 0 0
175146 14 0 2
175238 14 1 0
175328 14 1 2
175428 14 2 0
175521 14 2 2
175541 14 41 0
175549 14 13 2
175658 14 41 2
175690 14 46 0
175751 14 13 2
175764 14 46 2
175800 14 47 0
175884 14 47 2
175888 14 3 0
175945 14 13 2
175997 14 3 2
176005 14 12 0
176055 14 12 2
176307 14 5 0
176556 14 5 2
176604 14 6 0
176844 14 6 2
176932 14 7 0
177511 14 7 2
177619 14 8 0
177715 14 8 2
177771 14 1 0
177862 14 1 2
178310 14 46 0
178383 14 46 2
178391 14 4 0
178483 14 4 2
178507 14 47 0
178589 14 47 2
178634 14 0 0
178733 14 12 0
178785 14 12 2
178968 14 12 2
179149 14 10 0
179239 14 10 2
179359 14 1 0
179359 14 1 0
179414 14 11 2
179458 14 1 2
179467 14 1 2
179890 14 9 0
179972 14 9 2
179988 14 46 0
180062 14 46 2
180094 14 47 0
180094 14 47 0
180172 14 47 2
180177 14 47 2
180321 14 12 0
180371 14 12 2
180855 14 1 0
180945 14 1 2
181097 14 63 0
181393 14 46 0
181393 14 46 0
181442 14 63 0
181443 14 46 2
181468 14 46 2
181500 14 47 0
181582 14 47 2
181726 14 12 0
181776 14 12 2
182044 14 10 2
182260 14 1 0
182260 14 1 0
182326 14 1 2
182351 14 1 2
182799 14 46 0
182799 14 46 0
182849 14 46 2
182906 14 46 2
182938 14 47 0
182938 14 47 0
182996 14 47 2
183053 14 47 2
183197 14 12 0
183197 14 12 0
183231 14 12 2
183282 14 12 2
183766 14 1 0
183766 14 1 0
183834 14 1 2
183841 14 1 2
184289 14 46 0
184289 14 46 0
184342 14 46 2
184390 14 46 2
184422 14 47 0
184422 14 47 0
184480 14 47 2
184536 14 47 2
184680 14 12 0
184680 14 12 0
184714 14 12 2
184763 14 12 2
184960 14 63 0
185247 14 1 0
185247 14 1 0
185303 14 63 0
185313 14 1 2
185321 14 1 2
185561 14 63 0
185769 14 46 0
185769 14 46 0
185819 14 46 2
185827 14 46 2
185859 14 47 0
185859 14 47 0
185922 14 47 2
185926 14 47 2
186070 14 12 0
186070 14 12 0
186104 14 12 2
186111 14 12 2
186595 14 1 0
186595 14 1 0
186661 14 1 2
186669 14 1 2
187117 14 46 0
187117 14 46 0
187167 14 46 2
187175 14 46 2
187207 14 47 0
187207 14 47 0
187265 14 47 2
187273 14 47 2
187337 14 63 0
187417 14 12 0
187417 14 12 0
187451 14 12 2
187459 14 12 2
187784 14 63 0
187920 14 63 0
187943 14 1 0
187943 14 1 0
188009 14 1 2
188018 14 1 2
188466 14 46 0
188466 14 46 0
188497 14 56 1
188518 14 46 2
188529 14 46 2
188561 14 47 0
188561 14 47 0
188622 14 47 2
188630 14 47 2
188748 14 2 2
188774 14 12 0
188774 14 12 0
188813 14 12 2
188814 14 56 2
188816 14 12 2
189300 14 1 0
189300 14 1 0
189366 14 1 2
189374 14 1 2
189822 14 46 0
189822 14 46 0
189872 14 46 2
189880 14 46 2
189912 14 47 0
189912 14 47 0
189970 14 47 2
189985 14 47 2
190129 14 12 0
190129 14 12 0
190163 14 12 2
190177 14 12 2
190661 14 1 0
190661 14 1 0
190727 14 1 2
190736 14 1 2
190955 14 63 0
191168 14 10 0
191250 14 10 2
191266 14 46 0
191266 14 46 0
191316 14 46 2
191324 14 46 2
191356 14 47 0
191356 14 47 0
191414 14 47 2
191423 14 47 2
191567 14 12 0
191567 14 12 0
191601 14 12 2
191608 14 12 2
192092 14 1 0
192092 14 1 0
192158 14 1 2
192165 14 1 2
192613 14 46 0
192613 14 46 0
192664 14 46 2
192673 14 46 2
192705 14 47 0
192705 14 47 0
192765 14 47 2
192769 14 47 2
192913 14 12 0
192913 14 12 0
192947 14 12 2
192956 14 12 2
193440 14 1 0
193440 14 1 0
193506 14 1 2
193515 14 1 2
193963 14 46 0
193963 14 46 0
194013 14 46 2
194014 14 63 0
194022 14 46 2
194054 14 47 0
194054 14 47 0
194112 14 47 2
194121 14 47 2
194130 14 63 0
194265 14 12 0
194265 14 12 0
194299 14 12 2
194308 14 12 2
194792 14 1 0
194792 14 1 0
194858 14 1 2
194868 14 1 2
195316 14 46 0
195316 14 46 0
195366 14 46 2
195374 14 46 2
195406 14 47 0
195406 14 47 0
195420 14 63 0
195464 14 47 2
195472 14 47 2
195616 14 12 0
195616 14 12 0
195650 14 12 2
195657 14 12 2
196141 14 1 0
196141 14 1 0
196207 14 1 2
196216 14 1 2
196664 14 46 0
196664 14 46 0
196732 14 46 2
196754 14 46 2
196764 14 47 0
196764 14 47 0
196837 14 47 2
196882 14 47 2
196981 14 12 0
196981 14 12 0
197022 14 12 2
197035 14 12 2
197235 14 63 0
197506 14 1 0
197506 14 1 0
197573 14 1 2
197580 14 1 2
198028 14 46 0
198028 14 46 0
198092 14 46 2
198124 14 47 0
198124 14 47 0
198128 14 46 2
198195 14 47 2
198263 14 47 2
198339 14 12 0
198339 14 12 0
198385 14 12 2
198423 14 12 2
198869 14 1 0
198869 14 1 0
198944 14 1 2
198966 14 1 2
199392 14 46 0
199392 14 46 0
199451 14 46 2
199483 14 47 0
199483 14 47 0
199522 14 46 2
199541 14 47 2
199549 14 47 2
199693 14 12 0
199693 14 12 0
199727 14 12 2
199736 14 12 2
199833 14 63 0
200220 14 1 0
200220 14 1 0
200286 14 1 2
200293 14 1 2
200431 14 63 0
200627 14 63 0
200741 14 46 0
200741 14 46 0
200791 14 46 2
200799 14 46 2
200831 14 47 0
200831 14 47 0
200893 14 47 2
200897 14 47 2
201041 14 12 0
201041 14 12 0
201085 14 12 2
201089 14 12 2
201573 14 1 0
201573 14 1 0
201645 14 1 2
201648 14 1 2
201691 14 63 0
202080 14 11 0
202080 14 11 0
202122 14 11 2
202163 14 11 2
202179 14 46 0
202179 14 46 0
202230 14 46 2
202238 14 46 2
202270 14 47 0
202270 14 47 0
202328 14 47 2
202336 14 47 2
202480 14 12 0
202480 14 12 0
202514 14 12 2
202524 14 12 2
203008 14 1 0
203008 14 1 0
203074 14 1 2
203083 14 1 2
203531 14 46 0
203531 14 46 0
203592 14 46 2
203593 14 46 2
203624 14 47 0
203624 14 47 0
203682 14 47 2
203706 14 47 2
203752 14 63 0
203850 14 12 0
203850 14 12 0
203884 14 12 2
203894 14 12 2
204378 14 1 0
204378 14 1 0
204444 14 1 2
204452 14 1 2
204900 14 46 0
204900 14 46 0
204950 14 46 2
204959 14 46 2
204991 14 47 0
204991 14 47 0
205049 14 47 2
205056 14 47 2
205101 14 63 0
205200 14 12 0
205200 14 12 0
205234 14 12 2
205243 14 12 2
205249 14 63 0
205727 14 1 0
205727 14 1 0
205793 14 1 2
205805 14 1 2
206253 14 46 0
206253 14 46 0
206306 14 46 2
206322 14 46 2
206354 14 47 0
206354 14 47 0
206412 14 47 2
206421 14 47 2
206565 14 12 0
206565 14 12 0
206599 14 12 2
206606 14 12 2
207090 14 1 0
207090 14 1 0
207156 14 1 2
207164 14 1 2
207612 14 46 0
207612 14 46 0
207662 14 46 2
207671 14 46 2
207703 14 47 0
207703 14 47 0
207761 14 47 2
207771 14 47 2
207915 14 12 0
207915 14 12 0
207949 14 12 2
207957 14 12 2
208441 14 1 0
208441 14 1 0
208461 14 63 0
208507 14 1 2
208515 14 1 2
208963 14 46 0
208963 14 46 0
209020 14 46 2
209022 14 46 2
209052 14 47 0
209052 14 47 0
209105 14 63 0
209111 14 47 2
209119 14 47 2
209263 14 12 0
209263 14 12 0
209297 14 12 2
209304 14 12 2
209788 14 1 0
209788 14 1 0
209854 14 1 2
209862 14 1 2
210310 14 46 0
210310 14 46 0
210360 14 46 2
210367 14 46 2
210399 14 47 0
210399 14 47 0
210457 14 47 2
210465 14 47 2
210609 14 12 0
210609 14 12 0
210643 14 12 2
210651 14 12 2
211119 14 63 0
211135 14 1 0
211135 14 1 0
211201 14 1 2
211208 14 1 2
211656 14 46 0
211656 14 46 0
211710 14 46 2
211712 14 46 2
211744 14 47 0
211744 14 47 0
211803 14 47 2
211810 14 47 2
211917 14 56 1
211954 14 12 0
211954 14 12 0
211988 14 12 2
211996 14 12 2
212022 14 63 0
212168 14 2 2
212234 14 56 2
212480 14 1 0
212480 14 1 0
212546 14 1 2
212559 14 1 2
212991 14 12 0
212991 14 12 0
213025 14 12 2
213045 14 12 2
213061 14 46 0
213061 14 46 0
213111 14 46 2
213119 14 46 2
213151 14 47 0
213151 14 47 0
213209 14 47 2
213216 14 47 2
213360 14 12 0
213360 14 12 0
213402 14 12 2
213424 14 12 2
213886 14 1 0
213886 14 1 0
213913 14 63 0
213957 14 1 2
213960 14 1 2
214408 14 46 0
214408 14 46 0
214458 14 46 2
214467 14 46 2
214499 14 47 0
214499 14 47 0
214557 14 47 2
214565 14 47 2
214709 14 12 0
214709 14 12 0
214743 14 12 2
214751 14 12 2
215235 14 1 0
215235 14 1 0
215301 14 1 2
215309 14 1 2
215757 14 46 0
215757 14 46 0
215807 14 46 2
215815 14 46 2
215847 14 47 0
215847 14 47 0
215906 14 47 2
215915 14 47 2
216059 14 12 0
216059 14 12 0
216094 14 12 2
216101 14 12 2
216387 14 63 0
216536 14 63 0
216585 14 1 0
216585 14 1 0
216629 14 63 0
216664 14 1 2
216688 14 1 2
217136 14 46 0
217136 14 46 0
217186 14 46 2
217193 14 46 2
217225 14 47 0
217225 14 47 0
217283 14 47 2
217291 14 47 2
217435 14 12 0
217435 14 12 0
217469 14 12 2
217477 14 12 2
217961 14 1 0
217961 14 1 0
218051 14 1 2
218064 14 1 2
218512 14 46 0
218512 14 46 0
218562 14 46 2
218583 14 46 2
218615 14 47 0
218615 14 47 0
218679 14 47 2
218682 14 47 2
218826 14 12 0
218826 14 12 0
218860 14 12 2
218880 14 12 2
218936 14 63 0
219364 14 1 0
219364 14 1 0
219431 14 1 2
219444 14 1 2
219892 14 46 0
219892 14 46 0
219942 14 46 2
219962 14 46 2
219994 14 47 0
219994 14 47 0
220052 14 47 2
220059 14 47 2
220203 14 12 0
220203 14 12 0
220237 14 12 2
220254 14 12 2
220738 14 1 0
220738 14 1 0
220804 14 1 2
220825 14 1 2
220907 14 63 0
221273 14 46 0
221273 14 46 0
221323 14 46 2
221332 14 46 2
221364 14 47 0
221364 14 47 0
221422 14 47 2
221439 14 47 2
221583 14 12 0
221583 14 12 0
221617 14 12 2
221666 14 12 2
222150 14 1 0
222150 14 1 0
222221 14 1 2
222235 14 1 2
222683 14 46 0
222683 14 46 0
222734 14 46 2
222742 14 46 2
222774 14 47 0
222774 14 47 0
222807 14 63 0
222832 14 47 2
222842 14 47 2
222946 14 63 0
222986 14 12 0
222986 14 12 0
223020 14 12 2
223027 14 12 2
223511 14 1 0
223511 14 1 0
223587 14 1 2
223618 14 1 2
224050 14 13 0
224222 14 13 2
224238 14 46 0
224238 14 46 0
224288 14 46 2
224298 14 46 2
224330 14 47 0
224330 14 47 0
224389 14 47 2
224398 14 47 2
224496 14 63 0
224542 14 12 0
224542 14 12 0
224576 14 12 2
224583 14 12 2
225067 14 1 0
225067 14 1 0
225134 14 1 2
225149 14 1 2
225470 14 63 0
225597 14 46 0
225597 14 46 0
225656 14 46 2
225660 14 46 2
225688 14 47 0
225688 14 47 0
225754 14 47 2
225755 14 47 2
225899 14 12 0
225899 14 12 0
225933 14 12 2
225943 14 12 2
226427 14 1 0
226427 14 1 0
226493 14 1 2
226501 14 1 2
226949 14 46 0
226949 14 46 0
226999 14 46 2
227007 14 46 2
227039 14 47 0
227039 14 47 0
227097 14 47 2
227105 14 47 2
227249 14 12 0
227249 14 12 0
227283 14 12 2
227290 14 12 2
227774 14 1 0
227774 14 1 0
227840 14 1 2
227858 14 1 2
228071 14 63 0
228210 14 63 0
228306 14 46 0
228306 14 46 0
228311 14 63 0
228356 14 46 2
228364 14 46 2
228396 14 47 0
228396 14 47 0
228454 14 47 2
228461 14 47 2
228605 14 12 0
228605 14 12 0
228651 14 12 2
228653 14 12 2
229137 14 1 0
229137 14 1 0
229203 14 1 2
229222 14 1 2
229670 14 46 0
229670 14 46 0
229720 14 46 2
229730 14 46 2
229762 14 47 0
229762 14 47 0
229820 14 47 2
229828 14 47 2
229972 14 12 0
229972 14 12 0
230011 14 12 2
230015 14 12 2
230499 14 1 0
230499 14 1 0
230575 14 1 2
230584 14 1 2
231032 14 46 0
231032 14 46 0
231082 14 46 2
231090 14 46 2
231122 14 47 0
231122 14 47 0
231181 14 47 2
231189 14 47 2
231333 14 12 0
231333 14 12 0
231367 14 12 2
231375 14 12 2
231859 14 1 0
231859 14 1 0
231935 14 1 2
231952 14 1 2
232400 14 46 0
232400 14 46 0
232450 14 46 2
232458 14 46 2
232461 14 63 0
232490 14 47 0
232490 14 47 0
232549 14 47 2
232557 14 47 2
232599 14 63 0
232701 14 12 0
232701 14 12 0
232735 14 12 2
232742 14 12 2
233226 14 1 0
233226 14 1 0
233302 14 1 2
233320 14 1 2
233768 14 46 0
233768 14 46 0
233818 14 46 2
233827 14 46 2
233859 14 47 0
233859 14 47 0
233917 14 47 2
233925 14 47 2
234069 14 12 0
234069 14 12 0
234103 14 12 2
234111 14 12 2
234130 14 63 0
234595 14 1 0
234595 14 1 0
234661 14 1 2
234679 14 1 2
235043 14 63 0
235111 14 14 0
235140 14 63 0
235221 14 14 2
235237 14 46 0
235237 14 46 0
235287 14 46 2
235295 14 46 2
235327 14 47 0
235327 14 47 0
235385 14 47 2
235394 14 47 2
235538 14 12 0
235538 14 12 0
235573 14 12 2
235586 14 12 2
236070 14 1 0
236070 14 1 0
236136 14 1 2
236144 14 1 2
236592 14 46 0
236592 14 46 0
236642 14 46 2
236650 14 46 2
236682 14 47 0
236682 14 47 0
236740 14 47 2
236747 14 47 2
236891 14 12 0
236891 14 12 0
236925 14 12 2
236933 14 12 2
237417 14 1 0
237417 14 1 0
237455 14 2 0
237456 14 56 1
237483 14 1 2
237501 14 1 2
237707 14 2 2
237771 14 56 2
237949 14 46 0
237949 14 46 0
237999 14 46 2
238007 14 46 2
238039 14 47 0
238039 14 47 0
238098 14 47 2
238106 14 47 2
238250 14 12 0
238250 14 12 0
238285 14 12 2
238290 14 12 2
238774 14 1 0
238774 14 1 0
238850 14 1 2
238868 14 1 2
238905 14 63 0
239044 14 63 0
239159 14 63 0
239316 14 46 0
239316 14 46 0
239366 14 46 2
239373 14 46 2
239405 14 47 0
239405 14 47 0
239463 14 47 2
239471 14 47 2
239615 14 12 0
239615 14 12 0
239649 14 12 2
239657 14 12 2
240141 14 1 0
240141 14 1 0
240217 14 1 2
240234 14 1 2
240682 14 46 0
240682 14 46 0
240732 14 46 2
240740 14 46 2
240772 14 47 0
240772 14 47 0
240830 14 47 2
240840 14 47 2
240984 14 12 0
240984 14 12 0
241018 14 12 2
241025 14 12 2
241394 14 63 0
241509 14 1 0
241509 14 1 0
241595 14 1 2
241602 14 1 2
242050 14 46 0
242050 14 46 0
242100 14 46 2
242110 14 46 2
242142 14 47 0
242142 14 47 0
242200 14 47 2
242208 14 47 2
242352 14 12 0
242352 14 12 0
242386 14 12 2
242396 14 12 2
242763 14 63 0
242880 14 1 0
242880 14 1 0
242966 14 1 2
242984 14 1 2
243222 14 2 0
243223 14 2 2
243432 14 46 0
243432 14 46 0
243482 14 46 2
243491 14 46 2
243523 14 47 0
243523 14 47 0
243581 14 47 2
243595 14 47 2
243739 14 12 0
243739 14 12 0
243774 14 12 2
243782 14 12 2
244266 14 1 0
244266 14 1 0
244332 14 1 2
244354 14 1 2
244802 14 46 0
244802 14 46 0
244855 14 46 2
244865 14 46 2
244897 14 47 0
244897 14 47 0
244957 14 47 2
244970 14 47 2
245062 14 63 0
245114 14 12 0
245114 14 12 0
245148 14 12 2
245156 14 12 2
245210 14 63 0
245434 14 2 0
245435 14 2 2
245544 14 1 0
245544 14 1 0
245611 14 1 2
245635 14 1 2
246067 14 7 0
246149 14 7 2
246165 14 46 0
246165 14 46 0
246215 14 46 2
246222 14 46 2
246254 14 47 0
246254 14 47 0
246312 14 47 2
246320 14 47 2
246464 14 12 0
246464 14 12 0
246498 14 12 2
246505 14 12 2
246989 14 1 0
246989 14 1 0
247075 14 1 2
247103 14 1 2
247551 14 46 0
247551 14 46 0
247601 14 46 2
247619 14 46 2
247651 14 47 0
247651 14 47 0
247709 14 47 2
247717 14 47 2
247861 14 12 0
247861 14 12 0
247895 14 12 2
247906 14 12 2
248003 14 63 0
248390 14 1 0
248390 14 1 0
248466 14 1 2
248484 14 1 2
248845 14 63 0
248932 14 46 0
248932 14 46 0
248989 14 46 2
248990 14 46 2
249022 14 47 0
249022 14 47 0
249080 14 47 2
249087 14 47 2
249231 14 5 0
249341 14 5 2
249349 14 61 0
249548 14 61 2
249556 14 29 0
249802 14 29 2
249818 14 62 0
249818 14 62 0
249884 14 62 2
249977 14 62 2
250253 14 63 0
250253 14 63 0
250327 14 63 2
250403 14 63 2
250827 14 12 0
250827 14 12 0
250861 14 12 2
250888 14 12 2
251102 14 63 0
251328 14 11 0
251418 14 11 2
251630 14 1 0
251630 14 1 0
251696 14 1 2
251704 14 1 2
252037 14 2 0
252038 14 56 1
252152 14 46 0
252152 14 46 0
252202 14 46 2
252210 14 46 2
252242 14 47 0
252242 14 47 0
252298 14 2 2
252300 14 47 2
252308 14 47 2
252364 14 56 2
252452 14 12 0
252452 14 12 0
252486 14 12 2
252494 14 12 2
252978 14 1 0
252978 14 1 0
253045 14 1 2
253052 14 1 2
253331 14 63 0
253500 14 46 0
253500 14 46 0
253550 14 46 2
253618 14 46 2
253650 14 47 0
253650 14 47 0
253708 14 47 2
253716 14 47 2
253860 14 12 0
253860 14 12 0
253894 14 12 2
253902 14 12 2
254386 14 1 0
254386 14 1 0
254462 14 1 2
254480 14 1 2
254928 14 46 0
254928 14 46 0
254978 14 46 2
254990 14 46 2
255022 14 47 0
255022 14 47 0
255081 14 47 2
255090 14 47 2
255234 14 12 0
255234 14 12 0
255268 14 12 2
255277 14 12 2
255404 14 16 2
255761 14 1 0
255761 14 1 0
255867 14 1 2
255885 14 1 2
256333 14 46 0
256333 14 46 0
256383 14 46 2
256422 14 46 2
256454 14 47 0
256454 14 47 0
256527 14 47 2
256540 14 47 2
256684 14 12 0
256736 14 12 2
257220 14 1 0
257220 14 1 0
257316 14 1 2
257353 14 1 2
257801 14 46 0
257801 14 46 0
257851 14 46 2
257862 14 46 2
257894 14 47 0
257894 14 47 0
257952 14 47 2
257979 14 47 2
258123 14 12 0
258123 14 12 0
258158 14 12 2
258164 14 12 2
258648 14 1 0
258648 14 1 0
258744 14 1 2
258752 14 1 2
259172 14 63 0
259200 14 46 0
259200 14 46 0
259250 14 46 2
259287 14 46 2
259319 14 47 0
259319 14 47 0
259377 14 47 2
259458 14 47 2
259602 14 12 0
259602 14 12 0
259636 14 12 2
259643 14 12 2
260127 14 1 0
260127 14 1 0
260214 14 1 2
260231 14 1 2
260679 14 46 0
260679 14 46 0
260729 14 46 2
260737 14 46 2
260769 14 47 0
260769 14 47 0
260771 14 63 0
260828 14 47 2
260866 14 47 2
261010 14 12 0
261010 14 12 0
261045 14 12 2
261053 14 12 2
261537 14 1 0
261537 14 1 0
261623 14 1 2
261642 14 1 2
262090 14 46 0
262090 14 46 0
262141 14 46 2
262146 14 46 2
262178 14 47 0
262178 14 47 0
262236 14 47 2
262294 14 47 2
262438 14 12 0
262438 14 12 0
262472 14 12 2
262479 14 12 2
262963 14 1 0
262963 14 1 0
263050 14 1 2
263068 14 1 2
263516 14 46 0
263516 14 46 0
263566 14 46 2
263575 14 46 2
263607 14 47 0
263607 14 47 0
263665 14 47 2
263743 14 47 2
263887 14 12 0
263887 14 12 0
263928 14 12 2
263929 14 12 2
264413 14 1 0
264413 14 1 0
264479 14 1 2
264497 14 1 2
264945 14 46 0
264945 14 46 0
264995 14 46 2
265003 14 46 2
265035 14 47 0
265035 14 47 0
265093 14 47 2
265161 14 47 2
265305 14 12 0
265305 14 12 0
265341 14 12 2
265366 14 12 2
265850 14 1 0
265850 14 1 0
265916 14 1 2
265973 14 1 2
266048 14 15 2
266258 14 13 2
266421 14 46 0
266421 14 46 0
266471 14 46 2
266520 14 46 2
266552 14 47 0
266552 14 47 0
266611 14 47 2
266639 14 47 2
266783 14 12 0
266783 14 12 0
266819 14 12 2
266823 14 12 2
267299 14 9 0
267373 14 9 2
267497 14 55 0
267587 14 55 2
267591 14 1 0
267591 14 1 0
267657 14 1 2
267678 14 1 2
267702 14 56 0
267831 14 56 2
267851 14 45 0
267925 14 45 2
267936 14 11 2
267981 14 46 0
268055 14 46 2
268131 14 63 0
268337 14 15 2
268367 14 63 2
268375 14 47 0
268456 14 47 2
268560 14 62 0
268560 14 62 0
268626 14 62 2
268634 14 62 2
268758 14 61 0
268758 14 61 0
268833 14 61 2
268880 14 61 2
268952 14 54 0
269090 14 54 2
269122 14 55 0
269260 14 55 2
269453 14 12 2
269488 14 40 0
269611 14 40 2
269639 14 49 0
269773 14 49 2
269785 14 51 0
269898 14 51 2
269918 14 37 0
270015 14 37 2
270019 14 20 0
270101 14 20 2
270117 14 3 0
270420 14 3 2
270512 14 21 0
270594 14 21 2
270602 14 56 0
270740 14 56 2
270760 14 57 0
270890 14 57 2
270894 14 1 0
270967 14 1 2
271051 14 58 0
271051 14 58 0
271133 14 16 2
271150 14 58 2
271180 14 58 2
271260 14 59 0
271260 14 59 0
271350 14 59 2
271385 14 59 2
271409 14 63 0
271538 14 63 2
271622 14 33 0
271739 14 33 2
275878 14 2 0
275879 14 56 1
276138 14 2 2
276205 14 56 2
281898 14 0 2
310035 14 2 0
310036 14 56 1
310287 14 2 2
310352 14 56 2
350287 14 2 0
350288 14 56 1
350547 14 2 2
350612 14 56 2
353799 14 2 0
353800 14 2 2
355865 14 56 1
356117 14 2 2
356182 14 56 2
418725 14 56 1
418977 14 2 2
419042 14 56 2
445960 14 2 2
494271 14 63 0
494272 14 2 0
517813 14 2 0
517814 14 56 1
518071 14 2 2
518137 14 56 2
562079 14 2 0
562080 14 56 1
562330 14 2 2
562395 14 56 2
573371 14 56 1
573630 14 2 2
573695 14 56 2
581750 14 2 0
581751 14 2 2
585587 14 56 1
585840 14 3 2
585897 14 56 2
593436 14 2 0
593437 14 2 2
599819 14 2 0
599820 14 56 1
600071 14 2 2
600137 14 56 2
607791 14 56 1
608050 14 3 2
608107 14 56 2
623139 14 2 0
623140 14 56 1
623391 14 2 2
623457 14 56 2
643190 14 2 0
643191 14 2 2
651509 14 2 0
651510 14 56 1
651761 14 2 2
651827 14 56 2
663553 14 3 2
674879 14 2 0
674880 14 56 1
675131 14 2 2
675197 14 56 2
715718 14 2 0
715719 14 2 2
722357 14 2 0
722358 14 2 2
740690 14 2 0
740691 14 56 1
740951 14 2 2
741017 14 56 2
777406 14 15 0
777406 14 15 0
777432 14 15 2
777481 14 15 2
777569 14 30 0
777651 14 30 2
777663 14 24 0
777769 14 24 2
777869 14 25 0
777975 14 25 2
777983 14 14 0
777992 14 2 0
777992 14 14 2
778057 14 14 2
778121 14 26 0
778227 14 26 2
778291 14 27 0
778397 14 27 2
778429 14 34 0
778543 14 34 2
778555 14 26 0
778660 14 26 2
778756 14 55 0
778894 14 55 2
778902 14 27 0
779008 14 27 2
779056 14 23 0
779166 14 23 2
779170 14 28 0
779276 14 28 2
779293 14 3 2
779296 14 23 0
779662 14 23 2
779694 14 56 0
779694 14 56 0
779879 14 56 2
779880 14 10 2
779962 14 56 2
779998 14 47 0
779998 14 47 0
780056 14 47 2
780243 14 47 2
780271 14 57 0
780271 14 57 0
780377 14 57 2
780460 14 57 2
780468 14 34 0
780568 14 34 2
780620 14 23 0
781367 14 23 2
781375 14 19 0
781425 14 13 2
781464 14 19 2
781468 14 23 0
781686 14 23 2
781722 14 23 0
781722 14 9 2
782202 14 23 2
782397 14 7 2
782406 14 23 0
783116 14 23 2
783132 14 23 0
783561 14 1 2
784074 14 23 2
784131 14 13 2
784134 14 23 0
784387 14 23 2
784442 14 5 2
784447 14 23 0
784909 14 23 2
784944 14 8 2
784945 14 23 0
791115 14 23 2
791750 14 41 2
791751 14 23 0
793103 14 23 2
793159 14 18 2
793242 14 28 2
793317 14 19 2
793392 14 25 2
793494 14 31 2
793499 14 23 0
797467 14 23 2
797579 14 58 2
797587 14 23 0
799137 14 23 2
799174 14 53 2
799185 14 23 0
804701 14 23 2
804961 14 5 2
804965 14 23 0
810019 14 23 2
810496 14 46 2
810499 14 23 0
812604 14 23 2
813536 14 57 2
813540 14 23 0
816600 14 23 2
816819 14 61 2
816828 14 23 0
817094 14 23 2
820194 14 25 2
820202 14 23 0
820532 14 23 2
824518 14 22 2
824528 14 23 0
824756 14 23 2
824811 14 23 2
824862 14 44 2
824953 14 47 2
825028 14 46 2
825103 14 55 2
825186 14 30 2
825245 14 35 2
825336 14 26 2
825427 14 31 2
825486 14 45 2
825569 14 39 2
825636 14 33 2
825743 14 19 2
825818 14 54 2
825901 14 12 2
825968 14 32 2
826083 14 62 2
826174 14 34 2
826273 14 17 2
826364 14 20 2
826431 14 61 2
826530 14 38 2
826597 14 27 2
826680 14 43 2
826779 14 28 2
826855 14 42 2
826962 14 51 2
827069 14 36 2
827152 14 58 2
827275 14 2 2
827367 14 37 2
827445 14 8 2
827545 14 22 2
827597 14 11 2
827677 14 41 2
827797 14 49 2
827920 14 52 2
828019 14 53 2
828110 14 18 2
828237 14 21 2
828248 14 23 0
830986 14 23 2
832267 14 19 2
832270 14 23 0
832532 14 23 2
835608 14 19 2
835616 14 23 0
838860 14 23 2
839538 14 39 2
839544 14 23 0
843680 14 23 2
844731 14 44 2
844736 14 23 0
851194 14 23 2
853540 14 51 2
853546 14 23 0
854958 14 23 2
855905 14 27 2
855906 14 23 0
856610 14 23 2
858248 14 31 2
858254 14 23 0
858738 14 23 2
859745 14 33 2
859746 14 23 0
860808 14 23 2
863232 14 23 0
863232 14 20 2
863856 14 23 2
867180 14 23 0
867180 14 52 2
867746 14 23 2
870432 14 35 2
870434 14 23 0
870706 14 23 2
870761 14 17 2
870852 14 43 2
870951 14 63 2
871042 14 42 2
871149 14 49 2
871273 14 12 2
871340 14 55 2
871423 14 53 2
871514 14 46 2
871589 14 54 2
871673 14 59 2
871788 14 2 2
871891 14 45 2
871894 14 23 0
873114 14 23 2
874594 14 18 2
874602 14 23 0
875644 14 23 2
878143 14 50 2
878152 14 23 0
878578 14 23 2
879952 14 37 2
879958 14 23 0
880792 14 23 2
883125 14 37 2
883132 14 23 0
883924 14 23 2
884154 14 55 2
884164 14 23 0
884816 14 23 2
884868 14 29 0
884872 14 58 2
884974 14 29 2
884990 14 23 0
887770 14 23 2
887825 14 42 2
887834 14 23 0
892106 14 23 2
892142 14 32 0
892256 14 32 2
892340 14 28 0
892446 14 28 2
892498 14 2 0
892572 14 2 2
892584 14 29 0
892633 14 29 2
892665 14 4 0
892731 14 4 2
892739 14 35 0
892739 14 35 0
892805 14 35 2
892830 14 35 2
892870 14 36 0
892870 14 36 0
892928 14 36 2
892961 14 36 2
894453 14 58 2
941288 14 40 2
951900 14 2 0
951901 14 2 2
957128 14 2 0
957129 14 56 1
957380 14 2 2
957446 14 56 2
972677 14 2 0
972678 14 2 2
989729 14 2 2
1036841 14 2 0
1036842 14 63 0
1049887 14 2 0
1049888 14 2 2
1051361 14 2 2
1081392 14 2 0
1081393 14 2 2
1091017 14 37 0
1091017 14 37 0
1091632 14 37 2
1091900 14 36 0
1091900 14 36 0
1091999 14 36 2
1092298 14 36 2
1092330 14 38 0
1092330 14 38 0
1092372 14 38 2
1092555 14 38 2
1092715 14 54 0
1092715 14 54 0
1092773 14 54 2
1092806 14 54 2
1092834 14 56 0
1092834 14 56 0
1092949 14 56 2
1092964 14 56 2
1092968 14 12 0
1092968 14 12 0
1093002 14 12 2
1093010 14 12 2
1093018 14 57 0
1093018 14 57 0
1093124 14 57 2
1093140 14 57 2
1093196 14 37 0
1093246 14 37 2
1093688 14 37 2
1093696 14 37 0
1094423 14 37 2
1094555 14 35 0
1094555 14 35 0
1094621 14 35 2
1094646 14 35 2
1095502 14 47 0
1095502 14 47 0
1095560 14 47 2
1095577 14 47 2
1095601 14 11 0
1095601 14 11 0
1095643 14 11 2
1095651 14 11 2
1095779 14 1 0
1095852 14 1 2
1095908 14 7 0
1095990 14 7 2
1096470 14 15 0
1096470 14 15 0
1096497 14 15 2
1096536 14 15 2
1096624 14 38 0
1096624 14 38 0
1097012 14 38 2
1097168 14 46 0
1097168 14 46 0
1097218 14 46 2
1097278 14 46 2
1097478 14 47 0
1097478 14 47 0
1097536 14 47 2
1097544 14 47 2
1097560 14 12 0
1097645 14 12 2
1097681 14 47 0
1097798 14 47 2
1097917 14 12 2
1098293 14 12 2
1099106 14 63 0
1099106 14 63 0
1099180 14 63 2
1099188 14 63 2
1099392 14 58 0
1099392 14 58 0
1099490 14 58 2
1099515 14 58 2
1099599 14 46 0
1099599 14 46 0
1099650 14 46 2
1099675 14 46 2
1099896 14 38 2
1100231 14 15 0
1100231 14 15 0
1100258 14 15 2
1100330 14 15 2
1100830 14 52 0
1101152 14 52 2
1101728 14 53 0
1102023 14 53 2
1102599 14 54 0
1102601 14 2 0
1102602 14 2 2
1102837 14 13 2
1102876 14 54 2
1103299 14 13 2
1103446 14 13 2
1103452 14 55 0
1103696 14 55 2
1104272 14 56 0
1104436 14 11 2
1104608 14 56 2
1105184 14 57 0
1105563 14 57 2
1106139 14 58 0
1106438 14 58 2
1107014 14 59 0
1107300 14 59 2
1107876 14 60 0
1108218 14 60 2
1108794 14 61 0
1109121 14 61 2
1109697 14 62 0
1109979 14 62 2
1110555 14 63 0
1110795 14 63 2
1111371 14 0 0
1111371 14 0 0
1111445 14 0 2
1111609 14 0 2
1111877 14 2 0
1111983 14 2 2
1112039 14 3 0
1112137 14 3 2
1112141 14 7 0
1112432 14 7 2
1112520 14 4 0
1112610 14 4 2
1112998 14 1 0
1113277 14 1 2
1113853 14 2 0
1114154 14 2 2
1114730 14 3 0
1115067 14 3 2
1115643 14 4 0
1115890 14 4 2
1116466 14 5 0
1116683 14 5 2
1117259 14 6 0
1117554 14 6 2
1118130 14 7 0
1118414 14 7 2
1118990 14 8 0
1118990 14 8 0
1119056 14 8 2
1119280 14 8 2
1119856 14 9 0
1120165 14 9 2
1120741 14 10 0
1121056 14 10 2
1121632 14 11 0
1121632 14 11 0
1121674 14 11 2
1121970 14 11 2
1122546 14 12 0
1122821 14 12 2
1123397 14 13 0
1123592 14 56 1
1123663 14 13 2
1123860 14 39 2
1123918 14 56 2
1124085 14 56 1
1124170 14 56 1
1124239 14 14 0
1124239 14 14 0
1124248 14 14 0
1124249 14 56 1
1124257 14 14 2
1124339 14 60 2
1124429 14 56 2
1124449 14 36 2
1124515 14 56 2
1124532 14 56 1
1124559 14 14 2
1124575 14 14 2
1124584 14 56 2
1124656 14 56 1
1124789 14 38 2
1124839 14 56 2
1124909 14 12 2
1124951 14 56 2
1125151 14 15 0
1125466 14 15 2
1125620 14 56 1
1125704 14 56 1
1125899 14 54 2
1125936 14 56 1
1125965 14 56 2
1126009 14 20 2
1126042 14 16 0
1126061 14 56 2
1126186 14 56 1
1126189 14 61 2
1126247 14 56 1
1126271 14 56 2
1126348 14 16 2
1126396 14 56 1
1126439 14 56 2
1126549 14 35 2
1126560 14 56 1
1126561 14 56 2
1126622 14 56 2
1126630 14 56 1
1126679 14 55 2
1126753 14 56 2
1126818 14 49 2
1126918 14 56 1
1126924 14 17 0
1126924 14 56 2
1126939 14 27 2
1126971 14 56 1
1127004 14 56 2
1127179 14 48 2
1127233 14 17 2
1127289 14 10 2
1127293 14 56 2
1127347 14 56 2
1127400 14 56 1
1127446 14 56 1
1127578 14 56 1
1127659 14 57 2
1127672 14 56 1
1127769 14 4 2
1127773 14 56 2
1127806 14 56 1
1127809 14 18 0
1127819 14 56 2
1127889 14 44 2
1127892 14 56 1
1127963 14 56 2
1127999 14 28 2
1128057 14 56 2
1128106 14 18 2
1128109 14 43 2
1128191 14 56 2
1128219 14 19 2
1128277 14 56 2
1128320 14 56 1
1128408 14 56 1
1128486 14 56 1
1128579 14 58 2
1128628 14 56 1
1128682 14 19 0
1128685 14 56 2
1128689 14 53 2
1128767 14 56 2
1128799 14 21 2
1128842 14 56 2
1128871 14 56 1
1128909 14 8 2
1128956 14 56 1
1128987 14 56 2
1128990 14 19 2
1129066 14 56 1
1129129 14 46 2
1129187 14 56 2
1129239 14 6 2
1129273 14 56 2
1129276 14 56 1
1129349 14 5 2
1129386 14 56 1
1129391 14 56 2
1129464 14 56 1
1129529 14 52 2
1129566 14 20 0
1129566 14 56 1
1129611 14 56 2
1129639 14 16 2
1129721 14 56 2
1129759 14 23 2
1129801 14 56 2
1129838 14 20 2
1129869 14 22 2
1129903 14 56 2
1129904 14 56 1
1130159 14 50 2
1130175 14 56 1
1130257 14 56 2
1130278 14 56 1
1130414 14 21 0
1130414 14 56 1
1130429 14 62 2
1130503 14 56 2
1130516 14 56 1
1130549 14 47 2
1130594 14 56 1
1130615 14 56 2
1130669 14 24 2
1130681 14 21 2
1130753 14 56 1
1130759 14 56 2
1130779 14 34 2
1130815 14 56 1
1130861 14 56 2
1130889 14 29 2
1130939 14 56 2
1130940 14 56 1
1131009 14 59 2
1131025 14 56 1
1131109 14 56 2
1131119 14 30 2
1131161 14 56 2
1131239 14 9 2
1131240 14 56 1
1131257 14 22 0
1131304 14 56 2
1131317 14 56 1
1131359 14 15 2
1131393 14 56 2
1131469 14 56 1
1131499 14 45 2
1131554 14 56 1
1131565 14 56 2
1131576 14 22 2
1131609 14 13 2
1131645 14 56 2
1131680 14 56 1
1131729 14 17 2
1131803 14 56 2
1131839 14 7 2
1131881 14 56 2
1131949 14 18 2
1131984 14 56 1
1132015 14 56 2
1132094 14 56 1
1132152 14 23 0
1132211 14 56 1
1132239 14 63 2
1132321 14 56 2
1132322 14 56 1
1132349 14 33 2
1132392 14 56 1
1132442 14 56 2
1132446 14 23 2
1132469 14 32 2
1132494 14 56 1
1132569 14 56 2
1132579 14 41 2
1132645 14 56 1
1132677 14 56 2
1132689 14 31 2
1132721 14 56 1
1132739 14 56 2
1132799 14 11 2
1132848 14 56 1
1132849 14 56 2
1132909 14 51 2
1132958 14 56 1
1132999 14 56 2
1133019 14 37 2
1133022 14 24 0
1133077 14 56 2
1133084 14 56 1
1133129 14 26 2
1133186 14 56 1
1133204 14 56 2
1133239 14 1 2
1133313 14 56 2
1133326 14 24 2
1133349 14 42 2
1133380 14 56 1
1133439 14 56 2
1133459 14 25 2
1133542 14 56 2
1133622 14 56 1
1133641 14 40 2
1133747 14 56 2
1133879 14 3 2
1133902 14 25 0
1133937 14 56 2
1134221 14 25 2
1134797 14 26 0
1135085 14 26 2
1135661 14 27 0
1135950 14 27 2
1136526 14 28 0
1136560 14 2 0
1136561 14 56 1
1136817 14 28 2
1136829 14 2 2
1136895 14 56 2
1137393 14 29 0
1137639 14 29 2
1138215 14 30 0
1138506 14 30 2
1139082 14 31 0
1139356 14 31 2
1139932 14 32 0
1140254 14 32 2
1140830 14 33 0
1141159 14 33 2
1141735 14 34 0
1142016 14 34 2
1142592 14 35 0
1142930 14 35 2
1143506 14 36 0
1143794 14 36 2
1144370 14 37 0
1144636 14 37 2
1145212 14 38 0
1145506 14 38 2
1146082 14 39 0
1146326 14 39 2
1146902 14 40 0
1147212 14 40 2
1147788 14 41 0
1148137 14 41 2
1148713 14 42 0
1148996 14 42 2
1149486 14 56 1
1149572 14 43 0
1149769 14 0 2
1149851 14 56 2
1149880 14 43 2
1150456 14 44 0
1150763 14 44 2
1151339 14 45 0
1151624 14 45 2
1152200 14 46 0
1152506 14 46 2
1153082 14 47 0
1153336 14 47 2
1153912 14 48 0
1154249 14 48 2
1154825 14 49 0
1155195 14 49 2
1155771 14 50 0
1156056 14 50 2
1164456 14 8 0
1164700 14 8 2
1201600 14 1 0
1201600 14 1 0
1201666 14 1 2
1201674 14 1 2
1201726 14 35 0
1201726 14 35 0
1201792 14 35 2
1201817 14 35 2
1201973 14 36 0
1201973 14 36 0
1202031 14 36 2
1202056 14 36 2
1202120 14 37 0
1202120 14 37 0
1202171 14 37 2
1202194 14 37 2
1202242 14 58 0
1202242 14 58 0
1202340 14 58 2
1202365 14 58 2
1202397 14 59 0
1202397 14 59 0
1202487 14 59 2
1202512 14 59 2
1202724 14 61 0
1202724 14 61 0
1202798 14 61 2
1202823 14 61 2
1203103 14 54 0
1203103 14 54 0
1203161 14 54 2
1203186 14 54 2
1203250 14 56 0
1203250 14 56 0
1203364 14 56 2
1203372 14 56 2
1203400 14 57 0
1203400 14 57 0
1203506 14 57 2
1203531 14 57 2
1204847 14 1 0
1204945 14 1 2
1205195 14 12 2
1205393 14 46 0
1205467 14 46 2
1205499 14 47 0
1205573 14 47 2
1205717 14 12 0
1205775 14 12 2
1206259 14 1 0
1206259 14 1 0
1206326 14 1 2
1206335 14 1 2
1206600 14 12 2
1206783 14 46 0
1206875 14 16 2
1206897 14 46 2
1206929 14 47 0
1206929 14 47 0
1206987 14 47 2
1207052 14 47 2
1207130 14 12 2
1207196 14 12 0
1207196 14 12 0
1207230 14 12 2
1207254 14 12 2
1207287 14 12 2
1207449 14 12 2
1207771 14 1 0
1207771 14 1 0
1207837 14 1 2
1207862 14 1 2
1208310 14 46 0
1208310 14 46 0
1208360 14 46 2
1208417 14 46 2
1208440 14 15 2
1208449 14 47 0
1208449 14 47 0
1208507 14 47 2
1208530 14 15 2
1208546 14 12 2
1208564 14 47 2
1208668 14 12 2
1208708 14 12 0
1208762 14 17 2
1208790 14 12 2
1208864 14 12 2
1208876 14 17 2
1209274 14 1 0
1209274 14 1 0
1209340 14 1 2
1209404 14 1 2
1209431 14 12 2
1209852 14 46 0
1209949 14 46 2
1209961 14 12 2
1209981 14 47 0
1210049 14 16 2
1210084 14 12 2
1210087 14 47 2
1210231 14 12 0
1210275 14 16 2
1210278 14 12 2
1210304 14 12 2
1210457 14 16 2
1210788 14 1 0
1210788 14 1 0
1210854 14 1 2
1210862 14 1 2
1211310 14 46 0
1211310 14 46 0
1211360 14 46 2
1211369 14 12 2
1211401 14 46 2
1211433 14 47 0
1211433 14 47 0
1211492 14 47 2
1211495 14 12 2
1211533 14 47 2
1211640 14 16 2
1211677 14 12 0
1211677 14 12 0
1211691 14 12 2
1211712 14 12 2
1211745 14 12 2
1211794 14 16 2
1211930 14 17 2
1212028 14 16 2
1212111 14 18 2
1212229 14 1 0
1212229 14 1 0
1212295 14 1 2
1212303 14 1 2
1212321 14 18 2
1212487 14 18 2
1212751 14 46 0
1212751 14 46 0
1212781 14 12 2
1212801 14 46 2
1212842 14 46 2
1212874 14 47 0
1212874 14 47 0
1212908 14 12 2
1212932 14 47 2
1212973 14 2 0
1212973 14 47 2
1212974 14 0 0
1213103 14 12 2
1213117 14 12 0
1213117 14 12 0
1213141 14 16 2
1213151 14 12 2
1213184 14 12 2
1213257 14 17 2
1213296 14 16 2
1213425 14 17 2
1213533 14 16 2
1213633 14 18 2
1213651 14 17 2
1213668 14 1 0
1213668 14 1 0
1213735 14 1 2
1213743 14 1 2
1213771 14 18 2
1213989 14 18 2
1214177 14 12 2
1214191 14 46 0
1214191 14 46 0
1214241 14 46 2
1214252 14 46 2
1214284 14 47 0
1214284 14 47 0
1214300 14 12 2
1214342 14 47 2
1214350 14 47 2
1214494 14 12 0
1214494 14 12 0
1214494 14 12 2
1214528 14 12 2
1214535 14 12 2
1214630 14 16 2
1214752 14 17 2
1214784 14 16 2
1214918 14 17 2
1215019 14 1 0
1215019 14 1 0
1215022 14 16 2
1215085 14 1 2
1215110 14 1 2
1215144 14 17 2
1215558 14 46 0
1215558 14 46 0
1215608 14 46 2
1215615 14 46 2
1215647 14 47 0
1215647 14 47 0
1215705 14 47 2
1215712 14 47 2
1215856 14 12 0
1215856 14 12 0
1215890 14 12 2
1215898 14 12 2
1216382 14 1 0
1216382 14 1 0
1216448 14 1 2
1216487 14 1 2
1216935 14 46 0
1216935 14 46 0
1216985 14 46 2
1216995 14 46 2
1217027 14 47 0
1217027 14 47 0
1217085 14 47 2
1217133 14 47 2
1217277 14 12 0
1217277 14 12 0
1217311 14 12 2
1217338 14 12 2
1217822 14 1 0
1217822 14 1 0
1217888 14 1 2
1217949 14 1 2
1218397 14 46 0
1218397 14 46 0
1218447 14 46 2
1218455 14 46 2
1218487 14 47 0
1218487 14 47 0
1218545 14 47 2
1218593 14 47 2
1218737 14 12 0
1218737 14 12 0
1218771 14 12 2
1218789 14 12 2
1219273 14 1 0
1219273 14 1 0
1219339 14 1 2
1219420 14 1 2
1219868 14 46 0
1219868 14 46 0
1219918 14 46 2
1219926 14 46 2
1219958 14 47 0
1219958 14 47 0
1220016 14 47 2
1220056 14 47 2
1220200 14 12 0
1220200 14 12 0
1220234 14 12 2
1220254 14 12 2
1220738 14 1 0
1220738 14 1 0
1220804 14 1 2
1220872 14 1 2
1221320 14 46 0
1221320 14 46 0
1221370 14 46 2
1221388 14 46 2
1221420 14 47 0
1221420 14 47 0
1221479 14 47 2
1221525 14 47 2
1221669 14 12 0
1221669 14 12 0
1221705 14 12 2
1221723 14 12 2
1222207 14 1 0
1222207 14 1 0
1222275 14 1 2
1222342 14 1 2
1222790 14 46 0
1222790 14 46 0
1222841 14 46 2
1222849 14 46 2
1222881 14 47 0
1222881 14 47 0
1222939 14 47 2
1222987 14 47 2
1223131 14 12 0
1223131 14 12 0
1223165 14 12 2
1223193 14 12 2
1223677 14 1 0
1223677 14 1 0
1223744 14 1 2
1223811 14 1 2
1224259 14 46 0
1224259 14 46 0
1224309 14 46 2
1224317 14 46 2
1224349 14 47 0
1224349 14 47 0
1224407 14 47 2
1224415 14 47 2
1224559 14 12 0
1224559 14 12 0
1224593 14 12 2
1224600 14 12 2
1225084 14 1 0
1225084 14 1 0
1225150 14 1 2
1225158 14 1 2
1225606 14 46 0
1225606 14 46 0
1225656 14 46 2
1225664 14 46 2
1225696 14 47 0
1225696 14 47 0
1225754 14 47 2
1225762 14 47 2
1225906 14 12 0
1225906 14 12 0
1225940 14 12 2
1225948 14 12 2
1226432 14 1 0
1226432 14 1 0
1226498 14 1 2
1226506 14 1 2
1226954 14 46 0
1226954 14 46 0
1227004 14 46 2
1227012 14 46 2
1227044 14 47 0
1227044 14 47 0
1227102 14 47 2
1227111 14 47 2
1227255 14 12 0
1227255 14 12 0
1227289 14 12 2
1227297 14 12 2
1227781 14 1 0
1227781 14 1 0
1227847 14 1 2
1227874 14 1 2
1228322 14 46 0
1228322 14 46 0
1228372 14 46 2
1228463 14 46 2
1228495 14 47 0
1228495 14 47 0
1228553 14 47 2
1228601 14 47 2
1228745 14 12 0
1228745 14 12 0
1228779 14 12 2
1228797 14 12 2
1229281 14 1 0
1229281 14 1 0
1229347 14 1 2
1229375 14 1 2
1229807 14 11 0
1229807 14 11 0
1229849 14 11 2
1229890 14 11 2
1229906 14 46 0
1229906 14 46 0
1229964 14 46 2
1229996 14 47 0
1229996 14 47 0
1230006 14 46 2
1230094 14 47 2
1230102 14 47 2
1230246 14 12 0
1230246 14 12 0
1230280 14 12 2
1230299 14 12 2
1230783 14 1 0
1230783 14 1 0
1230869 14 1 2
1230890 14 1 2
1231338 14 46 0
1231338 14 46 0
1231389 14 46 2
1231477 14 46 2
1231509 14 47 0
1231509 14 47 0
1231567 14 47 2
1231615 14 47 2
1231759 14 12 0
1231759 14 12 0
1231793 14 12 2
1231811 14 12 2
1232295 14 1 0
1232295 14 1 0
1232361 14 1 2
1232389 14 1 2
1232837 14 46 0
1232837 14 46 0
1232887 14 46 2
1232894 14 46 2
1232926 14 47 0
1232926 14 47 0
1232984 14 47 2
1232992 14 47 2
1233136 14 12 0
1233136 14 12 0
1233170 14 12 2
1233218 14 12 2
1233702 14 1 0
1233702 14 1 0
1233768 14 1 2
1233815 14 1 2
1234263 14 46 0
1234263 14 46 0
1234313 14 46 2
1234321 14 46 2
1234353 14 47 0
1234353 14 47 0
1234412 14 47 2
1234441 14 47 2
1234585 14 12 0
1234585 14 12 0
1234619 14 12 2
1234678 14 12 2
1235162 14 1 0
1235162 14 1 0
1235228 14 1 2
1235237 14 1 2
1235685 14 46 0
1235685 14 46 0
1235735 14 46 2
1235743 14 46 2
1235775 14 47 0
1235775 14 47 0
1235833 14 47 2
1235840 14 47 2
1235984 14 12 0
1235984 14 12 0
1236018 14 12 2
1236035 14 12 2
1236519 14 1 0
1236519 14 1 0
1236585 14 1 2
1236595 14 1 2
1237043 14 46 0
1237043 14 46 0
1237093 14 46 2
1237101 14 46 2
1237133 14 47 0
1237133 14 47 0
1237191 14 47 2
1237199 14 47 2
1237343 14 12 0
1237343 14 12 0
1237377 14 12 2
1237385 14 12 2
1237869 14 1 0
1237869 14 1 0
1237935 14 1 2
1237942 14 1 2
1238390 14 46 0
1238390 14 46 0
1238440 14 46 2
1238448 14 46 2
1238480 14 47 0
1238480 14 47 0
1238538 14 47 2
1238547 14 47 2
1238691 14 12 0
1238691 14 12 0
1238726 14 12 2
1238733 14 12 2
1239217 14 1 0
1239217 14 1 0
1239283 14 1 2
1239291 14 1 2
1239739 14 46 0
1239739 14 46 0
1239789 14 46 2
1239797 14 46 2
1239829 14 47 0
1239829 14 47 0
1239887 14 47 2
1239895 14 47 2
1240039 14 12 0
1240039 14 12 0
1240073 14 12 2
1240080 14 12 2
1240564 14 1 0
1240564 14 1 0
1240630 14 1 2
1240637 14 1 2
1240685 14 18 2
1240966 14 12 2
1241069 14 12 0
1241069 14 12 0
1241103 14 12 2
1241111 14 12 2
1241127 14 46 0
1241127 14 46 0
1241177 14 46 2
1241185 14 46 2
1241217 14 47 0
1241217 14 47 0
1241275 14 47 2
1241283 14 47 2
1241427 14 12 0
1241427 14 12 0
1241461 14 12 2
1241469 14 12 2
1241953 14 1 0
1241953 14 1 0
1242019 14 1 2
1242026 14 1 2
1242474 14 46 0
1242474 14 46 0
1242524 14 46 2
1242532 14 46 2
1242564 14 47 0
1242564 14 47 0
1242622 14 47 2
1242631 14 47 2
1242775 14 12 0
1242775 14 12 0
1242809 14 12 2
1242817 14 12 2
1243301 14 1 0
1243301 14 1 0
1243367 14 1 2
1243375 14 1 2
1243554 14 18 2
1243718 14 12 2
1243823 14 46 0
1243823 14 46 0
1243873 14 46 2
1243880 14 46 2
1243912 14 47 0
1243912 14 47 0
1243970 14 47 2
1243978 14 47 2
1244122 14 12 0
1244122 14 12 0
1244156 14 12 2
1244168 14 12 2
1244652 14 1 0
1244652 14 1 0
1244718 14 1 2
1244725 14 1 2
1245173 14 46 0
1245173 14 46 0
1245223 14 46 2
1245230 14 46 2
1245262 14 47 0
1245262 14 47 0
1245320 14 47 2
1245340 14 47 2
1245484 14 12 0
1245484 14 12 0
1245519 14 12 2
1245538 14 12 2
1246022 14 1 0
1246022 14 1 0
1246088 14 1 2
1246097 14 1 2
1246352 14 18 2
1246442 14 12 2
1246545 14 46 0
1246545 14 46 0
1246595 14 46 2
1246662 14 46 2
1246694 14 47 0
1246694 14 47 0
1246752 14 47 2
1246812 14 47 2
1246956 14 12 0
1246956 14 12 0
1246990 14 12 2
1246999 14 12 2
1247483 14 1 0
1247483 14 1 0
1247549 14 1 2
1247578 14 1 2
1248026 14 46 0
1248026 14 46 0
1248079 14 46 2
1248151 14 46 2
1248183 14 47 0
1248183 14 47 0
1248241 14 47 2
1248290 14 47 2
1248434 14 12 0
1248434 14 12 0
1248468 14 12 2
1248485 14 12 2
1248969 14 1 0
1248969 14 1 0
1249040 14 1 2
1249052 14 1 2
1249142 14 18 2
1249235 14 12 2
1249500 14 46 0
1249500 14 46 0
1249550 14 46 2
1249607 14 46 2
1249639 14 47 0
1249639 14 47 0
1249697 14 47 2
1249755 14 47 2
1249899 14 12 0
1249899 14 12 0
1249933 14 12 2
1249941 14 12 2
1250425 14 1 0
1250425 14 1 0
1250491 14 1 2
1250520 14 1 2
1250968 14 46 0
1250968 14 46 0
1251018 14 46 2
1251085 14 46 2
1251117 14 47 0
1251117 14 47 0
1251175 14 47 2
1251244 14 47 2
1251388 14 12 0
1251388 14 12 0
1251422 14 12 2
1251443 14 12 2
1251927 14 1 0
1251927 14 1 0
1251934 14 18 2
1251994 14 1 2
1252002 14 1 2
1252017 14 12 2
1252450 14 46 0
1252450 14 46 0
1252500 14 46 2
1252568 14 46 2
1252600 14 47 0
1252600 14 47 0
1252658 14 47 2
1252726 14 47 2
1252870 14 12 0
1252870 14 12 0
1252904 14 12 2
1252931 14 12 2
1253415 14 1 0
1253415 14 1 0
1253481 14 1 2
1253490 14 1 2
1253938 14 46 0
1253938 14 46 0
1253988 14 46 2
1254045 14 46 2
1254077 14 47 0
1254077 14 47 0
1254135 14 47 2
1254195 14 47 2
1254339 14 12 0
1254339 14 12 0
1254374 14 12 2
1254401 14 12 2
1254885 14 1 0
1254885 14 1 0
1254951 14 1 2
1254973 14 1 2
1255421 14 46 0
1255421 14 46 0
1255475 14 46 2
1255529 14 46 2
1255561 14 47 0
1255561 14 47 0
1255620 14 47 2
1255678 14 47 2
1255822 14 12 0
1255822 14 12 0
1255856 14 12 2
1255874 14 12 2
1256358 14 1 0
1256358 14 1 0
1256424 14 1 2
1256442 14 1 2
1256890 14 46 0
1256890 14 46 0
1256940 14 46 2
1257007 14 46 2
1257039 14 47 0
1257039 14 47 0
1257097 14 47 2
1257156 14 47 2
1257300 14 12 0
1257300 14 12 0
1257334 14 12 2
1257352 14 12 2
1257836 14 1 0
1257836 14 1 0
1257902 14 1 2
1257911 14 1 2
1258359 14 46 0
1258359 14 46 0
1258410 14 46 2
1258479 14 46 2
1258511 14 47 0
1258511 14 47 0
1258570 14 47 2
1258635 14 47 2
1258779 14 12 0
1258779 14 12 0
1258814 14 12 2
1258831 14 12 2
1259315 14 1 0
1259315 14 1 0
1259382 14 1 2
1259395 14 1 2
1259843 14 46 0
1259843 14 46 0
1259900 14 46 2
1259951 14 46 2
1259983 14 47 0
1259983 14 47 0
1260043 14 47 2
1260098 14 47 2
1260242 14 12 0
1260242 14 12 0
1260276 14 12 2
1260303 14 12 2
1260787 14 1 0
1260787 14 1 0
1260854 14 1 2
1260864 14 1 2
1261312 14 46 0
1261312 14 46 0
1261362 14 46 2
1261429 14 46 2
1261461 14 47 0
1261461 14 47 0
1261522 14 47 2
1261577 14 47 2
1261721 14 12 0
1261721 14 12 0
1261755 14 12 2
1261772 14 12 2
1262256 14 1 0
1262256 14 1 0
1262322 14 1 2
1262339 14 1 2
1262787 14 46 0
1262787 14 46 0
1262837 14 46 2
1262907 14 46 2
1262939 14 47 0
1262939 14 47 0
1263001 14 47 2
1263049 14 47 2
1263193 14 12 0
1263193 14 12 0
1263228 14 12 2
1263257 14 12 2
1263741 14 1 0
1263741 14 1 0
1263807 14 1 2
1263815 14 1 2
1264247 14 14 0
1264247 14 14 0
1264256 14 14 0
1264257 14 63 0
1264265 14 14 2
1264338 14 14 2
1264354 14 46 0
1264354 14 46 0
1264404 14 46 2
1264414 14 46 2
1264446 14 47 0
1264446 14 47 0
1264504 14 47 2
1264524 14 47 2
1264668 14 12 0
1264668 14 12 0
1264702 14 12 2
1264720 14 12 2
1265204 14 1 0
1265204 14 1 0
1265270 14 1 2
1265288 14 1 2
1265736 14 46 0
1265736 14 46 0
1265786 14 46 2
1265843 14 46 2
1265875 14 47 0
1265875 14 47 0
1265933 14 47 2
1265992 14 47 2
1266136 14 12 0
1266136 14 12 0
1266170 14 12 2
1266199 14 12 2
1266683 14 1 0
1266683 14 1 0
1266749 14 1 2
1266757 14 1 2
1267205 14 46 0
1267205 14 46 0
1267255 14 46 2
1267323 14 46 2
1267355 14 47 0
1267355 14 47 0
1267413 14 47 2
1267470 14 47 2
1267614 14 12 0
1267614 14 12 0
1267648 14 12 2
1267675 14 12 2
1268159 14 1 0
1268159 14 1 0
1268236 14 1 2
1268237 14 1 2
1268684 14 46 0
1268684 14 46 0
1268734 14 46 2
1268801 14 46 2
1268833 14 47 0
1268833 14 47 0
1268891 14 47 2
1268953 14 47 2
1269097 14 12 0
1269097 14 12 0
1269131 14 12 2
1269148 14 12 2
1269632 14 1 0
1269632 14 1 0
1269698 14 1 2
1269706 14 1 2
1270154 14 46 0
1270154 14 46 0
1270204 14 46 2
1270212 14 46 2
1270244 14 47 0
1270244 14 47 0
1270302 14 47 2
1270310 14 47 2
1270454 14 12 0
1270454 14 12 0
1270488 14 12 2
1270496 14 12 2
1270980 14 1 0
1270980 14 1 0
1271046 14 1 2
1271055 14 1 2
1271503 14 46 0
1271503 14 46 0
1271553 14 46 2
1271591 14 46 2
1271623 14 47 0
1271623 14 47 0
1271682 14 47 2
1271720 14 47 2
1271864 14 12 0
1271864 14 12 0
1271898 14 12 2
1271916 14 12 2
1272400 14 1 0
1272400 14 1 0
1272466 14 1 2
1272474 14 1 2
1272922 14 46 0
1272922 14 46 0
1272972 14 46 2
1273010 14 46 2
1273042 14 47 0
1273042 14 47 0
1273100 14 47 2
1273148 14 47 2
1273292 14 12 0
1273292 14 12 0
1273326 14 12 2
1273334 14 12 2
1273818 14 1 0
1273818 14 1 0
1273884 14 1 2
1273892 14 1 2
1274340 14 46 0
1274340 14 46 0
1274390 14 46 2
1274398 14 46 2
1274430 14 47 0
1274430 14 47 0
1274488 14 47 2
1274495 14 47 2
1274639 14 12 0
1274639 14 12 0
1274673 14 12 2
1274681 14 12 2
1275069 14 1 0
1275069 14 1 0
1275138 14 1 2
1275145 14 1 2
1275593 14 46 0
1275593 14 46 0
1275643 14 46 2
1275650 14 46 2
1275682 14 47 0
1275682 14 47 0
1275753 14 47 2
1275757 14 47 2
1275901 14 12 0
1275901 14 12 0
1275935 14 12 2
1275943 14 12 2
1276427 14 1 0
1276427 14 1 0
1276493 14 1 2
1276501 14 1 2
1276949 14 46 0
1276949 14 46 0
1276999 14 46 2
1277008 14 46 2
1277040 14 47 0
1277040 14 47 0
1277098 14 47 2
1277105 14 47 2
1277249 14 12 0
1277249 14 12 0
1277291 14 12 2
1277294 14 12 2
1277778 14 1 0
1277778 14 1 0
1277844 14 1 2
1277852 14 1 2
1278300 14 46 0
1278300 14 46 0
1278350 14 46 2
1278360 14 46 2
1278392 14 47 0
1278392 14 47 0
1278450 14 47 2
1278461 14 47 2
1278613 14 61 0
1278613 14 61 0
1278687 14 61 2
1278697 14 61 2
1278721 14 62 0
1278721 14 62 0
1278787 14 62 2
1278795 14 62 2
1279071 14 63 0
1279071 14 63 0
1279145 14 63 2
1279178 14 63 2
1279602 14 12 0
1279602 14 12 0
1279636 14 12 2
1279671 14 12 2
1280323 14 1 0
1280323 14 1 0
1280393 14 1 2
1280456 14 1 2
1280904 14 46 0
1280904 14 46 0
1280954 14 46 2
1280991 14 46 2
1281023 14 47 0
1281023 14 47 0
1281081 14 47 2
1281139 14 47 2
1281396 14 18 2
1282015 14 12 0
1282015 14 12 0
1282049 14 12 2
1282085 14 12 2
1282737 14 1 0
1282737 14 1 0
1282803 14 1 2
1282811 14 1 2
1283259 14 46 0
1283259 14 46 0
1283309 14 46 2
1283318 14 46 2
1283350 14 47 0
1283350 14 47 0
1283408 14 47 2
1283415 14 47 2
1283559 14 12 0
1283559 14 12 0
1283593 14 12 2
1283602 14 12 2
1283713 14 18 2
1284086 14 1 0
1284086 14 1 0
1284152 14 1 2
1284167 14 1 2
1284615 14 46 0
1284615 14 46 0
1284665 14 46 2
1284672 14 46 2
1284704 14 47 0
1284704 14 47 0
1284762 14 47 2
1284770 14 47 2
1284914 14 12 0
1284914 14 12 0
1284948 14 12 2
1284958 14 12 2
1285442 14 1 0
1285442 14 1 0
1285508 14 1 2
1285515 14 1 2
1285963 14 46 0
1285963 14 46 0
1286013 14 46 2
1286021 14 46 2
1286053 14 47 0
1286053 14 47 0
1286111 14 47 2
1286119 14 47 2
1286263 14 12 0
1286303 14 12 2
1286787 14 1 0
1286787 14 1 0
1286856 14 1 2
1286862 14 1 2
1287310 14 46 0
1287310 14 46 0
1287362 14 46 2
1287373 14 46 2
1287405 14 47 0
1287405 14 47 0
1287463 14 47 2
1287478 14 47 2
1287622 14 12 0
1287662 14 12 2
1288146 14 1 0
1288146 14 1 0
1288212 14 1 2
1288219 14 1 2
1288667 14 46 0
1288667 14 46 0
1288717 14 46 2
1288724 14 46 2
1288756 14 47 0
1288756 14 47 0
1288814 14 47 2
1288825 14 47 2
1288969 14 12 0
1288969 14 12 0
1289003 14 12 2
1289012 14 12 2
1289496 14 1 0
1289496 14 1 0
1289562 14 1 2
1289569 14 1 2
1290017 14 46 0
1290017 14 46 0
1290067 14 46 2
1290075 14 46 2
1290107 14 47 0
1290107 14 47 0
1290165 14 47 2
1290176 14 47 2
1290320 14 12 0
1290320 14 12 0
1290354 14 12 2
1290365 14 12 2
1290849 14 1 0
1290849 14 1 0
1290915 14 1 2
1290923 14 1 2
1291371 14 46 0
1291371 14 46 0
1291422 14 46 2
1291430 14 46 2
1291462 14 47 0
1291462 14 47 0
1291520 14 47 2
1291532 14 47 2
1291676 14 12 0
1291676 14 12 0
1291710 14 12 2
1291717 14 12 2
1292201 14 1 0
1292201 14 1 0
1292267 14 1 2
1292275 14 1 2
1292723 14 46 0
1292723 14 46 0
1292774 14 46 2
1292781 14 46 2
1292813 14 47 0
1292813 14 47 0
1292871 14 47 2
1292881 14 47 2
1293025 14 12 0
1293025 14 12 0
1293059 14 12 2
1293067 14 12 2
1293551 14 1 0
1293551 14 1 0
1293617 14 1 2
1293624 14 1 2
1294072 14 46 0
1294072 14 46 0
1294122 14 46 2
1294130 14 46 2
1294162 14 47 0
1294162 14 47 0
1294220 14 47 2
1294267 14 47 2
1294411 14 12 0
1294411 14 12 0
1294445 14 12 2
1294453 14 12 2
1294937 14 1 0
1294937 14 1 0
1295003 14 1 2
1295021 14 1 2
1295469 14 46 0
1295469 14 46 0
1295519 14 46 2
1295538 14 46 2
1295570 14 47 0
1295570 14 47 0
1295628 14 47 2
1295686 14 47 2
1295830 14 12 0
1295830 14 12 0
1295864 14 12 2
1295871 14 12 2
1296049 14 12 2
1296475 14 1 0
1296475 14 1 0
1296541 14 1 2
1296581 14 1 2
1296869 14 62 0
1296869 14 62 0
1296935 14 62 2
1296943 14 62 2
1297067 14 61 0
1297067 14 61 0
1297141 14 61 2
1297148 14 61 2
1297684 14 1 0
1297789 14 1 2
1297873 14 58 0
1297873 14 58 0
1297971 14 58 2
1297988 14 58 2
1298068 14 59 0
1298068 14 59 0
1298159 14 59 2
1298175 14 59 2
1298498 14 18 2
1302264 14 13 2
1302294 14 11 2
1304718 14 2 0
1304719 14 63 0
1310702 14 40 2
1323988 14 2 0
1323989 14 2 2
1325698 14 2 0
1325699 14 2 2
1332093 14 2 0
1332094 14 56 1
1332354 14 2 2
1332420 14 56 2
1355543 14 2 0
1355544 14 56 1
1355804 14 2 2
1355870 14 56 2
1384043 14 2 0
1384044 14 56 1
1384304 14 2 2
1384370 14 56 2
1407463 14 2 0
1407464 14 56 1
1407724 14 2 2
1407790 14 56 2
1432344 14 2 0
1432345 14 2 2
1448440 14 2 0
1448441 14 2 2
1448893 14 2 0
1448894 14 2 2
1450803 14 2 0
1450804 14 2 2
1456176 14 2 0
1456177 14 2 2
1468628 14 2 2
1468629 14 2 0
1495054 14 15 0
1495054 14 15 0
1495080 14 15 2
1495088 14 15 2
1495296 14 14 0
1495296 14 14 0
1495305 14 14 0
1495306 14 2 0
1495306 14 14 2
1495314 14 14 2
1495372 14 14 2
1495640 14 55 0
1495778 14 55 2
1495834 14 19 0
1496836 14 19 2
1496892 14 56 0
1496892 14 56 0
1497006 14 56 2
1497031 14 56 2
1497067 14 47 0
1497067 14 47 0
1497125 14 47 2
1497133 14 47 2
1497161 14 57 0
1497161 14 57 0
1497191 14 15 2
1497267 14 57 2
1497300 14 57 2
1497360 14 19 0
1498538 14 19 2
1498590 14 21 2
1498598 14 19 0
1498696 14 19 2
1499224 14 19 0
1499224 14 21 2
1503109 14 19 2
1503838 14 32 2
1503841 14 19 0
1508373 14 19 2
1508424 14 39 2
1508433 14 19 0
1514067 14 19 2
1515245 14 59 2
1515255 14 19 0
1528765 14 19 2
1529558 14 47 2
1529569 14 19 0
1530905 14 19 2
2071812 14 2 0
2071813 14 2 2
2079608 14 0 2
2081734 14 0 0
2081735 14 2 0
