0 57 51 0
767 57 51 2
771 57 22 0
1320 57 7 1
1366 57 22 2
1378 57 1 0
1584 57 0 2
1673 57 7 2
1750 57 1 2
1770 57 24 0
1880 57 24 2
20328 57 7 1
20595 57 2 2
20685 57 7 2
59279 57 7 1
59544 57 2 2
59633 57 7 2
65419 57 7 1
65684 57 2 2
65773 57 7 2
67523 57 2 0
67524 57 7 1
67784 57 2 2
67873 57 7 2
76955 57 7 1
77214 57 2 2
77303 57 7 2
81789 57 2 0
91683 57 7 1
91944 57 2 2
92033 57 7 2
98008 57 7 1
98274 57 0 2
98363 57 7 2
100205 57 7 1
100464 57 2 2
100553 57 7 2
113521 57 4 0
115466 57 4 2
115518 57 44 0
116864 57 44 2
116876 57 5 0
117025 57 5 2
117037 57 45 0
117392 57 45 2
117460 57 24 0
117836 57 24 2
117868 57 25 0
118013 57 25 2
118021 57 26 0
118144 57 26 2
118184 57 27 0
118311 57 27 2
118331 57 33 0
119771 57 33 2
119791 57 35 0
119906 57 35 2
119914 57 41 0
120522 57 41 2
120538 57 42 0
120845 57 42 2
120877 57 1 0
120977 57 1 2
121013 57 36 0
121126 57 36 2
121138 57 43 0
121761 57 43 2
121777 57 17 0
121916 57 17 2
122008 57 27 0
122129 57 27 2
122133 57 37 0
122267 57 37 2
122279 57 17 0
122424 57 17 2
122432 57 15 0
122605 57 15 2
122645 57 16 0
122926 57 16 2
122966 57 18 0
123091 57 18 2
123115 57 61 0
124027 57 61 2
124039 57 54 0
124169 57 54 2
124189 57 14 0
124319 57 14 2
124327 57 19 0
124449 57 19 2
124453 57 35 0
124849 57 35 2
124865 57 53 0
125090 57 53 2
125130 57 33 0
125238 57 33 2
125250 57 36 0
125387 57 36 2
125407 57 40 0
125680 57 40 2
125704 57 37 0
125866 57 37 2
125970 57 38 0
126127 57 38 2
126131 57 18 0
126419 57 18 2
126443 57 8 0
126581 57 8 2
126589 57 29 0
126719 57 29 2
126759 57 0 0
126883 57 0 2
126895 57 38 0
127322 57 38 2
127338 57 39 0
127634 57 7 1
127825 57 39 2
127829 57 39 0
127894 57 0 2
127995 57 7 2
127996 57 0 0
128140 57 0 0
128190 57 39 2
128246 57 36 0
128273 57 0 0
128378 57 36 2
128410 57 38 0
128421 57 0 0
128541 57 0 0
128570 57 38 2
128586 57 51 0
128666 57 0 0
128760 57 51 2
128808 57 0 0
128816 57 23 0
128939 57 0 0
128957 57 7 1
129050 57 0 0
129134 57 23 2
129142 57 52 0
129190 57 0 0
129234 57 32 2
129291 57 7 2
129311 57 0 0
129423 57 0 0
129575 57 0 0
129624 57 52 2
129660 57 31 0
129720 57 0 0
129823 57 0 0
129956 57 31 2
129976 57 53 0
130038 57 0 0
130170 57 0 0
130277 57 0 0
130421 57 0 0
130553 57 0 0
130699 57 0 0
130750 57 53 2
130774 57 54 0
130850 57 0 0
130980 57 0 0
130981 57 54 2
130997 57 11 0
131094 57 0 0
131246 57 0 0
131322 57 11 2
131334 57 56 0
131390 57 0 0
131493 57 56 2
131497 57 12 0
131515 57 0 0
131671 57 0 0
131772 57 0 0
131792 57 12 2
131800 57 57 0
131879 57 0 0
131974 57 57 2
131978 57 2 0
131985 57 0 0
132140 57 0 0
132255 57 0 0
132333 57 2 2
132385 57 37 0
132411 57 0 0
132511 57 0 0
132524 57 37 2
132540 57 40 0
132622 57 0 0
132637 57 40 2
132693 57 58 0
132747 57 0 0
132863 57 0 0
133009 57 0 0
133161 57 0 0
133249 57 58 2
133264 57 0 0
133309 57 35 0
133354 57 7 1
133416 57 0 0
133443 57 35 2
133447 57 50 0
133556 57 0 0
133614 57 22 2
133659 57 0 0
133718 57 7 2
133743 57 50 2
133763 57 62 0
133779 57 0 0
133903 57 0 0
134137 57 0 0
134140 57 62 2
134168 57 38 0
134284 57 0 0
134440 57 0 0
134488 57 38 2
134550 57 0 0
134560 57 63 0
134654 57 0 0
134766 57 63 2
134776 57 0 0
134806 57 12 0
134893 57 0 0
135032 57 0 0
135101 57 12 2
135125 57 2 0
135149 57 0 0
135231 57 2 2
135255 57 13 0
135280 57 0 0
135429 57 0 0
135540 57 13 2
135636 57 3 0
135685 57 0 0
135753 57 3 2
135793 57 23 0
135841 57 0 0
135944 57 23 2
135947 57 0 0
135960 57 24 0
136060 57 24 2
136092 57 0 0
136168 57 28 0
136208 57 0 0
136463 57 28 2
136471 57 25 0
136570 57 25 2
136598 57 26 0
136730 57 26 2
136810 57 0 0
136955 57 0 2
136963 57 3 0
137077 57 3 2
137121 57 4 0
137243 57 4 2
137339 57 5 0
137517 57 5 2
137557 57 15 0
137901 57 15 2
137909 57 14 0
138277 57 14 2
138289 57 50 0
138601 57 50 2
138629 57 6 0
138767 57 6 2
138787 57 4 0
138920 57 4 2
138928 57 8 0
139027 57 8 2
139031 57 47 0
139978 57 47 2
139986 57 49 0
140118 57 49 2
140134 57 11 0
140288 57 11 2
140324 57 5 0
140453 57 5 2
140477 57 37 0
140802 57 37 2
140866 57 4 0
141002 57 4 2
141006 57 1 0
141163 57 1 2
141191 57 27 0
141298 57 27 2
141306 57 2 0
141413 57 2 2
141425 57 11 0
141604 57 11 2
141612 57 7 0
141843 57 7 2
141863 57 3 0
142018 57 3 2
142126 57 6 0
142458 57 6 2
142478 57 9 0
142589 57 9 2
142761 57 8 0
143074 57 8 2
143086 57 11 0
143332 57 11 2
143352 57 12 0
143489 57 12 2
143513 57 16 0
143798 57 16 2
143806 57 13 0
144155 57 13 2
144203 57 2 0
144651 57 2 2
144687 57 14 0
145219 57 14 2
145223 57 17 0
145510 57 17 2
145518 57 15 0
145675 57 15 2
145695 57 18 0
145987 57 18 2
146011 57 4 0
146144 57 4 2
146184 57 40 0
146332 57 40 2
146336 57 38 0
146336 57 38 0
146418 57 38 2
146564 57 38 2
146572 57 27 0
146687 57 27 2
146707 57 35 0
146994 57 35 2
147050 57 28 0
147174 57 28 2
147242 57 3 0
147355 57 3 2
147359 57 46 0
147797 57 46 2
147817 57 4 0
147951 57 4 2
147983 57 0 0
148083 57 0 2
148087 57 29 0
148303 57 29 2
148447 57 47 0
148710 57 47 2
148782 57 30 0
148919 57 30 2
149271 57 31 0
149777 57 31 2
149781 57 44 0
150004 57 44 2
150012 57 43 0
150336 57 43 2
150468 57 32 0
150577 57 32 2
150901 57 33 0
151000 57 33 2
151048 57 33 0
151433 57 33 2
151441 57 27 0
151619 57 27 2
151723 57 54 0
152242 57 7 1
152288 57 54 2
152300 57 28 0
152463 57 28 2
152479 57 32 0
152504 57 0 2
152617 57 7 2
152623 57 0 0
152731 57 32 2
152739 57 56 0
152758 57 0 0
152887 57 0 0
153020 57 56 2
153031 57 0 0
153036 57 33 0
153177 57 0 0
153321 57 33 2
153381 57 0 0
153421 57 41 0
153524 57 0 0
153609 57 41 2
153657 57 61 0
153696 57 0 0
153808 57 61 2
153812 57 39 0
153950 57 0 0
154048 57 39 2
154060 57 7 0
154117 57 0 0
154220 57 7 2
154248 57 0 0
154280 57 8 0
154391 57 8 2
154423 57 63 0
154467 57 0 0
154583 57 0 0
154591 57 63 2
154699 57 0 0
154752 57 0 0
154799 57 0 2
154827 57 57 0
154876 57 0 0
154975 57 57 2
155043 57 58 0
155191 57 58 2
155225 57 0 0
155275 57 46 0
155453 57 0 0
155560 57 46 2
155572 57 59 0
155605 57 0 0
155753 57 0 0
155801 57 59 2
155833 57 32 0
155904 57 0 0
155972 57 32 2
155980 57 50 0
156021 57 0 0
156085 57 50 2
156161 57 60 0
156179 57 0 0
156341 57 0 0
156393 57 60 2
156401 57 62 0
156538 57 0 0
156661 57 2 0
156662 57 0 0
156699 57 0 0
156809 57 0 0
156854 57 62 2
156858 57 3 0
156926 57 0 0
156980 57 3 2
156992 57 5 0
157133 57 5 2
157161 57 17 0
157217 57 0 0
157258 57 17 2
157278 57 6 0
157415 57 6 2
157507 57 11 0
157519 57 0 0
157739 57 0 0
157833 57 11 2
157841 57 10 0
157947 57 10 2
157967 57 11 0
157991 57 0 0
158090 57 11 2
158098 57 6 0
158151 57 0 0
158281 57 0 0
158449 57 0 0
158560 57 6 2
158596 57 36 0
158601 57 0 0
158741 57 0 0
158900 57 0 0
158908 57 36 2
158968 57 12 0
159046 57 0 0
159111 57 12 2
159119 57 0 0
159145 57 0 0
159317 57 0 0
159322 57 0 2
159446 57 15 0
159446 57 15 0
159463 57 0 0
159560 57 15 2
159578 57 0 0
159644 57 15 2
159764 57 7 0
159838 57 0 0
159912 57 7 2
159928 57 0 0
159974 57 0 0
160188 57 0 2
160199 57 0 0
160336 57 9 0
160359 57 0 0
160440 57 9 2
160472 57 8 0
160477 57 0 0
160581 57 8 2
160603 57 0 0
160609 57 51 0
160880 57 0 0
160902 57 51 2
161010 57 14 0
161044 57 0 0
161160 57 14 2
161187 57 0 0
161325 57 0 0
161456 57 31 0
161569 57 0 0
161821 57 31 2
161865 57 35 0
161908 57 0 0
162137 57 0 0
162190 57 35 2
162245 57 0 0
162250 57 32 0
162485 57 32 2
162513 57 0 0
162585 57 33 0
162683 57 33 2
162775 57 34 0
162898 57 34 2
162904 57 0 0
162930 57 1 0
163063 57 0 0
163220 57 1 2
163236 57 0 0
163264 57 32 0
163386 57 0 0
163394 57 32 2
163402 57 35 0
163491 57 0 0
163517 57 35 2
163521 57 60 0
163684 57 60 2
163700 57 61 0
166282 57 61 2
166342 57 48 0
166444 57 48 2
166484 57 49 0
166593 57 49 2
166629 57 36 0
166629 57 36 0
166696 57 36 2
166753 57 36 2
166817 57 37 0
166817 57 37 0
166891 57 37 2
166948 57 37 2
166996 57 58 0
167240 57 58 2
167252 57 31 0
167548 57 31 2
167560 57 30 0
167923 57 30 2
167931 57 59 0
168076 57 59 2
168128 57 34 0
168383 57 34 2
168423 57 0 0
168423 57 0 0
168505 57 0 2
168571 57 7 1
168678 57 0 2
168686 57 33 0
168854 57 0 2
168943 57 7 2
168950 57 0 0
168992 57 33 2
169008 57 60 0
169091 57 0 0
169142 57 60 2
169162 57 32 0
169232 57 0 0
169368 57 0 0
169420 57 32 2
169496 57 61 0
169521 57 0 0
169659 57 0 0
169762 57 0 0
169893 57 0 0
169922 57 61 2
170046 57 62 0
170047 57 0 0
170176 57 0 0
170245 57 62 2
170322 57 0 0
170333 57 12 0
170475 57 0 0
170480 57 12 2
170492 57 39 0
170618 57 0 0
170644 57 39 2
170656 57 13 0
170787 57 13 2
170791 57 48 0
170831 57 0 0
170947 57 0 0
170953 57 48 2
170965 57 59 0
171067 57 0 0
171170 57 59 2
171182 57 0 0
171198 57 54 0
171198 57 54 0
171264 57 54 2
171313 57 0 0
171387 57 54 2
171427 57 55 0
171431 57 0 0
171554 57 0 0
171664 57 55 2
171688 57 56 0
171766 57 0 0
171891 57 56 2
171919 57 57 0
171928 57 0 0
172026 57 57 2
172056 57 0 0
172090 57 58 0
172242 57 0 0
172352 57 58 2
172388 57 49 0
172396 57 0 0
172516 57 49 2
172532 57 0 0
172556 57 63 0
172666 57 0 0
172806 57 0 0
172974 57 0 0
173125 57 0 0
173280 57 0 0
173404 57 63 2
173442 57 0 0
173452 57 15 0
173465 57 7 1
173598 57 15 2
173602 57 0 0
173614 57 44 0
173724 57 2 2
173745 57 44 2
173760 57 0 0
173765 57 45 0
173813 57 7 2
173872 57 0 0
173894 57 45 2
174047 57 0 0
174142 57 0 0
174153 57 0 0
174256 57 0 2
174313 57 0 0
174348 57 1 0
174446 57 1 2
174477 57 0 0
174546 57 2 0
174616 57 0 0
174652 57 2 2
174672 57 41 0
174769 57 0 0
174771 57 41 2
174843 57 3 0
174951 57 0 0
175062 57 3 2
175094 57 0 0
175322 57 5 0
175327 57 0 0
175406 57 2 0
175407 57 0 0
175485 57 0 0
175591 57 0 0
175593 57 5 2
175641 57 6 0
175716 57 0 0
175878 57 0 0
176009 57 0 0
176139 57 6 2
176222 57 0 0
176227 57 7 0
176374 57 0 0
176558 57 0 0
176597 57 7 2
176705 57 8 0
176808 57 8 2
176847 57 0 0
176864 57 1 0
176864 57 1 0
176938 57 1 2
176963 57 1 2
177006 57 0 0
177156 57 0 0
177256 57 0 0
177396 57 0 0
177411 57 46 0
177501 57 46 2
177509 57 4 0
177519 57 0 0
177635 57 4 2
177659 57 47 0
177661 57 0 0
177758 57 47 2
177783 57 0 0
177902 57 12 0
177938 57 0 0
178008 57 12 2
178097 57 0 0
178150 57 58 2
178372 57 10 0
178475 57 58 2
178493 57 10 2
178613 57 1 0
178720 57 1 2
178884 57 58 2
179168 57 46 0
179168 57 46 0
179242 57 46 2
179259 57 46 2
179291 57 47 0
179388 57 47 2
179532 57 12 0
179638 57 12 2
180122 57 1 0
180122 57 1 0
180196 57 1 2
180235 57 56 2
180238 57 1 2
180653 57 58 2
180686 57 46 0
180776 57 46 2
180781 57 56 2
180808 57 47 0
180808 57 47 0
180905 57 58 2
180907 57 47 2
180960 57 47 2
181041 57 56 2
181051 57 12 0
181125 57 59 2
181156 57 58 2
181157 57 12 2
181299 57 56 2
181379 57 59 2
181629 57 59 2
181641 57 1 0
181641 57 1 0
181715 57 1 2
181764 57 1 2
182212 57 46 0
182302 57 46 2
182334 57 47 0
182400 57 58 2
182432 57 47 2
182531 57 58 2
182542 57 56 2
182576 57 12 0
182680 57 56 2
182682 57 12 2
182781 57 58 2
182938 57 56 2
183166 57 1 0
183166 57 1 0
183242 57 1 2
183249 57 1 2
183697 57 46 0
183697 57 46 0
183771 57 46 2
183788 57 46 2
183820 57 47 0
183820 57 47 0
183902 57 47 2
183920 57 47 2
184064 57 12 0
184064 57 12 0
184083 57 56 2
184154 57 12 2
184179 57 12 2
184221 57 56 2
184479 57 56 2
184663 57 1 0
184663 57 1 0
184737 57 1 2
184745 57 1 2
185193 57 46 0
185193 57 46 0
185267 57 46 2
185274 57 46 2
185306 57 47 0
185306 57 47 0
185388 57 47 2
185399 57 47 2
185543 57 12 0
185543 57 12 0
185602 57 56 2
185633 57 12 2
185643 57 12 2
185742 57 56 2
186000 57 56 2
186031 57 1 0
186031 57 1 0
186106 57 1 2
186112 57 1 2
186544 57 7 0
186681 57 7 2
186697 57 46 0
186697 57 46 0
186771 57 46 2
186785 57 46 2
186817 57 47 0
186817 57 47 0
186899 57 47 2
186906 57 47 2
187050 57 12 0
187050 57 12 0
187140 57 12 2
187148 57 12 2
187632 57 1 0
187632 57 1 0
187706 57 1 2
187714 57 1 2
188162 57 46 0
188162 57 46 0
188237 57 46 2
188245 57 46 2
188277 57 47 0
188277 57 47 0
188359 57 47 2
188369 57 47 2
188513 57 12 0
188513 57 12 0
188603 57 12 2
188610 57 12 2
189094 57 1 0
189094 57 1 0
189168 57 1 2
189176 57 1 2
189624 57 46 0
189624 57 46 0
189698 57 46 2
189706 57 46 2
189738 57 47 0
189738 57 47 0
189820 57 47 2
189827 57 47 2
189971 57 5 0
190101 57 5 2
190109 57 61 0
190239 57 61 2
190247 57 29 0
190532 57 29 2
190548 57 62 0
190548 57 62 0
190606 57 62 2
190687 57 62 2
190963 57 63 0
190963 57 63 0
191029 57 63 2
191110 57 63 2
191534 57 12 0
191534 57 12 0
191624 57 12 2
191642 57 12 2
192032 57 59 2
192082 57 11 0
192196 57 11 2
192408 57 1 0
192408 57 1 0
192482 57 1 2
192491 57 1 2
192939 57 46 0
192939 57 46 0
193013 57 46 2
193021 57 46 2
193053 57 47 0
193053 57 47 0
193135 57 47 2
193144 57 47 2
193288 57 12 0
193288 57 12 0
193378 57 12 2
193386 57 12 2
193870 57 1 0
193870 57 1 0
193944 57 1 2
193952 57 1 2
194400 57 46 0
194400 57 46 0
194474 57 46 2
194483 57 46 2
194515 57 47 0
194515 57 47 0
194597 57 47 2
194605 57 47 2
194749 57 12 0
194749 57 12 0
194839 57 12 2
194847 57 12 2
195331 57 1 0
195331 57 1 0
195405 57 1 2
195417 57 1 2
195865 57 46 0
195865 57 46 0
195939 57 46 2
195946 57 46 2
195978 57 47 0
195978 57 47 0
196060 57 47 2
196068 57 47 2
196212 57 12 0
196212 57 12 0
196302 57 12 2
196310 57 12 2
196794 57 1 0
196794 57 1 0
196868 57 1 2
196876 57 1 2
197324 57 46 0
197324 57 46 0
197399 57 46 2
197404 57 46 2
197436 57 47 0
197436 57 47 0
197518 57 47 2
197526 57 47 2
197670 57 12 0
197767 57 12 2
198251 57 1 0
198251 57 1 0
198337 57 1 2
198365 57 1 2
198785 57 46 0
198785 57 46 0
198860 57 46 2
198869 57 46 2
198901 57 47 0
198901 57 47 0
198983 57 47 2
198995 57 47 2
199139 57 12 0
199139 57 12 0
199229 57 12 2
199237 57 12 2
199721 57 1 0
199721 57 1 0
199795 57 1 2
199803 57 1 2
200235 57 8 0
200359 57 8 2
200375 57 46 0
200375 57 46 0
200452 57 46 2
200465 57 46 2
200497 57 47 0
200497 57 47 0
200579 57 47 2
200586 57 47 2
200730 57 12 0
200730 57 12 0
200826 57 12 2
200834 57 12 2
201318 57 1 0
201318 57 1 0
201392 57 1 2
201401 57 1 2
201849 57 46 0
201849 57 46 0
201923 57 46 2
201931 57 46 2
201963 57 47 0
201963 57 47 0
202045 57 47 2
202053 57 47 2
202197 57 12 0
202197 57 12 0
202289 57 12 2
202298 57 12 2
202782 57 1 0
202782 57 1 0
202856 57 1 2
202864 57 1 2
203312 57 46 0
203312 57 46 0
203390 57 46 2
203392 57 46 2
203424 57 47 0
203424 57 47 0
203506 57 47 2
203515 57 47 2
203659 57 12 0
203659 57 12 0
203749 57 12 2
203757 57 12 2
204241 57 1 0
204241 57 1 0
204315 57 1 2
204323 57 1 2
204433 57 7 1
204695 57 2 2
204771 57 46 0
204771 57 46 0
204785 57 7 2
204845 57 46 2
204853 57 46 2
204885 57 47 0
204885 57 47 0
204967 57 47 2
204976 57 47 2
205120 57 12 0
205120 57 12 0
205210 57 12 2
205223 57 12 2
205707 57 1 0
205707 57 1 0
205783 57 1 2
205794 57 1 2
206242 57 46 0
206242 57 46 0
206338 57 46 2
206346 57 46 2
206370 57 47 0
206370 57 47 0
206452 57 47 2
206486 57 47 2
206630 57 12 0
206630 57 12 0
206720 57 12 2
206728 57 12 2
207212 57 1 0
207212 57 1 0
207286 57 1 2
207294 57 1 2
207742 57 46 0
207742 57 46 0
207816 57 46 2
207829 57 46 2
207861 57 47 0
207861 57 47 0
207943 57 47 2
207951 57 47 2
208095 57 12 0
208095 57 12 0
208186 57 12 2
208192 57 12 2
208676 57 1 0
208676 57 1 0
208750 57 1 2
208759 57 1 2
209207 57 46 0
209207 57 46 0
209283 57 46 2
209288 57 46 2
209320 57 47 0
209320 57 47 0
209402 57 47 2
209414 57 47 2
209558 57 12 0
209558 57 12 0
209649 57 12 2
209661 57 12 2
210145 57 1 0
210145 57 1 0
210219 57 1 2
210228 57 1 2
210676 57 46 0
210676 57 46 0
210754 57 46 2
210779 57 46 2
210811 57 47 0
210811 57 47 0
210893 57 47 2
210901 57 47 2
211045 57 12 0
211045 57 12 0
211135 57 12 2
211143 57 12 2
211627 57 1 0
211627 57 1 0
211701 57 1 2
211711 57 1 2
212143 57 9 0
212249 57 9 2
212265 57 46 0
212265 57 46 0
212341 57 46 2
212346 57 46 2
212378 57 47 0
212378 57 47 0
212461 57 47 2
212468 57 47 2
212612 57 12 0
212612 57 12 0
212702 57 12 2
212709 57 12 2
213193 57 1 0
213193 57 1 0
213267 57 1 2
213276 57 1 2
213724 57 46 0
213724 57 46 0
213802 57 46 2
213816 57 46 2
213848 57 47 0
213848 57 47 0
213930 57 47 2
213939 57 47 2
214083 57 12 0
214083 57 12 0
214173 57 12 2
214181 57 12 2
214665 57 1 0
214665 57 1 0
214739 57 1 2
214747 57 1 2
215195 57 46 0
215195 57 46 0
215269 57 46 2
215277 57 46 2
215309 57 47 0
215309 57 47 0
215393 57 47 2
215400 57 47 2
215544 57 12 0
215544 57 12 0
215634 57 12 2
215642 57 12 2
216126 57 1 0
216126 57 1 0
216206 57 1 2
216209 57 1 2
216657 57 46 0
216657 57 46 0
216731 57 46 2
216739 57 46 2
216771 57 47 0
216771 57 47 0
216853 57 47 2
216861 57 47 2
217005 57 12 0
217005 57 12 0
217111 57 12 2
217117 57 12 2
217595 57 1 0
217595 57 1 0
217669 57 1 2
217676 57 1 2
218124 57 46 0
218124 57 46 0
218211 57 46 2
218212 57 46 2
218243 57 47 0
218243 57 47 0
218325 57 47 2
218339 57 47 2
218483 57 12 0
218483 57 12 0
218582 57 12 2
218584 57 12 2
219068 57 1 0
219068 57 1 0
219149 57 1 2
219151 57 1 2
219599 57 46 0
219599 57 46 0
219674 57 46 2
219683 57 46 2
219715 57 47 0
219715 57 47 0
219797 57 47 2
219807 57 47 2
219951 57 12 0
219951 57 12 0
220041 57 12 2
220048 57 12 2
220532 57 1 0
220532 57 1 0
220606 57 1 2
220617 57 1 2
221065 57 46 0
221065 57 46 0
221139 57 46 2
221156 57 46 2
221188 57 47 0
221188 57 47 0
221271 57 47 2
221278 57 47 2
221422 57 12 0
221422 57 12 0
221512 57 12 2
221520 57 12 2
222004 57 1 0
222004 57 1 0
222078 57 1 2
222090 57 1 2
222538 57 46 0
222538 57 46 0
222613 57 46 2
222624 57 46 2
222656 57 47 0
222656 57 47 0
222738 57 47 2
222748 57 47 2
222892 57 12 0
222892 57 12 0
222983 57 12 2
222992 57 12 2
223476 57 1 0
223476 57 1 0
223553 57 1 2
223560 57 1 2
223992 57 10 0
224106 57 10 2
224122 57 46 0
224122 57 46 0
224196 57 46 2
224203 57 46 2
224235 57 47 0
224235 57 47 0
224317 57 47 2
224325 57 47 2
224469 57 12 0
224469 57 12 0
224560 57 12 2
224569 57 12 2
225053 57 1 0
225053 57 1 0
225127 57 1 2
225135 57 1 2
225583 57 46 0
225583 57 46 0
225657 57 46 2
225664 57 46 2
225696 57 47 0
225696 57 47 0
225778 57 47 2
225788 57 47 2
225932 57 12 0
225932 57 12 0
226022 57 12 2
226030 57 12 2
226514 57 1 0
226514 57 1 0
226589 57 1 2
226594 57 1 2
227042 57 46 0
227042 57 46 0
227116 57 46 2
227126 57 46 2
227158 57 47 0
227158 57 47 0
227241 57 47 2
227254 57 47 2
227398 57 12 0
227398 57 12 0
227488 57 12 2
227500 57 12 2
227843 57 7 1
227984 57 1 0
227984 57 1 0
228058 57 1 2
228066 57 1 2
228108 57 2 2
228198 57 7 2
228514 57 46 0
228514 57 46 0
228588 57 46 2
228601 57 46 2
228633 57 47 0
228633 57 47 0
228715 57 47 2
228728 57 47 2
228872 57 12 0
228872 57 12 0
228962 57 12 2
228973 57 12 2
229457 57 1 0
229457 57 1 0
229536 57 1 2
229540 57 1 2
229988 57 46 0
229988 57 46 0
230075 57 46 2
230080 57 46 2
230107 57 47 0
230107 57 47 0
230189 57 47 2
230199 57 47 2
230343 57 12 0
230343 57 12 0
230433 57 12 2
230440 57 12 2
230924 57 1 0
230924 57 1 0
231007 57 1 2
231048 57 1 2
231455 57 46 0
231455 57 46 0
231529 57 46 2
231538 57 46 2
231570 57 47 0
231570 57 47 0
231652 57 47 2
231670 57 47 2
231814 57 12 0
231814 57 12 0
231911 57 12 2
231934 57 12 2
232395 57 1 0
232395 57 1 0
232483 57 1 2
232544 57 1 2
232931 57 46 0
232931 57 46 0
233005 57 46 2
233012 57 46 2
233044 57 47 0
233044 57 47 0
233136 57 47 2
233141 57 47 2
233280 57 12 0
233280 57 12 0
233377 57 12 2
233440 57 12 2
233861 57 1 0
233861 57 1 0
233943 57 1 2
234145 57 1 2
234391 57 46 0
234391 57 46 0
234473 57 46 2
234497 57 46 2
234505 57 47 0
234505 57 47 0
234597 57 47 2
234598 57 47 2
234742 57 12 0
234742 57 12 0
234841 57 12 2
234863 57 12 2
235325 57 1 0
235325 57 1 0
235406 57 1 2
235420 57 1 2
235838 57 11 0
235944 57 11 2
235960 57 46 0
235960 57 46 0
236035 57 46 2
236043 57 46 2
236075 57 47 0
236075 57 47 0
236157 57 47 2
236165 57 47 2
236309 57 12 0
236309 57 12 0
236399 57 12 2
236407 57 12 2
236891 57 1 0
236891 57 1 0
236965 57 1 2
236973 57 1 2
237421 57 46 0
237421 57 46 0
237495 57 46 2
237503 57 46 2
237535 57 47 0
237535 57 47 0
237617 57 47 2
237625 57 47 2
237769 57 12 0
237769 57 12 0
237867 57 12 2
237869 57 12 2
238351 57 1 0
238351 57 1 0
238426 57 1 2
238434 57 1 2
238882 57 46 0
238882 57 46 0
238966 57 46 2
238967 57 46 2
238999 57 47 0
238999 57 47 0
239089 57 47 2
239111 57 47 2
239233 57 12 0
239233 57 12 0
239330 57 12 2
239363 57 12 2
239814 57 1 0
239814 57 1 0
239895 57 1 2
239928 57 1 2
240343 57 46 0
240343 57 46 0
240425 57 46 2
240457 57 47 0
240457 57 47 0
240467 57 46 2
240551 57 47 2
240599 57 47 2
240695 57 12 0
240695 57 12 0
240802 57 12 2
240865 57 12 2
241286 57 1 0
241286 57 1 0
241367 57 1 2
241420 57 1 2
241815 57 46 0
241815 57 46 0
241889 57 46 2
241904 57 46 2
241936 57 47 0
241936 57 47 0
242018 57 47 2
242027 57 47 2
242171 57 12 0
242171 57 12 0
242261 57 12 2
242275 57 12 2
242759 57 1 0
242759 57 1 0
242833 57 1 2
242841 57 1 2
243289 57 46 0
243289 57 46 0
243363 57 46 2
243373 57 46 2
243405 57 47 0
243405 57 47 0
243488 57 47 2
243497 57 47 2
243641 57 12 0
243641 57 12 0
243731 57 12 2
243740 57 12 2
244224 57 1 0
244224 57 1 0
244299 57 1 2
244307 57 1 2
244755 57 46 0
244755 57 46 0
244829 57 46 2
244837 57 46 2
244869 57 47 0
244869 57 47 0
244951 57 47 2
244961 57 47 2
245105 57 12 0
245105 57 12 0
245196 57 12 2
245213 57 12 2
245310 57 59 2
245697 57 1 0
245697 57 1 0
245771 57 1 2
245780 57 1 2
246136 57 58 2
246228 57 46 0
246228 57 46 0
246302 57 46 2
246317 57 46 2
246349 57 47 0
246349 57 47 0
246452 57 47 2
246463 57 47 2
246596 57 12 0
246596 57 12 0
246686 57 12 2
246697 57 12 2
247181 57 1 0
247181 57 1 0
247255 57 1 2
247264 57 1 2
247696 57 12 0
247696 57 12 0
247787 57 12 2
247801 57 12 2
247817 57 46 0
247817 57 46 0
247891 57 46 2
247902 57 46 2
247934 57 47 0
247934 57 47 0
248016 57 47 2
248028 57 47 2
248172 57 12 0
248172 57 12 0
248262 57 12 2
248270 57 12 2
248363 57 59 2
248754 57 1 0
248754 57 1 0
248828 57 1 2
248836 57 1 2
249136 57 58 2
249284 57 46 0
249284 57 46 0
249358 57 46 2
249372 57 46 2
249404 57 47 0
249404 57 47 0
249487 57 47 2
249495 57 47 2
249639 57 12 0
249639 57 12 0
249729 57 12 2
249739 57 12 2
250223 57 1 0
250223 57 1 0
250299 57 1 2
250305 57 1 2
250753 57 46 0
250753 57 46 0
250828 57 46 2
250836 57 46 2
250868 57 47 0
250868 57 47 0
250950 57 47 2
250961 57 47 2
251105 57 12 0
251105 57 12 0
251202 57 12 2
251205 57 12 2
251301 57 59 2
251689 57 1 0
251689 57 1 0
251763 57 1 2
251770 57 1 2
252067 57 58 2
252218 57 46 0
252218 57 46 0
252292 57 46 2
252302 57 46 2
252334 57 47 0
252334 57 47 0
252416 57 47 2
252424 57 47 2
252568 57 12 0
252568 57 12 0
252658 57 12 2
252667 57 12 2
253151 57 1 0
253151 57 1 0
253225 57 1 2
253233 57 1 2
253681 57 46 0
253681 57 46 0
253755 57 46 2
253764 57 46 2
253796 57 47 0
253796 57 47 0
253878 57 47 2
253886 57 47 2
254030 57 12 0
254030 57 12 0
254120 57 12 2
254130 57 12 2
254223 57 59 2
254614 57 1 0
254614 57 1 0
254688 57 1 2
254696 57 1 2
255004 57 58 2
255144 57 46 0
255144 57 46 0
255218 57 46 2
255226 57 46 2
255258 57 47 0
255258 57 47 0
255340 57 47 2
255348 57 47 2
255492 57 12 0
255492 57 12 0
255582 57 12 2
255590 57 12 2
256074 57 1 0
256074 57 1 0
256148 57 1 2
256156 57 1 2
256604 57 46 0
256604 57 46 0
256678 57 46 2
256686 57 46 2
256718 57 47 0
256718 57 47 0
256801 57 47 2
256809 57 47 2
256953 57 12 0
256953 57 12 0
257043 57 12 2
257051 57 12 2
257144 57 59 2
257535 57 1 0
257535 57 1 0
257609 57 1 2
257616 57 1 2
257922 57 58 2
258064 57 46 0
258064 57 46 0
258138 57 46 2
258146 57 46 2
258178 57 47 0
258178 57 47 0
258260 57 47 2
258268 57 47 2
258412 57 12 0
258412 57 12 0
258502 57 12 2
258510 57 12 2
258994 57 1 0
258994 57 1 0
259072 57 1 2
259083 57 1 2
259515 57 13 0
259639 57 13 2
259655 57 46 0
259655 57 46 0
259729 57 46 2
259737 57 46 2
259769 57 47 0
259769 57 47 0
259858 57 47 2
259862 57 47 2
260006 57 12 0
260006 57 12 0
260096 57 12 2
260103 57 12 2
260587 57 1 0
260587 57 1 0
260662 57 1 2
260671 57 1 2
261119 57 46 0
261119 57 46 0
261193 57 46 2
261201 57 46 2
261233 57 47 0
261233 57 47 0
261317 57 47 2
261325 57 47 2
261469 57 12 0
261469 57 12 0
261559 57 12 2
261569 57 12 2
262053 57 1 0
262053 57 1 0
262131 57 1 2
262134 57 1 2
262582 57 46 0
262582 57 46 0
262656 57 46 2
262664 57 46 2
262696 57 47 0
262696 57 47 0
262778 57 47 2
262788 57 47 2
262932 57 12 0
262932 57 12 0
263022 57 12 2
263030 57 12 2
263514 57 1 0
263514 57 1 0
263589 57 1 2
263599 57 1 2
264047 57 46 0
264047 57 46 0
264121 57 46 2
264133 57 46 2
264165 57 47 0
264165 57 47 0
264248 57 47 2
264254 57 47 2
264398 57 12 0
264398 57 12 0
264488 57 12 2
264495 57 12 2
264979 57 1 0
264979 57 1 0
265054 57 1 2
265061 57 1 2
265509 57 46 0
265509 57 46 0
265583 57 46 2
265590 57 46 2
265622 57 47 0
265622 57 47 0
265704 57 47 2
265712 57 47 2
265856 57 12 0
265856 57 12 0
265946 57 12 2
265954 57 12 2
266438 57 1 0
266438 57 1 0
266512 57 1 2
266520 57 1 2
266968 57 46 0
266968 57 46 0
267042 57 46 2
267051 57 46 2
267083 57 47 0
267083 57 47 0
267167 57 47 2
267175 57 47 2
267319 57 12 0
267319 57 12 0
267409 57 12 2
267418 57 12 2
267902 57 1 0
267902 57 1 0
267976 57 1 2
267984 57 1 2
268053 57 2 0
268054 57 7 1
268315 57 2 2
268410 57 7 2
268432 57 46 0
268432 57 46 0
268506 57 46 2
268514 57 46 2
268546 57 47 0
268546 57 47 0
268628 57 47 2
268636 57 47 2
268780 57 12 0
268780 57 12 0
268870 57 12 2
268883 57 12 2
269119 57 2 0
269269 57 2 0
269367 57 1 0
269367 57 1 0
269395 57 2 0
269461 57 1 2
269462 57 1 2
269603 57 2 0
269810 57 2 0
269910 57 46 0
269910 57 46 0
269948 57 2 0
269984 57 46 2
269992 57 46 2
270024 57 47 0
270024 57 47 0
270108 57 47 2
270113 57 47 2
270257 57 12 0
270257 57 12 0
270347 57 12 2
270354 57 12 2
270455 57 2 0
270813 57 2 0
270838 57 1 0
270838 57 1 0
270912 57 1 2
270922 57 1 2
270969 57 2 0
271191 57 2 0
271304 57 2 0
271370 57 46 0
271370 57 46 0
271444 57 46 2
271451 57 46 2
271483 57 47 0
271483 57 47 0
271517 57 2 0
271565 57 47 2
271573 57 47 2
271631 57 2 0
271717 57 12 0
271717 57 12 0
271808 57 12 2
271817 57 12 2
271854 57 2 0
272162 57 2 0
272293 57 9 0
272308 57 2 0
272410 57 2 0
272545 57 2 0
272676 57 2 0
272807 57 9 2
272931 57 55 0
272946 57 2 0
273063 57 55 2
273067 57 1 0
273067 57 1 0
273091 57 2 0
273141 57 1 2
273193 57 1 2
273217 57 56 0
273219 57 2 0
273274 57 58 2
273365 57 2 0
273430 57 56 2
273450 57 45 0
273488 57 2 0
273569 57 45 2
273585 57 1 0
273594 57 2 0
273693 57 1 2
273729 57 1 0
273822 57 2 0
273829 57 1 2
273833 57 46 0
273928 57 59 2
273962 57 2 0
274026 57 46 2
274042 57 1 0
274082 57 2 0
274148 57 1 2
274208 57 63 0
274232 57 2 0
274355 57 2 0
274370 57 54 2
274443 57 63 2
274451 57 47 0
274474 57 2 0
274584 57 47 2
274688 57 62 0
274688 57 62 0
274745 57 2 0
274746 57 62 2
274754 57 62 2
274878 57 61 0
274878 57 61 0
274928 57 61 2
275013 57 61 2
275085 57 54 0
275122 57 2 0
275317 57 54 2
275349 57 55 0
275515 57 55 2
275516 57 2 0
275665 57 2 0
275743 57 40 0
275790 57 2 0
275849 57 40 2
275877 57 49 0
275893 57 2 0
276015 57 49 2
276027 57 51 0
276034 57 2 0
276132 57 51 2
276152 57 37 0
276206 57 2 0
276275 57 37 2
276279 57 20 0
276347 57 2 0
276402 57 20 2
276418 57 3 0
276477 57 2 0
276630 57 2 0
276792 57 3 2
276869 57 2 0
276884 57 21 0
277008 57 21 2
277010 57 2 0
277016 57 56 0
277140 57 2 0
277150 57 55 2
277204 57 56 2
277224 57 57 0
277253 57 2 0
277342 57 57 2
277346 57 1 0
277356 57 2 0
277447 57 1 2
277482 57 2 0
277531 57 58 0
277531 57 58 0
277557 57 58 2
277655 57 2 0
277684 57 58 2
277764 57 59 0
277764 57 59 0
277798 57 2 0
277800 57 59 2
277881 57 59 2
277905 57 63 0
278022 57 2 0
278093 57 63 2
278177 57 33 0
278238 57 2 0
278295 57 33 2
278647 57 2 0
278718 57 56 2
278768 57 2 0
279135 57 2 0
279397 57 2 0
279526 57 2 0
279705 57 2 0
280186 57 2 0
280570 57 2 0
280718 57 2 0
281986 57 0 2
282112 57 2 0
291933 57 2 0
291934 57 7 1
292195 57 2 2
292285 57 7 2
301860 57 2 0
301861 57 2 2
331537 57 2 0
331538 57 7 1
331804 57 2 2
331893 57 7 2
337201 57 7 1
337464 57 2 2
337553 57 7 2
347933 57 2 0
347934 57 7 1
348194 57 2 2
348283 57 7 2
355460 57 2 0
355461 57 7 1
355724 57 2 2
355813 57 7 2
391242 57 7 1
391504 57 2 2
391593 57 7 2
392403 57 7 1
392664 57 2 2
392753 57 7 2
406529 57 2 0
406530 57 7 1
406795 57 2 2
406885 57 7 2
432287 57 0 0
432288 57 2 0
527478 57 2 0
527479 57 7 1
527747 57 2 2
527837 57 7 2
572165 57 7 1
572426 57 3 2
572523 57 7 2
580749 57 3 0
580750 57 3 2
584601 57 2 0
584602 57 2 2
586476 57 2 0
586477 57 2 2
588269 57 2 0
590223 57 2 2
590224 57 2 0
593330 57 2 0
593331 57 2 2
615692 57 7 1
615967 57 2 2
616057 57 7 2
639002 57 7 1
639267 57 2 2
639358 57 7 2
667472 57 2 0
667473 57 7 1
667737 57 2 2
667827 57 7 2
690922 57 2 0
690923 57 7 1
691187 57 2 2
691277 57 7 2
696799 57 2 0
696800 57 2 2
707106 57 2 0
707109 57 2 2
714416 57 2 0
714417 57 2 2
732970 57 2 0
732971 57 0 0
742280 57 7 1
742545 57 3 2
742642 57 7 2
767519 57 2 0
767520 57 7 1
767786 57 2 2
767876 57 7 2
775736 57 7 1
775737 57 0 0
775828 57 1 0
775911 57 3 0
775995 57 0 2
776084 57 7 2
776089 57 0 0
776149 57 4 0
776190 57 0 0
776310 57 0 0
776570 57 5 0
776571 57 0 0
777130 57 6 0
777131 57 0 0
777434 57 7 0
777435 57 0 0
777892 57 8 0
777893 57 0 0
778575 57 10 0
778576 57 0 0
779564 57 9 0
779565 57 0 0
780127 57 0 0
780128 57 12 0
780221 57 11 0
780260 57 0 0
780324 57 14 0
780375 57 0 0
780522 57 13 0
780523 57 0 0
782044 57 17 0
782045 57 0 0
782526 57 15 0
782527 57 0 0
783310 57 23 0
783311 57 0 0
783495 57 22 0
783496 57 0 0
783603 57 16 0
783634 57 0 0
783676 57 24 0
783737 57 0 0
783764 57 18 0
783845 57 0 0
783998 57 26 0
783999 57 0 0
784356 57 0 0
784357 57 20 0
784455 57 19 0
784484 57 0 0
785273 57 0 0
785274 57 25 0
785369 57 27 0
785378 57 0 0
786091 57 21 0
786092 57 0 0
786805 57 28 0
786806 57 0 0
787746 57 30 0
787747 57 0 0
788395 57 34 0
788396 57 0 0
788698 57 32 0
788699 57 0 0
788824 57 29 0
788825 57 0 0
788920 57 38 0
788961 57 0 0
789997 57 41 0
789998 57 0 0
791338 57 35 0
791339 57 0 0
791470 57 37 0
791471 57 0 0
791750 57 33 0
791751 57 0 0
792042 57 36 0
792043 57 0 0
792184 57 47 0
792185 57 0 0
792647 57 31 0
792648 57 0 0
792862 57 39 0
792863 57 0 0
792966 57 48 0
793017 57 0 0
793058 57 15 0
793058 57 15 0
793138 57 45 0
793139 57 0 0
793172 57 15 2
793197 57 15 2
793285 57 30 0
793415 57 30 2
793427 57 24 0
793525 57 24 2
793625 57 25 0
793722 57 25 2
793730 57 57 0
793739 57 2 0
793739 57 57 2
793828 57 57 2
793892 57 26 0
793998 57 26 2
794062 57 27 0
794176 57 27 2
794208 57 34 0
794314 57 34 2
794326 57 26 0
794432 57 26 2
794471 57 40 0
794472 57 0 0
794528 57 55 0
794675 57 55 2
794683 57 27 0
794797 57 27 2
794845 57 23 0
794860 57 44 0
794861 57 0 0
795926 57 55 0
795927 57 0 0
796420 57 51 0
796421 57 0 0
796712 57 58 0
796713 57 0 0
796942 57 0 0
796943 57 50 0
796978 57 23 2
796982 57 28 0
797104 57 28 2
797156 57 56 0
797156 57 56 0
797182 57 56 2
797228 57 42 0
797229 57 0 0
797263 57 47 2
797285 57 56 2
797321 57 27 0
797368 57 53 0
797369 57 0 0
797561 57 0 0
797562 57 52 0
797621 57 27 2
797649 57 57 0
797649 57 57 0
797658 57 57 0
797667 57 57 2
797689 57 0 0
797778 57 57 2
797786 57 40 0
797892 57 40 2
797944 57 23 0
798365 57 43 0
798366 57 0 0
798829 57 60 0
798830 57 0 0
799278 57 63 0
799279 57 0 0
800658 57 56 0
800659 57 0 0
801195 57 46 0
801196 57 0 0
801819 57 49 0
801820 57 0 0
803664 57 59 0
803665 57 0 0
805316 57 62 0
805317 57 0 0
805508 57 54 0
805509 57 0 0
808103 57 23 2
808139 57 29 0
808210 57 56 2
808269 57 29 2
808285 57 23 0
809061 57 61 0
809062 57 0 0
813611 57 23 2
813711 57 32 0
813718 57 25 2
813809 57 32 2
813893 57 28 0
814015 57 28 2
814067 57 2 0
814173 57 2 2
814185 57 29 0
814274 57 29 2
814306 57 4 0
814420 57 4 2
814428 57 35 0
814428 57 35 0
814486 57 35 2
814535 57 35 2
814575 57 36 0
814575 57 36 0
814641 57 36 2
814690 57 36 2
941333 57 40 2
949085 57 2 0
949086 57 2 2
949637 57 2 0
949638 57 2 2
951794 57 2 0
951795 57 2 2
1055481 57 2 0
1055482 57 7 1
1055744 57 2 2
1055834 57 7 2
1076993 57 2 0
1083592 57 2 0
1083593 57 2 2
1085182 57 2 0
1085183 57 2 2
1088860 57 2 0
1088861 57 2 2
1090974 57 37 0
1090974 57 37 0
1092115 57 61 0
1092116 57 61 2
1092262 57 60 0
1092263 57 61 0
1092449 57 46 0
1092450 57 61 0
1092563 57 53 0
1092564 57 61 0
1092693 57 39 0
1092694 57 61 0
1092795 57 44 0
1092806 57 61 0
1092944 57 62 0
1092945 57 61 0
1093071 57 14 0
1093072 57 61 0
1093222 57 38 0
1093223 57 61 0
1093306 57 12 0
1093323 57 37 2
1093337 57 61 0
1093486 57 0 0
1093487 57 61 0
1093503 57 0 0
1093503 57 0 0
1093576 57 35 0
1093586 57 0 2
1093621 57 0 2
1093625 57 61 0
1093666 57 36 0
1093709 57 36 0
1093709 57 36 0
1093725 57 61 0
1093764 57 52 0
1093825 57 61 0
1093825 57 36 2
1093832 57 36 2
1093863 57 58 0
1093864 57 38 0
1093864 57 38 0
1093904 57 61 0
1093938 57 29 0
1093946 57 38 2
1093979 57 61 0
1094069 57 54 0
1094080 57 61 0
1094152 57 27 0
1094154 57 38 2
1094163 57 61 0
1094257 57 20 0
1094268 57 61 0
1094314 57 54 0
1094314 57 54 0
1094380 57 54 2
1094397 57 54 2
1094425 57 56 0
1094425 57 56 0
1094447 57 61 0
1094448 57 6 0
1094451 57 56 2
1094540 57 56 2
1094544 57 12 0
1094544 57 12 0
1094592 57 48 0
1094593 57 61 0
1094635 57 12 2
1094642 57 12 2
1094650 57 57 0
1094650 57 57 0
1094659 57 57 0
1094668 57 57 2
1094680 57 61 0
1094741 57 57 2
1094793 57 10 0
1094794 57 61 0
1094797 57 37 0
1094872 57 37 2
1094910 57 19 0
1094911 57 61 0
1095046 57 49 0
1095047 57 61 0
1095149 57 56 0
1095150 57 61 0
1095313 57 4 0
1095314 57 61 0
1095410 57 37 2
1095417 57 37 0
1095436 57 59 0
1095437 57 61 0
1095573 57 61 0
1095574 57 55 0
1095835 57 5 0
1095836 57 61 0
1095961 57 42 0
1095962 57 61 0
1096152 57 34 0
1096153 57 61 0
1096293 57 8 0
1096294 57 61 0
1096384 57 43 0
1096425 57 61 0
1096493 57 22 0
1096515 57 61 0
1096620 57 17 0
1096631 57 61 0
1096729 57 21 0
1096740 57 61 0
1096845 57 28 0
1096847 57 61 0
1096858 57 37 2
1096990 57 35 0
1096990 57 35 0
1097003 57 24 0
1097004 57 61 0
1097050 57 35 2
1097096 57 35 2
1097110 57 16 0
1097121 57 61 0
1097205 57 50 0
1097236 57 61 0
1097293 57 18 0
1097314 57 61 0
1097441 57 32 0
1097442 57 61 0
1097547 57 23 0
1097548 57 61 0
1097682 57 15 0
1097683 57 61 0
1097811 57 41 0
1097822 57 61 0
1097929 57 47 0
1097930 57 61 0
1097952 57 47 0
1097952 57 47 0
1098022 57 30 0
1098033 57 61 0
1098034 57 47 2
1098058 57 47 2
1098203 57 54 2
1098210 57 1 0
1098280 57 7 0
1098281 57 61 0
1098291 57 1 2
1098347 57 7 0
1098412 57 45 0
1098423 57 61 0
1098463 57 56 2
1098495 57 7 2
1098506 57 9 0
1098507 57 61 0
1098586 57 54 2
1098630 57 33 0
1098631 57 61 0
1098846 57 55 2
1098850 57 1 0
1098851 57 61 0
1098888 57 56 2
1098975 57 15 0
1098975 57 15 0
1099033 57 56 2
1099099 57 15 2
1099107 57 15 2
1099142 57 63 0
1099143 57 61 0
1099195 57 38 0
1099195 57 38 0
1099271 57 13 0
1099272 57 61 0
1099368 57 55 2
1099403 57 38 2
1099489 57 40 0
1099490 57 61 0
1099506 57 55 2
1099557 57 38 2
1099559 57 46 0
1099559 57 46 0
1099563 57 2 0
1099584 57 61 0
1099607 57 37 0
1099633 57 46 2
1099646 57 46 2
1099690 57 3 0
1099698 57 0 0
1099698 57 0 0
1099708 57 61 0
1099780 57 0 2
1099797 57 0 2
1099801 57 61 0
1099821 57 11 0
1099930 57 61 0
1099945 57 47 0
1099945 57 47 0
1100019 57 31 0
1100027 57 47 2
1100037 57 47 2
1100050 57 61 0
1100053 57 12 0
1100156 57 12 2
1100192 57 47 0
1100287 57 47 2
1100376 57 26 0
1100377 57 61 0
1100920 57 25 0
1100921 57 61 0
1101052 57 51 0
1101053 57 61 0
1101595 57 63 0
1101595 57 63 0
1101661 57 63 2
1101669 57 63 2
1101873 57 58 0
1101873 57 58 0
1101899 57 58 2
1101979 57 58 2
1102063 57 46 0
1102169 57 46 2
1102725 57 15 0
1102725 57 15 0
1102839 57 15 2
1102937 57 15 2
1103437 57 52 0
1103738 57 52 2
1103742 57 7 1
1104002 57 39 2
1104100 57 7 2
1104314 57 53 0
1104504 57 7 1
1104600 57 53 2
1104782 57 60 2
1104834 57 7 2
1104867 57 7 1
1105142 57 36 2
1105176 57 54 0
1105216 57 7 2
1105237 57 7 1
1105453 57 7 1
1105470 57 54 2
1105502 57 14 2
1105616 57 7 2
1105732 57 38 2
1105822 57 7 2
1105981 57 7 1
1106046 57 55 0
1106067 57 7 1
1106242 57 12 2
1106303 57 7 1
1106309 57 55 2
1106340 57 7 2
1106352 57 54 2
1106381 57 7 1
1106425 57 7 2
1106562 57 20 2
1106568 57 7 1
1106652 57 7 2
1106672 57 61 2
1106730 57 7 2
1106829 57 7 1
1106832 57 56 2
1106866 57 7 2
1106885 57 56 0
1107055 57 7 1
1107102 57 35 2
1107168 57 7 2
1107174 57 56 2
1107207 57 7 1
1107322 57 55 2
1107387 57 7 1
1107404 57 7 2
1107457 57 7 1
1107472 57 49 2
1107506 57 7 2
1107652 57 27 2
1107705 57 7 1
1107726 57 7 2
1107750 57 57 0
1107759 57 7 1
1107762 57 48 2
1107803 57 7 2
1107982 57 10 2
1108059 57 7 1
1108063 57 7 2
1108092 57 57 2
1108108 57 57 2
1108117 57 7 2
1108151 57 7 1
1108275 57 7 1
1108322 57 4 2
1108361 57 7 1
1108428 57 7 2
1108432 57 44 2
1108497 57 7 2
1108523 57 3 0
1108524 57 0 0
1108537 57 7 1
1108542 57 28 2
1108597 57 7 1
1108624 57 7 2
1108672 57 43 2
1108684 57 58 0
1108730 57 7 2
1108739 57 7 1
1108802 57 19 2
1108883 57 7 2
1108912 57 58 2
1108940 57 58 2
1108947 57 7 2
1108971 57 7 1
1109022 57 53 2
1109089 57 7 2
1109268 57 7 1
1109272 57 21 2
1109369 57 7 2
1109385 57 7 1
1109516 57 59 0
1109532 57 8 2
1109557 57 7 1
1109614 57 7 2
1109652 57 46 2
1109657 57 7 1
1109711 57 7 1
1109734 57 7 2
1109792 57 59 2
1109822 57 6 2
1109891 57 7 1
1109942 57 5 2
1109944 57 7 2
1110048 57 7 1
1110052 57 52 2
1110056 57 7 2
1110109 57 7 2
1110150 57 7 1
1110162 57 16 2
1110196 57 7 1
1110236 57 7 2
1110312 57 23 2
1110331 57 7 1
1110368 57 60 0
1110395 57 2 0
1110396 57 0 0
1110422 57 22 2
1110426 57 7 2
1110464 57 7 1
1110527 57 7 2
1110532 57 50 2
1110551 57 7 1
1110574 57 7 2
1110642 57 62 2
1110661 57 7 1
1110708 57 7 2
1110708 57 60 2
1110752 57 47 2
1110803 57 7 1
1110842 57 7 2
1110862 57 24 2
1110865 57 7 1
1110928 57 7 2
1110972 57 34 2
1111030 57 7 2
1111054 57 7 1
1111082 57 29 2
1111136 57 7 1
1111172 57 7 2
1111192 57 59 2
1111234 57 7 2
1111284 57 61 0
1111316 57 7 1
1111322 57 30 2
1111377 57 7 1
1111420 57 7 2
1111432 57 9 2
1111506 57 7 2
1111582 57 15 2
1111619 57 61 2
1111629 57 7 1
1111699 57 7 1
1111702 57 45 2
1111708 57 7 2
1111777 57 7 2
1111883 57 7 1
1111912 57 13 2
1111937 57 7 1
1112018 57 7 2
1112047 57 7 1
1112132 57 17 2
1112133 57 7 1
1112195 57 62 0
1112197 57 7 2
1112242 57 7 2
1112253 57 7 1
1112352 57 18 2
1112355 57 7 1
1112374 57 7 2
1112426 57 7 2
1112462 57 63 2
1112501 57 62 2
1112535 57 7 2
1112549 57 7 1
1112572 57 33 2
1112624 57 7 2
1112642 57 7 1
1112682 57 32 2
1112713 57 7 1
1112740 57 7 2
1112792 57 41 2
1112833 57 7 2
1112855 57 7 1
1112902 57 31 2
1112969 57 7 1
1113008 57 7 2
1113012 57 11 2
1113077 57 63 0
1113095 57 7 1
1113102 57 7 2
1113122 57 51 2
1113172 57 7 2
1113173 57 7 1
1113232 57 37 2
1113291 57 7 1
1113314 57 7 2
1113342 57 26 2
1113372 57 63 2
1113408 57 7 2
1113462 57 1 2
1113544 57 7 2
1113572 57 42 2
1113622 57 7 2
1113676 57 7 1
1113682 57 25 2
1113740 57 7 2
1113948 57 0 0
1113948 57 0 0
1113952 57 40 2
1114002 57 7 2
1114030 57 0 2
1114203 57 0 2
1114471 57 2 0
1114609 57 2 2
1114665 57 3 0
1114804 57 3 2
1114808 57 7 0
1114981 57 7 1
1115176 57 7 2
1115242 57 3 2
1115264 57 4 0
1115342 57 7 2
1115403 57 4 2
1115791 57 1 0
1116079 57 1 2
1116655 57 2 0
1116976 57 2 2
1117552 57 3 0
1117703 57 7 1
1117918 57 3 2
1117982 57 2 2
1118072 57 7 2
1118494 57 4 0
1118790 57 4 2
1119366 57 5 0
1119658 57 5 2
1120234 57 6 0
1120618 57 6 2
1121194 57 7 0
1121538 57 7 2
1122114 57 8 0
1122114 57 8 0
1122188 57 8 2
1122364 57 8 2
1122940 57 9 0
1123229 57 9 2
1123805 57 10 0
1124108 57 10 2
1124684 57 11 0
1124684 57 11 0
1124766 57 11 2
1125010 57 11 2
1125586 57 12 0
1125907 57 12 2
1126483 57 13 0
1126771 57 13 2
1127347 57 14 0
1127720 57 14 2
1128296 57 15 0
1128630 57 15 2
1129206 57 16 0
1129464 57 16 2
1130040 57 17 0
1130338 57 17 2
1130914 57 18 0
1131200 57 18 2
1131385 57 7 1
1131652 57 0 2
1131742 57 7 2
1131776 57 19 0
1132092 57 19 2
1132668 57 20 0
1132977 57 20 2
1133553 57 21 0
1133839 57 21 2
1134415 57 22 0
1134774 57 22 2
1135350 57 23 0
1135662 57 23 2
1136238 57 24 0
1136483 57 24 2
1137059 57 25 0
1137369 57 25 2
1137945 57 26 0
1138242 57 26 2
1138818 57 27 0
1139114 57 27 2
1139690 57 28 0
1139998 57 28 2
1140574 57 29 0
1140869 57 29 2
1141445 57 30 0
1141784 57 30 2
1142360 57 31 0
1142654 57 31 2
1143230 57 32 0
1143230 57 32 0
1143281 57 32 2
1143484 57 32 2
1144060 57 33 0
1144349 57 33 2
1144925 57 34 0
1145204 57 34 2
1145780 57 35 0
1146096 57 35 2
1146672 57 36 0
1146989 57 36 2
1147565 57 37 0
1147868 57 37 2
1148444 57 38 0
1148766 57 38 2
1149342 57 39 0
1149626 57 39 2
1150202 57 40 0
1150453 57 40 2
1151029 57 41 0
1151338 57 41 2
1151914 57 42 0
1152157 57 42 2
1152733 57 43 0
1152998 57 43 2
1153574 57 44 0
1153867 57 44 2
1154443 57 45 0
1154729 57 45 2
1155305 57 46 0
1155608 57 46 2
1156184 57 47 0
1156448 57 47 2
1157024 57 48 0
1157274 57 48 2
1157850 57 49 0
1158159 57 49 2
1158735 57 50 0
1158958 57 50 2
1167358 57 8 0
1167604 57 8 2
1202165 57 39 0
1202166 57 39 2
1202779 57 60 0
1202780 57 39 0
1202899 57 36 0
1202900 57 39 0
1203453 57 14 0
1203454 57 39 0
1203562 57 38 0
1203593 57 39 0
1203735 57 12 0
1203736 57 39 0
1204327 57 54 0
1204328 57 39 0
1204556 57 35 0
1204556 57 35 0
1204577 57 20 0
1204578 57 39 0
1204614 57 35 2
1204673 57 35 2
1204829 57 36 0
1204829 57 36 0
1204895 57 36 2
1204939 57 36 2
1205003 57 37 0
1205003 57 37 0
1205077 57 37 2
1205083 57 61 0
1205084 57 39 0
1205111 57 37 2
1205159 57 58 0
1205159 57 58 0
1205185 57 58 2
1205268 57 56 0
1205269 57 39 0
1205306 57 58 2
1205338 57 59 0
1205338 57 59 0
1205372 57 59 2
1205465 57 59 2
1205505 57 35 0
1205506 57 39 0
1205557 57 0 0
1205557 57 0 0
1205639 57 0 2
1205647 57 0 2
1205720 57 55 0
1205721 57 39 0
1205767 57 61 0
1205767 57 61 0
1205817 57 61 2
1205862 57 49 0
1205863 57 39 0
1205874 57 61 2
1206010 57 27 0
1206011 57 39 0
1206083 57 48 0
1206134 57 39 0
1206154 57 54 0
1206154 57 54 0
1206220 57 54 2
1206262 57 54 2
1206281 57 10 0
1206282 57 39 0
1206326 57 56 0
1206326 57 56 0
1206352 57 56 2
1206360 57 56 2
1206388 57 57 0
1206388 57 57 0
1206397 57 57 0
1206406 57 57 2
1206418 57 39 0
1206516 57 57 2
1206805 57 4 0
1206806 57 39 0
1206908 57 44 0
1206949 57 39 0
1206985 57 28 0
1207056 57 39 0
1207096 57 43 0
1207177 57 39 0
1207248 57 19 0
1207289 57 39 0
1207325 57 58 0
1207326 57 56 2
1207416 57 39 0
1207465 57 56 2
1207534 57 53 0
1207535 57 39 0
1207683 57 21 0
1207684 57 39 0
1207723 57 56 2
1207832 57 1 0
1207832 57 1 0
1207930 57 8 0
1207931 57 39 0
1207933 57 1 2
1207946 57 1 2
1208044 57 46 0
1208075 57 39 0
1208381 57 46 0
1208398 57 6 0
1208399 57 39 0
1208471 57 46 2
1208503 57 47 0
1208601 57 47 2
1208654 57 52 0
1208655 57 39 0
1208745 57 12 0
1208851 57 12 2
1208860 57 56 2
1208932 57 0 0
1208933 57 39 0
1208999 57 56 2
1209103 57 5 0
1209104 57 39 0
1209214 57 16 0
1209255 57 39 0
1209257 57 56 2
1209317 57 22 0
1209335 57 1 0
1209388 57 39 0
1209423 57 50 0
1209441 57 1 2
1209505 57 23 0
1209514 57 39 0
1209615 57 62 0
1209626 57 39 0
1209682 57 47 0
1209753 57 39 0
1209827 57 24 0
1209876 57 39 0
1209889 57 46 0
1209889 57 46 0
1209935 57 34 0
1209963 57 46 2
1209980 57 46 2
1209986 57 39 0
1210012 57 47 0
1210068 57 29 0
1210098 57 39 0
1210111 57 47 2
1210180 57 30 0
1210229 57 39 0
1210255 57 12 0
1210275 57 59 0
1210351 57 39 0
1210361 57 12 2
1210370 57 9 0
1210471 57 39 0
1210495 57 45 0
1210604 57 39 0
1210673 57 15 0
1210714 57 39 0
1210794 57 13 0
1210845 57 39 0
1210845 57 1 0
1210845 57 1 0
1210922 57 1 2
1210946 57 1 2
1210949 57 54 2
1210976 57 39 0
1210988 57 17 0
1211079 57 54 2
1211089 57 39 0
1211129 57 55 2
1211245 57 7 0
1211246 57 39 0
1211261 57 55 2
1211346 57 54 2
1211372 57 18 0
1211393 57 39 0
1211394 57 46 0
1211446 57 33 0
1211483 57 46 2
1211512 57 63 0
1211515 57 47 0
1211515 57 47 0
1211517 57 39 0
1211536 57 55 2
1211615 57 47 2
1211618 57 32 0
1211627 57 39 0
1211667 57 47 2
1211743 57 39 0
1211759 57 12 0
1211759 57 12 0
1211821 57 41 0
1211851 57 12 2
1211852 57 39 0
1211872 57 12 2
1211993 57 31 0
1211994 57 39 0
1212154 57 11 0
1212155 57 39 0
1212239 57 51 0
1212290 57 39 0
1212356 57 1 0
1212356 57 1 0
1212357 57 26 0
1212396 57 39 0
1212430 57 1 2
1212455 57 1 2
1212463 57 37 0
1212514 57 39 0
1212710 57 1 0
1212711 57 39 0
1212797 57 25 0
1212858 57 39 0
1212896 57 42 0
1212903 57 46 0
1212980 57 39 0
1212986 57 40 0
1212993 57 46 2
1213025 57 47 0
1213087 57 39 0
1213124 57 47 2
1213268 57 12 0
1213374 57 12 2
1213858 57 1 0
1213858 57 1 0
1213932 57 1 2
1213940 57 1 2
1214388 57 46 0
1214388 57 46 0
1214463 57 46 2
1214473 57 46 2
1214505 57 47 0
1214505 57 47 0
1214587 57 47 2
1214598 57 47 2
1214742 57 12 0
1214742 57 12 0
1214841 57 12 2
1214845 57 12 2
1215329 57 1 0
1215329 57 1 0
1215403 57 1 2
1215422 57 1 2
1215546 57 3 0
1215547 57 39 0
1215870 57 46 0
1215870 57 46 0
1215945 57 46 2
1215956 57 46 2
1215988 57 47 0
1215988 57 47 0
1216070 57 47 2
1216078 57 47 2
1216222 57 12 0
1216222 57 12 0
1216312 57 12 2
1216322 57 12 2
1216710 57 1 0
1216710 57 1 0
1216787 57 1 2
1216812 57 1 2
1217260 57 46 0
1217260 57 46 0
1217334 57 46 2
1217352 57 46 2
1217384 57 47 0
1217384 57 47 0
1217467 57 47 2
1217484 57 47 2
1217628 57 12 0
1217628 57 12 0
1217718 57 12 2
1217736 57 12 2
1217799 57 39 0
1217800 57 2 0
1218220 57 1 0
1218220 57 1 0
1218294 57 1 2
1218326 57 1 2
1218774 57 46 0
1218774 57 46 0
1218848 57 46 2
1218869 57 46 2
1218901 57 47 0
1218901 57 47 0
1218983 57 47 2
1219001 57 47 2
1219145 57 12 0
1219145 57 12 0
1219235 57 12 2
1219303 57 12 2
1219787 57 1 0
1219787 57 1 0
1219861 57 1 2
1219911 57 1 2
1220359 57 46 0
1220359 57 46 0
1220433 57 46 2
1220460 57 46 2
1220492 57 47 0
1220492 57 47 0
1220574 57 47 2
1220582 57 47 2
1220734 57 61 0
1220734 57 61 0
1220784 57 61 2
1220791 57 61 2
1220815 57 62 0
1220815 57 62 0
1220873 57 62 2
1220881 57 62 2
1221157 57 63 0
1221157 57 63 0
1221223 57 63 2
1221243 57 63 2
1221667 57 12 0
1221667 57 12 0
1221760 57 12 2
1221778 57 12 2
1222277 57 56 2
1222430 57 1 0
1222430 57 1 0
1222504 57 1 2
1222529 57 1 2
1222977 57 46 0
1222977 57 46 0
1223051 57 46 2
1223060 57 46 2
1223092 57 47 0
1223092 57 47 0
1223174 57 47 2
1223182 57 47 2
1224058 57 12 0
1224058 57 12 0
1224148 57 12 2
1224166 57 12 2
1224795 57 56 2
1224818 57 1 0
1224818 57 1 0
1224892 57 1 2
1224903 57 1 2
1225351 57 46 0
1225351 57 46 0
1225436 57 46 2
1225440 57 46 2
1225472 57 47 0
1225472 57 47 0
1225554 57 47 2
1225564 57 47 2
1225708 57 12 0
1225708 57 12 0
1225798 57 12 2
1225835 57 12 2
1226319 57 1 0
1226319 57 1 0
1226393 57 1 2
1226461 57 1 2
1226909 57 46 0
1226909 57 46 0
1226983 57 46 2
1226991 57 46 2
1227023 57 47 0
1227023 57 47 0
1227106 57 47 2
1227192 57 47 2
1227336 57 12 0
1227336 57 12 0
1227426 57 12 2
1227487 57 12 2
1227971 57 1 0
1227971 57 1 0
1228045 57 1 2
1228103 57 1 2
1228551 57 46 0
1228551 57 46 0
1228626 57 46 2
1228641 57 46 2
1228673 57 47 0
1228673 57 47 0
1228755 57 47 2
1228793 57 47 2
1228937 57 12 0
1229035 57 12 2
1229519 57 1 0
1229519 57 1 0
1229593 57 1 2
1229601 57 1 2
1230049 57 46 0
1230049 57 46 0
1230123 57 46 2
1230235 57 46 2
1230267 57 47 0
1230267 57 47 0
1230358 57 47 2
1230469 57 47 2
1230613 57 12 0
1230770 57 12 2
1231254 57 1 0
1231254 57 1 0
1231332 57 1 2
1231397 57 1 2
1231829 57 8 0
1231829 57 8 0
1231903 57 8 2
1231952 57 8 2
1231968 57 46 0
1231968 57 46 0
1232053 57 46 2
1232061 57 46 2
1232093 57 47 0
1232093 57 47 0
1232175 57 47 2
1232188 57 47 2
1232332 57 12 0
1232332 57 12 0
1232422 57 12 2
1232429 57 12 2
1232913 57 1 0
1232913 57 1 0
1232988 57 1 2
1233036 57 1 2
1233484 57 46 0
1233484 57 46 0
1233569 57 46 2
1233574 57 46 2
1233606 57 47 0
1233606 57 47 0
1233689 57 47 2
1233721 57 47 2
1233865 57 12 0
1233865 57 12 0
1233955 57 12 2
1233963 57 12 2
1234447 57 1 0
1234447 57 1 0
1234521 57 1 2
1234538 57 1 2
1234986 57 46 0
1234986 57 46 0
1235062 57 46 2
1235070 57 46 2
1235102 57 47 0
1235102 57 47 0
1235184 57 47 2
1235191 57 47 2
1235335 57 12 0
1235335 57 12 0
1235433 57 12 2
1235435 57 12 2
1235919 57 1 0
1235919 57 1 0
1235994 57 1 2
1236002 57 1 2
1236450 57 46 0
1236450 57 46 0
1236525 57 46 2
1236549 57 46 2
1236581 57 47 0
1236581 57 47 0
1236663 57 47 2
1236670 57 47 2
1236814 57 12 0
1236814 57 12 0
1236904 57 12 2
1236911 57 12 2
1237395 57 1 0
1237395 57 1 0
1237469 57 1 2
1237477 57 1 2
1237925 57 46 0
1237925 57 46 0
1237999 57 46 2
1238008 57 46 2
1238040 57 47 0
1238040 57 47 0
1238126 57 47 2
1238131 57 47 2
1238275 57 12 0
1238275 57 12 0
1238369 57 12 2
1238376 57 12 2
1238860 57 1 0
1238860 57 1 0
1238935 57 1 2
1238944 57 1 2
1239392 57 46 0
1239392 57 46 0
1239466 57 46 2
1239474 57 46 2
1239506 57 47 0
1239506 57 47 0
1239589 57 47 2
1239602 57 47 2
1239746 57 12 0
1239746 57 12 0
1239836 57 12 2
1239845 57 12 2
1240329 57 1 0
1240329 57 1 0
1240405 57 1 2
1240410 57 1 2
1240858 57 46 0
1240858 57 46 0
1240932 57 46 2
1240940 57 46 2
1240972 57 47 0
1240972 57 47 0
1241055 57 47 2
1241071 57 47 2
1241215 57 12 0
1241215 57 12 0
1241305 57 12 2
1241313 57 12 2
1241797 57 1 0
1241797 57 1 0
1241871 57 1 2
1241879 57 1 2
1242327 57 46 0
1242327 57 46 0
1242402 57 46 2
1242416 57 46 2
1242448 57 47 0
1242448 57 47 0
1242539 57 47 2
1242542 57 47 2
1242686 57 12 0
1242686 57 12 0
1242776 57 12 2
1242783 57 12 2
1243267 57 1 0
1243267 57 1 0
1243342 57 1 2
1243350 57 1 2
1243798 57 46 0
1243798 57 46 0
1243872 57 46 2
1243880 57 46 2
1243912 57 47 0
1243912 57 47 0
1243994 57 47 2
1244003 57 47 2
1244147 57 12 0
1244147 57 12 0
1244237 57 12 2
1244245 57 12 2
1244729 57 1 0
1244729 57 1 0
1244803 57 1 2
1244814 57 1 2
1245262 57 46 0
1245262 57 46 0
1245337 57 46 2
1245347 57 46 2
1245379 57 47 0
1245379 57 47 0
1245461 57 47 2
1245469 57 47 2
1245613 57 12 0
1245613 57 12 0
1245703 57 12 2
1245711 57 12 2
1246195 57 1 0
1246195 57 1 0
1246270 57 1 2
1246280 57 1 2
1246728 57 46 0
1246728 57 46 0
1246813 57 46 2
1246814 57 46 2
1246845 57 47 0
1246845 57 47 0
1246927 57 47 2
1246936 57 47 2
1247080 57 12 0
1247080 57 12 0
1247171 57 12 2
1247179 57 12 2
1247663 57 1 0
1247663 57 1 0
1247737 57 1 2
1247744 57 1 2
1248192 57 46 0
1248192 57 46 0
1248266 57 46 2
1248278 57 46 2
1248310 57 47 0
1248310 57 47 0
1248392 57 47 2
1248399 57 47 2
1248543 57 12 0
1248543 57 12 0
1248633 57 12 2
1248641 57 12 2
1249125 57 1 0
1249125 57 1 0
1249199 57 1 2
1249208 57 1 2
1249656 57 46 0
1249656 57 46 0
1249730 57 46 2
1249738 57 46 2
1249770 57 47 0
1249770 57 47 0
1249854 57 47 2
1249862 57 47 2
1250006 57 12 0
1250006 57 12 0
1250104 57 12 2
1250105 57 12 2
1250589 57 1 0
1250589 57 1 0
1250664 57 1 2
1250671 57 1 2
1251119 57 46 0
1251119 57 46 0
1251193 57 46 2
1251207 57 46 2
1251239 57 47 0
1251239 57 47 0
1251321 57 47 2
1251329 57 47 2
1251473 57 12 0
1251473 57 12 0
1251563 57 12 2
1251571 57 12 2
1252055 57 1 0
1252055 57 1 0
1252129 57 1 2
1252137 57 1 2
1252585 57 46 0
1252585 57 46 0
1252659 57 46 2
1252667 57 46 2
1252699 57 47 0
1252699 57 47 0
1252781 57 47 2
1252790 57 47 2
1252934 57 12 0
1252934 57 12 0
1253024 57 12 2
1253032 57 12 2
1253516 57 1 0
1253516 57 1 0
1253590 57 1 2
1253597 57 1 2
1254045 57 46 0
1254045 57 46 0
1254119 57 46 2
1254128 57 46 2
1254160 57 47 0
1254160 57 47 0
1254242 57 47 2
1254250 57 47 2
1254394 57 12 0
1254394 57 12 0
1254484 57 12 2
1254492 57 12 2
1254976 57 1 0
1254976 57 1 0
1255050 57 1 2
1255059 57 1 2
1255507 57 46 0
1255507 57 46 0
1255581 57 46 2
1255589 57 46 2
1255621 57 47 0
1255621 57 47 0
1255703 57 47 2
1255714 57 47 2
1255858 57 12 0
1255858 57 12 0
1255948 57 12 2
1255956 57 12 2
1256440 57 1 0
1256440 57 1 0
1256514 57 1 2
1256522 57 1 2
1256970 57 46 0
1256970 57 46 0
1257044 57 46 2
1257053 57 46 2
1257085 57 47 0
1257085 57 47 0
1257170 57 47 2
1257235 57 47 2
1257379 57 12 0
1257379 57 12 0
1257469 57 12 2
1257502 57 12 2
1257986 57 1 0
1257986 57 1 0
1258060 57 1 2
1258085 57 1 2
1258533 57 46 0
1258533 57 46 0
1258607 57 46 2
1258622 57 46 2
1258654 57 47 0
1258654 57 47 0
1258737 57 47 2
1258745 57 47 2
1258889 57 12 0
1258889 57 12 0
1258979 57 12 2
1259012 57 12 2
1259496 57 1 0
1259496 57 1 0
1259571 57 1 2
1259602 57 1 2
1260050 57 46 0
1260050 57 46 0
1260124 57 46 2
1260189 57 46 2
1260221 57 47 0
1260221 57 47 0
1260304 57 47 2
1260369 57 47 2
1260513 57 12 0
1260513 57 12 0
1260603 57 12 2
1260636 57 12 2
1261120 57 1 0
1261120 57 1 0
1261197 57 1 2
1261223 57 1 2
1261671 57 46 0
1261671 57 46 0
1261745 57 46 2
1261755 57 46 2
1261787 57 47 0
1261787 57 47 0
1261869 57 47 2
1261883 57 47 2
1262027 57 12 0
1262027 57 12 0
1262117 57 12 2
1262150 57 12 2
1262634 57 1 0
1262634 57 1 0
1262708 57 1 2
1262733 57 1 2
1263181 57 46 0
1263181 57 46 0
1263255 57 46 2
1263321 57 46 2
1263353 57 47 0
1263353 57 47 0
1263435 57 47 2
1263501 57 47 2
1263645 57 12 0
1263645 57 12 0
1263736 57 12 2
1263769 57 12 2
1264253 57 1 0
1264253 57 1 0
1264328 57 1 2
1264353 57 1 2
1264801 57 46 0
1264801 57 46 0
1264875 57 46 2
1264882 57 46 2
1264914 57 47 0
1264914 57 47 0
1264996 57 47 2
1265007 57 47 2
1265151 57 12 0
1265151 57 12 0
1265241 57 12 2
1265276 57 12 2
1265760 57 1 0
1265760 57 1 0
1265835 57 1 2
1265859 57 1 2
1266307 57 46 0
1266307 57 46 0
1266381 57 46 2
1266447 57 46 2
1266479 57 47 0
1266479 57 47 0
1266561 57 47 2
1266626 57 47 2
1266770 57 12 0
1266770 57 12 0
1266860 57 12 2
1266893 57 12 2
1267377 57 1 0
1267377 57 1 0
1267451 57 1 2
1267477 57 1 2
1267909 57 11 0
1267909 57 11 0
1267991 57 11 2
1268016 57 11 2
1268032 57 46 0
1268032 57 46 0
1268106 57 46 2
1268113 57 46 2
1268145 57 47 0
1268145 57 47 0
1268227 57 47 2
1268235 57 47 2
1268379 57 12 0
1268379 57 12 0
1268469 57 12 2
1268502 57 12 2
1268986 57 1 0
1268986 57 1 0
1269060 57 1 2
1269085 57 1 2
1269533 57 46 0
1269533 57 46 0
1269607 57 46 2
1269671 57 46 2
1269703 57 47 0
1269703 57 47 0
1269788 57 47 2
1269854 57 47 2
1269998 57 12 0
1269998 57 12 0
1270089 57 12 2
1270126 57 12 2
1270610 57 1 0
1270610 57 1 0
1270685 57 1 2
1270710 57 1 2
1271158 57 46 0
1271158 57 46 0
1271233 57 46 2
1271241 57 46 2
1271273 57 47 0
1271273 57 47 0
1271355 57 47 2
1271363 57 47 2
1271507 57 12 0
1271507 57 12 0
1271597 57 12 2
1271630 57 12 2
1272114 57 1 0
1272114 57 1 0
1272188 57 1 2
1272213 57 1 2
1272661 57 46 0
1272661 57 46 0
1272736 57 46 2
1272801 57 46 2
1272833 57 47 0
1272833 57 47 0
1272968 57 47 2
1272982 57 47 2
1273126 57 12 0
1273126 57 12 0
1273216 57 12 2
1273249 57 12 2
1273733 57 1 0
1273733 57 1 0
1273808 57 1 2
1273832 57 1 2
1274280 57 46 0
1274280 57 46 0
1274354 57 46 2
1274363 57 46 2
1274395 57 47 0
1274395 57 47 0
1274477 57 47 2
1274485 57 47 2
1274629 57 12 0
1274629 57 12 0
1274721 57 12 2
1274754 57 12 2
1275238 57 1 0
1275238 57 1 0
1275312 57 1 2
1275336 57 1 2
1275784 57 46 0
1275784 57 46 0
1275858 57 46 2
1275923 57 46 2
1275955 57 47 0
1275955 57 47 0
1276037 57 47 2
1276102 57 47 2
1276246 57 12 0
1276246 57 12 0
1276336 57 12 2
1276369 57 12 2
1276853 57 1 0
1276853 57 1 0
1276929 57 1 2
1276954 57 1 2
1277402 57 46 0
1277402 57 46 0
1277477 57 46 2
1277487 57 46 2
1277519 57 47 0
1277519 57 47 0
1277601 57 47 2
1277617 57 47 2
1277761 57 12 0
1277761 57 12 0
1277852 57 12 2
1277860 57 12 2
1278344 57 1 0
1278344 57 1 0
1278418 57 1 2
1278444 57 1 2
1278892 57 46 0
1278892 57 46 0
1278966 57 46 2
1279033 57 46 2
1279065 57 47 0
1279065 57 47 0
1279147 57 47 2
1279212 57 47 2
1279356 57 12 0
1279356 57 12 0
1279446 57 12 2
1279484 57 12 2
1279968 57 1 0
1279968 57 1 0
1280042 57 1 2
1280067 57 1 2
1280499 57 12 0
1280499 57 12 0
1280592 57 12 2
1280599 57 12 2
1280615 57 46 0
1280615 57 46 0
1280689 57 46 2
1280706 57 46 2
1280738 57 47 0
1280738 57 47 0
1280820 57 47 2
1280837 57 47 2
1280981 57 12 0
1280981 57 12 0
1281071 57 12 2
1281096 57 12 2
1281580 57 1 0
1281580 57 1 0
1281654 57 1 2
1281679 57 1 2
1282127 57 46 0
1282127 57 46 0
1282204 57 46 2
1282269 57 46 2
1282301 57 47 0
1282301 57 47 0
1282386 57 47 2
1282451 57 47 2
1282595 57 12 0
1282595 57 12 0
1282693 57 12 2
1282727 57 12 2
1283211 57 1 0
1283211 57 1 0
1283288 57 1 2
1283313 57 1 2
1283761 57 46 0
1283761 57 46 0
1283835 57 46 2
1283852 57 46 2
1283884 57 47 0
1283884 57 47 0
1283966 57 47 2
1283983 57 47 2
1284127 57 12 0
1284127 57 12 0
1284217 57 12 2
1284242 57 12 2
1284726 57 1 0
1284726 57 1 0
1284800 57 1 2
1284840 57 1 2
1285288 57 46 0
1285288 57 46 0
1285362 57 46 2
1285439 57 46 2
1285471 57 47 0
1285471 57 47 0
1285553 57 47 2
1285601 57 47 2
1285745 57 12 0
1285745 57 12 0
1285835 57 12 2
1285843 57 12 2
1286327 57 1 0
1286327 57 1 0
1286401 57 1 2
1286411 57 1 2
1286859 57 46 0
1286859 57 46 0
1286934 57 46 2
1286953 57 46 2
1286985 57 47 0
1286985 57 47 0
1287067 57 47 2
1287086 57 47 2
1287230 57 12 0
1287230 57 12 0
1287320 57 12 2
1287345 57 12 2
1287829 57 1 0
1287829 57 1 0
1287903 57 1 2
1287917 57 1 2
1288365 57 46 0
1288365 57 46 0
1288440 57 46 2
1288451 57 46 2
1288483 57 47 0
1288483 57 47 0
1288565 57 47 2
1288573 57 47 2
1288717 57 12 0
1288717 57 12 0
1288807 57 12 2
1288815 57 12 2
1289299 57 1 0
1289299 57 1 0
1289373 57 1 2
1289381 57 1 2
1289829 57 46 0
1289829 57 46 0
1289903 57 46 2
1289920 57 46 2
1289952 57 47 0
1289952 57 47 0
1290035 57 47 2
1290052 57 47 2
1290196 57 12 0
1290196 57 12 0
1290286 57 12 2
1290311 57 12 2
1290795 57 1 0
1290795 57 1 0
1290873 57 1 2
1290882 57 1 2
1291330 57 46 0
1291330 57 46 0
1291404 57 46 2
1291412 57 46 2
1291444 57 47 0
1291444 57 47 0
1291526 57 47 2
1291542 57 47 2
1291686 57 12 0
1291686 57 12 0
1291776 57 12 2
1291784 57 12 2
1292268 57 1 0
1292268 57 1 0
1292342 57 1 2
1292351 57 1 2
1292799 57 46 0
1292799 57 46 0
1292873 57 46 2
1292890 57 46 2
1292922 57 47 0
1292922 57 47 0
1293007 57 47 2
1293024 57 47 2
1293168 57 12 0
1293168 57 12 0
1293260 57 12 2
1293270 57 12 2
1293754 57 1 0
1293754 57 1 0
1293828 57 1 2
1293837 57 1 2
1294285 57 46 0
1294285 57 46 0
1294361 57 46 2
1294369 57 46 2
1294401 57 47 0
1294401 57 47 0
1294483 57 47 2
1294490 57 47 2
1294634 57 12 0
1294634 57 12 0
1294725 57 12 2
1294734 57 12 2
1295218 57 1 0
1295218 57 1 0
1295292 57 1 2
1295300 57 1 2
1295748 57 46 0
1295748 57 46 0
1295822 57 46 2
1295839 57 46 2
1295871 57 47 0
1295871 57 47 0
1295953 57 47 2
1295970 57 47 2
1296114 57 12 0
1296114 57 12 0
1296204 57 12 2
1296222 57 12 2
1296706 57 1 0
1296706 57 1 0
1296780 57 1 2
1296792 57 1 2
1297240 57 46 0
1297240 57 46 0
1297315 57 46 2
1297324 57 46 2
1297356 57 47 0
1297356 57 47 0
1297438 57 47 2
1297445 57 47 2
1297589 57 12 0
1297589 57 12 0
1297681 57 12 2
1297689 57 12 2
1298173 57 1 0
1298173 57 1 0
1298247 57 1 2
1298254 57 1 2
1298702 57 46 0
1298702 57 46 0
1298778 57 46 2
1298796 57 46 2
1298828 57 47 0
1298828 57 47 0
1298910 57 47 2
1298927 57 47 2
1299071 57 12 0
1299071 57 12 0
1299161 57 12 2
1299169 57 12 2
1299653 57 1 0
1299653 57 1 0
1299727 57 1 2
1299747 57 1 2
1300195 57 46 0
1300195 57 46 0
1300269 57 46 2
1300438 57 46 2
1300470 57 47 0
1300470 57 47 0
1300552 57 47 2
1300571 57 47 2
1300715 57 12 0
1300715 57 12 0
1300805 57 12 2
1300812 57 12 2
1301236 57 53 2
1301296 57 1 0
1301296 57 1 0
1301370 57 1 2
1301378 57 1 2
1301826 57 46 0
1301826 57 46 0
1301900 57 46 2
1301916 57 46 2
1301948 57 47 0
1301948 57 47 0
1302030 57 47 2
1302047 57 47 2
1302191 57 12 0
1302191 57 12 0
1302281 57 12 2
1302299 57 12 2
1302597 57 54 2
1302607 57 1 0
1302955 57 52 2
1303345 57 1 2
1303521 57 1 0
1303521 57 1 0
1303595 57 1 2
1303604 57 1 2
1304052 57 46 0
1304052 57 46 0
1304126 57 46 2
1304134 57 46 2
1304166 57 47 0
1304166 57 47 0
1304248 57 47 2
1304256 57 47 2
1304323 57 55 2
1304400 57 12 0
1304400 57 12 0
1304490 57 12 2
1304498 57 12 2
1304630 57 1 0
1304896 57 1 2
1305248 57 1 0
1305329 57 1 2
1305727 57 56 2
1305777 57 46 0
1305777 57 46 0
1305851 57 46 2
1305868 57 46 2
1305900 57 47 0
1305900 57 47 0
1305982 57 47 2
1305999 57 47 2
1306143 57 12 0
1306143 57 12 0
1306233 57 12 2
1306252 57 12 2
1306384 57 1 0
1306532 57 1 2
1307004 57 1 0
1307143 57 1 2
1307228 57 1 2
1307239 57 1 0
1307370 57 1 2
1307450 57 1 2
1307562 57 62 0
1307562 57 62 0
1307680 57 62 2
1307698 57 62 2
1307822 57 61 0
1307822 57 61 0
1307872 57 61 2
1307880 57 61 2
1308416 57 1 0
1308416 57 1 0
1308490 57 1 2
1308531 57 1 2
1308615 57 58 0
1308615 57 58 0
1308641 57 58 2
1308698 57 58 2
1308778 57 59 0
1308778 57 59 0
1308812 57 59 2
1308861 57 59 2
1310769 57 40 2
1325592 57 2 0
1325593 57 2 2
1348135 57 2 0
1348136 57 7 1
1348401 57 2 2
1348491 57 7 2
1371485 57 7 1
1371751 57 2 2
1371841 57 7 2
1400035 57 2 0
1400036 57 7 1
1400301 57 2 2
1400391 57 7 2
1423385 57 2 0
1423386 57 7 1
1423651 57 2 2
1423741 57 7 2
1429088 57 2 0
1429089 57 2 2
1439531 57 2 0
1439532 57 2 2
1447633 57 2 0
1447634 57 2 2
1463102 57 2 0
1463103 57 39 0
1486559 57 2 0
1486560 57 57 0
1486560 57 2 2
1486569 57 2 2
1491481 57 0 0
1491482 57 0 2
1491812 57 1 0
1491813 57 0 0
1492600 57 4 0
1492601 57 0 0
1492929 57 5 0
1492930 57 0 0
1493312 57 6 0
1493313 57 0 0
1493434 57 3 0
1493455 57 0 0
1493736 57 7 0
1493737 57 0 0
1494028 57 8 0
1494029 57 0 0
1494522 57 9 0
1494523 57 0 0
1494739 57 0 0
1494740 57 10 0
1495767 57 12 0
1495768 57 0 0
1495982 57 13 0
1495983 57 0 0
1496304 57 11 0
1496305 57 0 0
1496984 57 15 0
1496985 57 0 0
1497214 57 14 0
1497215 57 0 0
1497329 57 16 0
1497360 57 0 0
1497793 57 17 0
1497794 57 0 0
1498660 57 19 0
1498661 57 0 0
1498910 57 21 0
1498911 57 0 0
1499047 57 20 0
1499048 57 0 0
1499159 57 18 0
1499180 57 0 0
1500009 57 23 0
1500010 57 0 0
1500429 57 0 0
1500430 57 22 0
1500540 57 24 0
1500571 57 0 0
1501356 57 25 0
1501357 57 0 0
1502914 57 32 0
1502915 57 0 0
1503282 57 28 0
1503283 57 0 0
1503489 57 30 0
1503490 57 0 0
1503601 57 26 0
1503632 57 0 0
1503772 57 33 0
1503773 57 0 0
1504248 57 27 0
1504249 57 0 0
1504661 57 31 0
1504662 57 0 0
1504782 57 34 0
1504813 57 0 0
1505554 57 39 0
1505555 57 0 0
1505707 57 35 0
1505708 57 0 0
1505812 57 40 0
1505823 57 0 0
1506917 57 36 0
1506918 57 0 0
1507291 57 44 0
1507292 57 0 0
1508102 57 37 0
1508103 57 0 0
1509083 57 29 0
1509084 57 0 0
1509609 57 41 0
1509610 57 0 0
1509902 57 42 0
1509903 57 0 0
1510291 57 49 0
1510292 57 0 0
1510706 57 15 0
1510706 57 15 0
1510820 57 15 2
1510828 57 15 2
1510954 57 54 0
1510955 57 0 0
1511036 57 57 0
1511045 57 2 0
1511045 57 57 2
1511136 57 57 2
1511329 57 45 0
1511330 57 0 0
1511404 57 55 0
1511550 57 55 2
1511562 57 38 0
1511563 57 0 0
1511606 57 19 0
1511803 57 52 0
1511804 57 0 0
1512194 57 43 0
1512195 57 0 0
1513045 57 59 0
1513046 57 0 0
1513380 57 46 0
1513381 57 0 0
1513805 57 60 0
1513806 57 0 0
1513999 57 48 0
1514000 57 0 0
1514178 57 19 2
1514234 57 56 0
1514234 57 56 0
1514261 57 56 2
1514332 57 56 2
1514396 57 57 0
1514396 57 57 0
1514405 57 57 0
1514406 57 0 0
1514414 57 57 2
1514495 57 57 2
1514555 57 19 0
1514810 57 63 0
1514811 57 0 0
1514976 57 61 0
1514977 57 0 0
1515251 57 59 2
1515289 57 55 0
1515291 57 0 0
1515797 57 47 0
1515798 57 0 0
1516049 57 53 0
1516050 57 0 0
1516175 57 56 0
1516186 57 0 0
1516495 57 19 2
1516503 57 19 0
1516571 57 52 2
1516609 57 19 2
1516613 57 19 0
1517474 57 58 0
1517475 57 0 0
1518625 57 50 0
1518626 57 0 0
1520053 57 51 0
1520054 57 0 0
1523395 57 62 0
1523396 57 0 0
1531231 57 19 2
2068649 57 5 0
2068650 57 5 2
2068816 57 1 0
2068817 57 5 0
2068963 57 0 0
2068964 57 5 0
2069197 57 5 0
2069198 57 8 0
2069299 57 4 0
2069330 57 5 0
2069464 57 6 0
2069465 57 5 0
2070207 57 2 0
2070208 57 5 0
2079358 57 2 0
2079359 57 0 0
2079682 57 0 2
2084611 57 2 0
2084612 57 2 2
