0 40 51 0
1616 40 51 2
1620 40 22 0
2374 40 22 2
2386 40 1 0
2886 40 1 2
2906 40 24 0
3028 40 24 2
11453 40 0 1
11650 40 0 2
11715 40 0 2
23609 40 0 1
23810 40 2 2
23891 40 0 2
54723 40 0 1
54920 40 2 2
55001 40 0 2
72201 40 0 1
72420 40 2 2
72501 40 0 2
73627 40 2 0
73628 40 0 1
73830 40 2 2
73911 40 0 2
76393 40 0 1
76590 40 0 2
76655 40 0 2
103053 40 0 1
103250 40 2 2
103331 40 0 2
113521 40 4 0
117790 40 4 2
117842 40 44 0
119744 40 44 2
119756 40 5 0
119873 40 5 2
119885 40 45 0
120448 40 45 2
120516 40 24 0
120702 40 24 2
120734 40 25 0
120864 40 25 2
120872 40 26 0
120983 40 26 2
121023 40 27 0
121130 40 27 2
121150 40 33 0
121286 40 33 2
121306 40 35 0
121423 40 35 2
121431 40 41 0
121818 40 0 1
121928 40 0 1
122020 40 5 2
122030 40 0 1
122111 40 41 2
122127 40 42 0
122130 40 13 2
122130 40 0 2
122155 40 0 1
122229 40 0 2
122241 40 4 2
122246 40 0 1
122341 40 0 2
122351 40 7 2
122356 40 0 1
122411 40 42 2
122443 40 1 0
122458 40 0 1
122461 40 3 2
122475 40 0 2
122551 40 0 2
122571 40 20 2
122595 40 1 2
122596 40 0 1
122631 40 36 0
122653 40 0 2
122681 40 19 2
122697 40 0 1
122736 40 36 2
122748 40 43 0
122755 40 0 2
122790 40 21 2
122881 40 0 2
122892 40 0 1
122901 40 11 2
122974 40 0 1
122983 40 0 2
123103 40 22 2
123145 40 0 1
123201 40 0 2
123211 40 9 2
123250 40 0 1
123276 40 0 2
123298 40 43 2
123314 40 17 0
123340 40 0 1
123351 40 38 2
123433 40 0 2
123434 40 17 2
123461 40 36 2
123504 40 0 1
123526 40 27 0
123527 40 0 2
123574 40 18 2
123609 40 0 1
123639 40 27 2
123640 40 0 2
123643 40 37 0
123703 40 29 2
123757 40 37 2
123769 40 17 0
123785 40 0 2
123811 40 28 2
123873 40 0 1
123875 40 17 2
123883 40 15 0
123884 40 0 2
123963 40 0 1
124074 40 0 1
124075 40 15 2
124092 40 63 2
124115 40 16 0
124191 40 0 2
124201 40 48 2
124225 40 0 1
124235 40 0 2
124311 40 8 2
124369 40 0 2
124375 40 0 1
124420 40 45 2
124424 40 16 2
124464 40 18 0
124486 40 0 2
124501 40 0 1
124571 40 23 2
124580 40 18 2
124604 40 61 0
124621 40 0 1
124677 40 0 2
124703 40 14 2
124711 40 0 1
124809 40 0 2
124821 40 30 2
124911 40 0 2
124921 40 0 1
124931 40 10 2
125006 40 0 2
125065 40 0 1
125121 40 62 2
125174 40 0 1
125211 40 0 2
125261 40 15 2
125327 40 0 1
125375 40 0 2
125391 40 12 2
125428 40 0 1
125481 40 0 2
125541 40 39 2
125552 40 0 1
125630 40 0 2
125651 40 57 2
125701 40 0 2
125703 40 0 1
125760 40 49 2
125795 40 0 1
125802 40 0 2
125847 40 0 1
125902 40 59 2
125927 40 0 1
125968 40 0 2
126010 40 15 2
126049 40 0 1
126051 40 6 2
126123 40 0 2
126161 40 33 2
126166 40 0 2
126167 40 0 1
126203 40 0 2
126311 40 42 2
126353 40 0 2
126401 40 0 1
126421 40 26 2
126479 40 0 2
126483 40 0 1
126595 40 0 1
126601 40 31 2
126699 40 0 2
126711 40 41 2
126745 40 0 2
126818 40 0 1
126821 40 1 2
126895 40 0 2
126920 40 0 1
127021 40 47 2
127088 40 0 1
127103 40 0 2
127131 40 50 2
127174 40 0 1
127181 40 0 2
127291 40 61 2
127321 40 0 1
127373 40 0 2
127383 40 61 2
127395 40 54 0
127400 40 17 2
127422 40 0 1
127458 40 0 2
127520 40 46 2
127525 40 54 2
127545 40 12 0
127594 40 0 2
127604 40 0 1
127633 40 34 2
127653 40 12 2
127661 40 19 0
127682 40 0 2
127738 40 0 1
127767 40 19 2
127771 40 35 0
127803 40 60 2
127818 40 0 1
127876 40 0 2
127951 40 52 2
127954 40 0 1
128017 40 0 2
128051 40 0 1
128071 40 24 2
128115 40 0 2
128164 40 0 1
128201 40 44 2
128260 40 0 2
128284 40 35 2
128295 40 0 1
128300 40 53 0
128311 40 56 2
128353 40 0 2
128421 40 32 2
128455 40 0 2
128516 40 0 1
128522 40 53 2
128531 40 35 2
128562 40 33 0
128589 40 0 2
128608 40 0 1
128643 40 0 1
128705 40 33 2
128717 40 36 0
128741 40 54 2
128823 40 0 2
128835 40 0 1
128860 40 0 2
128886 40 36 2
128901 40 25 2
128906 40 40 0
128915 40 0 1
128930 40 0 2
128939 40 0 0
128951 40 0 2
129031 40 55 2
129062 40 0 1
129078 40 0 0
129121 40 0 2
129141 40 40 2
129157 40 40 2
129166 40 0 2
129181 40 37 0
129192 40 0 1
129219 40 0 0
129261 40 27 2
129312 40 0 1
129327 40 0 2
129338 40 0 0
129358 40 37 2
129391 40 53 2
129443 40 0 1
129462 40 38 0
129465 40 0 2
129470 40 0 0
129511 40 58 2
129569 40 0 2
129589 40 0 0
129590 40 0 1
129599 40 38 2
129603 40 1 0
129641 40 16 2
129691 40 0 2
129701 40 0 0
129702 40 0 1
129811 40 51 2
129813 40 0 0
129826 40 0 1
129868 40 0 2
129886 40 1 2
129910 40 8 0
129918 40 0 0
129941 40 43 2
129991 40 0 2
130048 40 0 0
130056 40 8 2
130064 40 29 0
130091 40 37 2
130139 40 0 0
130165 40 0 2
130246 40 0 0
130251 40 29 2
130291 40 0 0
130386 40 0 2
130397 40 0 0
130398 40 38 0
130515 40 0 0
130571 40 38 2
130587 40 39 0
130629 40 0 0
130733 40 0 0
130854 40 0 0
130869 40 39 2
130873 40 39 0
131013 40 0 0
131141 40 0 0
131176 40 39 2
131232 40 36 0
131267 40 0 0
131339 40 36 2
131371 40 38 0
131451 40 0 0
131547 40 38 2
131563 40 51 0
131575 40 0 0
131682 40 0 0
131695 40 51 2
131751 40 62 0
131831 40 0 0
131967 40 0 0
132071 40 62 2
132079 40 52 0
132117 40 0 0
132229 40 0 0
132355 40 52 2
132368 40 0 0
132391 40 6 0
132461 40 0 0
132561 40 0 0
132734 40 0 0
132771 40 6 2
132791 40 53 0
132879 40 0 0
133003 40 0 0
133144 40 0 0
133234 40 0 0
133340 40 0 0
133405 40 53 2
133429 40 54 0
133455 40 0 0
133619 40 0 0
133761 40 0 1
133778 40 0 0
133914 40 0 0
133962 40 5 2
134036 40 0 0
134067 40 0 2
134173 40 0 0
134228 40 54 2
134244 40 11 0
134309 40 0 0
134393 40 0 0
134517 40 0 0
134568 40 11 2
134580 40 56 0
134643 40 0 0
134693 40 56 2
134697 40 12 0
134839 40 0 0
134993 40 0 0
134993 40 12 2
135001 40 57 0
135109 40 57 2
135113 40 2 0
135121 40 0 0
135209 40 0 0
135296 40 0 0
135410 40 0 0
135439 40 2 2
135491 40 37 0
135539 40 0 0
135608 40 37 2
135624 40 40 0
135663 40 0 0
135728 40 40 2
135784 40 58 0
135789 40 0 0
135920 40 0 0
136082 40 0 0
136294 40 58 2
136354 40 35 0
136420 40 0 0
136460 40 35 2
136464 40 50 0
136623 40 0 0
136634 40 50 2
136654 40 62 0
136712 40 0 0
136840 40 0 0
136946 40 0 0
137263 40 62 2
137291 40 38 0
137631 40 38 2
137703 40 63 0
138318 40 63 2
138358 40 12 0
138650 40 12 2
138674 40 2 0
138765 40 2 2
138789 40 13 0
139067 40 13 2
139163 40 3 0
139422 40 3 2
139462 40 23 0
139600 40 23 2
139616 40 24 0
139704 40 24 2
139812 40 11 0
140128 40 11 2
140136 40 25 0
140218 40 25 2
140246 40 26 0
140335 40 26 2
140415 40 0 0
140548 40 0 2
140556 40 3 0
140674 40 3 2
140718 40 4 0
141050 40 4 2
141146 40 5 0
141357 40 5 2
141397 40 15 0
141719 40 15 2
141727 40 14 0
142083 40 14 2
142095 40 50 0
142392 40 50 2
142420 40 6 0
142544 40 6 2
142564 40 4 0
142675 40 4 2
142683 40 8 0
142889 40 8 2
142893 40 47 0
143254 40 0 1
143472 40 0 2
143549 40 0 2
143550 40 0 0
143595 40 47 2
143603 40 49 0
143683 40 0 0
143799 40 49 2
143808 40 0 0
143815 40 11 0
143926 40 0 0
144051 40 0 0
144158 40 0 0
144295 40 0 0
144386 40 11 2
144404 40 0 0
144422 40 5 0
144610 40 0 0
144631 40 5 2
144655 40 37 0
144685 40 0 0
144874 40 0 0
144958 40 37 2
144964 40 0 0
145022 40 4 0
145137 40 4 2
145141 40 1 0
145195 40 0 0
145243 40 1 2
145271 40 27 0
145371 40 27 2
145379 40 2 0
145390 40 0 0
145522 40 0 0
145535 40 2 2
145547 40 11 0
145648 40 0 0
145658 40 11 2
145666 40 7 0
145785 40 0 0
145899 40 0 0
145998 40 0 0
146036 40 7 2
146056 40 3 0
146121 40 0 0
146169 40 3 2
146245 40 0 0
146277 40 6 0
146358 40 0 0
146552 40 0 0
146608 40 6 2
146628 40 9 0
146687 40 0 0
146718 40 9 2
146804 40 0 0
146890 40 8 0
147007 40 8 2
147019 40 11 0
147141 40 0 0
147268 40 11 2
147288 40 12 0
147359 40 0 0
147485 40 12 2
147504 40 0 0
147509 40 16 0
147596 40 0 0
147697 40 0 0
147766 40 16 2
147774 40 13 0
147819 40 0 0
147908 40 0 0
147974 40 13 2
148011 40 0 0
148022 40 2 0
148110 40 0 0
148116 40 2 2
148152 40 14 0
148286 40 0 0
148415 40 0 0
148562 40 0 0
148800 40 0 0
148845 40 14 2
148849 40 17 0
148945 40 0 0
149084 40 0 0
149125 40 17 2
149133 40 15 0
149219 40 0 0
149344 40 0 0
149422 40 15 2
149442 40 18 0
149455 40 0 0
149591 40 0 0
149705 40 0 0
149724 40 18 2
149748 40 4 0
149813 40 0 0
149889 40 4 2
149929 40 40 0
149948 40 0 0
150017 40 40 2
150021 40 38 0
150021 40 38 0
150105 40 38 2
150174 40 0 0
150235 40 38 2
150243 40 27 0
150324 40 0 0
150371 40 27 2
150391 40 35 0
150438 40 0 0
150503 40 35 2
150559 40 28 0
150636 40 0 0
150719 40 28 2
150776 40 0 0
150787 40 3 0
150888 40 3 2
150892 40 46 0
150906 40 0 0
150997 40 0 0
151093 40 0 0
151192 40 46 2
151201 40 0 0
151212 40 4 0
151348 40 4 2
151365 40 0 0
151380 40 0 0
151466 40 0 2
151470 40 29 0
151518 40 0 0
151649 40 0 0
151816 40 0 0
151855 40 29 2
151898 40 0 0
151999 40 47 0
152013 40 0 0
152257 40 47 2
152329 40 30 0
152520 40 30 2
152872 40 31 0
153092 40 31 2
153096 40 44 0
153240 40 44 2
153248 40 43 0
153368 40 43 2
153500 40 32 0
153626 40 32 2
153950 40 33 0
154099 40 33 2
154133 40 0 1
154147 40 33 0
154329 40 33 2
154331 40 33 2
154337 40 27 0
154373 40 0 2
154377 40 0 1
154484 40 27 2
154581 40 2 2
154588 40 54 0
154665 40 0 2
155416 40 15 0
155417 40 0 1
155600 40 54 2
155612 40 28 0
155620 40 15 2
155733 40 0 2
155740 40 0 1
155806 40 28 2
155822 40 7 0
155940 40 51 2
155997 40 0 2
156176 40 7 2
156184 40 56 0
156545 40 0 0
156578 40 56 2
156594 40 8 0
156812 40 15 0
156813 40 15 2
156816 40 8 2
156916 40 41 0
157217 40 41 2
157265 40 61 0
160334 40 61 2
160338 40 39 0
160548 40 39 2
160560 40 7 0
160712 40 7 2
160772 40 8 0
160875 40 8 2
160907 40 63 0
161795 40 63 2
161903 40 0 0
162088 40 0 2
162116 40 57 0
162223 40 57 2
162291 40 58 0
162411 40 58 2
162495 40 46 0
162644 40 46 2
162656 40 59 0
162769 40 59 2
162801 40 32 0
162898 40 32 2
162906 40 50 0
163174 40 50 2
163250 40 60 0
163421 40 60 2
163429 40 62 0
163698 40 62 2
163702 40 3 0
164104 40 3 2
164116 40 5 0
164386 40 5 2
164414 40 17 0
164574 40 17 2
164594 40 6 0
164727 40 6 2
164819 40 11 0
165138 40 11 2
165146 40 10 0
165244 40 10 2
165264 40 11 0
165363 40 11 2
165371 40 6 0
165443 40 0 0
165535 40 6 2
165571 40 36 0
165866 40 36 2
165926 40 12 0
166038 40 12 2
166046 40 0 0
166124 40 0 2
166248 40 15 0
166248 40 15 0
166354 40 15 2
166390 40 15 2
166510 40 7 0
166732 40 7 2
166748 40 0 0
167015 40 0 2
167163 40 9 0
167265 40 9 2
167297 40 8 0
167380 40 8 2
167408 40 51 0
167667 40 51 2
167775 40 14 0
167902 40 14 2
168198 40 31 0
168388 40 31 2
168432 40 35 0
168746 40 35 2
168806 40 32 0
168880 40 32 2
168980 40 33 0
169081 40 33 2
169173 40 34 0
169315 40 34 2
169347 40 1 0
169347 40 1 0
169415 40 1 2
169667 40 1 2
169711 40 32 0
169827 40 32 2
169835 40 35 0
169970 40 35 2
169974 40 60 0
170211 40 60 2
170227 40 61 0
170798 40 61 2
170858 40 48 0
170959 40 48 2
170999 40 49 0
171129 40 49 2
171165 40 36 0
171165 40 36 0
171223 40 36 2
171331 40 36 2
171395 40 37 0
171395 40 37 0
171461 40 37 2
171517 40 37 2
171565 40 58 0
171753 40 58 2
171765 40 31 0
172055 40 31 2
172067 40 30 0
172409 40 30 2
172417 40 59 0
172898 40 59 2
172950 40 34 0
173201 40 34 2
173241 40 0 0
173465 40 0 2
173473 40 33 0
173787 40 33 2
173803 40 60 0
174068 40 60 2
174088 40 32 0
174328 40 32 2
174404 40 61 0
174541 40 61 2
174665 40 62 0
175528 40 62 2
175616 40 12 0
175746 40 12 2
175758 40 39 0
175898 40 39 2
175910 40 13 0
176053 40 13 2
176057 40 48 0
176204 40 48 2
176216 40 59 0
176369 40 59 2
176397 40 54 0
176397 40 54 0
176471 40 54 2
176535 40 54 2
176575 40 55 0
176943 40 55 2
176967 40 56 0
177057 40 56 2
177085 40 57 0
177234 40 57 2
177298 40 58 0
177453 40 58 2
177489 40 49 0
177500 40 38 2
177627 40 49 2
177667 40 63 0
178119 40 38 2
178252 40 38 2
178511 40 38 2
178524 40 39 2
179635 40 2 0
179636 40 0 1
179734 40 63 2
179782 40 15 0
179830 40 2 2
179911 40 0 2
179916 40 15 2
179932 40 44 0
180037 40 44 2
180057 40 45 0
180179 40 45 2
180427 40 0 0
180502 40 0 2
180594 40 1 0
180680 40 1 2
180684 40 46 0
180774 40 46 2
180870 40 2 0
180959 40 2 2
180967 40 47 0
181065 40 47 2
181077 40 41 0
181168 40 41 2
181222 40 36 2
181240 40 3 0
181338 40 3 2
181346 40 12 0
181461 40 12 2
181713 40 5 0
181828 40 5 2
181876 40 6 0
182018 40 6 2
182095 40 37 2
182106 40 7 0
182276 40 7 2
182384 40 8 0
182458 40 8 2
182514 40 1 0
182596 40 1 2
183044 40 46 0
183136 40 46 2
183144 40 4 0
183300 40 4 2
183324 40 47 0
183422 40 47 2
183566 40 12 0
183681 40 12 2
184045 40 10 0
184165 40 10 2
184285 40 1 0
184285 40 1 0
184359 40 1 2
184381 40 1 2
184807 40 46 0
184889 40 46 2
184921 40 47 0
184921 40 47 0
185012 40 47 2
185145 40 47 2
185156 40 12 0
185156 40 12 0
185238 40 12 2
185246 40 12 2
185526 40 34 2
185730 40 1 0
185730 40 1 0
185796 40 1 2
185833 40 1 2
185945 40 33 2
186281 40 46 0
186281 40 46 0
186356 40 46 2
186368 40 46 2
186388 40 47 0
186473 40 47 2
186617 40 12 0
186706 40 12 2
187190 40 1 0
187190 40 1 0
187256 40 1 2
187265 40 1 2
187713 40 46 0
187713 40 46 0
187782 40 46 2
187791 40 46 2
187823 40 47 0
187823 40 47 0
187899 40 47 2
187907 40 47 2
188051 40 12 0
188051 40 12 0
188134 40 12 2
188141 40 12 2
188625 40 1 0
188625 40 1 0
188691 40 1 2
188698 40 1 2
189146 40 46 0
189146 40 46 0
189212 40 46 2
189222 40 46 2
189254 40 47 0
189254 40 47 0
189330 40 47 2
189335 40 47 2
189479 40 12 0
189479 40 12 0
189561 40 12 2
189577 40 12 2
190061 40 1 0
190061 40 1 0
190127 40 1 2
190136 40 1 2
190584 40 46 0
190584 40 46 0
190652 40 46 2
190659 40 46 2
190691 40 47 0
190691 40 47 0
190765 40 47 2
190774 40 47 2
190918 40 12 0
190918 40 12 0
191000 40 12 2
191010 40 12 2
191494 40 1 0
191494 40 1 0
191560 40 1 2
191567 40 1 2
192015 40 46 0
192015 40 46 0
192081 40 46 2
192095 40 46 2
192127 40 47 0
192127 40 47 0
192203 40 47 2
192217 40 47 2
192361 40 12 0
192361 40 12 0
192443 40 12 2
192451 40 12 2
192935 40 1 0
192935 40 1 0
193001 40 1 2
193009 40 1 2
193441 40 13 0
193557 40 13 2
193573 40 46 0
193573 40 46 0
193639 40 46 2
193647 40 46 2
193679 40 47 0
193679 40 47 0
193753 40 47 2
193763 40 47 2
193907 40 12 0
193907 40 12 0
193989 40 12 2
193997 40 12 2
194481 40 1 0
194481 40 1 0
194547 40 1 2
194558 40 1 2
195006 40 46 0
195006 40 46 0
195073 40 46 2
195083 40 46 2
195115 40 47 0
195115 40 47 0
195189 40 47 2
195197 40 47 2
195341 40 12 0
195341 40 12 0
195423 40 12 2
195431 40 12 2
195915 40 1 0
195915 40 1 0
195981 40 1 2
195989 40 1 2
196437 40 46 0
196437 40 46 0
196503 40 46 2
196510 40 46 2
196542 40 47 0
196542 40 47 0
196616 40 47 2
196627 40 47 2
196771 40 12 0
196771 40 12 0
196853 40 12 2
196861 40 12 2
197345 40 1 0
197345 40 1 0
197411 40 1 2
197418 40 1 2
197866 40 46 0
197866 40 46 0
197932 40 46 2
197937 40 0 1
197943 40 46 2
197975 40 47 0
197975 40 47 0
198050 40 47 2
198063 40 47 2
198141 40 2 2
198207 40 12 0
198207 40 12 0
198223 40 0 2
198289 40 12 2
198297 40 12 2
198781 40 1 0
198781 40 1 0
198848 40 1 2
198857 40 1 2
199305 40 46 0
199305 40 46 0
199384 40 46 2
199389 40 46 2
199421 40 47 0
199421 40 47 0
199500 40 47 2
199503 40 47 2
199647 40 12 0
199647 40 12 0
199729 40 12 2
199737 40 12 2
200221 40 1 0
200221 40 1 0
200288 40 1 2
200299 40 1 2
200747 40 46 0
200747 40 46 0
200813 40 46 2
200830 40 46 2
200862 40 47 0
200862 40 47 0
200943 40 47 2
200946 40 47 2
201090 40 12 0
201090 40 12 0
201172 40 12 2
201182 40 12 2
201666 40 1 0
201666 40 1 0
201740 40 1 2
201742 40 1 2
202190 40 46 0
202190 40 46 0
202256 40 46 2
202271 40 46 2
202303 40 47 0
202303 40 47 0
202377 40 47 2
202384 40 47 2
202528 40 12 0
202528 40 12 0
202615 40 12 2
202619 40 12 2
203103 40 1 0
203103 40 1 0
203169 40 1 2
203176 40 1 2
203624 40 46 0
203624 40 46 0
203690 40 46 2
203712 40 46 2
203744 40 47 0
203744 40 47 0
203826 40 47 2
203829 40 47 2
203973 40 12 0
203973 40 12 0
204055 40 12 2
204062 40 12 2
204546 40 1 0
204546 40 1 0
204612 40 1 2
204620 40 1 2
205052 40 14 0
205190 40 14 2
205206 40 46 0
205206 40 46 0
205272 40 46 2
205282 40 46 2
205314 40 47 0
205314 40 47 0
205389 40 47 2
205399 40 47 2
205543 40 12 0
205543 40 12 0
205625 40 12 2
205633 40 12 2
206117 40 1 0
206117 40 1 0
206183 40 1 2
206191 40 1 2
206639 40 46 0
206639 40 46 0
206706 40 46 2
206712 40 46 2
206744 40 47 0
206744 40 47 0
206818 40 47 2
206825 40 47 2
206969 40 12 0
206969 40 12 0
207051 40 12 2
207059 40 12 2
207543 40 1 0
207543 40 1 0
207609 40 1 2
207617 40 1 2
208065 40 46 0
208065 40 46 0
208131 40 46 2
208139 40 46 2
208171 40 47 0
208171 40 47 0
208252 40 47 2
208254 40 47 2
208398 40 12 0
208398 40 12 0
208481 40 12 2
208489 40 12 2
208973 40 1 0
208973 40 1 0
209039 40 1 2
209047 40 1 2
209495 40 46 0
209495 40 46 0
209562 40 46 2
209579 40 46 2
209611 40 47 0
209611 40 47 0
209685 40 47 2
209692 40 47 2
209836 40 12 0
209836 40 12 0
209920 40 12 2
209927 40 12 2
210411 40 1 0
210411 40 1 0
210477 40 1 2
210484 40 1 2
210932 40 46 0
210932 40 46 0
210998 40 46 2
211013 40 46 2
211045 40 47 0
211045 40 47 0
211119 40 47 2
211127 40 47 2
211271 40 12 0
211271 40 12 0
211362 40 12 2
211363 40 12 2
211847 40 1 0
211847 40 1 0
211913 40 1 2
211921 40 1 2
212369 40 46 0
212369 40 46 0
212436 40 46 2
212441 40 46 2
212473 40 47 0
212473 40 47 0
212550 40 47 2
212556 40 47 2
212700 40 12 0
212700 40 12 0
212782 40 12 2
212795 40 12 2
213279 40 1 0
213279 40 1 0
213345 40 1 2
213354 40 1 2
213802 40 46 0
213802 40 46 0
213868 40 46 2
213877 40 46 2
213909 40 47 0
213909 40 47 0
213983 40 47 2
214034 40 47 2
214178 40 12 0
214178 40 12 0
214260 40 12 2
214270 40 12 2
214754 40 1 0
214754 40 1 0
214820 40 1 2
214828 40 1 2
215276 40 46 0
215276 40 46 0
215343 40 46 2
215348 40 46 2
215380 40 47 0
215380 40 47 0
215454 40 47 2
215464 40 47 2
215608 40 12 0
215608 40 12 0
215690 40 12 2
215698 40 12 2
216086 40 1 0
216086 40 1 0
216153 40 1 2
216161 40 1 2
216593 40 7 0
216723 40 7 2
216739 40 46 0
216739 40 46 0
216805 40 46 2
216821 40 46 2
216853 40 47 0
216853 40 47 0
216938 40 47 2
216949 40 47 2
217082 40 12 0
217082 40 12 0
217166 40 12 2
217186 40 12 2
217670 40 1 0
217670 40 1 0
217736 40 1 2
217744 40 1 2
218192 40 46 0
218192 40 46 0
218258 40 46 2
218266 40 46 2
218298 40 47 0
218298 40 47 0
218372 40 47 2
218382 40 47 2
218526 40 12 0
218526 40 12 0
218608 40 12 2
218616 40 12 2
219100 40 1 0
219100 40 1 0
219168 40 1 2
219180 40 1 2
219628 40 46 0
219628 40 46 0
219694 40 46 2
219706 40 46 2
219738 40 47 0
219738 40 47 0
219812 40 47 2
219820 40 47 2
219964 40 5 0
220078 40 5 2
220086 40 61 0
220216 40 61 2
220224 40 29 0
220508 40 29 2
220524 40 62 0
220524 40 62 0
220607 40 62 2
220662 40 62 2
220938 40 63 0
220938 40 63 0
221028 40 63 2
221085 40 63 2
221367 40 0 1
221509 40 12 0
221509 40 12 0
221571 40 2 2
221591 40 12 2
221610 40 12 2
221653 40 0 2
221748 40 37 2
222050 40 11 0
222148 40 11 2
222360 40 1 0
222360 40 1 0
222426 40 1 2
222436 40 1 2
222884 40 46 0
222884 40 46 0
222950 40 46 2
222963 40 46 2
222995 40 47 0
222995 40 47 0
223069 40 47 2
223077 40 47 2
223221 40 12 0
223221 40 12 0
223303 40 12 2
223314 40 12 2
223798 40 1 0
223798 40 1 0
223864 40 1 2
223872 40 1 2
224320 40 46 0
224320 40 46 0
224404 40 46 2
224409 40 46 2
224436 40 47 0
224436 40 47 0
224512 40 47 2
224528 40 47 2
224672 40 12 0
224672 40 12 0
224754 40 12 2
224762 40 12 2
225246 40 1 0
225246 40 1 0
225312 40 1 2
225322 40 1 2
225770 40 46 0
225770 40 46 0
225836 40 46 2
225843 40 46 2
225875 40 47 0
225875 40 47 0
225955 40 47 2
225956 40 47 2
226100 40 12 0
226100 40 12 0
226182 40 12 2
226190 40 12 2
226674 40 1 0
226674 40 1 0
226740 40 1 2
226748 40 1 2
227196 40 46 0
227196 40 46 0
227262 40 46 2
227269 40 46 2
227301 40 47 0
227301 40 47 0
227375 40 47 2
227383 40 47 2
227527 40 12 0
227617 40 12 2
228101 40 1 0
228101 40 1 0
228167 40 1 2
228180 40 1 2
228628 40 46 0
228628 40 46 0
228697 40 46 2
228723 40 46 2
228755 40 47 0
228755 40 47 0
228830 40 47 2
228839 40 47 2
228983 40 12 0
228983 40 12 0
229065 40 12 2
229072 40 12 2
229556 40 1 0
229556 40 1 0
229622 40 1 2
229629 40 1 2
230061 40 8 0
230167 40 8 2
230183 40 46 0
230183 40 46 0
230249 40 46 2
230261 40 46 2
230293 40 47 0
230293 40 47 0
230369 40 47 2
230377 40 47 2
230521 40 12 0
230521 40 12 0
230603 40 12 2
230611 40 12 2
231095 40 1 0
231095 40 1 0
231161 40 1 2
231169 40 1 2
231617 40 46 0
231617 40 46 0
231683 40 46 2
231693 40 46 2
231725 40 47 0
231725 40 47 0
231803 40 47 2
231810 40 47 2
231954 40 12 0
231954 40 12 0
232036 40 12 2
232043 40 12 2
232527 40 1 0
232527 40 1 0
232593 40 1 2
232600 40 1 2
233048 40 46 0
233048 40 46 0
233116 40 46 2
233129 40 46 2
233161 40 47 0
233161 40 47 0
233242 40 47 2
233252 40 47 2
233396 40 12 0
233396 40 12 0
233490 40 12 2
233497 40 12 2
233974 40 1 0
233974 40 1 0
234050 40 1 2
234055 40 1 2
234498 40 46 0
234498 40 46 0
234570 40 46 2
234578 40 46 2
234610 40 47 0
234610 40 47 0
234684 40 47 2
234693 40 47 2
234837 40 12 0
234837 40 12 0
234919 40 12 2
234926 40 12 2
235410 40 1 0
235410 40 1 0
235476 40 1 2
235484 40 1 2
235932 40 46 0
235932 40 46 0
235999 40 46 2
236008 40 46 2
236040 40 47 0
236040 40 47 0
236114 40 47 2
236122 40 47 2
236266 40 12 0
236266 40 12 0
236349 40 12 2
236356 40 12 2
236840 40 1 0
236840 40 1 0
236906 40 1 2
236914 40 1 2
237362 40 46 0
237362 40 46 0
237428 40 46 2
237440 40 46 2
237472 40 47 0
237472 40 47 0
237546 40 47 2
237554 40 47 2
237698 40 12 0
237698 40 12 0
237782 40 12 2
237790 40 12 2
238274 40 1 0
238274 40 1 0
238340 40 1 2
238347 40 1 2
238795 40 46 0
238795 40 46 0
238861 40 46 2
238870 40 46 2
238902 40 47 0
238902 40 47 0
238977 40 47 2
238985 40 47 2
239129 40 12 0
239129 40 12 0
239211 40 12 2
239219 40 12 2
239703 40 1 0
239703 40 1 0
239765 40 0 1
239770 40 1 2
239778 40 1 2
239960 40 2 2
240041 40 0 2
240226 40 46 0
240226 40 46 0
240292 40 46 2
240300 40 46 2
240332 40 47 0
240332 40 47 0
240411 40 47 2
240413 40 47 2
240557 40 12 0
240557 40 12 0
240639 40 12 2
240646 40 12 2
241130 40 1 0
241130 40 1 0
241196 40 1 2
241205 40 1 2
241637 40 9 0
241735 40 9 2
241751 40 46 0
241751 40 46 0
241817 40 46 2
241824 40 46 2
241856 40 47 0
241856 40 47 0
241930 40 47 2
241941 40 47 2
242085 40 12 0
242085 40 12 0
242167 40 12 2
242176 40 12 2
242660 40 1 0
242660 40 1 0
242726 40 1 2
242734 40 1 2
243182 40 46 0
243182 40 46 0
243248 40 46 2
243258 40 46 2
243290 40 47 0
243290 40 47 0
243367 40 47 2
243379 40 47 2
243523 40 12 0
243523 40 12 0
243610 40 12 2
243753 40 12 2
244237 40 1 0
244237 40 1 0
244353 40 1 2
244355 40 1 2
244803 40 46 0
244803 40 46 0
244869 40 46 2
244884 40 46 2
244916 40 47 0
244916 40 47 0
244990 40 47 2
245003 40 47 2
245147 40 12 0
245147 40 12 0
245229 40 12 2
245239 40 12 2
245723 40 1 0
245723 40 1 0
245789 40 1 2
245797 40 1 2
246245 40 46 0
246245 40 46 0
246311 40 46 2
246321 40 46 2
246353 40 47 0
246353 40 47 0
246429 40 47 2
246437 40 47 2
246581 40 12 0
246581 40 12 0
246664 40 12 2
246672 40 12 2
247156 40 1 0
247156 40 1 0
247223 40 1 2
247229 40 1 2
247677 40 46 0
247677 40 46 0
247747 40 46 2
247762 40 46 2
247794 40 47 0
247794 40 47 0
247868 40 47 2
247876 40 47 2
248020 40 12 0
248020 40 12 0
248102 40 12 2
248112 40 12 2
248596 40 1 0
248596 40 1 0
248662 40 1 2
248669 40 1 2
249117 40 46 0
249117 40 46 0
249200 40 46 2
249201 40 46 2
249232 40 47 0
249232 40 47 0
249308 40 47 2
249315 40 47 2
249459 40 12 0
249459 40 12 0
249541 40 12 2
249549 40 12 2
250033 40 1 0
250033 40 1 0
250101 40 1 2
250105 40 1 2
250553 40 46 0
250553 40 46 0
250626 40 46 2
250654 40 46 2
250686 40 47 0
250686 40 47 0
250760 40 47 2
250771 40 47 2
250915 40 12 0
250915 40 12 0
250997 40 12 2
251004 40 12 2
251488 40 1 0
251488 40 1 0
251554 40 1 2
251567 40 1 2
252015 40 46 0
252015 40 46 0
252081 40 46 2
252109 40 46 2
252141 40 47 0
252141 40 47 0
252221 40 47 2
252224 40 47 2
252368 40 12 0
252368 40 12 0
252453 40 12 2
252528 40 12 2
253012 40 1 0
253012 40 1 0
253078 40 1 2
253127 40 1 2
253559 40 10 0
253665 40 10 2
253681 40 46 0
253681 40 46 0
253747 40 46 2
253755 40 46 2
253787 40 47 0
253787 40 47 0
253861 40 47 2
253871 40 47 2
254015 40 12 0
254015 40 12 0
254097 40 12 2
254105 40 12 2
254589 40 1 0
254589 40 1 0
254655 40 1 2
254663 40 1 2
255111 40 46 0
255111 40 46 0
255177 40 46 2
255187 40 46 2
255219 40 47 0
255219 40 47 0
255293 40 47 2
255301 40 47 2
255445 40 12 0
255445 40 12 0
255527 40 12 2
255535 40 12 2
256019 40 1 0
256019 40 1 0
256085 40 1 2
256093 40 1 2
256541 40 46 0
256541 40 46 0
256607 40 46 2
256616 40 46 2
256648 40 47 0
256648 40 47 0
256722 40 47 2
256730 40 47 2
256874 40 12 0
256874 40 12 0
256956 40 12 2
256964 40 12 2
257448 40 1 0
257448 40 1 0
257514 40 1 2
257522 40 1 2
257970 40 46 0
257970 40 46 0
258036 40 46 2
258044 40 46 2
258076 40 47 0
258076 40 47 0
258150 40 47 2
258158 40 47 2
258302 40 12 0
258302 40 12 0
258384 40 12 2
258392 40 12 2
258876 40 1 0
258876 40 1 0
258943 40 1 2
258954 40 1 2
259402 40 46 0
259402 40 46 0
259468 40 46 2
259478 40 46 2
259510 40 47 0
259510 40 47 0
259584 40 47 2
259592 40 47 2
259736 40 12 0
259736 40 12 0
259818 40 12 2
259826 40 12 2
260310 40 1 0
260310 40 1 0
260376 40 1 2
260384 40 1 2
260832 40 46 0
260832 40 46 0
260898 40 46 2
260909 40 46 2
260941 40 47 0
260941 40 47 0
261015 40 47 2
261023 40 47 2
261167 40 12 0
261167 40 12 0
261249 40 12 2
261257 40 12 2
261497 40 2 0
261498 40 0 1
261701 40 2 2
261741 40 1 0
261741 40 1 0
261783 40 0 2
261807 40 1 2
261815 40 1 2
262263 40 46 0
262263 40 46 0
262329 40 46 2
262337 40 46 2
262369 40 47 0
262369 40 47 0
262443 40 47 2
262452 40 47 2
262596 40 12 0
262596 40 12 0
262679 40 12 2
262686 40 12 2
263170 40 1 0
263170 40 1 0
263236 40 1 2
263245 40 1 2
263693 40 46 0
263693 40 46 0
263759 40 46 2
263767 40 46 2
263799 40 47 0
263799 40 47 0
263873 40 47 2
263881 40 47 2
264025 40 12 0
264025 40 12 0
264107 40 12 2
264114 40 12 2
264598 40 1 0
264598 40 1 0
264664 40 1 2
264672 40 1 2
265104 40 11 0
265104 40 11 0
265178 40 11 2
265203 40 11 2
265219 40 46 0
265219 40 46 0
265305 40 46 2
265322 40 46 2
265354 40 47 0
265354 40 47 0
265428 40 47 2
265438 40 47 2
265582 40 12 0
265582 40 12 0
265664 40 12 2
265673 40 12 2
266157 40 1 0
266157 40 1 0
266223 40 1 2
266231 40 1 2
266339 40 30 2
266679 40 46 0
266679 40 46 0
266745 40 46 2
266753 40 46 2
266785 40 47 0
266785 40 47 0
266859 40 47 2
266868 40 47 2
267012 40 12 0
267012 40 12 0
267094 40 12 2
267102 40 12 2
267586 40 1 0
267661 40 1 2
267908 40 2 0
268051 40 2 0
268109 40 46 0
268109 40 46 0
268175 40 46 2
268183 40 46 2
268195 40 2 0
268215 40 47 0
268215 40 47 0
268289 40 47 2
268302 40 47 2
268336 40 2 0
268446 40 12 0
268446 40 12 0
268497 40 2 0
268528 40 12 2
268539 40 12 2
268640 40 2 0
268779 40 33 2
268992 40 34 2
269023 40 1 0
269023 40 1 0
269098 40 1 2
269099 40 1 2
269120 40 2 0
269537 40 2 0
269547 40 46 0
269547 40 46 0
269616 40 46 2
269624 40 46 2
269656 40 47 0
269656 40 47 0
269678 40 2 0
269730 40 47 2
269737 40 47 2
269881 40 12 0
269881 40 12 0
269964 40 12 2
269971 40 12 2
270037 40 2 0
270198 40 2 0
270341 40 2 0
270455 40 1 0
270455 40 1 0
270475 40 2 0
270522 40 1 2
270570 40 1 2
270655 40 2 0
270829 40 2 0
270966 40 2 0
271018 40 46 0
271018 40 46 0
271075 40 2 0
271084 40 46 2
271091 40 46 2
271123 40 47 0
271123 40 47 0
271197 40 47 2
271205 40 47 2
271242 40 2 0
271349 40 12 0
271349 40 12 0
271368 40 2 0
271431 40 12 2
271439 40 12 2
271540 40 2 0
271678 40 2 0
271820 40 2 0
271923 40 1 0
271954 40 2 0
272037 40 1 2
272079 40 2 0
272269 40 2 0
272270 40 37 2
272420 40 37 2
272473 40 2 0
272485 40 46 0
272485 40 46 0
272551 40 46 2
272558 40 46 2
272590 40 47 0
272590 40 47 0
272612 40 2 0
272664 40 47 2
272674 40 47 2
272683 40 35 2
272724 40 2 0
272816 40 2 0
272818 40 12 0
272818 40 12 0
272900 40 12 2
272908 40 12 2
272923 40 2 0
273040 40 1 0
273073 40 2 0
273154 40 1 2
273204 40 2 0
273381 40 2 0
273506 40 1 0
273587 40 1 2
273897 40 2 0
274035 40 46 0
274035 40 46 0
274063 40 2 0
274101 40 46 2
274109 40 46 2
274141 40 47 0
274141 40 47 0
274208 40 2 0
274215 40 47 2
274223 40 47 2
274335 40 2 0
274367 40 12 0
274367 40 12 0
274437 40 2 0
274459 40 12 2
274462 40 12 2
274625 40 2 0
274772 40 2 0
274904 40 2 0
274946 40 1 0
275014 40 2 0
275028 40 1 2
275182 40 2 0
275366 40 2 0
275476 40 46 0
275476 40 46 0
275516 40 2 0
275542 40 46 2
275550 40 46 2
275582 40 47 0
275582 40 47 0
275653 40 2 0
275656 40 47 2
275664 40 47 2
275764 40 2 0
275808 40 12 0
275808 40 12 0
275890 40 12 2
275898 40 12 2
275933 40 2 0
276082 40 2 0
276244 40 2 0
276374 40 9 0
276401 40 2 0
276480 40 9 2
276604 40 55 0
276696 40 2 0
276736 40 55 2
276740 40 1 0
276740 40 1 0
276806 40 1 2
276838 40 1 2
276862 40 56 0
276867 40 2 0
276984 40 56 2
277004 40 45 0
277110 40 45 2
277166 40 46 0
277280 40 46 2
277356 40 63 0
277368 40 2 0
277608 40 2 0
277625 40 63 2
277633 40 47 0
277755 40 47 2
277859 40 62 0
277859 40 62 0
277933 40 2 0
277941 40 62 2
277949 40 62 2
277957 40 12 0
277957 40 12 0
278040 40 12 2
278049 40 12 2
278117 40 2 0
278165 40 61 0
278165 40 61 0
278239 40 61 2
278295 40 2 0
278296 40 61 2
278368 40 54 0
278452 40 2 0
278498 40 54 2
278530 40 55 0
278668 40 55 2
278896 40 40 0
278905 40 2 0
278986 40 40 2
279014 40 49 0
279112 40 49 2
279113 40 2 0
279124 40 51 0
279230 40 51 2
279250 40 37 0
279363 40 37 2
279367 40 20 0
279410 40 2 0
279477 40 20 2
279493 40 3 0
279826 40 3 2
279918 40 21 0
280032 40 21 2
280040 40 56 0
280145 40 56 2
280165 40 57 0
280271 40 57 2
280275 40 1 0
280275 40 1 0
280341 40 1 2
280349 40 1 2
280433 40 58 0
280433 40 58 0
280483 40 58 2
280540 40 58 2
280620 40 59 0
280620 40 59 0
280678 40 59 2
280735 40 59 2
280749 40 2 0
280759 40 63 0
280905 40 63 2
280989 40 33 0
281071 40 33 2
281964 40 0 2
285387 40 2 0
285388 40 0 1
285591 40 2 2
285673 40 0 2
314453 40 0 1
314650 40 2 2
314731 40 0 2
335385 40 0 1
335580 40 2 2
335661 40 0 2
336901 40 0 1
337100 40 2 2
337181 40 0 2
371659 40 2 0
371660 40 0 1
371860 40 2 2
371941 40 0 2
384023 40 2 0
384024 40 0 1
384221 40 2 2
384303 40 0 2
435778 40 2 0
435779 40 0 1
435978 40 2 2
436059 40 0 2
472514 40 2 2
475792 40 2 2
507353 40 2 0
507354 40 0 1
507549 40 2 2
507630 40 0 2
578616 40 0 1
578819 40 3 2
578908 40 0 2
579276 40 2 0
579277 40 2 2
583857 40 2 0
583858 40 0 1
584059 40 2 2
584140 40 0 2
584392 40 0 1
584589 40 3 2
584678 40 0 2
588293 40 2 0
588294 40 2 2
588783 40 2 0
588784 40 2 2
589484 40 0 1
589679 40 3 2
589768 40 0 2
594894 40 2 0
609222 40 0 1
609420 40 2 2
609502 40 0 2
609782 40 3 0
609783 40 0 1
609979 40 3 2
610068 40 0 2
617952 40 0 1
618169 40 3 2
618258 40 0 2
632532 40 0 1
632730 40 2 2
632812 40 0 2
660922 40 2 0
660923 40 0 1
661120 40 2 2
661202 40 0 2
684322 40 2 0
684323 40 0 1
684520 40 2 2
684602 40 0 2
697266 40 3 2
709214 40 2 0
709215 40 2 2
727471 40 2 0
727472 40 2 2
729930 40 2 0
729931 40 0 1
730134 40 2 2
730215 40 0 2
739005 40 0 1
739205 40 3 2
739295 40 0 2
743679 40 3 0
743680 40 0 1
743874 40 3 2
743963 40 0 2
745363 40 3 0
745364 40 0 1
745564 40 3 2
745653 40 0 2
756724 40 2 0
756725 40 0 1
756925 40 2 2
757007 40 0 2
786870 40 15 0
786870 40 15 0
786976 40 15 2
787001 40 15 2
787089 40 30 0
787211 40 30 2
787223 40 24 0
787300 40 24 2
787400 40 25 0
787482 40 25 2
787490 40 40 0
787499 40 2 0
787499 40 40 2
787581 40 40 2
787645 40 26 0
787735 40 26 2
787799 40 27 0
787897 40 27 2
787929 40 34 0
788019 40 34 2
788031 40 26 0
788121 40 26 2
788217 40 55 0
788358 40 55 2
788366 40 27 0
788465 40 27 2
788513 40 23 0
793819 40 23 2
793823 40 28 0
793929 40 28 2
793981 40 56 0
793981 40 56 0
794016 40 56 2
794071 40 56 2
794094 40 32 2
794107 40 2 0
794422 40 2 2
794450 40 57 0
794450 40 57 0
794492 40 57 2
794549 40 57 2
794557 40 38 0
794679 40 38 2
794731 40 23 0
796084 40 2 0
796839 40 2 0
797807 40 2 0
798971 40 2 0
800769 40 2 0
801707 40 23 2
801715 40 19 0
801810 40 13 2
801813 40 19 2
801817 40 23 0
803799 40 2 0
805475 40 2 0
809212 40 2 0
813361 40 23 2
813575 40 57 2
813577 40 23 0
819559 40 23 2
820205 40 25 2
820207 40 23 0
824271 40 23 2
824522 40 22 2
824523 40 23 0
829317 40 23 2
832307 40 19 2
832317 40 23 0
835121 40 23 2
835624 40 19 2
835625 40 23 0
839020 40 23 2
839580 40 39 2
839584 40 23 0
840858 40 23 2
842687 40 16 2
842694 40 23 0
849526 40 23 2
853542 40 51 2
853546 40 23 0
854190 40 23 2
855923 40 27 2
855930 40 23 0
862162 40 23 2
863285 40 20 2
863290 40 23 0
866412 40 23 2
867241 40 52 2
867252 40 23 0
870354 40 23 2
870488 40 35 2
870498 40 23 0
872908 40 23 2
874610 40 18 2
874612 40 23 0
874874 40 23 2
874973 40 49 2
875096 40 55 2
875219 40 54 2
875342 40 58 2
875473 40 30 2
875588 40 14 2
875711 40 17 2
875826 40 37 2
875941 40 60 2
876072 40 47 2
876187 40 42 2
876302 40 28 2
876418 40 63 2
876549 40 53 2
876672 40 36 2
876788 40 61 2
876919 40 45 2
877034 40 2 2
877165 40 38 2
877281 40 56 2
877412 40 32 2
877529 40 12 2
877652 40 59 2
877783 40 34 2
877899 40 62 2
878032 40 46 2
878165 40 50 2
878174 40 23 0
882556 40 23 2
883137 40 37 2
883144 40 23 0
885174 40 23 2
887718 40 23 0
887718 40 14 2
889980 40 23 2
891735 40 63 2
891744 40 23 0
894026 40 23 2
894502 40 58 2
894506 40 23 0
898090 40 23 2
899927 40 46 2
899938 40 23 0
902200 40 23 2
902434 40 12 2
902440 40 23 0
906052 40 23 2
906915 40 11 2
906916 40 23 0
907372 40 23 2
909393 40 26 2
909400 40 23 0
909972 40 23 2
911591 40 30 2
911592 40 23 0
912206 40 23 2
913429 40 28 2
913430 40 23 0
916970 40 23 2
918009 40 38 2
918014 40 23 0
920436 40 23 2
921701 40 34 2
921708 40 23 0
923220 40 23 2
923463 40 47 2
923472 40 23 0
925172 40 23 2
925563 40 36 2
925568 40 23 0
925828 40 23 2
925927 40 59 2
926058 40 54 2
926181 40 32 2
926297 40 49 2
926420 40 62 2
926552 40 61 2
926683 40 2 2
926818 40 43 2
926933 40 56 2
927068 40 48 2
927192 40 41 2
927308 40 36 2
927429 40 17 2
927549 40 8 2
927685 40 60 2
927688 40 23 0
928210 40 23 2
929448 40 17 2
929458 40 23 0
930768 40 23 2
930867 40 2 2
930997 40 8 2
931120 40 32 2
931238 40 43 2
931354 40 41 2
931469 40 49 2
931592 40 61 2
931724 40 54 2
931849 40 59 2
931980 40 48 2
932121 40 62 2
932124 40 23 0
933406 40 23 2
933640 40 48 2
933646 40 23 0
934556 40 23 2
934572 40 23 0
934784 40 59 2
935407 40 23 2
935506 40 59 2
935515 40 23 0
937727 40 23 2
937829 40 32 2
937835 40 23 0
939359 40 23 2
939459 40 54 2
939467 40 23 0
939711 40 23 2
939810 40 54 2
939934 40 2 2
940069 40 41 2
940071 40 23 0
940207 40 23 2
940259 40 29 0
940314 40 2 2
940373 40 29 2
940389 40 23 0
940520 40 23 2
940592 40 30 0
940622 40 2 2
940916 40 30 2
940928 40 10 0
941020 40 10 2
941060 40 23 0
941190 40 23 2
941210 40 55 0
941401 40 55 2
941425 40 23 0
941556 40 23 2
941588 40 31 0
941661 40 2 2
941872 40 31 2
941876 40 23 0
942006 40 23 2
942018 40 23 0
942148 40 23 2
942164 40 51 0
942254 40 2 2
942416 40 51 2
942436 40 41 0
942712 40 41 2
942752 40 24 0
942974 40 24 2
942978 40 42 0
943208 40 42 2
943212 40 23 0
943343 40 23 2
943471 40 43 0
943726 40 43 2
943738 40 51 0
943996 40 51 2
944128 40 32 0
944202 40 32 2
944286 40 28 0
944392 40 28 2
944444 40 2 0
944542 40 2 2
944554 40 29 0
944635 40 29 2
944639 40 1 0
944639 40 1 0
944705 40 1 2
944712 40 1 2
944740 40 4 0
944846 40 4 2
944854 40 35 0
944854 40 35 0
944904 40 35 2
944953 40 35 2
944993 40 36 0
944993 40 36 0
945051 40 36 2
945100 40 36 2
946831 40 2 2
979846 40 2 0
979847 40 2 2
1073716 40 3 0
1073717 40 3 2
1075374 40 3 0
1075375 40 3 2
1077672 40 3 0
1077673 40 3 2
1078812 40 2 0
1078813 40 2 2
1079826 40 2 0
1083374 40 2 0
1083375 40 2 2
1084961 40 3 0
1084962 40 3 2
1086993 40 3 0
1086994 40 3 2
1087064 40 2 0
1087065 40 2 2
1087553 40 2 0
1087554 40 2 2
1090991 40 37 0
1090991 40 37 0
1091471 40 37 2
1095458 40 37 2
1095645 40 39 2
1095726 40 36 0
1095726 40 36 0
1095804 40 36 2
1095835 40 36 2
1095867 40 38 0
1095867 40 38 0
1095942 40 38 2
1096162 40 39 2
1096290 40 39 2
1096941 40 36 2
1097423 40 36 2
1097629 40 38 2
1097995 40 38 2
1098124 40 38 2
1098930 40 38 2
1099006 40 15 0
1099007 40 0 0
1099090 40 54 0
1099090 40 54 0
1099165 40 54 2
1099248 40 54 2
1099276 40 56 0
1099276 40 56 0
1099310 40 56 2
1099367 40 56 2
1099371 40 12 0
1099460 40 12 2
1099461 40 0 0
1099468 40 57 0
1099468 40 57 0
1099510 40 57 2
1099549 40 3 0
1099559 40 57 2
1099560 40 0 0
1099615 40 37 0
1099615 40 37 0
1099681 40 37 2
1099779 40 37 2
1099911 40 35 0
1099911 40 35 0
1099971 40 35 2
1100409 40 35 2
1100770 40 3 0
1100771 40 0 1
1100975 40 3 2
1101065 40 0 2
1101265 40 47 0
1101382 40 47 2
1101406 40 11 0
1101406 40 11 0
1101480 40 11 2
1101488 40 11 2
1101616 40 1 0
1101689 40 1 2
1101745 40 7 0
1102137 40 7 2
1102557 40 25 0
1102833 40 25 2
1102849 40 31 0
1103142 40 31 2
1103178 40 33 0
1103463 40 33 2
1103467 40 36 0
1103752 40 36 2
1103760 40 4 0
1104052 40 4 2
1104131 40 15 0
1104132 40 15 2
1104144 40 5 0
1104201 40 37 2
1104409 40 15 0
1104410 40 15 2
1104423 40 5 2
1104455 40 34 0
1104678 40 37 2
1104698 40 34 2
1104718 40 35 0
1104771 40 2 0
1104772 40 0 0
1104809 40 37 2
1104990 40 35 2
1105014 40 32 0
1105240 40 32 2
1105604 40 38 0
1105604 40 38 0
1105678 40 38 2
1105730 40 38 2
1105886 40 46 0
1105965 40 46 2
1106165 40 47 0
1106246 40 47 2
1106262 40 12 0
1106354 40 12 2
1107698 40 63 0
1107698 40 63 0
1107788 40 63 2
1107797 40 63 2
1108001 40 58 0
1108001 40 58 0
1108052 40 58 2
1108115 40 58 2
1108199 40 46 0
1108297 40 46 2
1109353 40 52 0
1109662 40 52 2
1110238 40 53 0
1110533 40 53 2
1111109 40 54 0
1111404 40 54 2
1111980 40 55 0
1112244 40 55 2
1112820 40 56 0
1113078 40 56 2
1113654 40 57 0
1113981 40 57 2
1114557 40 58 0
1114791 40 58 2
1115179 40 0 1
1115367 40 59 0
1115385 40 0 2
1115451 40 0 2
1115674 40 59 2
1116250 40 60 0
1116621 40 60 2
1117197 40 61 0
1117611 40 61 2
1118187 40 62 0
1118504 40 62 2
1119080 40 63 0
1119393 40 63 2
1119969 40 0 0
1119969 40 0 0
1120027 40 0 2
1120232 40 0 2
1120500 40 2 0
1120640 40 2 2
1120696 40 3 0
1120826 40 3 2
1120830 40 7 0
1121173 40 7 2
1121261 40 4 0
1121261 40 4 0
1121351 40 4 2
1121392 40 4 2
1121780 40 1 0
1122125 40 1 2
1122701 40 2 0
1123012 40 2 2
1123588 40 3 0
1123954 40 3 2
1124530 40 4 0
1124825 40 4 2
1125401 40 5 0
1125685 40 5 2
1126261 40 6 0
1126644 40 6 2
1127220 40 7 0
1127554 40 7 2
1128130 40 8 0
1128130 40 8 0
1128180 40 8 2
1128362 40 8 2
1128938 40 9 0
1129245 40 9 2
1129821 40 10 0
1130124 40 10 2
1130700 40 11 0
1130700 40 11 0
1130774 40 11 2
1131027 40 11 2
1131603 40 12 0
1131603 40 12 0
1131685 40 12 2
1131896 40 12 2
1132472 40 13 0
1132755 40 13 2
1133331 40 14 0
1133698 40 14 2
1134274 40 15 0
1134656 40 15 2
1135232 40 16 0
1135461 40 16 2
1136037 40 17 0
1136334 40 17 2
1136910 40 18 0
1137226 40 18 2
1137802 40 19 0
1138111 40 19 2
1138687 40 20 0
1138974 40 20 2
1139550 40 21 0
1139885 40 21 2
1140461 40 22 0
1140808 40 22 2
1141384 40 23 0
1141698 40 23 2
1142274 40 24 0
1142274 40 24 0
1142309 40 24 2
1142503 40 24 2
1143079 40 25 0
1143395 40 25 2
1143971 40 26 0
1144278 40 26 2
1144854 40 27 0
1145200 40 27 2
1145776 40 28 0
1146074 40 28 2
1146088 40 0 1
1146315 40 39 2
1146406 40 0 2
1146650 40 29 0
1146713 40 0 1
1146807 40 0 1
1146915 40 60 2
1146951 40 0 1
1146985 40 29 2
1146989 40 0 2
1147025 40 36 2
1147036 40 0 1
1147091 40 0 2
1147155 40 14 2
1147181 40 0 1
1147261 40 0 2
1147265 40 38 2
1147346 40 0 2
1147385 40 12 2
1147475 40 0 2
1147561 40 30 0
1147892 40 30 2
1148215 40 0 1
1148363 40 0 1
1148415 40 54 2
1148468 40 31 0
1148497 40 0 2
1148565 40 20 2
1148647 40 0 2
1148760 40 31 2
1148793 40 0 1
1148995 40 61 2
1149077 40 0 2
1149093 40 0 1
1149186 40 0 1
1149295 40 56 2
1149305 40 0 1
1149336 40 32 0
1149337 40 0 2
1149405 40 35 2
1149415 40 0 1
1149465 40 0 2
1149515 40 55 2
1149525 40 0 1
1149562 40 32 2
1149605 40 0 2
1149625 40 49 2
1149667 40 0 2
1149745 40 0 1
1149755 40 27 2
1149821 40 0 2
1149871 40 0 1
1149945 40 48 2
1149979 40 0 2
1150095 40 10 2
1150138 40 33 0
1150169 40 0 2
1150223 40 0 1
1150349 40 0 1
1150425 40 57 2
1150436 40 0 1
1150445 40 33 2
1150474 40 0 2
1150545 40 4 2
1150556 40 0 1
1150643 40 0 2
1150657 40 0 1
1150685 40 44 2
1150743 40 0 2
1150783 40 0 1
1150795 40 28 2
1150869 40 0 2
1150905 40 43 2
1150933 40 0 1
1150955 40 0 2
1151015 40 19 2
1151021 40 34 0
1151075 40 0 1
1151089 40 0 2
1151135 40 58 2
1151193 40 0 1
1151194 40 0 2
1151275 40 53 2
1151300 40 34 2
1151349 40 0 2
1151395 40 21 2
1151470 40 0 1
1151485 40 0 2
1151557 40 0 1
1151665 40 8 2
1151723 40 0 2
1151775 40 46 2
1151829 40 0 1
1151849 40 0 2
1151876 40 35 0
1151939 40 5 0
1151942 40 0 1
1152025 40 0 1
1152025 40 6 2
1152141 40 0 2
1152145 40 5 2
1152203 40 0 1
1152242 40 35 2
1152251 40 0 2
1152255 40 52 2
1152312 40 0 1
1152320 40 0 2
1152415 40 16 2
1152465 40 0 2
1152525 40 23 2
1152533 40 0 1
1152631 40 0 2
1152635 40 0 1
1152735 40 22 2
1152818 40 36 0
1152834 40 0 2
1152845 40 50 2
1152895 40 0 2
1152973 40 0 1
1153067 40 0 1
1153136 40 36 2
1153175 40 62 2
1153204 40 0 1
1153269 40 0 2
1153285 40 47 2
1153307 40 0 1
1153369 40 0 2
1153405 40 24 2
1153427 40 0 1
1153447 40 0 2
1153515 40 34 2
1153553 40 0 1
1153565 40 0 2
1153625 40 29 2
1153654 40 0 1
1153707 40 0 2
1153712 40 37 0
1153755 40 59 2
1153812 40 0 1
1153821 40 0 2
1153865 40 30 2
1153922 40 0 1
1153923 40 15 0
1153955 40 0 2
1154007 40 0 1
1154015 40 9 2
1154025 40 37 2
1154081 40 0 2
1154125 40 15 2
1154140 40 0 1
1154235 40 45 2
1154238 40 0 2
1154283 40 0 1
1154301 40 0 2
1154345 40 13 2
1154444 40 0 2
1154459 40 0 1
1154485 40 17 2
1154543 40 0 2
1154573 40 0 1
1154601 40 38 0
1154655 40 7 2
1154775 40 18 2
1154777 40 0 2
1154841 40 0 2
1154853 40 0 1
1154932 40 38 2
1154959 40 33 0
1154960 40 0 1
1155095 40 63 2
1155097 40 0 1
1155193 40 0 2
1155205 40 33 2
1155207 40 0 1
1155246 40 0 2
1155315 40 32 2
1155325 40 0 1
1155349 40 0 2
1155425 40 41 2
1155459 40 0 2
1155508 40 39 0
1155521 40 0 1
1155535 40 31 2
1155615 40 51 0
1155616 40 0 1
1155633 40 0 2
1155716 40 0 1
1155735 40 11 2
1155805 40 39 2
1155817 40 0 2
1155835 40 0 1
1155845 40 51 2
1155902 40 0 2
1155955 40 37 2
1156029 40 0 2
1156075 40 26 2
1156089 40 0 1
1156133 40 0 2
1156166 40 0 1
1156285 40 0 1
1156305 40 1 2
1156379 40 0 2
1156381 40 40 0
1156381 40 40 0
1156390 40 40 0
1156391 40 0 1
1156399 40 40 2
1156417 40 42 2
1156459 40 0 2
1156525 40 25 2
1156529 40 3 0
1156530 40 0 1
1156574 40 0 2
1156635 40 40 2
1156651 40 40 2
1156660 40 0 2
1156745 40 3 2
1156835 40 0 2
1157227 40 41 0
1157545 40 41 2
1158121 40 42 0
1158383 40 42 2
1158959 40 43 0
1159059 40 2 0
1159060 40 0 1
1159254 40 43 2
1159265 40 2 2
1159347 40 0 2
1159830 40 44 0
1160166 40 44 2
1160742 40 45 0
1161055 40 45 2
1161631 40 46 0
1161984 40 46 2
1162560 40 47 0
1162834 40 47 2
1163410 40 48 0
1163690 40 48 2
1164266 40 49 0
1164603 40 49 2
1165179 40 50 0
1165442 40 50 2
1173842 40 8 0
1174072 40 8 2
1204211 40 39 2
1204341 40 39 2
1210804 40 46 0
1210877 40 46 2
1210909 40 12 0
1210909 40 12 0
1210992 40 12 2
1210997 40 12 2
1211133 40 1 0
1211133 40 1 0
1211199 40 1 2
1211207 40 1 2
1211259 40 35 0
1211259 40 35 0
1211309 40 35 2
1211358 40 35 2
1211514 40 36 0
1211514 40 36 0
1211572 40 36 2
1211619 40 36 2
1211683 40 37 0
1211683 40 37 0
1211749 40 37 2
1211785 40 37 2
1211833 40 58 0
1211833 40 58 0
1211883 40 58 2
1211950 40 58 2
1211982 40 59 0
1211982 40 59 0
1212040 40 59 2
1212097 40 59 2
1212309 40 61 0
1212309 40 61 0
1212383 40 61 2
1212434 40 61 2
1212714 40 54 0
1212714 40 54 0
1212788 40 54 2
1212831 40 54 2
1212895 40 56 0
1212895 40 56 0
1212929 40 56 2
1212937 40 56 2
1212965 40 57 0
1212965 40 57 0
1213007 40 57 2
1213180 40 57 2
1213852 40 47 0
1213933 40 47 2
1214577 40 1 0
1214577 40 1 0
1214643 40 1 2
1214650 40 1 2
1215098 40 46 0
1215171 40 46 2
1215203 40 47 0
1215286 40 47 2
1215430 40 12 0
1215519 40 12 2
1216003 40 1 0
1216003 40 1 0
1216076 40 1 2
1216099 40 1 2
1216259 40 2 0
1216260 40 2 2
1216524 40 46 0
1216596 40 46 2
1216628 40 47 0
1216628 40 47 0
1216705 40 47 2
1216710 40 47 2
1216854 40 12 0
1216854 40 12 0
1216937 40 12 2
1216942 40 12 2
1217426 40 1 0
1217426 40 1 0
1217492 40 1 2
1217500 40 1 2
1217948 40 46 0
1217948 40 46 0
1218022 40 46 2
1218054 40 47 0
1218084 40 46 2
1218135 40 47 2
1218279 40 12 0
1218369 40 12 2
1218853 40 1 0
1218853 40 1 0
1218919 40 1 2
1218926 40 1 2
1219374 40 46 0
1219374 40 46 0
1219440 40 46 2
1219449 40 46 2
1219481 40 47 0
1219481 40 47 0
1219557 40 47 2
1219572 40 47 2
1219716 40 12 0
1219716 40 12 0
1219798 40 12 2
1219806 40 12 2
1220290 40 1 0
1220290 40 1 0
1220358 40 1 2
1220364 40 1 2
1220812 40 46 0
1220812 40 46 0
1220879 40 46 2
1220887 40 46 2
1220919 40 47 0
1220919 40 47 0
1220993 40 47 2
1221002 40 47 2
1221146 40 12 0
1221146 40 12 0
1221228 40 12 2
1221236 40 12 2
1221720 40 1 0
1221720 40 1 0
1221786 40 1 2
1221794 40 1 2
1222242 40 46 0
1222242 40 46 0
1222308 40 46 2
1222316 40 46 2
1222348 40 47 0
1222348 40 47 0
1222422 40 47 2
1222430 40 47 2
1222574 40 12 0
1222574 40 12 0
1222657 40 12 2
1222666 40 12 2
1223150 40 1 0
1223150 40 1 0
1223217 40 1 2
1223225 40 1 2
1223673 40 46 0
1223673 40 46 0
1223739 40 46 2
1223753 40 46 2
1223785 40 47 0
1223785 40 47 0
1223870 40 47 2
1223872 40 47 2
1224014 40 12 0
1224014 40 12 0
1224098 40 12 2
1224106 40 12 2
1224590 40 1 0
1224590 40 1 0
1224656 40 1 2
1224663 40 1 2
1225111 40 46 0
1225111 40 46 0
1225177 40 46 2
1225187 40 46 2
1225219 40 47 0
1225219 40 47 0
1225293 40 47 2
1225301 40 47 2
1225445 40 12 0
1225445 40 12 0
1225527 40 12 2
1225535 40 12 2
1226019 40 1 0
1226019 40 1 0
1226090 40 1 2
1226092 40 1 2
1226540 40 46 0
1226540 40 46 0
1226606 40 46 2
1226615 40 46 2
1226647 40 47 0
1226647 40 47 0
1226721 40 47 2
1226735 40 47 2
1226879 40 12 0
1226879 40 12 0
1226961 40 12 2
1226969 40 12 2
1227453 40 1 0
1227453 40 1 0
1227519 40 1 2
1227527 40 1 2
1227975 40 46 0
1227975 40 46 0
1228043 40 46 2
1228051 40 46 2
1228083 40 47 0
1228083 40 47 0
1228157 40 47 2
1228164 40 47 2
1228308 40 12 0
1228308 40 12 0
1228390 40 12 2
1228399 40 12 2
1228883 40 1 0
1228883 40 1 0
1228953 40 1 2
1228955 40 1 2
1229403 40 46 0
1229403 40 46 0
1229469 40 46 2
1229481 40 46 2
1229513 40 47 0
1229513 40 47 0
1229587 40 47 2
1229595 40 47 2
1229739 40 12 0
1229739 40 12 0
1229821 40 12 2
1229830 40 12 2
1230314 40 1 0
1230314 40 1 0
1230380 40 1 2
1230389 40 1 2
1230837 40 46 0
1230837 40 46 0
1230903 40 46 2
1230912 40 46 2
1230944 40 47 0
1230944 40 47 0
1231018 40 47 2
1231025 40 47 2
1231169 40 12 0
1231169 40 12 0
1231251 40 12 2
1231259 40 12 2
1231743 40 1 0
1231743 40 1 0
1231811 40 1 2
1231817 40 1 2
1232265 40 46 0
1232265 40 46 0
1232331 40 46 2
1232339 40 46 2
1232371 40 47 0
1232371 40 47 0
1232445 40 47 2
1232453 40 47 2
1232597 40 12 0
1232597 40 12 0
1232680 40 12 2
1232688 40 12 2
1233172 40 1 0
1233172 40 1 0
1233239 40 1 2
1233247 40 1 2
1233695 40 46 0
1233695 40 46 0
1233761 40 46 2
1233770 40 46 2
1233802 40 47 0
1233802 40 47 0
1233876 40 47 2
1233885 40 47 2
1234029 40 12 0
1234029 40 12 0
1234112 40 12 2
1234120 40 12 2
1234604 40 1 0
1234604 40 1 0
1234671 40 1 2
1234676 40 1 2
1235124 40 46 0
1235124 40 46 0
1235199 40 46 2
1235203 40 46 2
1235235 40 47 0
1235235 40 47 0
1235309 40 47 2
1235317 40 47 2
1235461 40 12 0
1235461 40 12 0
1235543 40 12 2
1235551 40 12 2
1236035 40 1 0
1236035 40 1 0
1236101 40 1 2
1236109 40 1 2
1236557 40 46 0
1236557 40 46 0
1236623 40 46 2
1236633 40 46 2
1236665 40 47 0
1236665 40 47 0
1236742 40 47 2
1236754 40 47 2
1236898 40 12 0
1236898 40 12 0
1236990 40 12 2
1236994 40 12 2
1237474 40 1 0
1237474 40 1 0
1237544 40 1 2
1237546 40 1 2
1237994 40 46 0
1237994 40 46 0
1238060 40 46 2
1238069 40 46 2
1238101 40 47 0
1238101 40 47 0
1238175 40 47 2
1238183 40 47 2
1238327 40 12 0
1238327 40 12 0
1238409 40 12 2
1238417 40 12 2
1238901 40 1 0
1238901 40 1 0
1238967 40 1 2
1238975 40 1 2
1239423 40 46 0
1239423 40 46 0
1239490 40 46 2
1239497 40 46 2
1239529 40 47 0
1239529 40 47 0
1239605 40 47 2
1239616 40 47 2
1239760 40 12 0
1239760 40 12 0
1239842 40 12 2
1239850 40 12 2
1240334 40 1 0
1240334 40 1 0
1240402 40 1 2
1240413 40 1 2
1240861 40 46 0
1240861 40 46 0
1240927 40 46 2
1240944 40 46 2
1240976 40 47 0
1240976 40 47 0
1241050 40 47 2
1241059 40 47 2
1241203 40 12 0
1241203 40 12 0
1241285 40 12 2
1241323 40 12 2
1241807 40 1 0
1241807 40 1 0
1241873 40 1 2
1241881 40 1 2
1242329 40 46 0
1242329 40 46 0
1242395 40 46 2
1242407 40 46 2
1242439 40 47 0
1242439 40 47 0
1242513 40 47 2
1242520 40 47 2
1242664 40 12 0
1242664 40 12 0
1242746 40 12 2
1242753 40 12 2
1243237 40 1 0
1243237 40 1 0
1243304 40 1 2
1243310 40 1 2
1243758 40 46 0
1243758 40 46 0
1243824 40 46 2
1243831 40 46 2
1243863 40 47 0
1243863 40 47 0
1243937 40 47 2
1243948 40 47 2
1244092 40 12 0
1244092 40 12 0
1244174 40 12 2
1244184 40 12 2
1244668 40 1 0
1244668 40 1 0
1244734 40 1 2
1244742 40 1 2
1245190 40 46 0
1245190 40 46 0
1245256 40 46 2
1245264 40 46 2
1245296 40 47 0
1245296 40 47 0
1245370 40 47 2
1245378 40 47 2
1245522 40 12 0
1245522 40 12 0
1245604 40 12 2
1245615 40 12 2
1246099 40 1 0
1246099 40 1 0
1246165 40 1 2
1246176 40 1 2
1246624 40 46 0
1246624 40 46 0
1246690 40 46 2
1246698 40 46 2
1246730 40 47 0
1246730 40 47 0
1246805 40 47 2
1246812 40 47 2
1246956 40 12 0
1246956 40 12 0
1247038 40 12 2
1247046 40 12 2
1247434 40 1 0
1247434 40 1 0
1247500 40 1 2
1247507 40 1 2
1247955 40 46 0
1247955 40 46 0
1248022 40 46 2
1248031 40 46 2
1248063 40 47 0
1248063 40 47 0
1248137 40 47 2
1248149 40 47 2
1248293 40 12 0
1248293 40 12 0
1248375 40 12 2
1248383 40 12 2
1248867 40 1 0
1248867 40 1 0
1248934 40 1 2
1248939 40 1 2
1249387 40 46 0
1249387 40 46 0
1249453 40 46 2
1249463 40 46 2
1249495 40 47 0
1249495 40 47 0
1249569 40 47 2
1249578 40 47 2
1249722 40 12 0
1249722 40 12 0
1249805 40 12 2
1249812 40 12 2
1250296 40 1 0
1250296 40 1 0
1250362 40 1 2
1250369 40 1 2
1250817 40 46 0
1250817 40 46 0
1250884 40 46 2
1250892 40 46 2
1250924 40 47 0
1250924 40 47 0
1251009 40 47 2
1251010 40 47 2
1251161 40 61 0
1251161 40 61 0
1251235 40 61 2
1251243 40 61 2
1251267 40 62 0
1251267 40 62 0
1251350 40 62 2
1251355 40 62 2
1251631 40 63 0
1251631 40 63 0
1251721 40 63 2
1251738 40 63 2
1252162 40 12 0
1252162 40 12 0
1252244 40 12 2
1252262 40 12 2
1252914 40 1 0
1252914 40 1 0
1252980 40 1 2
1252991 40 1 2
1253439 40 46 0
1253439 40 46 0
1253514 40 46 2
1253515 40 46 2
1253546 40 47 0
1253546 40 47 0
1253620 40 47 2
1253633 40 47 2
1254076 40 37 2
1254509 40 12 0
1254509 40 12 0
1254591 40 12 2
1254610 40 12 2
1255262 40 1 0
1255262 40 1 0
1255329 40 1 2
1255337 40 1 2
1255785 40 46 0
1255785 40 46 0
1255851 40 46 2
1255859 40 46 2
1255891 40 47 0
1255891 40 47 0
1255965 40 47 2
1255973 40 47 2
1256117 40 12 0
1256117 40 12 0
1256199 40 12 2
1256213 40 12 2
1256376 40 37 2
1256697 40 1 0
1256697 40 1 0
1256764 40 1 2
1256776 40 1 2
1257224 40 46 0
1257224 40 46 0
1257290 40 46 2
1257304 40 46 2
1257336 40 47 0
1257336 40 47 0
1257410 40 47 2
1257417 40 47 2
1257561 40 12 0
1257561 40 12 0
1257643 40 12 2
1257651 40 12 2
1258135 40 1 0
1258135 40 1 0
1258201 40 1 2
1258214 40 1 2
1258662 40 46 0
1258662 40 46 0
1258729 40 46 2
1258735 40 46 2
1258767 40 47 0
1258767 40 47 0
1258841 40 47 2
1258849 40 47 2
1258993 40 12 0
1259086 40 12 2
1259570 40 1 0
1259570 40 1 0
1259636 40 1 2
1259643 40 1 2
1260091 40 46 0
1260091 40 46 0
1260158 40 46 2
1260166 40 46 2
1260198 40 47 0
1260198 40 47 0
1260272 40 47 2
1260282 40 47 2
1260426 40 12 0
1260514 40 12 2
1260998 40 1 0
1260998 40 1 0
1261065 40 1 2
1261073 40 1 2
1261505 40 8 0
1261505 40 8 0
1261555 40 8 2
1261612 40 8 2
1261628 40 46 0
1261628 40 46 0
1261696 40 46 2
1261704 40 46 2
1261736 40 47 0
1261736 40 47 0
1261810 40 47 2
1261820 40 47 2
1261964 40 12 0
1261964 40 12 0
1262046 40 12 2
1262057 40 12 2
1262541 40 1 0
1262541 40 1 0
1262607 40 1 2
1262615 40 1 2
1263063 40 46 0
1263063 40 46 0
1263130 40 46 2
1263149 40 46 2
1263181 40 47 0
1263181 40 47 0
1263257 40 47 2
1263265 40 47 2
1263409 40 12 0
1263409 40 12 0
1263491 40 12 2
1263498 40 12 2
1263982 40 1 0
1263982 40 1 0
1264048 40 1 2
1264056 40 1 2
1264504 40 46 0
1264504 40 46 0
1264572 40 46 2
1264579 40 46 2
1264611 40 47 0
1264611 40 47 0
1264685 40 47 2
1264693 40 47 2
1264837 40 12 0
1264837 40 12 0
1264919 40 12 2
1264933 40 12 2
1265417 40 1 0
1265417 40 1 0
1265483 40 1 2
1265490 40 1 2
1265938 40 46 0
1265938 40 46 0
1266005 40 46 2
1266014 40 46 2
1266046 40 47 0
1266046 40 47 0
1266120 40 47 2
1266128 40 47 2
1266272 40 12 0
1266272 40 12 0
1266355 40 12 2
1266366 40 12 2
1266850 40 1 0
1266850 40 1 0
1266916 40 1 2
1266923 40 1 2
1267371 40 46 0
1267371 40 46 0
1267438 40 46 2
1267444 40 46 2
1267476 40 47 0
1267476 40 47 0
1267552 40 47 2
1267557 40 47 2
1267701 40 12 0
1267701 40 12 0
1267792 40 12 2
1267794 40 12 2
1268278 40 1 0
1268278 40 1 0
1268344 40 1 2
1268355 40 1 2
1268803 40 46 0
1268803 40 46 0
1268869 40 46 2
1268877 40 46 2
1268909 40 47 0
1268909 40 47 0
1268983 40 47 2
1268993 40 47 2
1269137 40 12 0
1269137 40 12 0
1269219 40 12 2
1269228 40 12 2
1269712 40 1 0
1269712 40 1 0
1269778 40 1 2
1269786 40 1 2
1270234 40 46 0
1270234 40 46 0
1270301 40 46 2
1270306 40 46 2
1270338 40 47 0
1270338 40 47 0
1270412 40 47 2
1270421 40 47 2
1270565 40 12 0
1270565 40 12 0
1270647 40 12 2
1270654 40 12 2
1271138 40 1 0
1271138 40 1 0
1271204 40 1 2
1271212 40 1 2
1271660 40 46 0
1271660 40 46 0
1271727 40 46 2
1271735 40 46 2
1271767 40 47 0
1271767 40 47 0
1271841 40 47 2
1271849 40 47 2
1271993 40 12 0
1271993 40 12 0
1272075 40 12 2
1272083 40 12 2
1272567 40 1 0
1272567 40 1 0
1272633 40 1 2
1272642 40 1 2
1273090 40 46 0
1273090 40 46 0
1273156 40 46 2
1273164 40 46 2
1273196 40 47 0
1273196 40 47 0
1273270 40 47 2
1273278 40 47 2
1273422 40 12 0
1273422 40 12 0
1273504 40 12 2
1273512 40 12 2
1273996 40 1 0
1273996 40 1 0
1274062 40 1 2
1274070 40 1 2
1274518 40 46 0
1274518 40 46 0
1274592 40 46 2
1274601 40 46 2
1274624 40 47 0
1274624 40 47 0
1274704 40 47 2
1274707 40 47 2
1274851 40 12 0
1274851 40 12 0
1274933 40 12 2
1274943 40 12 2
1275427 40 1 0
1275427 40 1 0
1275493 40 1 2
1275500 40 1 2
1275948 40 46 0
1275948 40 46 0
1276015 40 46 2
1276020 40 46 2
1276052 40 47 0
1276052 40 47 0
1276126 40 47 2
1276134 40 47 2
1276278 40 12 0
1276278 40 12 0
1276368 40 12 2
1276369 40 12 2
1276853 40 1 0
1276853 40 1 0
1276919 40 1 2
1276927 40 1 2
1277375 40 46 0
1277375 40 46 0
1277441 40 46 2
1277449 40 46 2
1277481 40 47 0
1277481 40 47 0
1277555 40 47 2
1277563 40 47 2
1277707 40 12 0
1277707 40 12 0
1277789 40 12 2
1277797 40 12 2
1278281 40 1 0
1278281 40 1 0
1278347 40 1 2
1278364 40 1 2
1278812 40 46 0
1278812 40 46 0
1278879 40 46 2
1278901 40 46 2
1278933 40 47 0
1278933 40 47 0
1279007 40 47 2
1279014 40 47 2
1279158 40 12 0
1279158 40 12 0
1279241 40 12 2
1279249 40 12 2
1279733 40 1 0
1279733 40 1 0
1279799 40 1 2
1279808 40 1 2
1280256 40 46 0
1280256 40 46 0
1280322 40 46 2
1280330 40 46 2
1280362 40 47 0
1280362 40 47 0
1280436 40 47 2
1280444 40 47 2
1280588 40 12 0
1280588 40 12 0
1280670 40 12 2
1280677 40 12 2
1281161 40 1 0
1281161 40 1 0
1281227 40 1 2
1281236 40 1 2
1281684 40 46 0
1281684 40 46 0
1281751 40 46 2
1281757 40 46 2
1281789 40 47 0
1281789 40 47 0
1281863 40 47 2
1281872 40 47 2
1282016 40 12 0
1282016 40 12 0
1282098 40 12 2
1282106 40 12 2
1282590 40 1 0
1282590 40 1 0
1282657 40 1 2
1282665 40 1 2
1283113 40 46 0
1283113 40 46 0
1283179 40 46 2
1283189 40 46 2
1283221 40 47 0
1283221 40 47 0
1283296 40 47 2
1283307 40 47 2
1283451 40 12 0
1283451 40 12 0
1283535 40 12 2
1283543 40 12 2
1284027 40 1 0
1284027 40 1 0
1284093 40 1 2
1284101 40 1 2
1284549 40 46 0
1284549 40 46 0
1284616 40 46 2
1284625 40 46 2
1284657 40 47 0
1284657 40 47 0
1284731 40 47 2
1284739 40 47 2
1284883 40 12 0
1284883 40 12 0
1284965 40 12 2
1284974 40 12 2
1285458 40 1 0
1285458 40 1 0
1285524 40 1 2
1285532 40 1 2
1285980 40 46 0
1285980 40 46 0
1286046 40 46 2
1286054 40 46 2
1286086 40 47 0
1286086 40 47 0
1286160 40 47 2
1286168 40 47 2
1286312 40 12 0
1286312 40 12 0
1286394 40 12 2
1286403 40 12 2
1286887 40 1 0
1286887 40 1 0
1286954 40 1 2
1286964 40 1 2
1287412 40 46 0
1287412 40 46 0
1287479 40 46 2
1287487 40 46 2
1287519 40 47 0
1287519 40 47 0
1287593 40 47 2
1287601 40 47 2
1287745 40 12 0
1287745 40 12 0
1287827 40 12 2
1287835 40 12 2
1288319 40 1 0
1288319 40 1 0
1288385 40 1 2
1288393 40 1 2
1288841 40 46 0
1288841 40 46 0
1288909 40 46 2
1288922 40 46 2
1288954 40 47 0
1288954 40 47 0
1289031 40 47 2
1289039 40 47 2
1289183 40 12 0
1289183 40 12 0
1289266 40 12 2
1289274 40 12 2
1289758 40 1 0
1289758 40 1 0
1289824 40 1 2
1289832 40 1 2
1290280 40 46 0
1290280 40 46 0
1290356 40 46 2
1290357 40 46 2
1290388 40 47 0
1290388 40 47 0
1290462 40 47 2
1290470 40 47 2
1290614 40 12 0
1290614 40 12 0
1290698 40 12 2
1290706 40 12 2
1291190 40 1 0
1291190 40 1 0
1291264 40 1 2
1291268 40 1 2
1291712 40 46 0
1291712 40 46 0
1291792 40 46 2
1291804 40 46 2
1291836 40 47 0
1291836 40 47 0
1291910 40 47 2
1291920 40 47 2
1292064 40 12 0
1292064 40 12 0
1292146 40 12 2
1292157 40 12 2
1292641 40 1 0
1292641 40 1 0
1292707 40 1 2
1292715 40 1 2
1293163 40 46 0
1293163 40 46 0
1293230 40 46 2
1293235 40 46 2
1293267 40 47 0
1293267 40 47 0
1293341 40 47 2
1293350 40 47 2
1293494 40 12 0
1293494 40 12 0
1293577 40 12 2
1293585 40 12 2
1294069 40 1 0
1294069 40 1 0
1294135 40 1 2
1294142 40 1 2
1294590 40 46 0
1294590 40 46 0
1294665 40 46 2
1294671 40 46 2
1294703 40 47 0
1294703 40 47 0
1294777 40 47 2
1294785 40 47 2
1294929 40 12 0
1294929 40 12 0
1295012 40 12 2
1295020 40 12 2
1295504 40 1 0
1295504 40 1 0
1295570 40 1 2
1295577 40 1 2
1296009 40 11 0
1296009 40 11 0
1296083 40 11 2
1296108 40 11 2
1296124 40 46 0
1296124 40 46 0
1296210 40 46 2
1296228 40 46 2
1296260 40 47 0
1296260 40 47 0
1296335 40 47 2
1296343 40 47 2
1296487 40 12 0
1296487 40 12 0
1296569 40 12 2
1296577 40 12 2
1297061 40 1 0
1297061 40 1 0
1297127 40 1 2
1297135 40 1 2
1297583 40 46 0
1297583 40 46 0
1297649 40 46 2
1297657 40 46 2
1297689 40 47 0
1297689 40 47 0
1297764 40 47 2
1297774 40 47 2
1297918 40 12 0
1297918 40 12 0
1298000 40 12 2
1298010 40 12 2
1298494 40 1 0
1298494 40 1 0
1298561 40 1 2
1298566 40 1 2
1299014 40 46 0
1299014 40 46 0
1299080 40 46 2
1299090 40 46 2
1299122 40 47 0
1299122 40 47 0
1299196 40 47 2
1299211 40 47 2
1299355 40 12 0
1299355 40 12 0
1299437 40 12 2
1299444 40 12 2
1299928 40 1 0
1299928 40 1 0
1299994 40 1 2
1300012 40 1 2
1300460 40 46 0
1300460 40 46 0
1300526 40 46 2
1300533 40 46 2
1300565 40 47 0
1300565 40 47 0
1300644 40 47 2
1300647 40 47 2
1300791 40 12 0
1300791 40 12 0
1300873 40 12 2
1300881 40 12 2
1301180 40 34 2
1301365 40 1 0
1301365 40 1 0
1301432 40 1 2
1301455 40 1 2
1301903 40 46 0
1301903 40 46 0
1301971 40 46 2
1301989 40 46 2
1302021 40 47 0
1302021 40 47 0
1302095 40 47 2
1302106 40 47 2
1302250 40 12 0
1302250 40 12 0
1302332 40 12 2
1302346 40 12 2
1302830 40 1 0
1302830 40 1 0
1302896 40 1 2
1302945 40 1 2
1303393 40 46 0
1303393 40 46 0
1303459 40 46 2
1303467 40 46 2
1303499 40 47 0
1303499 40 47 0
1303573 40 47 2
1303584 40 47 2
1303728 40 12 0
1303728 40 12 0
1303810 40 12 2
1303817 40 12 2
1304301 40 1 0
1304373 40 1 2
1304821 40 46 0
1304821 40 46 0
1304887 40 46 2
1304895 40 46 2
1304927 40 47 0
1304927 40 47 0
1305001 40 47 2
1305009 40 47 2
1305153 40 12 0
1305153 40 12 0
1305235 40 12 2
1305276 40 12 2
1305760 40 1 0
1305760 40 1 0
1305826 40 1 2
1305834 40 1 2
1306282 40 46 0
1306282 40 46 0
1306349 40 46 2
1306357 40 46 2
1306389 40 47 0
1306389 40 47 0
1306463 40 47 2
1306471 40 47 2
1306615 40 12 0
1306615 40 12 0
1306698 40 12 2
1306706 40 12 2
1307310 40 1 0
1307310 40 1 0
1307376 40 1 2
1307388 40 1 2
1307676 40 62 0
1307676 40 62 0
1307758 40 62 2
1307776 40 62 2
1307784 40 12 0
1307784 40 12 0
1307866 40 12 2
1307874 40 12 2
1307934 40 29 0
1308210 40 29 2
1308250 40 30 0
1308574 40 30 2
1308618 40 17 0
1308900 40 17 2
1308956 40 18 0
1309240 40 18 2
1309264 40 24 0
1309484 40 24 2
1309572 40 25 0
1309850 40 25 2
1309970 40 3 0
1310304 40 3 2
1310356 40 26 0
1310622 40 26 2
1310634 40 2 0
1310837 40 2 2
1310849 40 28 0
1311137 40 28 2
1311177 40 19 0
1311476 40 19 2
1311484 40 12 0
1311484 40 12 0
1311567 40 12 2
1311572 40 12 2
1311580 40 56 0
1311840 40 56 2
1311848 40 52 0
1311962 40 52 2
1312042 40 19 0
1312346 40 19 2
1312382 40 21 0
1312660 40 21 2
1312692 40 22 0
1313032 40 22 2
1313388 40 61 0
1313388 40 61 0
1313462 40 61 2
1313470 40 61 2
1314006 40 1 0
1314006 40 1 0
1314072 40 1 2
1314113 40 1 2
1314197 40 58 0
1314197 40 58 0
1314247 40 58 2
1314288 40 58 2
1314368 40 59 0
1314368 40 59 0
1314426 40 59 2
1314459 40 59 2
1322352 40 2 0
1322353 40 2 2
1341634 40 2 0
1341635 40 0 1
1341833 40 2 2
1341915 40 0 2
1364974 40 2 0
1364975 40 0 1
1365173 40 2 2
1365255 40 0 2
1378924 40 3 2
1383178 40 3 2
1393544 40 2 0
1393545 40 0 1
1393743 40 2 2
1393825 40 0 2
1416894 40 2 0
1416895 40 0 1
1417093 40 2 2
1417175 40 0 2
1424459 40 3 0
1424460 40 3 2
1424959 40 3 0
1424960 40 3 2
1442271 40 2 2
1459376 40 2 2
1460002 40 2 0
1460003 40 2 2
1461313 40 2 0
1461314 40 2 2
1461762 40 2 2
1461953 40 2 2
1479253 40 2 0
1479254 40 2 2
1504726 40 40 0
1504726 40 40 0
1504735 40 40 0
1504736 40 2 0
1504736 40 40 2
1504744 40 40 2
1504818 40 40 2
1505086 40 55 0
1505224 40 55 2
1505280 40 19 0
1505570 40 19 2
1505626 40 56 0
1505626 40 56 0
1505660 40 56 2
1505727 40 56 2
1505791 40 57 0
1505791 40 57 0
1505833 40 57 2
1505900 40 57 2
1505924 40 28 2
1505960 40 19 0
1506753 40 19 2
1506820 40 24 2
1506825 40 19 0
1510357 40 19 2
1510856 40 36 2
1510861 40 19 0
1512077 40 19 2
1512309 40 44 2
1512317 40 19 0
1520349 40 19 2
1520425 40 46 2
1520433 40 19 0
1527722 40 19 2
1527932 40 60 2
1527938 40 19 0
1528583 40 19 2
1529557 40 47 2
1529567 40 19 0
1533837 40 19 2
2068887 40 5 0
2068888 40 0 0
2070104 40 2 0
2070105 40 0 0
2070912 40 5 2
2071062 40 5 2
2071200 40 1 2
2071208 40 5 2
2071346 40 1 2
2071358 40 5 2
2071474 40 1 2
2071476 40 5 2
2071493 40 0 2
2071594 40 1 2
2071633 40 8 2
2071639 40 0 2
2071714 40 4 2
2071725 40 5 2
2071759 40 0 2
2071772 40 8 2
2071833 40 6 2
2071869 40 0 2
2071870 40 5 2
2071875 40 1 2
2071882 40 8 2
2071900 40 4 2
2071983 40 8 2
2072004 40 1 2
2072007 40 5 2
2072039 40 6 2
2072042 40 4 2
2072132 40 1 2
2072146 40 5 2
2072153 40 4 2
2072161 40 0 2
2072197 40 6 2
2072268 40 1 2
2072279 40 8 2
2072283 40 0 2
2072323 40 6 2
2072392 40 8 2
2072400 40 0 2
2072409 40 4 2
2072498 40 0 2
2072502 40 8 2
2072547 40 4 2
2072591 40 8 2
2072596 40 6 2
2072673 40 4 2
2072749 40 6 2
2072803 40 4 2
2072891 40 6 2
2073037 40 6 2
2073163 40 2 0
2073164 40 0 0
2073268 40 2 2
2073414 40 2 2
2073541 40 2 2
2073651 40 2 2
2073925 40 2 2
2074063 40 2 2
2074257 40 2 2
2076331 40 1 2
2076493 40 1 2
2076514 40 5 2
2076619 40 1 2
2076663 40 0 2
2076676 40 5 2
2076765 40 1 2
2076815 40 8 2
2076825 40 0 2
2076834 40 5 2
2076911 40 1 2
2076951 40 0 2
2076962 40 4 2
2076969 40 8 2
2077004 40 5 2
2077061 40 1 2
2077086 40 8 2
2077123 40 4 2
2077128 40 0 2
2077166 40 5 2
2077215 40 1 2
2077224 40 8 2
2077274 40 4 2
2077280 40 6 2
2077284 40 0 2
2077316 40 5 2
2077392 40 8 2
2077436 40 0 2
2077437 40 4 2
2077444 40 6 2
2077470 40 5 2
2077564 40 8 2
2077591 40 4 2
2077597 40 0 2
2077610 40 6 2
2077730 40 8 2
2077741 40 4 2
2077787 40 6 2
2077894 40 4 2
2077957 40 6 2
2078115 40 6 2
2078269 40 6 2
2079642 40 0 2
2082182 40 2 2
2082345 40 2 2
2082480 40 2 2
2082627 40 2 2
2082774 40 2 2
2082925 40 2 2
2083080 40 2 2
2084227 40 2 0
2084228 40 2 2
3050256 40 0 2
3050442 40 0 2
3050890 40 0 2
