0 5 51 0
3980 5 51 2
3984 5 22 0
4857 5 7 1
5030 5 2 2
5079 5 7 2
5210 5 22 2
5222 5 1 0
5988 5 1 2
6008 5 24 0
6200 5 24 2
14701 5 7 1
14900 5 0 2
14965 5 7 2
15537 5 7 1
15710 5 0 2
15775 5 7 2
41963 5 7 1
42140 5 2 2
42189 5 7 2
50757 5 7 1
50931 5 2 2
50981 5 7 2
79497 5 7 1
79670 5 2 2
79719 5 7 2
94000 5 7 1
94170 5 2 2
94219 5 7 2
96765 5 7 1
96940 5 2 2
96989 5 7 2
113521 5 4 0
114109 5 7 1
114280 5 4 2
114313 5 7 2
114319 5 4 0
114394 5 4 2
114405 5 4 0
114446 5 44 0
114470 5 4 0
114569 5 4 0
114695 5 4 0
114797 5 4 0
114915 5 4 0
115017 5 4 0
115130 5 4 0
115238 5 4 0
115319 5 44 2
115331 5 5 0
115340 5 4 0
115372 5 5 2
115384 5 45 0
115473 5 4 0
115586 5 4 0
115639 5 2 0
115640 5 7 1
115673 5 4 0
115808 5 45 2
115810 5 2 2
115811 5 4 0
115858 5 7 2
115876 5 24 0
115899 5 4 0
116018 5 4 0
116064 5 24 2
116096 5 25 0
116119 5 4 0
116238 5 4 0
116255 5 25 2
116263 5 26 0
116355 5 4 0
116370 5 26 2
116410 5 27 0
116440 5 4 0
116521 5 4 0
116604 5 27 2
116624 5 33 0
116639 5 4 0
116707 5 4 0
116819 5 4 0
116949 5 4 0
117052 5 33 2
117072 5 35 0
117079 5 4 0
117135 5 4 0
117243 5 4 0
117254 5 35 2
117262 5 41 0
117357 5 4 0
117465 5 4 0
117576 5 4 0
117695 5 4 0
117790 5 41 2
117806 5 42 0
117808 5 4 0
117905 5 4 0
118023 5 4 0
118117 5 42 2
118140 5 4 0
118149 5 1 0
118226 5 4 0
118234 5 1 2
118270 5 36 0
118353 5 4 0
118375 5 36 2
118387 5 43 0
118455 5 4 0
118581 5 4 0
118703 5 4 0
118734 5 43 2
118750 5 17 0
118821 5 4 0
118832 5 17 2
118924 5 27 0
118926 5 4 0
119034 5 4 0
119061 5 27 2
119065 5 37 0
119144 5 4 0
119258 5 4 0
119358 5 4 0
119360 5 37 2
119372 5 17 0
119471 5 4 0
119565 5 4 0
119571 5 17 2
119579 5 15 0
119668 5 4 0
119805 5 4 0
119808 5 15 2
119848 5 16 0
119927 5 4 0
120025 5 4 0
120070 5 16 2
120110 5 18 0
120147 5 4 0
120286 5 4 0
120365 5 4 0
120423 5 18 2
120447 5 61 0
120465 5 4 0
120567 5 4 0
120683 5 61 2
120695 5 54 0
120695 5 4 0
120812 5 4 0
120828 5 54 2
120848 5 7 0
120923 5 7 2
120931 5 19 0
121007 5 19 2
121011 5 35 0
121013 5 4 0
121302 5 35 2
121318 5 53 0
121452 5 53 2
121492 5 33 0
121599 5 33 2
121611 5 36 0
121749 5 36 2
121769 5 40 0
122079 5 40 2
122103 5 37 0
122210 5 37 2
122314 5 38 0
122558 5 38 2
122562 5 30 0
122861 5 30 2
122885 5 8 0
123029 5 8 2
123037 5 29 0
123135 5 29 2
123175 5 0 0
123259 5 0 2
123271 5 38 0
124283 5 38 2
124299 5 39 0
124523 5 39 2
124527 5 39 0
124798 5 39 2
124854 5 36 0
124963 5 36 2
124995 5 38 0
125231 5 38 2
125247 5 51 0
125822 5 51 2
125878 5 37 0
126159 5 37 2
126167 5 52 0
126651 5 52 2
126687 5 45 0
127016 5 45 2
127036 5 53 0
127336 5 53 2
127360 5 54 0
127747 5 54 2
127763 5 11 0
128122 5 11 2
128134 5 56 0
128353 5 56 2
128357 5 12 0
128599 5 12 2
128607 5 57 0
128712 5 7 1
128900 5 44 2
128975 5 7 2
129132 5 57 2
129136 5 2 0
129413 5 2 2
129465 5 37 0
129593 5 37 2
129609 5 40 0
129991 5 40 2
130047 5 58 0
130685 5 58 2
130745 5 35 0
130887 5 35 2
130891 5 50 0
131202 5 50 2
131222 5 62 0
131723 5 62 2
131751 5 38 0
132133 5 38 2
132205 5 63 0
132372 5 63 2
132412 5 12 0
132688 5 12 2
132712 5 2 0
132789 5 2 2
132813 5 13 0
133054 5 13 2
133150 5 3 0
133226 5 3 2
133266 5 23 0
133482 5 23 2
133498 5 24 0
133604 5 24 2
133712 5 40 0
134018 5 40 2
134026 5 25 0
134155 5 7 1
134224 5 25 2
134252 5 26 0
134330 5 0 2
134366 5 26 2
134395 5 7 2
134399 5 0 0
134446 5 0 0
134524 5 0 0
134530 5 0 2
134538 5 3 0
134645 5 0 0
134685 5 3 2
134728 5 0 0
134729 5 4 0
134828 5 0 0
134915 5 0 0
134986 5 4 2
135019 5 0 0
135082 5 5 0
135117 5 0 0
135207 5 0 0
135301 5 0 0
135374 5 5 2
135385 5 0 0
135414 5 15 0
135719 5 0 0
135875 5 0 0
135936 5 15 2
135944 5 14 0
135985 5 0 0
136085 5 0 0
136196 5 0 0
136271 5 14 2
136283 5 50 0
136315 5 0 0
136400 5 0 0
136843 5 0 0
136993 5 0 0
137061 5 7 1
137128 5 0 0
137219 5 0 0
137239 5 50 2
137240 5 0 2
137267 5 6 0
137306 5 7 2
137312 5 0 0
137324 5 0 0
137410 5 6 2
137430 5 4 0
137432 5 0 0
137470 5 0 0
137572 5 0 0
137578 5 0 0
137588 5 4 2
137596 5 8 0
137673 5 0 0
137689 5 0 0
137729 5 8 2
137733 5 47 0
137794 5 0 0
137801 5 0 0
137885 5 0 0
137896 5 0 0
137969 5 0 0
138042 5 7 1
138062 5 0 0
138083 5 0 0
138174 5 0 0
138186 5 0 0
138220 5 34 2
138255 5 0 0
138301 5 7 2
138389 5 0 0
138405 5 0 0
138577 5 0 0
138743 5 0 0
138745 5 0 0
138834 5 47 2
138839 5 0 0
138842 5 49 0
138878 5 0 0
138996 5 49 2
139012 5 11 0
139087 5 0 0
139097 5 11 2
139133 5 5 0
139196 5 0 0
139239 5 0 0
139379 5 0 0
139489 5 0 0
139489 5 0 0
139612 5 0 0
139640 5 0 0
139689 5 5 2
139699 5 0 0
139713 5 37 0
139783 5 0 0
139883 5 0 0
139889 5 0 0
139937 5 2 0
139960 5 7 1
139980 5 37 2
140014 5 0 0
140042 5 0 0
140044 5 4 0
140140 5 0 0
140142 5 4 2
140146 5 1 0
140150 5 2 2
140188 5 0 0
140199 5 7 2
140222 5 1 2
140241 5 0 0
140250 5 27 0
140295 5 0 0
140331 5 27 2
140339 5 2 0
140377 5 0 0
140475 5 2 2
140487 5 11 0
140508 5 0 0
140515 5 0 0
140658 5 0 0
140660 5 0 0
140807 5 11 2
140815 5 7 0
140833 5 0 0
140970 5 0 0
141031 5 0 0
141096 5 0 0
141176 5 0 0
141285 5 0 0
141365 5 0 0
141410 5 0 0
141531 5 0 0
141557 5 0 0
141723 5 0 0
141734 5 7 2
141754 5 3 0
141818 5 0 0
141911 5 0 0
141911 5 0 0
141929 5 3 2
142037 5 6 0
142040 5 0 0
142049 5 0 0
142178 5 0 0
142202 5 0 0
142278 5 0 0
142359 5 6 2
142379 5 9 0
142401 5 0 0
142487 5 0 0
142489 5 9 2
142508 5 0 0
142619 5 0 0
142661 5 8 0
142730 5 0 0
142739 5 0 0
142888 5 0 0
142894 5 0 0
143035 5 0 0
143040 5 0 0
143157 5 0 0
143184 5 8 2
143196 5 11 0
143266 5 0 0
143298 5 0 0
143405 5 0 0
143437 5 11 2
143445 5 0 0
143457 5 12 0
143524 5 0 0
143612 5 12 2
143636 5 16 0
143742 5 0 0
143767 5 0 0
143888 5 0 0
143913 5 16 2
143921 5 13 0
144015 5 0 0
144164 5 0 0
144300 5 0 0
144301 5 13 2
144349 5 2 0
144409 5 0 0
144425 5 2 2
144461 5 14 0
144541 5 0 0
144681 5 0 0
144824 5 0 0
144951 5 0 0
145095 5 0 0
145109 5 14 2
145113 5 17 0
145194 5 0 0
145333 5 0 0
145406 5 17 2
145414 5 15 0
145472 5 0 0
145519 5 15 2
145539 5 18 0
145690 5 0 0
145809 5 0 0
145823 5 18 2
145847 5 4 0
145952 5 4 2
145977 5 0 0
145992 5 40 0
146085 5 0 0
146189 5 40 2
146193 5 38 0
146193 5 38 0
146251 5 38 2
147221 5 38 2
147229 5 27 0
147333 5 27 2
147353 5 35 0
147599 5 35 2
147655 5 28 0
147765 5 28 2
147833 5 3 0
147926 5 3 2
147930 5 46 0
148373 5 46 2
148393 5 4 0
148509 5 4 2
148541 5 0 0
148626 5 0 2
148630 5 29 0
148885 5 29 2
149029 5 47 0
149285 5 47 2
149357 5 30 0
149530 5 30 2
149882 5 31 0
149906 5 4 0
150175 5 31 2
150179 5 44 0
150307 5 7 1
150383 5 44 2
150391 5 43 0
150480 5 19 2
150538 5 7 2
150825 5 43 2
150957 5 32 0
151089 5 32 2
151413 5 33 0
151535 5 33 2
151583 5 33 0
151764 5 33 2
151772 5 27 0
152544 5 27 2
152648 5 54 0
153612 5 0 0
153613 5 7 1
153790 5 0 2
153866 5 7 2
154323 5 54 2
154335 5 28 0
154476 5 0 0
154569 5 28 2
154585 5 46 0
154666 5 0 0
154881 5 46 2
154889 5 56 0
154935 5 0 0
155036 5 0 0
155064 5 56 2
155080 5 47 0
155262 5 0 0
155273 5 7 1
155336 5 47 2
155373 5 0 0
155436 5 41 0
155450 5 37 2
155499 5 0 0
155507 5 7 2
155572 5 41 2
155599 5 7 1
155620 5 61 0
155714 5 0 0
155770 5 1 2
155827 5 7 2
155940 5 61 2
155944 5 39 0
156024 5 0 0
156118 5 39 2
156130 5 7 0
156187 5 0 0
156301 5 0 0
156337 5 7 2
156397 5 8 0
156423 5 0 0
156538 5 0 0
156588 5 8 2
156620 5 63 0
156700 5 0 0
156834 5 0 0
156938 5 63 2
157045 5 0 0
157046 5 0 0
157136 5 0 2
157164 5 57 0
157293 5 57 2
157313 5 0 0
157361 5 58 0
157468 5 0 0
157572 5 0 0
157588 5 58 2
157672 5 46 0
157672 5 46 0
157686 5 0 0
157738 5 46 2
157803 5 0 0
157900 5 46 2
157912 5 59 0
158014 5 0 0
158050 5 59 2
158082 5 32 0
158188 5 32 2
158196 5 50 0
158229 5 0 0
158331 5 50 2
158363 5 0 0
158407 5 60 0
158461 5 0 0
158509 5 7 1
158582 5 0 0
158598 5 60 2
158606 5 62 0
158680 5 55 2
158765 5 62 2
158769 5 3 0
158769 5 7 2
158799 5 0 0
158871 5 3 2
158883 5 5 0
159170 5 0 0
159282 5 0 0
159363 5 5 2
159381 5 0 0
159391 5 17 0
159491 5 17 2
159511 5 6 0
159633 5 6 2
159725 5 11 0
159747 5 0 0
159899 5 0 0
160024 5 0 0
160102 5 11 2
160110 5 10 0
160175 5 10 2
160195 5 11 0
160278 5 0 0
160367 5 0 0
160421 5 0 0
160597 5 11 2
160605 5 6 0
160733 5 0 0
160827 5 6 2
160863 5 36 0
160890 5 0 0
161012 5 0 0
161162 5 36 2
161222 5 12 0
161372 5 0 0
161382 5 12 2
161390 5 0 0
161481 5 0 2
161605 5 15 0
161605 5 15 0
161651 5 0 0
161657 5 15 2
161780 5 15 2
161838 5 0 0
161900 5 7 0
161925 5 0 0
161982 5 0 0
162026 5 7 2
162042 5 0 0
162118 5 0 0
162266 5 0 2
162322 5 0 0
162414 5 9 0
162484 5 0 0
162506 5 9 2
162538 5 8 0
162629 5 8 2
162657 5 51 0
162870 5 0 0
162942 5 51 2
163005 5 0 0
163050 5 14 0
163146 5 0 0
163199 5 14 2
163278 5 0 0
163376 5 0 0
163478 5 0 0
163495 5 31 0
163790 5 0 0
163912 5 0 0
164038 5 31 2
164082 5 35 0
164123 5 0 0
164305 5 0 0
164424 5 35 2
164440 5 0 0
164484 5 32 0
164599 5 32 2
164655 5 46 0
164655 5 46 0
164664 5 0 0
164721 5 46 2
164729 5 46 2
164773 5 33 0
164860 5 0 0
164902 5 33 2
164952 5 0 0
164994 5 34 0
165099 5 34 2
165131 5 1 0
165133 5 0 0
165280 5 0 0
165405 5 0 0
165409 5 1 2
165453 5 32 0
165563 5 32 2
165571 5 35 0
165677 5 35 2
165681 5 60 0
165996 5 60 2
166012 5 61 0
166405 5 61 2
166465 5 48 0
166602 5 48 2
166642 5 49 0
166766 5 49 2
166802 5 36 0
166802 5 36 0
166860 5 36 2
166910 5 36 2
166974 5 37 0
166974 5 37 0
167024 5 37 2
167082 5 37 2
167130 5 58 0
167349 5 58 2
167361 5 31 0
167638 5 31 2
167650 5 30 0
168013 5 30 2
168021 5 59 0
168203 5 59 2
168255 5 34 0
168545 5 34 2
168585 5 0 0
168585 5 0 0
168643 5 0 2
168835 5 0 2
168843 5 33 0
169172 5 33 2
169188 5 60 0
170229 5 60 2
170249 5 32 0
170540 5 32 2
170616 5 61 0
170771 5 61 2
170895 5 62 0
171142 5 62 2
171230 5 12 0
171334 5 12 2
171346 5 39 0
171507 5 39 2
171519 5 13 0
171610 5 13 2
171614 5 48 0
171780 5 48 2
171792 5 59 0
171988 5 59 2
172016 5 54 0
172016 5 54 0
172090 5 54 2
172293 5 54 2
172333 5 55 0
173028 5 55 2
173052 5 56 0
173126 5 7 1
173199 5 56 2
173227 5 57 0
173320 5 0 2
173366 5 57 2
173392 5 7 2
173394 5 0 0
173430 5 58 0
173498 5 0 0
173646 5 58 2
173653 5 0 0
173682 5 49 0
173733 5 0 0
173816 5 0 0
173817 5 49 2
173857 5 63 0
174049 5 0 0
174199 5 0 0
174316 5 0 0
174411 5 0 0
174513 5 0 0
174609 5 0 0
174748 5 0 0
174832 5 0 0
174969 5 0 0
175089 5 0 0
175122 5 63 2
175170 5 15 0
175227 5 4 2
175240 5 0 0
175281 5 15 2
175297 5 44 0
175349 5 0 0
175444 5 44 2
175464 5 45 0
175515 5 0 0
175649 5 0 0
175649 5 45 2
175747 5 0 0
175765 5 4 2
175850 5 0 0
175897 5 0 0
175960 5 0 0
175988 5 0 2
176080 5 1 0
176082 5 0 0
176162 5 1 2
176195 5 0 0
176262 5 2 0
176294 5 0 0
176336 5 2 2
176356 5 41 0
176383 5 0 0
176484 5 0 0
176491 5 41 2
176529 5 4 2
176559 5 47 0
176574 5 0 0
176657 5 47 2
176661 5 3 0
176723 5 4 2
176747 5 0 0
176757 5 0 0
176775 5 3 2
176783 5 12 0
176832 5 12 2
176957 5 0 0
177084 5 5 0
177089 5 0 0
177213 5 0 0
177277 5 5 2
177292 5 0 0
177325 5 6 0
177500 5 6 2
177504 5 0 0
177588 5 7 0
177622 5 0 0
177774 5 0 0
177888 5 7 1
178031 5 7 2
178042 5 0 0
178060 5 0 2
178126 5 7 2
178139 5 8 0
178179 5 0 0
178221 5 8 2
178277 5 1 0
178277 5 1 0
178321 5 0 0
178327 5 1 2
178352 5 1 2
178433 5 0 0
178512 5 0 0
178586 5 0 0
178683 5 0 0
178800 5 46 0
178890 5 46 2
178898 5 4 0
178979 5 4 2
179003 5 47 0
179101 5 47 2
179205 5 0 0
179245 5 12 0
179294 5 12 2
179343 5 0 0
179475 5 0 0
179615 5 0 0
179658 5 10 0
179759 5 0 0
179766 5 10 2
179886 5 1 0
179906 5 0 0
179941 5 0 0
179968 5 1 2
180107 5 0 0
180249 5 0 0
180378 5 0 0
180416 5 46 0
180416 5 46 0
180482 5 46 2
180483 5 0 0
180506 5 46 2
180538 5 47 0
180538 5 47 0
180607 5 0 0
180612 5 47 2
180638 5 47 2
180732 5 0 0
180782 5 12 0
180832 5 12 2
180869 5 0 0
180912 5 0 0
181143 5 0 0
181281 5 0 0
181316 5 1 0
181316 5 1 0
181374 5 1 2
181394 5 0 0
181407 5 1 2
181500 5 0 0
181539 5 3 2
181580 5 0 0
181617 5 0 0
181762 5 0 0
181806 5 8 0
181888 5 8 2
181904 5 46 0
181994 5 46 2
182026 5 47 0
182026 5 47 0
182087 5 3 2
182100 5 47 2
182118 5 47 2
182262 5 12 0
182328 5 12 2
182812 5 1 0
182812 5 1 0
182862 5 1 2
182870 5 1 2
183318 5 46 0
183318 5 46 0
183384 5 46 2
183391 5 46 2
183423 5 47 0
183423 5 47 0
183497 5 47 2
183505 5 47 2
183649 5 12 0
183649 5 12 0
183683 5 12 2
183690 5 12 2
184174 5 1 0
184174 5 1 0
184224 5 1 2
184239 5 1 2
184687 5 46 0
184687 5 46 0
184753 5 46 2
184774 5 46 2
184806 5 47 0
184806 5 47 0
184880 5 47 2
184887 5 47 2
185031 5 12 0
185031 5 12 0
185065 5 12 2
185074 5 12 2
185405 5 7 1
185558 5 1 0
185558 5 1 0
185581 5 2 2
185608 5 1 2
185617 5 1 2
185631 5 7 2
186065 5 46 0
186065 5 46 0
186131 5 46 2
186145 5 46 2
186177 5 47 0
186177 5 47 0
186251 5 47 2
186259 5 47 2
186274 5 0 0
186403 5 12 0
186403 5 12 0
186439 5 12 2
186446 5 12 2
186930 5 1 0
186930 5 1 0
186980 5 1 2
186988 5 1 2
187436 5 46 0
187436 5 46 0
187504 5 46 2
187513 5 46 2
187545 5 47 0
187545 5 47 0
187619 5 47 2
187627 5 47 2
187771 5 12 0
187771 5 12 0
187805 5 12 2
187814 5 12 2
187921 5 0 0
188298 5 1 0
188298 5 1 0
188348 5 1 2
188356 5 1 2
188804 5 46 0
188804 5 46 0
188870 5 46 2
188879 5 46 2
188911 5 47 0
188911 5 47 0
188987 5 47 2
188995 5 47 2
189139 5 12 0
189139 5 12 0
189173 5 12 2
189182 5 12 2
189666 5 1 0
189666 5 1 0
189716 5 1 2
189723 5 1 2
190024 5 0 0
190171 5 46 0
190171 5 46 0
190241 5 46 2
190254 5 46 2
190286 5 47 0
190286 5 47 0
190360 5 47 2
190368 5 47 2
190440 5 0 0
190512 5 12 0
190512 5 12 0
190556 5 12 2
190558 5 12 2
191042 5 1 0
191042 5 1 0
191092 5 1 2
191102 5 1 2
191550 5 46 0
191550 5 46 0
191600 5 0 0
191616 5 46 2
191623 5 46 2
191655 5 47 0
191655 5 47 0
191729 5 47 2
191737 5 47 2
191881 5 12 0
191881 5 12 0
191915 5 12 2
191923 5 12 2
192407 5 1 0
192407 5 1 0
192457 5 1 2
192465 5 1 2
192897 5 9 0
192979 5 9 2
192995 5 46 0
192995 5 46 0
193061 5 46 2
193070 5 46 2
193102 5 47 0
193102 5 47 0
193176 5 47 2
193184 5 47 2
193328 5 12 0
193328 5 12 0
193363 5 12 2
193372 5 12 2
193856 5 1 0
193856 5 1 0
193906 5 1 2
193914 5 1 2
194362 5 46 0
194362 5 46 0
194428 5 46 2
194436 5 46 2
194468 5 47 0
194468 5 47 0
194542 5 47 2
194550 5 47 2
194694 5 12 0
194694 5 12 0
194728 5 12 2
194736 5 12 2
194990 5 0 0
195220 5 1 0
195220 5 1 0
195270 5 1 2
195278 5 1 2
195723 5 0 0
195726 5 46 0
195726 5 46 0
195793 5 46 2
195801 5 46 2
195833 5 47 0
195833 5 47 0
195907 5 47 2
195918 5 47 2
196062 5 12 0
196062 5 12 0
196096 5 12 2
196104 5 12 2
196397 5 0 0
196588 5 1 0
196588 5 1 0
196638 5 1 2
196646 5 1 2
197094 5 46 0
197094 5 46 0
197160 5 46 2
197187 5 46 2
197219 5 47 0
197219 5 47 0
197293 5 47 2
197340 5 47 2
197484 5 12 0
197484 5 12 0
197518 5 12 2
197536 5 12 2
198020 5 1 0
198020 5 1 0
198071 5 1 2
198083 5 1 2
198531 5 46 0
198531 5 46 0
198597 5 46 2
198705 5 46 2
198737 5 47 0
198737 5 47 0
198814 5 47 2
198861 5 47 2
199005 5 12 0
199005 5 12 0
199039 5 12 2
199046 5 12 2
199530 5 1 0
199530 5 1 0
199580 5 1 2
199588 5 1 2
199813 5 0 0
199937 5 0 0
200036 5 46 0
200036 5 46 0
200102 5 46 2
200140 5 46 2
200172 5 47 0
200172 5 47 0
200248 5 47 2
200294 5 47 2
200438 5 12 0
200438 5 12 0
200472 5 12 2
200480 5 12 2
200616 5 0 0
200964 5 1 0
200964 5 1 0
201015 5 1 2
201020 5 1 2
201468 5 46 0
201468 5 46 0
201534 5 46 2
201573 5 46 2
201605 5 47 0
201605 5 47 0
201679 5 47 2
201726 5 47 2
201870 5 12 0
201870 5 12 0
201904 5 12 2
201914 5 12 2
202398 5 1 0
202398 5 1 0
202448 5 1 2
202460 5 1 2
202688 5 0 0
202908 5 46 0
202908 5 46 0
202913 5 0 0
202974 5 46 2
203003 5 46 2
203035 5 47 0
203035 5 47 0
203040 5 0 0
203109 5 47 2
203156 5 47 2
203300 5 12 0
203300 5 12 0
203334 5 12 2
203341 5 12 2
203825 5 1 0
203825 5 1 0
203876 5 1 2
203883 5 1 2
204315 5 10 0
204397 5 10 2
204413 5 46 0
204413 5 46 0
204479 5 46 2
204487 5 46 2
204519 5 47 0
204519 5 47 0
204593 5 47 2
204601 5 47 2
204745 5 12 0
204745 5 12 0
204779 5 12 2
204787 5 12 2
205271 5 1 0
205271 5 1 0
205321 5 1 2
205328 5 1 2
205385 5 0 0
205776 5 46 0
205776 5 46 0
205843 5 46 2
205870 5 46 2
205902 5 47 0
205902 5 47 0
205976 5 47 2
206041 5 47 2
206185 5 12 0
206185 5 12 0
206219 5 12 2
206226 5 12 2
206710 5 1 0
206710 5 1 0
206762 5 1 2
206774 5 1 2
207222 5 46 0
207222 5 46 0
207288 5 46 2
207335 5 46 2
207367 5 47 0
207367 5 47 0
207441 5 47 2
207509 5 47 2
207653 5 12 0
207653 5 12 0
207689 5 12 2
207699 5 12 2
208183 5 1 0
208183 5 1 0
208233 5 1 2
208242 5 1 2
208404 5 0 0
208544 5 0 0
208690 5 46 0
208690 5 46 0
208756 5 46 2
208804 5 46 2
208813 5 7 1
208814 5 2 0
208836 5 47 0
208836 5 47 0
208913 5 47 2
208918 5 47 2
208991 5 2 2
209041 5 7 2
209062 5 12 0
209062 5 12 0
209096 5 12 2
209108 5 12 2
209592 5 1 0
209592 5 1 0
209642 5 1 2
209649 5 1 2
209734 5 0 0
210097 5 46 0
210097 5 46 0
210163 5 46 2
210173 5 46 2
210205 5 47 0
210205 5 47 0
210279 5 47 2
210287 5 47 2
210431 5 12 0
210431 5 12 0
210482 5 12 2
210485 5 12 2
210966 5 1 0
210966 5 1 0
211016 5 1 2
211023 5 1 2
211177 5 0 0
211471 5 46 0
211471 5 46 0
211537 5 46 2
211545 5 46 2
211577 5 47 0
211577 5 47 0
211652 5 47 2
211660 5 47 2
211804 5 12 0
211804 5 12 0
211838 5 12 2
211845 5 12 2
212329 5 1 0
212329 5 1 0
212379 5 1 2
212389 5 1 2
212837 5 46 0
212837 5 46 0
212904 5 46 2
212911 5 46 2
212943 5 47 0
212943 5 47 0
213018 5 47 2
213025 5 47 2
213169 5 12 0
213169 5 12 0
213203 5 12 2
213216 5 12 2
213700 5 1 0
213700 5 1 0
213750 5 1 2
213758 5 1 2
214143 5 0 0
214206 5 46 0
214206 5 46 0
214274 5 46 2
214287 5 46 2
214319 5 47 0
214319 5 47 0
214393 5 47 2
214400 5 47 2
214544 5 12 0
214544 5 12 0
214578 5 12 2
214588 5 12 2
214944 5 0 0
215064 5 0 0
215072 5 1 0
215072 5 1 0
215124 5 1 2
215133 5 1 2
215565 5 11 0
215647 5 11 2
215663 5 46 0
215663 5 46 0
215729 5 46 2
215737 5 0 0
215745 5 46 2
215777 5 47 0
215777 5 47 0
215851 5 47 2
215860 5 47 2
216004 5 12 0
216004 5 12 0
216038 5 12 2
216046 5 12 2
216530 5 1 0
216530 5 1 0
216582 5 1 2
216594 5 1 2
217042 5 46 0
217042 5 46 0
217109 5 46 2
217121 5 46 2
217153 5 47 0
217153 5 47 0
217228 5 47 2
217239 5 47 2
217383 5 12 0
217383 5 12 0
217418 5 12 2
217423 5 12 2
217712 5 0 0
217907 5 1 0
217907 5 1 0
217957 5 1 2
217968 5 1 2
218416 5 46 0
218416 5 46 0
218482 5 46 2
218496 5 46 2
218528 5 47 0
218528 5 47 0
218602 5 47 2
218623 5 47 2
218767 5 12 0
218767 5 12 0
218805 5 12 2
218813 5 12 2
219297 5 1 0
219297 5 1 0
219348 5 1 2
219362 5 1 2
219810 5 46 0
219810 5 46 0
219876 5 46 2
219894 5 46 2
219926 5 47 0
219926 5 47 0
220000 5 47 2
220008 5 47 2
220013 5 0 0
220131 5 0 0
220152 5 12 0
220152 5 12 0
220187 5 12 2
220193 5 12 2
220677 5 1 0
220677 5 1 0
220728 5 1 2
220735 5 1 2
221183 5 46 0
221183 5 46 0
221252 5 46 2
221272 5 46 2
221304 5 47 0
221304 5 47 0
221380 5 47 2
221390 5 47 2
221534 5 12 0
221534 5 12 0
221570 5 12 2
221579 5 12 2
222063 5 1 0
222063 5 1 0
222113 5 1 2
222121 5 1 2
222569 5 46 0
222569 5 46 0
222636 5 46 2
222645 5 46 2
222677 5 47 0
222677 5 47 0
222751 5 47 2
222770 5 47 2
222837 5 0 0
222914 5 12 0
222914 5 12 0
222949 5 12 2
222956 5 12 2
223440 5 1 0
223440 5 1 0
223491 5 1 2
223499 5 1 2
223673 5 0 0
223947 5 46 0
223947 5 46 0
224013 5 46 2
224038 5 46 2
224070 5 47 0
224070 5 47 0
224144 5 47 2
224154 5 47 2
224298 5 12 0
224298 5 12 0
224332 5 12 2
224349 5 12 2
224833 5 1 0
224833 5 1 0
224883 5 1 2
224894 5 1 2
225342 5 46 0
225342 5 46 0
225408 5 46 2
225416 5 46 2
225448 5 47 0
225448 5 47 0
225522 5 47 2
225530 5 47 2
225620 5 0 0
225674 5 12 0
225674 5 12 0
225709 5 12 2
225714 5 12 2
225929 5 0 0
226198 5 1 0
226198 5 1 0
226248 5 1 2
226255 5 1 2
226687 5 12 0
226687 5 12 0
226726 5 12 2
226728 5 12 2
226744 5 46 0
226744 5 46 0
226811 5 46 2
226826 5 46 2
226858 5 47 0
226858 5 47 0
226933 5 47 2
226941 5 47 2
227085 5 12 0
227085 5 12 0
227119 5 12 2
227136 5 12 2
227620 5 1 0
227620 5 1 0
227670 5 1 2
227679 5 1 2
227861 5 0 0
228127 5 46 0
228127 5 46 0
228204 5 46 2
228215 5 46 2
228247 5 47 0
228247 5 47 0
228322 5 47 2
228327 5 47 2
228471 5 12 0
228471 5 12 0
228505 5 12 2
228513 5 12 2
228997 5 1 0
228997 5 1 0
229047 5 1 2
229058 5 1 2
229506 5 46 0
229506 5 46 0
229572 5 46 2
229580 5 46 2
229612 5 47 0
229612 5 47 0
229686 5 47 2
229696 5 47 2
229840 5 12 0
229840 5 12 0
229874 5 12 2
229891 5 12 2
230375 5 1 0
230375 5 1 0
230425 5 1 2
230432 5 1 2
230880 5 46 0
230880 5 46 0
230946 5 46 2
230957 5 46 2
230989 5 47 0
230989 5 47 0
231065 5 47 2
231071 5 47 2
231215 5 12 0
231215 5 12 0
231249 5 12 2
231258 5 12 2
231281 5 0 0
231395 5 0 0
231513 5 0 0
231742 5 1 0
231742 5 1 0
231792 5 1 2
231800 5 1 2
232248 5 46 0
232248 5 46 0
232314 5 46 2
232324 5 46 2
232356 5 47 0
232356 5 47 0
232430 5 47 2
232438 5 47 2
232582 5 12 0
232582 5 12 0
232616 5 12 2
232633 5 12 2
233117 5 1 0
233117 5 1 0
233167 5 1 2
233175 5 1 2
233283 5 0 0
233623 5 46 0
233623 5 46 0
233689 5 46 2
233697 5 46 2
233729 5 47 0
233729 5 47 0
233804 5 47 2
233810 5 47 2
233954 5 12 0
233954 5 12 0
233988 5 12 2
233997 5 12 2
234481 5 1 0
234481 5 1 0
234531 5 1 2
234539 5 1 2
234987 5 46 0
234987 5 46 0
235008 5 0 0
235053 5 46 2
235061 5 46 2
235093 5 47 0
235093 5 47 0
235167 5 47 2
235175 5 47 2
235319 5 12 0
235319 5 12 0
235353 5 12 2
235370 5 12 2
235854 5 1 0
235854 5 1 0
235904 5 1 2
235912 5 1 2
236360 5 46 0
236360 5 46 0
236426 5 46 2
236434 5 46 2
236466 5 47 0
236466 5 47 0
236541 5 47 2
236546 5 47 2
236690 5 12 0
236690 5 12 0
236724 5 12 2
236732 5 12 2
237216 5 1 0
237216 5 1 0
237266 5 1 2
237274 5 1 2
237376 5 0 0
237478 5 0 0
237706 5 13 0
237830 5 13 2
237846 5 46 0
237846 5 46 0
237912 5 46 2
237923 5 46 2
237955 5 47 0
237955 5 47 0
238031 5 47 2
238041 5 47 2
238185 5 12 0
238185 5 12 0
238219 5 12 2
238227 5 12 2
238711 5 1 0
238711 5 1 0
238761 5 1 2
238769 5 1 2
239009 5 0 0
239217 5 46 0
239217 5 46 0
239283 5 46 2
239290 5 46 2
239322 5 47 0
239322 5 47 0
239402 5 47 2
239408 5 47 2
239436 5 0 0
239552 5 12 0
239552 5 12 0
239586 5 12 2
239595 5 12 2
240079 5 1 0
240079 5 1 0
240129 5 1 2
240136 5 1 2
240584 5 46 0
240584 5 46 0
240650 5 46 2
240658 5 46 2
240690 5 47 0
240690 5 47 0
240766 5 47 2
240774 5 47 2
240918 5 12 0
240918 5 12 0
240952 5 12 2
240960 5 12 2
241444 5 1 0
241444 5 1 0
241494 5 1 2
241501 5 1 2
241949 5 46 0
241949 5 46 0
242015 5 46 2
242031 5 46 2
242063 5 47 0
242063 5 47 0
242148 5 47 2
242150 5 47 2
242250 5 7 1
242294 5 12 0
242294 5 12 0
242328 5 12 2
242337 5 12 2
242420 5 2 2
242469 5 7 2
242821 5 1 0
242821 5 1 0
242872 5 1 2
242881 5 1 2
242955 5 0 0
243059 5 0 0
243160 5 0 0
243329 5 46 0
243329 5 46 0
243377 5 2 0
243378 5 7 1
243400 5 46 2
243403 5 46 2
243435 5 47 0
243435 5 47 0
243509 5 47 2
243518 5 47 2
243550 5 2 2
243599 5 7 2
243662 5 12 0
243662 5 12 0
243696 5 12 2
243704 5 12 2
244188 5 1 0
244188 5 1 0
244243 5 1 2
244261 5 1 2
244709 5 46 0
244709 5 46 0
244775 5 46 2
244792 5 46 2
244824 5 47 0
244824 5 47 0
244898 5 47 2
244914 5 47 2
245058 5 12 0
245058 5 12 0
245092 5 12 2
245102 5 12 2
245117 5 2 0
245118 5 2 2
245586 5 1 0
245586 5 1 0
245636 5 1 2
245648 5 1 2
246096 5 46 0
246096 5 46 0
246162 5 46 2
246170 5 46 2
246202 5 47 0
246202 5 47 0
246276 5 47 2
246284 5 47 2
246428 5 12 0
246428 5 12 0
246462 5 12 2
246470 5 12 2
246954 5 1 0
246954 5 1 0
246987 5 0 0
247013 5 1 2
247016 5 1 2
247079 5 0 0
247464 5 46 0
247464 5 46 0
247532 5 46 2
247548 5 46 2
247580 5 47 0
247580 5 47 0
247654 5 47 2
247662 5 47 2
247806 5 12 0
247806 5 12 0
247841 5 12 2
247848 5 12 2
248332 5 1 0
248332 5 1 0
248383 5 1 2
248396 5 1 2
248534 5 0 0
248828 5 14 0
248934 5 14 2
248950 5 46 0
248950 5 46 0
248983 5 7 1
249016 5 46 2
249024 5 46 2
249056 5 47 0
249056 5 47 0
249130 5 47 2
249141 5 47 2
249161 5 2 2
249169 5 0 0
249210 5 7 2
249268 5 0 0
249285 5 12 0
249285 5 12 0
249319 5 12 2
249327 5 12 2
249811 5 1 0
249811 5 1 0
249861 5 1 2
249869 5 1 2
250317 5 46 0
250317 5 46 0
250404 5 46 2
250405 5 46 2
250436 5 47 0
250436 5 47 0
250510 5 47 2
250526 5 47 2
250670 5 12 0
250670 5 12 0
250704 5 12 2
250712 5 12 2
251196 5 1 0
251196 5 1 0
251246 5 1 2
251255 5 1 2
251703 5 46 0
251703 5 46 0
251770 5 46 2
251778 5 46 2
251810 5 47 0
251810 5 47 0
251884 5 47 2
251892 5 47 2
252036 5 12 0
252036 5 12 0
252070 5 12 2
252078 5 12 2
252562 5 1 0
252562 5 1 0
252612 5 1 2
252623 5 1 2
253071 5 46 0
253071 5 46 0
253139 5 46 2
253160 5 46 2
253192 5 47 0
253192 5 47 0
253266 5 47 2
253273 5 47 2
253417 5 12 0
253417 5 12 0
253451 5 12 2
253460 5 12 2
253879 5 0 0
253944 5 1 0
253944 5 1 0
253972 5 0 0
253994 5 1 2
254002 5 1 2
254058 5 0 0
254450 5 46 0
254450 5 46 0
254517 5 46 2
254527 5 46 2
254559 5 47 0
254559 5 47 0
254635 5 47 2
254642 5 47 2
254786 5 12 0
254786 5 12 0
254820 5 12 2
254828 5 12 2
255312 5 1 0
255312 5 1 0
255375 5 1 2
255381 5 1 2
255789 5 0 0
255823 5 46 0
255823 5 46 0
255891 5 46 2
255902 5 46 2
255934 5 47 0
255934 5 47 0
256008 5 47 2
256017 5 47 2
256161 5 12 0
256161 5 12 0
256195 5 12 2
256203 5 12 2
256687 5 1 0
256687 5 1 0
256737 5 1 2
256747 5 1 2
257195 5 46 0
257195 5 46 0
257261 5 46 2
257269 5 46 2
257301 5 47 0
257301 5 47 0
257310 5 0 0
257375 5 47 2
257384 5 47 2
257528 5 12 0
257528 5 12 0
257562 5 12 2
257570 5 12 2
258054 5 1 0
258054 5 1 0
258104 5 1 2
258130 5 1 2
258578 5 46 0
258578 5 46 0
258644 5 46 2
258692 5 46 2
258724 5 47 0
258724 5 47 0
258798 5 47 2
258849 5 47 2
258993 5 12 0
258993 5 12 0
259027 5 12 2
259035 5 12 2
259423 5 1 0
259423 5 1 0
259474 5 1 2
259521 5 1 2
259941 5 0 0
259969 5 46 0
259969 5 46 0
260029 5 0 0
260035 5 46 2
260093 5 46 2
260125 5 47 0
260125 5 47 0
260199 5 47 2
260228 5 47 2
260372 5 12 0
260372 5 12 0
260407 5 12 2
260418 5 12 2
260902 5 1 0
260902 5 1 0
260952 5 1 2
260960 5 1 2
261408 5 46 0
261408 5 46 0
261478 5 46 2
261481 5 46 2
261513 5 47 0
261513 5 47 0
261587 5 47 2
261617 5 47 2
261761 5 12 0
261761 5 12 0
261795 5 12 2
261802 5 12 2
262091 5 0 0
262286 5 1 0
262286 5 1 0
262336 5 1 2
262345 5 1 2
262793 5 46 0
262793 5 46 0
262859 5 46 2
262866 5 46 2
262898 5 47 0
262898 5 47 0
262972 5 47 2
262989 5 47 2
263133 5 5 0
263142 5 0 0
263207 5 5 2
263215 5 61 0
263346 5 61 2
263354 5 29 0
263602 5 29 2
263618 5 62 0
263618 5 62 0
263700 5 62 2
263757 5 62 2
264033 5 63 0
264033 5 63 0
264123 5 63 2
264180 5 63 2
264604 5 12 0
264604 5 12 0
264638 5 12 2
264656 5 12 2
265096 5 11 0
265178 5 11 2
265390 5 1 0
265390 5 1 0
265440 5 1 2
265448 5 1 2
265458 5 0 0
265896 5 46 0
265896 5 46 0
265962 5 46 2
265969 5 46 2
266001 5 47 0
266001 5 47 0
266075 5 47 2
266083 5 47 2
266227 5 12 0
266227 5 12 0
266261 5 12 2
266268 5 12 2
266752 5 1 0
266752 5 1 0
266802 5 1 2
266819 5 1 2
266983 5 6 2
267267 5 46 0
267267 5 46 0
267338 5 46 2
267345 5 46 2
267377 5 47 0
267377 5 47 0
267451 5 47 2
267459 5 47 2
267603 5 12 0
267603 5 12 0
267637 5 12 2
267645 5 12 2
267678 5 0 0
268121 5 9 0
268195 5 9 2
268319 5 55 0
268461 5 55 2
268465 5 1 0
268465 5 1 0
268515 5 1 2
268543 5 1 2
268567 5 56 0
268796 5 56 2
268816 5 45 0
268890 5 45 2
268946 5 46 0
269027 5 46 2
269103 5 63 0
269167 5 6 2
269355 5 63 2
269363 5 47 0
269452 5 47 2
269556 5 62 0
269556 5 62 0
269648 5 62 2
269666 5 62 2
269790 5 61 0
269790 5 61 0
269874 5 61 2
269934 5 61 2
270006 5 54 0
270178 5 54 2
270210 5 55 0
270316 5 3 2
270378 5 55 2
270540 5 6 2
270606 5 40 0
270720 5 40 2
270748 5 49 0
270862 5 49 2
270874 5 51 0
270979 5 51 2
270999 5 37 0
271089 5 37 2
271093 5 20 0
271167 5 20 2
271183 5 3 0
271471 5 3 2
271563 5 21 0
271639 5 21 2
271647 5 56 0
271781 5 56 2
271801 5 57 0
271933 5 57 2
271937 5 1 0
271937 5 1 0
271987 5 1 2
271994 5 1 2
272078 5 58 0
272078 5 58 0
272177 5 58 2
272192 5 58 2
272272 5 59 0
272272 5 59 0
272362 5 59 2
272386 5 59 2
272410 5 63 0
272542 5 63 2
272626 5 33 0
272732 5 33 2
272793 5 2 0
272794 5 7 1
272971 5 2 2
273021 5 7 2
281906 5 0 2
389109 5 7 1
389280 5 2 2
389329 5 7 2
390571 5 2 0
390572 5 7 1
390750 5 2 2
390799 5 7 2
436121 5 2 2
533308 5 7 1
533482 5 2 2
533531 5 7 2
552526 5 7 1
552527 5 2 0
552702 5 2 2
552751 5 7 2
552834 5 2 2
553919 5 2 2
558945 5 2 2
569456 5 2 0
569457 5 0 0
570304 5 2 0
570305 5 7 1
570482 5 2 2
570531 5 7 2
575199 5 2 2
575200 5 2 0
583151 5 2 0
583152 5 2 2
588513 5 3 0
588514 5 2 0
590679 5 2 0
590680 5 2 2
596742 5 2 0
596743 5 7 1
596923 5 2 2
596973 5 7 2
605612 5 3 2
620062 5 7 1
620243 5 2 2
620293 5 7 2
638496 5 0 0
643426 5 2 0
643427 5 2 2
645384 5 2 0
645385 5 2 2
648432 5 2 0
648433 5 7 1
648613 5 2 2
648663 5 7 2
650870 5 3 2
671812 5 2 0
671813 5 7 1
671993 5 2 2
672043 5 7 2
707402 5 2 0
707403 5 3 0
707403 5 2 2
709663 5 2 0
709664 5 2 2
735349 5 2 0
735350 5 7 1
735522 5 2 2
735572 5 7 2
774130 5 15 0
774130 5 15 0
774172 5 15 2
774205 5 15 2
774293 5 30 0
774375 5 30 2
774387 5 24 0
774486 5 24 2
774586 5 25 0
774684 5 25 2
774692 5 5 0
774701 5 2 0
774701 5 5 2
774753 5 5 2
774817 5 26 0
774915 5 26 2
774979 5 27 0
775077 5 27 2
775109 5 34 0
775215 5 34 2
775227 5 26 0
775325 5 26 2
775421 5 55 0
775560 5 55 2
775568 5 27 0
775666 5 27 2
775714 5 23 0
775822 5 23 2
775826 5 28 0
775924 5 28 2
775976 5 56 0
775976 5 56 0
776090 5 56 2
776107 5 56 2
776143 5 41 0
776306 5 0 2
776489 5 41 2
776517 5 57 0
776517 5 57 0
776623 5 57 2
776650 5 57 2
776658 5 33 0
776764 5 33 2
776816 5 23 0
776966 5 23 2
776974 5 19 0
777017 5 1 2
777056 5 19 2
777060 5 23 0
777084 5 3 2
777616 5 23 2
777671 5 3 2
777676 5 23 0
779510 5 23 2
779526 5 23 0
779884 5 10 2
780218 5 23 2
780270 5 6 2
780278 5 23 0
782264 5 23 2
782403 5 7 2
782408 5 23 0
783324 5 23 2
783340 5 23 0
783563 5 1 2
784467 5 23 2
784518 5 12 2
784527 5 23 0
790925 5 23 2
791757 5 41 2
791765 5 23 0
799353 5 23 2
799404 5 17 2
799504 5 39 2
799509 5 23 0
802543 5 23 2
802594 5 23 2
802595 5 29 0
802693 5 29 2
802709 5 23 0
805023 5 23 2
805074 5 17 2
805075 5 23 0
807991 5 23 2
808039 5 32 0
808042 5 57 2
808145 5 32 2
808229 5 28 0
808327 5 28 2
808379 5 2 0
808437 5 2 2
808449 5 29 0
808498 5 29 2
808530 5 4 0
808580 5 4 2
808588 5 35 0
808588 5 35 0
808654 5 35 2
808671 5 35 2
808711 5 36 0
808711 5 36 0
808769 5 36 2
808794 5 36 2
941303 5 40 2
948857 5 2 0
948858 5 2 2
954716 5 2 0
954717 5 7 1
954888 5 2 2
954937 5 7 2
979989 5 2 2
1065188 5 2 0
1065189 5 2 2
1074716 5 2 0
1074717 5 2 2
1079471 5 2 0
1079472 5 2 2
1082742 5 2 0
1082743 5 2 2
1083581 5 2 0
1090252 5 2 0
1090253 5 4 0
1091026 5 37 0
1091026 5 37 0
1091879 5 37 2
1094161 5 37 2
1094341 5 0 0
1094341 5 0 0
1094469 5 0 2
1094616 5 0 2
1094704 5 36 0
1094704 5 36 0
1094762 5 36 2
1094833 5 36 2
1094865 5 38 0
1094865 5 38 0
1094923 5 38 2
1095310 5 38 2
1095470 5 54 0
1095470 5 54 0
1095544 5 54 2
1095569 5 54 2
1095597 5 56 0
1095597 5 56 0
1095711 5 56 2
1095728 5 56 2
1095732 5 12 0
1095732 5 12 0
1095766 5 12 2
1095774 5 12 2
1095782 5 57 0
1095782 5 57 0
1095888 5 57 2
1095905 5 57 2
1095961 5 37 0
1095961 5 37 0
1096012 5 37 2
1097319 5 37 2
1097451 5 35 0
1097451 5 35 0
1097517 5 35 2
1097550 5 35 2
1098406 5 47 0
1098406 5 47 0
1098481 5 47 2
1098498 5 47 2
1098650 5 1 0
1098650 5 1 0
1098700 5 1 2
1098730 5 1 2
1098786 5 7 0
1098930 5 7 2
1099410 5 15 0
1099410 5 15 0
1099452 5 15 2
1099503 5 15 2
1099591 5 38 0
1099591 5 38 0
1099889 5 4 2
1100267 5 38 2
1100269 5 38 2
1100275 5 4 2
1100421 5 4 2
1100423 5 46 0
1100423 5 46 0
1100490 5 46 2
1100543 5 46 2
1100595 5 0 0
1100595 5 0 0
1100654 5 0 2
1100669 5 0 2
1100817 5 47 0
1100817 5 47 0
1100891 5 47 2
1100899 5 47 2
1100915 5 12 0
1100994 5 12 2
1101030 5 47 0
1101161 5 47 2
1102189 5 46 0
1102263 5 46 2
1102287 5 47 0
1102367 5 47 2
1102623 5 63 0
1102623 5 63 0
1102733 5 63 2
1102741 5 63 2
1102945 5 58 0
1102945 5 58 0
1103044 5 58 2
1103097 5 58 2
1103181 5 46 0
1103181 5 46 0
1103214 5 2 0
1103215 5 0 0
1103219 5 3 0
1103250 5 46 2
1103282 5 46 2
1103300 5 0 0
1103838 5 15 0
1103838 5 15 0
1103880 5 15 2
1104193 5 7 1
1104367 5 40 2
1104472 5 7 2
1104638 5 15 2
1105138 5 52 0
1105367 5 2 2
1105532 5 52 2
1106108 5 53 0
1106413 5 53 2
1106989 5 54 0
1107284 5 54 2
1107860 5 55 0
1108114 5 55 2
1108690 5 56 0
1109028 5 56 2
1109604 5 57 0
1110003 5 57 2
1110579 5 58 0
1110866 5 58 2
1111329 5 2 0
1111330 5 0 0
1111442 5 59 0
1111750 5 59 2
1112326 5 60 0
1112678 5 60 2
1113254 5 61 0
1113580 5 61 2
1114156 5 62 0
1114468 5 62 2
1115044 5 63 0
1115314 5 63 2
1115826 5 7 1
1115890 5 0 0
1115890 5 0 0
1115949 5 0 2
1115998 5 39 2
1116071 5 7 2
1116111 5 0 2
1116123 5 7 1
1116209 5 7 1
1116308 5 60 2
1116379 5 2 0
1116398 5 7 2
1116418 5 36 2
1116483 5 7 1
1116484 5 7 2
1116486 5 2 2
1116542 5 3 0
1116639 5 3 2
1116643 5 7 0
1116658 5 14 2
1116700 5 7 2
1116777 5 7 1
1116903 5 7 2
1116948 5 38 2
1116991 5 4 0
1117014 5 7 2
1117081 5 4 2
1117135 5 7 1
1117328 5 12 2
1117370 5 7 2
1117469 5 1 0
1117623 5 7 1
1117703 5 7 1
1117797 5 1 2
1117798 5 54 2
1117863 5 7 1
1117881 5 7 2
1117908 5 20 2
1117958 5 7 2
1118038 5 61 2
1118120 5 7 2
1118137 5 7 1
1118286 5 7 1
1118308 5 56 2
1118373 5 2 0
1118430 5 7 2
1118457 5 35 2
1118471 5 7 1
1118532 5 7 2
1118642 5 7 1
1118648 5 55 2
1118687 5 2 2
1118709 5 7 1
1118739 5 7 2
1118840 5 49 2
1118946 5 7 2
1118948 5 7 1
1118948 5 27 2
1119001 5 7 1
1119015 5 7 2
1119128 5 48 2
1119238 5 10 2
1119242 5 7 2
1119263 5 3 0
1119297 5 7 2
1119419 5 7 1
1119446 5 7 1
1119598 5 57 2
1119608 5 7 1
1119610 5 3 2
1119708 5 4 2
1119711 5 7 2
1119721 5 7 1
1119742 5 7 2
1119818 5 44 2
1119855 5 7 1
1119892 5 7 2
1119928 5 28 2
1119943 5 7 1
1119985 5 7 2
1120038 5 43 2
1120120 5 7 2
1120148 5 19 2
1120186 5 4 0
1120205 5 7 2
1120389 5 7 1
1120495 5 7 1
1120532 5 4 2
1120568 5 58 2
1120674 5 7 2
1120680 5 53 2
1120692 5 7 1
1120754 5 7 2
1120827 5 7 1
1120868 5 21 2
1120909 5 7 2
1120945 5 7 1
1121015 5 7 1
1121018 5 8 2
1121096 5 7 2
1121108 5 5 0
1121117 5 7 1
1121238 5 46 2
1121313 5 7 2
1121316 5 7 1
1121349 5 6 2
1121383 5 7 2
1121458 5 5 2
1121474 5 5 2
1121483 5 7 2
1121555 5 7 1
1121568 5 52 2
1121650 5 7 2
1121719 5 7 1
1121728 5 16 2
1121811 5 7 2
1121823 5 7 1
1121898 5 23 2
1121955 5 7 2
1122004 5 7 1
1122008 5 22 2
1122050 5 6 0
1122057 5 7 2
1122188 5 50 2
1122242 5 7 1
1122286 5 7 2
1122344 5 7 1
1122394 5 6 2
1122418 5 62 2
1122453 5 7 1
1122508 5 7 2
1122528 5 47 2
1122554 5 7 1
1122610 5 7 2
1122638 5 24 2
1122640 5 7 1
1122728 5 7 2
1122748 5 34 2
1122823 5 7 1
1122831 5 7 2
1122858 5 29 2
1122899 5 7 1
1122908 5 7 2
1122970 5 7 0
1122998 5 59 2
1123009 5 7 1
1123096 5 7 2
1123108 5 30 2
1123111 5 7 1
1123166 5 7 2
1123218 5 9 2
1123237 5 7 1
1123265 5 7 2
1123284 5 7 2
1123315 5 7 1
1123328 5 15 2
1123378 5 7 2
1123438 5 45 2
1123457 5 7 1
1123504 5 7 2
1123544 5 7 1
1123547 5 13 2
1123581 5 7 2
1123658 5 17 2
1123669 5 7 1
1123733 5 7 2
1123768 5 7 2
1123810 5 7 2
1123841 5 8 0
1123841 5 8 0
1123878 5 18 2
1123907 5 8 2
1123943 5 7 2
1123979 5 7 1
1124072 5 7 1
1124120 5 8 2
1124158 5 63 2
1124241 5 7 1
1124256 5 7 2
1124278 5 33 2
1124351 5 7 1
1124368 5 7 2
1124438 5 32 2
1124447 5 7 1
1124534 5 7 1
1124536 5 7 2
1124548 5 41 2
1124646 5 7 2
1124658 5 31 2
1124682 5 7 1
1124696 5 9 0
1124724 5 7 2
1124768 5 11 2
1124769 5 7 1
1124820 5 7 2
1124878 5 51 2
1124887 5 7 1
1124968 5 7 2
1124982 5 7 1
1124988 5 37 2
1125005 5 9 2
1125046 5 7 2
1125099 5 26 2
1125125 5 7 1
1125174 5 7 2
1125208 5 1 2
1125224 5 7 1
1125267 5 7 2
1125321 5 42 2
1125413 5 7 2
1125428 5 25 2
1125450 5 7 1
1125510 5 7 2
1125581 5 10 0
1125628 5 40 2
1125734 5 7 2
1125896 5 10 2
1126094 5 7 1
1126268 5 3 2
1126315 5 7 2
1126472 5 11 0
1126472 5 11 0
1126514 5 11 2
1126809 5 11 2
1127385 5 12 0
1127650 5 12 2
1128226 5 13 0
1128473 5 13 2
1128982 5 2 0
1128983 5 7 1
1129049 5 14 0
1129168 5 2 2
1129217 5 7 2
1129374 5 14 2
1129950 5 15 0
1130224 5 15 2
1130800 5 16 0
1131078 5 16 2
1131654 5 17 0
1131973 5 17 2
1132549 5 18 0
1132846 5 18 2
1133422 5 19 0
1133750 5 19 2
1134326 5 20 0
1134598 5 20 2
1135174 5 21 0
1135441 5 21 2
1136017 5 22 0
1136314 5 22 2
1136890 5 23 0
1137158 5 23 2
1137734 5 24 0
1138135 5 24 2
1138711 5 25 0
1139141 5 25 2
1139717 5 26 0
1140016 5 26 2
1140592 5 27 0
1140900 5 27 2
1141476 5 28 0
1141756 5 28 2
1141879 5 7 1
1142058 5 0 2
1142124 5 7 2
1142332 5 29 0
1142589 5 29 2
1143165 5 30 0
1143474 5 30 2
1144050 5 31 0
1144304 5 31 2
1144880 5 32 0
1145206 5 32 2
1145782 5 33 0
1146119 5 33 2
1146695 5 34 0
1146986 5 34 2
1147562 5 35 0
1147860 5 35 2
1148436 5 36 0
1148744 5 36 2
1149320 5 37 0
1149608 5 37 2
1150184 5 38 0
1150484 5 38 2
1151060 5 39 0
1151314 5 39 2
1151890 5 40 0
1151890 5 40 0
1151988 5 40 2
1152202 5 40 2
1152778 5 41 0
1153128 5 41 2
1153704 5 42 0
1154006 5 42 2
1154582 5 43 0
1154880 5 43 2
1155456 5 44 0
1155772 5 44 2
1156348 5 45 0
1156635 5 45 2
1157211 5 46 0
1157514 5 46 2
1158090 5 47 0
1158344 5 47 2
1158920 5 48 0
1159240 5 48 2
1159816 5 49 0
1160174 5 49 2
1160750 5 50 0
1161035 5 50 2
1169435 5 8 0
1169690 5 8 2
1206422 5 46 0
1206422 5 46 0
1206488 5 46 2
1206498 5 46 2
1206666 5 1 0
1206740 5 1 2
1206792 5 35 0
1206792 5 35 0
1206878 5 35 2
1207051 5 35 2
1207207 5 36 0
1207207 5 36 0
1207265 5 36 2
1207318 5 36 2
1207382 5 37 0
1207382 5 37 0
1207432 5 37 2
1207515 5 37 2
1207563 5 58 0
1207563 5 58 0
1207661 5 58 2
1207757 5 58 2
1207789 5 59 0
1207789 5 59 0
1207879 5 59 2
1207921 5 59 2
1208013 5 0 0
1208013 5 0 0
1208071 5 0 2
1208079 5 0 2
1208199 5 61 0
1208199 5 61 0
1208373 5 61 2
1208427 5 61 2
1208707 5 54 0
1208707 5 54 0
1208791 5 54 2
1208804 5 4 2
1208836 5 54 2
1208900 5 56 0
1208900 5 56 0
1208934 5 4 2
1209014 5 56 2
1209022 5 56 2
1209050 5 57 0
1209050 5 57 0
1209128 5 4 2
1209156 5 57 2
1209192 5 57 2
1209864 5 47 0
1209962 5 47 2
1210054 5 12 0
1210104 5 12 2
1210656 5 1 0
1210656 5 1 0
1210706 5 1 2
1210730 5 1 2
1211178 5 46 0
1211268 5 46 2
1211300 5 47 0
1211399 5 47 2
1211543 5 12 0
1211593 5 12 2
1212077 5 1 0
1212159 5 1 2
1212607 5 46 0
1212607 5 46 0
1212673 5 46 2
1212690 5 46 2
1212722 5 47 0
1212722 5 47 0
1212796 5 47 2
1212813 5 47 2
1212957 5 12 0
1213015 5 12 2
1213499 5 1 0
1213499 5 1 0
1213549 5 1 2
1213582 5 1 2
1214014 5 8 0
1214014 5 8 0
1214082 5 8 2
1214099 5 8 2
1214115 5 46 0
1214197 5 46 2
1214229 5 47 0
1214229 5 47 0
1214303 5 47 2
1214319 5 47 2
1214463 5 12 0
1214463 5 12 0
1214498 5 12 2
1214525 5 12 2
1215009 5 1 0
1215009 5 1 0
1215064 5 1 2
1215089 5 1 2
1215537 5 46 0
1215537 5 46 0
1215603 5 46 2
1215660 5 46 2
1215692 5 47 0
1215692 5 47 0
1215766 5 47 2
1215822 5 47 2
1215966 5 12 0
1215966 5 12 0
1216012 5 12 2
1216061 5 12 2
1216545 5 1 0
1216545 5 1 0
1216595 5 1 2
1216603 5 1 2
1217051 5 46 0
1217051 5 46 0
1217117 5 46 2
1217174 5 46 2
1217206 5 47 0
1217206 5 47 0
1217280 5 47 2
1217339 5 47 2
1217483 5 12 0
1217483 5 12 0
1217518 5 12 2
1217567 5 12 2
1218051 5 1 0
1218051 5 1 0
1218101 5 1 2
1218111 5 1 2
1218450 5 3 0
1218451 5 0 0
1218559 5 46 0
1218559 5 46 0
1218625 5 46 2
1218638 5 46 2
1218670 5 47 0
1218670 5 47 0
1218745 5 47 2
1218754 5 47 2
1218898 5 12 0
1218898 5 12 0
1218932 5 12 2
1218941 5 12 2
1219302 5 0 0
1219425 5 1 0
1219425 5 1 0
1219475 5 1 2
1219483 5 1 2
1219931 5 46 0
1219931 5 46 0
1219997 5 46 2
1220004 5 46 2
1220036 5 47 0
1220036 5 47 0
1220110 5 47 2
1220120 5 47 2
1220264 5 12 0
1220264 5 12 0
1220298 5 12 2
1220306 5 12 2
1220790 5 1 0
1220790 5 1 0
1220840 5 1 2
1220847 5 1 2
1220850 5 2 0
1220851 5 0 0
1221295 5 46 0
1221295 5 46 0
1221361 5 46 2
1221372 5 46 2
1221404 5 47 0
1221404 5 47 0
1221478 5 47 2
1221490 5 47 2
1221634 5 12 0
1221634 5 12 0
1221669 5 12 2
1221681 5 12 2
1222165 5 1 0
1222165 5 1 0
1222216 5 1 2
1222231 5 1 2
1222679 5 46 0
1222679 5 46 0
1222745 5 46 2
1222753 5 46 2
1222785 5 47 0
1222785 5 47 0
1222864 5 47 2
1222867 5 47 2
1223011 5 12 0
1223011 5 12 0
1223054 5 12 2
1223055 5 12 2
1223539 5 1 0
1223539 5 1 0
1223589 5 1 2
1223599 5 1 2
1224047 5 46 0
1224047 5 46 0
1224113 5 46 2
1224123 5 46 2
1224155 5 47 0
1224155 5 47 0
1224229 5 47 2
1224237 5 47 2
1224381 5 12 0
1224381 5 12 0
1224415 5 12 2
1224422 5 12 2
1224906 5 1 0
1224906 5 1 0
1224956 5 1 2
1224963 5 1 2
1225411 5 46 0
1225411 5 46 0
1225478 5 46 2
1225486 5 46 2
1225518 5 47 0
1225518 5 47 0
1225592 5 47 2
1225599 5 47 2
1225743 5 12 0
1225743 5 12 0
1225777 5 12 2
1225786 5 12 2
1226270 5 1 0
1226270 5 1 0
1226320 5 1 2
1226328 5 1 2
1226776 5 46 0
1226776 5 46 0
1226842 5 46 2
1226852 5 46 2
1226884 5 47 0
1226884 5 47 0
1226958 5 47 2
1226966 5 47 2
1227110 5 12 0
1227110 5 12 0
1227144 5 12 2
1227152 5 12 2
1227636 5 1 0
1227636 5 1 0
1227686 5 1 2
1227693 5 1 2
1228141 5 46 0
1228141 5 46 0
1228207 5 46 2
1228214 5 46 2
1228246 5 47 0
1228246 5 47 0
1228320 5 47 2
1228328 5 47 2
1228472 5 12 0
1228472 5 12 0
1228508 5 12 2
1228516 5 12 2
1229000 5 1 0
1229000 5 1 0
1229050 5 1 2
1229058 5 1 2
1229506 5 46 0
1229506 5 46 0
1229572 5 46 2
1229581 5 46 2
1229613 5 47 0
1229613 5 47 0
1229687 5 47 2
1229695 5 47 2
1229839 5 12 0
1229839 5 12 0
1229873 5 12 2
1229881 5 12 2
1230365 5 1 0
1230365 5 1 0
1230415 5 1 2
1230423 5 1 2
1230871 5 46 0
1230871 5 46 0
1230944 5 46 2
1230946 5 46 2
1230978 5 47 0
1230978 5 47 0
1231054 5 47 2
1231059 5 47 2
1231203 5 12 0
1231203 5 12 0
1231238 5 12 2
1231245 5 12 2
1231729 5 1 0
1231729 5 1 0
1231779 5 1 2
1231790 5 1 2
1232238 5 46 0
1232238 5 46 0
1232304 5 46 2
1232313 5 46 2
1232345 5 47 0
1232345 5 47 0
1232419 5 47 2
1232430 5 47 2
1232574 5 12 0
1232574 5 12 0
1232608 5 12 2
1232617 5 12 2
1233101 5 1 0
1233101 5 1 0
1233151 5 1 2
1233158 5 1 2
1233606 5 46 0
1233606 5 46 0
1233672 5 46 2
1233679 5 46 2
1233711 5 47 0
1233711 5 47 0
1233785 5 47 2
1233798 5 47 2
1233942 5 12 0
1233942 5 12 0
1233976 5 12 2
1233983 5 12 2
1234467 5 1 0
1234467 5 1 0
1234517 5 1 2
1234524 5 1 2
1234972 5 46 0
1234972 5 46 0
1235044 5 46 2
1235049 5 46 2
1235081 5 47 0
1235081 5 47 0
1235157 5 47 2
1235165 5 47 2
1235309 5 12 0
1235309 5 12 0
1235343 5 12 2
1235351 5 12 2
1235835 5 1 0
1235835 5 1 0
1235885 5 1 2
1235896 5 1 2
1236344 5 46 0
1236344 5 46 0
1236410 5 46 2
1236419 5 46 2
1236451 5 47 0
1236451 5 47 0
1236525 5 47 2
1236536 5 47 2
1236680 5 12 0
1236680 5 12 0
1236714 5 12 2
1236722 5 12 2
1237206 5 1 0
1237206 5 1 0
1237256 5 1 2
1237264 5 1 2
1237712 5 46 0
1237712 5 46 0
1237778 5 46 2
1237785 5 46 2
1237817 5 47 0
1237817 5 47 0
1237892 5 47 2
1237900 5 47 2
1238044 5 12 0
1238044 5 12 0
1238078 5 12 2
1238085 5 12 2
1238569 5 1 0
1238569 5 1 0
1238619 5 1 2
1238626 5 1 2
1239074 5 46 0
1239074 5 46 0
1239140 5 46 2
1239154 5 46 2
1239186 5 47 0
1239186 5 47 0
1239260 5 47 2
1239269 5 47 2
1239413 5 12 0
1239413 5 12 0
1239447 5 12 2
1239454 5 12 2
1239938 5 1 0
1239938 5 1 0
1239988 5 1 2
1239995 5 1 2
1240443 5 46 0
1240443 5 46 0
1240510 5 46 2
1240518 5 46 2
1240550 5 47 0
1240550 5 47 0
1240624 5 47 2
1240633 5 47 2
1240777 5 12 0
1240777 5 12 0
1240811 5 12 2
1240819 5 12 2
1241303 5 1 0
1241303 5 1 0
1241353 5 1 2
1241361 5 1 2
1241809 5 46 0
1241809 5 46 0
1241875 5 46 2
1241886 5 46 2
1241918 5 47 0
1241918 5 47 0
1241992 5 47 2
1242000 5 47 2
1242144 5 12 0
1242144 5 12 0
1242178 5 12 2
1242186 5 12 2
1242670 5 1 0
1242670 5 1 0
1242721 5 1 2
1242728 5 1 2
1243176 5 46 0
1243176 5 46 0
1243243 5 46 2
1243254 5 46 2
1243286 5 47 0
1243286 5 47 0
1243360 5 47 2
1243373 5 47 2
1243517 5 12 0
1243517 5 12 0
1243552 5 12 2
1243562 5 12 2
1244046 5 1 0
1244046 5 1 0
1244096 5 1 2
1244104 5 1 2
1244552 5 46 0
1244552 5 46 0
1244618 5 46 2
1244629 5 46 2
1244661 5 47 0
1244661 5 47 0
1244735 5 47 2
1244744 5 47 2
1244888 5 12 0
1244888 5 12 0
1244922 5 12 2
1244930 5 12 2
1245414 5 1 0
1245414 5 1 0
1245464 5 1 2
1245472 5 1 2
1245920 5 46 0
1245920 5 46 0
1245986 5 46 2
1245994 5 46 2
1246026 5 47 0
1246026 5 47 0
1246100 5 47 2
1246109 5 47 2
1246253 5 12 0
1246253 5 12 0
1246287 5 12 2
1246295 5 12 2
1246779 5 1 0
1246779 5 1 0
1246829 5 1 2
1246836 5 1 2
1247268 5 11 0
1247268 5 11 0
1247312 5 11 2
1247353 5 11 2
1247369 5 46 0
1247369 5 46 0
1247435 5 46 2
1247443 5 46 2
1247475 5 47 0
1247475 5 47 0
1247549 5 47 2
1247557 5 47 2
1247701 5 12 0
1247701 5 12 0
1247735 5 12 2
1247742 5 12 2
1248226 5 1 0
1248226 5 1 0
1248276 5 1 2
1248285 5 1 2
1248733 5 46 0
1248733 5 46 0
1248799 5 46 2
1248813 5 46 2
1248845 5 47 0
1248845 5 47 0
1248919 5 47 2
1248936 5 47 2
1249080 5 12 0
1249080 5 12 0
1249114 5 12 2
1249121 5 12 2
1249605 5 1 0
1249605 5 1 0
1249655 5 1 2
1249665 5 1 2
1250113 5 46 0
1250113 5 46 0
1250180 5 46 2
1250189 5 46 2
1250221 5 47 0
1250221 5 47 0
1250295 5 47 2
1250302 5 47 2
1250446 5 12 0
1250446 5 12 0
1250481 5 12 2
1250489 5 12 2
1250973 5 1 0
1250973 5 1 0
1251023 5 1 2
1251032 5 1 2
1251480 5 46 0
1251480 5 46 0
1251546 5 46 2
1251553 5 46 2
1251585 5 47 0
1251585 5 47 0
1251659 5 47 2
1251676 5 47 2
1251820 5 12 0
1251820 5 12 0
1251854 5 12 2
1251864 5 12 2
1252348 5 1 0
1252348 5 1 0
1252398 5 1 2
1252406 5 1 2
1252854 5 46 0
1252854 5 46 0
1252920 5 46 2
1252931 5 46 2
1252963 5 47 0
1252963 5 47 0
1253037 5 47 2
1253045 5 47 2
1253189 5 12 0
1253189 5 12 0
1253223 5 12 2
1253231 5 12 2
1253715 5 1 0
1253715 5 1 0
1253765 5 1 2
1253772 5 1 2
1254220 5 46 0
1254220 5 46 0
1254286 5 46 2
1254294 5 46 2
1254326 5 47 0
1254326 5 47 0
1254400 5 47 2
1254410 5 47 2
1254554 5 12 0
1254554 5 12 0
1254591 5 12 2
1254598 5 12 2
1255082 5 1 0
1255082 5 1 0
1255133 5 1 2
1255141 5 1 2
1255589 5 46 0
1255589 5 46 0
1255655 5 46 2
1255672 5 46 2
1255704 5 47 0
1255704 5 47 0
1255778 5 47 2
1255786 5 47 2
1255930 5 12 0
1255930 5 12 0
1255964 5 12 2
1255972 5 12 2
1256456 5 1 0
1256456 5 1 0
1256506 5 1 2
1256524 5 1 2
1256972 5 46 0
1256972 5 46 0
1257038 5 46 2
1257059 5 46 2
1257091 5 47 0
1257091 5 47 0
1257165 5 47 2
1257177 5 47 2
1257321 5 12 0
1257321 5 12 0
1257355 5 12 2
1257362 5 12 2
1257846 5 1 0
1257846 5 1 0
1257896 5 1 2
1257912 5 1 2
1258344 5 12 0
1258344 5 12 0
1258378 5 12 2
1258386 5 12 2
1258402 5 46 0
1258402 5 46 0
1258479 5 46 2
1258492 5 46 2
1258524 5 47 0
1258524 5 47 0
1258598 5 47 2
1258608 5 47 2
1258752 5 12 0
1258752 5 12 0
1258786 5 12 2
1258794 5 12 2
1259278 5 1 0
1259278 5 1 0
1259328 5 1 2
1259346 5 1 2
1259794 5 46 0
1259794 5 46 0
1259860 5 46 2
1259867 5 46 2
1259899 5 47 0
1259899 5 47 0
1259973 5 47 2
1259980 5 47 2
1260124 5 12 0
1260124 5 12 0
1260159 5 12 2
1260166 5 12 2
1260650 5 1 0
1260650 5 1 0
1260710 5 1 2
1260718 5 1 2
1261166 5 46 0
1261166 5 46 0
1261232 5 46 2
1261250 5 46 2
1261282 5 47 0
1261282 5 47 0
1261356 5 47 2
1261364 5 47 2
1261508 5 12 0
1261508 5 12 0
1261542 5 12 2
1261551 5 12 2
1262035 5 1 0
1262035 5 1 0
1262085 5 1 2
1262103 5 1 2
1262551 5 46 0
1262551 5 46 0
1262617 5 46 2
1262635 5 46 2
1262667 5 47 0
1262667 5 47 0
1262741 5 47 2
1262749 5 47 2
1262893 5 12 0
1262893 5 12 0
1262927 5 12 2
1262935 5 12 2
1263419 5 1 0
1263419 5 1 0
1263469 5 1 2
1263487 5 1 2
1263935 5 46 0
1263935 5 46 0
1264002 5 46 2
1264010 5 46 2
1264042 5 47 0
1264042 5 47 0
1264116 5 47 2
1264124 5 47 2
1264268 5 12 0
1264268 5 12 0
1264302 5 12 2
1264310 5 12 2
1264794 5 1 0
1264794 5 1 0
1264844 5 1 2
1264862 5 1 2
1265310 5 46 0
1265310 5 46 0
1265376 5 46 2
1265394 5 46 2
1265426 5 47 0
1265426 5 47 0
1265500 5 47 2
1265508 5 47 2
1265652 5 12 0
1265652 5 12 0
1265686 5 12 2
1265694 5 12 2
1266178 5 1 0
1266178 5 1 0
1266238 5 1 2
1266246 5 1 2
1266694 5 46 0
1266694 5 46 0
1266760 5 46 2
1266788 5 46 2
1266820 5 47 0
1266820 5 47 0
1266894 5 47 2
1266902 5 47 2
1267046 5 12 0
1267046 5 12 0
1267080 5 12 2
1267089 5 12 2
1267573 5 1 0
1267573 5 1 0
1267624 5 1 2
1267642 5 1 2
1268090 5 46 0
1268090 5 46 0
1268158 5 46 2
1268174 5 46 2
1268206 5 47 0
1268206 5 47 0
1268280 5 47 2
1268288 5 47 2
1268432 5 12 0
1268432 5 12 0
1268466 5 12 2
1268474 5 12 2
1268958 5 1 0
1268958 5 1 0
1269008 5 1 2
1269026 5 1 2
1269474 5 46 0
1269474 5 46 0
1269540 5 46 2
1269558 5 46 2
1269590 5 47 0
1269590 5 47 0
1269664 5 47 2
1269672 5 47 2
1269816 5 12 0
1269816 5 12 0
1269850 5 12 2
1269857 5 12 2
1270341 5 1 0
1270341 5 1 0
1270391 5 1 2
1270409 5 1 2
1270857 5 46 0
1270857 5 46 0
1270923 5 46 2
1270930 5 46 2
1270962 5 47 0
1270962 5 47 0
1271036 5 47 2
1271043 5 47 2
1271187 5 12 0
1271187 5 12 0
1271221 5 12 2
1271228 5 12 2
1271712 5 1 0
1271712 5 1 0
1271772 5 1 2
1271782 5 1 2
1272230 5 46 0
1272230 5 46 0
1272300 5 46 2
1272327 5 46 2
1272359 5 47 0
1272359 5 47 0
1272433 5 47 2
1272441 5 47 2
1272585 5 12 0
1272585 5 12 0
1272619 5 12 2
1272627 5 12 2
1273111 5 1 0
1273111 5 1 0
1273161 5 1 2
1273178 5 1 2
1273626 5 46 0
1273626 5 46 0
1273692 5 46 2
1273705 5 46 2
1273737 5 47 0
1273737 5 47 0
1273813 5 47 2
1273822 5 47 2
1273966 5 12 0
1273966 5 12 0
1274000 5 12 2
1274007 5 12 2
1274491 5 1 0
1274491 5 1 0
1274541 5 1 2
1274559 5 1 2
1275007 5 46 0
1275007 5 46 0
1275073 5 46 2
1275091 5 46 2
1275123 5 47 0
1275123 5 47 0
1275197 5 47 2
1275204 5 47 2
1275348 5 12 0
1275348 5 12 0
1275382 5 12 2
1275390 5 12 2
1275874 5 1 0
1275874 5 1 0
1275934 5 1 2
1275951 5 1 2
1276399 5 46 0
1276399 5 46 0
1276465 5 46 2
1276483 5 46 2
1276515 5 47 0
1276515 5 47 0
1276589 5 47 2
1276599 5 47 2
1276743 5 12 0
1276743 5 12 0
1276777 5 12 2
1276784 5 12 2
1277268 5 1 0
1277268 5 1 0
1277319 5 1 2
1277338 5 1 2
1277786 5 46 0
1277786 5 46 0
1277852 5 46 2
1277876 5 46 2
1277908 5 47 0
1277908 5 47 0
1277982 5 47 2
1277990 5 47 2
1278134 5 12 0
1278134 5 12 0
1278168 5 12 2
1278175 5 12 2
1278659 5 1 0
1278659 5 1 0
1278709 5 1 2
1278716 5 1 2
1279164 5 46 0
1279164 5 46 0
1279230 5 46 2
1279251 5 46 2
1279283 5 47 0
1279283 5 47 0
1279357 5 47 2
1279364 5 47 2
1279508 5 12 0
1279508 5 12 0
1279542 5 12 2
1279549 5 12 2
1280033 5 1 0
1280033 5 1 0
1280083 5 1 2
1280090 5 1 2
1280538 5 46 0
1280538 5 46 0
1280604 5 46 2
1280622 5 46 2
1280654 5 47 0
1280654 5 47 0
1280728 5 47 2
1280735 5 47 2
1280879 5 12 0
1280879 5 12 0
1280918 5 12 2
1280920 5 12 2
1281404 5 1 0
1281404 5 1 0
1281454 5 1 2
1281471 5 1 2
1281919 5 46 0
1281919 5 46 0
1281985 5 46 2
1282003 5 46 2
1282035 5 47 0
1282035 5 47 0
1282109 5 47 2
1282117 5 47 2
1282261 5 12 0
1282261 5 12 0
1282295 5 12 2
1282303 5 12 2
1282787 5 1 0
1282787 5 1 0
1282837 5 1 2
1282855 5 1 2
1283303 5 46 0
1283303 5 46 0
1283369 5 46 2
1283377 5 46 2
1283409 5 47 0
1283409 5 47 0
1283483 5 47 2
1283491 5 47 2
1283635 5 12 0
1283635 5 12 0
1283669 5 12 2
1283677 5 12 2
1284161 5 1 0
1284161 5 1 0
1284212 5 1 2
1284232 5 1 2
1284680 5 46 0
1284680 5 46 0
1284747 5 46 2
1284766 5 46 2
1284798 5 47 0
1284798 5 47 0
1284872 5 47 2
1284879 5 47 2
1285023 5 12 0
1285023 5 12 0
1285057 5 12 2
1285066 5 12 2
1285550 5 1 0
1285550 5 1 0
1285613 5 1 2
1285618 5 1 2
1286066 5 46 0
1286066 5 46 0
1286133 5 46 2
1286150 5 46 2
1286182 5 47 0
1286182 5 47 0
1286256 5 47 2
1286264 5 47 2
1286408 5 12 0
1286408 5 12 0
1286442 5 12 2
1286449 5 12 2
1286933 5 1 0
1286933 5 1 0
1286986 5 1 2
1287001 5 1 2
1287449 5 46 0
1287449 5 46 0
1287515 5 46 2
1287533 5 46 2
1287565 5 47 0
1287565 5 47 0
1287639 5 47 2
1287647 5 47 2
1287791 5 12 0
1287791 5 12 0
1287825 5 12 2
1287833 5 12 2
1288317 5 1 0
1288317 5 1 0
1288367 5 1 2
1288375 5 1 2
1288823 5 46 0
1288823 5 46 0
1288889 5 46 2
1288910 5 46 2
1288942 5 47 0
1288942 5 47 0
1289017 5 47 2
1289025 5 47 2
1289169 5 12 0
1289169 5 12 0
1289203 5 12 2
1289215 5 12 2
1289699 5 1 0
1289699 5 1 0
1289749 5 1 2
1289768 5 1 2
1290216 5 46 0
1290216 5 46 0
1290282 5 46 2
1290295 5 46 2
1290327 5 47 0
1290327 5 47 0
1290401 5 47 2
1290417 5 47 2
1290561 5 12 0
1290561 5 12 0
1290595 5 12 2
1290603 5 12 2
1290991 5 1 0
1290991 5 1 0
1291041 5 1 2
1291050 5 1 2
1291498 5 46 0
1291498 5 46 0
1291564 5 46 2
1291583 5 46 2
1291615 5 47 0
1291615 5 47 0
1291689 5 47 2
1291696 5 47 2
1291840 5 12 0
1291840 5 12 0
1291874 5 12 2
1291882 5 12 2
1292366 5 1 0
1292366 5 1 0
1292416 5 1 2
1292435 5 1 2
1292883 5 46 0
1292883 5 46 0
1292949 5 46 2
1292967 5 46 2
1292999 5 47 0
1292999 5 47 0
1293073 5 47 2
1293082 5 47 2
1293226 5 12 0
1293226 5 12 0
1293260 5 12 2
1293268 5 12 2
1293752 5 1 0
1293752 5 1 0
1293802 5 1 2
1293819 5 1 2
1294267 5 46 0
1294267 5 46 0
1294334 5 46 2
1294351 5 46 2
1294383 5 47 0
1294383 5 47 0
1294457 5 47 2
1294466 5 47 2
1294618 5 61 0
1294618 5 61 0
1294692 5 61 2
1294710 5 61 2
1294734 5 62 0
1294734 5 62 0
1294816 5 62 2
1294824 5 62 2
1295100 5 63 0
1295100 5 63 0
1295190 5 63 2
1295225 5 63 2
1295649 5 12 0
1295649 5 12 0
1295683 5 12 2
1295717 5 12 2
1296369 5 1 0
1296369 5 1 0
1296419 5 1 2
1296426 5 1 2
1296874 5 46 0
1296874 5 46 0
1296940 5 46 2
1296947 5 46 2
1296979 5 47 0
1296979 5 47 0
1297053 5 47 2
1297061 5 47 2
1297937 5 12 0
1297937 5 12 0
1297971 5 12 2
1298005 5 12 2
1298657 5 1 0
1298657 5 1 0
1298707 5 1 2
1298750 5 1 2
1299198 5 46 0
1299198 5 46 0
1299264 5 46 2
1299272 5 46 2
1299304 5 47 0
1299304 5 47 0
1299378 5 47 2
1299386 5 47 2
1299530 5 12 0
1299530 5 12 0
1299564 5 12 2
1299572 5 12 2
1300176 5 1 0
1300176 5 1 0
1300226 5 1 2
1300264 5 1 2
1300552 5 62 0
1300552 5 62 0
1300634 5 62 2
1300642 5 62 2
1300766 5 61 0
1300766 5 61 0
1300840 5 61 2
1300849 5 61 2
1301043 5 7 2
1301385 5 1 0
1301385 5 1 0
1301435 5 1 2
1301485 5 1 2
1301569 5 58 0
1301569 5 58 0
1301667 5 58 2
1301684 5 58 2
1301764 5 59 0
1301764 5 59 0
1301854 5 59 2
1301871 5 59 2
1310731 5 40 2
1319291 5 3 2
1320198 5 3 2
1326118 5 2 0
1326119 5 2 2
1327614 5 3 2
1327999 5 3 2
1329005 5 2 0
1329006 5 7 1
1329177 5 2 2
1329227 5 7 2
1329378 5 3 2
1352475 5 2 0
1352476 5 7 1
1352647 5 2 2
1352697 5 7 2
1376182 5 2 0
1376183 5 2 2
1378054 5 2 0
1378055 5 2 2
1380975 5 7 1
1381147 5 2 2
1381197 5 7 2
1404375 5 2 0
1404376 5 7 1
1404547 5 2 2
1404597 5 7 2
1426754 5 3 0
1426755 5 3 2
1439840 5 2 0
1439841 5 3 0
1439841 5 2 2
1442825 5 2 0
1442826 5 2 2
1462218 5 2 0
1462219 5 0 0
1464969 5 2 0
1464970 5 5 0
1464970 5 2 2
1464980 5 2 2
1491778 5 15 0
1491778 5 15 0
1491820 5 15 2
1491828 5 15 2
1492036 5 5 0
1492045 5 2 0
1492045 5 5 2
1492096 5 5 2
1492364 5 55 0
1492501 5 55 2
1492557 5 19 0
1492623 5 19 2
1492679 5 56 0
1492679 5 56 0
1492794 5 56 2
1492812 5 56 2
1492876 5 57 0
1492876 5 57 0
1492888 5 4 2
1492982 5 57 2
1493007 5 57 2
1493015 5 33 0
1493121 5 33 2
1493173 5 19 0
1493250 5 19 2
1493304 5 4 2
1493310 5 19 0
1493502 5 19 2
1493518 5 19 0
1493601 5 19 2
1493652 5 6 2
1493653 5 19 0
1493874 5 19 2
1493929 5 6 2
1493938 5 19 0
1494032 5 19 2
1494054 5 3 2
1494086 5 9 2
1494171 5 7 2
1494256 5 35 0
1494256 5 35 0
1494322 5 35 2
1494363 5 35 2
1494403 5 36 0
1494403 5 36 0
1494461 5 36 2
1494510 5 36 2
2067418 5 37 0
2067418 5 37 0
2067468 5 37 2
2067475 5 37 2
2067527 5 1 2
2067607 5 8 0
2067607 5 8 0
2067632 5 6 2
2067674 5 8 2
2067689 5 8 2
2067712 5 0 2
2067737 5 0 0
2067737 5 0 0
2067795 5 0 2
2067813 5 0 2
2067823 5 8 2
2067901 5 36 0
2067901 5 36 0
2067934 5 4 2
2067959 5 36 2
2068000 5 36 2
2068016 5 2 2
2068032 5 38 0
2068032 5 38 0
2068090 5 38 2
2068148 5 38 2
2068308 5 54 0
2068308 5 54 0
2068382 5 54 2
2068390 5 54 2
2068418 5 56 0
2068418 5 56 0
2068519 5 1 2
2068532 5 56 2
2068542 5 56 2
2068546 5 12 0
2068546 5 12 0
2068580 5 12 2
2068588 5 12 2
2068596 5 57 0
2068596 5 57 0
2068649 5 0 2
2068677 5 1 2
2068702 5 57 2
2068710 5 57 2
2068766 5 37 0
2068766 5 37 0
2068808 5 0 2
2068817 5 37 2
2068822 5 37 2
2068838 5 40 0
2068838 5 40 0
2068870 5 1 2
2068892 5 8 2
2068936 5 40 2
2068953 5 40 2
2069017 5 0 2
2069027 5 4 2
2069052 5 8 2
2069069 5 35 0
2069069 5 35 0
2069129 5 6 2
2069135 5 35 2
2069168 5 35 2
2069186 5 4 2
2069250 5 8 2
2069326 5 6 2
2069383 5 4 2
2069518 5 6 2
2069819 5 2 2
2070024 5 47 0
2070024 5 47 0
2070098 5 47 2
2070106 5 47 2
2070130 5 11 0
2070130 5 11 0
2070172 5 11 2
2070180 5 11 2
2070242 5 1 2
2070261 5 2 2
2070308 5 1 0
2070308 5 1 0
2070341 5 1 2
2070358 5 1 2
2070366 5 1 2
2070412 5 0 2
2070518 5 0 2
2070536 5 1 2
2070630 5 8 2
2070722 5 0 2
2070737 5 8 2
2070761 5 4 2
2070844 5 4 2
2070854 5 2 0
2070868 5 6 2
2070947 5 8 2
2070959 5 6 2
2070968 5 2 2
2071004 5 25 0
2071038 5 4 2
2071090 5 1 2
2071118 5 25 2
2071134 5 31 0
2071161 5 6 2
2071264 5 31 2
2071300 5 33 0
2071375 5 0 2
2071414 5 33 2
2071418 5 36 0
2071516 5 8 2
2071533 5 36 2
2071541 5 4 0
2071541 5 4 0
2071567 5 4 2
2071575 5 4 2
2071604 5 4 2
2071667 5 5 0
2071676 5 40 0
2071677 5 1 2
2071715 5 6 2
2071780 5 5 2
2071812 5 34 0
2071826 5 40 0
2071929 5 34 2
2071949 5 35 0
2071954 5 0 2
2072008 5 2 2
2072064 5 35 2
2072065 5 8 2
2072088 5 32 0
2072098 5 2 2
2072111 5 0 0
2072112 5 40 0
2072201 5 32 2
2072230 5 40 0
2072235 5 4 2
2072292 5 2 2
2072360 5 40 0
2072422 5 6 2
2072547 5 40 0
2072565 5 38 0
2072565 5 38 0
2072623 5 38 2
2072680 5 38 2
2072836 5 46 0
2072836 5 46 0
2072902 5 46 2
2072953 5 46 2
2073005 5 0 0
2073005 5 0 0
2073063 5 0 2
2073064 5 2 2
2073080 5 0 2
2073228 5 47 0
2073228 5 47 0
2073302 5 47 2
2073310 5 47 2
2073326 5 12 0
2073404 5 12 2
2073440 5 47 0
2073561 5 4 2
2073565 5 47 2
2073734 5 2 2
2073875 5 2 0
2073876 5 40 0
2073986 5 4 2
2074136 5 4 2
2074341 5 46 0
2074416 5 46 2
2074440 5 47 0
2074521 5 47 2
2074777 5 63 0
2074777 5 63 0
2074986 5 63 2
2075067 5 63 2
2075124 5 2 2
2075190 5 58 0
2075190 5 58 0
2075288 5 58 2
2075313 5 58 2
2075397 5 46 0
2075397 5 46 0
2075463 5 46 2
2075512 5 46 2
2076456 5 29 0
2076570 5 29 2
2076610 5 30 0
2076732 5 30 2
2076776 5 17 0
2076890 5 17 2
2076946 5 18 0
2077060 5 18 2
2077108 5 19 0
2077222 5 19 2
2077258 5 21 0
2077372 5 21 2
2077404 5 22 0
2077526 5 22 2
2079574 5 0 2
2080162 5 2 0
2080163 5 0 0
3044281 5 38 0
3044281 5 38 0
3044480 5 38 2
3044505 5 38 2
3045790 5 2 2
3045957 5 7 0
3046052 5 8 2
3046081 5 7 2
3047157 5 38 0
3047157 5 38 0
3047215 5 38 2
3047312 5 38 2
3047468 5 46 0
3047468 5 46 0
3047534 5 46 2
3047543 5 46 2
3048571 5 46 0
3048571 5 46 0
3048637 5 46 2
3048645 5 46 2
3049213 5 46 0
3049213 5 46 0
3049279 5 46 2
3049328 5 46 2
3050880 5 3 0
3051149 5 3 2
3051205 5 4 2
3051209 5 3 0
3051669 5 3 2
3051781 5 0 2
3051789 5 3 0
3052231 5 3 2
4020833 5 38 0
4020833 5 38 0
4020891 5 38 2
4020953 5 38 2
4022343 5 2 2
4022821 5 8 2
4022849 5 15 0
4022849 5 15 0
4022892 5 15 2
4022897 5 15 2
4022985 5 38 0
4022985 5 38 0
4023008 5 4 2
4023043 5 38 2
4023100 5 38 2
4023123 5 6 2
4023242 5 1 2
4023256 5 46 0
4023256 5 46 0
4023322 5 46 2
4023331 5 46 2
4023607 5 8 2
4024359 5 46 0
4024359 5 46 0
4024425 5 46 2
4024433 5 46 2
4025193 5 38 0
4025193 5 38 0
4025259 5 38 2
4025311 5 38 2
4997405 5 38 0
4997405 5 38 0
4997523 5 38 2
4997860 5 38 2
4998911 5 2 2
4999141 5 8 2
4999844 5 38 0
4999844 5 38 0
4999902 5 38 2
4999959 5 38 2
5001903 5 38 0
5001903 5 38 0
5001961 5 38 2
5001969 5 38 2
5973966 5 38 0
5973966 5 38 0
5974236 5 38 2
5974311 5 38 2
5975470 5 2 2
5975826 5 8 2
5976295 5 38 0
5976295 5 38 0
5976353 5 38 2
5976420 5 38 2
5978364 5 38 0
5978364 5 38 0
5978422 5 38 2
5978430 5 38 2
