0 23 51 0
2835 23 51 2
2839 23 22 0
4877 23 22 2
4889 23 1 0
5744 23 1 2
5764 23 24 0
5925 23 24 2
8031 23 63 1
8234 23 2 2
8315 23 63 2
18563 23 63 1
18765 23 2 2
18847 23 63 2
39655 23 63 1
39854 23 2 2
39935 23 63 2
105735 23 63 1
105935 23 2 2
106017 23 63 2
114366 23 63 1
114564 23 0 2
114661 23 63 2
129095 23 63 1
129295 23 2 2
129377 23 63 2
143560 23 4 0
147244 23 4 2
147296 23 44 0
149126 23 44 2
149138 23 5 0
149301 23 5 2
149313 23 45 0
149668 23 45 2
149736 23 24 0
149902 23 24 2
149934 23 25 0
150081 23 25 2
150089 23 26 0
150191 23 26 2
150231 23 27 0
150338 23 27 2
150358 23 33 0
151681 23 33 2
151701 23 35 0
151798 23 35 2
151806 23 41 0
152431 23 41 2
152447 23 42 0
152728 23 42 2
152760 23 1 0
152946 23 1 2
152982 23 36 0
153124 23 36 2
153136 23 43 0
153824 23 43 2
153840 23 17 0
153957 23 17 2
154049 23 27 0
154140 23 27 2
154144 23 37 0
154278 23 37 2
154290 23 17 0
154438 23 17 2
154446 23 15 0
154559 23 15 2
154599 23 16 0
155995 23 16 2
156035 23 18 0
156167 23 18 2
156191 23 61 0
156710 23 61 2
156722 23 54 0
156736 23 63 1
156934 23 3 2
157008 23 63 2
157058 23 54 2
157078 23 9 0
157168 23 9 2
157176 23 19 0
157265 23 19 2
157269 23 35 0
157350 23 63 1
157584 23 21 2
157625 23 63 2
157762 23 35 2
157778 23 53 0
157806 23 63 1
158004 23 39 2
158026 23 53 2
158044 23 63 2
158066 23 33 0
158187 23 33 2
158199 23 36 0
158295 23 36 2
158315 23 40 0
158726 23 40 2
158750 23 37 0
158765 23 63 1
158841 23 37 2
158945 23 38 0
158964 23 62 2
159037 23 63 2
159038 23 38 2
159042 23 48 0
159361 23 48 2
159385 23 8 0
159492 23 8 2
159500 23 29 0
159773 23 29 2
159813 23 0 0
159939 23 0 2
159951 23 38 0
160054 23 38 2
160070 23 39 0
160313 23 39 2
160317 23 39 0
160489 23 63 1
160754 23 57 2
160867 23 63 2
161042 23 39 2
161098 23 36 0
161195 23 36 2
161227 23 38 0
161430 23 38 2
161446 23 51 0
161566 23 51 2
161622 23 37 0
161889 23 37 2
161897 23 52 0
162067 23 52 2
162103 23 45 0
162386 23 45 2
162406 23 53 0
162574 23 53 2
162598 23 54 0
163108 23 54 2
163124 23 11 0
163277 23 63 1
163504 23 4 2
163530 23 11 2
163542 23 56 0
163568 23 63 2
163569 23 4 0
163658 23 4 0
163747 23 4 0
163822 23 4 0
163911 23 4 0
163995 23 4 0
164078 23 4 0
164202 23 4 0
164314 23 4 0
164394 23 4 0
164486 23 4 0
164631 23 4 0
164730 23 4 0
164904 23 4 0
165027 23 4 0
165177 23 4 0
165179 23 56 2
165183 23 12 0
165316 23 4 0
165410 23 4 0
165450 23 12 2
165458 23 57 0
165525 23 4 0
165626 23 57 2
165630 23 2 0
165713 23 4 0
165855 23 4 0
165974 23 4 0
165974 23 2 2
166026 23 37 0
166091 23 4 0
166162 23 37 2
166178 23 40 0
166198 23 4 0
166348 23 40 2
166354 23 63 1
166404 23 58 0
166466 23 4 0
166535 23 58 2
166554 23 52 2
166595 23 4 0
166595 23 35 0
166634 23 63 2
166698 23 4 0
166726 23 35 2
166730 23 50 0
166789 23 4 0
166902 23 4 0
166941 23 50 2
166961 23 62 0
167015 23 4 0
167098 23 4 0
167224 23 4 0
167529 23 4 0
167663 23 4 0
167772 23 4 0
167882 23 4 0
167985 23 4 0
168034 23 62 2
168062 23 38 0
168106 23 4 0
168236 23 4 0
168336 23 4 0
168397 23 38 2
168469 23 63 0
168477 23 4 0
168611 23 4 0
168725 23 4 0
168767 23 63 2
168807 23 12 0
168839 23 4 0
168955 23 4 0
169054 23 4 0
169060 23 12 2
169084 23 2 0
169142 23 4 0
169212 23 2 2
169236 23 13 0
169273 23 4 0
169391 23 4 0
169513 23 13 2
169537 23 4 0
169609 23 3 0
169731 23 4 0
169743 23 3 2
169783 23 23 0
169872 23 4 0
169998 23 23 2
170009 23 4 0
170014 23 24 0
170126 23 4 0
170131 23 24 2
170239 23 58 0
170278 23 4 0
170432 23 4 0
170537 23 58 2
170545 23 25 0
170589 23 4 0
170710 23 25 2
170718 23 4 0
170738 23 26 0
170848 23 4 0
170865 23 26 2
170945 23 0 0
171018 23 4 0
171051 23 0 2
171059 23 3 0
171141 23 4 0
171141 23 3 2
171185 23 4 0
171255 23 4 0
171318 23 4 2
171414 23 5 0
171468 23 4 0
171588 23 5 2
171628 23 15 0
172108 23 15 2
172116 23 14 0
172494 23 14 2
172506 23 50 0
172690 23 50 2
172718 23 6 0
172895 23 6 2
172915 23 4 0
173025 23 4 2
173033 23 8 0
173494 23 8 2
173498 23 47 0
174038 23 47 2
174046 23 49 0
174596 23 49 2
174612 23 11 0
174694 23 11 2
174730 23 5 0
174806 23 5 2
174830 23 37 0
175150 23 37 2
175214 23 4 0
175295 23 4 2
175299 23 1 0
175428 23 1 2
175456 23 27 0
175555 23 27 2
175563 23 2 0
175655 23 2 2
175667 23 11 0
175950 23 11 2
175958 23 7 0
176091 23 7 2
176111 23 3 0
176196 23 3 2
176304 23 6 0
176408 23 6 2
176428 23 9 0
176896 23 9 2
177068 23 8 0
177545 23 8 2
177557 23 11 0
177641 23 11 2
177661 23 12 0
177735 23 12 2
177759 23 16 0
178310 23 16 2
178318 23 13 0
178391 23 13 2
178439 23 2 0
178529 23 2 2
178565 23 14 0
178659 23 14 2
178663 23 17 0
179537 23 17 2
179545 23 15 0
179810 23 15 2
179830 23 18 0
180106 23 18 2
180130 23 4 0
180261 23 4 2
180301 23 40 0
180431 23 40 2
180435 23 38 0
180435 23 38 0
180477 23 38 2
180758 23 38 2
180766 23 27 0
180885 23 27 2
180905 23 35 0
181027 23 35 2
181083 23 28 0
181216 23 28 2
181284 23 3 0
181409 23 3 2
181413 23 46 0
181748 23 46 2
181768 23 4 0
181896 23 4 2
181928 23 0 0
182038 23 0 2
182042 23 29 0
182178 23 29 2
182322 23 47 0
182740 23 47 2
182812 23 30 0
183075 23 30 2
183427 23 31 0
183681 23 31 2
183685 23 44 0
183847 23 44 2
183855 23 43 0
184036 23 43 2
184168 23 32 0
184300 23 32 2
184372 23 33 0
184497 23 33 2
184545 23 33 0
184687 23 33 2
184695 23 27 0
184916 23 27 2
185020 23 54 0
185595 23 54 2
185607 23 28 0
185736 23 28 2
185752 23 46 0
186035 23 46 2
186043 23 56 0
186265 23 56 2
186281 23 47 0
186500 23 47 2
186600 23 41 0
186779 23 41 2
186827 23 61 0
187063 23 61 2
187067 23 39 0
187290 23 39 2
187302 23 7 0
187607 23 7 2
187667 23 8 0
187778 23 8 2
187810 23 63 0
187998 23 63 2
188106 23 0 0
188212 23 0 2
188240 23 57 0
188407 23 57 2
188475 23 58 0
188626 23 58 2
188710 23 46 0
188710 23 46 0
188760 23 46 2
188971 23 46 2
188983 23 59 0
189652 23 59 2
189684 23 32 0
189811 23 32 2
189819 23 50 0
189976 23 50 2
190052 23 60 0
190208 23 60 2
190216 23 62 0
190544 23 62 2
190548 23 3 0
190703 23 3 2
190715 23 5 0
190825 23 5 2
190853 23 17 0
190978 23 17 2
190998 23 6 0
191154 23 6 2
191246 23 11 0
191550 23 11 2
191558 23 10 0
191648 23 10 2
191668 23 11 0
191786 23 11 2
191794 23 6 0
191941 23 6 2
191977 23 36 0
192274 23 36 2
192334 23 12 0
192489 23 12 2
192497 23 0 0
192613 23 0 2
192737 23 15 0
192737 23 15 0
192763 23 15 2
192911 23 15 2
193031 23 7 0
193246 23 7 2
193262 23 0 0
193520 23 0 2
193668 23 9 0
193819 23 9 2
193851 23 8 0
193963 23 8 2
193991 23 47 0
194149 23 63 1
194210 23 47 2
194318 23 14 0
194364 23 0 2
194550 23 14 2
194556 23 63 2
194822 23 61 0
195027 23 61 2
195099 23 54 0
195322 23 54 2
195354 23 55 0
195648 23 55 2
195876 23 40 0
196009 23 40 2
196037 23 49 0
196167 23 49 2
196179 23 51 0
196317 23 63 1
196327 23 51 2
196347 23 37 0
196437 23 37 2
196441 23 20 0
196514 23 0 2
196515 23 20 2
196531 23 3 0
196611 23 63 2
196849 23 3 2
196941 23 21 0
197015 23 21 2
197023 23 56 0
197170 23 56 2
197190 23 57 0
197338 23 57 2
197426 23 58 0
197557 23 58 2
197637 23 59 0
197767 23 59 2
197791 23 63 0
197920 23 63 2
198004 23 33 0
198140 23 33 2
199559 23 0 2
200404 23 2 2
206409 23 63 1
206644 23 0 2
206741 23 63 2
208113 23 63 1
208314 23 2 2
208395 23 63 2
230185 23 63 1
230385 23 2 2
230467 23 63 2
235051 23 63 1
235255 23 16 2
235337 23 63 2
235369 23 63 1
235565 23 38 2
235615 23 63 2
235887 23 63 1
236085 23 50 2
236183 23 63 2
253505 23 63 1
253705 23 2 2
253787 23 63 2
335757 23 63 1
335954 23 2 2
336035 23 63 2
448415 23 2 2
506570 23 2 0
506571 23 63 1
506767 23 2 2
506848 23 63 2
518245 23 63 1
518447 23 2 2
518528 23 63 2
561033 23 3 0
562171 23 63 1
562367 23 2 2
562448 23 63 2
577797 23 63 1
577997 23 3 2
578070 23 63 2
580247 23 2 0
580248 23 2 2
593309 23 63 1
593507 23 3 2
593580 23 63 2
600543 23 2 0
600544 23 63 1
600748 23 2 2
600830 23 63 2
609025 23 2 0
609025 23 3 2
620628 23 63 1
620827 23 3 2
620900 23 63 2
623883 23 2 0
623884 23 63 1
624088 23 2 2
624170 23 63 2
633961 23 2 0
651273 23 2 0
651274 23 63 1
651478 23 2 2
651560 23 63 2
665447 23 63 1
665648 23 3 2
665722 23 63 2
674613 23 63 1
674808 23 2 2
674890 23 63 2
696719 23 3 0
699921 23 15 0
699921 23 15 0
699947 23 15 2
699955 23 15 2
700043 23 30 0
700133 23 30 2
700145 23 24 0
700259 23 24 2
700359 23 25 0
700465 23 25 2
700473 23 23 0
700482 23 3 0
700482 23 23 2
700556 23 23 2
700620 23 26 0
700720 23 26 2
700784 23 27 0
700874 23 27 2
700906 23 34 0
701028 23 34 2
701040 23 26 0
701154 23 26 2
701250 23 55 0
701388 23 55 2
701396 23 27 0
701510 23 27 2
701558 23 61 0
701742 23 61 2
701746 23 28 0
701817 23 19 2
701860 23 28 2
701880 23 61 0
702434 23 61 2
702466 23 60 0
702509 23 9 2
702613 23 60 2
702629 23 61 0
702642 23 1 2
702775 23 61 2
702795 23 41 0
703138 23 41 2
703174 23 36 0
703280 23 36 2
703332 23 61 0
707613 23 61 2
707621 23 19 0
707689 23 15 2
707703 23 19 2
707707 23 61 0
711133 23 61 2
711208 23 34 2
711217 23 61 0
719978 23 61 2
720030 23 29 0
720053 23 25 2
720144 23 29 2
720160 23 61 0
734214 23 61 2
734289 23 59 2
734314 23 32 0
734436 23 32 2
734520 23 28 0
734610 23 28 2
734662 23 2 0
734752 23 2 2
734764 23 29 0
734854 23 29 2
734886 23 4 0
734968 23 4 2
734976 23 35 0
735074 23 35 2
742964 23 2 0
742965 23 63 1
743168 23 2 2
743250 23 63 2
754870 23 63 1
755067 23 2 2
755148 23 63 2
759670 23 63 1
759867 23 2 2
759948 23 63 2
800752 23 2 2
862506 23 5 2
869431 23 63 1
869643 23 3 2
869716 23 63 2
871771 23 2 0
871771 23 3 2
872635 23 3 0
872636 23 63 1
872843 23 3 2
872916 23 63 2
891488 23 2 0
896315 23 3 0
896316 23 63 1
896523 23 3 2
896596 23 63 2
897856 23 2 0
897857 23 3 0
901774 23 3 0
901774 23 2 2
903642 23 63 1
903843 23 3 2
903916 23 63 2
905481 23 2 0
905481 23 3 2
907511 23 2 0
907512 23 63 1
907714 23 2 2
907796 23 63 2
908220 23 2 0
908221 23 63 1
908423 23 2 2
908442 23 2 0
908504 23 63 2
910318 23 2 0
912603 23 3 0
920929 23 2 0
920932 23 2 2
922357 23 2 0
922358 23 63 1
922554 23 2 2
922636 23 63 2
933159 23 2 0
933160 23 23 0
933160 23 2 2
933169 23 2 2
952148 23 2 0
952500 23 0 0
953156 23 1 0
953156 23 0 0
953156 23 0 2
953263 23 0 0
953376 23 4 0
953376 23 1 2
953480 23 1 0
953480 23 0 2
953591 23 0 0
953701 23 1 0
953809 23 5 0
953912 23 1 0
953912 23 5 0
953912 23 4 2
954009 23 4 0
954087 23 6 0
954182 23 4 0
954182 23 6 0
954182 23 1 2
954284 23 1 0
954386 23 4 0
954386 23 5 2
954467 23 5 0
954540 23 7 0
954540 23 4 2
954631 23 4 0
954709 23 5 0
954784 23 4 0
954784 23 6 2
954864 23 6 0
954864 23 5 2
954946 23 5 0
955015 23 6 0
955015 23 7 2
955086 23 7 0
955175 23 5 0
955249 23 5 0
955360 23 7 0
955360 23 8 0
955360 23 5 0
955360 23 6 2
955462 23 6 0
955565 23 10 0
955657 23 10 0
955747 23 6 0
955747 23 7 0
955747 23 10 0
955747 23 8 2
955851 23 8 0
955951 23 9 0
956042 23 11 0
956042 23 9 0
956042 23 7 2
956144 23 7 0
956144 23 10 2
956259 23 10 0
956342 23 12 0
956419 23 12 0
956505 23 7 0
956505 23 10 0
956505 23 12 0
956505 23 9 2
956599 23 9 0
956599 23 11 2
956691 23 11 0
956691 23 8 2
956790 23 8 0
956892 23 11 0
956983 23 9 0
957075 23 10 0
957075 23 9 0
957075 23 12 2
957168 23 12 0
957243 23 7 0
957314 23 7 0
957415 23 7 0
957475 23 7 0
957566 23 9 0
957566 23 10 0
957566 23 14 0
957566 23 15 0
957566 23 7 0
957566 23 11 2
957655 23 11 0
957757 23 16 0
957857 23 16 0
957957 23 16 0
958058 23 16 0
958158 23 16 0
958249 23 10 0
958249 23 11 0
958249 23 12 0
958249 23 13 0
958249 23 17 0
958249 23 16 0
958249 23 14 2
958355 23 14 0
958355 23 15 2
958430 23 15 0
958533 23 18 0
958624 23 7 0
958624 23 18 0
958624 23 17 2
958717 23 17 0
958801 23 19 0
958801 23 12 2
958878 23 12 0
958969 23 17 0
959071 23 7 0
959071 23 17 0
959071 23 10 2
959164 23 10 0
959164 23 18 2
959248 23 18 0
959331 23 17 0
959331 23 16 2
959425 23 16 0
959425 23 13 2
959526 23 13 0
959596 23 15 0
959597 23 23 0
959606 23 2 0
959606 23 23 2
959688 23 23 2
959695 23 15 0
959762 23 15 0
959855 23 15 0
959906 23 15 0
959956 23 55 0
960005 23 15 0
960091 23 15 0
960094 23 55 2
960150 23 23 0
960182 23 15 0
960241 23 15 0
960295 23 15 0
960355 23 7 0
960355 23 9 0
960355 23 10 0
960355 23 12 0
960355 23 13 0
960355 23 16 0
960355 23 17 0
960355 23 21 0
960355 23 22 0
960355 23 15 0
960355 23 20 2
960446 23 20 0
960549 23 16 0
960630 23 23 2
960640 23 16 0
960686 23 56 0
960739 23 16 0
960832 23 56 2
960839 23 16 0
960896 23 57 0
960941 23 16 0
961042 23 16 0
961042 23 57 2
961102 23 23 0
961142 23 9 0
961142 23 12 0
961142 23 15 0
961142 23 23 0
961142 23 24 0
961142 23 25 0
961142 23 16 0
961142 23 21 2
961154 23 21 2
961241 23 21 0
961241 23 23 2
961303 23 23 2
961313 23 23 0
961362 23 13 2
961363 23 23 0
961411 23 13 0
961488 23 13 0
961581 23 13 0
961681 23 13 0
961765 23 13 0
961848 23 9 0
961848 23 10 0
961848 23 12 0
961848 23 16 0
961848 23 27 0
961848 23 13 0
961848 23 25 2
961955 23 25 0
962046 23 20 0
962147 23 9 0
962147 23 20 0
962147 23 19 2
962232 23 19 0
962307 23 13 0
962400 23 13 0
962491 23 13 0
962591 23 9 0
962591 23 16 0
962591 23 18 0
962591 23 13 0
962591 23 27 2
962687 23 27 0
962779 23 7 0
962890 23 7 0
962989 23 7 0
963072 23 7 0
963139 23 7 0
963215 23 9 0
963215 23 10 0
963215 23 13 0
963215 23 28 0
963215 23 29 0
963215 23 7 0
963215 23 24 2
963331 23 24 0
963430 23 20 0
963507 23 13 0
963507 23 20 0
963507 23 22 2
963569 23 22 0
963674 23 27 0
963757 23 27 0
963832 23 13 0
963832 23 21 0
963832 23 27 0
963832 23 29 2
963910 23 29 0
964021 23 9 0
964113 23 9 0
964205 23 9 0
964286 23 23 2
964296 23 9 0
964387 23 9 0
964478 23 9 0
964569 23 9 0
964671 23 9 0
964781 23 9 0
964873 23 9 0
964965 23 9 0
965065 23 9 0
965157 23 9 0
965257 23 9 0
965357 23 9 0
965473 23 9 0
965573 23 9 0
965665 23 7 0
965665 23 10 0
965665 23 12 0
965665 23 13 0
965665 23 15 0
965665 23 17 0
965665 23 18 0
965665 23 19 0
965665 23 20 0
965665 23 21 0
965665 23 23 0
965665 23 24 0
965665 23 25 0
965665 23 26 0
965665 23 29 0
965665 23 30 0
965665 23 28 2
965672 23 32 0
965673 23 9 0
965684 23 28 2
965690 23 23 0
965775 23 28 0
965874 23 33 0
965973 23 33 0
966080 23 33 0
966179 23 16 0
966179 23 29 0
966179 23 38 0
966179 23 33 0
966179 23 30 2
966283 23 30 0
966354 23 31 0
966451 23 31 0
966526 23 31 0
966585 23 31 0
966668 23 31 0
966735 23 31 0
966785 23 31 0
966844 23 31 0
966903 23 31 0
966979 23 31 0
967012 23 23 2
967022 23 31 0
967113 23 31 0
967181 23 31 0
967249 23 31 0
967309 23 31 0
967401 23 31 0
967477 23 31 0
967529 23 7 0
967529 23 13 0
967529 23 15 0
967529 23 17 0
967529 23 19 0
967529 23 20 0
967529 23 21 0
967529 23 22 0
967529 23 23 0
967529 23 25 0
967529 23 27 0
967529 23 28 0
967529 23 29 0
967529 23 35 0
967529 23 36 0
967529 23 37 0
967529 23 32 2
967535 23 38 0
967536 23 31 0
967542 23 32 2
967552 23 23 0
967660 23 32 0
967767 23 28 0
967858 23 28 0
967933 23 28 0
968032 23 13 0
968032 23 24 0
968032 23 34 0
968032 23 28 0
968032 23 26 2
968127 23 26 0
968218 23 12 0
968309 23 26 0
968309 23 12 0
968309 23 33 2
968417 23 33 0
968523 23 9 0
968615 23 9 0
968706 23 9 0
968797 23 9 0
968905 23 9 0
968996 23 9 0
969095 23 10 0
969095 23 15 0
969095 23 18 0
969095 23 22 0
969095 23 29 0
969095 23 39 0
969095 23 9 0
969095 23 31 2
969202 23 31 0
969283 23 30 0
969379 23 30 0
969479 23 30 0
969586 23 30 0
969677 23 30 0
969792 23 16 0
969792 23 19 0
969792 23 25 0
969792 23 40 0
969792 23 41 0
969792 23 30 0
969792 23 38 2
969904 23 38 0
970030 23 49 0
970145 23 28 0
970145 23 49 0
970145 23 35 2
970261 23 35 0
970360 23 42 0
970459 23 42 0
970559 23 26 0
970559 23 43 0
970559 23 42 0
970559 23 34 2
970661 23 34 0
970661 23 36 2
970754 23 36 0
970828 23 30 0
970931 23 30 0
970972 23 23 2
970982 23 30 0
971041 23 30 0
971100 23 30 0
971199 23 30 0
971250 23 30 0
971333 23 30 0
971401 23 30 0
971476 23 30 0
971543 23 30 0
971634 23 30 0
971701 23 30 0
971768 23 10 0
971768 23 12 0
971768 23 13 0
971768 23 15 0
971768 23 21 0
971768 23 22 0
971768 23 23 0
971768 23 26 0
971768 23 28 0
971768 23 33 0
971768 23 46 0
971768 23 47 0
971768 23 53 0
971768 23 30 0
971768 23 43 2
971783 23 43 2
971788 23 23 0
971878 23 43 0
971977 23 15 0
972058 23 15 0
972117 23 7 0
972117 23 13 0
972117 23 15 0
972117 23 37 2
972195 23 37 0
972270 23 20 0
972371 23 20 0
972446 23 20 0
972513 23 20 0
972604 23 20 0
972703 23 20 0
972779 23 20 0
972870 23 20 0
972969 23 15 0
972969 23 16 0
972969 23 18 0
972969 23 25 0
972969 23 33 0
972969 23 38 0
972969 23 51 0
972969 23 54 0
972969 23 20 0
972969 23 40 2
973094 23 40 0
973209 23 34 0
973209 23 47 2
973309 23 47 0
973427 23 25 0
973534 23 25 0
973649 23 25 0
973748 23 25 0
973855 23 25 0
973946 23 16 0
973946 23 27 0
973946 23 44 0
973946 23 47 0
973946 23 52 0
973946 23 25 0
973946 23 54 2
974068 23 54 0
974142 23 47 0
974227 23 47 0
974276 23 23 2
974286 23 47 0
974401 23 47 0
974460 23 23 0
974460 23 29 0
974460 23 31 0
974460 23 58 0
974460 23 47 0
974460 23 51 2
974469 23 51 2
974480 23 23 0
974572 23 51 0
974694 23 9 0
974793 23 9 0
974901 23 9 0
975032 23 9 0
975139 23 9 0
975271 23 30 0
975271 23 35 0
975271 23 36 0
975271 23 48 0
975271 23 62 0
975271 23 9 0
975271 23 41 2
975393 23 41 0
975508 23 12 0
975583 23 12 0
975658 23 12 0
975773 23 12 0
975912 23 7 0
975912 23 30 0
975912 23 41 0
975912 23 56 0
975912 23 12 0
975912 23 42 2
976041 23 42 0
976139 23 22 0
976201 23 23 2
976211 23 22 0
976302 23 23 0
976302 23 43 0
976302 23 22 0
976302 23 53 2
976311 23 53 2
976321 23 23 0
976396 23 53 0
976511 23 25 0
976626 23 40 0
976626 23 25 0
976626 23 58 2
976751 23 58 0
976867 23 36 0
976942 23 36 0
977017 23 36 0
977117 23 36 0
977192 23 36 0
977283 23 36 0
977374 23 36 0
977457 23 36 0
977564 23 36 0
977639 23 2 0
977639 23 10 0
977639 23 13 0
977639 23 18 0
977639 23 21 0
977639 23 26 0
977639 23 28 0
977639 23 37 0
977639 23 38 0
977639 23 36 0
977639 23 48 2
977775 23 48 0
977897 23 17 0
977897 23 44 2
978005 23 44 0
978120 23 32 0
978217 23 23 2
978227 23 32 0
978350 23 32 0
978457 23 32 0
978588 23 32 0
978719 23 23 0
978719 23 28 0
978719 23 54 0
978719 23 58 0
978719 23 63 0
978719 23 32 0
978719 23 56 2
978728 23 56 2
978733 23 23 0
978858 23 56 0
978989 23 37 0
979080 23 37 0
979155 23 37 0
979262 23 37 0
979353 23 37 0
979452 23 37 0
979543 23 37 0
979618 23 37 0
979717 23 37 0
979801 23 37 0
979869 23 7 0
979869 23 17 0
979869 23 18 0
979869 23 22 0
979869 23 24 0
979869 23 28 0
979869 23 34 0
979869 23 47 0
979869 23 60 0
979869 23 61 0
979869 23 37 0
979869 23 63 2
979996 23 63 0
980094 23 13 0
980163 23 13 0
980254 23 13 0
980361 23 13 0
980452 23 9 0
980452 23 15 0
980452 23 33 0
980452 23 54 0
980452 23 13 0
980452 23 52 2
980570 23 52 0
980685 23 33 0
980792 23 33 0
980891 23 33 0
980998 23 33 0
981122 23 33 0
981229 23 33 0
981344 23 33 0
981443 23 33 0
981559 23 33 0
981666 23 33 0
981773 23 33 0
981872 23 33 0
981971 23 7 0
981971 23 9 0
981971 23 13 0
981971 23 25 0
981971 23 29 0
981971 23 35 0
981971 23 38 0
981971 23 40 0
981971 23 41 0
981971 23 44 0
981971 23 63 0
981971 23 33 0
981971 23 45 2
982086 23 45 0
982200 23 58 0
982315 23 29 0
982315 23 58 0
982315 23 39 2
982434 23 39 0
982513 23 30 0
982632 23 30 0
982673 23 23 2
982683 23 30 0
982766 23 30 0
982833 23 30 0
982908 23 30 0
982991 23 30 0
983092 23 30 0
983159 23 30 0
983226 23 30 0
983285 23 30 0
983362 23 30 0
983453 23 30 0
983544 23 30 0
983643 23 30 0
983758 23 30 0
983865 23 30 0
983972 23 2 0
983972 23 9 0
983972 23 13 0
983972 23 15 0
983972 23 18 0
983972 23 19 0
983972 23 23 0
983972 23 28 0
983972 23 34 0
983972 23 37 0
983972 23 40 0
983972 23 41 0
983972 23 42 0
983972 23 44 0
983972 23 50 0
983972 23 52 0
983972 23 61 2
983978 23 54 0
983979 23 30 0
983989 23 61 2
983993 23 23 0
984109 23 61 0
984240 23 9 0
984355 23 41 0
984355 23 9 0
984355 23 49 2
984480 23 49 0
984595 23 41 0
984711 23 41 0
984818 23 41 0
984925 23 19 0
984925 23 44 0
984925 23 55 0
984925 23 41 0
984925 23 46 2
985037 23 46 0
985121 23 53 0
985212 23 53 0
985303 23 53 0
985386 23 53 0
985501 23 53 0
985624 23 53 0
985731 23 9 0
985731 23 26 0
985731 23 39 0
985731 23 49 0
985731 23 52 0
985731 23 63 0
985731 23 53 0
985731 23 55 2
985849 23 55 0
985916 23 39 0
986022 23 39 0
986092 23 39 0
986133 23 23 2
986143 23 39 0
986262 23 39 0
986353 23 23 0
986353 23 29 0
986353 23 40 0
986353 23 44 0
986353 23 61 0
986353 23 39 0
986353 23 50 2
986362 23 50 2
986373 23 23 0
986472 23 50 0
986580 23 26 0
986663 23 26 0
986771 23 26 0
986886 23 26 0
986985 23 26 0
987112 23 26 0
987222 23 26 0
987295 23 23 2
987305 23 26 0
987394 23 26 0
987485 23 26 0
987603 23 17 0
987603 23 20 0
987603 23 23 0
987603 23 29 0
987603 23 40 0
987603 23 46 0
987603 23 52 0
987603 23 53 0
987603 23 59 0
987603 23 26 0
987603 23 57 2
987614 23 57 2
987619 23 23 0
987736 23 57 0
987858 23 49 0
987963 23 23 2
987973 23 49 0
988096 23 49 0
988211 23 49 0
988326 23 49 0
988451 23 49 0
988566 23 49 0
988682 23 49 0
988797 23 49 0
988928 23 49 0
989043 23 49 0
989166 23 49 0
989284 23 49 0
989404 23 49 0
989524 23 49 0
989647 23 49 0
989764 23 49 0
989884 23 49 0
990004 23 49 0
990124 23 49 0
990244 23 49 0
990364 23 49 0
990487 23 49 0
990615 23 49 0
990735 23 49 0
990858 23 49 0
990975 23 49 0
991095 23 49 0
991215 23 15 0
991215 23 16 0
991215 23 17 0
991215 23 20 0
991215 23 23 0
991215 23 24 0
991215 23 26 0
991215 23 27 0
991215 23 28 0
991215 23 29 0
991215 23 30 0
991215 23 31 0
991215 23 33 0
991215 23 34 0
991215 23 35 0
991215 23 37 0
991215 23 62 2
991221 23 40 0
991222 23 42 0
991223 23 44 0
991224 23 46 0
991225 23 47 0
991226 23 51 0
991227 23 52 0
991228 23 53 0
991229 23 56 0
991230 23 57 0
991231 23 61 0
991232 23 63 0
991233 23 49 0
991251 23 23 0
991251 23 62 2
991368 23 62 0
991451 23 30 0
991546 23 30 0
991605 23 30 0
991680 23 30 0
991721 23 23 2
991731 23 30 0
991814 23 30 0
991881 23 30 0
992012 23 30 0
992072 23 30 0
992155 23 30 0
992246 23 30 0
992329 23 30 0
992396 23 30 0
992487 23 30 0
992547 23 30 0
992614 23 30 0
992683 23 30 0
992750 23 30 0
992817 23 30 0
992900 23 30 0
992983 23 30 0
993083 23 30 0
993198 23 30 0
993289 23 30 0
993385 23 30 0
993445 23 30 0
993525 23 30 0
993617 23 30 0
993695 23 30 0
993818 23 30 0
993909 23 30 0
994008 23 30 0
994135 23 30 0
994245 23 10 0
994245 23 12 0
994245 23 13 0
994245 23 15 0
994245 23 16 0
994245 23 17 0
994245 23 18 0
994245 23 20 0
994245 23 21 0
994245 23 23 0
994245 23 26 0
994245 23 27 0
994245 23 28 0
994245 23 29 0
994245 23 32 0
994245 23 33 0
994245 23 60 2
994251 23 34 0
994252 23 35 0
994253 23 36 0
994254 23 37 0
994255 23 38 0
994256 23 40 0
994257 23 43 0
994258 23 46 0
994259 23 47 0
994260 23 48 0
994261 23 52 0
994262 23 53 0
994263 23 54 0
994264 23 56 0
994265 23 57 0
994266 23 61 0
994267 23 63 0
994268 23 30 0
994284 23 60 2
994289 23 23 0
994396 23 60 0
994494 23 30 0
994573 23 30 0
994640 23 30 0
994699 23 30 0
994798 23 30 0
994839 23 23 2
994849 23 30 0
994932 23 30 0
994999 23 30 0
995066 23 30 0
995133 23 30 0
995224 23 30 0
995315 23 30 0
995366 23 30 0
995449 23 30 0
995508 23 30 0
995575 23 30 0
995642 23 30 0
995765 23 30 0
995856 23 30 0
995947 23 30 0
996054 23 30 0
996145 23 30 0
996220 23 30 0
996303 23 30 0
996387 23 30 0
996463 23 30 0
996565 23 30 0
996680 23 30 0
996771 23 30 0
996847 23 30 0
996955 23 30 0
997055 23 30 0
997130 23 30 0
997215 23 30 0
997315 23 30 0
997375 23 30 0
997459 23 30 0
997551 23 30 0
997651 23 30 0
997727 23 2 0
997727 23 7 0
997727 23 9 0
997727 23 10 0
997727 23 13 0
997727 23 15 0
997727 23 16 0
997727 23 17 0
997727 23 19 0
997727 23 20 0
997727 23 21 0
997727 23 22 0
997727 23 23 0
997727 23 24 0
997727 23 25 0
997727 23 26 0
997727 23 59 2
997733 23 27 0
997734 23 28 0
997735 23 29 0
997736 23 33 0
997737 23 34 0
997738 23 35 0
997739 23 36 0
997740 23 37 0
997741 23 39 0
997742 23 41 0
997743 23 43 0
997744 23 44 0
997745 23 45 0
997746 23 47 0
997747 23 50 0
997748 23 52 0
997749 23 53 0
997750 23 55 0
997751 23 57 0
997752 23 58 0
997753 23 61 0
997754 23 62 0
997755 23 63 0
997756 23 30 0
997758 23 59 2
997767 23 23 0
997880 23 59 0
998003 23 17 0
998094 23 17 0
998185 23 17 0
998284 23 17 0
998375 23 17 0
998474 23 17 0
998573 23 17 0
998672 23 17 0
998763 23 17 0
998862 23 17 0
998969 23 17 0
999052 23 17 0
999159 23 17 0
999282 23 17 0
999405 23 17 0
999513 23 17 0
999628 23 17 0
999735 23 17 0
999826 23 17 0
999899 23 23 2
999909 23 17 0
1000034 23 17 0
1000125 23 17 0
1000248 23 17 0
1000366 23 17 0
1000449 23 17 0
1000549 23 17 0
1000640 23 17 0
1000756 23 17 0
1000847 23 17 0
1000939 23 17 0
1001039 23 17 0
1001141 23 17 0
1001256 23 17 0
1001381 23 17 0
1001476 23 17 0
1001601 23 17 0
1001701 23 17 0
1001787 23 17 0
1001897 23 17 0
1002017 23 17 0
1002137 23 17 0
1002237 23 17 0
1002331 23 17 0
1002447 23 17 0
1002557 23 17 0
1002677 23 17 0
1002787 23 17 0
1002927 23 17 0
1003017 23 17 0
1003107 23 17 0
1003207 23 17 0
1003307 23 17 0
1003427 23 17 0
1003557 23 17 0
1007275 23 2 0
1007275 23 3 2
1012445 23 17 0
1014412 23 2 0
1014412 23 7 0
1014412 23 9 0
1014412 23 10 0
1014412 23 12 0
1014412 23 13 0
1014412 23 15 0
1014412 23 16 0
1014412 23 18 0
1014412 23 19 0
1014412 23 20 0
1014412 23 21 0
1014412 23 22 0
1014412 23 23 0
1014412 23 24 0
1014412 23 25 0
1014412 23 3 2
1014418 23 26 0
1014419 23 27 0
1014420 23 28 0
1014421 23 29 0
1014422 23 30 0
1014423 23 31 0
1014423 23 3 2
1014424 23 32 0
1014425 23 33 0
1014426 23 34 0
1014427 23 35 0
1014428 23 36 0
1014429 23 37 0
1014430 23 38 0
1014431 23 39 0
1014431 23 23 0
1014432 23 40 0
1014433 23 41 0
1014434 23 42 0
1014435 23 43 0
1014436 23 44 0
1014437 23 45 0
1014438 23 46 0
1014439 23 47 0
1014440 23 48 0
1014441 23 49 0
1014442 23 50 0
1014443 23 51 0
1014444 23 52 0
1014445 23 53 0
1014446 23 54 0
1014447 23 55 0
1014448 23 56 0
1014449 23 57 0
1014450 23 58 0
1014451 23 59 0
1014452 23 60 0
1014453 23 61 0
1014454 23 62 0
1014455 23 63 0
1014456 23 17 0
1014589 23 3 0
1014680 23 31 0
1014743 23 23 2
1014753 23 31 0
1014820 23 31 0
1014879 23 31 0
1014946 23 31 0
1014997 23 31 0
1015048 23 31 0
1015115 23 31 0
1015166 23 31 0
1015249 23 31 0
1015324 23 31 0
1015383 23 31 0
1015458 23 31 0
1015541 23 31 0
1015600 23 31 0
1015675 23 31 0
1015734 23 31 0
1015801 23 31 0
1015860 23 31 0
1015951 23 31 0
1016042 23 31 0
1016093 23 31 0
1016160 23 31 0
1016259 23 31 0
1016342 23 31 0
1016409 23 31 0
1016525 23 31 0
1016601 23 31 0
1016692 23 31 0
1016767 23 31 0
1016842 23 31 0
1016925 23 31 0
1017016 23 31 0
1017099 23 31 0
1017231 23 31 0
1017338 23 31 0
1017437 23 31 0
1017536 23 31 0
1017611 23 31 0
1017726 23 31 0
1017817 23 31 0
1017916 23 31 0
1018007 23 31 0
1018107 23 31 0
1018207 23 31 0
1018331 23 31 0
1018448 23 31 0
1018542 23 31 0
1018642 23 31 0
1018753 23 31 0
1018853 23 31 0
1018938 23 31 0
1019063 23 31 0
1019173 23 31 0
1019288 23 31 0
1162648 23 63 1
1162784 23 63 1
1162845 23 6 2
1162895 23 63 2
1162985 23 4 2
1163046 23 63 1
1163051 23 63 2
1163245 23 5 2
1163303 23 63 2
1163408 23 63 1
1163538 23 63 1
1163605 23 8 2
1163624 23 63 1
1163695 23 63 2
1163735 23 1 2
1163825 23 63 2
1163845 23 11 2
1163911 23 63 2
1180520 23 63 1
1180715 23 2 2
1180797 23 63 2
1183456 23 63 1
1183655 23 0 2
1183753 23 63 2
1344369 23 2 0
1344370 23 63 1
1344564 23 2 2
1344645 23 63 2
2104898 23 2 0
