0 35 51 0
560 35 51 2
564 35 22 0
1343 35 22 2
1355 35 1 0
1742 35 1 2
1762 35 24 0
1914 35 24 2
4269 35 63 1
4482 35 0 2
4563 35 63 2
9599 35 63 1
9822 35 0 2
9903 35 63 2
22097 35 63 1
22312 35 2 2
22377 35 63 2
32370 35 63 1
32582 35 2 2
32647 35 63 2
36775 35 63 1
36992 35 2 2
37057 35 63 2
50925 35 63 1
51142 35 2 2
51207 35 63 2
53185 35 63 1
53402 35 2 2
53467 35 63 2
66905 35 63 1
67122 35 2 2
67187 35 63 2
69459 35 63 1
69672 35 2 2
69737 35 63 2
72569 35 2 0
79441 35 63 1
79653 35 0 2
79735 35 63 2
93705 35 63 1
93922 35 0 2
94003 35 63 2
94769 35 63 1
94982 35 0 2
95063 35 63 2
120559 35 63 1
120778 35 2 2
120843 35 63 2
121249 35 63 1
121468 35 2 2
121533 35 63 2
134951 35 2 0
134952 35 63 1
135169 35 2 2
135235 35 63 2
153515 35 63 1
153728 35 2 2
153793 35 63 2
155321 35 63 1
155538 35 2 2
155603 35 63 2
159397 35 63 1
159608 35 2 2
159673 35 63 2
178049 35 2 0
178050 35 63 1
178268 35 2 2
178333 35 63 2
187237 35 63 1
187448 35 2 2
187513 35 63 2
203881 35 63 1
204098 35 2 2
204163 35 63 2
259579 35 2 0
259580 35 63 1
259798 35 2 2
259863 35 63 2
296797 35 0 0
359683 35 2 0
359684 35 2 2
365805 35 2 0
365806 35 2 2
368497 35 2 0
368498 35 63 1
368708 35 2 2
368773 35 63 2
376717 35 2 0
376718 35 63 1
376928 35 2 2
376993 35 63 2
400347 35 2 0
400348 35 2 2
453357 35 63 1
453568 35 2 2
453633 35 63 2
460873 35 2 0
460874 35 63 1
461088 35 2 2
461153 35 63 2
469983 35 2 0
469984 35 2 2
502393 35 2 0
502394 35 2 2
504354 35 2 0
504355 35 2 2
532976 35 2 0
532977 35 2 2
568710 35 2 0
568711 35 2 2
568958 35 2 0
568959 35 2 2
574949 35 2 0
574950 35 2 2
579163 35 2 0
579164 35 2 2
581350 35 2 0
581351 35 2 2
595819 35 2 0
595820 35 2 2
616455 35 4 0
618206 35 4 2
618235 35 2 0
618258 35 44 0
618333 35 2 0
618443 35 2 0
618551 35 2 0
618641 35 2 0
618730 35 2 0
618808 35 2 0
618928 35 2 0
619048 35 2 0
619158 35 2 0
619256 35 2 0
619364 35 2 0
619452 35 2 0
619479 35 44 2
619491 35 5 0
619560 35 2 0
619584 35 5 2
619596 35 45 0
619635 35 2 0
619712 35 2 0
619805 35 2 0
619967 35 45 2
620001 35 2 0
620035 35 24 0
620128 35 2 0
620175 35 24 2
620207 35 25 0
620242 35 2 0
620290 35 25 2
620298 35 26 0
620327 35 2 0
620382 35 26 2
620422 35 27 0
620441 35 2 0
620496 35 27 2
620516 35 33 0
620549 35 2 0
620638 35 2 0
620672 35 33 2
620692 35 35 0
620731 35 2 0
620795 35 35 2
620803 35 41 0
620833 35 2 0
621040 35 63 1
621042 35 2 0
621123 35 63 1
621184 35 2 0
621194 35 63 1
621223 35 41 2
621239 35 42 0
621258 35 4 2
621270 35 2 0
621280 35 63 1
621322 35 63 2
621368 35 6 2
621373 35 2 0
621449 35 63 2
621478 35 20 2
621510 35 42 2
621518 35 63 1
621527 35 63 2
621536 35 2 0
621542 35 1 0
621588 35 1 2
621623 35 63 1
621627 35 1 2
621654 35 2 0
621663 35 36 0
621663 35 63 2
621738 35 12 2
621773 35 2 0
621781 35 36 2
621793 35 43 0
621795 35 63 2
621848 35 5 2
621899 35 2 0
621921 35 63 2
621943 35 63 1
622016 35 63 1
622027 35 2 0
622114 35 63 1
622137 35 2 0
622158 35 15 2
622196 35 43 2
622212 35 17 0
622239 35 63 2
622245 35 2 0
622268 35 26 2
622269 35 17 2
622309 35 63 2
622348 35 2 0
622361 35 27 0
622378 35 23 2
622380 35 63 1
622431 35 2 0
622450 35 63 2
622468 35 63 1
622471 35 27 2
622475 35 37 0
622518 35 2 0
622557 35 37 2
622569 35 17 0
622578 35 63 1
622598 35 44 2
622634 35 2 0
622639 35 63 2
622660 35 17 2
622662 35 63 1
622668 35 15 0
622708 35 11 2
622757 35 63 2
622774 35 15 2
622797 35 2 0
622814 35 16 0
622818 35 22 2
622882 35 63 2
622903 35 63 1
622904 35 16 2
622928 35 2 0
622929 35 59 2
622944 35 18 0
622974 35 63 1
622977 35 63 2
623029 35 18 2
623041 35 2 0
623053 35 61 0
623074 35 63 1
623095 35 2 0
623096 35 2 2
623118 35 10 2
623134 35 2 0
623167 35 63 1
623175 35 63 2
623228 35 34 2
623237 35 2 0
623261 35 63 2
623265 35 63 1
623335 35 63 1
623339 35 33 2
623347 35 2 0
623379 35 63 2
623443 35 63 1
623459 35 30 2
623463 35 2 0
623515 35 63 2
623529 35 61 2
623541 35 54 0
623554 35 63 1
623568 35 7 2
623571 35 2 0
623657 35 63 2
623669 35 63 1
623675 35 2 0
623678 35 13 2
623726 35 54 2
623743 35 63 2
623746 35 11 0
623763 35 63 1
623788 35 14 2
623812 35 11 2
623820 35 19 0
623850 35 2 0
623861 35 63 2
623893 35 19 2
623897 35 35 0
623898 35 29 2
623906 35 63 1
623947 35 63 2
623976 35 2 0
624008 35 9 2
624062 35 63 1
624073 35 63 2
624080 35 2 0
624128 35 3 2
624146 35 63 1
624185 35 63 2
624238 35 35 2
624253 35 35 2
624258 35 2 0
624262 35 63 2
624269 35 53 0
624359 35 16 2
624385 35 63 1
624400 35 2 0
624424 35 63 2
624468 35 19 2
624474 35 63 1
624510 35 63 2
624511 35 53 2
624516 35 2 0
624551 35 33 0
624598 35 58 2
624616 35 63 1
624637 35 33 2
624649 35 36 0
624651 35 2 0
624654 35 63 2
624735 35 63 1
624738 35 21 2
624770 35 36 2
624789 35 2 0
624790 35 40 0
624795 35 63 2
624838 35 10 2
624854 35 63 1
624895 35 63 2
624904 35 2 0
624948 35 46 2
624984 35 63 1
624994 35 2 0
625005 35 63 2
625060 35 40 2
625068 35 55 2
625072 35 2 0
625079 35 63 1
625084 35 37 0
625140 35 63 2
625165 35 2 0
625182 35 63 1
625208 35 56 2
625256 35 63 1
625282 35 37 2
625283 35 63 2
625302 35 2 0
625318 35 52 2
625367 35 63 2
625386 35 38 0
625411 35 63 1
625428 35 39 2
625430 35 63 1
625485 35 63 2
625508 35 63 1
625538 35 27 2
625571 35 63 2
625600 35 38 2
625604 35 60 0
625648 35 50 2
625650 35 63 1
625702 35 63 2
625760 35 20 2
625804 35 63 1
625809 35 63 2
625878 35 42 2
625904 35 63 1
625915 35 60 2
625919 35 63 2
625939 35 8 0
625988 35 60 2
626030 35 8 2
626038 35 29 0
626047 35 63 2
626073 35 63 1
626098 35 49 2
626144 35 29 2
626155 35 63 2
626179 35 63 1
626184 35 0 0
626208 35 17 2
626257 35 63 1
626264 35 63 2
626275 35 0 2
626287 35 38 0
626338 35 57 2
626403 35 63 2
626413 35 63 1
626430 35 38 2
626446 35 39 0
626448 35 47 2
626512 35 63 2
626518 35 63 1
626558 35 36 2
626592 35 63 2
626621 35 63 1
626641 35 39 2
626645 35 39 0
626668 35 38 2
626717 35 63 2
626788 35 37 2
626812 35 63 1
626830 35 63 2
626898 35 8 2
626925 35 63 1
626972 35 63 2
627028 35 53 2
627066 35 63 1
627066 35 39 2
627085 35 63 2
627122 35 36 0
627158 35 51 2
627172 35 63 1
627199 35 63 2
627230 35 36 2
627262 35 38 0
627299 35 63 1
627328 35 40 2
627374 35 63 1
627385 35 63 2
627386 35 38 2
627402 35 51 0
627518 35 32 2
627560 35 63 1
627566 35 63 2
627622 35 51 2
627628 35 45 2
627677 35 63 2
627678 35 33 0
627685 35 63 1
627738 35 28 2
627779 35 63 2
627866 35 63 1
627878 35 31 2
627943 35 63 2
627963 35 33 2
627971 35 52 0
627977 35 63 1
627988 35 41 2
628037 35 63 2
628128 35 61 2
628139 35 63 1
628193 35 63 2
628278 35 54 2
628287 35 63 1
628318 35 52 2
628344 35 63 2
628354 35 41 0
628378 35 63 1
628418 35 48 2
628477 35 63 1
628488 35 63 2
628489 35 63 1
628528 35 63 2
628559 35 63 1
628609 35 63 2
628651 35 41 2
628658 35 25 2
628671 35 53 0
628685 35 63 1
628707 35 63 2
628768 35 9 2
628798 35 24 2
628833 35 63 2
628855 35 63 2
628908 35 18 2
628911 35 63 1
628957 35 63 2
629018 35 43 2
629051 35 63 2
629128 35 62 2
629202 35 63 2
629485 35 63 1
629498 35 63 1
629511 35 53 2
629535 35 54 0
629698 35 56 2
629772 35 63 2
629808 35 0 2
629894 35 63 2
629897 35 0 0
629967 35 63 1
630003 35 0 0
630006 35 54 2
630022 35 11 0
630110 35 0 0
630178 35 27 2
630210 35 63 2
630246 35 0 0
630308 35 11 2
630320 35 56 0
630359 35 0 0
630487 35 0 0
630542 35 56 2
630546 35 12 0
630590 35 0 0
630693 35 0 0
630789 35 63 1
630796 35 0 0
630811 35 12 2
630819 35 57 0
630920 35 0 0
631038 35 38 2
631040 35 0 0
631087 35 63 2
631154 35 0 0
631183 35 57 2
631187 35 2 0
631271 35 0 0
631376 35 0 0
631479 35 2 2
631484 35 0 0
631531 35 37 0
631589 35 0 0
631703 35 37 2
631704 35 0 0
631719 35 40 0
631823 35 0 0
631837 35 40 2
631893 35 58 0
631958 35 0 0
631998 35 63 1
632075 35 0 0
632117 35 58 2
632177 35 35 0
632186 35 0 0
632218 35 45 2
632267 35 63 2
632275 35 35 2
632279 35 50 0
632325 35 0 0
632467 35 0 0
632585 35 0 0
632594 35 50 2
632614 35 62 0
632724 35 0 0
632844 35 0 0
633035 35 0 0
633180 35 0 0
633216 35 63 1
633286 35 0 0
633327 35 62 2
633355 35 38 0
633404 35 0 0
633428 35 63 2
633509 35 63 2
633518 35 0 0
633629 35 0 0
633634 35 38 2
633706 35 63 0
633751 35 0 0
633878 35 0 0
633892 35 63 2
633932 35 12 0
634035 35 0 0
634173 35 0 0
634203 35 12 2
634227 35 2 0
634317 35 0 0
634318 35 2 2
634342 35 13 0
634436 35 0 0
634561 35 0 0
634587 35 13 2
634667 35 0 0
634683 35 3 0
634772 35 3 2
634776 35 0 0
634812 35 23 0
634903 35 0 0
634975 35 23 2
634991 35 24 0
635027 35 0 0
635082 35 24 2
635137 35 0 0
635190 35 6 0
635252 35 0 0
635408 35 0 0
635515 35 2 0
635534 35 6 2
635542 35 25 0
635546 35 0 0
635645 35 0 0
635647 35 25 2
635675 35 26 0
635773 35 26 2
635779 35 0 0
635853 35 0 0
635909 35 0 0
635950 35 0 2
635958 35 3 0
636048 35 3 2
636061 35 0 0
636092 35 4 0
636189 35 0 0
636190 35 4 2
636286 35 5 0
636344 35 0 0
636423 35 5 2
636463 35 15 0
636485 35 0 0
636629 35 0 0
636781 35 0 0
636883 35 0 0
636948 35 15 2
636956 35 14 0
637022 35 0 0
637124 35 0 0
637238 35 0 0
637326 35 14 2
637338 35 50 0
637371 35 0 0
637499 35 0 0
637672 35 0 0
637938 35 50 2
637966 35 6 0
638212 35 6 2
638232 35 4 0
638355 35 4 2
638363 35 8 0
638453 35 8 2
638457 35 47 0
638884 35 47 2
638892 35 49 0
639073 35 49 2
639089 35 11 0
639253 35 11 2
639289 35 5 0
639422 35 5 2
639446 35 37 0
639699 35 37 2
639763 35 4 0
639905 35 4 2
639909 35 1 0
640030 35 1 2
640058 35 27 0
640203 35 27 2
640211 35 2 0
640321 35 2 2
640333 35 11 0
640408 35 11 2
640416 35 7 0
640521 35 7 2
640541 35 3 0
640642 35 3 2
640750 35 6 0
641066 35 6 2
641086 35 9 0
641180 35 9 2
641352 35 8 0
641569 35 8 2
641581 35 11 0
642073 35 11 2
642093 35 12 0
642563 35 2 0
642933 35 12 2
642957 35 16 0
643280 35 16 2
643288 35 13 0
643691 35 13 2
643739 35 2 0
643840 35 2 2
643872 35 40 0
644054 35 40 2
644058 35 25 0
644173 35 25 2
644189 35 31 0
644347 35 63 1
644557 35 0 2
644642 35 63 2
644652 35 0 0
644757 35 0 0
644761 35 31 2
644797 35 33 0
644877 35 0 0
644889 35 33 2
644893 35 36 0
645101 35 36 2
645109 35 4 0
645114 35 0 0
645208 35 4 2
645275 35 0 0
645300 35 5 0
645400 35 0 0
645496 35 0 0
645597 35 0 0
645792 35 0 0
645974 35 0 0
646006 35 5 2
646038 35 34 0
646099 35 2 0
646128 35 0 0
646197 35 34 2
646209 35 2 0
646217 35 35 0
646256 35 0 0
646386 35 35 2
646401 35 0 0
646410 35 32 0
646450 35 2 0
646500 35 32 2
646525 35 0 0
646548 35 2 0
646568 35 17 0
646652 35 0 0
646663 35 2 0
646759 35 0 0
646771 35 2 0
646847 35 2 0
646850 35 17 2
646914 35 0 0
646990 35 2 0
647096 35 0 0
647103 35 2 0
647146 35 38 0
647146 35 38 0
647191 35 38 2
647227 35 0 0
647285 35 2 0
647374 35 38 2
647382 35 27 0
647454 35 2 0
647492 35 0 0
647530 35 27 2
647550 35 35 0
647569 35 2 0
647613 35 0 0
647636 35 35 2
647686 35 2 0
647692 35 28 0
647713 35 0 0
647813 35 0 0
647838 35 2 0
647845 35 28 2
647913 35 3 0
647945 35 0 0
647945 35 2 0
647970 35 3 2
647974 35 46 0
648067 35 0 0
648155 35 2 0
648179 35 0 0
648264 35 46 2
648284 35 4 0
648290 35 2 0
648309 35 0 0
648348 35 4 2
648380 35 0 0
648406 35 2 0
648520 35 0 2
648524 35 29 0
648530 35 0 0
648611 35 2 0
648641 35 0 0
648741 35 2 0
648762 35 0 0
648769 35 29 2
648880 35 2 0
648913 35 0 0
648913 35 47 0
649010 35 2 0
649025 35 0 0
649154 35 47 2
649162 35 2 0
649226 35 30 0
649235 35 0 0
649274 35 2 0
649336 35 0 0
649415 35 2 0
649461 35 0 0
649573 35 2 0
649590 35 30 2
649598 35 0 0
649699 35 2 0
649725 35 0 0
649811 35 2 0
649848 35 0 0
649942 35 31 0
649967 35 0 0
649993 35 2 0
650083 35 0 0
650153 35 2 0
650184 35 31 2
650188 35 44 0
650198 35 0 0
650302 35 2 0
650348 35 0 0
650357 35 44 2
650365 35 43 0
650473 35 2 0
650498 35 0 0
650523 35 43 2
650616 35 2 0
650639 35 0 0
650655 35 32 0
650737 35 2 0
650775 35 32 2
650794 35 0 0
650847 35 33 0
650858 35 2 0
650899 35 0 0
650985 35 2 0
651019 35 0 0
651122 35 2 0
651125 35 33 2
651131 35 0 0
651173 35 33 0
651242 35 0 0
651256 35 2 0
651278 35 33 2
651286 35 27 0
651390 35 0 0
651395 35 2 0
651446 35 27 2
651496 35 2 0
651518 35 0 0
651550 35 54 0
651610 35 0 0
651623 35 2 0
651790 35 0 0
651793 35 2 0
651934 35 2 0
651947 35 0 0
652033 35 2 0
652066 35 0 0
652076 35 54 2
652088 35 28 0
652191 35 0 0
652203 35 28 2
652219 35 42 0
652228 35 2 0
652305 35 0 0
652362 35 2 0
652447 35 0 0
652448 35 42 2
652456 35 56 0
652462 35 2 0
652571 35 2 0
652604 35 0 0
652730 35 56 2
652737 35 0 0
652746 35 43 0
652775 35 2 0
652851 35 0 0
652908 35 2 0
652964 35 0 0
652984 35 43 2
653084 35 41 0
653214 35 41 2
653243 35 2 0
653262 35 61 0
653337 35 2 0
653426 35 61 2
653430 35 39 0
653465 35 2 0
653630 35 39 2
653642 35 7 0
653695 35 2 0
653787 35 7 2
653823 35 2 0
653847 35 8 0
653936 35 8 2
653938 35 2 0
653968 35 63 0
654061 35 2 0
654148 35 2 0
654186 35 63 2
654294 35 0 0
654390 35 0 2
654418 35 57 0
654426 35 2 0
654523 35 2 0
654548 35 57 2
654616 35 58 0
654677 35 2 0
654730 35 58 2
654814 35 46 0
654986 35 46 2
654998 35 59 0
655279 35 59 2
655311 35 32 0
655409 35 32 2
655417 35 50 0
655536 35 50 2
655612 35 60 0
655833 35 60 2
655841 35 62 0
655994 35 62 2
655998 35 3 0
656088 35 3 2
656100 35 5 0
656205 35 5 2
656233 35 17 0
656350 35 17 2
656370 35 6 0
656525 35 6 2
656617 35 11 0
656908 35 11 2
656916 35 10 0
656990 35 10 2
657010 35 11 0
657104 35 11 2
657112 35 6 0
657210 35 6 2
657246 35 36 0
657522 35 36 2
657582 35 12 0
657727 35 63 1
657745 35 12 2
657753 35 0 0
657852 35 0 2
657958 35 6 2
657976 35 15 0
658039 35 63 2
658101 35 63 1
658111 35 15 2
658231 35 7 0
658318 35 24 2
658357 35 7 2
658373 35 0 0
658375 35 63 2
658627 35 0 2
658695 35 63 1
658775 35 9 0
658866 35 9 2
658898 35 8 0
658908 35 42 2
658949 35 63 2
658993 35 8 2
659021 35 40 0
659329 35 40 2
659341 35 41 0
659673 35 41 2
659769 35 14 0
659888 35 14 2
660204 35 29 0
660375 35 63 1
660581 35 29 2
660588 35 60 2
660621 35 30 0
660645 35 63 2
661085 35 30 2
661129 35 17 0
661233 35 17 2
661289 35 18 0
661460 35 18 2
661508 35 19 0
661770 35 19 2
661806 35 21 0
662295 35 21 2
662327 35 22 0
662484 35 22 2
662640 35 4 0
662818 35 4 2
662846 35 18 0
663164 35 18 2
663336 35 61 0
663591 35 61 2
663663 35 54 0
663798 35 54 2
663830 35 55 0
663978 35 55 2
664206 35 40 0
664314 35 40 2
664342 35 49 0
664472 35 49 2
664484 35 51 0
664584 35 51 2
664604 35 37 0
664795 35 37 2
664799 35 20 0
664883 35 20 2
664899 35 3 0
665305 35 3 2
665397 35 21 0
665486 35 21 2
665494 35 56 0
665743 35 56 2
665763 35 57 0
665880 35 57 2
665968 35 58 0
666342 35 58 2
666422 35 59 0
666693 35 59 2
666717 35 63 0
666883 35 63 2
666967 35 33 0
667075 35 33 2
670992 35 0 2
675539 35 63 1
675778 35 0 2
675859 35 63 2
741097 35 2 0
741098 35 63 1
741309 35 2 2
741375 35 63 2
795964 35 2 0
795965 35 2 2
825341 35 2 0
825342 35 2 2
852049 35 2 0
852050 35 63 1
852261 35 2 2
852326 35 63 2
899782 35 2 0
899783 35 63 1
899997 35 2 2
900062 35 63 2
903765 35 2 0
903766 35 63 1
903978 35 2 2
904044 35 63 2
931820 35 2 0
931821 35 2 2
945099 35 2 0
945100 35 0 0
970656 35 2 0
970657 35 63 1
970868 35 2 2
970933 35 63 2
1060382 35 2 2
1060529 35 2 2
1060756 35 2 2
1122073 35 2 0
1122074 35 63 1
1122284 35 2 2
1122349 35 63 2
1131762 35 2 0
1131763 35 2 2
1132838 35 2 0
1132839 35 2 2
1134175 35 2 0
1134176 35 63 1
1134395 35 2 2
1134461 35 63 2
1135330 35 2 0
1135331 35 2 2
1150947 35 2 0
1150948 35 2 2
1166131 35 2 0
1166132 35 63 1
1166344 35 2 2
1166409 35 63 2
1204606 35 2 0
1204607 35 2 2
1209896 35 2 0
1209897 35 2 2
1267377 35 2 0
1267378 35 2 2
1284301 35 2 0
1284302 35 2 2
1291359 35 2 0
1291360 35 63 1
1291577 35 2 2
1291642 35 63 2
1300571 35 2 0
1300572 35 63 1
1300797 35 2 2
1300862 35 63 2
1307954 35 2 0
1307955 35 2 2
1310313 35 2 0
1310314 35 2 2
1324333 35 2 0
1324334 35 2 2
1340175 35 2 0
1340176 35 2 2
1353170 35 2 0
1353171 35 2 2
1384997 35 2 0
1384998 35 63 1
1385217 35 2 2
1385283 35 63 2
1441071 35 2 0
1441072 35 2 2
1459303 35 2 0
1459304 35 63 1
1459517 35 2 2
1459583 35 63 2
1482563 35 2 0
1482564 35 63 1
1482777 35 2 2
1482843 35 63 2
1494973 35 2 0
1494974 35 2 2
1517212 35 2 0
1517213 35 2 2
1523124 35 2 0
1523125 35 2 2
1546220 35 2 0
1546221 35 63 1
1546436 35 2 2
1546501 35 63 2
1588912 35 2 0
1588913 35 2 2
1589710 35 2 0
1589711 35 2 2
1594230 35 38 0
1594230 35 38 0
1594479 35 38 2
1594671 35 12 0
1594728 35 12 2
1595116 35 38 2
1595454 35 2 0
1595456 35 2 2
1595988 35 7 0
1596094 35 7 2
1597170 35 38 0
1597170 35 38 0
1597845 35 38 2
1598001 35 46 0
1598059 35 46 2
1598259 35 47 0
1598324 35 47 2
1599014 35 2 0
1599015 35 2 2
1600802 35 38 2
1601316 35 42 0
1601546 35 42 2
1602122 35 43 0
1602366 35 43 2
1602942 35 44 0
1603215 35 44 2
1603791 35 45 0
1604060 35 45 2
1604636 35 46 0
1604920 35 46 2
1605496 35 47 0
1605736 35 47 2
1606312 35 48 0
1606584 35 48 2
1607160 35 49 0
1607474 35 49 2
1608050 35 50 0
1608297 35 50 2
1608873 35 51 0
1609116 35 51 2
1609692 35 52 0
1609985 35 52 2
1610561 35 53 0
1610848 35 53 2
1611424 35 54 0
1611710 35 54 2
1612286 35 55 0
1612527 35 55 2
1613103 35 56 0
1613392 35 56 2
1613968 35 57 0
1614313 35 57 2
1614569 35 63 1
1614799 35 0 2
1614881 35 63 2
1614889 35 58 0
1615157 35 58 2
1615279 35 2 0
1615280 35 63 1
1615498 35 2 2
1615563 35 63 2
1615733 35 59 0
1615988 35 59 2
1616564 35 60 0
1616870 35 60 2
1617446 35 61 0
1617756 35 61 2
1618332 35 62 0
1618610 35 62 2
1619186 35 63 0
1619425 35 63 2
1620001 35 0 0
1620001 35 0 0
1620075 35 0 2
1620287 35 0 2
1620555 35 2 0
1620687 35 2 2
1620743 35 3 0
1620887 35 3 2
1620891 35 7 0
1621196 35 7 2
1621284 35 4 0
1621284 35 4 0
1621342 35 4 2
1621399 35 4 2
1621787 35 1 0
1622128 35 1 2
1622704 35 2 0
1622999 35 2 2
1623575 35 3 0
1623878 35 3 2
1624454 35 4 0
1624737 35 4 2
1625313 35 5 0
1625562 35 5 2
1626138 35 6 0
1626482 35 6 2
1627058 35 7 0
1627368 35 7 2
1627944 35 8 0
1628197 35 8 2
1628773 35 9 0
1629058 35 9 2
1629634 35 10 0
1629920 35 10 2
1630496 35 11 0
1630496 35 11 0
1630538 35 11 2
1630810 35 11 2
1631386 35 12 0
1631676 35 12 2
1632252 35 13 0
1632532 35 13 2
1633108 35 14 0
1633464 35 14 2
1634040 35 15 0
1634330 35 15 2
1634906 35 16 0
1635168 35 16 2
1635744 35 17 0
1636028 35 17 2
1636604 35 18 0
1636872 35 18 2
1637448 35 19 0
1637722 35 19 2
1638298 35 20 0
1638616 35 20 2
1639192 35 21 0
1639472 35 21 2
1640048 35 22 0
1640366 35 22 2
1640942 35 23 0
1641212 35 23 2
1641788 35 24 0
1642039 35 24 2
1642615 35 25 0
1642958 35 25 2
1643534 35 26 0
1643834 35 26 2
1644410 35 27 0
1644704 35 27 2
1645280 35 28 0
1645606 35 28 2
1646182 35 29 0
1646432 35 29 2
1647008 35 30 0
1647318 35 30 2
1647894 35 31 0
1648154 35 31 2
1648730 35 32 0
1648988 35 32 2
1649564 35 33 0
1649979 35 33 2
1650555 35 34 0
1650846 35 34 2
1651319 35 63 1
1651422 35 35 0
1651431 35 63 1
1651539 35 62 2
1651557 35 63 1
1651613 35 63 2
1651649 35 35 2
1651665 35 35 2
1651674 35 63 2
1651779 35 25 2
1651829 35 63 2
1652241 35 36 0
1652401 35 63 1
1652536 35 36 2
1652551 35 63 1
1652647 35 63 1
1652709 35 47 2
1652755 35 63 1
1652775 35 63 2
1652819 35 61 2
1652885 35 63 2
1652913 35 63 1
1652929 35 45 2
1652979 35 63 2
1653039 35 38 2
1653042 35 63 1
1653089 35 63 2
1653112 35 37 0
1653127 35 63 1
1653149 35 21 2
1653207 35 63 2
1653229 35 63 1
1653259 35 22 2
1653326 35 63 2
1653347 35 63 1
1653369 35 51 2
1653411 35 63 2
1653422 35 37 2
1653449 35 63 1
1653479 35 33 2
1653521 35 63 2
1653599 35 37 2
1653641 35 63 2
1653739 35 42 2
1653781 35 63 2
1653831 35 63 1
1653998 35 38 0
1654079 35 54 2
1654145 35 63 2
1654267 35 63 1
1654300 35 38 2
1654393 35 63 1
1654479 35 63 1
1654479 35 63 2
1654561 35 63 2
1654621 35 63 1
1654669 35 16 2
1654735 35 63 2
1654779 35 27 2
1654813 35 63 2
1654855 35 63 1
1654876 35 39 0
1654889 35 8 2
1654963 35 63 2
1655079 35 63 1
1655089 35 58 2
1655126 35 39 2
1655146 35 63 2
1655165 35 63 1
1655299 35 14 2
1655373 35 63 2
1655409 35 49 2
1655453 35 63 1
1655467 35 63 2
1655555 35 63 1
1655657 35 63 1
1655669 35 48 2
1655735 35 63 2
1655767 35 63 1
1655779 35 52 2
1655829 35 63 2
1655889 35 50 2
1655920 35 63 1
1655939 35 63 2
1655999 35 32 2
1656033 35 63 1
1656049 35 63 2
1656142 35 63 1
1656169 35 31 2
1656235 35 63 2
1656245 35 63 1
1656290 35 53 2
1656348 35 63 2
1656364 35 63 1
1656399 35 46 2
1656449 35 63 1
1656458 35 63 2
1656529 35 10 2
1656587 35 63 2
1656639 35 60 2
1656697 35 63 2
1656749 35 43 2
1656783 35 63 2
1656911 35 63 1
1657005 35 63 1
1657099 35 63 1
1657139 35 56 2
1657213 35 63 2
1657245 35 63 1
1657249 35 17 2
1657307 35 63 2
1657347 35 63 1
1657359 35 36 2
1657393 35 63 2
1657457 35 63 1
1657469 35 11 2
1657519 35 63 2
1657579 35 28 2
1657613 35 63 1
1657623 35 63 2
1657689 35 19 2
1657715 35 63 1
1657730 35 63 2
1657829 35 3 2
1657862 35 63 1
1657887 35 63 2
1657939 35 59 2
1657975 35 63 1
1657989 35 63 2
1658079 35 1 2
1658153 35 63 2
1658189 35 29 2
1658221 35 63 1
1658239 35 63 2
1658307 35 63 1
1658424 35 63 1
1658449 35 4 2
1658515 35 63 2
1658559 35 18 2
1658569 35 63 1
1658609 35 63 2
1658657 35 63 1
1658669 35 20 2
1658719 35 63 2
1658749 35 63 1
1658789 35 55 2
1658862 35 63 2
1658893 35 63 1
1658899 35 40 2
1658957 35 63 2
1658995 35 63 1
1659009 35 26 2
1659052 35 63 2
1659119 35 39 2
1659147 35 63 1
1659177 35 63 2
1659229 35 24 2
1659233 35 63 1
1659287 35 63 2
1659327 35 63 1
1659359 35 15 2
1659441 35 63 2
1659469 35 57 2
1659535 35 63 2
1659547 35 63 1
1659579 35 41 2
1659629 35 63 2
1659633 35 63 1
1659753 35 63 1
1659759 35 6 2
1659841 35 63 2
1659863 35 63 1
1659869 35 30 2
1659926 35 63 2
1659940 35 63 1
1659979 35 13 2
1660046 35 63 2
1660067 35 63 1
1660089 35 9 2
1660155 35 63 2
1660199 35 34 2
1660213 35 63 1
1660233 35 63 2
1660309 35 44 2
1660351 35 63 2
1660379 35 63 1
1660429 35 12 2
1660487 35 63 2
1660599 35 5 2
1660673 35 63 2
1660858 35 63 1
1661079 35 23 2
1661156 35 63 2
1661335 35 63 1
1661549 35 7 2
1661639 35 63 2
1669634 35 2 2
1669780 35 2 2
1669862 35 8 0
1670007 35 2 2
1670118 35 8 2
1703666 35 31 0
1703787 35 63 1
1703821 35 31 2
1703865 35 35 0
1703874 35 63 1
1703995 35 63 1
1703999 35 62 2
1704072 35 63 2
1704109 35 35 2
1704125 35 35 2
1704134 35 63 2
1704185 35 32 0
1704219 35 25 2
1704269 35 63 2
1704355 35 32 2
1704411 35 46 0
1704468 35 46 2
1704500 35 12 0
1704557 35 12 2
1704569 35 33 0
1704651 35 33 2
1704743 35 34 0
1704817 35 34 2
1704844 35 63 1
1704849 35 1 0
1704923 35 1 2
1704967 35 32 0
1705019 35 63 1
1705059 35 47 2
1705061 35 2 0
1705125 35 63 2
1705136 35 32 2
1705136 35 63 1
1705144 35 35 0
1705193 35 2 0
1705239 35 61 2
1705259 35 38 0
1705260 35 35 2
1705260 35 63 1
1705264 35 60 0
1705272 35 2 0
1705305 35 63 2
1705349 35 45 2
1705355 35 2 0
1705364 35 63 1
1705380 35 60 2
1705396 35 61 0
1705401 35 63 2
1705470 35 63 1
1705479 35 38 2
1705520 35 61 2
1705529 35 63 2
1705580 35 48 0
1705589 35 21 2
1705617 35 63 1
1705647 35 63 2
1705699 35 22 2
1705733 35 63 1
1705736 35 48 2
1705765 35 63 2
1705776 35 49 0
1705829 35 51 2
1705861 35 63 1
1705871 35 63 2
1705894 35 49 2
1705930 35 36 0
1705930 35 36 0
1705949 35 33 2
1705956 35 36 2
1705963 35 63 1
1705991 35 63 2
1706046 35 36 2
1706079 35 37 2
1706110 35 37 0
1706110 35 37 0
1706121 35 63 2
1706144 35 37 2
1706185 35 2 0
1706189 35 42 2
1706230 35 63 2
1706234 35 37 2
1706261 35 63 1
1706282 35 58 0
1706282 35 58 0
1706324 35 2 0
1706332 35 58 2
1706400 35 58 2
1706412 35 31 0
1706446 35 2 0
1706479 35 54 2
1706545 35 63 2
1706563 35 2 0
1706670 35 2 0
1706684 35 31 2
1706696 35 30 0
1706715 35 63 1
1706786 35 2 0
1706872 35 63 1
1706897 35 2 0
1706930 35 63 2
1706976 35 63 1
1706991 35 30 2
1706996 35 2 0
1706999 35 59 0
1706999 35 59 0
1707012 35 63 2
1707041 35 59 2
1707089 35 16 2
1707092 35 2 0
1707117 35 59 2
1707142 35 63 1
1707155 35 63 2
1707169 35 34 0
1707197 35 2 0
1707199 35 27 2
1707233 35 63 2
1707318 35 63 1
1707359 35 8 2
1707429 35 34 2
1707433 35 63 2
1707469 35 0 0
1707469 35 0 0
1707529 35 58 2
1707533 35 63 1
1707547 35 0 2
1707587 35 63 2
1707616 35 2 0
1707706 35 63 1
1707749 35 14 2
1707754 35 0 2
1707762 35 33 0
1707762 35 33 0
1707797 35 33 2
1707823 35 63 2
1707933 35 63 1
1707959 35 49 2
1708017 35 63 2
1708035 35 2 0
1708065 35 63 1
1708086 35 33 2
1708102 35 60 0
1708149 35 48 2
1708170 35 2 0
1708194 35 63 1
1708215 35 63 2
1708245 35 60 2
1708264 35 2 0
1708265 35 32 0
1708319 35 52 2
1708346 35 63 1
1708349 35 2 0
1708369 35 63 2
1708429 35 50 2
1708479 35 63 2
1708490 35 63 1
1708555 35 32 2
1708559 35 32 2
1708592 35 63 1
1708609 35 63 2
1708631 35 61 0
1708659 35 2 0
1708725 35 63 1
1708729 35 31 2
1708771 35 2 0
1708779 35 61 2
1708795 35 63 2
1708817 35 63 1
1708840 35 53 2
1708898 35 63 2
1708903 35 62 0
1708949 35 46 2
1708951 35 63 1
1708964 35 2 0
1709006 35 63 2
1709027 35 62 2
1709060 35 63 1
1709089 35 10 2
1709115 35 12 0
1709147 35 63 2
1709199 35 60 2
1709216 35 2 0
1709236 35 12 2
1709248 35 39 0
1709257 35 63 2
1709309 35 43 2
1709343 35 63 2
1709371 35 2 0
1709386 35 39 2
1709398 35 13 0
1709462 35 63 1
1709484 35 2 0
1709508 35 13 2
1709512 35 48 0
1709589 35 63 1
1709598 35 2 0
1709679 35 56 2
1709684 35 48 2
1709696 35 59 0
1709702 35 63 1
1709753 35 63 2
1709807 35 63 1
1709809 35 17 2
1709810 35 59 2
1709825 35 2 0
1709838 35 54 0
1709838 35 54 0
1709867 35 63 2
1709896 35 54 2
1709917 35 63 1
1709919 35 36 2
1709953 35 63 2
1709962 35 54 2
1709967 35 2 0
1710002 35 55 0
1710020 35 63 1
1710029 35 11 2
1710078 35 63 2
1710100 35 2 0
1710124 35 63 1
1710139 35 28 2
1710183 35 63 2
1710198 35 55 2
1710215 35 2 0
1710222 35 56 0
1710249 35 19 2
1710257 35 63 1
1710290 35 63 2
1710316 35 2 0
1710356 35 56 2
1710359 35 3 2
1710376 35 63 1
1710384 35 57 0
1710416 35 63 2
1710469 35 59 2
1710492 35 63 1
1710510 35 57 2
1710519 35 63 2
1710526 35 2 0
1710574 35 58 0
1710589 35 1 2
1710606 35 63 1
1710663 35 63 2
1710707 35 58 2
1710709 35 63 1
1710709 35 29 2
1710743 35 49 0
1710760 35 63 2
1710816 35 2 0
1710819 35 4 2
1710830 35 63 1
1710872 35 49 2
1710885 35 63 2
1710912 35 63 0
1710929 35 18 2
1710961 35 2 0
1710979 35 63 2
1711047 35 63 1
1711049 35 20 2
1711059 35 2 0
1711074 35 63 2
1711100 35 63 2
1711122 35 15 0
1711147 35 63 1
1711152 35 2 0
1711252 35 2 0
1711259 35 55 2
1711265 35 15 2
1711266 35 63 1
1711281 35 44 0
1711338 35 63 2
1711369 35 40 2
1711399 35 2 0
1711426 35 63 2
1711432 35 44 2
1711445 35 63 1
1711452 35 45 0
1711479 35 26 2
1711522 35 63 2
1711567 35 45 2
1711633 35 2 0
1711659 35 39 2
1711673 35 63 1
1711717 35 63 2
1711772 35 2 0
1711809 35 63 1
1711815 35 0 0
1711889 35 24 2
1711896 35 2 0
1711918 35 63 1
1711945 35 0 2
1711948 35 63 2
1712004 35 2 0
1712029 35 15 2
1712037 35 1 0
1712050 35 63 1
1712111 35 63 2
1712119 35 2 0
1712139 35 57 2
1712159 35 1 2
1712166 35 63 1
1712206 35 63 2
1712245 35 2 0
1712259 35 2 0
1712268 35 63 1
1712270 35 6 2
1712353 35 63 2
1712379 35 30 2
1712394 35 2 2
1712402 35 47 0
1712403 35 2 0
1712417 35 63 1
1712436 35 63 2
1712467 35 47 2
1712479 35 41 0
1712489 35 41 2
1712506 35 63 1
1712523 35 2 0
1712539 35 63 2
1712574 35 41 2
1712646 35 3 0
1712652 35 2 0
1712659 35 13 2
1712708 35 63 1
1712725 35 63 2
1712736 35 3 2
1712788 35 2 0
1712789 35 34 2
1712823 35 63 2
1712864 35 63 1
1712877 35 2 0
1712929 35 44 2
1712971 35 63 2
1712987 35 63 1
1712996 35 5 0
1713053 35 2 0
1713079 35 9 2
1713087 35 5 2
1713118 35 63 1
1713135 35 6 0
1713145 35 63 2
1713182 35 2 0
1713199 35 12 2
1713257 35 63 2
1713266 35 63 1
1713315 35 2 0
1713339 35 5 2
1713412 35 63 2
1713479 35 23 2
1713483 35 6 2
1713499 35 2 0
1713553 35 63 2
1713571 35 7 0
1713665 35 2 0
1713680 35 7 2
1713774 35 2 0
1713788 35 8 0
1713880 35 63 1
1713892 35 2 0
1713918 35 8 2
1713974 35 1 0
1713974 35 1 0
1714060 35 1 2
1714065 35 1 2
1714129 35 7 2
1714219 35 63 2
1714221 35 2 0
1714356 35 2 0
1714448 35 2 0
1714513 35 46 0
1714580 35 46 2
1714588 35 2 0
1714588 35 4 0
1714702 35 2 0
1714896 35 2 0
1714940 35 4 2
1714964 35 47 0
1715029 35 47 2
1715173 35 12 0
1715238 35 12 2
1715428 35 2 0
1715602 35 10 0
1715682 35 10 2
1715802 35 1 0
1715904 35 1 2
1716352 35 46 0
1716352 35 46 0
1716402 35 46 2
1716419 35 46 2
1716451 35 47 0
1716525 35 47 2
1716669 35 12 0
1716743 35 12 2
1717227 35 1 0
1717227 35 1 0
1717293 35 1 2
1717335 35 1 2
1717783 35 46 0
1717848 35 46 2
1717880 35 47 0
1717880 35 47 0
1717938 35 47 2
1717955 35 47 2
1718099 35 12 0
1718099 35 12 0
1718121 35 33 2
1718149 35 12 2
1718182 35 12 2
1718652 35 33 2
1718666 35 1 0
1718666 35 1 0
1718733 35 1 2
1718774 35 33 2
1718782 35 1 2
1718999 35 33 2
1719230 35 46 0
1719230 35 46 0
1719280 35 46 2
1719305 35 46 2
1719337 35 47 0
1719337 35 47 0
1719395 35 47 2
1719412 35 47 2
1719556 35 12 0
1719556 35 12 0
1719606 35 12 2
1719648 35 12 2
1719952 35 36 2
1720132 35 1 0
1720132 35 1 0
1720201 35 1 2
1720227 35 33 2
1720231 35 1 2
1720663 35 12 0
1720663 35 12 0
1720713 35 12 2
1720737 35 12 2
1720753 35 46 0
1720753 35 46 0
1720809 35 46 2
1720853 35 46 2
1720885 35 47 0
1720885 35 47 0
1720944 35 47 2
1720961 35 47 2
1721105 35 12 0
1721105 35 12 0
1721155 35 12 2
1721204 35 12 2
1721688 35 1 0
1721688 35 1 0
1721755 35 1 2
1721779 35 1 2
1722227 35 46 0
1722227 35 46 0
1722277 35 46 2
1722310 35 46 2
1722342 35 47 0
1722342 35 47 0
1722400 35 47 2
1722418 35 47 2
1722562 35 12 0
1722562 35 12 0
1722612 35 12 2
1722653 35 12 2
1723137 35 1 0
1723137 35 1 0
1723203 35 1 2
1723225 35 1 2
1723673 35 46 0
1723673 35 46 0
1723726 35 46 2
1723735 35 46 2
1723767 35 47 0
1723767 35 47 0
1723825 35 47 2
1723834 35 47 2
1723978 35 12 0
1723978 35 12 0
1724028 35 12 2
1724062 35 12 2
1724546 35 1 0
1724546 35 1 0
1724613 35 1 2
1724638 35 1 2
1724807 35 2 0
1724808 35 2 2
1725086 35 46 0
1725086 35 46 0
1725136 35 46 2
1725153 35 46 2
1725185 35 47 0
1725185 35 47 0
1725243 35 47 2
1725252 35 47 2
1725396 35 12 0
1725396 35 12 0
1725446 35 12 2
1725470 35 12 2
1725954 35 1 0
1725954 35 1 0
1726020 35 1 2
1726053 35 1 2
1726501 35 46 0
1726501 35 46 0
1726551 35 46 2
1726569 35 46 2
1726601 35 47 0
1726601 35 47 0
1726659 35 47 2
1726667 35 47 2
1726811 35 12 0
1726811 35 12 0
1726863 35 12 2
1726870 35 12 2
1727354 35 1 0
1727354 35 1 0
1727420 35 1 2
1727428 35 1 2
1727876 35 46 0
1727876 35 46 0
1727932 35 46 2
1727940 35 46 2
1727972 35 47 0
1727972 35 47 0
1728030 35 47 2
1728041 35 47 2
1728185 35 12 0
1728185 35 12 0
1728243 35 12 2
1728255 35 12 2
1728727 35 1 0
1728727 35 1 0
1728801 35 1 2
1728843 35 1 2
1729249 35 46 0
1729249 35 46 0
1729308 35 46 2
1729319 35 46 2
1729340 35 47 0
1729340 35 47 0
1729406 35 47 2
1729418 35 47 2
1729550 35 12 0
1729550 35 12 0
1729601 35 12 2
1729610 35 12 2
1730094 35 1 0
1730094 35 1 0
1730171 35 1 2
1730190 35 1 2
1730619 35 46 0
1730619 35 46 0
1730678 35 46 2
1730685 35 46 2
1730710 35 47 0
1730710 35 47 0
1730776 35 47 2
1730778 35 47 2
1730920 35 12 0
1730920 35 12 0
1730979 35 12 2
1730980 35 12 2
1731464 35 1 0
1731464 35 1 0
1731540 35 1 2
1731560 35 1 2
1731972 35 13 0
1732078 35 13 2
1732094 35 46 0
1732094 35 46 0
1732145 35 46 2
1732167 35 46 2
1732199 35 47 0
1732199 35 47 0
1732257 35 47 2
1732272 35 47 2
1732416 35 12 0
1732416 35 12 0
1732469 35 12 2
1732477 35 12 2
1732961 35 1 0
1732961 35 1 0
1733027 35 1 2
1733036 35 1 2
1733484 35 46 0
1733484 35 46 0
1733534 35 46 2
1733542 35 46 2
1733574 35 47 0
1733574 35 47 0
1733632 35 47 2
1733647 35 47 2
1733791 35 12 0
1733791 35 12 0
1733841 35 12 2
1733848 35 12 2
1734332 35 1 0
1734332 35 1 0
1734398 35 1 2
1734406 35 1 2
1734854 35 46 0
1734854 35 46 0
1734905 35 46 2
1734910 35 46 2
1734942 35 47 0
1734942 35 47 0
1735000 35 47 2
1735009 35 47 2
1735153 35 12 0
1735153 35 12 0
1735203 35 12 2
1735211 35 12 2
1735695 35 1 0
1735695 35 1 0
1735761 35 1 2
1735769 35 1 2
1735862 35 2 0
1735863 35 2 2
1736217 35 46 0
1736217 35 46 0
1736268 35 46 2
1736281 35 46 2
1736313 35 47 0
1736313 35 47 0
1736371 35 47 2
1736379 35 47 2
1736523 35 12 0
1736523 35 12 0
1736573 35 12 2
1736580 35 12 2
1737064 35 1 0
1737064 35 1 0
1737130 35 1 2
1737138 35 1 2
1737184 35 2 0
1737185 35 2 2
1737586 35 46 0
1737586 35 46 0
1737642 35 46 2
1737644 35 46 2
1737676 35 47 0
1737676 35 47 0
1737734 35 47 2
1737742 35 47 2
1737886 35 12 0
1737886 35 12 0
1737937 35 12 2
1737945 35 12 2
1738429 35 1 0
1738429 35 1 0
1738495 35 1 2
1738503 35 1 2
1738951 35 46 0
1738951 35 46 0
1739001 35 46 2
1739009 35 46 2
1739041 35 47 0
1739041 35 47 0
1739099 35 47 2
1739106 35 47 2
1739250 35 12 0
1739250 35 12 0
1739300 35 12 2
1739311 35 12 2
1739795 35 1 0
1739795 35 1 0
1739869 35 1 2
1739891 35 1 2
1740317 35 46 0
1740317 35 46 0
1740368 35 46 2
1740373 35 46 2
1740405 35 47 0
1740405 35 47 0
1740473 35 47 2
1740498 35 47 2
1740617 35 12 0
1740617 35 12 0
1740675 35 12 2
1740697 35 12 2
1741159 35 1 0
1741159 35 1 0
1741235 35 1 2
1741285 35 1 2
1741683 35 46 0
1741683 35 46 0
1741742 35 46 2
1741774 35 47 0
1741774 35 47 0
1741785 35 46 2
1741840 35 47 2
1741842 35 47 2
1741984 35 12 0
1741984 35 12 0
1742044 35 12 2
1742045 35 12 2
1742528 35 1 0
1742528 35 1 0
1742594 35 1 2
1742601 35 1 2
1743033 35 14 0
1743139 35 14 2
1743155 35 46 0
1743155 35 46 0
1743215 35 46 2
1743226 35 46 2
1743247 35 47 0
1743247 35 47 0
1743313 35 47 2
1743325 35 47 2
1743457 35 12 0
1743457 35 12 0
1743517 35 12 2
1743521 35 12 2
1744005 35 1 0
1744005 35 1 0
1744084 35 1 2
1744113 35 1 2
1744532 35 46 0
1744532 35 46 0
1744589 35 46 2
1744592 35 46 2
1744624 35 47 0
1744624 35 47 0
1744690 35 47 2
1744702 35 47 2
1744834 35 12 0
1744834 35 12 0
1744891 35 12 2
1744915 35 12 2
1745375 35 1 0
1745375 35 1 0
1745449 35 1 2
1745501 35 1 2
1745897 35 46 0
1745897 35 46 0
1745954 35 46 2
1745977 35 46 2
1745986 35 47 0
1745986 35 47 0
1746066 35 47 2
1746154 35 47 2
1746210 35 12 0
1746210 35 12 0
1746272 35 12 2
1746304 35 12 2
1746756 35 1 0
1746756 35 1 0
1746829 35 1 2
1746892 35 1 2
1747277 35 46 0
1747277 35 46 0
1747337 35 46 2
1747369 35 47 0
1747369 35 47 0
1747377 35 46 2
1747437 35 47 2
1747520 35 47 2
1747581 35 12 0
1747581 35 12 0
1747641 35 12 2
1747701 35 12 2
1748125 35 1 0
1748125 35 1 0
1748191 35 1 2
1748198 35 1 2
1748646 35 46 0
1748646 35 46 0
1748696 35 46 2
1748704 35 46 2
1748736 35 47 0
1748736 35 47 0
1748798 35 47 2
1748800 35 47 2
1748944 35 12 0
1748944 35 12 0
1748994 35 12 2
1749002 35 12 2
1749486 35 1 0
1749486 35 1 0
1749552 35 1 2
1749560 35 1 2
1750008 35 46 0
1750008 35 46 0
1750059 35 46 2
1750066 35 46 2
1750098 35 47 0
1750098 35 47 0
1750156 35 47 2
1750164 35 47 2
1750308 35 12 0
1750308 35 12 0
1750359 35 12 2
1750367 35 12 2
1750851 35 1 0
1750851 35 1 0
1750917 35 1 2
1750926 35 1 2
1751374 35 46 0
1751374 35 46 0
1751424 35 46 2
1751432 35 46 2
1751464 35 47 0
1751464 35 47 0
1751511 35 2 0
1751512 35 2 2
1751522 35 47 2
1751529 35 47 2
1751673 35 12 0
1751673 35 12 0
1751723 35 12 2
1751755 35 12 2
1752239 35 1 0
1752239 35 1 0
1752305 35 1 2
1752316 35 1 2
1752764 35 46 0
1752764 35 46 0
1752814 35 46 2
1752871 35 46 2
1752903 35 47 0
1752903 35 47 0
1752961 35 47 2
1752969 35 47 2
1753113 35 12 0
1753113 35 12 0
1753165 35 12 2
1753180 35 12 2
1753568 35 1 0
1753568 35 1 0
1753636 35 1 2
1753647 35 1 2
1754079 35 7 0
1754168 35 7 2
1754184 35 46 0
1754184 35 46 0
1754234 35 46 2
1754290 35 46 2
1754322 35 47 0
1754322 35 47 0
1754364 35 2 0
1754365 35 2 2
1754380 35 47 2
1754437 35 47 2
1754581 35 12 0
1754581 35 12 0
1754631 35 12 2
1754664 35 12 2
1755148 35 1 0
1755148 35 1 0
1755214 35 1 2
1755224 35 1 2
1755672 35 46 0
1755672 35 46 0
1755722 35 46 2
1755729 35 46 2
1755761 35 47 0
1755761 35 47 0
1755820 35 47 2
1755829 35 47 2
1755973 35 12 0
1755973 35 12 0
1756023 35 12 2
1756031 35 12 2
1756515 35 1 0
1756515 35 1 0
1756582 35 1 2
1756587 35 1 2
1757035 35 46 0
1757035 35 46 0
1757086 35 46 2
1757094 35 46 2
1757126 35 47 0
1757126 35 47 0
1757184 35 47 2
1757192 35 47 2
1757336 35 5 0
1757426 35 5 2
1757434 35 61 0
1757434 35 61 0
1757492 35 61 2
1757500 35 61 2
1757508 35 29 0
1757760 35 29 2
1757776 35 62 0
1757776 35 62 0
1757842 35 62 2
1757850 35 62 2
1758126 35 63 0
1758126 35 63 0
1758201 35 63 2
1758258 35 63 2
1758545 35 2 0
1758546 35 2 2
1758682 35 12 0
1758682 35 12 0
1758733 35 12 2
1758766 35 12 2
1758878 35 37 2
1759206 35 11 0
1759296 35 11 2
1759508 35 1 0
1759508 35 1 0
1759574 35 1 2
1759582 35 1 2
1760030 35 46 0
1760030 35 46 0
1760080 35 46 2
1760088 35 46 2
1760120 35 47 0
1760120 35 47 0
1760178 35 47 2
1760186 35 47 2
1760330 35 12 0
1760330 35 12 0
1760380 35 12 2
1760388 35 12 2
1760872 35 1 0
1760872 35 1 0
1760938 35 1 2
1760946 35 1 2
1761394 35 46 0
1761394 35 46 0
1761445 35 46 2
1761462 35 46 2
1761494 35 47 0
1761494 35 47 0
1761552 35 47 2
1761560 35 47 2
1761704 35 12 0
1761704 35 12 0
1761754 35 12 2
1761763 35 12 2
1762247 35 1 0
1762247 35 1 0
1762313 35 1 2
1762323 35 1 2
1762771 35 46 0
1762771 35 46 0
1762821 35 46 2
1762840 35 46 2
1762872 35 47 0
1762872 35 47 0
1762930 35 47 2
1762940 35 47 2
1763084 35 12 0
1763084 35 12 0
1763134 35 12 2
1763142 35 12 2
1763626 35 1 0
1763626 35 1 0
1763692 35 1 2
1763700 35 1 2
1764148 35 46 0
1764148 35 46 0
1764198 35 46 2
1764205 35 46 2
1764237 35 47 0
1764237 35 47 0
1764295 35 47 2
1764310 35 47 2
1764454 35 12 0
1764512 35 12 2
1764996 35 1 0
1764996 35 1 0
1765063 35 1 2
1765068 35 1 2
1765516 35 46 0
1765516 35 46 0
1765566 35 46 2
1765574 35 46 2
1765606 35 47 0
1765606 35 47 0
1765664 35 47 2
1765672 35 47 2
1765816 35 12 0
1765816 35 12 0
1765866 35 12 2
1765874 35 12 2
1766358 35 1 0
1766358 35 1 0
1766424 35 1 2
1766432 35 1 2
1766864 35 8 0
1766864 35 8 0
1766930 35 8 2
1766954 35 8 2
1766970 35 46 0
1766970 35 46 0
1767020 35 46 2
1767028 35 46 2
1767060 35 47 0
1767060 35 47 0
1767118 35 47 2
1767127 35 47 2
1767271 35 12 0
1767271 35 12 0
1767327 35 12 2
1767328 35 12 2
1767812 35 1 0
1767812 35 1 0
1767886 35 1 2
1767888 35 1 2
1768336 35 46 0
1768336 35 46 0
1768386 35 46 2
1768399 35 46 2
1768431 35 47 0
1768431 35 47 0
1768489 35 47 2
1768497 35 47 2
1768641 35 12 0
1768641 35 12 0
1768691 35 12 2
1768699 35 12 2
1769183 35 1 0
1769183 35 1 0
1769249 35 1 2
1769257 35 1 2
1769705 35 46 0
1769705 35 46 0
1769755 35 46 2
1769763 35 46 2
1769795 35 47 0
1769795 35 47 0
1769853 35 47 2
1769865 35 47 2
1770009 35 12 0
1770009 35 12 0
1770060 35 12 2
1770065 35 12 2
1770549 35 1 0
1770549 35 1 0
1770615 35 1 2
1770623 35 1 2
1771071 35 46 0
1771071 35 46 0
1771121 35 46 2
1771129 35 46 2
1771161 35 47 0
1771161 35 47 0
1771219 35 47 2
1771227 35 47 2
1771371 35 12 0
1771371 35 12 0
1771421 35 12 2
1771429 35 12 2
1771913 35 1 0
1771913 35 1 0
1771979 35 1 2
1771986 35 1 2
1772434 35 46 0
1772434 35 46 0
1772484 35 46 2
1772495 35 46 2
1772527 35 47 0
1772527 35 47 0
1772585 35 47 2
1772592 35 47 2
1772736 35 12 0
1772736 35 12 0
1772787 35 12 2
1772793 35 12 2
1773277 35 1 0
1773277 35 1 0
1773344 35 1 2
1773354 35 1 2
1773802 35 46 0
1773802 35 46 0
1773852 35 46 2
1773871 35 46 2
1773903 35 47 0
1773903 35 47 0
1773961 35 47 2
1773968 35 47 2
1774112 35 12 0
1774112 35 12 0
1774163 35 12 2
1774170 35 12 2
1774654 35 1 0
1774654 35 1 0
1774720 35 1 2
1774728 35 1 2
1775176 35 46 0
1775176 35 46 0
1775226 35 46 2
1775237 35 46 2
1775269 35 47 0
1775269 35 47 0
1775327 35 47 2
1775335 35 47 2
1775479 35 12 0
1775479 35 12 0
1775530 35 12 2
1775535 35 12 2
1776019 35 1 0
1776019 35 1 0
1776086 35 1 2
1776093 35 1 2
1776541 35 46 0
1776541 35 46 0
1776591 35 46 2
1776600 35 46 2
1776632 35 47 0
1776632 35 47 0
1776690 35 47 2
1776701 35 47 2
1776845 35 12 0
1776845 35 12 0
1776895 35 12 2
1776902 35 12 2
1777386 35 1 0
1777386 35 1 0
1777452 35 1 2
1777462 35 1 2
1777894 35 9 0
1777976 35 9 2
1777992 35 46 0
1777992 35 46 0
1778043 35 46 2
1778057 35 46 2
1778089 35 47 0
1778089 35 47 0
1778147 35 47 2
1778155 35 47 2
1778299 35 12 0
1778299 35 12 0
1778350 35 12 2
1778358 35 12 2
1778842 35 1 0
1778842 35 1 0
1778908 35 1 2
1778916 35 1 2
1779364 35 46 0
1779364 35 46 0
1779414 35 46 2
1779423 35 46 2
1779455 35 47 0
1779455 35 47 0
1779513 35 47 2
1779522 35 47 2
1779666 35 12 0
1779666 35 12 0
1779716 35 12 2
1779725 35 12 2
1780209 35 1 0
1780209 35 1 0
1780275 35 1 2
1780282 35 1 2
1780730 35 46 0
1780730 35 46 0
1780780 35 46 2
1780788 35 46 2
1780820 35 47 0
1780820 35 47 0
1780878 35 47 2
1780890 35 47 2
1781034 35 12 0
1781034 35 12 0
1781084 35 12 2
1781092 35 12 2
1781576 35 1 0
1781576 35 1 0
1781642 35 1 2
1781650 35 1 2
1781818 35 2 0
1781819 35 2 2
1782098 35 46 0
1782098 35 46 0
1782149 35 46 2
1782157 35 46 2
1782189 35 47 0
1782189 35 47 0
1782247 35 47 2
1782255 35 47 2
1782399 35 12 0
1782399 35 12 0
1782449 35 12 2
1782456 35 12 2
1782940 35 1 0
1782940 35 1 0
1783006 35 1 2
1783014 35 1 2
1783462 35 46 0
1783462 35 46 0
1783512 35 46 2
1783521 35 46 2
1783553 35 47 0
1783553 35 47 0
1783611 35 47 2
1783620 35 47 2
1783764 35 12 0
1783764 35 12 0
1783814 35 12 2
1783822 35 12 2
1784306 35 1 0
1784306 35 1 0
1784372 35 1 2
1784380 35 1 2
1784828 35 46 0
1784828 35 46 0
1784879 35 46 2
1784888 35 46 2
1784920 35 47 0
1784920 35 47 0
1784978 35 47 2
1784986 35 47 2
1785130 35 12 0
1785130 35 12 0
1785180 35 12 2
1785188 35 12 2
1785672 35 1 0
1785672 35 1 0
1785738 35 1 2
1785746 35 1 2
1786194 35 46 0
1786194 35 46 0
1786244 35 46 2
1786252 35 46 2
1786284 35 47 0
1786284 35 47 0
1786342 35 47 2
1786349 35 47 2
1786493 35 12 0
1786493 35 12 0
1786543 35 12 2
1786551 35 12 2
1787035 35 1 0
1787035 35 1 0
1787101 35 1 2
1787111 35 1 2
1787559 35 46 0
1787559 35 46 0
1787609 35 46 2
1787618 35 46 2
1787650 35 47 0
1787650 35 47 0
1787709 35 47 2
1787717 35 47 2
1787861 35 12 0
1787861 35 12 0
1787911 35 12 2
1787918 35 12 2
1788402 35 1 0
1788402 35 1 0
1788474 35 1 2
1788477 35 1 2
1788909 35 10 0
1788975 35 10 2
1788991 35 46 0
1788991 35 46 0
1789042 35 46 2
1789049 35 46 2
1789081 35 47 0
1789081 35 47 0
1789144 35 47 2
1789149 35 47 2
1789293 35 12 0
1789293 35 12 0
1789343 35 12 2
1789355 35 12 2
1789839 35 1 0
1789839 35 1 0
1789906 35 1 2
1789915 35 1 2
1790363 35 46 0
1790363 35 46 0
1790414 35 46 2
1790422 35 46 2
1790454 35 47 0
1790454 35 47 0
1790512 35 47 2
1790523 35 47 2
1790667 35 12 0
1790667 35 12 0
1790717 35 12 2
1790725 35 12 2
1791209 35 1 0
1791209 35 1 0
1791277 35 1 2
1791285 35 1 2
1791733 35 46 0
1791733 35 46 0
1791783 35 46 2
1791790 35 46 2
1791822 35 47 0
1791822 35 47 0
1791881 35 47 2
1791905 35 47 2
1792049 35 12 0
1792049 35 12 0
1792099 35 12 2
1792107 35 12 2
1792591 35 1 0
1792591 35 1 0
1792657 35 1 2
1792665 35 1 2
1793113 35 46 0
1793113 35 46 0
1793164 35 46 2
1793173 35 46 2
1793205 35 47 0
1793205 35 47 0
1793265 35 47 2
1793274 35 47 2
1793418 35 12 0
1793418 35 12 0
1793468 35 12 2
1793475 35 12 2
1793959 35 1 0
1793959 35 1 0
1794025 35 1 2
1794032 35 1 2
1794480 35 46 0
1794480 35 46 0
1794545 35 46 2
1794557 35 46 2
1794589 35 47 0
1794589 35 47 0
1794653 35 47 2
1794661 35 47 2
1794797 35 12 0
1794797 35 12 0
1794848 35 12 2
1794858 35 12 2
1795342 35 1 0
1795342 35 1 0
1795413 35 1 2
1795417 35 1 2
1795865 35 46 0
1795865 35 46 0
1795915 35 46 2
1795925 35 46 2
1795957 35 47 0
1795957 35 47 0
1796023 35 47 2
1796026 35 47 2
1796170 35 12 0
1796170 35 12 0
1796220 35 12 2
1796228 35 12 2
1796712 35 1 0
1796712 35 1 0
1796778 35 1 2
1796786 35 1 2
1797234 35 46 0
1797234 35 46 0
1797285 35 46 2
1797293 35 46 2
1797325 35 47 0
1797325 35 47 0
1797384 35 47 2
1797396 35 47 2
1797540 35 12 0
1797540 35 12 0
1797590 35 12 2
1797603 35 12 2
1798087 35 1 0
1798087 35 1 0
1798153 35 1 2
1798161 35 1 2
1798609 35 46 0
1798609 35 46 0
1798659 35 46 2
1798667 35 46 2
1798699 35 47 0
1798699 35 47 0
1798757 35 47 2
1798764 35 47 2
1798908 35 12 0
1798908 35 12 0
1798959 35 12 2
1798970 35 12 2
1799454 35 1 0
1799454 35 1 0
1799520 35 1 2
1799540 35 1 2
1799988 35 46 0
1799988 35 46 0
1800038 35 46 2
1800061 35 46 2
1800093 35 47 0
1800093 35 47 0
1800152 35 47 2
1800157 35 47 2
1800301 35 12 0
1800301 35 12 0
1800351 35 12 2
1800359 35 12 2
1800843 35 1 0
1800843 35 1 0
1800910 35 1 2
1800918 35 1 2
1801366 35 46 0
1801366 35 46 0
1801419 35 46 2
1801430 35 46 2
1801462 35 47 0
1801462 35 47 0
1801525 35 47 2
1801527 35 47 2
1801671 35 12 0
1801671 35 12 0
1801721 35 12 2
1801729 35 12 2
1802213 35 1 0
1802213 35 1 0
1802279 35 1 2
1802287 35 1 2
1802735 35 46 0
1802735 35 46 0
1802785 35 46 2
1802793 35 46 2
1802825 35 47 0
1802825 35 47 0
1802890 35 47 2
1802892 35 47 2
1803034 35 12 0
1803034 35 12 0
1803084 35 12 2
1803092 35 12 2
1803568 35 9 0
1803632 35 9 2
1803756 35 55 0
1803829 35 55 2
1803833 35 1 0
1803833 35 1 0
1803899 35 1 2
1803936 35 1 2
1803960 35 56 0
1804011 35 37 2
1804033 35 56 2
1804053 35 45 0
1804151 35 45 2
1804167 35 1 0
1804265 35 1 2
1804301 35 1 0
1804400 35 1 2
1804404 35 46 0
1804475 35 46 2
1804551 35 63 0
1804786 35 63 2
1804794 35 47 0
1804860 35 47 2
1804871 35 37 2
1804964 35 62 0
1804964 35 62 0
1805030 35 62 2
1805038 35 62 2
1805302 35 21 2
1805334 35 3 0
1805410 35 3 2
1805466 35 23 0
1805472 35 22 2
1805524 35 21 2
1805572 35 23 2
1805580 35 26 0
1805686 35 26 2
1805694 35 22 2
1805726 35 27 0
1805768 35 21 2
1805824 35 27 2
1805946 35 22 2
1806025 35 21 2
1806209 35 22 2
1806268 35 61 0
1806268 35 61 0
1806326 35 61 2
1806333 35 61 2
1806358 35 38 2
1806442 35 21 2
1806564 35 38 2
1806614 35 22 2
1806663 35 37 2
1806802 35 0 2
1806809 35 38 2
1806869 35 1 0
1806869 35 1 0
1806869 35 37 2
1806939 35 1 2
1806951 35 1 2
1806999 35 21 2
1807035 35 58 0
1807035 35 58 0
1807064 35 0 2
1807086 35 58 2
1807094 35 58 2
1807098 35 37 2
1807174 35 59 0
1807174 35 59 0
1807216 35 59 2
1807224 35 59 2
1807288 35 38 2
1807322 35 0 2
1807342 35 42 2
1807358 35 37 2
1807556 35 42 2
1807658 35 38 2
1807775 35 37 2
1807795 35 42 2
1807797 35 0 2
1808025 35 33 2
1808247 35 33 2
1808273 35 42 2
1808309 35 0 2
1808334 35 33 2
1808468 35 33 2
1808672 35 42 2
1808732 35 33 2
1808797 35 25 2
1808962 35 21 2
1809027 35 25 2
1809133 35 21 2
1809158 35 33 2
1809247 35 25 2
1809287 35 14 2
1809517 35 14 2
1809768 35 14 2
1809890 35 61 2
1810014 35 10 2
1810040 35 14 2
1810104 35 61 2
1810137 35 25 2
1810248 35 62 2
1810252 35 10 2
1810383 35 61 2
1810461 35 62 2
1810462 35 14 2
1810476 35 47 2
1810512 35 10 2
1810634 35 45 2
1810681 35 47 2
1810726 35 25 2
1810728 35 62 2
1810736 35 19 2
1810839 35 45 2
1810856 35 11 2
1810904 35 61 2
1810959 35 19 2
1810976 35 47 2
1810993 35 10 2
1811088 35 11 2
1811098 35 45 2
1811201 35 19 2
1811202 35 51 2
1811244 35 47 2
1811278 35 61 2
1811308 35 11 2
1811320 35 62 2
1811409 35 45 2
1811411 35 51 2
1811455 35 10 2
1811486 35 54 2
1811572 35 11 2
1811604 35 47 2
1811647 35 20 2
1811650 35 51 2
1811694 35 54 2
1811720 35 62 2
1811737 35 19 2
1811838 35 45 2
1811870 35 20 2
1811953 35 54 2
1811970 35 16 2
1812016 35 11 2
1812100 35 20 2
1812137 35 51 2
1812169 35 19 2
1812216 35 16 2
1812219 35 54 2
1812262 35 46 2
1812359 35 20 2
1812382 35 36 2
1812413 35 16 2
1812468 35 46 2
1812472 35 50 2
1812566 35 8 2
1812579 35 54 2
1812588 35 36 2
1812685 35 50 2
1812714 35 51 2
1812728 35 46 2
1812820 35 8 2
1812838 35 36 2
1812842 35 20 2
1812843 35 16 2
1812858 35 52 2
1812934 35 50 2
1812957 35 63 2
1812976 35 46 2
1813034 35 8 2
1813064 35 52 2
1813087 35 36 2
1813089 35 27 2
1813171 35 63 2
1813199 35 50 2
1813254 35 3 2
1813304 35 27 2
1813322 35 16 2
1813339 35 8 2
1813344 35 12 2
1813390 35 52 2
1813440 35 46 2
1813484 35 63 2
1813492 35 3 2
1813520 35 17 2
1813524 35 36 2
1813607 35 27 2
1813612 35 50 2
1813615 35 12 2
1813711 35 3 2
1813731 35 32 2
1813757 35 17 2
1813819 35 43 2
1813830 35 8 2
1813847 35 12 2
1813909 35 26 2
1813960 35 32 2
1813968 35 17 2
1813990 35 15 2
1814004 35 52 2
1814075 35 43 2
1814088 35 63 2
1814140 35 32 2
1814161 35 26 2
1814182 35 27 2
1814231 35 60 2
1814260 35 15 2
1814262 35 3 2
1814295 35 43 2
1814343 35 28 2
1814364 35 12 2
1814382 35 26 2
1814386 35 52 2
1814435 35 49 2
1814445 35 60 2
1814455 35 17 2
1814471 35 63 2
1814528 35 15 2
1814556 35 43 2
1814557 35 28 2
1814560 35 13 2
1814631 35 32 2
1814658 35 49 2
1814682 35 27 2
1814698 35 60 2
1814706 35 58 2
1814726 35 26 2
1814795 35 13 2
1814800 35 28 2
1814814 35 3 2
1814816 35 15 2
1814834 35 39 2
1814903 35 49 2
1814928 35 58 2
1814929 35 12 2
1814970 35 60 2
1814977 35 2 0
1814978 35 2 2
1814983 35 53 2
1815034 35 17 2
1815036 35 13 2
1815042 35 39 2
1815080 35 28 2
1815098 35 44 2
1815146 35 43 2
1815161 35 58 2
1815189 35 53 2
1815190 35 4 2
1815205 35 49 2
1815252 35 32 2
1815292 35 48 2
1815304 35 44 2
1815305 35 13 2
1815312 35 39 2
1815358 35 26 2
1815393 35 18 2
1815433 35 4 2
1815442 35 53 2
1815454 35 15 2
1815468 35 1 2
1815546 35 44 2
1815552 35 48 2
1815556 35 60 2
1815575 35 39 2
1815624 35 63 2
1815645 35 23 2
1815657 35 58 2
1815662 35 28 2
1815663 35 18 2
1815668 35 4 2
1815757 35 29 2
1815780 35 49 2
1815783 35 1 2
1815794 35 63 2
1815795 35 48 2
1815806 35 44 2
1815849 35 9 2
1815884 35 18 2
1815890 35 13 2
1815917 35 23 2
1816000 35 39 2
1816008 35 1 2
1816021 35 29 2
1816029 35 53 2
1816102 35 58 2
1816113 35 48 2
1816116 35 9 2
1816134 35 40 2
1816180 35 23 2
1816206 35 44 2
1816214 35 4 2
1816227 35 5 2
1816313 35 1 2
1816314 35 9 2
1816364 35 40 2
1816398 35 53 2
1816427 35 29 2
1816428 35 18 2
1816475 35 5 2
1816548 35 48 2
1816566 35 40 2
1816605 35 9 2
1816692 35 59 2
1816721 35 23 2
1816736 35 4 2
1816754 35 5 2
1816846 35 40 2
1816871 35 1 2
1816906 35 59 2
1816942 35 29 2
1816996 35 18 2
1817102 35 9 2
1817135 35 30 2
1817142 35 59 2
1817230 35 23 2
1817236 35 31 2
1817248 35 5 2
1817328 35 40 2
1817349 35 30 2
1817420 35 59 2
1817452 35 31 2
1817454 35 29 2
1817600 35 30 2
1817688 35 5 2
1817718 35 31 2
1817726 35 24 2
1817804 35 59 2
1817811 35 41 2
1817855 35 30 2
1817964 35 24 2
1818051 35 6 2
1818084 35 41 2
1818161 35 55 2
1818166 35 24 2
1818219 35 31 2
1818246 35 30 2
1818289 35 6 2
1818290 35 41 2
1818407 35 55 2
1818453 35 24 2
1818539 35 6 2
1818567 35 41 2
1818598 35 31 2
1818690 35 55 2
1818914 35 24 2
1818984 35 6 2
1819030 35 41 2
1819152 35 7 2
1819272 35 56 2
1819344 35 55 2
1819390 35 7 2
1819500 35 6 2
1819510 35 56 2
1819661 35 7 2
1819722 35 55 2
1819814 35 56 2
1819957 35 7 2
1820323 35 56 2
1820382 35 7 2
1820828 35 56 2
1821329 35 57 2
1821559 35 57 2
1821784 35 57 2
1821838 35 34 2
1822052 35 34 2
1822080 35 57 2
1822138 35 34 2
1822256 35 34 2
1822501 35 57 2
1822504 35 34 2
1822920 35 34 2
1935314 35 2 2
1939256 35 2 0
1939257 35 2 2
1942995 35 2 0
1942996 35 2 2
1943917 35 2 0
1943918 35 2 2
1945060 35 2 0
1945061 35 2 2
1945940 35 2 0
1945941 35 2 2
1961783 35 2 0
1961784 35 2 2
1975875 35 2 0
1975876 35 2 2
1987661 35 2 0
1987662 35 2 2
1997290 35 2 0
1997291 35 2 2
2000285 35 2 0
2000286 35 2 2
2004980 35 2 2
2004981 35 2 0
2028979 35 2 0
2028980 35 2 2
2029453 35 2 2
2029730 35 2 2
2047184 35 2 0
2047185 35 2 2
2063007 35 2 0
2063008 35 63 1
2063219 35 2 2
2063285 35 63 2
2086327 35 2 0
2086328 35 63 1
2086539 35 2 2
2086605 35 63 2
2098348 35 2 0
2098349 35 2 2
2122803 35 2 0
2122804 35 63 1
2123018 35 2 2
2123083 35 63 2
2142482 35 2 0
2142483 35 63 1
2142698 35 2 2
2142763 35 63 2
2144106 35 2 2
2144107 35 2 0
2154796 35 2 0
2154797 35 63 1
2155018 35 2 2
2155083 35 63 2
2168291 35 2 0
2168292 35 63 1
2168508 35 2 2
2168573 35 63 2
2169123 35 2 0
2169124 35 2 2
2448455 35 2 0
2448456 35 63 1
2448675 35 2 2
2448740 35 63 2
2454827 35 2 0
2454828 35 63 1
2455045 35 2 2
2455110 35 63 2
2570283 35 2 0
2570284 35 2 2
2570430 35 36 0
2570430 35 36 0
2570456 35 36 2
2570464 35 36 2
2570508 35 37 0
2570508 35 37 0
2570516 35 21 2
2570542 35 37 2
2570550 35 37 2
2570588 35 47 2
2570626 35 21 2
2570670 35 63 2
2570682 35 8 0
2570682 35 8 0
2570707 35 47 2
2570731 35 38 0
2570732 35 38 2
2570748 35 8 2
2570756 35 8 2
2570761 35 50 2
2570804 35 0 0
2570804 35 0 0
2570805 35 63 2
2570833 35 25 2
2570878 35 0 2
2570899 35 0 2
2570900 35 50 2
2570905 35 13 2
2570979 35 38 2
2570982 35 25 2
2570987 35 36 0
2570987 35 36 0
2571013 35 36 2
2571039 35 24 2
2571063 35 13 2
2571106 35 36 2
2571115 35 52 2
2571138 35 38 0
2571138 35 38 0
2571142 35 38 2
2571174 35 2 0
2571175 35 2 2
2571177 35 16 2
2571180 35 38 2
2571206 35 24 2
2571253 35 38 2
2571266 35 10 2
2571296 35 52 2
2571325 35 33 0
2571325 35 33 0
2571343 35 59 2
2571359 35 33 2
2571366 35 16 2
2571367 35 33 2
2571411 35 2 2
2571455 35 54 0
2571455 35 54 0
2571463 35 59 2
2571496 35 17 2
2571513 35 54 2
2571521 35 54 2
2571543 35 10 2
2571553 35 12 0
2571553 35 12 0
2571572 35 15 2
2571603 35 12 2
2571611 35 12 2
2571627 35 2 2
2571664 35 9 2
2571668 35 21 2
2571675 35 37 0
2571675 35 37 0
2571709 35 37 2
2571727 35 17 2
2571748 35 11 2
2571812 35 9 2
2571816 35 0 2
2571842 35 37 2
2571907 35 15 2
2571914 35 8 2
2571940 35 63 2
2572006 35 0 2
2572009 35 1 2
2572102 35 58 2
2572117 35 11 2
2572176 35 5 2
2572193 35 1 2
2572259 35 29 2
2572291 35 8 2
2572320 35 36 2
2572364 35 34 2
2572392 35 29 2
2572399 35 16 2
2572415 35 33 2
2572455 35 36 2
2572476 35 7 2
2572507 35 34 2
2572530 35 59 2
2572566 35 33 2
2572577 35 12 2
2572633 35 5 2
2572644 35 43 2
2572663 35 25 2
2572697 35 3 2
2572718 35 58 2
2572772 35 18 2
2572805 35 12 2
2572817 35 52 2
2572830 35 47 0
2572830 35 47 0
2572834 35 38 0
2572835 35 38 2
2572839 35 56 2
2572884 35 3 2
2572888 35 47 2
2572896 35 47 2
2572920 35 11 0
2572920 35 11 0
2572930 35 4 2
2572962 35 11 2
2572966 35 43 2
2572970 35 11 2
2572996 35 21 2
2572998 35 38 2
2573005 35 49 2
2573028 35 7 2
2573081 35 19 2
2573095 35 21 2
2573098 35 1 0
2573127 35 4 2
2573142 35 30 2
2573181 35 1 2
2573209 35 51 2
2573211 35 18 2
2573268 35 6 2
2573289 35 63 2
2573292 35 56 2
2573362 35 53 2
2573392 35 19 2
2573401 35 9 2
2573429 35 63 2
2573430 35 39 2
2573460 35 51 2
2573502 35 28 2
2573532 35 53 2
2573553 35 41 2
2573603 35 49 2
2573620 35 32 2
2573677 35 47 2
2573687 35 42 2
2573692 35 41 2
2573705 35 14 0
2573747 35 14 2
2573770 35 32 2
2573802 35 50 2
2573819 35 14 2
2573830 35 27 2
2573831 35 15 0
2573831 35 15 0
2573845 35 39 2
2573865 35 59 2
2573881 35 23 2
2573905 35 15 2
2573913 35 30 2
2573914 35 15 2
2573935 35 13 2
2573966 35 40 2
2573972 35 59 2
2573982 35 27 2
2574002 35 38 0
2574002 35 38 0
2574024 35 16 2
2574030 35 21 2
2574042 35 20 2
2574043 35 14 2
2574102 35 54 2
2574112 35 12 2
2574117 35 38 2
2574131 35 16 2
2574133 35 40 2
2574148 35 52 2
2574176 35 45 2
2574218 35 3 2
2574220 35 54 2
2574237 35 31 2
2574239 35 25 2
2574254 35 52 2
2574273 35 46 0
2574273 35 46 0
2574297 35 42 2
2574313 35 57 2
2574323 35 46 2
2574335 35 34 2
2574339 35 25 2
2574345 35 46 2
2574345 35 38 2
2574356 35 63 2
2574364 35 6 2
2574397 35 0 0
2574397 35 0 0
2574397 35 48 2
2574419 35 10 2
2574455 35 28 2
2574473 35 0 2
2574489 35 46 2
2574490 35 0 2
2574517 35 31 2
2574535 35 17 2
2574549 35 38 2
2574560 35 44 2
2574592 35 20 2
2574611 35 55 2
2574638 35 47 0
2574638 35 47 0
2574651 35 0 2
2574656 35 38 2
2574659 35 45 2
2574694 35 61 2
2574696 35 47 2
2574704 35 47 2
2574720 35 12 0
2574727 35 23 2
2574772 35 26 2
2574790 35 5 2
2574808 35 12 2
2574812 35 46 2
2574831 35 37 2
2574844 35 47 0
2574878 35 48 2
2574887 35 60 2
2574899 35 47 2
2574904 35 15 2
2574916 35 47 2
2574963 35 62 2
2574972 35 44 2
2574974 35 59 2
2575012 35 29 2
2575016 35 50 2
2575022 35 47 2
2575032 35 61 2
2575099 35 24 2
2575107 35 57 2
2575108 35 9 2
2575115 35 16 2
2575124 35 50 2
2575203 35 26 2
2575215 35 9 2
2575236 35 52 2
2575257 35 11 2
2575275 35 62 2
2575358 35 55 2
2575367 35 25 2
2575373 35 36 2
2575396 35 12 2
2575446 35 37 2
2575487 35 12 2
2575488 35 1 2
2575500 35 13 2
2575506 35 60 2
2575552 35 33 0
2575552 35 33 0
2575586 35 33 2
2575599 35 13 2
2575609 35 38 2
2575614 35 58 2
2575643 35 33 2
2575835 35 43 2
2575839 35 34 2
2575918 35 56 2
2575929 35 34 2
2575999 35 47 2
2576028 35 10 2
2576063 35 63 0
2576063 35 63 0
2576125 35 8 2
2576137 35 63 2
2576145 35 63 2
2576160 35 10 2
2576168 35 50 2
2576249 35 18 2
2576307 35 9 2
2576349 35 58 0
2576349 35 58 0
2576356 35 41 2
2576363 35 17 2
2576399 35 58 2
2576418 35 12 2
2576455 35 33 2
2576463 35 17 2
2576465 35 58 2
2576472 35 3 2
2576527 35 13 2
2576545 35 21 2
2576549 35 46 0
2576549 35 46 0
2576550 35 4 2
2576563 35 3 2
2576588 35 15 2
2576599 35 46 2
2576607 35 46 2
2576666 35 49 2
2576703 35 15 2
2576709 35 29 2
2576759 35 46 2
2576794 35 36 2
2576808 35 29 2
2576873 35 5 2
2576884 35 36 2
2576891 35 34 2
2576946 35 7 2
2576950 35 63 2
2576980 35 11 2
2576981 35 5 2
2577054 35 21 2
2577064 35 31 2
2577066 35 11 2
2577082 35 24 2
2577095 35 10 2
2577159 35 20 2
2577163 35 15 0
2577163 35 15 0
2577189 35 24 2
2577190 35 0 2
2577238 35 15 2
2577255 35 6 2
2577287 35 15 2
2577307 35 0 2
2577324 35 56 2
2577371 35 14 2
2577424 35 17 2
2577441 35 1 2
2577456 35 56 2
2577476 35 63 2
2577477 35 51 2
2577483 35 34 2
2577549 35 3 2
2577563 35 58 2
2577567 35 1 2
2577577 35 19 2
2577648 35 15 2
2577661 35 41 2
2577677 35 58 2
2577692 35 45 2
2577752 35 18 2
2577756 35 29 2
2577768 35 41 2
2577823 35 57 2
2577852 35 18 2
2577854 35 33 2
2577897 35 36 2
2577947 35 43 2
2577954 35 33 2
2577956 35 30 2
2577975 35 2 0
2577976 35 0 0
2577990 35 52 2
2577994 35 34 2
2578006 35 5 2
2578024 35 46 2
2578038 35 43 2
2578066 35 59 2
2578072 35 40 2
2578098 35 8 2
2578116 35 34 2
2578129 35 11 2
2578135 35 52 2
2578139 35 46 2
2578205 35 59 2
2578225 35 4 2
2578235 35 8 2
2578242 35 16 2
2578246 35 44 2
2578276 35 0 2
2578322 35 32 2
2578324 35 4 2
2578336 35 7 2
2578367 35 38 0
2578368 35 38 2
2578411 35 24 2
2578421 35 16 2
2578447 35 39 2
2578448 35 49 2
2578460 35 7 2
2578511 35 38 2
2578555 35 6 2
2578556 35 56 2
2578566 35 49 2
2578571 35 23 2
2578619 35 25 2
2578665 35 14 2
2578674 35 38 2
2578693 35 55 2
2578700 35 1 2
2578719 35 6 2
2578768 35 31 2
2578770 35 47 2
2578781 35 25 2
2578812 35 14 2
2578824 35 58 2
2578852 35 19 2
2578899 35 42 2
2578903 35 31 2
2578944 35 47 2
2578951 35 20 2
2578963 35 41 2
2578995 35 19 2
2579022 35 28 2
2579048 35 51 2
2579062 35 20 2
2579094 35 33 2
2579130 35 57 2
2579145 35 51 2
2579149 35 9 2
2579216 35 53 2
2579233 35 8 2
2579239 35 45 2
2579253 35 57 2
2579294 35 61 2
2579321 35 30 2
2579327 35 9 2
2579352 35 4 2
2579358 35 45 2
2579405 35 40 2
2579430 35 60 2
2579448 35 30 2
2579475 35 18 2
2579511 35 44 2
2579540 35 40 2
2579582 35 46 2
2579595 35 32 2
2579640 35 44 2
2579642 35 26 2
2579670 35 34 2
2579687 35 43 2
2579702 35 39 2
2579722 35 32 2
2579736 35 62 2
2579778 35 23 2
2579788 35 6 2
2579817 35 39 2
2579818 35 34 2
2579830 35 37 2
2579882 35 55 2
2579891 35 14 2
2579893 35 10 2
2579912 35 23 2
2579989 35 31 2
2579990 35 54 2
2580013 35 55 2
2580067 35 10 2
2580086 35 42 2
2580088 35 20 2
2580122 35 13 2
2580123 35 27 2
2580186 35 42 2
2580195 35 28 2
2580210 35 51 2
2580252 35 17 2
2580273 35 33 2
2580283 35 2 2
2580285 35 28 2
2580301 35 13 2
2580325 35 7 2
2580344 35 50 2
2580372 35 48 2
2580382 35 2 2
2580405 35 33 2
2580407 35 53 2
2580423 35 17 2
2580445 35 49 2
2580492 35 61 2
2580521 35 50 2
2580522 35 53 2
2580533 35 29 2
2580570 35 19 2
2580624 35 61 2
2580626 35 60 2
2580657 35 12 2
2580664 35 30 2
2580695 35 29 2
2580744 35 60 2
2580794 35 32 2
2580832 35 12 2
2580841 35 26 2
2580918 35 39 2
2580932 35 26 2
2580933 35 62 2
2581019 35 57 2
2581028 35 37 2
2581067 35 62 2
2581157 35 44 2
2581162 35 36 2
2581174 35 54 2
2581176 35 37 2
2581258 35 45 2
2581298 35 54 2
2581308 35 27 2
2581309 35 36 2
2581368 35 40 2
2581370 35 5 2
2581400 35 27 2
2581492 35 42 2
2581494 35 56 2
2581524 35 32 2
2581558 35 5 2
2581588 35 1 2
2581602 35 28 2
2581611 35 48 2
2581668 35 56 2
2581696 35 23 2
2581735 35 48 2
2581767 35 58 2
2581774 35 1 2
2581794 35 61 2
2581872 35 41 2
2581914 35 60 2
2581915 35 58 2
2582000 35 33 2
2582027 35 41 2
2582033 35 26 2
2582069 35 32 2
2582096 35 15 2
2582136 35 55 2
2582155 35 33 2
2582226 35 4 2
2582247 35 62 2
2582258 35 0 2
2582293 35 15 2
2582333 35 18 2
2582400 35 2 2
2582415 35 4 2
2582444 35 46 2
2582509 35 53 2
2582515 35 18 2
2582586 35 11 2
2582607 35 46 2
2582620 35 37 2
2582690 35 6 2
2582714 35 54 2
2582749 35 11 2
2582816 35 43 2
2582824 35 27 2
2582885 35 6 2
2582896 35 20 2
2582919 35 48 2
2583005 35 43 2
2583035 35 14 2
2583068 35 20 2
2583222 35 14 2
2583268 35 3 2
2583439 35 3 2
2583486 35 51 2
2583625 35 51 2
2583667 35 8 2
2583775 35 49 2
2583858 35 8 2
2583970 35 49 2
2584034 35 32 2
2584148 35 30 2
2584197 35 32 2
2584318 35 30 2
2584772 35 24 2
2584873 35 0 2
2584942 35 24 2
2584990 35 40 2
2585068 35 0 2
2585078 35 44 2
2585160 35 42 2
2585192 35 40 2
2585275 35 44 2
2585316 35 31 2
2585347 35 42 2
2585497 35 31 2
2585527 35 57 2
2585606 35 19 2
2585682 35 57 2
2585696 35 7 2
2585761 35 19 2
2585899 35 7 2
2585953 35 53 2
2586048 35 48 2
2586108 35 53 2
2586139 35 37 2
2586211 35 48 2
2586295 35 37 2
2586473 35 62 2
2586628 35 28 2
2586636 35 62 2
2586783 35 28 2
2586915 35 26 2
2587055 35 23 2
2587070 35 26 2
2587176 35 39 2
2587241 35 23 2
2587277 35 45 2
2587357 35 39 2
2587363 35 60 2
2587449 35 27 2
2587452 35 45 2
2587532 35 55 2
2587533 35 60 2
2587606 35 27 2
2587660 35 61 2
2587701 35 55 2
2587752 35 54 2
2587815 35 61 2
2587915 35 54 2
2588327 35 2 2
2588961 35 2 2
2758772 35 2 0
2758773 35 2 2
2775359 35 2 0
2775360 35 63 1
2775571 35 2 2
2775637 35 63 2
2798689 35 2 0
2798690 35 63 1
2798901 35 2 2
2798967 35 63 2
3278421 35 2 0
3278422 35 2 2
3546786 35 15 0
3546786 35 15 0
3546890 35 15 2
3546978 35 15 2
3547303 35 2 0
3547304 35 2 2
3547538 35 38 0
3547538 35 38 0
3548671 35 0 2
3548807 35 62 2
3549791 35 38 2
3549865 35 2 2
3549965 35 2 2
3550211 35 8 2
3551643 35 26 2
3551938 35 34 2
3552676 35 38 0
3552677 35 38 2
3552882 35 32 2
3553375 35 36 2
3553920 35 38 2
3555199 35 44 2
3555294 35 38 2
3556746 35 7 0
3556860 35 7 2
3557086 35 38 0
3557087 35 38 2
3557340 35 15 0
3557340 35 15 0
3557414 35 15 2
3557422 35 15 2
3557510 35 38 0
3557510 35 38 0
3557552 35 38 2
3557635 35 38 2
3559943 35 15 0
3559943 35 15 0
3560017 35 15 2
3560025 35 15 2
3590712 35 2 2
3590713 35 2 0
3714002 35 2 0
3714003 35 2 2
4523339 35 15 0
4523339 35 15 0
4523443 35 15 2
4523531 35 15 2
4524091 35 38 0
4524091 35 38 0
4525200 35 0 2
4525765 35 36 2
4525786 35 38 0
4525787 35 38 2
4526628 35 62 2
4527030 35 38 2
4527121 35 34 2
4527233 35 38 2
4528105 35 44 2
4528409 35 8 2
4528416 35 32 2
4529236 35 0 2
4530186 35 38 2
4531397 35 38 0
4531398 35 38 2
4531638 35 7 0
4531816 35 7 2
4532296 35 15 0
4532296 35 15 0
4532370 35 15 2
4532378 35 15 2
4532466 35 38 0
4532466 35 38 0
4532588 35 38 2
4532867 35 26 2
4532961 35 38 2
4535269 35 15 0
4535269 35 15 0
4535343 35 15 2
4535351 35 15 2
4878451 35 2 0
4878452 35 63 1
4878662 35 2 2
4878727 35 63 2
4896998 35 2 0
4896999 35 2 2
4902815 35 2 0
4902816 35 2 2
5236196 35 2 0
5236197 35 2 2
5399598 35 2 0
5399599 35 2 2
5416308 35 63 1
5416309 35 2 0
5416520 35 2 2
5416586 35 63 2
5439678 35 2 0
5439679 35 63 1
5439890 35 2 2
5439956 35 63 2
5471035 35 2 0
5471036 35 2 2
5499912 35 15 0
5499912 35 15 0
5500016 35 15 2
5500104 35 15 2
5500640 35 2 0
5500641 35 2 2
5500664 35 38 0
5500664 35 38 0
5500793 35 2 2
5500928 35 2 2
5501365 35 38 0
5501366 35 38 2
5501788 35 0 2
5502610 35 38 2
5503086 35 26 2
5503266 35 38 2
5503612 35 36 2
5503629 35 38 2
5504265 35 2 2
5504363 35 2 2
5505124 35 8 2
5505500 35 32 2
5505561 35 15 0
5505561 35 15 0
5505635 35 15 2
5505713 35 15 2
5505801 35 38 0
5505801 35 38 0
5506223 35 38 2
5506597 35 38 2
5507489 35 62 2
5507501 35 38 0
5507502 35 38 2
5507748 35 34 2
5508358 35 44 2
5508905 35 15 0
5508905 35 15 0
5508979 35 15 2
5508987 35 15 2
5529143 35 2 0
5529144 35 2 2
5530966 35 2 0
5530967 35 2 2
5574716 35 2 2
5574717 35 2 0
6256484 35 2 0
6256485 35 63 1
6256696 35 2 2
6256762 35 63 2
6279984 35 2 0
6279985 35 63 1
6280196 35 2 2
6280262 35 63 2
6291631 35 2 0
6291632 35 2 2
6352375 35 2 0
6352376 35 2 2
6455203 35 2 0
6455204 35 2 2
6476464 35 15 0
6476464 35 15 0
6476568 35 15 2
6476656 35 15 2
6477089 35 2 0
6477090 35 2 2
6477216 35 38 0
6477216 35 38 0
6478360 35 0 2
6478594 35 26 2
6478687 35 38 0
6478688 35 38 2
6478971 35 8 2
6479684 35 2 2
6479931 35 38 2
6480014 35 44 2
6480788 35 38 2
6481136 35 62 2
6482392 35 0 2
6482763 35 38 0
6482764 35 38 2
6482826 35 36 2
6483618 35 32 2
6484451 35 38 2
6485136 35 34 2
6485903 35 7 0
6488493 35 7 2
6488973 35 15 0
6488973 35 15 0
6489047 35 15 2
6489055 35 15 2
6489143 35 38 0
6489143 35 38 0
6489185 35 38 2
6489288 35 38 2
6491596 35 15 0
6491596 35 15 0
6491670 35 15 2
6491678 35 15 2
6679976 35 2 0
6679977 35 2 2
