0 42 51 0
611 42 51 2
615 42 22 0
1245 42 22 2
1257 42 1 0
1632 42 1 2
1652 42 24 0
1823 42 24 2
7659 42 56 1
7847 42 0 2
7929 42 56 2
30171 42 56 1
30366 42 2 2
30431 42 56 2
41629 42 56 1
41817 42 2 2
41883 42 56 2
137085 42 56 1
137274 42 2 2
137339 42 56 2
172549 42 56 1
172744 42 2 2
172809 42 56 2
180524 42 56 1
180714 42 2 2
180779 42 56 2
184541 42 56 1
184734 42 2 2
184799 42 56 2
210317 42 56 1
210504 42 2 2
210569 42 56 2
223561 42 56 1
223754 42 2 2
223819 42 56 2
230531 42 56 1
230724 42 2 2
230789 42 56 2
243495 42 56 1
243684 42 2 2
243749 42 56 2
245777 42 56 1
245964 42 2 2
246029 42 56 2
260174 42 2 0
260175 42 56 1
260364 42 2 2
260429 42 56 2
287595 42 56 1
287784 42 2 2
287849 42 56 2
339401 42 56 1
339594 42 2 2
339659 42 56 2
341291 42 2 0
341292 42 56 1
341484 42 2 2
341549 42 56 2
344143 42 2 0
344144 42 56 1
344334 42 2 2
344399 42 56 2
346783 42 2 0
346784 42 2 2
380347 42 56 1
380534 42 2 2
380599 42 56 2
477779 42 2 0
477780 42 56 1
477974 42 2 2
478039 42 56 2
478333 42 2 0
478334 42 2 2
478545 42 2 0
478546 42 2 2
527567 42 2 0
527568 42 2 2
558908 42 2 0
558909 42 2 2
559708 42 2 0
559709 42 2 2
560951 42 2 0
560952 42 2 2
561896 42 2 0
561897 42 2 2
616455 42 4 0
618686 42 56 1
618782 42 56 1
618875 42 4 2
618932 42 56 1
618956 42 56 2
618985 42 20 2
619010 42 56 1
619050 42 56 2
619125 42 6 2
619129 42 56 1
619208 42 56 1
619226 42 56 2
619235 42 1 2
619309 42 56 2
619345 42 12 2
619364 42 56 1
619418 42 56 2
619455 42 26 2
619484 42 56 1
619496 42 56 2
619566 42 5 2
619584 42 56 1
619646 42 56 1
619656 42 56 2
619675 42 15 2
619731 42 4 2
619764 42 56 1
619774 42 56 2
619783 42 44 0
619785 42 23 2
619875 42 56 2
619889 42 56 1
619895 42 44 2
619937 42 56 2
620005 42 59 2
620016 42 56 1
620055 42 56 2
620078 42 56 1
620115 42 11 2
620181 42 56 2
620212 42 56 1
620225 42 22 2
620297 42 56 1
620307 42 56 2
620345 42 34 2
620379 42 56 2
620455 42 10 2
620513 42 56 2
620525 42 56 1
620565 42 33 2
620599 42 56 1
620606 42 56 2
620693 42 56 1
620715 42 7 2
620821 42 56 2
620825 42 30 2
620834 42 56 1
620899 42 56 2
620935 42 9 2
620936 42 56 1
621000 42 56 2
621038 42 56 1
621044 42 14 2
621134 42 56 2
621143 42 44 2
621155 42 5 0
621155 42 13 2
621170 42 56 1
621236 42 56 2
621256 42 56 1
621258 42 5 2
621265 42 3 2
621270 42 45 0
621339 42 56 2
621375 42 29 2
621385 42 56 1
621443 42 56 2
621485 42 35 2
621527 42 56 2
621529 42 56 1
621579 42 45 2
621595 42 16 2
621626 42 56 1
621647 42 24 0
621661 42 56 2
621716 42 56 1
621725 42 55 2
621799 42 56 2
621825 42 24 2
621855 42 19 2
621857 42 25 0
621858 42 56 1
621913 42 56 2
621939 42 25 2
621947 42 26 0
621964 42 56 1
621966 42 58 2
622008 42 56 2
622036 42 26 2
622075 42 21 2
622076 42 27 0
622101 42 56 1
622149 42 56 2
622179 42 27 2
622185 42 56 2
622199 42 33 0
622205 42 56 1
622243 42 56 2
622296 42 46 2
622353 42 56 2
622391 42 56 1
622425 42 52 2
622461 42 33 2
622475 42 56 2
622481 42 35 0
622484 42 56 1
622568 42 56 1
622584 42 35 2
622585 42 39 2
622592 42 41 0
622659 42 56 2
622679 42 56 1
622695 42 60 2
622755 42 56 2
622805 42 49 2
622813 42 56 1
622847 42 56 2
622915 42 50 2
622924 42 56 1
622949 42 56 2
622995 42 41 2
623011 42 42 0
623021 42 56 1
623025 42 27 2
623074 42 56 2
623135 42 17 2
623150 42 56 1
623192 42 56 2
623245 42 42 2
623261 42 42 2
623270 42 56 2
623293 42 1 0
623319 42 56 1
623355 42 57 2
623386 42 1 2
623404 42 56 2
623422 42 36 0
623432 42 56 1
623515 42 47 2
623534 42 56 1
623572 42 36 2
623581 42 56 2
623584 42 43 0
623625 42 53 2
623658 42 56 1
623683 42 56 2
623735 42 36 2
623784 42 56 1
623785 42 56 2
623845 42 40 2
623866 42 43 2
623882 42 17 0
623888 42 56 2
623910 42 56 1
623938 42 17 2
623974 42 45 2
624013 42 56 1
624025 42 56 2
624030 42 27 0
624105 42 38 2
624114 42 27 2
624118 42 37 0
624133 42 56 1
624171 42 56 2
624215 42 37 2
624228 42 56 1
624273 42 56 2
624279 42 37 2
624291 42 17 0
624325 42 8 2
624361 42 56 1
624375 42 17 2
624383 42 15 0
624399 42 56 2
624435 42 51 2
624449 42 56 1
624476 42 56 2
624511 42 15 2
624551 42 16 0
624556 42 54 2
624572 42 56 1
624630 42 56 2
624643 42 16 2
624675 42 32 2
624683 42 18 0
624724 42 56 2
624759 42 56 1
624784 42 18 2
624785 42 28 2
624808 42 61 0
624843 42 56 2
624888 42 56 1
624944 42 56 1
624965 42 61 2
625031 42 56 2
625072 42 61 2
625075 42 31 2
625084 42 54 0
625146 42 56 1
625157 42 56 2
625185 42 41 2
625215 42 56 1
625219 42 56 2
625257 42 54 2
625277 42 12 0
625325 42 56 1
625335 42 63 2
625359 42 12 2
625367 42 19 0
625417 42 56 2
625445 42 56 1
625445 42 48 2
625487 42 19 2
625491 42 35 0
625497 42 56 2
625538 42 56 1
625555 42 25 2
625605 42 56 2
625665 42 18 2
625680 42 56 1
625715 42 56 2
625775 42 43 2
625808 42 56 1
625812 42 56 2
625885 42 24 2
625902 42 35 2
625918 42 53 0
625943 42 56 2
625995 42 62 2
626075 42 56 2
626535 42 2 0
626536 42 2 2
626899 42 2 0
626900 42 2 2
626923 42 53 2
626963 42 33 0
627045 42 33 2
627057 42 36 0
627108 42 2 0
627109 42 2 2
627166 42 36 2
627186 42 40 0
627443 42 40 2
627467 42 37 0
627701 42 56 1
627750 42 37 2
627854 42 38 0
627895 42 17 2
627952 42 56 2
628068 42 38 2
628072 42 3 0
628404 42 3 2
628428 42 8 0
628518 42 8 2
628526 42 29 0
628671 42 29 2
628711 42 0 0
628815 42 0 2
628827 42 38 0
629059 42 38 2
629075 42 39 0
630598 42 39 2
630602 42 39 0
630864 42 39 2
630920 42 36 0
631026 42 36 2
631058 42 38 0
631320 42 38 2
631336 42 51 0
631471 42 51 2
631527 42 25 0
631803 42 25 2
631811 42 52 0
632175 42 52 2
632211 42 33 0
632492 42 33 2
632512 42 53 0
632884 42 53 2
632908 42 54 0
633342 42 54 2
633358 42 11 0
633696 42 11 2
633708 42 56 0
633893 42 56 2
633897 42 12 0
634176 42 12 2
634184 42 57 0
634303 42 57 2
634307 42 2 0
634680 42 2 2
634732 42 37 0
635175 42 37 2
635191 42 40 0
635280 42 40 2
635336 42 58 0
635832 42 58 2
635892 42 35 0
636005 42 35 2
636009 42 50 0
636246 42 50 2
636266 42 62 0
636757 42 56 1
636954 42 7 2
637059 42 56 2
637495 42 62 2
637523 42 38 0
637821 42 38 2
637893 42 63 0
639285 42 63 2
639325 42 12 0
639612 42 12 2
639636 42 2 0
639736 42 2 2
639760 42 13 0
640028 42 13 2
640124 42 3 0
640241 42 3 2
640281 42 23 0
640683 42 23 2
640699 42 24 0
640840 42 24 2
640948 42 13 0
641305 42 13 2
641313 42 25 0
641431 42 25 2
641459 42 26 0
641548 42 26 2
641628 42 0 0
641788 42 0 2
641796 42 3 0
641923 42 3 2
641967 42 4 0
642078 42 4 2
642174 42 5 0
642576 42 5 2
642616 42 15 0
642916 42 15 2
642924 42 14 0
643264 42 14 2
643276 42 50 0
643396 42 50 2
643424 42 6 0
643557 42 6 2
643577 42 4 0
643863 42 4 2
643871 42 8 0
643967 42 8 2
643971 42 47 0
644147 42 47 2
644155 42 49 0
644326 42 49 2
644342 42 11 0
644456 42 11 2
644492 42 5 0
644706 42 5 2
644730 42 37 0
644997 42 37 2
645061 42 4 0
645194 42 4 2
645198 42 1 0
645288 42 1 2
645316 42 27 0
645500 42 27 2
645508 42 2 0
645635 42 2 2
645647 42 11 0
645730 42 11 2
645738 42 7 0
645942 42 7 2
645962 42 3 0
646178 42 3 2
646286 42 6 0
646769 42 6 2
646789 42 9 0
646887 42 9 2
647059 42 8 0
647149 42 8 2
647161 42 11 0
647309 42 11 2
647329 42 12 0
647586 42 12 2
647610 42 16 0
647850 42 16 2
647858 42 13 0
648021 42 13 2
648069 42 2 0
648299 42 2 2
648331 42 40 0
648457 42 40 2
648461 42 25 0
648560 42 25 2
648576 42 31 0
649710 42 31 2
649746 42 33 0
649881 42 33 2
649885 42 36 0
650022 42 36 2
650030 42 4 0
650175 42 4 2
650267 42 5 0
650420 42 5 2
650452 42 34 0
650632 42 34 2
650652 42 35 0
650999 42 35 2
651023 42 32 0
651136 42 32 2
651204 42 17 0
651547 42 17 2
651843 42 38 0
651843 42 38 0
651901 42 38 2
652139 42 38 2
652147 42 27 0
652236 42 56 1
652295 42 27 2
652315 42 35 0
652424 42 35 2
652427 42 35 2
652465 42 56 2
652483 42 28 0
652651 42 28 2
652719 42 3 0
652812 42 3 2
652816 42 46 0
653214 42 46 2
653234 42 4 0
653325 42 4 2
653357 42 0 0
653560 42 0 2
653564 42 29 0
653709 42 29 2
653853 42 47 0
654094 42 47 2
654166 42 30 0
654418 42 30 2
654770 42 31 0
654960 42 31 2
654964 42 44 0
655189 42 44 2
655197 42 43 0
655348 42 43 2
655480 42 32 0
655683 42 32 2
655755 42 33 0
655921 42 33 2
655969 42 33 0
656127 42 33 2
656135 42 27 0
656278 42 27 2
656382 42 54 0
657824 42 54 2
657836 42 28 0
658065 42 28 2
658081 42 34 0
658318 42 34 2
658326 42 56 0
658488 42 56 1
658661 42 56 2
658674 42 53 2
658677 42 35 0
658731 42 56 2
658932 42 35 2
659032 42 41 0
659175 42 41 2
659223 42 61 0
659522 42 61 2
659526 42 39 0
659817 42 39 2
659829 42 7 0
659980 42 7 2
660040 42 8 0
660140 42 8 2
660172 42 63 0
660366 42 63 2
660474 42 0 0
660500 42 56 1
660634 42 0 2
660662 42 57 0
660694 42 17 2
660751 42 56 2
660808 42 57 2
660876 42 58 0
661063 42 58 2
661147 42 46 0
661306 42 46 2
661318 42 59 0
661598 42 59 2
661630 42 32 0
661730 42 32 2
661738 42 50 0
661897 42 50 2
661973 42 60 0
662365 42 60 2
662373 42 62 0
662802 42 62 2
662806 42 3 0
663352 42 3 2
663364 42 5 0
663521 42 5 2
663549 42 17 0
663707 42 17 2
663727 42 6 0
664067 42 6 2
664159 42 11 0
664466 42 11 2
664474 42 10 0
664555 42 10 2
664575 42 11 0
664737 42 11 2
664745 42 6 0
664852 42 6 2
664888 42 36 0
665230 42 36 2
665290 42 12 0
665492 42 12 2
665500 42 0 0
665593 42 0 2
665717 42 15 0
666215 42 15 2
666335 42 7 0
666477 42 7 2
666493 42 0 0
666799 42 0 2
666947 42 9 0
667041 42 9 2
667073 42 8 0
667168 42 8 2
667196 42 40 0
667502 42 40 2
667514 42 41 0
667866 42 41 2
667962 42 14 0
668175 42 14 2
668491 42 29 0
668650 42 29 2
668690 42 30 0
668897 42 30 2
668941 42 17 0
669044 42 17 2
669100 42 18 0
669198 42 18 2
669246 42 19 0
669388 42 19 2
669424 42 21 0
669590 42 21 2
669622 42 22 0
669791 42 22 2
669947 42 4 0
670063 42 4 2
670091 42 18 0
670354 42 18 2
670526 42 61 0
670819 42 61 2
670891 42 54 0
671021 42 54 2
671022 42 0 2
671053 42 55 0
671224 42 55 2
671452 42 40 0
671542 42 40 2
671570 42 49 0
671660 42 49 2
671672 42 51 0
671767 42 51 2
671787 42 37 0
671899 42 37 2
671903 42 20 0
672006 42 20 2
672022 42 3 0
672354 42 3 2
672446 42 21 0
672583 42 21 2
672591 42 56 0
672696 42 56 2
672716 42 57 0
672833 42 57 2
672921 42 58 0
673056 42 58 2
673136 42 59 0
673279 42 59 2
673303 42 63 0
673569 42 63 2
673653 42 33 0
673743 42 33 2
690855 42 56 1
691045 42 2 2
691111 42 56 2
815938 42 2 0
815939 42 2 2
820244 42 2 0
820245 42 2 2
931967 42 2 0
931968 42 2 2
966535 42 2 0
966536 42 56 1
966727 42 2 2
966792 42 56 2
969717 42 2 0
969718 42 56 1
969917 42 2 2
969982 42 56 2
974778 42 2 0
974779 42 2 2
975650 42 2 0
975651 42 2 2
976893 42 2 0
976894 42 2 2
978146 42 2 0
978147 42 2 2
1072182 42 2 2
1072329 42 2 2
1072564 42 2 2
1127373 42 2 0
1127374 42 56 1
1127562 42 2 2
1127627 42 56 2
1136437 42 2 0
1136438 42 2 2
1179365 42 56 1
1179552 42 2 2
1179617 42 56 2
1181961 42 2 0
1181962 42 56 1
1182152 42 2 2
1182217 42 56 2
1205358 42 2 0
1205359 42 2 2
1213843 42 2 0
1213844 42 2 2
1214203 42 2 0
1214204 42 2 2
1214521 42 2 0
1214522 42 2 2
1236258 42 2 0
1236259 42 2 2
1237390 42 2 0
1237391 42 2 2
1241346 42 2 0
1241347 42 2 2
1242146 42 2 0
1242147 42 2 2
1243389 42 2 0
1243390 42 2 2
1244399 42 2 0
1244400 42 2 2
1253390 42 2 0
1253391 42 2 2
1274058 42 2 0
1274059 42 56 1
1274250 42 2 2
1274315 42 56 2
1279006 42 2 0
1279007 42 2 2
1288184 42 2 0
1288185 42 56 1
1288380 42 2 2
1288445 42 56 2
1303691 42 2 0
1303692 42 56 1
1303880 42 2 2
1303945 42 56 2
1336823 42 2 0
1336824 42 56 1
1337013 42 2 2
1337078 42 56 2
1350651 42 2 0
1350652 42 2 2
1356092 42 2 0
1356093 42 2 2
1356477 42 2 0
1356478 42 2 2
1356689 42 2 0
1356690 42 2 2
1404462 42 2 0
1404463 42 56 1
1404656 42 2 2
1404721 42 56 2
1409577 42 2 0
1409578 42 56 1
1409766 42 2 2
1409831 42 56 2
1436625 42 2 0
1436626 42 56 1
1436816 42 2 2
1436881 42 56 2
1461941 42 2 0
1461942 42 56 1
1462137 42 2 2
1462203 42 56 2
1485201 42 2 0
1485202 42 56 1
1485397 42 2 2
1485463 42 56 2
1496039 42 2 0
1496040 42 56 1
1496226 42 2 2
1496291 42 56 2
1499710 42 2 0
1499711 42 2 2
1511021 42 2 0
1511022 42 56 1
1511217 42 2 2
1511283 42 56 2
1552100 42 2 0
1552101 42 56 1
1552295 42 2 2
1552360 42 56 2
1586257 42 2 0
1586258 42 2 2
1594223 42 38 0
1594223 42 38 0
1595022 42 38 2
1595070 42 38 2
1595262 42 12 0
1595335 42 12 2
1596595 42 7 0
1596799 42 7 2
1597875 42 38 0
1597875 42 38 0
1599298 42 38 2
1599454 42 46 0
1599512 42 46 2
1599712 42 47 0
1599777 42 47 2
1601009 42 56 1
1601201 42 62 2
1601275 42 56 2
1601333 42 56 1
1601491 42 56 1
1601521 42 35 2
1601535 42 56 1
1601563 42 56 2
1601681 42 25 2
1601731 42 56 2
1601765 42 56 1
1601791 42 47 2
1601857 42 56 2
1601859 42 56 1
1601961 42 61 2
1601989 42 56 1
1602027 42 56 2
1602091 42 45 2
1602141 42 56 2
1602150 42 56 1
1602201 42 38 2
1602257 42 56 1
1602267 42 56 2
1602341 42 21 2
1602415 42 56 2
1602451 42 22 2
1602490 42 56 1
1602532 42 56 2
1602621 42 56 1
1602654 42 56 1
1602681 42 51 2
1602723 42 56 2
1602753 42 38 2
1602769 42 42 0
1602778 42 56 1
1602811 42 33 2
1602853 42 56 2
1602921 42 37 2
1602986 42 56 2
1603039 42 56 1
1603051 42 42 2
1603067 42 42 2
1603076 42 56 2
1603154 42 56 1
1603231 42 54 2
1603259 42 56 1
1603297 42 56 2
1603317 42 56 1
1603341 42 63 2
1603423 42 56 2
1603481 42 16 2
1603509 42 56 1
1603547 42 56 2
1603575 42 56 1
1603591 42 27 2
1603641 42 56 2
1603643 42 43 0
1603698 42 56 1
1603701 42 8 2
1603775 42 56 2
1603811 42 58 2
1603822 42 56 1
1603853 42 56 2
1603895 42 43 2
1603921 42 14 2
1603970 42 56 1
1604011 42 56 2
1604031 42 49 2
1604054 42 56 1
1604073 42 56 2
1604161 42 48 2
1604202 42 56 1
1604211 42 56 2
1604271 42 52 2
1604318 42 56 1
1604321 42 56 2
1604391 42 50 2
1604424 42 56 2
1604471 42 44 0
1604484 42 56 1
1604511 42 31 2
1604551 42 56 1
1604593 42 56 2
1604649 42 56 1
1604671 42 32 2
1604720 42 56 2
1604754 42 44 2
1604781 42 53 2
1604839 42 56 2
1604870 42 56 1
1604891 42 46 2
1604949 42 56 2
1604955 42 56 1
1605111 42 10 2
1605151 42 56 1
1605169 42 56 2
1605221 42 60 2
1605267 42 56 1
1605279 42 56 2
1605326 42 56 1
1605330 42 45 0
1605351 42 43 2
1605385 42 56 2
1605461 42 56 2
1605505 42 56 1
1605519 42 56 2
1605571 42 36 2
1605610 42 45 2
1605613 42 56 1
1605621 42 56 2
1605689 42 56 1
1605701 42 17 2
1605759 42 56 2
1605811 42 11 2
1605829 42 56 1
1605877 42 56 2
1605931 42 28 2
1605975 42 56 1
1605989 42 56 2
1606041 42 19 2
1606099 42 56 2
1606171 42 3 2
1606176 42 56 1
1606186 42 46 0
1606245 42 56 2
1606257 42 56 1
1606371 42 59 2
1606381 42 56 1
1606421 42 56 2
1606455 42 56 1
1606480 42 46 2
1606481 42 1 2
1606555 42 56 2
1606560 42 56 1
1606591 42 29 2
1606658 42 56 1
1606659 42 56 2
1606701 42 4 2
1606744 42 56 1
1606783 42 56 2
1606811 42 18 2
1606860 42 56 2
1606916 42 56 1
1606931 42 20 2
1606997 42 56 2
1607041 42 56 1
1607041 42 55 2
1607056 42 47 0
1607116 42 56 2
1607151 42 40 2
1607193 42 56 2
1607261 42 26 2
1607303 42 56 2
1607316 42 47 2
1607354 42 56 1
1607443 42 56 1
1607517 42 56 1
1607541 42 39 2
1607568 42 56 1
1607615 42 56 2
1607651 42 24 2
1607668 42 56 1
1607709 42 56 2
1607761 42 15 2
1607858 42 56 2
1607871 42 57 2
1607892 42 48 0
1607921 42 56 2
1607933 42 56 1
1607981 42 41 2
1608016 42 56 2
1608121 42 6 2
1608129 42 56 1
1608156 42 48 2
1608180 42 56 1
1608219 42 56 2
1608331 42 9 2
1608398 42 56 2
1608441 42 30 2
1608492 42 56 1
1608515 42 56 2
1608681 42 13 2
1608732 42 49 0
1608763 42 56 2
1608851 42 56 1
1608999 42 56 1
1609051 42 34 2
1609076 42 49 2
1609085 42 56 2
1609201 42 12 2
1609275 42 56 2
1609428 42 56 1
1609621 42 44 2
1609652 42 50 0
1609664 42 56 2
1609893 42 56 1
1609918 42 50 2
1610081 42 5 2
1610171 42 56 2
1610494 42 51 0
1610706 42 56 1
1610771 42 56 1
1610786 42 51 2
1610901 42 23 2
1610991 42 56 2
1611011 42 7 2
1611117 42 56 2
1611362 42 52 0
1611701 42 52 2
1612277 42 53 0
1612578 42 53 2
1613154 42 54 0
1613450 42 54 2
1614026 42 55 0
1614287 42 55 2
1614863 42 56 0
1615144 42 56 2
1615720 42 57 0
1616083 42 57 2
1616659 42 58 0
1616948 42 58 2
1617524 42 59 0
1617816 42 59 2
1618392 42 60 0
1618750 42 60 2
1619326 42 61 0
1619645 42 61 2
1620221 42 62 0
1620520 42 62 2
1621096 42 63 0
1621355 42 63 2
1621708 42 56 1
1621901 42 0 2
1621931 42 0 0
1621931 42 0 0
1621983 42 56 2
1622005 42 0 2
1622207 42 0 2
1622475 42 2 0
1622638 42 2 2
1622694 42 3 0
1622816 42 3 2
1622820 42 7 0
1623153 42 7 2
1623241 42 4 0
1623241 42 4 0
1623315 42 4 2
1623394 42 4 2
1623782 42 1 0
1624068 42 1 2
1624644 42 2 0
1624948 42 2 2
1625524 42 3 0
1625957 42 3 2
1626533 42 4 0
1626825 42 4 2
1627401 42 5 0
1627670 42 5 2
1628246 42 6 0
1628610 42 6 2
1629186 42 7 0
1629521 42 7 2
1630097 42 8 0
1630338 42 8 2
1630914 42 9 0
1631228 42 9 2
1631804 42 10 0
1632090 42 10 2
1632666 42 11 0
1632666 42 11 0
1632724 42 11 2
1632998 42 11 2
1633574 42 12 0
1633574 42 12 0
1633640 42 12 2
1633854 42 12 2
1634430 42 13 0
1634700 42 13 2
1635276 42 14 0
1635622 42 14 2
1636198 42 15 0
1636508 42 15 2
1637084 42 16 0
1637328 42 16 2
1637904 42 17 0
1638188 42 17 2
1638764 42 18 0
1639032 42 18 2
1639608 42 19 0
1639910 42 19 2
1640486 42 20 0
1640764 42 20 2
1641340 42 21 0
1641614 42 21 2
1642190 42 22 0
1642524 42 22 2
1643100 42 23 0
1643390 42 23 2
1643966 42 24 0
1644208 42 24 2
1644784 42 25 0
1645068 42 25 2
1645644 42 26 0
1645894 42 26 2
1646470 42 27 0
1646752 42 27 2
1647328 42 28 0
1647614 42 28 2
1648190 42 29 0
1648460 42 29 2
1649036 42 30 0
1649346 42 30 2
1649922 42 31 0
1650202 42 31 2
1650778 42 32 0
1651108 42 32 2
1651684 42 33 0
1652008 42 33 2
1652584 42 34 0
1652856 42 34 2
1653432 42 35 0
1653764 42 35 2
1654340 42 36 0
1654614 42 36 2
1655190 42 37 0
1655460 42 37 2
1656036 42 38 0
1656338 42 38 2
1656914 42 39 0
1657184 42 39 2
1671920 42 8 0
1672208 42 8 2
1679937 42 2 2
1680083 42 2 2
1705756 42 31 0
1705902 42 31 2
1705946 42 35 0
1706213 42 35 2
1706273 42 32 0
1706372 42 32 2
1706428 42 46 0
1706485 42 46 2
1706517 42 12 0
1706517 42 12 0
1706583 42 12 2
1706591 42 12 2
1706603 42 33 0
1706684 42 33 2
1706776 42 34 0
1706849 42 34 2
1706881 42 1 0
1706881 42 1 0
1706947 42 1 2
1706957 42 1 2
1707001 42 32 0
1707172 42 32 2
1707180 42 35 0
1707262 42 35 2
1707266 42 60 0
1707493 42 60 2
1707509 42 61 0
1707662 42 61 2
1707722 42 48 0
1707880 42 48 2
1707920 42 49 0
1708044 42 49 2
1708080 42 36 0
1708080 42 36 0
1708122 42 36 2
1708171 42 36 2
1708235 42 37 0
1708235 42 37 0
1708285 42 37 2
1708333 42 37 2
1708381 42 58 0
1708381 42 58 0
1708415 42 58 2
1708529 42 58 2
1708541 42 31 0
1708842 42 31 2
1708854 42 30 0
1709169 42 30 2
1709177 42 59 0
1709177 42 59 0
1709219 42 59 2
1709301 42 59 2
1709353 42 34 0
1709588 42 34 2
1709628 42 0 0
1709882 42 0 2
1709890 42 33 0
1710186 42 33 2
1710202 42 60 0
1710411 42 60 2
1710431 42 32 0
1710705 42 32 2
1710781 42 61 0
1711017 42 61 2
1711141 42 62 0
1711330 42 62 2
1711418 42 12 0
1711510 42 12 2
1711522 42 39 0
1711790 42 39 2
1711802 42 13 0
1711902 42 13 2
1711906 42 48 0
1712003 42 48 2
1712015 42 59 0
1712121 42 59 2
1712149 42 54 0
1712149 42 54 0
1712207 42 54 2
1712266 42 54 2
1712306 42 55 0
1712563 42 55 2
1712587 42 56 0
1712881 42 56 2
1712909 42 57 0
1713190 42 57 2
1713254 42 58 0
1713471 42 58 2
1713507 42 49 0
1713789 42 49 2
1713829 42 63 0
1713980 42 63 2
1714028 42 15 0
1714141 42 15 2
1714157 42 44 0
1714264 42 44 2
1714284 42 45 0
1714389 42 45 2
1714637 42 0 0
1714726 42 0 2
1714818 42 1 0
1714901 42 1 2
1715001 42 2 0
1715083 42 2 2
1715091 42 47 0
1715155 42 47 2
1715167 42 41 0
1715251 42 41 2
1715323 42 3 0
1715425 42 3 2
1715685 42 5 0
1716005 42 5 2
1716053 42 6 0
1716296 42 6 2
1716384 42 7 0
1716508 42 7 2
1716616 42 8 0
1716801 42 8 2
1716857 42 1 0
1716948 42 1 2
1717396 42 46 0
1717462 42 46 2
1717470 42 4 0
1717588 42 4 2
1717612 42 47 0
1717677 42 47 2
1717821 42 12 0
1717903 42 12 2
1718267 42 10 0
1718352 42 10 2
1718472 42 1 0
1718472 42 1 0
1718538 42 1 2
1718571 42 1 2
1719019 42 46 0
1719085 42 46 2
1719117 42 47 0
1719117 42 47 0
1719175 42 47 2
1719182 42 47 2
1719326 42 12 0
1719326 42 12 0
1719392 42 12 2
1719409 42 12 2
1719573 42 43 2
1719893 42 1 0
1719999 42 1 2
1720447 42 46 0
1720447 42 46 0
1720497 42 46 2
1720514 42 46 2
1720546 42 47 0
1720620 42 47 2
1720764 42 12 0
1720855 42 12 2
1721339 42 1 0
1721339 42 1 0
1721360 42 38 2
1721453 42 1 2
1721485 42 1 2
1721883 42 38 2
1721901 42 46 0
1721901 42 46 0
1721922 42 43 2
1721961 42 46 2
1721969 42 46 2
1721998 42 38 2
1722001 42 47 0
1722001 42 47 0
1722076 42 47 2
1722089 42 47 2
1722220 42 12 0
1722220 42 12 0
1722286 42 12 2
1722318 42 12 2
1722616 42 44 2
1722802 42 1 0
1722802 42 1 0
1722876 42 1 2
1722928 42 1 2
1723324 42 46 0
1723324 42 46 0
1723386 42 46 2
1723407 42 46 2
1723418 42 47 0
1723418 42 47 0
1723440 42 38 2
1723484 42 47 2
1723526 42 47 2
1723628 42 12 0
1723628 42 12 0
1723703 42 12 2
1723775 42 12 2
1724187 42 1 0
1724187 42 1 0
1724253 42 1 2
1724261 42 1 2
1724693 42 13 0
1724808 42 13 2
1724824 42 46 0
1724824 42 46 0
1724882 42 46 2
1724914 42 47 0
1724914 42 47 0
1724914 42 46 2
1724948 42 38 2
1724979 42 47 2
1725042 42 47 2
1725123 42 12 0
1725123 42 12 0
1725189 42 12 2
1725196 42 12 2
1725680 42 1 0
1725680 42 1 0
1725746 42 1 2
1725753 42 1 2
1726201 42 46 0
1726201 42 46 0
1726251 42 46 2
1726258 42 46 2
1726290 42 47 0
1726290 42 47 0
1726349 42 47 2
1726354 42 47 2
1726498 42 12 0
1726498 42 12 0
1726564 42 12 2
1726574 42 12 2
1727058 42 1 0
1727058 42 1 0
1727124 42 1 2
1727132 42 1 2
1727580 42 46 0
1727580 42 46 0
1727630 42 46 2
1727639 42 46 2
1727671 42 47 0
1727671 42 47 0
1727729 42 47 2
1727737 42 47 2
1727881 42 12 0
1727881 42 12 0
1727947 42 12 2
1727995 42 12 2
1728479 42 1 0
1728479 42 1 0
1728546 42 1 2
1728553 42 1 2
1729001 42 46 0
1729001 42 46 0
1729051 42 46 2
1729071 42 46 2
1729103 42 47 0
1729103 42 47 0
1729162 42 47 2
1729210 42 47 2
1729354 42 12 0
1729354 42 12 0
1729420 42 12 2
1729457 42 12 2
1729761 42 2 0
1729762 42 2 2
1729941 42 1 0
1729941 42 1 0
1730007 42 1 2
1730014 42 1 2
1730462 42 46 0
1730462 42 46 0
1730512 42 46 2
1730520 42 46 2
1730552 42 47 0
1730552 42 47 0
1730610 42 47 2
1730617 42 47 2
1730761 42 12 0
1730761 42 12 0
1730827 42 12 2
1730834 42 12 2
1731318 42 1 0
1731318 42 1 0
1731384 42 1 2
1731395 42 1 2
1731843 42 46 0
1731843 42 46 0
1731893 42 46 2
1731902 42 46 2
1731934 42 47 0
1731934 42 47 0
1731993 42 47 2
1732005 42 47 2
1732149 42 12 0
1732149 42 12 0
1732215 42 12 2
1732223 42 12 2
1732707 42 1 0
1732707 42 1 0
1732773 42 1 2
1732781 42 1 2
1733229 42 46 0
1733229 42 46 0
1733279 42 46 2
1733288 42 46 2
1733320 42 47 0
1733320 42 47 0
1733378 42 47 2
1733386 42 47 2
1733530 42 12 0
1733530 42 12 0
1733596 42 12 2
1733604 42 12 2
1734088 42 1 0
1734088 42 1 0
1734154 42 1 2
1734163 42 1 2
1734611 42 46 0
1734611 42 46 0
1734661 42 46 2
1734669 42 46 2
1734701 42 47 0
1734701 42 47 0
1734760 42 47 2
1734765 42 47 2
1734909 42 12 0
1734909 42 12 0
1734975 42 12 2
1734988 42 12 2
1735472 42 1 0
1735472 42 1 0
1735538 42 1 2
1735554 42 1 2
1735986 42 14 0
1736101 42 14 2
1736117 42 46 0
1736117 42 46 0
1736167 42 46 2
1736174 42 46 2
1736206 42 47 0
1736206 42 47 0
1736264 42 47 2
1736272 42 47 2
1736416 42 12 0
1736416 42 12 0
1736482 42 12 2
1736495 42 12 2
1736979 42 1 0
1736979 42 1 0
1737053 42 1 2
1737075 42 1 2
1737501 42 46 0
1737501 42 46 0
1737551 42 46 2
1737559 42 46 2
1737591 42 47 0
1737591 42 47 0
1737649 42 47 2
1737656 42 47 2
1737800 42 12 0
1737800 42 12 0
1737866 42 12 2
1737874 42 12 2
1738358 42 1 0
1738358 42 1 0
1738424 42 1 2
1738432 42 1 2
1738880 42 46 0
1738880 42 46 0
1738930 42 46 2
1738938 42 46 2
1738970 42 47 0
1738970 42 47 0
1739028 42 47 2
1739041 42 47 2
1739185 42 12 0
1739185 42 12 0
1739251 42 12 2
1739262 42 12 2
1739746 42 1 0
1739746 42 1 0
1739825 42 1 2
1739827 42 1 2
1740275 42 46 0
1740275 42 46 0
1740325 42 46 2
1740334 42 46 2
1740366 42 47 0
1740366 42 47 0
1740424 42 47 2
1740432 42 47 2
1740576 42 12 0
1740576 42 12 0
1740642 42 12 2
1740650 42 12 2
1741134 42 1 0
1741134 42 1 0
1741203 42 1 2
1741215 42 1 2
1741663 42 46 0
1741663 42 46 0
1741713 42 46 2
1741721 42 46 2
1741753 42 47 0
1741753 42 47 0
1741814 42 47 2
1741823 42 47 2
1741967 42 12 0
1741967 42 12 0
1742033 42 12 2
1742044 42 12 2
1742528 42 1 0
1742528 42 1 0
1742605 42 1 2
1742606 42 1 2
1743053 42 46 0
1743053 42 46 0
1743103 42 46 2
1743115 42 46 2
1743147 42 47 0
1743147 42 47 0
1743205 42 47 2
1743214 42 47 2
1743358 42 12 0
1743358 42 12 0
1743424 42 12 2
1743433 42 12 2
1743917 42 1 0
1743917 42 1 0
1743983 42 1 2
1743991 42 1 2
1744439 42 46 0
1744439 42 46 0
1744489 42 46 2
1744497 42 46 2
1744529 42 47 0
1744529 42 47 0
1744587 42 47 2
1744596 42 47 2
1744740 42 12 0
1744740 42 12 0
1744806 42 12 2
1744831 42 12 2
1745315 42 1 0
1745315 42 1 0
1745381 42 1 2
1745390 42 1 2
1745838 42 46 0
1745838 42 46 0
1745893 42 46 2
1745953 42 46 2
1745985 42 47 0
1745985 42 47 0
1746043 42 47 2
1746102 42 47 2
1746246 42 12 0
1746246 42 12 0
1746319 42 12 2
1746325 42 12 2
1746713 42 1 0
1746713 42 1 0
1746779 42 1 2
1746787 42 1 2
1747219 42 7 0
1747324 42 7 2
1747340 42 46 0
1747340 42 46 0
1747390 42 46 2
1747447 42 46 2
1747479 42 47 0
1747479 42 47 0
1747537 42 47 2
1747593 42 47 2
1747737 42 12 0
1747737 42 12 0
1747803 42 12 2
1747828 42 12 2
1748312 42 1 0
1748312 42 1 0
1748378 42 1 2
1748385 42 1 2
1748833 42 46 0
1748833 42 46 0
1748884 42 46 2
1748903 42 46 2
1748935 42 47 0
1748935 42 47 0
1748993 42 47 2
1749001 42 47 2
1749145 42 12 0
1749145 42 12 0
1749211 42 12 2
1749225 42 12 2
1749709 42 1 0
1749709 42 1 0
1749775 42 1 2
1749789 42 1 2
1750237 42 46 0
1750237 42 46 0
1750287 42 46 2
1750295 42 46 2
1750327 42 47 0
1750327 42 47 0
1750386 42 47 2
1750393 42 47 2
1750537 42 5 0
1750634 42 5 2
1750642 42 61 0
1750642 42 61 0
1750700 42 61 2
1750708 42 61 2
1750716 42 29 0
1750978 42 29 2
1750994 42 62 0
1750994 42 62 0
1751061 42 62 2
1751066 42 62 2
1751342 42 63 0
1751342 42 63 0
1751416 42 63 2
1751473 42 63 2
1751897 42 12 0
1751897 42 12 0
1751965 42 12 2
1751998 42 12 2
1752299 42 2 0
1752300 42 2 2
1752438 42 11 0
1752536 42 11 2
1752748 42 1 0
1752748 42 1 0
1752817 42 1 2
1752824 42 1 2
1753272 42 46 0
1753272 42 46 0
1753322 42 46 2
1753330 42 46 2
1753362 42 47 0
1753362 42 47 0
1753421 42 47 2
1753428 42 47 2
1753572 42 12 0
1753572 42 12 0
1753601 42 2 0
1753602 42 2 2
1753638 42 12 2
1753646 42 12 2
1754130 42 1 0
1754130 42 1 0
1754201 42 1 2
1754204 42 1 2
1754259 42 43 2
1754652 42 46 0
1754652 42 46 0
1754704 42 46 2
1754716 42 46 2
1754748 42 47 0
1754748 42 47 0
1754806 42 47 2
1754814 42 47 2
1754958 42 12 0
1754958 42 12 0
1755024 42 12 2
1755032 42 12 2
1755516 42 1 0
1755516 42 1 0
1755582 42 1 2
1755590 42 1 2
1756038 42 46 0
1756038 42 46 0
1756088 42 46 2
1756096 42 46 2
1756128 42 47 0
1756128 42 47 0
1756186 42 47 2
1756194 42 47 2
1756338 42 12 0
1756338 42 12 0
1756404 42 12 2
1756412 42 12 2
1756896 42 1 0
1756896 42 1 0
1756962 42 1 2
1756970 42 1 2
1757418 42 46 0
1757418 42 46 0
1757468 42 46 2
1757479 42 46 2
1757511 42 47 0
1757511 42 47 0
1757569 42 47 2
1757577 42 47 2
1757721 42 12 0
1757794 42 12 2
1758278 42 1 0
1758278 42 1 0
1758344 42 1 2
1758353 42 1 2
1758801 42 46 0
1758801 42 46 0
1758851 42 46 2
1758859 42 46 2
1758891 42 47 0
1758891 42 47 0
1758949 42 47 2
1758959 42 47 2
1759103 42 12 0
1759103 42 12 0
1759169 42 12 2
1759177 42 12 2
1759661 42 1 0
1759661 42 1 0
1759727 42 1 2
1759734 42 1 2
1760166 42 8 0
1760166 42 8 0
1760233 42 8 2
1760266 42 8 2
1760282 42 46 0
1760282 42 46 0
1760332 42 46 2
1760340 42 46 2
1760372 42 47 0
1760372 42 47 0
1760430 42 47 2
1760442 42 47 2
1760586 42 12 0
1760586 42 12 0
1760652 42 12 2
1760659 42 12 2
1761143 42 1 0
1761143 42 1 0
1761209 42 1 2
1761222 42 1 2
1761670 42 46 0
1761670 42 46 0
1761720 42 46 2
1761731 42 46 2
1761763 42 47 0
1761763 42 47 0
1761823 42 47 2
1761847 42 47 2
1761991 42 12 0
1761991 42 12 0
1762057 42 12 2
1762071 42 12 2
1762555 42 1 0
1762555 42 1 0
1762625 42 1 2
1762628 42 1 2
1763052 42 2 0
1763053 42 2 2
1763076 42 46 0
1763076 42 46 0
1763126 42 46 2
1763135 42 46 2
1763167 42 47 0
1763167 42 47 0
1763225 42 47 2
1763233 42 47 2
1763377 42 12 0
1763377 42 12 0
1763443 42 12 2
1763455 42 12 2
1763939 42 1 0
1763939 42 1 0
1764005 42 1 2
1764012 42 1 2
1764460 42 46 0
1764460 42 46 0
1764510 42 46 2
1764518 42 46 2
1764550 42 47 0
1764550 42 47 0
1764608 42 47 2
1764616 42 47 2
1764760 42 12 0
1764760 42 12 0
1764826 42 12 2
1764834 42 12 2
1765318 42 1 0
1765318 42 1 0
1765385 42 1 2
1765390 42 1 2
1765838 42 46 0
1765838 42 46 0
1765888 42 46 2
1765898 42 46 2
1765930 42 47 0
1765930 42 47 0
1765991 42 47 2
1766001 42 47 2
1766145 42 12 0
1766145 42 12 0
1766211 42 12 2
1766219 42 12 2
1766703 42 1 0
1766703 42 1 0
1766769 42 1 2
1766780 42 1 2
1767228 42 46 0
1767228 42 46 0
1767278 42 46 2
1767286 42 46 2
1767318 42 47 0
1767318 42 47 0
1767377 42 47 2
1767385 42 47 2
1767529 42 12 0
1767529 42 12 0
1767595 42 12 2
1767603 42 12 2
1768019 42 2 0
1768020 42 2 2
1768087 42 1 0
1768087 42 1 0
1768154 42 1 2
1768159 42 1 2
1768607 42 46 0
1768607 42 46 0
1768657 42 46 2
1768665 42 46 2
1768697 42 47 0
1768697 42 47 0
1768755 42 47 2
1768763 42 47 2
1768907 42 12 0
1768907 42 12 0
1768974 42 12 2
1768982 42 12 2
1769466 42 1 0
1769466 42 1 0
1769532 42 1 2
1769540 42 1 2
1769988 42 46 0
1769988 42 46 0
1770038 42 46 2
1770045 42 46 2
1770077 42 47 0
1770077 42 47 0
1770135 42 47 2
1770143 42 47 2
1770287 42 12 0
1770287 42 12 0
1770353 42 12 2
1770361 42 12 2
1770845 42 1 0
1770845 42 1 0
1770912 42 1 2
1770918 42 1 2
1771350 42 9 0
1771440 42 9 2
1771456 42 46 0
1771456 42 46 0
1771506 42 46 2
1771513 42 46 2
1771545 42 47 0
1771545 42 47 0
1771609 42 47 2
1771613 42 47 2
1771757 42 12 0
1771757 42 12 0
1771823 42 12 2
1771831 42 12 2
1772315 42 1 0
1772315 42 1 0
1772381 42 1 2
1772389 42 1 2
1772837 42 46 0
1772837 42 46 0
1772887 42 46 2
1772896 42 46 2
1772928 42 47 0
1772928 42 47 0
1772986 42 47 2
1772994 42 47 2
1773138 42 12 0
1773138 42 12 0
1773204 42 12 2
1773211 42 12 2
1773695 42 1 0
1773695 42 1 0
1773762 42 1 2
1773770 42 1 2
1774218 42 46 0
1774218 42 46 0
1774268 42 46 2
1774276 42 46 2
1774308 42 47 0
1774308 42 47 0
1774366 42 47 2
1774380 42 47 2
1774524 42 12 0
1774524 42 12 0
1774590 42 12 2
1774602 42 12 2
1774708 42 2 0
1774709 42 2 2
1775086 42 1 0
1775086 42 1 0
1775154 42 1 2
1775172 42 1 2
1775547 42 2 0
1775548 42 2 2
1775620 42 46 0
1775620 42 46 0
1775670 42 46 2
1775686 42 46 2
1775718 42 47 0
1775718 42 47 0
1775776 42 47 2
1775784 42 47 2
1775928 42 12 0
1775928 42 12 0
1775994 42 12 2
1776008 42 12 2
1776492 42 1 0
1776492 42 1 0
1776558 42 1 2
1776606 42 1 2
1777054 42 46 0
1777054 42 46 0
1777104 42 46 2
1777113 42 46 2
1777145 42 47 0
1777145 42 47 0
1777203 42 47 2
1777210 42 47 2
1777354 42 12 0
1777354 42 12 0
1777420 42 12 2
1777429 42 12 2
1777913 42 1 0
1777913 42 1 0
1777979 42 1 2
1778026 42 1 2
1778474 42 46 0
1778474 42 46 0
1778525 42 46 2
1778532 42 46 2
1778564 42 47 0
1778564 42 47 0
1778622 42 47 2
1778632 42 47 2
1778776 42 12 0
1778776 42 12 0
1778842 42 12 2
1778851 42 12 2
1779335 42 1 0
1779335 42 1 0
1779401 42 1 2
1779508 42 1 2
1779956 42 46 0
1779956 42 46 0
1780007 42 46 2
1780015 42 46 2
1780047 42 47 0
1780047 42 47 0
1780105 42 47 2
1780112 42 47 2
1780256 42 12 0
1780256 42 12 0
1780322 42 12 2
1780330 42 12 2
1780814 42 1 0
1780814 42 1 0
1780882 42 1 2
1780890 42 1 2
1781338 42 46 0
1781338 42 46 0
1781388 42 46 2
1781397 42 46 2
1781429 42 47 0
1781429 42 47 0
1781487 42 47 2
1781497 42 47 2
1781641 42 12 0
1781641 42 12 0
1781708 42 12 2
1781716 42 12 2
1781965 42 2 0
1781966 42 2 2
1782200 42 1 0
1782200 42 1 0
1782266 42 1 2
1782277 42 1 2
1782709 42 10 0
1782778 42 10 2
1782794 42 46 0
1782794 42 46 0
1782844 42 46 2
1782852 42 46 2
1782884 42 47 0
1782884 42 47 0
1782942 42 47 2
1782949 42 47 2
1783093 42 12 0
1783093 42 12 0
1783159 42 12 2
1783167 42 12 2
1783651 42 1 0
1783651 42 1 0
1783717 42 1 2
1783726 42 1 2
1784174 42 46 0
1784174 42 46 0
1784224 42 46 2
1784232 42 46 2
1784264 42 47 0
1784264 42 47 0
1784322 42 47 2
1784330 42 47 2
1784474 42 12 0
1784474 42 12 0
1784541 42 12 2
1784546 42 12 2
1785030 42 1 0
1785030 42 1 0
1785096 42 1 2
1785103 42 1 2
1785551 42 46 0
1785551 42 46 0
1785601 42 46 2
1785609 42 46 2
1785641 42 47 0
1785641 42 47 0
1785699 42 47 2
1785706 42 47 2
1785850 42 12 0
1785850 42 12 0
1785917 42 12 2
1785925 42 12 2
1786409 42 1 0
1786409 42 1 0
1786477 42 1 2
1786486 42 1 2
1786934 42 46 0
1786934 42 46 0
1786984 42 46 2
1786995 42 46 2
1787027 42 47 0
1787027 42 47 0
1787085 42 47 2
1787093 42 47 2
1787237 42 12 0
1787237 42 12 0
1787304 42 12 2
1787310 42 12 2
1787794 42 1 0
1787794 42 1 0
1787860 42 1 2
1787867 42 1 2
1788315 42 46 0
1788315 42 46 0
1788365 42 46 2
1788379 42 46 2
1788411 42 47 0
1788411 42 47 0
1788469 42 47 2
1788477 42 47 2
1788621 42 12 0
1788621 42 12 0
1788687 42 12 2
1788695 42 12 2
1789179 42 1 0
1789179 42 1 0
1789245 42 1 2
1789254 42 1 2
1789702 42 46 0
1789702 42 46 0
1789754 42 46 2
1789763 42 46 2
1789795 42 47 0
1789795 42 47 0
1789853 42 47 2
1789862 42 47 2
1790006 42 12 0
1790006 42 12 0
1790073 42 12 2
1790079 42 12 2
1790563 42 1 0
1790563 42 1 0
1790629 42 1 2
1790636 42 1 2
1791084 42 46 0
1791084 42 46 0
1791134 42 46 2
1791143 42 46 2
1791175 42 47 0
1791175 42 47 0
1791233 42 47 2
1791240 42 47 2
1791283 42 2 0
1791284 42 2 2
1791384 42 12 0
1791384 42 12 0
1791450 42 12 2
1791458 42 12 2
1791942 42 1 0
1791942 42 1 0
1792008 42 1 2
1792017 42 1 2
1792465 42 46 0
1792465 42 46 0
1792516 42 46 2
1792523 42 46 2
1792555 42 47 0
1792555 42 47 0
1792613 42 47 2
1792623 42 47 2
1792767 42 12 0
1792767 42 12 0
1792835 42 12 2
1792839 42 12 2
1793323 42 1 0
1793323 42 1 0
1793389 42 1 2
1793398 42 1 2
1793830 42 11 0
1793830 42 11 0
1793888 42 11 2
1793905 42 11 2
1793921 42 46 0
1793921 42 46 0
1793971 42 46 2
1793981 42 46 2
1794013 42 47 0
1794013 42 47 0
1794071 42 47 2
1794079 42 47 2
1794223 42 12 0
1794223 42 12 0
1794289 42 12 2
1794298 42 12 2
1794782 42 1 0
1794782 42 1 0
1794848 42 1 2
1794857 42 1 2
1795305 42 46 0
1795305 42 46 0
1795355 42 46 2
1795363 42 46 2
1795395 42 47 0
1795395 42 47 0
1795454 42 47 2
1795460 42 47 2
1795604 42 12 0
1795604 42 12 0
1795670 42 12 2
1795677 42 12 2
1796161 42 1 0
1796161 42 1 0
1796227 42 1 2
1796235 42 1 2
1796683 42 46 0
1796683 42 46 0
1796735 42 46 2
1796742 42 46 2
1796774 42 47 0
1796774 42 47 0
1796838 42 47 2
1796842 42 47 2
1796986 42 12 0
1796986 42 12 0
1797052 42 12 2
1797060 42 12 2
1797544 42 1 0
1797544 42 1 0
1797610 42 1 2
1797617 42 1 2
1798065 42 46 0
1798065 42 46 0
1798115 42 46 2
1798125 42 46 2
1798157 42 47 0
1798157 42 47 0
1798217 42 47 2
1798223 42 47 2
1798367 42 12 0
1798367 42 12 0
1798434 42 12 2
1798440 42 12 2
1798924 42 1 0
1798924 42 1 0
1798990 42 1 2
1798997 42 1 2
1799445 42 46 0
1799445 42 46 0
1799495 42 46 2
1799503 42 46 2
1799535 42 47 0
1799535 42 47 0
1799593 42 47 2
1799603 42 47 2
1799747 42 12 0
1799747 42 12 0
1799813 42 12 2
1799822 42 12 2
1800306 42 1 0
1800306 42 1 0
1800372 42 1 2
1800382 42 1 2
1800830 42 46 0
1800830 42 46 0
1800882 42 46 2
1800890 42 46 2
1800922 42 47 0
1800922 42 47 0
1800981 42 47 2
1800990 42 47 2
1801134 42 12 0
1801134 42 12 0
1801201 42 12 2
1801209 42 12 2
1801693 42 1 0
1801693 42 1 0
1801759 42 1 2
1801767 42 1 2
1802215 42 46 0
1802215 42 46 0
1802265 42 46 2
1802274 42 46 2
1802306 42 47 0
1802306 42 47 0
1802364 42 47 2
1802372 42 47 2
1802516 42 12 0
1802516 42 12 0
1802582 42 12 2
1802591 42 12 2
1803075 42 1 0
1803075 42 1 0
1803143 42 1 2
1803155 42 1 2
1803603 42 46 0
1803603 42 46 0
1803653 42 46 2
1803661 42 46 2
1803693 42 47 0
1803693 42 47 0
1803758 42 47 2
1803759 42 47 2
1803902 42 12 0
1803902 42 12 0
1803968 42 12 2
1803976 42 12 2
1804460 42 1 0
1804460 42 1 0
1804526 42 1 2
1804534 42 1 2
1804966 42 12 0
1804966 42 12 0
1805032 42 12 2
1805039 42 12 2
1805055 42 46 0
1805055 42 46 0
1805105 42 46 2
1805115 42 46 2
1805147 42 47 0
1805147 42 47 0
1805205 42 47 2
1805213 42 47 2
1805357 42 12 0
1805357 42 12 0
1805423 42 12 2
1805431 42 12 2
1805915 42 1 0
1805915 42 1 0
1805981 42 1 2
1805989 42 1 2
1806437 42 46 0
1806437 42 46 0
1806488 42 46 2
1806493 42 46 2
1806525 42 47 0
1806525 42 47 0
1806583 42 47 2
1806591 42 47 2
1806675 42 38 2
1806735 42 12 0
1806735 42 12 0
1806801 42 12 2
1806808 42 12 2
1807284 42 9 0
1807366 42 9 2
1807490 42 55 0
1807580 42 55 2
1807584 42 1 0
1807713 42 1 2
1807737 42 56 0
1807786 42 46 2
1807819 42 56 2
1807839 42 45 0
1807937 42 45 2
1807953 42 1 0
1808066 42 1 2
1808102 42 1 0
1808218 42 1 2
1808222 42 46 0
1808296 42 46 2
1808372 42 63 0
1808606 42 63 2
1808614 42 47 0
1808696 42 47 2
1808800 42 62 0
1808800 42 62 0
1808870 42 62 2
1808872 42 62 2
1809168 42 3 0
1809469 42 3 2
1809477 42 19 0
1809536 42 38 2
1809567 42 19 2
1809571 42 3 0
1809777 42 3 2
1809974 42 33 2
1809981 42 3 0
1810220 42 3 2
1811042 42 14 2
1811048 42 3 0
1811588 42 3 2
1811659 42 25 2
1811660 42 3 0
1811896 42 3 2
1812170 42 44 2
1812269 42 61 2
1812280 42 3 0
1812628 42 3 2
1812697 42 45 2
1812700 42 3 0
1813203 42 3 2
1813270 42 0 2
1813370 42 11 2
1813371 42 3 0
1813390 42 2 0
1813392 42 2 2
1814657 42 2 0
1814658 42 2 2
1814760 42 3 2
1814827 42 25 2
1814919 42 46 2
1814928 42 3 0
1815167 42 39 2
1816468 42 40 2
1816770 42 3 2
1816997 42 52 2
1816998 42 3 0
1817687 42 2 0
1817688 42 2 2
1818179 42 41 2
1818561 42 2 2
1818562 42 2 0
1819398 42 3 2
1819565 42 48 2
1819566 42 3 0
1819802 42 2 0
1819803 42 2 2
1820871 42 2 0
1820872 42 2 2
1829606 42 3 2
1829891 42 6 2
1829894 42 3 0
1830053 42 2 0
1830054 42 56 1
1830255 42 2 2
1830320 42 56 2
1835282 42 3 2
1940879 42 2 0
1940880 42 2 2
1947011 42 2 0
1947012 42 2 2
1981673 42 2 0
1981674 42 2 2
1983265 42 2 0
1983266 42 2 2
2001125 42 2 0
2001126 42 2 2
2008954 42 2 0
2008955 42 2 2
2009445 42 2 0
2009446 42 2 2
2009763 42 2 2
2009764 42 2 0
2032958 42 2 0
2032959 42 2 2
2036028 42 2 0
2036029 42 2 2
2042251 42 2 0
2042252 42 2 2
2065651 42 2 0
2065652 42 56 1
2065841 42 2 2
2065907 42 56 2
2088971 42 2 0
2088972 42 56 1
2089161 42 2 2
2089227 42 56 2
2098768 42 2 0
2098769 42 2 2
2101189 42 2 0
2101190 42 2 2
2102984 42 2 0
2102985 42 2 2
2126877 42 2 0
2126878 42 56 1
2127070 42 2 2
2127135 42 56 2
2342115 42 2 0
2342116 42 2 2
2570044 42 1 0
2571067 42 1 2
2571463 42 36 0
2571463 42 36 0
2572776 42 36 2
2573710 42 36 2
2573754 42 37 0
2573754 42 37 0
2574104 42 37 2
2574321 42 37 2
2574453 42 8 0
2574453 42 8 0
2574519 42 8 2
2574697 42 8 2
2574745 42 0 0
2574745 42 0 0
2574949 42 0 2
2575226 42 0 2
2575314 42 36 0
2575314 42 36 0
2575356 42 36 2
2576167 42 38 2
2576914 42 38 2
2577434 42 36 2
2577466 42 38 0
2577466 42 38 0
2577544 42 38 2
2578680 42 38 2
2578840 42 54 0
2578840 42 54 0
2578898 42 54 2
2578922 42 54 2
2578982 42 37 0
2578982 42 37 0
2579032 42 37 2
2579040 42 37 2
2579455 42 41 2
2580014 42 41 2
2580028 42 47 0
2580111 42 47 2
2580135 42 11 0
2580135 42 11 0
2580137 42 41 2
2580193 42 11 2
2580210 42 11 2
2580338 42 1 0
2580411 42 1 2
2580935 42 14 0
2581397 42 14 2
2581409 42 15 0
2581409 42 15 0
2581499 42 15 2
2581516 42 15 2
2581604 42 38 0
2581604 42 38 0
2581662 42 38 2
2581728 42 38 2
2581884 42 46 0
2581947 42 46 2
2581991 42 12 0
2581991 42 12 0
2582057 42 12 2
2582065 42 12 2
2582073 42 0 0
2582073 42 0 0
2582147 42 0 2
2582194 42 0 2
2582272 42 0 2
2582342 42 47 0
2582342 42 47 0
2582400 42 47 2
2582408 42 47 2
2582424 42 12 0
2582426 42 40 2
2582698 42 12 2
2582734 42 47 0
2582802 42 47 2
2583342 42 7 0
2583965 42 39 2
2583995 42 7 2
2584203 42 54 0
2584203 42 54 0
2584271 42 54 2
2584289 42 54 2
2584937 42 58 0
2584937 42 58 0
2585021 42 58 2
2585184 42 58 2
2585264 42 59 0
2585264 42 59 0
2585306 42 59 2
2585329 42 39 2
2585371 42 59 2
2585431 42 38 0
2585431 42 38 0
2585456 42 39 2
2585489 42 38 2
2585497 42 38 2
2755477 42 2 0
2755478 42 2 2
2778004 42 2 0
2778005 42 56 1
2778193 42 2 2
2778259 42 56 2
2801324 42 2 0
2801325 42 56 1
2801513 42 2 2
2801579 42 56 2
2810856 42 2 2
2810857 42 2 0
2812430 42 2 2
2812431 42 2 0
3503128 42 2 0
3503129 42 2 2
3547362 42 38 0
3547362 42 38 0
3547879 42 38 2
3551484 42 38 2
3553468 42 38 0
3553468 42 38 0
3553526 42 38 2
3557381 42 38 2
3559325 42 38 0
3559325 42 38 0
3559383 42 38 2
3559391 42 38 2
4523915 42 38 0
4523915 42 38 0
4526687 42 38 2
4528379 42 38 2
4529251 42 0 2
4529795 42 7 0
4531189 42 7 2
4531757 42 38 0
4531757 42 38 0
4531816 42 38 2
4532309 42 38 2
4534253 42 38 0
4534253 42 38 0
4534319 42 38 2
4534331 42 38 2
4882625 42 2 0
4882626 42 56 1
4882818 42 2 2
4882883 42 56 2
5396762 42 2 0
5396763 42 2 2
5418945 42 2 0
5418946 42 56 1
5419142 42 2 2
5419208 42 56 2
5442315 42 2 0
5442316 42 56 1
5442512 42 2 2
5442578 42 56 2
5452083 42 2 0
5452084 42 2 2
5453986 42 2 0
5453987 42 2 2
5500453 42 38 0
5500453 42 38 0
5501375 42 38 2
5501445 42 38 2
5503359 42 38 0
5503359 42 38 0
5503417 42 38 2
5503802 42 38 2
5505746 42 38 0
5505746 42 38 0
5505812 42 38 2
5506274 42 38 2
5576172 42 2 0
5576173 42 2 2
6237411 42 2 2
6237412 42 2 0
6259139 42 2 0
6259140 42 56 1
6259328 42 2 2
6259394 42 56 2
6282619 42 2 0
6282620 42 56 1
6282828 42 2 2
6282894 42 56 2
6292026 42 2 0
6292027 42 2 2
6293797 42 2 0
6293798 42 2 2
6477069 42 38 0
6477069 42 38 0
6478343 42 38 2
6478504 42 38 2
6480327 42 38 0
6480327 42 38 0
6480386 42 38 2
6481769 42 38 2
6482407 42 0 2
6482717 42 7 0
6483277 42 7 2
6484273 42 38 0
6484273 42 38 0
6484339 42 38 2
6484911 42 38 2
