0 54 51 0
1239 54 51 2
1243 54 22 0
1843 54 22 2
1855 54 1 0
2331 54 1 2
2351 54 24 0
2457 54 24 2
10519 54 56 1
10738 54 2 2
10843 54 56 2
14267 54 56 1
14479 54 2 2
14585 54 56 2
16189 54 56 1
16408 54 2 2
16513 54 56 2
43939 54 56 1
44158 54 2 2
44263 54 56 2
95853 54 56 1
96068 54 0 2
96189 54 56 2
96517 54 56 1
96728 54 0 2
96849 54 56 2
97223 54 56 1
97438 54 0 2
97559 54 56 2
118881 54 56 1
119096 54 2 2
119201 54 56 2
137648 54 56 1
137866 54 2 2
137971 54 56 2
144333 54 56 1
144546 54 2 2
144651 54 56 2
151311 54 56 1
151526 54 2 2
151631 54 56 2
220471 54 0 0
224549 54 2 0
224550 54 56 1
224766 54 2 2
224871 54 56 2
234943 54 2 0
234944 54 56 1
235156 54 2 2
235261 54 56 2
261165 54 2 0
261166 54 56 1
261376 54 2 2
261481 54 56 2
282997 54 2 0
282998 54 56 1
283216 54 2 2
283321 54 56 2
294069 54 2 0
294070 54 56 1
294286 54 2 2
294391 54 56 2
347218 54 2 2
347219 54 2 0
365029 54 2 0
365030 54 2 2
370823 54 56 1
371036 54 2 2
371141 54 56 2
376351 54 56 1
376567 54 2 2
376673 54 56 2
461871 54 2 0
461872 54 56 1
462086 54 2 2
462191 54 56 2
472775 54 2 0
472776 54 56 1
472986 54 2 2
473091 54 56 2
479409 54 2 0
479410 54 2 2
522331 54 2 0
522332 54 2 2
533392 54 2 0
533393 54 2 2
542079 54 2 0
542080 54 2 2
562331 54 2 0
562332 54 2 2
574173 54 2 0
574174 54 2 2
616455 54 4 0
620559 54 2 0
620689 54 2 0
620822 54 2 0
620893 54 4 2
620945 54 44 0
620971 54 2 0
621100 54 2 0
621221 54 2 0
621362 54 2 0
621492 54 2 0
621614 54 2 0
621739 54 2 0
621877 54 2 0
622007 54 2 0
622137 54 2 0
622258 54 2 0
622363 54 44 2
622375 54 5 0
622386 54 2 0
622505 54 2 0
622549 54 5 2
622561 54 45 0
622645 54 2 0
622765 54 2 0
622896 54 2 0
623003 54 45 2
623018 54 2 0
623071 54 24 0
623135 54 2 0
623233 54 24 2
623254 54 2 0
623265 54 25 0
623381 54 2 0
623388 54 25 2
623396 54 26 0
623511 54 26 2
623513 54 2 0
623551 54 27 0
623640 54 2 0
623657 54 27 2
623677 54 33 0
623756 54 2 0
623801 54 33 2
623821 54 35 0
623896 54 2 0
623941 54 35 2
623949 54 41 0
624015 54 2 0
624142 54 2 0
624260 54 2 0
624316 54 41 2
624332 54 42 0
624389 54 2 0
624525 54 2 0
624601 54 42 2
624633 54 1 0
624667 54 2 0
624758 54 1 2
624789 54 2 0
624794 54 36 0
624922 54 2 0
624923 54 36 2
624935 54 43 0
625048 54 2 0
625173 54 2 0
625217 54 43 2
625233 54 17 0
625288 54 2 0
625330 54 17 2
625393 54 56 1
625419 54 2 0
625422 54 27 0
625536 54 27 2
625540 54 37 0
625552 54 2 0
625606 54 29 2
625638 54 37 2
625650 54 17 0
625663 54 56 2
625678 54 2 0
625772 54 17 2
625780 54 15 0
625813 54 2 0
625950 54 2 0
625993 54 15 2
626033 54 16 0
626071 54 2 0
626169 54 16 2
626205 54 2 0
626209 54 18 0
626325 54 18 2
626328 54 2 0
626349 54 61 0
626466 54 2 0
626489 54 56 1
626584 54 2 0
626710 54 2 0
626796 54 0 2
626845 54 2 0
626917 54 56 2
626919 54 0 0
626982 54 2 0
627060 54 0 0
627101 54 2 0
627205 54 0 0
627220 54 2 0
627349 54 0 0
627354 54 2 0
627481 54 0 0
627488 54 2 0
627491 54 61 2
627503 54 54 0
627612 54 2 0
627620 54 0 0
627718 54 54 2
627736 54 2 0
627738 54 13 0
627751 54 0 0
627828 54 13 2
627836 54 19 0
627867 54 2 0
627883 54 0 0
627943 54 19 2
627947 54 35 0
628002 54 2 0
628017 54 0 0
628068 54 2 2
628069 54 2 0
628134 54 2 0
628157 54 0 0
628271 54 2 0
628299 54 0 0
628314 54 35 2
628330 54 53 0
628395 54 2 0
628430 54 0 0
628518 54 2 0
628563 54 0 0
628699 54 0 0
628831 54 0 0
628962 54 0 0
629090 54 53 2
629098 54 0 0
629130 54 33 0
629234 54 0 0
629251 54 33 2
629263 54 36 0
629375 54 0 0
629436 54 36 2
629456 54 40 0
629506 54 0 0
629641 54 0 0
629772 54 0 0
629793 54 40 2
629817 54 37 0
629904 54 0 0
629973 54 37 2
630036 54 0 0
630077 54 38 0
630177 54 0 0
630257 54 38 2
630261 54 15 0
630320 54 0 0
630461 54 0 0
630555 54 15 2
630579 54 8 0
630603 54 0 0
630710 54 8 2
630718 54 29 0
630751 54 0 0
630894 54 0 0
630896 54 29 2
630936 54 0 0
631030 54 0 0
631107 54 0 2
631119 54 38 0
631172 54 0 0
631315 54 0 0
631395 54 38 2
631411 54 39 0
631448 54 0 0
631569 54 39 2
631573 54 39 0
631588 54 0 0
631730 54 0 0
631865 54 0 0
631892 54 39 2
631948 54 36 0
631998 54 0 0
632137 54 0 0
632163 54 36 2
632195 54 38 0
632281 54 0 0
632426 54 0 0
632562 54 0 0
632696 54 0 0
632763 54 38 2
632779 54 51 0
632831 54 0 0
632934 54 51 2
632967 54 0 0
632990 54 21 0
633101 54 0 0
633237 54 0 0
633242 54 21 2
633250 54 52 0
633372 54 0 0
633409 54 52 2
633445 54 29 0
633522 54 0 0
633675 54 0 0
633701 54 29 2
633721 54 53 0
633816 54 0 0
633957 54 0 0
634107 54 0 0
634248 54 0 0
634378 54 0 0
634528 54 0 0
634577 54 53 2
634601 54 54 0
634740 54 0 0
634876 54 54 2
634888 54 0 0
634892 54 11 0
635030 54 0 0
635161 54 0 0
635218 54 11 2
635230 54 56 0
635301 54 0 0
635380 54 56 2
635384 54 12 0
635462 54 0 0
635676 54 12 2
635684 54 57 0
635822 54 57 2
635826 54 2 0
636170 54 2 2
636222 54 37 0
636387 54 37 2
636403 54 40 0
636545 54 40 2
636601 54 58 0
636617 54 56 1
636784 54 58 2
636844 54 35 0
636846 54 19 2
636927 54 56 2
636984 54 35 2
636988 54 50 0
637317 54 50 2
637337 54 62 0
639476 54 62 2
639504 54 38 0
639800 54 38 2
639872 54 63 0
640087 54 63 2
640127 54 12 0
640423 54 12 2
640447 54 2 0
640637 54 2 2
640661 54 13 0
640971 54 13 2
641067 54 3 0
641206 54 3 2
641246 54 23 0
641444 54 23 2
641460 54 24 0
641746 54 24 2
641854 54 25 0
642173 54 25 2
642181 54 25 0
642314 54 25 2
642342 54 26 0
642618 54 26 2
642698 54 0 0
642835 54 0 2
642843 54 3 0
642972 54 3 2
643016 54 4 0
643149 54 4 2
643245 54 5 0
643398 54 5 2
643438 54 15 0
643714 54 15 2
643722 54 14 0
644043 54 14 2
644055 54 50 0
644364 54 50 2
644392 54 6 0
644524 54 6 2
644544 54 4 0
644685 54 4 2
644693 54 8 0
644862 54 8 2
644866 54 47 0
645671 54 47 2
645679 54 49 0
645820 54 49 2
645836 54 11 0
645975 54 11 2
646011 54 5 0
646156 54 5 2
646180 54 37 0
646433 54 37 2
646497 54 4 0
646690 54 4 2
646694 54 1 0
646847 54 1 2
646875 54 27 0
647093 54 27 2
647101 54 2 0
647237 54 2 2
647249 54 11 0
647364 54 11 2
647372 54 7 0
647496 54 7 2
647516 54 3 0
647650 54 3 2
647758 54 6 0
648010 54 6 2
648030 54 9 0
648170 54 9 2
648342 54 8 0
648500 54 8 2
648512 54 11 0
648658 54 11 2
648678 54 12 0
648811 54 12 2
648835 54 16 0
649112 54 16 2
649120 54 13 0
649267 54 13 2
649315 54 2 0
649456 54 2 2
649488 54 40 0
649661 54 40 2
649665 54 25 0
649825 54 25 2
649841 54 31 0
650281 54 31 2
650317 54 33 0
650458 54 33 2
650462 54 36 0
650602 54 36 2
650610 54 4 0
650740 54 4 2
650832 54 5 0
650906 54 0 0
650965 54 5 2
650997 54 34 0
651050 54 0 0
651142 54 34 2
651162 54 35 0
651200 54 0 0
651344 54 0 0
651355 54 35 2
651379 54 32 0
651506 54 0 0
651523 54 32 2
651591 54 17 0
651647 54 0 0
651778 54 0 0
651914 54 17 2
651959 54 0 0
652112 54 0 0
652210 54 38 0
652210 54 38 0
652244 54 38 2
652282 54 0 0
652414 54 0 0
652557 54 0 0
652561 54 38 2
652569 54 27 0
652721 54 0 0
652726 54 27 2
652746 54 35 0
652860 54 35 2
652916 54 28 0
652952 54 0 0
653077 54 28 2
653118 54 0 0
653145 54 3 0
653242 54 3 2
653246 54 46 0
653269 54 0 0
653425 54 0 0
653531 54 46 2
653551 54 4 0
653564 54 0 0
653639 54 4 2
653671 54 0 0
653708 54 0 0
653852 54 0 0
653902 54 0 2
653906 54 29 0
653984 54 0 0
654117 54 0 0
654117 54 29 2
654261 54 47 0
654291 54 0 0
654431 54 0 0
654472 54 47 2
654544 54 30 0
654573 54 0 0
654767 54 30 2
654786 54 0 0
654931 54 0 0
655119 54 31 0
655133 54 0 0
655281 54 0 0
655284 54 31 2
655288 54 44 0
655449 54 44 2
655457 54 43 0
655612 54 43 2
655623 54 0 0
655744 54 32 0
655764 54 0 0
655900 54 0 0
655914 54 32 2
655986 54 33 0
656037 54 0 0
656158 54 33 2
656206 54 33 0
656209 54 0 0
656349 54 0 0
656393 54 33 2
656401 54 27 0
656504 54 0 0
656536 54 27 2
656640 54 54 0
656649 54 0 0
656783 54 54 2
656794 54 0 0
656795 54 28 0
656926 54 28 2
656931 54 0 0
656942 54 30 0
657062 54 0 0
657226 54 30 2
657234 54 56 0
657261 54 0 0
657375 54 56 2
657391 54 31 0
657411 54 0 0
657544 54 0 0
657638 54 31 2
657702 54 0 0
657738 54 41 0
657854 54 0 0
657881 54 41 2
657929 54 61 0
658002 54 0 0
658154 54 0 0
658180 54 61 2
658184 54 39 0
658305 54 0 0
658360 54 39 2
658372 54 7 0
658449 54 0 0
658525 54 7 2
658585 54 8 0
658590 54 0 0
658720 54 0 0
658740 54 8 2
658772 54 63 0
658894 54 0 0
659039 54 0 0
659072 54 63 2
659180 54 0 0
659185 54 0 0
659325 54 0 0
659325 54 0 2
659353 54 57 0
659466 54 0 0
659571 54 57 2
659639 54 58 0
659649 54 0 0
659785 54 0 0
659793 54 58 2
659877 54 46 0
659945 54 0 0
660015 54 46 2
660027 54 59 0
660086 54 0 0
660192 54 59 2
660224 54 32 0
660248 54 0 0
660360 54 32 2
660368 54 50 0
660399 54 0 0
660548 54 50 2
660624 54 60 0
660991 54 60 2
660999 54 62 0
661238 54 62 2
661242 54 3 0
661378 54 3 2
661390 54 5 0
661520 54 5 2
661548 54 17 0
661703 54 17 2
661723 54 6 0
661902 54 6 2
661994 54 11 0
662317 54 11 2
662325 54 10 0
662438 54 10 2
662458 54 11 0
662588 54 11 2
662596 54 6 0
662711 54 6 2
662747 54 36 0
663036 54 36 2
663096 54 12 0
663233 54 0 0
663261 54 12 2
663269 54 0 0
663387 54 0 0
663400 54 0 2
663524 54 15 0
663535 54 0 0
663686 54 15 2
663692 54 0 0
663806 54 7 0
663837 54 0 0
663943 54 7 2
663959 54 0 0
663991 54 0 0
664142 54 0 0
664270 54 0 2
664296 54 0 0
664418 54 9 0
664438 54 0 0
664569 54 9 2
664601 54 8 0
664662 54 0 0
664730 54 8 2
664758 54 40 0
664816 54 0 0
664948 54 0 0
665041 54 40 2
665053 54 41 0
665093 54 0 0
665258 54 0 0
665375 54 41 2
665471 54 14 0
665491 54 0 0
665611 54 14 2
665678 54 0 0
665820 54 0 0
665927 54 29 0
665971 54 0 0
666065 54 29 2
666105 54 30 0
666111 54 0 0
666262 54 0 0
666277 54 30 2
666321 54 17 0
666408 54 0 0
666456 54 17 2
666512 54 18 0
666538 54 0 0
666652 54 18 2
666676 54 0 0
666700 54 19 0
666824 54 0 0
666840 54 19 2
666876 54 21 0
667000 54 0 0
667029 54 21 2
667061 54 22 0
667149 54 0 0
667215 54 22 2
667309 54 0 0
667371 54 4 0
667450 54 0 0
667506 54 4 2
667534 54 18 0
667591 54 0 0
667732 54 0 0
667834 54 18 2
667893 54 0 0
668006 54 61 0
668030 54 0 0
668176 54 0 0
668199 54 61 2
668271 54 54 0
668340 54 0 0
668471 54 54 2
668487 54 0 0
668503 54 55 0
668623 54 0 0
668768 54 0 0
668801 54 55 2
668911 54 0 0
669029 54 40 0
669056 54 0 0
669158 54 40 2
669186 54 49 0
669193 54 0 0
669308 54 49 2
669320 54 51 0
669326 54 0 0
669433 54 51 2
669453 54 37 0
669466 54 0 0
669568 54 37 2
669572 54 20 0
669687 54 20 2
669703 54 3 0
670047 54 3 2
670139 54 21 0
670202 54 0 0
670252 54 21 2
670260 54 56 0
670349 54 0 0
670409 54 56 2
670429 54 57 0
670484 54 0 0
670567 54 57 2
670628 54 0 0
670655 54 58 0
670777 54 0 0
670806 54 58 2
670886 54 59 0
670920 54 0 0
670997 54 0 2
671030 54 59 2
671054 54 63 0
671067 54 0 0
671209 54 0 0
671353 54 0 0
671492 54 0 0
671625 54 0 0
671765 54 0 0
671790 54 63 2
671874 54 33 0
671898 54 0 0
672003 54 33 2
672051 54 0 0
672200 54 0 0
672342 54 0 0
672477 54 0 0
672614 54 0 0
672747 54 0 0
672878 54 0 0
701369 54 56 1
701587 54 2 2
701693 54 56 2
794940 54 2 0
794941 54 0 0
796880 54 2 0
796881 54 56 1
797093 54 2 2
797199 54 56 2
814660 54 2 0
814661 54 2 2
824841 54 2 0
824842 54 2 2
858455 54 2 0
858456 54 2 2
863005 54 56 1
863225 54 2 2
863331 54 56 2
870587 54 2 0
870588 54 2 2
932327 54 2 0
932328 54 2 2
938537 54 2 0
938538 54 2 2
943755 54 2 2
943756 54 2 0
978581 54 2 0
978582 54 2 2
999842 54 2 0
999843 54 56 1
1000054 54 2 2
1000159 54 56 2
1092530 54 2 2
1092685 54 2 2
1092944 54 2 2
1132641 54 2 0
1132642 54 2 2
1135179 54 2 0
1135180 54 2 2
1178751 54 2 0
1178752 54 56 1
1178964 54 2 2
1179069 54 56 2
1180939 54 2 0
1180940 54 56 1
1181154 54 2 2
1181259 54 56 2
1187035 54 2 0
1187036 54 2 2
1204944 54 2 0
1204945 54 2 2
1211574 54 2 0
1211575 54 2 2
1214741 54 2 0
1214742 54 2 2
1217739 54 2 0
1217740 54 2 2
1244834 54 2 0
1244835 54 2 2
1302925 54 2 0
1302926 54 56 1
1303142 54 2 2
1303247 54 56 2
1338534 54 2 0
1338535 54 2 2
1357489 54 2 0
1357490 54 2 2
1378773 54 2 0
1378774 54 56 1
1378988 54 2 2
1379093 54 56 2
1386525 54 2 0
1386526 54 56 1
1386738 54 2 2
1386843 54 56 2
1393803 54 2 0
1393804 54 56 1
1394018 54 2 2
1394123 54 56 2
1401367 54 2 0
1401368 54 56 1
1401578 54 2 2
1401683 54 56 2
1406169 54 2 0
1406170 54 56 1
1406388 54 2 2
1406493 54 56 2
1410337 54 2 0
1410338 54 2 2
1434499 54 2 0
1434500 54 56 1
1434718 54 2 2
1434823 54 56 2
1439073 54 2 0
1439074 54 2 2
1442567 54 2 0
1442568 54 2 2
1466491 54 56 1
1466492 54 2 0
1466709 54 2 2
1466815 54 56 2
1489771 54 56 1
1489989 54 2 2
1490095 54 56 2
1499512 54 2 0
1499513 54 2 2
1502507 54 2 0
1502508 54 2 2
1506746 54 2 0
1506747 54 56 1
1506958 54 2 2
1507063 54 56 2
1537064 54 2 0
1537065 54 56 1
1537277 54 2 2
1537382 54 56 2
1561787 54 2 0
1561788 54 2 2
1570533 54 2 0
1570534 54 56 1
1570747 54 2 2
1570852 54 56 2
1586745 54 2 0
1586746 54 2 2
1594211 54 38 0
1594211 54 38 0
1594288 54 38 2
1595269 54 2 0
1595270 54 2 2
1595836 54 38 2
1596028 54 12 0
1596109 54 12 2
1597369 54 7 0
1597681 54 7 2
1598757 54 38 0
1598757 54 38 0
1599458 54 2 0
1599459 54 0 0
1599588 54 38 2
1599744 54 46 0
1599777 54 46 2
1599977 54 47 0
1600018 54 47 2
1602851 54 38 2
1603010 54 42 0
1603268 54 42 2
1603844 54 43 0
1604108 54 43 2
1604684 54 44 0
1604970 54 44 2
1605546 54 45 0
1605806 54 45 2
1606382 54 46 0
1606648 54 46 2
1607224 54 47 0
1607444 54 47 2
1608020 54 48 0
1608298 54 48 2
1608874 54 49 0
1609198 54 49 2
1609741 54 2 0
1609742 54 0 0
1609774 54 50 0
1610060 54 50 2
1610636 54 51 0
1610900 54 51 2
1611209 54 56 1
1611423 54 62 2
1611453 54 56 1
1611457 54 56 2
1611476 54 52 0
1611673 54 35 2
1611739 54 56 2
1611817 54 56 1
1611829 54 52 2
1611937 54 56 1
1612033 54 25 2
1612039 54 56 1
1612123 54 56 2
1612153 54 47 2
1612195 54 56 2
1612249 54 56 1
1612263 54 61 2
1612305 54 56 2
1612387 54 56 1
1612405 54 53 0
1612463 54 45 2
1612505 54 56 2
1612582 54 56 1
1612603 54 38 2
1612645 54 56 2
1612676 54 53 2
1612743 54 56 1
1612803 54 21 2
1612837 54 56 1
1612869 54 56 2
1612973 54 22 2
1612979 54 56 1
1613032 54 56 2
1613056 54 56 1
1613083 54 51 2
1613133 54 56 2
1613183 54 56 1
1613193 54 33 2
1613252 54 54 0
1613261 54 56 1
1613275 54 56 2
1613303 54 37 2
1613353 54 56 2
1613387 54 56 1
1613413 54 42 2
1613479 54 56 2
1613523 54 54 2
1613539 54 54 2
1613548 54 56 2
1613633 54 63 2
1613675 54 56 2
1613843 54 56 1
1613961 54 56 1
1614073 54 16 2
1614115 54 55 0
1614179 54 56 2
1614183 54 27 2
1614241 54 56 1
1614256 54 56 2
1614304 54 56 1
1614375 54 55 2
1614442 54 56 1
1614453 54 8 2
1614544 54 56 1
1614567 54 56 2
1614573 54 58 2
1614639 54 56 2
1614661 54 56 1
1614683 54 14 2
1614739 54 56 1
1614751 54 56 2
1614793 54 49 2
1614859 54 56 2
1614865 54 56 1
1614903 54 48 2
1614951 54 56 0
1614977 54 56 2
1615013 54 52 2
1615014 54 56 1
1615054 54 56 2
1615123 54 50 2
1615147 54 56 1
1615181 54 56 2
1615200 54 56 1
1615233 54 31 2
1615266 54 56 2
1615291 54 56 2
1615338 54 56 1
1615363 54 32 2
1615453 54 56 2
1615473 54 53 2
1615504 54 56 1
1615507 54 56 2
1615567 54 56 1
1615583 54 46 2
1615617 54 56 2
1615685 54 56 1
1615723 54 10 2
1615819 54 56 1
1615821 54 56 2
1615842 54 57 0
1615853 54 60 2
1615903 54 56 2
1615926 54 56 1
1615963 54 43 2
1616021 54 56 2
1616073 54 56 2
1616075 54 56 1
1616155 54 56 2
1616179 54 56 1
1616183 54 36 2
1616206 54 57 2
1616240 54 56 2
1616263 54 56 1
1616293 54 17 2
1616391 54 56 2
1616399 54 56 1
1616403 54 11 2
1616492 54 56 2
1616523 54 28 2
1616589 54 56 2
1616633 54 19 2
1616645 54 56 1
1616715 54 56 1
1616716 54 56 2
1616782 54 58 0
1616863 54 3 2
1616961 54 56 2
1616962 54 56 1
1616983 54 59 2
1617016 54 56 1
1617040 54 56 2
1617070 54 58 2
1617156 54 56 1
1617184 54 1 2
1617267 54 56 1
1617293 54 29 2
1617298 54 56 2
1617351 54 56 2
1617361 54 56 1
1617403 54 4 2
1617438 54 56 1
1617492 54 56 2
1617513 54 18 2
1617589 54 56 1
1617604 54 56 2
1617623 54 20 2
1617646 54 59 0
1617699 54 56 2
1617700 54 56 1
1617733 54 55 2
1617767 54 56 2
1617785 54 56 1
1617843 54 40 2
1617925 54 56 2
1617930 54 59 2
1617935 54 56 1
1617953 54 26 2
1618035 54 56 2
1618063 54 39 2
1618113 54 56 2
1618169 54 56 1
1618184 54 24 2
1618272 54 56 1
1618282 54 56 2
1618381 54 56 1
1618393 54 15 2
1618467 54 56 2
1618503 54 57 2
1618506 54 60 0
1618569 54 56 1
1618577 54 56 2
1618613 54 41 2
1618687 54 56 2
1618713 54 56 1
1618783 54 6 2
1618785 54 56 1
1618857 54 56 2
1618858 54 60 2
1618908 54 2 0
1618909 54 2 2
1618911 54 56 1
1618933 54 9 2
1619034 54 56 1
1619040 54 56 2
1619043 54 30 2
1619093 54 56 2
1619153 54 13 2
1619227 54 56 2
1619263 54 34 2
1619337 54 56 2
1619409 54 56 1
1619434 54 61 0
1619487 54 56 1
1619633 54 12 2
1619715 54 56 2
1619748 54 61 2
1619749 54 44 2
1619799 54 56 2
1620324 54 62 0
1620409 54 56 1
1620610 54 62 2
1620623 54 5 2
1620705 54 56 2
1621186 54 63 0
1621201 54 56 1
1621413 54 23 2
1621445 54 63 2
1621479 54 56 2
1621497 54 56 1
1621713 54 7 2
1621795 54 56 2
1622021 54 0 0
1622021 54 0 0
1622135 54 0 2
1622337 54 0 2
1622605 54 2 0
1622751 54 2 2
1622807 54 3 0
1622921 54 3 2
1622925 54 7 0
1623252 54 7 2
1623340 54 4 0
1623340 54 4 0
1623422 54 4 2
1623497 54 4 2
1623885 54 1 0
1624208 54 1 2
1624784 54 2 0
1625140 54 2 2
1625716 54 3 0
1626078 54 3 2
1626654 54 4 0
1626940 54 4 2
1627516 54 5 0
1627776 54 5 2
1628352 54 6 0
1628707 54 6 2
1629283 54 7 0
1629625 54 7 2
1630201 54 8 0
1630478 54 8 2
1631054 54 9 0
1631378 54 9 2
1631954 54 10 0
1632280 54 10 2
1632529 54 56 1
1632773 54 0 2
1632856 54 11 0
1632856 54 11 0
1632895 54 56 2
1632938 54 11 2
1633190 54 11 2
1633766 54 12 0
1634048 54 12 2
1634624 54 13 0
1634886 54 13 2
1635462 54 14 0
1635790 54 14 2
1636366 54 15 0
1636646 54 15 2
1637222 54 16 0
1637508 54 16 2
1638084 54 17 0
1638408 54 17 2
1638984 54 18 0
1639312 54 18 2
1639888 54 19 0
1640202 54 19 2
1640778 54 20 0
1641058 54 20 2
1641634 54 21 0
1641897 54 21 2
1642473 54 22 0
1642781 54 22 2
1643357 54 23 0
1643628 54 23 2
1644204 54 24 0
1644488 54 24 2
1645064 54 25 0
1645388 54 25 2
1645964 54 26 0
1646254 54 26 2
1646830 54 27 0
1647124 54 27 2
1647700 54 28 0
1647978 54 28 2
1648554 54 29 0
1648816 54 29 2
1649392 54 30 0
1649774 54 30 2
1650350 54 31 0
1650620 54 31 2
1651196 54 32 0
1651477 54 32 2
1652053 54 33 0
1652378 54 33 2
1652954 54 34 0
1653226 54 34 2
1653802 54 35 0
1654116 54 35 2
1654692 54 36 0
1654978 54 36 2
1655554 54 37 0
1655816 54 37 2
1656392 54 38 0
1656676 54 38 2
1657252 54 39 0
1657502 54 39 2
1672238 54 8 0
1672518 54 8 2
1697519 54 2 2
1697674 54 2 2
1697933 54 2 2
1706066 54 31 0
1706188 54 31 2
1706232 54 35 0
1706516 54 35 2
1706576 54 32 0
1706709 54 32 2
1706765 54 46 0
1706798 54 46 2
1706830 54 12 0
1706911 54 12 2
1706923 54 33 0
1707045 54 33 2
1707137 54 34 0
1707250 54 34 2
1707282 54 1 0
1707282 54 1 0
1707388 54 1 2
1707396 54 1 2
1707440 54 32 0
1707579 54 32 2
1707587 54 35 0
1707701 54 35 2
1707705 54 60 0
1707828 54 60 2
1707844 54 61 0
1707965 54 61 2
1708025 54 48 0
1708157 54 48 2
1708197 54 49 0
1708319 54 49 2
1708355 54 36 0
1708355 54 36 0
1708405 54 36 2
1708470 54 36 2
1708534 54 37 0
1708534 54 37 0
1708576 54 37 2
1708615 54 0 0
1708616 54 2 0
1708650 54 37 2
1708698 54 58 0
1708698 54 58 0
1708757 54 58 2
1708822 54 58 2
1708834 54 31 0
1709080 54 31 2
1709092 54 30 0
1709408 54 30 2
1709416 54 59 0
1709416 54 59 0
1709466 54 59 2
1709540 54 59 2
1709592 54 34 0
1709744 54 62 0
1709745 54 2 0
1709867 54 35 0
1709870 54 34 2
1709878 54 2 0
1709910 54 0 0
1709979 54 25 0
1710000 54 2 0
1710204 54 0 2
1710212 54 33 0
1710537 54 33 2
1710553 54 60 0
1710678 54 60 2
1710698 54 32 0
1710819 54 47 0
1710820 54 2 0
1711004 54 32 2
1711080 54 61 0
1711104 54 61 0
1711105 54 2 0
1711202 54 61 2
1711216 54 45 0
1711237 54 2 0
1711326 54 62 0
1711351 54 38 0
1711362 54 2 0
1711484 54 21 0
1711486 54 2 0
1711503 54 62 2
1711591 54 12 0
1711648 54 22 0
1711649 54 2 0
1711717 54 12 2
1711729 54 39 0
1711777 54 2 0
1711778 54 51 0
1711888 54 33 0
1711909 54 2 0
1711937 54 39 2
1711949 54 13 0
1711989 54 37 0
1712040 54 2 0
1712075 54 13 2
1712079 54 48 0
1712178 54 42 0
1712179 54 2 0
1712222 54 48 2
1712234 54 59 0
1712584 54 59 2
1712612 54 54 0
1712612 54 54 0
1712621 54 54 0
1712622 54 2 0
1712630 54 54 2
1712731 54 54 2
1712771 54 55 0
1712906 54 55 2
1712930 54 56 0
1713164 54 56 2
1713192 54 57 0
1713222 54 2 0
1713223 54 63 0
1713402 54 16 0
1713452 54 57 2
1713513 54 2 0
1713513 54 27 0
1713516 54 58 0
1713629 54 58 0
1713650 54 2 0
1713723 54 58 2
1713728 54 49 0
1713759 54 49 0
1713774 54 2 0
1713895 54 14 0
1713908 54 2 0
1714051 54 2 0
1714058 54 8 0
1714226 54 49 2
1714239 54 2 0
1714266 54 63 0
1714397 54 63 2
1714445 54 15 0
1714574 54 15 2
1714590 54 44 0
1714706 54 44 2
1714706 54 48 0
1714707 54 2 0
1714726 54 45 0
1714861 54 45 2
1714964 54 31 0
1714965 54 2 0
1715109 54 0 0
1715191 54 50 0
1715192 54 2 0
1715243 54 0 2
1715335 54 1 0
1715374 54 52 0
1715375 54 2 0
1715469 54 1 2
1715569 54 2 0
1715609 54 46 0
1715610 54 2 0
1715693 54 2 2
1715701 54 47 0
1715742 54 47 2
1715745 54 10 0
1715754 54 41 0
1715876 54 41 2
1715917 54 2 0
1715925 54 53 0
1715948 54 3 0
1716036 54 2 0
1716071 54 3 2
1716107 54 60 0
1716168 54 2 0
1716226 54 32 0
1716297 54 2 0
1716331 54 5 0
1716357 54 56 0
1716448 54 43 0
1716453 54 5 2
1716501 54 6 0
1716588 54 2 0
1716619 54 6 2
1716707 54 7 0
1716713 54 36 0
1716739 54 2 0
1716829 54 7 2
1716864 54 2 0
1716937 54 8 0
1716988 54 11 0
1716989 54 2 0
1717077 54 8 2
1717098 54 28 0
1717109 54 2 0
1717133 54 1 0
1717229 54 17 0
1717240 54 2 0
1717264 54 1 2
1717342 54 1 0
1717373 54 2 0
1717488 54 59 0
1717539 54 2 0
1717666 54 4 0
1717668 54 2 0
1717712 54 46 0
1717762 54 46 2
1717770 54 4 0
1717779 54 19 0
1717790 54 2 0
1717897 54 3 0
1717918 54 2 0
1717928 54 4 2
1717952 54 47 0
1717992 54 47 2
1718010 54 20 0
1718051 54 2 0
1718136 54 12 0
1718153 54 40 0
1718174 54 2 0
1718234 54 12 2
1718263 54 55 0
1718314 54 2 0
1718475 54 2 0
1718476 54 26 0
1718598 54 10 0
1718666 54 18 0
1718667 54 2 0
1718711 54 10 2
1718831 54 1 0
1718831 54 1 0
1718937 54 1 2
1718966 54 30 0
1718967 54 2 0
1718971 54 1 2
1719089 54 29 0
1719090 54 2 0
1719311 54 24 0
1719312 54 2 0
1719403 54 14 0
1719435 54 57 0
1719456 54 2 0
1719509 54 14 2
1719525 54 46 0
1719546 54 39 0
1719587 54 2 0
1719623 54 46 2
1719655 54 47 0
1719655 54 47 0
1719689 54 47 2
1719690 54 41 0
1719711 54 2 0
1719764 54 47 2
1719846 54 6 0
1719867 54 2 0
1719908 54 12 0
1719908 54 12 0
1719937 54 51 2
1719979 54 44 0
1719984 54 12 2
1719988 54 2 0
1720039 54 12 2
1720116 54 13 0
1720117 54 2 0
1720137 54 2 0
1720138 54 0 0
1720235 54 12 0
1720236 54 2 0
1720384 54 15 0
1720385 54 2 0
1720406 54 53 2
1720451 54 51 2
1720513 54 5 0
1720514 54 2 0
1720523 54 1 0
1720558 54 51 2
1720653 54 1 2
1720727 54 34 0
1720728 54 2 0
1720801 54 51 2
1720837 54 9 0
1720848 54 2 0
1720904 54 53 2
1720977 54 7 0
1720988 54 2 0
1721101 54 46 0
1721101 54 46 0
1721101 54 53 2
1721121 54 2 0
1721122 54 23 0
1721131 54 46 2
1721195 54 46 2
1721227 54 47 0
1721268 54 47 2
1721335 54 53 2
1721412 54 12 0
1721473 54 52 2
1721489 54 55 2
1721536 54 12 2
1721740 54 56 2
1721979 54 52 2
1722020 54 1 0
1722020 54 1 0
1722050 54 51 2
1722079 54 52 2
1722126 54 1 2
1722143 54 1 2
1722239 54 57 2
1722315 54 52 2
1722591 54 46 0
1722591 54 46 0
1722617 54 46 2
1722625 54 46 2
1722653 54 53 2
1722657 54 47 0
1722657 54 47 0
1722691 54 47 2
1722748 54 47 2
1722892 54 12 0
1722892 54 12 0
1722966 54 12 2
1722973 54 12 2
1723457 54 1 0
1723457 54 1 0
1723543 54 52 2
1723563 54 1 2
1723588 54 1 2
1724036 54 46 0
1724036 54 46 0
1724062 54 46 2
1724070 54 46 2
1724102 54 47 0
1724102 54 47 0
1724136 54 47 2
1724193 54 47 2
1724216 54 2 0
1724217 54 2 2
1724337 54 12 0
1724337 54 12 0
1724412 54 12 2
1724418 54 12 2
1724902 54 1 0
1724902 54 1 0
1725009 54 1 2
1725018 54 1 2
1725191 54 51 2
1725466 54 46 0
1725466 54 46 0
1725492 54 46 2
1725500 54 46 2
1725532 54 47 0
1725532 54 47 0
1725566 54 47 2
1725607 54 47 2
1725729 54 55 2
1725751 54 12 0
1725751 54 12 0
1725827 54 12 2
1725834 54 12 2
1725869 54 53 2
1726318 54 1 0
1726318 54 1 0
1726425 54 1 2
1726434 54 1 2
1726686 54 52 2
1726882 54 46 0
1726882 54 46 0
1726908 54 46 2
1726915 54 46 2
1726947 54 47 0
1726947 54 47 0
1726981 54 47 2
1726990 54 47 2
1727134 54 12 0
1727134 54 12 0
1727209 54 12 2
1727215 54 12 2
1727699 54 1 0
1727699 54 1 0
1727805 54 1 2
1727814 54 1 2
1728262 54 46 0
1728262 54 46 0
1728289 54 46 2
1728297 54 46 2
1728329 54 47 0
1728329 54 47 0
1728364 54 47 2
1728372 54 47 2
1728516 54 12 0
1728516 54 12 0
1728591 54 12 2
1728631 54 12 2
1729115 54 1 0
1729115 54 1 0
1729221 54 1 2
1729230 54 1 2
1729678 54 46 0
1729678 54 46 0
1729705 54 46 2
1729794 54 46 2
1729826 54 47 0
1729826 54 47 0
1729860 54 47 2
1729904 54 2 0
1729905 54 2 2
1729951 54 47 2
1730095 54 12 0
1730095 54 12 0
1730170 54 12 2
1730175 54 12 2
1730563 54 1 0
1730563 54 1 0
1730669 54 1 2
1730680 54 1 2
1731112 54 7 0
1731193 54 7 2
1731209 54 46 0
1731209 54 46 0
1731235 54 46 2
1731324 54 46 2
1731356 54 47 0
1731356 54 47 0
1731390 54 47 2
1731481 54 47 2
1731625 54 12 0
1731625 54 12 0
1731699 54 12 2
1731740 54 12 2
1732224 54 1 0
1732224 54 1 0
1732261 54 2 0
1732262 54 2 2
1732330 54 1 2
1732340 54 1 2
1732788 54 46 0
1732788 54 46 0
1732814 54 46 2
1732822 54 46 2
1732854 54 47 0
1732854 54 47 0
1732888 54 47 2
1732896 54 47 2
1733040 54 12 0
1733040 54 12 0
1733114 54 12 2
1733122 54 12 2
1733606 54 1 0
1733606 54 1 0
1733718 54 1 2
1733720 54 1 2
1734168 54 46 0
1734168 54 46 0
1734194 54 46 2
1734203 54 46 2
1734235 54 47 0
1734235 54 47 0
1734280 54 47 2
1734290 54 47 2
1734424 54 5 0
1734538 54 5 2
1734546 54 61 0
1734546 54 61 0
1734580 54 61 2
1734588 54 61 2
1734596 54 29 0
1734643 54 2 0
1734644 54 2 2
1734874 54 29 2
1734890 54 62 0
1734890 54 62 0
1734916 54 62 2
1734924 54 62 2
1735200 54 63 0
1735200 54 63 0
1735234 54 63 2
1735332 54 63 2
1735756 54 12 0
1735756 54 12 0
1735831 54 12 2
1735864 54 12 2
1736304 54 11 0
1736434 54 11 2
1736646 54 1 0
1736646 54 1 0
1736752 54 1 2
1736760 54 1 2
1737208 54 46 0
1737208 54 46 0
1737234 54 46 2
1737242 54 46 2
1737274 54 47 0
1737274 54 47 0
1737308 54 47 2
1737316 54 47 2
1737417 54 56 2
1737460 54 12 0
1737460 54 12 0
1737534 54 12 2
1737542 54 12 2
1738026 54 1 0
1738026 54 1 0
1738132 54 1 2
1738140 54 1 2
1738588 54 46 0
1738588 54 46 0
1738614 54 46 2
1738621 54 46 2
1738653 54 47 0
1738653 54 47 0
1738694 54 47 2
1738696 54 47 2
1738838 54 12 0
1738838 54 12 0
1738917 54 12 2
1738931 54 12 2
1739415 54 1 0
1739415 54 1 0
1739529 54 1 2
1739530 54 1 2
1739978 54 46 0
1739978 54 46 0
1740004 54 46 2
1740011 54 46 2
1740043 54 47 0
1740043 54 47 0
1740077 54 47 2
1740085 54 47 2
1740229 54 12 0
1740229 54 12 0
1740303 54 12 2
1740313 54 12 2
1740797 54 1 0
1740797 54 1 0
1740905 54 1 2
1740913 54 1 2
1741361 54 46 0
1741361 54 46 0
1741388 54 46 2
1741399 54 46 2
1741431 54 47 0
1741431 54 47 0
1741466 54 47 2
1741471 54 47 2
1741615 54 12 0
1741696 54 12 2
1742180 54 1 0
1742180 54 1 0
1742286 54 1 2
1742305 54 1 2
1742753 54 46 0
1742753 54 46 0
1742779 54 46 2
1742787 54 46 2
1742819 54 47 0
1742819 54 47 0
1742862 54 47 2
1742874 54 47 2
1743018 54 12 0
1743018 54 12 0
1743092 54 12 2
1743101 54 12 2
1743585 54 1 0
1743585 54 1 0
1743691 54 1 2
1743699 54 1 2
1744131 54 8 0
1744131 54 8 0
1744238 54 8 2
1744255 54 8 2
1744271 54 46 0
1744271 54 46 0
1744297 54 46 2
1744338 54 46 2
1744370 54 47 0
1744370 54 47 0
1744404 54 47 2
1744445 54 47 2
1744589 54 12 0
1744589 54 12 0
1744663 54 12 2
1744687 54 12 2
1745171 54 1 0
1745171 54 1 0
1745277 54 1 2
1745302 54 1 2
1745750 54 46 0
1745750 54 46 0
1745776 54 46 2
1745817 54 46 2
1745849 54 47 0
1745849 54 47 0
1745883 54 47 2
1745924 54 47 2
1746068 54 12 0
1746068 54 12 0
1746143 54 12 2
1746168 54 12 2
1746652 54 1 0
1746652 54 1 0
1746761 54 1 2
1746786 54 1 2
1747234 54 46 0
1747234 54 46 0
1747260 54 46 2
1747301 54 46 2
1747333 54 47 0
1747333 54 47 0
1747367 54 47 2
1747408 54 47 2
1747552 54 12 0
1747552 54 12 0
1747626 54 12 2
1747651 54 12 2
1748135 54 1 0
1748135 54 1 0
1748241 54 1 2
1748266 54 1 2
1748714 54 46 0
1748714 54 46 0
1748740 54 46 2
1748781 54 46 2
1748813 54 47 0
1748813 54 47 0
1748847 54 47 2
1748889 54 47 2
1749033 54 12 0
1749033 54 12 0
1749107 54 12 2
1749132 54 12 2
1749616 54 1 0
1749616 54 1 0
1749722 54 1 2
1749746 54 1 2
1750194 54 46 0
1750194 54 46 0
1750220 54 46 2
1750228 54 46 2
1750260 54 47 0
1750260 54 47 0
1750294 54 47 2
1750302 54 47 2
1750446 54 12 0
1750446 54 12 0
1750520 54 12 2
1750528 54 12 2
1751012 54 1 0
1751012 54 1 0
1751118 54 1 2
1751130 54 1 2
1751578 54 46 0
1751578 54 46 0
1751604 54 46 2
1751616 54 46 2
1751648 54 47 0
1751648 54 47 0
1751682 54 47 2
1751689 54 47 2
1751833 54 12 0
1751833 54 12 0
1751907 54 12 2
1751915 54 12 2
1752399 54 1 0
1752399 54 1 0
1752506 54 1 2
1752518 54 1 2
1752966 54 46 0
1752966 54 46 0
1752992 54 46 2
1753000 54 46 2
1753032 54 47 0
1753032 54 47 0
1753066 54 47 2
1753076 54 47 2
1753220 54 12 0
1753220 54 12 0
1753294 54 12 2
1753303 54 12 2
1753787 54 1 0
1753787 54 1 0
1753893 54 1 2
1753901 54 1 2
1754349 54 46 0
1754349 54 46 0
1754375 54 46 2
1754384 54 46 2
1754416 54 47 0
1754416 54 47 0
1754450 54 47 2
1754459 54 47 2
1754603 54 12 0
1754603 54 12 0
1754677 54 12 2
1754702 54 12 2
1755186 54 1 0
1755186 54 1 0
1755293 54 1 2
1755322 54 1 2
1755754 54 9 0
1755869 54 9 2
1755885 54 46 0
1755885 54 46 0
1755913 54 46 2
1755951 54 46 2
1755983 54 47 0
1755983 54 47 0
1756018 54 47 2
1756060 54 47 2
1756204 54 12 0
1756204 54 12 0
1756283 54 12 2
1756308 54 12 2
1756792 54 1 0
1756792 54 1 0
1756898 54 1 2
1756923 54 1 2
1757371 54 46 0
1757371 54 46 0
1757400 54 46 2
1757441 54 46 2
1757473 54 47 0
1757473 54 47 0
1757507 54 47 2
1757550 54 47 2
1757694 54 12 0
1757694 54 12 0
1757768 54 12 2
1757793 54 12 2
1758277 54 1 0
1758277 54 1 0
1758383 54 1 2
1758408 54 1 2
1758856 54 46 0
1758856 54 46 0
1758883 54 46 2
1758922 54 46 2
1758954 54 47 0
1758954 54 47 0
1758988 54 47 2
1759029 54 47 2
1759173 54 12 0
1759173 54 12 0
1759249 54 12 2
1759274 54 12 2
1759758 54 1 0
1759758 54 1 0
1759865 54 1 2
1759892 54 1 2
1760340 54 46 0
1760340 54 46 0
1760366 54 46 2
1760407 54 46 2
1760439 54 47 0
1760439 54 47 0
1760473 54 47 2
1760514 54 47 2
1760658 54 12 0
1760658 54 12 0
1760732 54 12 2
1760760 54 12 2
1761244 54 1 0
1761244 54 1 0
1761350 54 1 2
1761375 54 1 2
1761823 54 46 0
1761823 54 46 0
1761851 54 46 2
1761892 54 46 2
1761924 54 47 0
1761924 54 47 0
1761958 54 47 2
1761999 54 47 2
1762143 54 12 0
1762143 54 12 0
1762218 54 12 2
1762242 54 12 2
1762726 54 1 0
1762726 54 1 0
1762832 54 1 2
1762858 54 1 2
1763306 54 46 0
1763306 54 46 0
1763333 54 46 2
1763374 54 46 2
1763406 54 47 0
1763406 54 47 0
1763441 54 47 2
1763482 54 47 2
1763626 54 12 0
1763626 54 12 0
1763700 54 12 2
1763725 54 12 2
1764209 54 1 0
1764209 54 1 0
1764316 54 1 2
1764340 54 1 2
1764788 54 46 0
1764788 54 46 0
1764816 54 46 2
1764854 54 46 2
1764886 54 47 0
1764886 54 47 0
1764920 54 47 2
1764961 54 47 2
1765105 54 12 0
1765105 54 12 0
1765179 54 12 2
1765205 54 12 2
1765689 54 1 0
1765689 54 1 0
1765795 54 1 2
1765819 54 1 2
1766267 54 46 0
1766267 54 46 0
1766293 54 46 2
1766335 54 46 2
1766367 54 47 0
1766367 54 47 0
1766401 54 47 2
1766442 54 47 2
1766586 54 12 0
1766586 54 12 0
1766660 54 12 2
1766685 54 12 2
1767169 54 1 0
1767169 54 1 0
1767276 54 1 2
1767301 54 1 2
1767733 54 10 0
1767839 54 10 2
1767855 54 46 0
1767855 54 46 0
1767881 54 46 2
1767922 54 46 2
1767954 54 47 0
1767954 54 47 0
1767988 54 47 2
1768028 54 47 2
1768172 54 12 0
1768172 54 12 0
1768247 54 12 2
1768271 54 12 2
1768411 54 2 0
1768412 54 2 2
1768755 54 1 0
1768755 54 1 0
1768862 54 1 2
1768889 54 1 2
1769337 54 46 0
1769337 54 46 0
1769363 54 46 2
1769404 54 46 2
1769436 54 47 0
1769436 54 47 0
1769470 54 47 2
1769512 54 47 2
1769656 54 12 0
1769656 54 12 0
1769730 54 12 2
1769757 54 12 2
1770241 54 1 0
1770241 54 1 0
1770347 54 1 2
1770372 54 1 2
1770820 54 46 0
1770820 54 46 0
1770846 54 46 2
1770888 54 46 2
1770920 54 47 0
1770920 54 47 0
1770954 54 47 2
1770995 54 47 2
1771139 54 12 0
1771139 54 12 0
1771213 54 12 2
1771238 54 12 2
1771722 54 1 0
1771722 54 1 0
1771828 54 1 2
1771853 54 1 2
1771972 54 2 0
1771973 54 2 2
1772301 54 46 0
1772301 54 46 0
1772327 54 46 2
1772368 54 46 2
1772400 54 47 0
1772400 54 47 0
1772434 54 47 2
1772475 54 47 2
1772619 54 12 0
1772619 54 12 0
1772694 54 12 2
1772718 54 12 2
1773202 54 1 0
1773202 54 1 0
1773308 54 1 2
1773333 54 1 2
1773781 54 46 0
1773781 54 46 0
1773807 54 46 2
1773818 54 46 2
1773850 54 47 0
1773850 54 47 0
1773884 54 47 2
1773897 54 47 2
1774041 54 12 0
1774041 54 12 0
1774116 54 12 2
1774126 54 12 2
1774610 54 1 0
1774610 54 1 0
1774716 54 1 2
1774745 54 1 2
1775193 54 46 0
1775193 54 46 0
1775219 54 46 2
1775260 54 46 2
1775292 54 47 0
1775292 54 47 0
1775337 54 47 2
1775379 54 47 2
1775523 54 12 0
1775523 54 12 0
1775598 54 12 2
1775623 54 12 2
1776107 54 1 0
1776107 54 1 0
1776214 54 1 2
1776239 54 1 2
1776687 54 46 0
1776687 54 46 0
1776714 54 46 2
1776755 54 46 2
1776787 54 47 0
1776787 54 47 0
1776821 54 47 2
1776862 54 47 2
1777006 54 12 0
1777006 54 12 0
1777080 54 12 2
1777106 54 12 2
1777590 54 1 0
1777590 54 1 0
1777697 54 1 2
1777721 54 1 2
1778169 54 46 0
1778169 54 46 0
1778195 54 46 2
1778237 54 46 2
1778269 54 47 0
1778269 54 47 0
1778303 54 47 2
1778344 54 47 2
1778488 54 12 0
1778488 54 12 0
1778563 54 12 2
1778589 54 12 2
1779073 54 1 0
1779073 54 1 0
1779179 54 1 2
1779209 54 1 2
1779641 54 11 0
1779641 54 11 0
1779723 54 11 2
1779748 54 11 2
1779764 54 46 0
1779764 54 46 0
1779790 54 46 2
1779831 54 46 2
1779863 54 47 0
1779863 54 47 0
1779897 54 47 2
1779938 54 47 2
1780082 54 12 0
1780082 54 12 0
1780163 54 12 2
1780189 54 12 2
1780673 54 1 0
1780673 54 1 0
1780780 54 1 2
1780805 54 1 2
1781253 54 46 0
1781253 54 46 0
1781279 54 46 2
1781320 54 46 2
1781352 54 47 0
1781352 54 47 0
1781386 54 47 2
1781429 54 47 2
1781573 54 12 0
1781573 54 12 0
1781648 54 12 2
1781672 54 12 2
1782156 54 1 0
1782156 54 1 0
1782264 54 1 2
1782289 54 1 2
1782326 54 2 0
1782327 54 2 2
1782737 54 46 0
1782737 54 46 0
1782763 54 46 2
1782804 54 46 2
1782836 54 47 0
1782836 54 47 0
1782871 54 47 2
1782912 54 47 2
1783056 54 12 0
1783056 54 12 0
1783130 54 12 2
1783156 54 12 2
1783640 54 1 0
1783640 54 1 0
1783760 54 1 2
1783785 54 1 2
1784233 54 46 0
1784233 54 46 0
1784263 54 46 2
1784305 54 46 2
1784337 54 47 0
1784337 54 47 0
1784372 54 47 2
1784413 54 47 2
1784557 54 12 0
1784557 54 12 0
1784632 54 12 2
1784657 54 12 2
1785141 54 1 0
1785141 54 1 0
1785247 54 1 2
1785271 54 1 2
1785719 54 46 0
1785719 54 46 0
1785747 54 46 2
1785788 54 46 2
1785820 54 47 0
1785820 54 47 0
1785854 54 47 2
1785895 54 47 2
1786039 54 12 0
1786039 54 12 0
1786113 54 12 2
1786170 54 12 2
1786654 54 1 0
1786654 54 1 0
1786760 54 1 2
1786785 54 1 2
1787233 54 46 0
1787233 54 46 0
1787259 54 46 2
1787300 54 46 2
1787332 54 47 0
1787332 54 47 0
1787366 54 47 2
1787407 54 47 2
1787551 54 12 0
1787551 54 12 0
1787625 54 12 2
1787650 54 12 2
1788134 54 1 0
1788134 54 1 0
1788240 54 1 2
1788265 54 1 2
1788713 54 46 0
1788713 54 46 0
1788739 54 46 2
1788780 54 46 2
1788812 54 47 0
1788812 54 47 0
1788846 54 47 2
1788890 54 47 2
1789034 54 12 0
1789034 54 12 0
1789108 54 12 2
1789116 54 12 2
1789600 54 1 0
1789600 54 1 0
1789608 54 2 0
1789610 54 2 2
1789708 54 1 2
1789735 54 1 2
1790183 54 46 0
1790183 54 46 0
1790209 54 46 2
1790250 54 46 2
1790282 54 47 0
1790282 54 47 0
1790316 54 47 2
1790357 54 47 2
1790501 54 12 0
1790501 54 12 0
1790575 54 12 2
1790600 54 12 2
1791084 54 1 0
1791084 54 1 0
1791190 54 1 2
1791216 54 1 2
1791648 54 12 0
1791648 54 12 0
1791722 54 12 2
1791731 54 12 2
1791747 54 46 0
1791747 54 46 0
1791773 54 46 2
1791813 54 46 2
1791845 54 47 0
1791845 54 47 0
1791879 54 47 2
1791920 54 47 2
1792064 54 12 0
1792064 54 12 0
1792146 54 12 2
1792338 54 12 2
1792630 54 1 0
1792630 54 1 0
1792736 54 1 2
1792761 54 1 2
1793209 54 46 0
1793209 54 46 0
1793211 54 2 0
1793212 54 2 2
1793236 54 46 2
1793279 54 46 2
1793311 54 47 0
1793311 54 47 0
1793345 54 47 2
1793388 54 47 2
1793532 54 12 0
1793532 54 12 0
1793606 54 12 2
1793631 54 12 2
1794115 54 1 0
1794115 54 1 0
1794221 54 1 2
1794246 54 1 2
1794694 54 46 0
1794694 54 46 0
1794720 54 46 2
1794761 54 46 2
1794793 54 47 0
1794793 54 47 0
1794827 54 47 2
1794868 54 47 2
1795012 54 12 0
1795012 54 12 0
1795092 54 12 2
1795094 54 12 2
1795578 54 1 0
1795578 54 1 0
1795684 54 1 2
1795791 54 1 2
1796239 54 46 0
1796239 54 46 0
1796265 54 46 2
1796272 54 46 2
1796304 54 47 0
1796304 54 47 0
1796338 54 47 2
1796366 54 47 2
1796510 54 12 0
1796510 54 12 0
1796585 54 12 2
1796612 54 12 2
1797096 54 1 0
1797096 54 1 0
1797202 54 1 2
1797230 54 1 2
1797678 54 46 0
1797678 54 46 0
1797704 54 46 2
1797745 54 46 2
1797777 54 47 0
1797777 54 47 0
1797811 54 47 2
1797852 54 47 2
1797996 54 12 0
1797996 54 12 0
1798070 54 12 2
1798078 54 12 2
1798562 54 1 0
1798562 54 1 0
1798668 54 1 2
1798693 54 1 2
1799141 54 46 0
1799141 54 46 0
1799182 54 46 2
1799245 54 46 2
1799277 54 47 0
1799277 54 47 0
1799312 54 47 2
1799340 54 47 2
1799484 54 12 0
1799484 54 12 0
1799558 54 12 2
1799589 54 12 2
1800073 54 1 0
1800073 54 1 0
1800179 54 1 2
1800207 54 1 2
1800655 54 46 0
1800655 54 46 0
1800681 54 46 2
1800691 54 46 2
1800723 54 47 0
1800723 54 47 0
1800757 54 47 2
1800765 54 47 2
1800909 54 12 0
1800909 54 12 0
1800983 54 12 2
1800990 54 12 2
1801474 54 1 0
1801474 54 1 0
1801580 54 1 2
1801643 54 1 2
1802091 54 46 0
1802091 54 46 0
1802117 54 46 2
1802125 54 46 2
1802157 54 47 0
1802157 54 47 0
1802191 54 47 2
1802199 54 47 2
1802343 54 12 0
1802343 54 12 0
1802417 54 12 2
1802425 54 12 2
1802909 54 1 0
1802909 54 1 0
1803016 54 1 2
1803045 54 1 2
1803493 54 46 0
1803493 54 46 0
1803519 54 46 2
1803527 54 46 2
1803559 54 47 0
1803559 54 47 0
1803594 54 47 2
1803604 54 47 2
1803748 54 12 0
1803748 54 12 0
1803831 54 12 2
1803841 54 12 2
1804325 54 1 0
1804325 54 1 0
1804431 54 1 2
1804459 54 1 2
1804907 54 46 0
1804907 54 46 0
1804933 54 46 2
1804940 54 46 2
1804972 54 47 0
1804972 54 47 0
1805006 54 47 2
1805013 54 47 2
1805157 54 12 0
1805157 54 12 0
1805231 54 12 2
1805250 54 12 2
1805734 54 1 0
1805734 54 1 0
1805840 54 1 2
1805868 54 1 2
1806316 54 46 0
1806316 54 46 0
1806342 54 46 2
1806349 54 46 2
1806381 54 47 0
1806381 54 47 0
1806415 54 47 2
1806423 54 47 2
1806567 54 12 0
1806567 54 12 0
1806641 54 12 2
1806669 54 12 2
1807153 54 1 0
1807153 54 1 0
1807260 54 1 2
1807290 54 1 2
1807738 54 46 0
1807738 54 46 0
1807764 54 46 2
1807772 54 46 2
1807804 54 47 0
1807804 54 47 0
1807839 54 47 2
1807866 54 47 2
1808010 54 12 0
1808010 54 12 0
1808084 54 12 2
1808101 54 12 2
1808585 54 1 0
1808585 54 1 0
1808691 54 1 2
1808729 54 1 2
1809177 54 46 0
1809177 54 46 0
1809203 54 46 2
1809211 54 46 2
1809243 54 47 0
1809243 54 47 0
1809277 54 47 2
1809285 54 47 2
1809429 54 12 0
1809429 54 12 0
1809503 54 12 2
1809512 54 12 2
1809996 54 1 0
1809996 54 1 0
1810102 54 1 2
1810139 54 1 2
1810587 54 46 0
1810587 54 46 0
1810615 54 46 2
1810632 54 46 2
1810664 54 47 0
1810664 54 47 0
1810698 54 47 2
1810706 54 47 2
1810850 54 12 0
1810850 54 12 0
1810924 54 12 2
1810932 54 12 2
1811408 54 9 0
1811524 54 9 2
1811537 54 51 2
1811648 54 55 0
1811729 54 55 2
1811733 54 1 0
1811733 54 1 0
1811839 54 1 2
1811859 54 1 2
1811883 54 56 0
1811990 54 56 2
1812010 54 45 0
1812125 54 45 2
1812181 54 46 0
1812256 54 46 2
1812332 54 63 0
1812525 54 63 2
1812533 54 47 0
1812616 54 47 2
1812720 54 62 0
1812720 54 62 0
1812746 54 62 2
1812754 54 62 2
1813050 54 3 0
1813275 54 52 2
1814628 54 3 2
1814636 54 19 0
1814723 54 42 2
1814726 54 19 2
1814730 54 3 0
1815334 54 53 2
1815962 54 3 2
1816017 54 56 2
1816269 54 50 2
1816274 54 3 0
1821306 54 2 0
1821307 54 2 2
1825350 54 3 2
1826301 54 5 2
1826310 54 3 0
1831134 54 2 0
1831136 54 56 1
1831347 54 2 2
1831452 54 56 2
1833826 54 3 2
1841397 54 2 0
1841398 54 2 2
1945789 54 2 0
1945790 54 2 2
1981473 54 2 0
1981474 54 2 2
1982625 54 2 0
1982626 54 2 2
1986086 54 2 0
1986087 54 2 2
2000713 54 2 0
2000714 54 2 2
2006689 54 2 2
2006690 54 2 0
2009246 54 2 0
2009247 54 0 0
2010757 54 2 2
2010758 54 2 0
2038927 54 2 0
2038928 54 2 2
2043826 54 2 0
2043827 54 2 2
2045054 54 2 0
2045055 54 2 2
2047721 54 2 0
2047722 54 2 2
2070221 54 2 0
2070222 54 56 1
2070433 54 2 2
2070539 54 56 2
2093541 54 56 1
2093753 54 2 2
2093859 54 56 2
2100991 54 2 0
2100992 54 2 2
2133937 54 2 0
2133938 54 56 1
2134152 54 2 2
2134257 54 56 2
2155484 54 2 0
2155485 54 56 1
2155702 54 2 2
2155807 54 56 2
2165553 54 2 0
2165554 54 2 2
2429887 54 2 0
2429888 54 2 2
2445514 54 56 1
2445729 54 2 2
2445835 54 56 2
2570074 54 1 0
2570988 54 2 0
2570989 54 2 2
2571484 54 35 0
2571485 54 35 2
2571638 54 21 0
2571639 54 35 0
2571910 54 63 0
2571911 54 35 0
2572369 54 16 0
2572370 54 35 0
2572501 54 35 0
2572502 54 59 0
2572633 54 25 0
2572634 54 35 0
2572787 54 52 0
2572788 54 35 0
2572968 54 38 0
2572969 54 35 0
2573371 54 9 0
2573372 54 35 0
2573647 54 47 0
2573648 54 35 0
2573667 54 1 2
2573773 54 35 0
2573774 54 50 0
2573905 54 13 0
2573906 54 35 0
2574063 54 36 0
2574063 54 36 0
2574081 54 12 0
2574082 54 35 0
2574137 54 36 2
2574158 54 3 0
2574181 54 37 0
2574181 54 37 0
2574189 54 35 0
2574253 54 34 0
2574258 54 37 2
2574304 54 35 0
2574369 54 10 0
2574390 54 35 0
2574390 54 8 0
2574390 54 8 0
2574483 54 37 2
2574485 54 17 0
2574497 54 8 2
2574506 54 35 0
2574563 54 36 2
2574594 54 8 2
2574601 54 0 0
2574622 54 35 0
2574642 54 0 0
2574642 54 0 0
2574729 54 5 0
2574756 54 0 2
2574760 54 35 0
2574822 54 0 2
2574824 54 15 0
2574875 54 35 0
2574910 54 36 0
2574910 54 36 0
2574942 54 29 0
2574960 54 36 2
2574983 54 35 0
2575059 54 24 0
2575070 54 35 0
2575227 54 11 0
2575228 54 35 0
2575343 54 36 0
2575344 54 35 0
2575458 54 1 0
2575459 54 35 0
2575583 54 58 0
2575585 54 35 0
2575697 54 52 2
2575805 54 43 0
2575806 54 35 0
2575858 54 56 0
2575889 54 35 0
2576094 54 41 0
2576096 54 35 0
2576165 54 8 0
2576220 54 35 0
2576279 54 18 0
2576283 54 52 2
2576327 54 35 0
2576365 54 33 0
2576405 54 52 2
2576426 54 35 0
2576450 54 4 0
2576521 54 35 0
2576566 54 49 0
2576637 54 35 0
2576699 54 46 0
2576730 54 35 0
2576916 54 7 0
2576917 54 35 0
2576994 54 31 0
2577035 54 35 0
2577069 54 20 0
2577076 54 59 0
2577130 54 35 0
2577137 54 59 2
2577195 54 6 0
2577226 54 35 0
2577230 54 52 0
2577271 54 52 2
2577321 54 14 0
2577342 54 35 0
2577378 54 36 2
2577410 54 38 0
2577410 54 38 0
2577416 54 51 0
2577447 54 35 0
2577474 54 16 0
2577475 54 16 2
2577548 54 35 0
2577587 54 19 0
2577662 54 45 0
2577663 54 35 0
2577723 54 38 0
2577724 54 38 2
2577793 54 57 0
2577794 54 35 0
2577867 54 25 0
2577868 54 25 2
2577927 54 35 0
2577966 54 30 0
2578034 54 47 0
2578035 54 47 2
2578042 54 35 0
2578081 54 40 0
2578114 54 50 2
2578216 54 44 0
2578217 54 35 0
2578291 54 32 0
2578293 54 35 0
2578361 54 9 0
2578382 54 9 2
2578418 54 35 0
2578497 54 39 0
2578541 54 23 0
2578542 54 35 0
2578663 54 55 0
2578664 54 35 0
2578690 54 50 2
2578802 54 50 2
2578869 54 42 0
2578870 54 35 0
2578915 54 34 0
2578936 54 34 2
2578993 54 35 0
2579012 54 28 0
2579135 54 10 2
2579136 54 10 0
2579187 54 35 0
2579236 54 53 0
2579264 54 61 0
2579265 54 35 0
2579361 54 13 0
2579362 54 13 2
2579401 54 35 0
2579440 54 60 0
2579452 54 17 0
2579493 54 17 2
2579604 54 50 0
2579605 54 50 2
2579613 54 35 0
2579672 54 26 0
2579707 54 35 0
2579756 54 62 0
2579769 54 29 0
2579790 54 29 2
2579791 54 38 2
2579801 54 35 0
2579850 54 37 0
2579895 54 12 0
2579896 54 12 2
2579951 54 54 0
2579951 54 54 0
2579960 54 35 0
2579981 54 54 0
2579990 54 54 2
2580029 54 54 2
2580089 54 37 0
2580089 54 37 0
2580092 54 27 0
2580094 54 35 0
2580124 54 0 0
2580131 54 37 2
2580139 54 37 2
2580165 54 0 2
2580243 54 36 0
2580296 54 36 2
2580343 54 35 0
2580355 54 48 0
2580394 54 38 2
2580439 54 5 0
2580440 54 5 2
2580718 54 56 0
2580719 54 56 2
2580797 54 1 0
2580808 54 1 2
2580905 54 58 0
2580926 54 58 2
2580966 54 41 0
2580997 54 41 2
2581058 54 51 2
2581098 54 15 0
2581100 54 15 2
2581127 54 47 0
2581210 54 33 0
2581211 54 47 2
2581215 54 33 2
2581235 54 11 0
2581235 54 11 0
2581317 54 11 2
2581333 54 11 2
2581368 54 4 0
2581369 54 4 2
2581461 54 1 0
2581521 54 18 0
2581522 54 18 2
2581577 54 1 2
2581623 54 51 2
2581716 54 46 0
2581717 54 46 2
2581738 54 51 2
2581826 54 11 0
2581827 54 11 2
2581912 54 6 0
2581923 54 6 2
2581988 54 43 0
2581999 54 43 2
2582101 54 14 0
2582144 54 20 0
2582145 54 20 2
2582272 54 0 2
2582275 54 14 0
2582276 54 14 2
2582418 54 3 0
2582419 54 3 2
2582561 54 14 2
2582573 54 15 0
2582573 54 15 0
2582640 54 15 2
2582710 54 51 2
2582711 54 51 0
2582750 54 15 2
2582838 54 38 0
2582838 54 38 0
2582872 54 38 2
2582892 54 8 0
2582893 54 8 2
2583007 54 49 0
2583008 54 49 2
2583281 54 32 0
2583283 54 32 2
2583291 54 53 2
2583405 54 30 0
2583406 54 30 2
2583889 54 38 2
2584011 54 24 0
2584013 54 24 2
2584045 54 46 0
2584091 54 53 2
2584138 54 46 2
2584166 54 40 0
2584167 54 40 2
2584182 54 12 0
2584213 54 53 2
2584242 54 42 0
2584253 54 42 2
2584263 54 12 2
2584271 54 0 0
2584271 54 0 0
2584340 54 44 0
2584341 54 44 2
2584385 54 0 2
2584421 54 0 2
2584497 54 7 0
2584564 54 31 0
2584565 54 31 2
2584742 54 57 0
2584743 54 57 2
2584814 54 19 0
2584825 54 19 2
2584890 54 7 0
2584911 54 7 2
2585161 54 53 0
2585162 54 53 2
2585312 54 48 0
2585313 54 48 2
2585405 54 37 2
2585406 54 37 0
2585755 54 62 2
2585756 54 62 0
2585861 54 7 2
2585882 54 28 0
2585885 54 28 2
2585933 54 47 0
2585974 54 47 2
2585990 54 12 0
2586042 54 26 2
2586043 54 26 0
2586115 54 12 2
2586151 54 47 0
2586188 54 23 0
2586189 54 23 2
2586195 54 47 2
2586276 54 39 0
2586277 54 39 2
2586379 54 45 0
2586380 54 45 2
2586486 54 27 0
2586487 54 27 2
2586603 54 60 0
2586604 54 60 2
2586764 54 55 0
2586765 54 55 2
2586940 54 61 0
2586941 54 61 2
2586943 54 54 0
2586943 54 54 0
2586982 54 54 0
2586983 54 54 2
2586991 54 54 2
2586998 54 54 2
2587373 54 2 0
2587374 54 2 2
2587646 54 58 0
2587646 54 58 0
2587714 54 58 2
2587788 54 58 2
2587868 54 59 0
2587868 54 59 0
2587918 54 59 2
2587951 54 59 2
2588011 54 38 0
2588011 54 38 0
2588045 54 38 2
2588053 54 38 2
2592036 54 2 0
2592037 54 0 0
2752094 54 2 0
2752095 54 2 2
2760381 54 2 0
2760382 54 2 2
2782574 54 2 0
2782575 54 56 1
2782795 54 2 2
2782901 54 56 2
2805924 54 2 0
2805925 54 56 1
2806145 54 2 2
2806251 54 56 2
2812134 54 2 0
2812135 54 2 2
2813610 54 2 0
2813611 54 2 2
3547387 54 38 0
3547387 54 38 0
3548331 54 38 2
3551742 54 38 2
3553423 54 2 0
3553424 54 2 2
3553726 54 38 0
3553726 54 38 0
3553760 54 38 2
3554287 54 38 2
3556231 54 38 0
3556231 54 38 0
3556273 54 38 2
3556495 54 38 2
3579729 54 2 0
3579730 54 2 2
3922701 54 2 0
3922702 54 2 2
4523774 54 2 0
4523775 54 2 2
4523938 54 38 0
4523938 54 38 0
4528492 54 38 2
4528637 54 38 2
4529230 54 2 0
4529231 54 2 2
4529250 54 0 2
4530053 54 7 0
4531913 54 7 2
4532481 54 38 0
4532481 54 38 0
4532515 54 38 2
4533102 54 38 2
4535046 54 38 0
4535046 54 38 0
4535080 54 38 2
4535088 54 38 2
4851133 54 2 0
4851134 54 2 2
4851793 54 2 0
4851794 54 2 2
4853483 54 2 0
4853484 54 2 2
4889675 54 2 0
4889676 54 56 1
4889890 54 2 2
4889995 54 56 2
5392891 54 2 0
5392892 54 2 2
5394327 54 2 0
5394328 54 2 2
5401172 54 2 2
5401173 54 2 0
5423545 54 2 0
5423546 54 56 1
5423764 54 2 2
5423870 54 56 2
5446885 54 2 0
5446886 54 56 1
5447104 54 2 2
5447210 54 56 2
5453788 54 2 0
5453789 54 2 2
5455021 54 2 0
5455022 54 2 2
5480791 54 2 2
5480792 54 2 0
5500455 54 2 0
5500456 54 2 2
5500463 54 38 0
5500463 54 38 0
5500979 54 38 2
5504631 54 38 2
5506615 54 38 0
5506615 54 38 0
5506649 54 38 2
5509806 54 38 2
5510422 54 2 0
5510423 54 2 2
5511750 54 38 0
5511750 54 38 0
5511784 54 38 2
5511792 54 38 2
5971150 54 2 0
5971151 54 2 2
6239638 54 2 0
6239639 54 2 2
6242289 54 2 0
6242290 54 2 2
6263749 54 2 0
6263750 54 56 1
6263970 54 2 2
6264076 54 56 2
6287309 54 2 0
6287310 54 56 1
6287530 54 2 2
6287636 54 56 2
6293501 54 2 0
6293502 54 2 2
6465231 54 2 0
6465232 54 2 2
6477041 54 38 0
6477041 54 38 0
6477289 54 38 2
6481816 54 38 2
6482407 54 0 2
6483232 54 7 0
6485002 54 7 2
6485570 54 38 0
6485570 54 38 0
6485604 54 38 2
6485695 54 2 0
6485696 54 2 2
6485711 54 38 2
6487655 54 38 0
6487655 54 38 0
6487689 54 38 2
6487696 54 38 2
