0 34 51 0
2132 34 51 2
2136 34 22 0
2964 34 22 2
2976 34 1 0
3518 34 1 2
3538 34 24 0
3690 34 24 2
9311 34 56 1
9510 34 0 2
9583 34 56 2
28767 34 56 1
28970 34 2 2
29027 34 56 2
32938 34 56 1
33140 34 2 2
33197 34 56 2
51247 34 56 1
51450 34 2 2
51507 34 56 2
76793 34 56 1
76990 34 2 2
77047 34 56 2
87545 34 56 1
87740 34 0 2
87813 34 56 2
89471 34 56 1
89670 34 0 2
89743 34 56 2
132613 34 56 1
132808 34 2 2
132865 34 56 2
135243 34 56 1
135439 34 2 2
135497 34 56 2
150661 34 56 1
150858 34 2 2
150915 34 56 2
162227 34 2 0
162228 34 56 1
162428 34 2 2
162485 34 56 2
176785 34 2 0
176786 34 56 1
176988 34 2 2
177045 34 56 2
186971 34 56 1
187168 34 2 2
187225 34 56 2
216521 34 2 0
216522 34 56 1
216718 34 2 2
216775 34 56 2
296699 34 0 0
362507 34 2 0
362508 34 2 2
366032 34 2 0
366033 34 56 1
366228 34 2 2
366285 34 56 2
376023 34 56 1
376218 34 2 2
376275 34 56 2
398813 34 2 0
398814 34 56 1
399008 34 2 2
399065 34 56 2
434365 34 2 0
434366 34 2 2
434996 34 2 0
434997 34 2 2
460527 34 2 0
460528 34 56 1
460728 34 2 2
460785 34 56 2
477309 34 56 1
477508 34 2 2
477565 34 56 2
480546 34 2 0
480547 34 2 2
505560 34 2 0
505561 34 2 2
509901 34 2 0
509902 34 2 2
511385 34 2 0
511386 34 2 2
519820 34 2 0
519821 34 2 2
572203 34 2 0
572204 34 2 2
575250 34 2 0
575251 34 2 2
577124 34 2 0
577125 34 2 2
595198 34 2 0
595199 34 2 2
608207 34 2 0
608208 34 2 2
616455 34 4 0
617464 34 4 2
617516 34 44 0
618384 34 44 2
618396 34 5 0
618485 34 5 2
618497 34 45 0
618792 34 45 2
618860 34 24 0
618860 34 2 0
618861 34 2 2
619029 34 24 2
619061 34 25 0
619138 34 25 2
619146 34 26 0
619240 34 26 2
619280 34 27 0
619363 34 27 2
619383 34 33 0
619507 34 33 2
619527 34 35 0
619620 34 35 2
619628 34 41 0
620049 34 41 2
620065 34 42 0
620366 34 42 2
620398 34 1 0
620492 34 1 2
620528 34 36 0
620730 34 36 2
620742 34 43 0
621080 34 43 2
621096 34 17 0
621148 34 17 2
621240 34 27 0
621325 34 27 2
621329 34 37 0
621431 34 37 2
621443 34 17 0
621558 34 17 2
621566 34 15 0
621701 34 15 2
621741 34 16 0
621865 34 16 2
621905 34 18 0
621988 34 18 2
622012 34 61 0
622241 34 61 2
622253 34 54 0
622469 34 54 2
622489 34 11 0
622806 34 11 2
622814 34 19 0
622864 34 33 2
622957 34 19 2
622961 34 35 0
623248 34 35 2
623264 34 53 0
623458 34 53 2
623498 34 33 0
623572 34 33 2
623584 34 36 0
623742 34 36 2
623762 34 40 0
623792 34 35 2
624027 34 40 2
624051 34 37 0
624217 34 37 2
624321 34 38 0
624475 34 38 2
624479 34 59 0
624728 34 59 2
624752 34 8 0
624907 34 8 2
624915 34 29 0
624979 34 39 2
625065 34 29 2
625105 34 0 0
625206 34 0 2
625218 34 38 0
625491 34 56 1
625679 34 38 2
625695 34 39 0
625698 34 9 2
625755 34 56 2
625987 34 39 2
625991 34 39 0
626114 34 36 2
626258 34 38 2
626377 34 37 2
626381 34 39 2
626437 34 36 0
626536 34 36 2
626568 34 38 0
626705 34 38 2
626721 34 51 0
626874 34 51 2
626930 34 6 0
627012 34 32 2
627288 34 6 2
627296 34 52 0
627410 34 52 2
627446 34 14 0
627780 34 14 2
627800 34 53 0
628043 34 53 2
628067 34 54 0
628526 34 54 2
628542 34 11 0
628892 34 11 2
628904 34 56 0
629123 34 56 2
629127 34 12 0
629425 34 12 2
629433 34 57 0
630058 34 57 2
630062 34 2 0
630406 34 2 2
630458 34 37 0
630633 34 37 2
630649 34 40 0
630835 34 40 2
630891 34 58 0
631148 34 58 2
631208 34 35 0
631362 34 35 2
631366 34 50 0
631846 34 50 2
631866 34 62 0
632705 34 62 2
632733 34 38 0
633038 34 38 2
633110 34 63 0
633566 34 63 2
633606 34 12 0
633879 34 12 2
633903 34 2 0
633984 34 2 2
634008 34 13 0
634261 34 13 2
634357 34 3 0
634451 34 3 2
634491 34 23 0
634632 34 23 2
634648 34 24 0
634773 34 24 2
634881 34 5 0
635140 34 5 2
635148 34 25 0
635230 34 25 2
635258 34 26 0
635351 34 26 2
635431 34 0 0
635522 34 0 2
635530 34 3 0
635646 34 3 2
635690 34 4 0
635823 34 4 2
635919 34 5 0
636079 34 5 2
636119 34 15 0
636622 34 15 2
636630 34 14 0
637000 34 14 2
637012 34 50 0
637569 34 50 2
637597 34 6 0
637765 34 6 2
637785 34 4 0
637893 34 4 2
637901 34 8 0
638016 34 8 2
638020 34 47 0
638392 34 47 2
638400 34 49 0
638584 34 49 2
638600 34 11 0
638600 34 11 0
638651 34 11 2
638744 34 11 2
638780 34 5 0
638903 34 5 2
638927 34 37 0
639363 34 37 2
639427 34 4 0
639583 34 4 2
639587 34 1 0
639670 34 1 2
639698 34 27 0
639798 34 27 2
639806 34 2 0
639925 34 2 2
639937 34 11 0
640010 34 11 2
640018 34 7 0
640124 34 7 2
640144 34 3 0
640178 34 56 1
640253 34 3 2
640361 34 6 0
640378 34 63 2
640467 34 56 2
640530 34 6 2
640550 34 9 0
640698 34 9 2
640870 34 8 0
641003 34 8 2
641015 34 11 0
641214 34 11 2
641234 34 12 0
641401 34 12 2
641425 34 16 0
641677 34 16 2
641685 34 13 0
641809 34 13 2
641857 34 2 0
642306 34 2 2
642338 34 40 0
643404 34 40 2
643408 34 25 0
643551 34 25 2
643567 34 31 0
644020 34 56 1
644218 34 0 2
644301 34 56 2
644305 34 0 0
644426 34 31 2
644462 34 33 0
644526 34 0 0
644552 34 33 2
644556 34 36 0
644654 34 0 0
644657 34 36 2
644665 34 4 0
644764 34 4 2
644778 34 0 0
644844 34 11 0
644844 34 11 0
644887 34 0 0
644902 34 11 2
644914 34 5 0
644995 34 11 2
645011 34 0 0
645118 34 0 0
645171 34 5 2
645203 34 34 0
645212 34 0 0
645287 34 34 2
645307 34 35 0
645482 34 35 2
645506 34 32 0
645635 34 0 0
645657 34 32 2
645725 34 17 0
645843 34 0 0
645974 34 0 0
646011 34 17 2
646121 34 0 0
646216 34 0 0
646307 34 38 0
646307 34 38 0
646356 34 0 0
646357 34 38 2
646496 34 0 0
646561 34 38 2
646569 34 27 0
646585 34 0 0
646718 34 27 2
646730 34 0 0
646738 34 35 0
646832 34 35 2
646888 34 28 0
646907 34 0 0
647021 34 28 2
647085 34 0 0
647089 34 3 0
647154 34 3 2
647158 34 46 0
647196 34 0 0
647292 34 0 0
647384 34 0 0
647448 34 46 2
647468 34 4 0
647498 34 0 0
647541 34 4 2
647573 34 0 0
647657 34 0 0
647667 34 0 2
647671 34 29 0
647764 34 0 0
647891 34 0 0
647896 34 29 2
648013 34 0 0
648040 34 47 0
648117 34 0 0
648229 34 0 0
648347 34 0 0
648378 34 47 2
648450 34 30 0
648484 34 0 0
648605 34 30 2
648617 34 0 0
648754 34 0 0
648957 34 31 0
648961 34 0 0
649086 34 0 0
649166 34 31 2
649170 34 44 0
649213 34 0 0
649341 34 0 0
649379 34 44 2
649387 34 43 0
649471 34 0 0
649583 34 43 2
649596 34 0 0
649715 34 32 0
649751 34 0 0
649879 34 0 0
649907 34 32 2
649979 34 33 0
650012 34 0 0
650207 34 0 0
650374 34 0 0
650555 34 0 0
650649 34 0 0
650745 34 0 0
650847 34 0 0
651017 34 33 2
651030 34 0 0
651065 34 33 0
651168 34 33 2
651176 34 27 0
651177 34 0 0
651307 34 0 0
651350 34 27 2
651411 34 0 0
651454 34 54 0
651637 34 0 0
651744 34 54 2
651756 34 28 0
651782 34 0 0
651862 34 28 2
651878 34 15 0
651895 34 0 0
652009 34 0 0
652132 34 0 0
652172 34 15 2
652180 34 56 0
652298 34 0 0
652409 34 0 0
652507 34 56 2
652509 34 0 0
652523 34 16 0
652717 34 0 0
652757 34 16 2
652845 34 0 0
652857 34 41 0
652916 34 2 0
652937 34 0 0
652939 34 41 2
652987 34 61 0
653287 34 61 2
653291 34 39 0
653495 34 39 2
653507 34 7 0
653632 34 7 2
653692 34 8 0
653782 34 8 2
653814 34 63 0
654010 34 63 2
654118 34 0 0
654206 34 0 2
654234 34 57 0
654339 34 57 2
654407 34 58 0
654618 34 58 2
654702 34 46 0
655129 34 46 2
655141 34 59 0
655516 34 59 2
655548 34 32 0
655630 34 32 2
655638 34 50 0
655867 34 50 2
655943 34 60 0
656094 34 60 2
656102 34 62 0
656290 34 62 2
656294 34 3 0
656384 34 3 2
656396 34 5 0
656538 34 5 2
656566 34 17 0
656668 34 17 2
656688 34 6 0
656818 34 6 2
656910 34 11 0
657202 34 11 2
657210 34 10 0
657212 34 56 1
657284 34 10 2
657304 34 11 0
657418 34 6 2
657507 34 56 2
657637 34 56 1
657675 34 11 2
657683 34 6 0
657781 34 6 2
657817 34 36 0
657838 34 24 2
657888 34 56 2
658092 34 36 2
658094 34 56 1
658152 34 12 0
658254 34 12 2
658262 34 0 0
658298 34 42 2
658331 34 56 2
658343 34 0 2
658467 34 15 0
658588 34 15 2
658708 34 7 0
658838 34 7 2
658854 34 0 0
659156 34 0 2
659304 34 9 0
659388 34 9 2
659420 34 8 0
659507 34 8 2
659535 34 40 0
659629 34 56 1
659785 34 40 2
659797 34 41 0
659828 34 60 2
659893 34 56 2
660089 34 41 2
660185 34 14 0
660302 34 14 2
660618 34 29 0
660780 34 29 2
660820 34 30 0
661215 34 30 2
661259 34 17 0
661351 34 17 2
661407 34 18 0
661636 34 18 2
661684 34 19 0
662478 34 19 2
662514 34 21 0
662973 34 21 2
663005 34 22 0
663153 34 22 2
663309 34 4 0
663408 34 4 2
663436 34 18 0
663730 34 18 2
663902 34 61 0
664753 34 61 2
664825 34 54 0
665054 34 54 2
665086 34 55 0
665365 34 55 2
665593 34 40 0
665704 34 40 2
665732 34 49 0
665852 34 49 2
665864 34 51 0
665964 34 51 2
665984 34 37 0
666010 34 2 0
666011 34 2 2
666088 34 37 2
666092 34 20 0
666214 34 20 2
666230 34 3 0
666575 34 3 2
666667 34 21 0
666757 34 21 2
666765 34 56 0
666951 34 56 2
666971 34 57 0
667130 34 57 2
667218 34 58 0
667414 34 58 2
667494 34 59 0
668048 34 59 2
668072 34 63 0
668537 34 63 2
668621 34 33 0
668703 34 33 2
670985 34 0 2
740247 34 56 1
740459 34 2 2
740517 34 56 2
801055 34 2 0
801056 34 2 2
802539 34 2 0
802540 34 2 2
812204 34 2 0
812205 34 2 2
828856 34 2 0
828857 34 2 2
830889 34 2 0
830890 34 2 2
832765 34 2 0
832766 34 2 2
835796 34 2 0
835797 34 2 2
851715 34 2 0
851716 34 56 1
851916 34 2 2
851973 34 56 2
857150 34 2 0
857151 34 2 2
861386 34 2 0
861387 34 56 1
861586 34 2 2
861643 34 56 2
872113 34 2 0
872114 34 2 2
874000 34 2 0
874001 34 2 2
880332 34 2 0
880333 34 2 2
894470 34 2 0
894471 34 2 2
898896 34 2 0
898897 34 56 1
899092 34 2 2
899149 34 56 2
903347 34 56 1
903543 34 2 2
903601 34 56 2
926075 34 2 0
926076 34 56 1
926271 34 2 2
926328 34 56 2
970393 34 56 1
970394 34 2 0
970591 34 2 2
970648 34 56 2
1055228 34 2 2
1058735 34 2 2
1058882 34 2 2
1059109 34 2 2
1126127 34 2 0
1126128 34 56 1
1126326 34 2 2
1126383 34 56 2
1135045 34 2 0
1135046 34 2 2
1135592 34 56 1
1135593 34 2 0
1135787 34 2 2
1135845 34 56 2
1150048 34 2 0
1150049 34 2 2
1174760 34 2 0
1174761 34 56 1
1174956 34 2 2
1175013 34 56 2
1187607 34 2 0
1187608 34 2 2
1188394 34 2 0
1188395 34 2 2
1204460 34 2 0
1204461 34 2 2
1213571 34 2 0
1213572 34 2 2
1237528 34 2 0
1237529 34 2 2
1249541 34 2 0
1249542 34 2 2
1278360 34 2 0
1278361 34 2 2
1290550 34 2 0
1290551 34 56 1
1290754 34 2 2
1290811 34 56 2
1300298 34 2 0
1300299 34 56 1
1300494 34 2 2
1300551 34 56 2
1339270 34 2 0
1339271 34 2 2
1355862 34 2 0
1355863 34 2 2
1376121 34 56 1
1376320 34 2 2
1376377 34 56 2
1388381 34 2 0
1388382 34 56 1
1388581 34 2 2
1388639 34 56 2
1399081 34 56 1
1399280 34 2 2
1399337 34 56 2
1418685 34 56 1
1418686 34 2 0
1418880 34 2 2
1418937 34 56 2
1420203 34 2 0
1420204 34 56 1
1420400 34 2 2
1420457 34 56 2
1458959 34 56 1
1459161 34 2 2
1459219 34 56 2
1482219 34 2 0
1482220 34 56 1
1482421 34 2 2
1482479 34 56 2
1502345 34 2 0
1502346 34 2 2
1519611 34 2 0
1519612 34 2 2
1521749 34 2 0
1521750 34 2 2
1522518 34 2 0
1522519 34 2 2
1528351 34 2 2
1528352 34 2 0
1558888 34 2 0
1558889 34 2 2
1559050 34 2 0
1559051 34 2 2
1580279 34 56 1
1580280 34 2 0
1580479 34 2 2
1580536 34 56 2
1589018 34 2 0
1589019 34 2 2
1594231 34 38 0
1594231 34 38 0
1597019 34 38 2
1600548 34 2 0
1600549 34 2 2
1602389 34 38 2
1602581 34 12 0
1602646 34 12 2
1603722 34 11 0
1603722 34 11 0
1603772 34 11 2
1603813 34 11 2
1603997 34 7 0
1604104 34 7 2
1604728 34 11 0
1604728 34 11 0
1604779 34 11 2
1604784 34 11 2
1605154 34 2 0
1605155 34 0 0
1605236 34 38 0
1605236 34 38 0
1605286 34 38 2
1605351 34 38 2
1605507 34 46 0
1605573 34 46 2
1605773 34 47 0
1605846 34 47 2
1608838 34 42 0
1609072 34 42 2
1609648 34 43 0
1609912 34 43 2
1610488 34 44 0
1610768 34 44 2
1611344 34 45 0
1611616 34 45 2
1612192 34 46 0
1612484 34 46 2
1613060 34 47 0
1613320 34 47 2
1613719 34 56 1
1613896 34 48 0
1613915 34 0 2
1613989 34 56 2
1614160 34 48 2
1614736 34 49 0
1614855 34 2 0
1614856 34 56 1
1615039 34 49 2
1615084 34 2 2
1615141 34 56 2
1615615 34 50 0
1615842 34 50 2
1616418 34 51 0
1616669 34 51 2
1617245 34 52 0
1617545 34 52 2
1618121 34 53 0
1618425 34 53 2
1619001 34 54 0
1619304 34 54 2
1619880 34 55 0
1620160 34 55 2
1620736 34 56 0
1621038 34 56 2
1621614 34 57 0
1621988 34 57 2
1622564 34 58 0
1622842 34 58 2
1623418 34 59 0
1623710 34 59 2
1624286 34 60 0
1624673 34 60 2
1625249 34 61 0
1625620 34 61 2
1626196 34 62 0
1626484 34 62 2
1627060 34 63 0
1627370 34 63 2
1627946 34 0 0
1627946 34 0 0
1628012 34 0 2
1628253 34 0 2
1628521 34 2 0
1628843 34 2 2
1628899 34 3 0
1629031 34 3 2
1629035 34 7 0
1629350 34 7 2
1629438 34 4 0
1629438 34 4 0
1629505 34 4 2
1629582 34 4 2
1629970 34 1 0
1630264 34 1 2
1630840 34 2 0
1631214 34 2 2
1631790 34 3 0
1632141 34 3 2
1632717 34 4 0
1632981 34 4 2
1633557 34 5 0
1633817 34 5 2
1634393 34 6 0
1634745 34 6 2
1635321 34 7 0
1635632 34 7 2
1636208 34 8 0
1636524 34 8 2
1637100 34 9 0
1637404 34 9 2
1637980 34 10 0
1638276 34 10 2
1638852 34 11 0
1638852 34 11 0
1638903 34 11 2
1639174 34 11 2
1639750 34 12 0
1640030 34 12 2
1640606 34 13 0
1640866 34 13 2
1641442 34 14 0
1641798 34 14 2
1642374 34 15 0
1642704 34 15 2
1643280 34 16 0
1643544 34 16 2
1644120 34 17 0
1644444 34 17 2
1645020 34 18 0
1645308 34 18 2
1645884 34 19 0
1646176 34 19 2
1646752 34 20 0
1647030 34 20 2
1647606 34 21 0
1647896 34 21 2
1648472 34 22 0
1648950 34 22 2
1649526 34 23 0
1649806 34 23 2
1650382 34 24 0
1650467 34 56 1
1650568 34 56 1
1650614 34 24 2
1650665 34 62 2
1650677 34 56 1
1650747 34 56 2
1650825 34 35 2
1650859 34 56 2
1650935 34 25 2
1650977 34 56 2
1651190 34 25 0
1651474 34 25 2
1651507 34 56 1
1651707 34 56 1
1651755 34 47 2
1651801 34 56 1
1651829 34 56 2
1651905 34 61 2
1651911 34 56 1
1651979 34 56 2
1652017 34 45 2
1652050 34 26 0
1652069 34 56 1
1652075 34 56 2
1652125 34 38 2
1652183 34 56 2
1652198 34 56 1
1652275 34 21 2
1652283 34 56 1
1652330 34 26 2
1652341 34 56 2
1652368 34 56 1
1652395 34 22 2
1652470 34 56 2
1652503 34 56 1
1652505 34 51 2
1652555 34 56 2
1652597 34 56 1
1652615 34 33 2
1652649 34 56 2
1652725 34 37 2
1652775 34 56 2
1652835 34 42 2
1652869 34 56 2
1652906 34 27 0
1652987 34 56 1
1653185 34 54 2
1653208 34 27 2
1653259 34 56 2
1653403 34 56 1
1653513 34 56 1
1653605 34 63 2
1653615 34 56 1
1653695 34 56 2
1653741 34 56 1
1653755 34 16 2
1653784 34 28 0
1653813 34 56 2
1653865 34 27 2
1653907 34 56 2
1653975 34 8 2
1654023 34 56 1
1654041 34 56 2
1654190 34 28 2
1654225 34 58 2
1654227 34 56 1
1654275 34 56 2
1654295 34 56 1
1654425 34 14 2
1654507 34 56 2
1654535 34 49 2
1654583 34 56 1
1654585 34 56 2
1654701 34 56 1
1654766 34 29 0
1654796 34 56 1
1654815 34 48 2
1654873 34 56 2
1654898 34 56 1
1654925 34 52 2
1654983 34 56 2
1655035 34 50 2
1655046 34 29 2
1655067 34 56 1
1655077 34 56 2
1655145 34 32 2
1655169 34 56 1
1655187 34 56 2
1655275 34 31 2
1655279 34 56 1
1655348 34 56 2
1655373 34 56 1
1655395 34 53 2
1655461 34 56 2
1655501 34 56 1
1655505 34 46 2
1655570 34 56 2
1655585 34 56 1
1655615 34 10 2
1655622 34 30 0
1655665 34 56 2
1655725 34 60 2
1655792 34 56 2
1655835 34 43 2
1655877 34 56 2
1655942 34 30 2
1656061 34 56 1
1656155 34 56 1
1656265 34 56 2
1656275 34 56 1
1656331 34 56 2
1656375 34 17 2
1656411 34 56 1
1656425 34 56 2
1656485 34 36 2
1656513 34 56 1
1656518 34 31 0
1656527 34 56 2
1656615 34 11 2
1656623 34 56 1
1656673 34 56 2
1656725 34 28 2
1656775 34 56 2
1656778 34 56 1
1656809 34 31 2
1656835 34 19 2
1656881 34 56 1
1656885 34 56 2
1656975 34 3 2
1657014 34 56 1
1657043 34 56 2
1657085 34 59 2
1657141 34 56 1
1657143 34 56 2
1657215 34 1 2
1657282 34 56 2
1657345 34 29 2
1657379 34 56 1
1657385 34 32 0
1657403 34 56 2
1657456 34 56 1
1657575 34 4 2
1657581 34 56 1
1657644 34 32 2
1657649 34 56 2
1657685 34 18 2
1657715 34 56 1
1657727 34 56 2
1657785 34 56 1
1657795 34 20 2
1657852 34 56 2
1657887 34 56 1
1657915 34 55 2
1657997 34 56 2
1658025 34 40 2
1658029 34 56 1
1658077 34 56 2
1658124 34 56 1
1658135 34 26 2
1658169 34 56 2
1658220 34 33 0
1658255 34 39 2
1658283 34 56 1
1658320 34 56 2
1658365 34 24 2
1658373 34 56 1
1658415 34 56 2
1658467 34 56 1
1658485 34 15 2
1658523 34 33 2
1658575 34 56 2
1658595 34 57 2
1658653 34 56 2
1658683 34 56 1
1658705 34 41 2
1658747 34 56 2
1658769 34 56 1
1658885 34 6 2
1658887 34 56 1
1658975 34 56 2
1658995 34 30 2
1659023 34 56 1
1659061 34 56 2
1659099 34 34 0
1659105 34 13 2
1659108 34 56 1
1659179 34 56 2
1659225 34 9 2
1659243 34 56 1
1659283 34 56 2
1659335 34 34 2
1659351 34 34 2
1659360 34 56 2
1659379 34 56 1
1659445 34 44 2
1659495 34 56 2
1659525 34 56 1
1659575 34 12 2
1659641 34 56 2
1659725 34 5 2
1659807 34 56 2
1659927 34 35 0
1660005 34 56 1
1660205 34 23 2
1660220 34 35 2
1660286 34 56 2
1660461 34 56 1
1660665 34 7 2
1660763 34 56 2
1660796 34 36 0
1661100 34 36 2
1661676 34 37 0
1661966 34 37 2
1662542 34 38 0
1662864 34 38 2
1663440 34 39 0
1663720 34 39 2
1665103 34 2 2
1668191 34 2 2
1668338 34 2 2
1668565 34 2 2
1678456 34 8 0
1678694 34 8 2
1704596 34 2 0
1704756 34 2 0
1704850 34 2 0
1704940 34 2 0
1705748 34 2 0
1705872 34 2 0
1706014 34 2 0
1706133 34 2 0
1706234 34 2 0
1706359 34 2 0
1706489 34 2 0
1706581 34 2 0
1706679 34 2 0
1706789 34 2 0
1707102 34 56 1
1707170 34 2 0
1707182 34 56 1
1707298 34 62 2
1707303 34 56 1
1707380 34 56 2
1707408 34 35 2
1707442 34 56 2
1707518 34 25 2
1707550 34 2 0
1707560 34 56 2
1707768 34 2 0
1707855 34 2 0
1708025 34 2 0
1708202 34 56 1
1708269 34 2 0
1708372 34 56 1
1708398 34 47 2
1708400 34 2 0
1708472 34 56 2
1708485 34 56 1
1708588 34 61 2
1708612 34 56 1
1708615 34 2 0
1708662 34 56 2
1708698 34 45 2
1708732 34 56 1
1708756 34 56 2
1708808 34 38 2
1708847 34 2 0
1708856 34 56 1
1708866 34 56 2
1708928 34 21 2
1708974 34 2 0
1708994 34 56 2
1709012 34 56 1
1709058 34 22 2
1709083 34 2 0
1709130 34 56 1
1709135 34 56 2
1709193 34 2 0
1709208 34 51 2
1709258 34 56 1
1709259 34 56 2
1709328 34 33 2
1709362 34 56 2
1709366 34 56 1
1709403 34 2 0
1709458 34 37 2
1709507 34 56 2
1709535 34 2 0
1709568 34 42 2
1709601 34 56 2
1709625 34 56 1
1709668 34 2 0
1709785 34 2 0
1709828 34 54 2
1709903 34 56 2
1709963 34 2 0
1710091 34 2 0
1710177 34 56 1
1710307 34 56 1
1710378 34 63 2
1710419 34 2 0
1710425 34 56 1
1710468 34 56 2
1710508 34 16 2
1710531 34 2 0
1710539 34 56 1
1710565 34 56 2
1710629 34 2 0
1710629 34 27 2
1710666 34 56 1
1710672 34 56 2
1710718 34 2 0
1710738 34 8 2
1710804 34 2 0
1710804 34 56 2
1710808 34 56 1
1710868 34 58 2
1710890 34 2 0
1710918 34 56 2
1710930 34 56 1
1711008 34 14 2
1711019 34 2 0
1711091 34 56 2
1711128 34 49 2
1711178 34 56 2
1711192 34 2 0
1711243 34 56 1
1711277 34 2 0
1711386 34 56 1
1711390 34 2 0
1711448 34 48 2
1711479 34 56 1
1711489 34 2 0
1711505 34 56 2
1711596 34 56 1
1711598 34 52 2
1711599 34 2 0
1711655 34 56 2
1711668 34 2 0
1711708 34 50 2
1711750 34 56 2
1711838 34 32 2
1711853 34 56 1
1711879 34 56 2
1712003 34 2 0
1712068 34 31 2
1712088 34 56 1
1712127 34 2 0
1712141 34 56 2
1712221 34 2 0
1712242 34 31 0
1712280 34 56 1
1712288 34 53 2
1712354 34 56 2
1712375 34 2 0
1712390 34 56 1
1712449 34 31 2
1712478 34 46 2
1712493 34 35 0
1712536 34 2 0
1712545 34 56 2
1712588 34 10 2
1712599 34 56 1
1712638 34 56 2
1712728 34 2 0
1712798 34 43 2
1712799 34 56 1
1712810 34 35 2
1712839 34 56 2
1712870 34 32 0
1712892 34 2 0
1712998 34 60 2
1712999 34 2 0
1713063 34 56 2
1713094 34 56 1
1713104 34 32 2
1713160 34 46 0
1713165 34 2 0
1713192 34 56 1
1713225 34 46 2
1713257 34 12 0
1713277 34 2 0
1713300 34 56 2
1713322 34 12 2
1713334 34 33 0
1713365 34 56 2
1713383 34 2 0
1713408 34 36 2
1713430 34 33 2
1713450 34 56 2
1713522 34 34 0
1713531 34 2 0
1713552 34 56 1
1713748 34 11 2
1713775 34 34 2
1713786 34 2 0
1713805 34 56 2
1713807 34 1 0
1713807 34 1 0
1713830 34 56 1
1713865 34 1 2
1713873 34 1 2
1713892 34 2 0
1713917 34 32 0
1713986 34 2 0
1714024 34 56 1
1714029 34 17 2
1714079 34 56 2
1714081 34 2 0
1714200 34 32 2
1714208 34 35 0
1714229 34 28 2
1714247 34 2 0
1714279 34 56 2
1714294 34 35 2
1714298 34 60 0
1714326 34 56 1
1714405 34 60 2
1714421 34 61 0
1714447 34 56 1
1714548 34 1 2
1714613 34 56 1
1714614 34 56 2
1714689 34 19 2
1714717 34 56 1
1714739 34 56 2
1714745 34 61 2
1714805 34 48 0
1714808 34 59 2
1714838 34 56 1
1714865 34 56 2
1714918 34 4 2
1714957 34 56 1
1714992 34 56 2
1715038 34 20 2
1715039 34 2 0
1715059 34 56 1
1715095 34 56 2
1715153 34 56 1
1715158 34 40 2
1715162 34 48 2
1715202 34 49 0
1715210 34 56 2
1715268 34 3 2
1715312 34 56 1
1715334 34 56 2
1715396 34 56 1
1715399 34 18 2
1715442 34 56 2
1715508 34 55 2
1715529 34 49 2
1715535 34 56 1
1715565 34 36 0
1715565 34 36 0
1715590 34 56 2
1715599 34 36 2
1715618 34 26 2
1715651 34 36 2
1715652 34 56 2
1715657 34 56 1
1715715 34 37 0
1715715 34 37 0
1715738 34 29 2
1715757 34 37 2
1715796 34 56 2
1715812 34 37 2
1715821 34 56 1
1715860 34 58 0
1715860 34 58 0
1715878 34 24 2
1715902 34 58 2
1715928 34 56 2
1716048 34 30 2
1716072 34 56 1
1716115 34 56 2
1716156 34 58 2
1716168 34 31 0
1716192 34 56 1
1716253 34 33 2
1716298 34 57 2
1716327 34 56 1
1716356 34 56 2
1716408 34 6 2
1716438 34 31 2
1716450 34 30 0
1716473 34 56 1
1716499 34 56 2
1716528 34 39 2
1716593 34 56 2
1716598 34 56 1
1716668 34 15 2
1716707 34 56 1
1716755 34 30 2
1716758 34 56 2
1716763 34 59 0
1716763 34 59 0
1716783 34 33 2
1716798 34 13 2
1716813 34 59 2
1716871 34 56 2
1716878 34 59 2
1716908 34 41 2
1716930 34 34 0
1716939 34 56 1
1716949 34 56 2
1717140 34 34 2
1717156 34 34 2
1717165 34 56 2
1717196 34 0 0
1717197 34 56 1
1717253 34 33 2
1717324 34 56 1
1717418 34 9 2
1717430 34 0 2
1717434 34 56 1
1717438 34 33 0
1717476 34 56 2
1717528 34 44 2
1717577 34 56 2
1717639 34 12 2
1717691 34 56 1
1717705 34 56 2
1717712 34 33 2
1717728 34 60 0
1717830 34 56 1
1717888 34 5 2
1717972 34 56 2
1717974 34 60 2
1717994 34 32 0
1718014 34 56 1
1718028 34 7 2
1718126 34 56 2
1718218 34 23 2
1718240 34 32 2
1718299 34 56 2
1718316 34 61 0
1718486 34 61 2
1718610 34 62 0
1719449 34 62 2
1719537 34 12 0
1719637 34 12 2
1719649 34 39 0
1720105 34 39 2
1720117 34 13 0
1720208 34 13 2
1720212 34 48 0
1720234 34 31 2
1720542 34 48 2
1720554 34 59 0
1720554 34 59 0
1720605 34 59 2
1720666 34 59 2
1720694 34 54 0
1720694 34 54 0
1720760 34 54 2
1720813 34 54 2
1720853 34 55 0
1721014 34 55 2
1721038 34 56 0
1721470 34 56 2
1721498 34 57 0
1721596 34 57 2
1721660 34 58 0
1721790 34 58 2
1721826 34 49 0
1721937 34 49 2
1721977 34 63 0
1722194 34 32 2
1722196 34 63 2
1722244 34 15 0
1722350 34 15 2
1722366 34 44 0
1722467 34 44 2
1722487 34 45 0
1722585 34 45 2
1722732 34 32 2
1722833 34 0 0
1722914 34 0 2
1723006 34 1 0
1723024 34 31 2
1723081 34 1 2
1723098 34 32 2
1723109 34 11 0
1723109 34 11 0
1723159 34 11 2
1723167 34 11 2
1723239 34 2 0
1723306 34 2 2
1723314 34 47 0
1723387 34 47 2
1723399 34 41 0
1723540 34 41 2
1723562 34 31 2
1723612 34 3 0
1723686 34 3 2
1723838 34 25 2
1723879 34 31 2
1723946 34 5 0
1724039 34 5 2
1724087 34 6 0
1724185 34 6 2
1724273 34 7 0
1724389 34 7 2
1724497 34 8 0
1724612 34 8 2
1724668 34 1 0
1724733 34 1 2
1725181 34 46 0
1725236 34 30 2
1725248 34 46 2
1725256 34 4 0
1725478 34 4 2
1725502 34 47 0
1725577 34 47 2
1725642 34 27 2
1725721 34 12 0
1725785 34 12 2
1726149 34 10 0
1726264 34 10 2
1726294 34 25 2
1726298 34 28 2
1726384 34 1 0
1726384 34 1 0
1726442 34 1 2
1726450 34 1 2
1726833 34 25 2
1726898 34 46 0
1726962 34 46 2
1726994 34 47 0
1726994 34 47 0
1727049 34 29 2
1727060 34 47 2
1727068 34 47 2
1727185 34 25 2
1727212 34 12 0
1727212 34 12 0
1727270 34 12 2
1727280 34 12 2
1727676 34 30 2
1727764 34 1 0
1727828 34 1 2
1728076 34 27 2
1728207 34 30 2
1728276 34 46 0
1728276 34 46 0
1728337 34 46 2
1728344 34 46 2
1728376 34 47 0
1728453 34 47 2
1728524 34 30 2
1728592 34 28 2
1728597 34 12 0
1728607 34 27 2
1728665 34 12 2
1728961 34 27 2
1729123 34 28 2
1729149 34 1 0
1729149 34 1 0
1729207 34 1 2
1729228 34 1 2
1729441 34 28 2
1729676 34 46 0
1729676 34 46 0
1729745 34 46 2
1729753 34 46 2
1729777 34 47 0
1729777 34 47 0
1729845 34 47 2
1729865 34 47 2
1729879 34 22 2
1730009 34 12 0
1730009 34 12 0
1730067 34 12 2
1730100 34 12 2
1730536 34 21 2
1730584 34 1 0
1730584 34 1 0
1730643 34 1 2
1730650 34 1 2
1731074 34 26 2
1731098 34 46 0
1731098 34 46 0
1731157 34 46 2
1731165 34 46 2
1731197 34 47 0
1731197 34 47 0
1731264 34 47 2
1731271 34 47 2
1731415 34 12 0
1731415 34 12 0
1731473 34 12 2
1731481 34 12 2
1731965 34 1 0
1731965 34 1 0
1732023 34 1 2
1732030 34 1 2
1732462 34 12 0
1732462 34 12 0
1732520 34 12 2
1732528 34 12 2
1732544 34 46 0
1732544 34 46 0
1732602 34 46 2
1732613 34 46 2
1732645 34 47 0
1732645 34 47 0
1732711 34 47 2
1732721 34 47 2
1732865 34 12 0
1732865 34 12 0
1732923 34 12 2
1732931 34 12 2
1733415 34 1 0
1733415 34 1 0
1733473 34 1 2
1733481 34 1 2
1733929 34 46 0
1733929 34 46 0
1733987 34 46 2
1733996 34 46 2
1734028 34 47 0
1734028 34 47 0
1734094 34 47 2
1734103 34 47 2
1734247 34 12 0
1734247 34 12 0
1734305 34 12 2
1734313 34 12 2
1734411 34 24 2
1734414 34 2 0
1734416 34 2 2
1734797 34 1 0
1734797 34 1 0
1734855 34 1 2
1734863 34 1 2
1735311 34 46 0
1735311 34 46 0
1735369 34 46 2
1735376 34 46 2
1735408 34 47 0
1735408 34 47 0
1735474 34 47 2
1735486 34 47 2
1735630 34 12 0
1735630 34 12 0
1735688 34 12 2
1735696 34 12 2
1736180 34 1 0
1736180 34 1 0
1736239 34 1 2
1736247 34 1 2
1736695 34 46 0
1736695 34 46 0
1736753 34 46 2
1736764 34 46 2
1736796 34 47 0
1736796 34 47 0
1736862 34 47 2
1736874 34 47 2
1736986 34 23 2
1737018 34 12 0
1737018 34 12 0
1737076 34 12 2
1737086 34 12 2
1737570 34 1 0
1737570 34 1 0
1737628 34 1 2
1737636 34 1 2
1737839 34 20 2
1738084 34 46 0
1738084 34 46 0
1738152 34 46 2
1738153 34 46 2
1738184 34 47 0
1738184 34 47 0
1738250 34 47 2
1738258 34 47 2
1738402 34 12 0
1738402 34 12 0
1738460 34 12 2
1738493 34 12 2
1738977 34 1 0
1738977 34 1 0
1739036 34 1 2
1739044 34 1 2
1739244 34 19 2
1739492 34 46 0
1739492 34 46 0
1739551 34 46 2
1739559 34 46 2
1739591 34 47 0
1739591 34 47 0
1739658 34 47 2
1739665 34 47 2
1739809 34 12 0
1739809 34 12 0
1739867 34 12 2
1739875 34 12 2
1740359 34 1 0
1740359 34 1 0
1740417 34 1 2
1740430 34 1 2
1740878 34 46 0
1740878 34 46 0
1740936 34 46 2
1740948 34 46 2
1740980 34 47 0
1740980 34 47 0
1741047 34 47 2
1741054 34 47 2
1741198 34 12 0
1741198 34 12 0
1741256 34 12 2
1741264 34 16 2
1741290 34 12 2
1741774 34 1 0
1741774 34 1 0
1741832 34 1 2
1741840 34 1 2
1742188 34 17 2
1742283 34 18 2
1742288 34 46 0
1742288 34 46 0
1742346 34 46 2
1742354 34 46 2
1742386 34 47 0
1742386 34 47 0
1742462 34 47 2
1742469 34 47 2
1742606 34 12 0
1742606 34 12 0
1742664 34 12 2
1742671 34 12 2
1743155 34 1 0
1743155 34 1 0
1743213 34 1 2
1743222 34 1 2
1743654 34 13 0
1743768 34 13 2
1743784 34 46 0
1743784 34 46 0
1743863 34 46 2
1743882 34 46 2
1743895 34 47 0
1743895 34 47 0
1743970 34 47 2
1743981 34 47 2
1744114 34 12 0
1744114 34 12 0
1744116 34 14 2
1744172 34 12 2
1744205 34 12 2
1744689 34 1 0
1744689 34 1 0
1744771 34 1 2
1744805 34 1 2
1745219 34 46 0
1745219 34 46 0
1745277 34 46 2
1745310 34 46 2
1745342 34 47 0
1745342 34 47 0
1745408 34 47 2
1745441 34 47 2
1745585 34 12 0
1745585 34 12 0
1745643 34 12 2
1745676 34 12 2
1746160 34 1 0
1746160 34 1 0
1746218 34 1 2
1746242 34 1 2
1746690 34 46 0
1746690 34 46 0
1746770 34 46 2
1746799 34 46 2
1746831 34 47 0
1746831 34 47 0
1746898 34 47 2
1746932 34 47 2
1747076 34 12 0
1747076 34 12 0
1747134 34 12 2
1747168 34 12 2
1747464 34 15 2
1747652 34 1 0
1747652 34 1 0
1747710 34 1 2
1747735 34 1 2
1748183 34 46 0
1748183 34 46 0
1748241 34 46 2
1748278 34 46 2
1748310 34 47 0
1748310 34 47 0
1748377 34 47 2
1748410 34 47 2
1748554 34 12 0
1748554 34 12 0
1748612 34 12 2
1748645 34 12 2
1749129 34 1 0
1749129 34 1 0
1749187 34 1 2
1749212 34 1 2
1749466 34 11 2
1749660 34 46 0
1749660 34 46 0
1749725 34 46 2
1749752 34 46 2
1749784 34 47 0
1749784 34 47 0
1749850 34 47 2
1749886 34 47 2
1750030 34 12 0
1750030 34 12 0
1750088 34 12 2
1750120 34 12 2
1750186 34 10 2
1750303 34 13 2
1750604 34 1 0
1750604 34 1 0
1750662 34 1 2
1750686 34 1 2
1751057 34 12 2
1751134 34 46 0
1751134 34 46 0
1751169 34 2 0
1751170 34 2 2
1751194 34 46 2
1751226 34 46 2
1751258 34 47 0
1751258 34 47 0
1751324 34 47 2
1751359 34 47 2
1751503 34 12 0
1751503 34 12 0
1751561 34 12 2
1751605 34 12 2
1752089 34 1 0
1752089 34 1 0
1752157 34 1 2
1752227 34 1 2
1752675 34 46 0
1752675 34 46 0
1752735 34 46 2
1752766 34 46 2
1752798 34 47 0
1752798 34 47 0
1752864 34 47 2
1752896 34 47 2
1753040 34 12 0
1753040 34 12 0
1753099 34 12 2
1753162 34 12 2
1753343 34 8 2
1753646 34 1 0
1753646 34 1 0
1753724 34 1 2
1753779 34 1 2
1754227 34 46 0
1754227 34 46 0
1754285 34 46 2
1754294 34 2 0
1754295 34 2 2
1754318 34 46 2
1754350 34 47 0
1754350 34 47 0
1754416 34 47 2
1754460 34 47 2
1754604 34 12 0
1754604 34 12 0
1754662 34 12 2
1754725 34 12 2
1755209 34 1 0
1755209 34 1 0
1755287 34 1 2
1755343 34 1 2
1755775 34 14 0
1755890 34 14 2
1755906 34 46 0
1755906 34 46 0
1755966 34 46 2
1755999 34 46 2
1756031 34 47 0
1756031 34 47 0
1756097 34 47 2
1756133 34 47 2
1756277 34 12 0
1756277 34 12 0
1756338 34 12 2
1756400 34 12 2
1756660 34 9 2
1756884 34 1 0
1756884 34 1 0
1756962 34 1 2
1757017 34 1 2
1757465 34 46 0
1757465 34 46 0
1757523 34 46 2
1757556 34 46 2
1757588 34 47 0
1757588 34 47 0
1757654 34 47 2
1757699 34 47 2
1757843 34 12 0
1757843 34 12 0
1757901 34 12 2
1757964 34 12 2
1758448 34 1 0
1758448 34 1 0
1758526 34 1 2
1758581 34 1 2
1759029 34 46 0
1759029 34 46 0
1759087 34 46 2
1759121 34 46 2
1759153 34 47 0
1759153 34 47 0
1759222 34 47 2
1759263 34 47 2
1759407 34 12 0
1759407 34 12 0
1759465 34 12 2
1759531 34 12 2
1760015 34 1 0
1760015 34 1 0
1760093 34 1 2
1760158 34 1 2
1760450 34 0 2
1760583 34 7 2
1760606 34 46 0
1760606 34 46 0
1760664 34 46 2
1760694 34 6 2
1760697 34 46 2
1760729 34 47 0
1760729 34 47 0
1760796 34 47 2
1760798 34 4 2
1760831 34 47 2
1760975 34 12 0
1760975 34 12 0
1761035 34 12 2
1761098 34 12 2
1761582 34 1 0
1761582 34 1 0
1761670 34 1 2
1761724 34 1 2
1762172 34 46 0
1762172 34 46 0
1762230 34 46 2
1762263 34 46 2
1762295 34 47 0
1762295 34 47 0
1762361 34 47 2
1762404 34 47 2
1762435 34 5 2
1762534 34 3 2
1762548 34 12 0
1762548 34 12 0
1762606 34 12 2
1762669 34 12 2
1763153 34 1 0
1763153 34 1 0
1763232 34 1 2
1763287 34 1 2
1763735 34 46 0
1763735 34 46 0
1763793 34 46 2
1763827 34 46 2
1763859 34 47 0
1763859 34 47 0
1763925 34 47 2
1763970 34 47 2
1764114 34 12 0
1764114 34 12 0
1764172 34 12 2
1764236 34 12 2
1764720 34 1 0
1764720 34 1 0
1764798 34 1 2
1764853 34 1 2
1765301 34 46 0
1765301 34 46 0
1765359 34 46 2
1765393 34 46 2
1765425 34 47 0
1765425 34 47 0
1765437 34 2 0
1765438 34 2 2
1765491 34 47 2
1765534 34 47 2
1765678 34 12 0
1765678 34 12 0
1765736 34 12 2
1765771 34 12 2
1766255 34 1 0
1766255 34 1 0
1766343 34 1 2
1766351 34 1 2
1766768 34 62 2
1766799 34 46 0
1766799 34 46 0
1766857 34 46 2
1766938 34 46 2
1766970 34 47 0
1766970 34 47 0
1767036 34 47 2
1767050 34 47 2
1767194 34 12 0
1767194 34 12 0
1767238 34 1 2
1767252 34 12 2
1767259 34 12 2
1767647 34 1 0
1767647 34 1 0
1767705 34 1 2
1767713 34 1 2
1768145 34 7 0
1768242 34 7 2
1768258 34 46 0
1768258 34 46 0
1768316 34 46 2
1768365 34 46 2
1768395 34 63 2
1768397 34 47 0
1768397 34 47 0
1768463 34 47 2
1768511 34 47 2
1768527 34 61 2
1768655 34 12 0
1768655 34 12 0
1768713 34 12 2
1768738 34 12 2
1769222 34 1 0
1769222 34 1 0
1769280 34 1 2
1769288 34 1 2
1769736 34 46 0
1769736 34 46 0
1769794 34 46 2
1769801 34 46 2
1769833 34 47 0
1769833 34 47 0
1769899 34 47 2
1769906 34 47 2
1770050 34 12 0
1770050 34 12 0
1770108 34 12 2
1770116 34 12 2
1770600 34 1 0
1770600 34 1 0
1770659 34 1 2
1770665 34 1 2
1771113 34 46 0
1771113 34 46 0
1771171 34 46 2
1771179 34 46 2
1771211 34 47 0
1771211 34 47 0
1771277 34 47 2
1771285 34 47 2
1771429 34 5 0
1771521 34 5 2
1771529 34 61 0
1771529 34 61 0
1771595 34 61 2
1771603 34 61 2
1771611 34 29 0
1771864 34 29 2
1771880 34 62 0
1771880 34 62 0
1771954 34 62 2
1771962 34 62 2
1772238 34 63 0
1772238 34 63 0
1772324 34 63 2
1772373 34 63 2
1772797 34 12 0
1772797 34 12 0
1772857 34 12 2
1772900 34 12 2
1773340 34 11 0
1773431 34 11 2
1773643 34 1 0
1773643 34 1 0
1773701 34 1 2
1773726 34 1 2
1774174 34 46 0
1774174 34 46 0
1774233 34 46 2
1774266 34 46 2
1774298 34 47 0
1774298 34 47 0
1774364 34 47 2
1774409 34 47 2
1774465 34 60 2
1774553 34 12 0
1774553 34 12 0
1774611 34 12 2
1774674 34 12 2
1775158 34 1 0
1775158 34 1 0
1775207 34 25 2
1775236 34 1 2
1775291 34 1 2
1775739 34 46 0
1775739 34 46 0
1775799 34 46 2
1775832 34 46 2
1775864 34 47 0
1775864 34 47 0
1775930 34 47 2
1775973 34 47 2
1776087 34 58 2
1776117 34 12 0
1776117 34 12 0
1776175 34 12 2
1776239 34 12 2
1776723 34 1 0
1776723 34 1 0
1776791 34 1 2
1776856 34 1 2
1777116 34 59 2
1777304 34 46 0
1777304 34 46 0
1777363 34 46 2
1777396 34 46 2
1777428 34 47 0
1777428 34 47 0
1777494 34 47 2
1777528 34 47 2
1777672 34 12 0
1777672 34 12 0
1777730 34 12 2
1777793 34 12 2
1778277 34 1 0
1778277 34 1 0
1778356 34 1 2
1778410 34 1 2
1778858 34 46 0
1778858 34 46 0
1778920 34 46 2
1778953 34 46 2
1778985 34 47 0
1778985 34 47 0
1779052 34 47 2
1779095 34 47 2
1779239 34 12 0
1779360 34 12 2
1779708 34 54 2
1779844 34 1 0
1779844 34 1 0
1779913 34 1 2
1779976 34 1 2
1780424 34 46 0
1780424 34 46 0
1780482 34 46 2
1780515 34 46 2
1780547 34 47 0
1780547 34 47 0
1780613 34 47 2
1780656 34 47 2
1780800 34 12 0
1780800 34 12 0
1780858 34 12 2
1780921 34 12 2
1781405 34 1 0
1781405 34 1 0
1781483 34 1 2
1781538 34 1 2
1781970 34 8 0
1781970 34 8 0
1782028 34 8 2
1782084 34 8 2
1782100 34 46 0
1782100 34 46 0
1782158 34 46 2
1782191 34 46 2
1782223 34 47 0
1782223 34 47 0
1782290 34 47 2
1782323 34 47 2
1782467 34 12 0
1782467 34 12 0
1782528 34 12 2
1782587 34 12 2
1782629 34 56 2
1782745 34 57 2
1782853 34 51 2
1783071 34 1 0
1783071 34 1 0
1783139 34 1 2
1783204 34 1 2
1783212 34 55 2
1783332 34 53 2
1783431 34 52 2
1783652 34 46 0
1783652 34 46 0
1783710 34 46 2
1783743 34 46 2
1783775 34 47 0
1783775 34 47 0
1783841 34 47 2
1783877 34 47 2
1784021 34 12 0
1784021 34 12 0
1784079 34 12 2
1784142 34 12 2
1784626 34 1 0
1784626 34 1 0
1784704 34 1 2
1784758 34 1 2
1785206 34 46 0
1785206 34 46 0
1785264 34 46 2
1785306 34 46 2
1785338 34 47 0
1785338 34 47 0
1785404 34 47 2
1785447 34 47 2
1785591 34 12 0
1785591 34 12 0
1785650 34 12 2
1785710 34 12 2
1786194 34 1 0
1786194 34 1 0
1786327 34 1 2
1786352 34 1 2
1786775 34 46 0
1786775 34 46 0
1786844 34 46 2
1786866 34 46 2
1786898 34 47 0
1786898 34 47 0
1786974 34 47 2
1787007 34 47 2
1787027 34 50 2
1787151 34 12 0
1787151 34 12 0
1787210 34 12 2
1787273 34 12 2
1787757 34 1 0
1787757 34 1 0
1787836 34 1 2
1787892 34 1 2
1788340 34 46 0
1788340 34 46 0
1788399 34 46 2
1788432 34 46 2
1788464 34 47 0
1788464 34 47 0
1788530 34 47 2
1788564 34 47 2
1788708 34 12 0
1788708 34 12 0
1788767 34 12 2
1788828 34 12 2
1789036 34 47 2
1789312 34 1 0
1789312 34 1 0
1789390 34 1 2
1789445 34 1 2
1789457 34 49 2
1789893 34 46 0
1789893 34 46 0
1789951 34 46 2
1789984 34 46 2
1790016 34 47 0
1790016 34 47 0
1790083 34 47 2
1790127 34 47 2
1790271 34 12 0
1790271 34 12 0
1790329 34 12 2
1790392 34 12 2
1790876 34 1 0
1790876 34 1 0
1790956 34 1 2
1791011 34 1 2
1791459 34 46 0
1791459 34 46 0
1791517 34 46 2
1791550 34 46 2
1791582 34 47 0
1791582 34 47 0
1791648 34 47 2
1791692 34 47 2
1791765 34 48 2
1791836 34 12 0
1791836 34 12 0
1791876 34 46 2
1791898 34 12 2
1791956 34 12 2
1791979 34 45 2
1792440 34 1 0
1792440 34 1 0
1792519 34 1 2
1792574 34 1 2
1793022 34 46 0
1793022 34 46 0
1793080 34 46 2
1793112 34 46 2
1793144 34 47 0
1793144 34 47 0
1793211 34 47 2
1793254 34 47 2
1793398 34 12 0
1793398 34 12 0
1793456 34 12 2
1793521 34 12 2
1793885 34 42 2
1794005 34 1 0
1794005 34 1 0
1794074 34 1 2
1794137 34 1 2
1794569 34 9 0
1794661 34 9 2
1794677 34 46 0
1794677 34 46 0
1794735 34 46 2
1794780 34 46 2
1794812 34 47 0
1794812 34 47 0
1794878 34 47 2
1794911 34 47 2
1795055 34 12 0
1795055 34 12 0
1795114 34 12 2
1795177 34 12 2
1795661 34 1 0
1795661 34 1 0
1795794 34 1 2
1795799 34 1 2
1796242 34 46 0
1796242 34 46 0
1796334 34 46 2
1796335 34 46 2
1796366 34 47 0
1796366 34 47 0
1796452 34 47 2
1796475 34 47 2
1796619 34 12 0
1796619 34 12 0
1796698 34 12 2
1796741 34 12 2
1797225 34 1 0
1797225 34 1 0
1797303 34 1 2
1797358 34 1 2
1797806 34 46 0
1797806 34 46 0
1797865 34 46 2
1797899 34 46 2
1797931 34 47 0
1797931 34 47 0
1798000 34 47 2
1798035 34 47 2
1798068 34 43 2
1798166 34 44 2
1798179 34 12 0
1798179 34 12 0
1798237 34 12 2
1798300 34 12 2
1798784 34 1 0
1798784 34 1 0
1798862 34 1 2
1798917 34 1 2
1799365 34 46 0
1799365 34 46 0
1799423 34 46 2
1799457 34 46 2
1799489 34 47 0
1799489 34 47 0
1799555 34 47 2
1799598 34 47 2
1799742 34 12 0
1799742 34 12 0
1799800 34 12 2
1799863 34 12 2
1800347 34 1 0
1800347 34 1 0
1800425 34 1 2
1800480 34 1 2
1800928 34 46 0
1800928 34 46 0
1800986 34 46 2
1801023 34 46 2
1801055 34 47 0
1801055 34 47 0
1801121 34 47 2
1801154 34 47 2
1801298 34 12 0
1801298 34 12 0
1801358 34 12 2
1801430 34 12 2
1801914 34 1 0
1801914 34 1 0
1801982 34 1 2
1802037 34 1 2
1802485 34 46 0
1802485 34 46 0
1802543 34 46 2
1802575 34 46 2
1802607 34 47 0
1802607 34 47 0
1802674 34 47 2
1802718 34 47 2
1802862 34 12 0
1802862 34 12 0
1802920 34 12 2
1802993 34 12 2
1803477 34 1 0
1803477 34 1 0
1803545 34 1 2
1803602 34 1 2
1804050 34 46 0
1804050 34 46 0
1804108 34 46 2
1804141 34 46 2
1804173 34 47 0
1804173 34 47 0
1804239 34 47 2
1804286 34 47 2
1804430 34 12 0
1804430 34 12 0
1804488 34 12 2
1804555 34 12 2
1804891 34 40 2
1804988 34 41 2
1805039 34 1 0
1805039 34 1 0
1805107 34 1 2
1805163 34 1 2
1805611 34 46 0
1805611 34 46 0
1805625 34 21 2
1805673 34 46 2
1805720 34 46 2
1805752 34 47 0
1805752 34 47 0
1805802 34 22 2
1805818 34 47 2
1805851 34 47 2
1805995 34 12 0
1805995 34 12 0
1806053 34 12 2
1806106 34 12 2
1806590 34 1 0
1806590 34 1 0
1806669 34 1 2
1806725 34 1 2
1807157 34 10 0
1807215 34 10 2
1807231 34 46 0
1807231 34 46 0
1807289 34 46 2
1807321 34 46 2
1807353 34 47 0
1807353 34 47 0
1807420 34 47 2
1807451 34 47 2
1807595 34 12 0
1807595 34 12 0
1807655 34 12 2
1807688 34 12 2
1808172 34 1 0
1808285 34 1 2
1808733 34 46 0
1808733 34 46 0
1808791 34 46 2
1808824 34 46 2
1808856 34 47 0
1808856 34 47 0
1808922 34 47 2
1808965 34 47 2
1809109 34 12 0
1809109 34 12 0
1809112 34 25 2
1809167 34 12 2
1809242 34 12 2
1809374 34 1 0
1809509 34 1 2
1809861 34 1 0
1809953 34 1 2
1810012 34 25 2
1810401 34 46 0
1810401 34 46 0
1810459 34 46 2
1810492 34 46 2
1810524 34 47 0
1810524 34 47 0
1810590 34 47 2
1810633 34 47 2
1810777 34 12 0
1810777 34 12 0
1810836 34 12 2
1810901 34 12 2
1811385 34 1 0
1811385 34 1 0
1811453 34 1 2
1811518 34 1 2
1811966 34 46 0
1811966 34 46 0
1812027 34 46 2
1812060 34 46 2
1812092 34 47 0
1812092 34 47 0
1812158 34 47 2
1812191 34 47 2
1812335 34 12 0
1812335 34 12 0
1812393 34 12 2
1812456 34 12 2
1812940 34 1 0
1812940 34 1 0
1813018 34 1 2
1813074 34 1 2
1813392 34 27 2
1813522 34 46 0
1813522 34 46 0
1813580 34 46 2
1813613 34 46 2
1813645 34 47 0
1813645 34 47 0
1813711 34 47 2
1813754 34 47 2
1813898 34 12 0
1813898 34 12 0
1813956 34 12 2
1814019 34 12 2
1814247 34 26 2
1814503 34 1 0
1814638 34 1 2
1814665 34 28 2
1814910 34 2 0
1814911 34 2 2
1815086 34 46 0
1815086 34 46 0
1815144 34 46 2
1815152 34 46 2
1815184 34 47 0
1815184 34 47 0
1815250 34 47 2
1815258 34 47 2
1815402 34 12 0
1815402 34 12 0
1815460 34 12 2
1815467 34 12 2
1815951 34 1 0
1816017 34 1 2
1816122 34 29 2
1816465 34 46 0
1816465 34 46 0
1816523 34 46 2
1816531 34 46 2
1816563 34 47 0
1816563 34 47 0
1816629 34 47 2
1816637 34 47 2
1816781 34 12 0
1816781 34 12 0
1816839 34 12 2
1816847 34 12 2
1817331 34 1 0
1817396 34 1 2
1817458 34 30 2
1817568 34 31 2
1817576 34 1 0
1817740 34 1 2
1817978 34 31 2
1818008 34 46 0
1818008 34 46 0
1818066 34 46 2
1818074 34 46 2
1818106 34 47 0
1818106 34 47 0
1818128 34 31 2
1818172 34 47 2
1818180 34 47 2
1818324 34 12 0
1818324 34 12 0
1818382 34 12 2
1818390 34 12 2
1818522 34 1 0
1818636 34 1 2
1818988 34 1 0
1819070 34 1 2
1819518 34 46 0
1819518 34 46 0
1819576 34 46 2
1819584 34 46 2
1819616 34 47 0
1819616 34 47 0
1819682 34 47 2
1819689 34 47 2
1819833 34 12 0
1819833 34 12 0
1819891 34 12 2
1819899 34 12 2
1820383 34 1 0
1820478 34 1 2
1820926 34 46 0
1820926 34 46 0
1820984 34 46 2
1820992 34 46 2
1821024 34 47 0
1821024 34 47 0
1821090 34 47 2
1821098 34 47 2
1821242 34 12 0
1821242 34 12 0
1821300 34 12 2
1821308 34 12 2
1821784 34 9 0
1821858 34 9 2
1821982 34 55 0
1822072 34 55 2
1822076 34 1 0
1822170 34 1 2
1822194 34 56 0
1822276 34 56 2
1822296 34 45 0
1822394 34 45 2
1822450 34 46 0
1822525 34 46 2
1822601 34 63 0
1822850 34 63 2
1822858 34 47 0
1822940 34 47 2
1823044 34 62 0
1823044 34 62 0
1823122 34 62 2
1823124 34 62 2
1823420 34 3 0
1830887 34 3 2
1830895 34 19 0
1830946 34 16 2
1830977 34 19 2
1830981 34 3 0
1833450 34 2 0
1833451 34 2 2
1833611 34 3 2
1884194 34 2 2
1885631 34 2 2
1888519 34 2 2
1940455 34 2 0
1940456 34 2 2
1946278 34 2 0
1946279 34 2 2
1961122 34 2 2
1961123 34 2 0
1979531 34 2 0
1979532 34 2 2
2000139 34 2 0
2000140 34 2 2
2008684 34 2 2
2008685 34 2 0
2062669 34 2 0
2062670 34 56 1
2062865 34 2 2
2062923 34 56 2
2085989 34 2 0
2085990 34 56 1
2086185 34 2 2
2086243 34 56 2
2122255 34 2 0
2122256 34 56 1
2122454 34 2 2
2122511 34 56 2
2157461 34 56 1
2157462 34 2 0
2157664 34 2 2
2157721 34 56 2
2167465 34 2 0
2167466 34 2 2
2167879 34 2 0
2167880 34 56 1
2168074 34 2 2
2168131 34 56 2
2448166 34 2 0
2448167 34 56 1
2448370 34 2 2
2448427 34 56 2
2570081 34 1 0
2570081 34 1 0
2570146 34 1 2
2571627 34 1 2
2572023 34 36 0
2572023 34 36 0
2572384 34 36 2
2572428 34 37 0
2572428 34 37 0
2572500 34 37 2
2572527 34 37 2
2572635 34 59 0
2572635 34 59 0
2572685 34 59 2
2572692 34 59 2
2572716 34 8 0
2572716 34 8 0
2572774 34 8 2
2572872 34 8 2
2572920 34 0 0
2572920 34 0 0
2572986 34 0 2
2573063 34 0 2
2573067 34 36 2
2573151 34 36 0
2573151 34 36 0
2573185 34 36 2
2573812 34 36 2
2573844 34 38 0
2573844 34 38 0
2573954 34 38 2
2574060 34 38 2
2574220 34 54 0
2574220 34 54 0
2574286 34 54 2
2574355 34 54 2
2574415 34 37 0
2574415 34 37 0
2574457 34 37 2
2574788 34 37 2
2575776 34 47 0
2575776 34 47 0
2575842 34 47 2
2575858 34 47 2
2575882 34 11 0
2575882 34 11 0
2575932 34 11 2
2575951 34 11 2
2576079 34 1 0
2576153 34 1 2
2576677 34 14 0
2576799 34 14 2
2576811 34 15 0
2576811 34 15 0
2576894 34 15 2
2576911 34 15 2
2576999 34 38 0
2576999 34 38 0
2577049 34 38 2
2577214 34 38 2
2577358 34 11 0
2577358 34 11 0
2577408 34 11 2
2577416 34 11 2
2577428 34 46 0
2577428 34 46 0
2577486 34 46 2
2577501 34 46 2
2577545 34 12 0
2577545 34 12 0
2577603 34 12 2
2577611 34 12 2
2577619 34 0 0
2577619 34 0 0
2577685 34 0 2
2577702 34 0 2
2577850 34 47 0
2577850 34 47 0
2577916 34 47 2
2577924 34 47 2
2577940 34 12 0
2578018 34 12 2
2578054 34 47 0
2578134 34 47 2
2578882 34 54 0
2578882 34 54 0
2578948 34 54 2
2578975 34 54 2
2579623 34 58 0
2579623 34 58 0
2579665 34 58 2
2579690 34 58 2
2579749 34 33 2
2579770 34 59 0
2579770 34 59 0
2579820 34 59 2
2579841 34 59 2
2579901 34 38 0
2579901 34 38 0
2579951 34 38 2
2579959 34 38 2
2580277 34 33 2
2580408 34 33 2
2581526 34 32 2
2582072 34 32 2
2582074 34 31 2
2582261 34 0 2
2583603 34 31 2
2583745 34 31 2
2775012 34 2 0
2775013 34 56 1
2775217 34 2 2
2775275 34 56 2
2798342 34 2 0
2798343 34 56 1
2798547 34 2 2
2798605 34 56 2
3241150 34 2 0
3241151 34 2 2
3547339 34 38 0
3547339 34 38 0
3548951 34 38 2
3550659 34 38 2
3551891 34 11 0
3551891 34 11 0
3551941 34 11 2
3551958 34 11 2
3552142 34 7 0
3552264 34 7 2
3552832 34 38 0
3552832 34 38 0
3552882 34 38 2
3556497 34 38 2
3556641 34 11 0
3556641 34 11 0
3556691 34 11 2
3556699 34 11 2
3558499 34 38 0
3558499 34 38 0
3558549 34 38 2
3558557 34 38 2
4523891 34 38 0
4523891 34 38 0
4525203 34 38 2
4525792 34 38 2
4527024 34 11 0
4527024 34 11 0
4527074 34 11 2
4527141 34 11 2
4527893 34 38 0
4527893 34 38 0
4527943 34 38 2
4529239 34 0 2
4529688 34 38 2
4529832 34 11 0
4529832 34 11 0
4529882 34 11 2
4529890 34 11 2
4530030 34 7 0
4530515 34 7 2
4532175 34 38 0
4532175 34 38 0
4532225 34 38 2
4532233 34 38 2
4877903 34 2 0
4877904 34 56 1
4878102 34 2 2
4878159 34 56 2
5197989 34 2 0
5197990 34 2 2
5415963 34 2 0
5415964 34 56 1
5416166 34 2 2
5416224 34 56 2
5439333 34 2 0
5439334 34 56 1
5439536 34 2 2
5439594 34 56 2
5470524 34 2 0
5470525 34 2 2
5500476 34 38 0
5500476 34 38 0
5501559 34 38 2
5506469 34 38 2
5507701 34 11 0
5507701 34 11 0
5507751 34 11 2
5507768 34 11 2
5508520 34 38 0
5508520 34 38 0
5508570 34 38 2
5508915 34 38 2
5509059 34 11 0
5509059 34 11 0
5509109 34 11 2
5509117 34 11 2
5510917 34 38 0
5510917 34 38 0
5510967 34 38 2
5510975 34 38 2
6256137 34 2 0
6256138 34 56 1
6256342 34 2 2
6256400 34 56 2
6279637 34 2 0
6279638 34 56 1
6279842 34 2 2
6279900 34 56 2
6433559 34 2 2
6433560 34 2 0
6477062 34 38 0
6477062 34 38 0
6477587 34 38 2
6482395 34 0 2
6483857 34 38 2
6485089 34 11 0
6485089 34 11 0
6485139 34 11 2
6485156 34 11 2
6485340 34 7 0
6487430 34 7 2
6487998 34 38 0
6487998 34 38 0
6488048 34 38 2
6488133 34 38 2
6488277 34 11 0
6488277 34 11 0
6488327 34 11 2
6488335 34 11 2
6490135 34 38 0
6490135 34 38 0
6490186 34 38 2
6490191 34 38 2
