0 33 51 0
2978 33 51 2
2982 33 22 0
3398 33 22 2
3410 33 1 0
3994 33 1 2
4014 33 24 0
4098 33 24 2
22717 33 7 1
22958 33 2 2
23023 33 7 2
31455 33 7 1
31698 33 2 2
31763 33 7 2
51555 33 7 1
51798 33 2 2
51863 33 7 2
68485 33 7 1
68728 33 0 2
68793 33 7 2
76431 33 7 1
76668 33 2 2
76733 33 7 2
83173 33 7 1
83408 33 0 2
83473 33 7 2
87193 33 7 1
87428 33 0 2
87493 33 7 2
129565 33 7 1
129802 33 2 2
129867 33 7 2
136131 33 2 0
136132 33 7 1
136373 33 2 2
136439 33 7 2
150041 33 7 1
150282 33 2 2
150347 33 7 2
194543 33 2 0
194544 33 7 1
194782 33 2 2
194847 33 7 2
199713 33 7 1
199952 33 2 2
200017 33 7 2
203491 33 7 1
203732 33 2 2
203797 33 7 2
211793 33 2 0
211794 33 7 1
212142 33 2 2
212207 33 7 2
313023 33 7 1
313262 33 2 2
313327 33 7 2
331379 33 2 0
331380 33 7 1
331622 33 2 2
331687 33 7 2
332673 33 7 1
332912 33 2 2
332977 33 7 2
361939 33 2 0
361940 33 2 2
368173 33 7 1
368412 33 2 2
368477 33 7 2
400753 33 7 1
400992 33 2 2
401057 33 7 2
409233 33 2 0
409234 33 2 2
413172 33 2 0
413173 33 7 1
413412 33 2 2
413477 33 7 2
427733 33 2 0
427734 33 7 1
427972 33 2 2
428037 33 7 2
430071 33 7 1
430312 33 2 2
430377 33 7 2
471605 33 2 0
471606 33 2 2
485753 33 7 1
485992 33 2 2
486057 33 7 2
501961 33 2 0
501962 33 2 2
502507 33 2 0
502508 33 0 0
550642 33 2 0
550643 33 2 2
556895 33 2 0
556896 33 2 2
571412 33 2 0
571413 33 2 2
574007 33 2 0
574008 33 2 2
579077 33 2 0
579078 33 2 2
596043 33 2 2
596044 33 2 0
599900 33 2 0
599901 33 2 2
601863 33 2 2
601864 33 2 0
605816 33 2 0
605817 33 2 2
616455 33 4 0
617609 33 4 2
617661 33 44 0
618131 33 2 0
618225 33 2 0
618326 33 2 0
618435 33 2 0
618518 33 2 0
618606 33 44 2
618614 33 2 0
618618 33 5 0
618698 33 2 0
618716 33 5 2
618728 33 45 0
618799 33 2 0
618920 33 2 0
619015 33 45 2
619038 33 2 0
619083 33 24 0
619137 33 2 0
619250 33 2 0
619334 33 2 0
619336 33 24 2
619368 33 25 0
619443 33 25 2
619446 33 2 0
619451 33 26 0
619522 33 2 0
619541 33 26 2
619581 33 27 0
619601 33 0 0
619602 33 2 0
619675 33 27 2
619695 33 33 0
619704 33 2 0
619768 33 33 2
619788 33 35 0
619867 33 2 0
619870 33 35 2
619878 33 41 0
619999 33 2 0
620121 33 2 0
620199 33 2 0
620264 33 41 2
620280 33 42 0
620310 33 2 0
620415 33 2 0
620498 33 2 0
620589 33 42 2
620603 33 2 0
620621 33 1 0
620693 33 2 0
620697 33 1 2
620733 33 36 0
620900 33 2 0
620912 33 36 2
620924 33 43 0
621042 33 2 0
621143 33 2 0
621260 33 2 0
621304 33 43 2
621320 33 17 0
621360 33 17 2
621371 33 2 0
621452 33 27 0
621493 33 2 0
621516 33 2 0
621536 33 27 2
621540 33 37 0
621576 33 2 0
621638 33 37 2
621643 33 2 0
621650 33 17 0
621669 33 2 0
621727 33 17 2
621735 33 15 0
621760 33 2 0
621797 33 2 0
621893 33 2 0
621896 33 2 0
621900 33 15 2
621940 33 16 0
622019 33 2 0
622037 33 16 2
622039 33 2 0
622077 33 18 0
622113 33 2 0
622167 33 18 2
622188 33 2 0
622191 33 61 0
622214 33 2 0
622302 33 2 0
622366 33 61 2
622378 33 54 0
622386 33 2 0
622456 33 2 0
622508 33 2 0
622576 33 2 0
622600 33 54 2
622620 33 11 0
622660 33 2 0
622728 33 2 0
622791 33 2 0
622875 33 2 0
622884 33 11 2
622892 33 19 0
622920 33 2 0
622983 33 2 0
623017 33 2 0
623053 33 19 2
623057 33 35 0
623113 33 2 0
623146 33 2 0
623229 33 2 0
623281 33 2 0
623340 33 2 0
623362 33 35 2
623378 33 53 0
623394 33 2 0
623460 33 2 0
623511 33 2 0
623545 33 2 0
623586 33 53 2
623626 33 33 0
623635 33 2 0
623700 33 33 2
623712 33 36 0
623714 33 2 0
623797 33 2 0
623798 33 2 2
623805 33 2 0
623840 33 36 2
623846 33 2 0
623860 33 40 0
623929 33 2 0
623929 33 2 0
624065 33 2 0
624071 33 2 0
624133 33 40 2
624157 33 37 0
624205 33 2 0
624251 33 2 0
624326 33 37 2
624332 33 2 0
624372 33 2 0
624430 33 38 0
624442 33 2 0
624501 33 2 0
624568 33 2 0
624641 33 2 0
624693 33 2 0
624721 33 38 2
624725 33 58 0
624742 33 2 0
624814 33 2 0
624824 33 2 0
624920 33 2 0
624958 33 58 2
624982 33 8 0
624985 33 2 0
625013 33 2 0
625063 33 8 2
625071 33 29 0
625121 33 2 0
625159 33 2 0
625245 33 2 0
625309 33 29 2
625349 33 0 0
625422 33 0 2
625434 33 38 0
625439 33 2 0
625578 33 2 0
625704 33 2 0
625798 33 38 2
625814 33 39 0
625823 33 2 0
625937 33 2 0
625964 33 7 1
626071 33 2 0
626199 33 6 2
626226 33 2 0
626235 33 39 2
626239 33 39 0
626296 33 7 2
626355 33 2 0
626491 33 2 0
626604 33 39 2
626614 33 2 0
626660 33 36 0
626725 33 2 0
626761 33 36 2
626793 33 38 0
626860 33 2 0
626937 33 38 2
626953 33 51 0
626980 33 2 0
627088 33 51 2
627143 33 2 0
627144 33 31 0
627275 33 2 0
627393 33 2 0
627430 33 31 2
627438 33 52 0
627561 33 2 0
627675 33 2 0
627696 33 7 1
627772 33 52 2
627808 33 39 0
627810 33 2 0
627939 33 35 2
627944 33 2 0
627980 33 7 2
628061 33 2 0
628092 33 39 2
628112 33 53 0
628197 33 2 0
628297 33 2 0
628421 33 2 0
628455 33 7 1
628599 33 2 0
628689 33 8 2
628694 33 53 2
628718 33 54 0
628746 33 7 2
628749 33 2 0
628902 33 2 0
629045 33 2 0
629167 33 2 0
629291 33 2 0
629443 33 2 0
629579 33 2 0
629599 33 54 2
629615 33 11 0
629676 33 2 0
629794 33 2 0
629916 33 11 2
629928 33 56 0
630030 33 7 1
630126 33 56 2
630130 33 12 0
630269 33 17 2
630310 33 7 2
630408 33 12 2
630416 33 57 0
630577 33 57 2
630581 33 2 0
630882 33 2 2
630934 33 37 0
631044 33 7 1
631100 33 37 2
631116 33 40 0
631173 33 7 1
631279 33 60 2
631303 33 40 2
631352 33 7 2
631359 33 58 0
631409 33 53 2
631482 33 7 2
631492 33 58 2
631552 33 35 0
631665 33 35 2
631669 33 50 0
632228 33 7 1
632457 33 50 2
632469 33 42 2
632477 33 62 0
632509 33 7 2
633124 33 62 2
633152 33 38 0
633471 33 38 2
633543 33 63 0
633734 33 63 2
633774 33 12 0
633832 33 7 1
634070 33 24 2
634071 33 12 2
634095 33 2 0
634111 33 7 2
634176 33 2 2
634200 33 13 0
634465 33 13 2
634561 33 3 0
634664 33 3 2
634704 33 23 0
634832 33 23 2
634848 33 24 0
634993 33 24 2
635101 33 4 0
635397 33 4 2
635405 33 25 0
635482 33 25 2
635510 33 26 0
635592 33 26 2
635672 33 0 0
635757 33 0 2
635765 33 3 0
635876 33 3 2
635920 33 4 0
636028 33 4 2
636124 33 5 0
636298 33 5 2
636338 33 15 0
636846 33 15 2
636854 33 14 0
637224 33 14 2
637236 33 50 0
637363 33 50 2
637391 33 6 0
637522 33 6 2
637542 33 4 0
637651 33 4 2
637659 33 8 0
637746 33 8 2
637750 33 47 0
639206 33 47 2
639214 33 49 0
639305 33 49 2
639321 33 11 0
639461 33 11 2
639497 33 5 0
639633 33 5 2
639657 33 37 0
639947 33 37 2
640011 33 4 0
640108 33 4 2
640112 33 1 0
640199 33 1 2
640227 33 27 0
640412 33 27 2
640420 33 2 0
640556 33 2 2
640568 33 11 0
640650 33 11 2
640658 33 7 0
640771 33 7 2
640791 33 3 0
640910 33 3 2
641018 33 6 0
641553 33 6 2
641573 33 9 0
641666 33 9 2
641838 33 8 0
641933 33 8 2
641945 33 11 0
642366 33 7 1
642436 33 11 2
642456 33 12 0
642609 33 62 2
642677 33 7 1
642698 33 7 2
642919 33 0 2
642993 33 7 2
642995 33 0 0
643037 33 12 2
643061 33 16 0
643108 33 0 0
643222 33 0 0
643383 33 16 2
643391 33 13 0
643557 33 13 2
643603 33 0 0
643605 33 2 0
643730 33 0 0
643747 33 2 2
643779 33 40 0
643857 33 0 0
643984 33 0 0
644149 33 0 0
644475 33 0 0
644560 33 40 2
644564 33 25 0
644673 33 25 2
644689 33 31 0
644696 33 0 0
644814 33 0 0
644962 33 0 0
645164 33 0 0
645297 33 0 0
645520 33 0 0
645703 33 0 0
645842 33 0 0
645964 33 0 0
646095 33 0 0
646218 33 0 0
646358 33 0 0
646460 33 0 0
646512 33 31 2
646548 33 33 0
646557 33 0 0
646642 33 33 2
646646 33 36 0
646720 33 0 0
646793 33 36 2
646801 33 4 0
646845 33 0 0
646938 33 4 2
647003 33 0 0
647030 33 5 0
647152 33 0 0
647177 33 5 2
647209 33 34 0
647298 33 0 0
647365 33 34 2
647385 33 35 0
647482 33 0 0
647573 33 0 0
647589 33 35 2
647613 33 32 0
647695 33 0 0
647736 33 32 2
647804 33 17 0
647845 33 0 0
647996 33 0 0
648077 33 17 2
648123 33 0 0
648239 33 0 0
648373 33 38 0
648373 33 38 0
648376 33 0 0
648431 33 38 2
648501 33 0 0
648606 33 38 2
648614 33 27 0
648621 33 0 0
648704 33 27 2
648724 33 35 0
648732 33 0 0
648809 33 35 2
648865 33 28 0
648898 33 0 0
648963 33 28 2
649025 33 0 0
649031 33 3 0
649104 33 3 2
649108 33 46 0
649264 33 0 0
649402 33 46 2
649422 33 4 0
649431 33 0 0
649502 33 4 2
649534 33 0 0
649628 33 0 0
649650 33 0 2
649654 33 29 0
649793 33 0 0
649855 33 29 2
649905 33 0 0
649906 33 7 1
649999 33 47 0
650021 33 0 0
650149 33 0 2
650179 33 0 0
650226 33 7 2
650229 33 0 0
650252 33 47 2
650263 33 0 2
650324 33 30 0
650354 33 0 0
650358 33 0 0
650402 33 0 0
650500 33 0 0
650505 33 0 0
650540 33 0 0
650563 33 30 2
650638 33 0 0
650654 33 0 0
650682 33 0 0
650717 33 0 0
650759 33 0 0
650801 33 0 0
650801 33 0 0
650883 33 0 0
650906 33 0 0
650912 33 0 0
650915 33 31 0
650996 33 0 0
651030 33 0 0
651034 33 0 0
651098 33 0 0
651112 33 31 2
651116 33 44 0
651137 33 0 0
651145 33 0 0
651190 33 0 0
651240 33 0 0
651246 33 0 0
651303 33 0 0
651371 33 0 0
651402 33 44 2
651410 33 43 0
651415 33 0 0
651418 33 0 0
651486 33 0 0
651551 33 0 0
651552 33 0 0
651585 33 0 0
651637 33 43 2
651652 33 0 0
651718 33 0 0
651725 33 0 0
651746 33 2 0
651767 33 0 0
651769 33 32 0
651824 33 0 0
651862 33 0 0
651869 33 0 0
651933 33 32 2
651949 33 0 0
651977 33 0 0
652005 33 33 0
652019 33 0 0
652068 33 0 0
652120 33 0 0
652152 33 0 0
652163 33 0 0
652291 33 0 0
652337 33 0 0
652414 33 0 0
652482 33 33 2
652493 33 0 0
652506 33 0 0
652530 33 33 0
652574 33 0 0
652625 33 0 0
652665 33 0 0
652729 33 0 0
652777 33 0 0
652804 33 33 2
652812 33 27 0
652822 33 0 0
652903 33 0 0
652912 33 0 0
652933 33 27 2
653004 33 0 0
653016 33 0 0
653037 33 54 0
653115 33 0 0
653119 33 0 0
653228 33 0 0
653269 33 0 0
653343 33 0 0
653372 33 0 0
653453 33 0 0
653484 33 0 0
653546 33 0 0
653644 33 0 0
653687 33 0 0
653763 33 0 0
653846 33 0 0
653876 33 0 0
653974 33 0 0
654001 33 0 0
654085 33 0 0
654123 33 0 0
654230 33 0 0
654251 33 0 0
654363 33 0 0
654368 33 0 0
654471 33 0 0
654487 33 0 0
654616 33 0 0
654640 33 0 0
654761 33 0 0
654779 33 0 0
654871 33 0 0
654981 33 0 0
654982 33 0 0
654984 33 7 1
655105 33 0 0
655184 33 0 0
655219 33 21 2
655221 33 0 0
655292 33 7 2
655308 33 0 0
655353 33 0 0
655454 33 0 0
655462 33 0 0
655582 33 0 0
655669 33 0 0
655672 33 0 0
655832 33 0 0
655873 33 0 0
655940 33 0 0
656026 33 0 0
656053 33 0 0
656154 33 0 0
656203 33 0 0
656293 33 0 0
656483 33 0 0
656551 33 0 0
656611 33 54 2
656623 33 28 0
656689 33 0 0
656729 33 0 0
656734 33 28 2
656750 33 40 0
656877 33 0 0
656920 33 0 0
656970 33 0 0
656991 33 40 2
656999 33 56 0
657010 33 0 0
657082 33 0 0
657120 33 0 0
657156 33 7 1
657241 33 56 2
657257 33 41 0
657288 33 0 0
657326 33 0 0
657399 33 39 2
657430 33 0 0
657472 33 7 2
657476 33 0 0
657533 33 41 2
657603 33 0 0
657615 33 0 0
657633 33 41 0
657768 33 0 0
657776 33 41 2
657809 33 0 0
657824 33 61 0
657874 33 0 0
657915 33 0 0
657978 33 0 0
658023 33 0 0
658087 33 0 0
658125 33 0 0
658192 33 0 0
658252 33 0 0
658354 33 0 0
658495 33 61 2
658499 33 39 0
658622 33 39 2
658634 33 7 0
658868 33 7 2
658928 33 8 0
658930 33 7 1
659026 33 8 2
659058 33 63 0
659169 33 3 2
659206 33 63 2
659242 33 7 2
659314 33 0 0
659450 33 0 2
659478 33 57 0
659689 33 57 2
659757 33 58 0
659820 33 7 1
659917 33 58 2
660001 33 46 0
660079 33 57 2
660128 33 46 2
660128 33 7 2
660140 33 59 0
660323 33 59 2
660355 33 32 0
660491 33 32 2
660499 33 50 0
660661 33 50 2
660737 33 60 0
661540 33 60 2
661548 33 62 0
661831 33 62 2
661835 33 3 0
661863 33 2 0
661864 33 0 0
661958 33 3 2
661970 33 5 0
662004 33 2 0
662005 33 0 0
662157 33 5 2
662185 33 17 0
662258 33 17 2
662278 33 6 0
662415 33 6 2
662507 33 11 0
662826 33 11 2
662834 33 10 0
662915 33 10 2
662935 33 11 0
663077 33 11 2
663085 33 6 0
663191 33 6 2
663227 33 36 0
663534 33 36 2
663594 33 12 0
663746 33 12 2
663754 33 0 0
663856 33 0 2
663980 33 15 0
664103 33 15 2
664223 33 7 0
664356 33 7 2
664372 33 0 0
664632 33 0 2
664780 33 9 0
664949 33 9 2
664981 33 8 0
665322 33 8 2
665350 33 40 0
665350 33 40 0
665384 33 40 2
665641 33 40 2
665653 33 41 0
665736 33 2 0
665737 33 0 0
665912 33 0 0
665965 33 41 2
666061 33 14 0
666219 33 0 0
666231 33 14 2
666547 33 29 0
666609 33 0 0
666670 33 29 2
666710 33 30 0
666823 33 30 2
666830 33 0 0
666867 33 17 0
666964 33 17 2
666984 33 0 0
667020 33 18 0
667190 33 18 2
667233 33 0 0
667238 33 19 0
667348 33 19 2
667377 33 0 0
667384 33 21 0
667529 33 21 2
667549 33 0 0
667561 33 22 0
667713 33 22 2
667738 33 0 0
667869 33 4 0
667914 33 0 0
667968 33 4 2
667996 33 18 0
668036 33 0 0
668220 33 0 0
668294 33 18 2
668366 33 0 0
668466 33 61 0
668500 33 0 0
668609 33 61 2
668634 33 0 0
668681 33 54 0
668804 33 0 0
668869 33 54 2
668901 33 55 0
668981 33 0 0
669114 33 0 0
669222 33 55 2
669281 33 0 0
669428 33 0 0
669450 33 40 0
669589 33 40 2
669592 33 0 0
669617 33 49 0
669719 33 0 0
669748 33 49 2
669760 33 51 0
669868 33 51 2
669888 33 37 0
669944 33 0 0
669986 33 37 2
669990 33 20 0
670090 33 20 2
670102 33 0 0
670106 33 3 0
670235 33 0 0
670353 33 0 0
670486 33 0 0
670516 33 3 2
670608 33 21 0
670652 33 0 0
670706 33 21 2
670714 33 56 0
670816 33 0 0
670891 33 56 2
670911 33 57 0
670956 33 0 0
670988 33 0 2
671061 33 57 2
671139 33 0 0
671149 33 58 0
671275 33 0 0
671295 33 58 2
671375 33 59 0
671400 33 0 0
671523 33 59 2
671547 33 63 0
671589 33 0 0
671751 33 0 0
671911 33 0 0
672045 33 0 0
672063 33 63 2
672147 33 33 0
672166 33 0 0
672231 33 33 2
672324 33 0 0
672456 33 0 0
672604 33 0 0
672797 33 0 0
672953 33 0 0
673080 33 0 0
673243 33 0 0
673368 33 0 0
673529 33 0 0
673670 33 0 0
673948 33 0 0
674098 33 0 0
674243 33 0 0
674375 33 0 0
674529 33 0 0
674653 33 0 0
674924 33 0 0
675077 33 0 0
675211 33 0 0
675352 33 0 0
675466 33 0 0
675606 33 0 0
675778 33 0 0
675934 33 0 0
739370 33 7 1
739609 33 2 2
739675 33 7 2
795652 33 2 0
795653 33 2 2
805222 33 2 0
805223 33 2 2
807499 33 2 0
807500 33 2 2
810776 33 2 0
810777 33 2 2
827927 33 2 0
827928 33 0 0
830277 33 2 0
830278 33 2 2
846340 33 2 0
846341 33 7 1
846576 33 2 2
846641 33 7 2
897353 33 2 0
897354 33 7 1
897594 33 2 2
897659 33 7 2
898032 33 7 1
898033 33 2 0
898274 33 2 2
898339 33 7 2
901292 33 2 0
901293 33 2 2
902888 33 2 0
902889 33 7 1
903125 33 2 2
903191 33 7 2
907137 33 2 0
907138 33 2 2
925751 33 2 0
925752 33 7 1
925986 33 2 2
926051 33 7 2
953361 33 2 0
953362 33 2 2
961562 33 2 0
961563 33 2 2
968355 33 2 0
968356 33 7 1
968598 33 2 2
968663 33 7 2
1057060 33 2 2
1057215 33 2 2
1057450 33 2 2
1126012 33 2 0
1126013 33 0 0
1131676 33 2 0
1131677 33 2 2
1150382 33 2 0
1150383 33 7 1
1150619 33 2 2
1150685 33 7 2
1151169 33 2 0
1151170 33 2 2
1157953 33 2 0
1157954 33 2 2
1163028 33 2 0
1163029 33 2 2
1210630 33 2 0
1210631 33 2 2
1216459 33 2 0
1216460 33 2 2
1225773 33 2 0
1225774 33 2 2
1233719 33 2 0
1233720 33 2 2
1236990 33 2 0
1236991 33 2 2
1252632 33 2 0
1252633 33 2 2
1268555 33 2 0
1268556 33 0 0
1276314 33 2 0
1276315 33 7 1
1276557 33 2 2
1276622 33 7 2
1283630 33 2 0
1283631 33 2 2
1299302 33 2 0
1299303 33 7 1
1299557 33 2 2
1299622 33 7 2
1299928 33 2 2
1299929 33 2 0
1307868 33 2 0
1307869 33 2 2
1324557 33 2 0
1324558 33 2 2
1330636 33 2 0
1330637 33 2 2
1332827 33 2 0
1332828 33 2 2
1334283 33 2 0
1334284 33 2 2
1353830 33 2 0
1353831 33 2 2
1391897 33 2 0
1391898 33 7 1
1392137 33 2 2
1392203 33 7 2
1396605 33 7 1
1396846 33 2 2
1396911 33 7 2
1417640 33 2 0
1417641 33 7 1
1417876 33 2 2
1417941 33 7 2
1458580 33 2 0
1458581 33 7 1
1458817 33 2 2
1458883 33 7 2
1481840 33 7 1
1481841 33 2 0
1482077 33 2 2
1482143 33 7 2
1521634 33 2 0
1521635 33 0 0
1527308 33 2 0
1527309 33 2 2
1527762 33 2 0
1527763 33 2 2
1558758 33 2 0
1558759 33 2 2
1566292 33 2 0
1566293 33 7 1
1566528 33 2 2
1566593 33 7 2
1569552 33 2 0
1569553 33 7 1
1569788 33 2 2
1569853 33 7 2
1589124 33 2 0
1589125 33 2 2
1594189 33 2 0
1594190 33 2 2
1594232 33 38 0
1594232 33 38 0
1594947 33 38 2
1595139 33 12 0
1595212 33 12 2
1595292 33 40 0
1595292 33 40 0
1595326 33 40 2
1595375 33 40 2
1595577 33 2 0
1595578 33 2 2
1596555 33 7 0
1596678 33 7 2
1596685 33 38 2
1597754 33 38 0
1597754 33 38 0
1599059 33 38 2
1599215 33 46 0
1599289 33 46 2
1599489 33 47 0
1599570 33 47 2
1600452 33 38 2
1600650 33 40 0
1600650 33 40 0
1600684 33 40 2
1600692 33 40 2
1602604 33 42 0
1602836 33 42 2
1603412 33 43 0
1603674 33 43 2
1604250 33 44 0
1604543 33 44 2
1604680 33 2 0
1604681 33 0 0
1605119 33 45 0
1605398 33 45 2
1605974 33 46 0
1606267 33 46 2
1606843 33 47 0
1607103 33 47 2
1607679 33 48 0
1607936 33 48 2
1608255 33 2 0
1608256 33 2 2
1608512 33 49 0
1608846 33 49 2
1609311 33 2 0
1609312 33 0 0
1609422 33 50 0
1609442 33 2 0
1609443 33 0 0
1609706 33 50 2
1610282 33 51 0
1610574 33 51 2
1611150 33 52 0
1611490 33 52 2
1612066 33 53 0
1612366 33 53 2
1612827 33 7 1
1612942 33 54 0
1613073 33 0 2
1613139 33 7 2
1613238 33 54 2
1613814 33 55 0
1614074 33 55 2
1614467 33 2 0
1614468 33 7 1
1614650 33 56 0
1614702 33 2 2
1614767 33 7 2
1614924 33 56 2
1615500 33 57 0
1615864 33 57 2
1616440 33 58 0
1616736 33 58 2
1617312 33 59 0
1617603 33 59 2
1618179 33 60 0
1618538 33 60 2
1619114 33 61 0
1619435 33 61 2
1620011 33 62 0
1620311 33 62 2
1620887 33 63 0
1621143 33 63 2
1621719 33 0 0
1621719 33 0 0
1621777 33 0 2
1621979 33 0 2
1622247 33 2 0
1622377 33 2 2
1622433 33 3 0
1622565 33 3 2
1622569 33 7 0
1622934 33 7 2
1623022 33 4 0
1623022 33 4 0
1623096 33 4 2
1623153 33 4 2
1623541 33 1 0
1623810 33 1 2
1624386 33 2 0
1624707 33 2 2
1625283 33 3 0
1625605 33 3 2
1626181 33 4 0
1626463 33 4 2
1627039 33 5 0
1627320 33 5 2
1627896 33 6 0
1628260 33 6 2
1628836 33 7 0
1629156 33 7 2
1629732 33 8 0
1629970 33 8 2
1630546 33 9 0
1630842 33 9 2
1631418 33 10 0
1631722 33 10 2
1632298 33 11 0
1632298 33 11 0
1632356 33 11 2
1632608 33 11 2
1633184 33 12 0
1633464 33 12 2
1634040 33 13 0
1634309 33 13 2
1634885 33 14 0
1635232 33 14 2
1635808 33 15 0
1636121 33 15 2
1636697 33 16 0
1636939 33 16 2
1637515 33 17 0
1637850 33 17 2
1638426 33 18 0
1638692 33 18 2
1639268 33 19 0
1639560 33 19 2
1640136 33 20 0
1640424 33 20 2
1641000 33 21 0
1641270 33 21 2
1641846 33 22 0
1642174 33 22 2
1642750 33 23 0
1643070 33 23 2
1643646 33 24 0
1643870 33 24 2
1644446 33 25 0
1644710 33 25 2
1645286 33 26 0
1645573 33 26 2
1646149 33 27 0
1646462 33 27 2
1647038 33 28 0
1647334 33 28 2
1647910 33 29 0
1648190 33 29 2
1648766 33 30 0
1649096 33 30 2
1649519 33 7 1
1649581 33 7 1
1649672 33 31 0
1649733 33 7 1
1649803 33 62 2
1649893 33 7 2
1649953 33 35 2
1649981 33 31 2
1649996 33 7 2
1650063 33 25 2
1650097 33 7 2
1650557 33 32 0
1650613 33 7 1
1650811 33 7 1
1650853 33 47 2
1650880 33 32 2
1650905 33 7 1
1650935 33 7 2
1651015 33 7 1
1651053 33 61 2
1651135 33 7 2
1651163 33 45 2
1651183 33 7 1
1651229 33 7 2
1651273 33 38 2
1651301 33 7 1
1651339 33 7 2
1651387 33 7 1
1651423 33 21 2
1651456 33 33 0
1651465 33 7 1
1651497 33 7 2
1651543 33 22 2
1651607 33 7 1
1651625 33 7 2
1651653 33 51 2
1651701 33 7 1
1651711 33 7 2
1651763 33 33 2
1651779 33 33 2
1651788 33 7 2
1651873 33 37 2
1651931 33 7 2
1651983 33 42 2
1652025 33 7 2
1652090 33 7 1
1652333 33 54 2
1652355 33 34 0
1652415 33 7 2
1652497 33 7 1
1652571 33 7 1
1652636 33 34 2
1652689 33 7 1
1652733 33 63 2
1652819 33 7 1
1652831 33 7 2
1652883 33 16 2
1652933 33 7 2
1652993 33 27 2
1653043 33 7 2
1653103 33 8 2
1653157 33 7 1
1653161 33 7 2
1653212 33 35 0
1653319 33 7 1
1653393 33 58 2
1653401 33 7 1
1653451 33 7 2
1653504 33 35 2
1653563 33 14 2
1653655 33 7 2
1653673 33 49 2
1653691 33 7 1
1653715 33 7 2
1653826 33 7 1
1653919 33 7 1
1653953 33 48 2
1654003 33 7 2
1654004 33 7 1
1654063 33 52 2
1654080 33 36 0
1654129 33 7 2
1654172 33 7 1
1654174 33 50 2
1654224 33 7 2
1654283 33 7 1
1654283 33 32 2
1654318 33 7 2
1654374 33 36 2
1654393 33 7 1
1654413 33 31 2
1654488 33 7 1
1654495 33 7 2
1654523 33 53 2
1654597 33 7 2
1654613 33 7 1
1654633 33 46 2
1654699 33 7 1
1654707 33 7 2
1654743 33 10 2
1654801 33 7 2
1654853 33 60 2
1654927 33 7 2
1654950 33 37 0
1654963 33 43 2
1655013 33 7 2
1655179 33 7 1
1655230 33 37 2
1655281 33 7 1
1655409 33 7 1
1655423 33 56 2
1655481 33 7 2
1655533 33 17 2
1655535 33 7 1
1655575 33 7 2
1655637 33 7 1
1655653 33 36 2
1655703 33 7 2
1655747 33 7 1
1655773 33 11 2
1655806 33 38 0
1655839 33 7 2
1655883 33 28 2
1655893 33 7 1
1655941 33 7 2
1655993 33 19 2
1656005 33 7 1
1656051 33 7 2
1656108 33 38 2
1656132 33 3 2
1656136 33 7 1
1656206 33 7 2
1656243 33 59 2
1656255 33 7 1
1656309 33 7 2
1656373 33 1 2
1656382 33 7 1
1656434 33 7 2
1656459 33 7 1
1656503 33 29 2
1656569 33 7 2
1656595 33 7 1
1656684 33 39 0
1656723 33 4 2
1656729 33 7 1
1656783 33 7 1
1656807 33 7 2
1656833 33 18 2
1656884 33 7 2
1656901 33 7 1
1656943 33 20 2
1656954 33 39 2
1657009 33 7 2
1657043 33 7 1
1657053 33 55 2
1657123 33 7 1
1657143 33 7 2
1657163 33 40 2
1657205 33 7 2
1657273 33 26 2
1657315 33 7 2
1657316 33 7 1
1657383 33 39 2
1657457 33 7 2
1657499 33 7 1
1657503 33 24 2
1657530 33 40 0
1657530 33 40 0
1657544 33 7 2
1657564 33 40 2
1657573 33 40 2
1657593 33 7 1
1657613 33 15 2
1657711 33 7 2
1657743 33 57 2
1657777 33 7 1
1657793 33 7 2
1657853 33 41 2
1657862 33 7 1
1657887 33 7 2
1657991 33 7 1
1658013 33 6 2
1658111 33 7 2
1658123 33 30 2
1658139 33 7 1
1658197 33 7 2
1658233 33 7 1
1658233 33 13 2
1658315 33 7 2
1658367 33 7 1
1658393 33 9 2
1658443 33 7 2
1658493 33 7 1
1658503 33 34 2
1658536 33 7 2
1658613 33 44 2
1658619 33 7 1
1658671 33 7 2
1658733 33 12 2
1658807 33 7 2
1658863 33 5 2
1658953 33 7 2
1659099 33 7 1
1659343 33 23 2
1659433 33 7 2
1659548 33 7 1
1659783 33 7 2
1659889 33 7 2
1666725 33 2 2
1666879 33 2 2
1667114 33 2 2
1671733 33 8 0
1671980 33 8 2
1704378 33 2 0
1704586 33 2 0
1704672 33 2 0
1704758 33 2 0
1705528 33 31 0
1705539 33 2 0
1705662 33 2 0
1705672 33 31 2
1705716 33 35 0
1705820 33 2 0
1705940 33 2 0
1705974 33 35 2
1706034 33 32 0
1706049 33 2 0
1706156 33 32 2
1706165 33 2 0
1706212 33 46 0
1706285 33 46 2
1706303 33 2 0
1706317 33 12 0
1706390 33 12 2
1706402 33 33 0
1706411 33 2 0
1706476 33 33 2
1706493 33 2 0
1706568 33 34 0
1706620 33 2 0
1706647 33 34 2
1706679 33 1 0
1706736 33 1 2
1706780 33 32 0
1706960 33 2 0
1706971 33 32 2
1706979 33 35 0
1707064 33 35 2
1707068 33 60 0
1707251 33 60 2
1707267 33 61 0
1707325 33 2 0
1707410 33 61 2
1707470 33 48 0
1707586 33 2 0
1707650 33 48 2
1707675 33 2 0
1707690 33 49 0
1707715 33 7 1
1707779 33 7 1
1707780 33 35 0
1707800 33 49 2
1707836 33 36 0
1707836 33 36 0
1707843 33 2 0
1707870 33 7 1
1707878 33 36 2
1707937 33 36 2
1707951 33 62 2
1708001 33 37 0
1708001 33 37 0
1708041 33 7 2
1708051 33 37 2
1708061 33 35 2
1708084 33 2 0
1708103 33 7 2
1708129 33 37 2
1708171 33 25 2
1708177 33 58 0
1708177 33 58 0
1708204 33 2 0
1708205 33 7 2
1708227 33 58 2
1708281 33 58 2
1708293 33 31 0
1708429 33 2 0
1708621 33 31 2
1708633 33 30 0
1708653 33 2 0
1708767 33 2 0
1708807 33 7 1
1708906 33 2 0
1708949 33 30 2
1708957 33 59 0
1708957 33 59 0
1709005 33 7 1
1709015 33 59 2
1709016 33 2 0
1709051 33 47 2
1709065 33 59 2
1709093 33 7 1
1709117 33 34 0
1709134 33 7 2
1709201 33 2 0
1709202 33 7 1
1709241 33 61 2
1709304 33 7 1
1709326 33 7 2
1709332 33 2 0
1709349 33 34 2
1709351 33 45 2
1709389 33 0 0
1709389 33 0 0
1709417 33 7 2
1709438 33 7 1
1709447 33 0 2
1709452 33 2 0
1709461 33 38 2
1709527 33 7 2
1709571 33 21 2
1709589 33 2 0
1709593 33 7 1
1709644 33 7 2
1709654 33 0 2
1709662 33 33 0
1709671 33 7 1
1709681 33 22 2
1709764 33 7 2
1709784 33 2 0
1709814 33 7 1
1709831 33 51 2
1709884 33 2 0
1709891 33 7 2
1709907 33 7 1
1709945 33 33 2
1709961 33 33 2
1709970 33 7 2
1709977 33 60 0
1710051 33 37 2
1710109 33 7 2
1710150 33 60 2
1710161 33 42 2
1710170 33 32 0
1710203 33 7 2
1710208 33 2 0
1710249 33 7 1
1710328 33 2 0
1710440 33 2 0
1710476 33 32 2
1710491 33 54 2
1710522 33 2 0
1710552 33 61 0
1710574 33 7 2
1710615 33 2 0
1710711 33 2 0
1710744 33 61 2
1710809 33 2 0
1710818 33 7 1
1710851 33 7 1
1710868 33 62 0
1710906 33 2 0
1710985 33 7 1
1711053 33 2 0
1711060 33 62 2
1711063 33 63 2
1711071 33 7 1
1711148 33 12 0
1711161 33 7 2
1711171 33 16 2
1711176 33 2 0
1711221 33 7 2
1711223 33 7 1
1711238 33 12 2
1711250 33 39 0
1711282 33 27 2
1711289 33 2 0
1711333 33 7 2
1711384 33 7 1
1711388 33 2 0
1711392 33 8 2
1711409 33 39 2
1711421 33 13 0
1711449 33 7 2
1711467 33 7 1
1711475 33 2 0
1711501 33 58 2
1711538 33 13 2
1711542 33 48 0
1711559 33 7 2
1711622 33 14 2
1711706 33 48 2
1711712 33 7 2
1711718 33 59 0
1711731 33 49 2
1711773 33 2 0
1711774 33 7 2
1711786 33 7 1
1711823 33 59 2
1711851 33 54 0
1711851 33 54 0
1711920 33 2 0
1711925 33 54 2
1711992 33 7 1
1711993 33 54 2
1712023 33 48 2
1712027 33 2 0
1712033 33 55 0
1712065 33 7 1
1712072 33 7 2
1712143 33 2 0
1712151 33 7 1
1712164 33 55 2
1712188 33 56 0
1712231 33 52 2
1712297 33 7 2
1712305 33 56 2
1712333 33 57 0
1712341 33 50 2
1712347 33 2 0
1712391 33 7 2
1712451 33 32 2
1712471 33 57 2
1712474 33 7 1
1712485 33 7 2
1712518 33 2 0
1712535 33 58 0
1712669 33 58 2
1712681 33 53 0
1712682 33 7 1
1712697 33 2 0
1712705 33 49 0
1712712 33 31 2
1712795 33 7 2
1712800 33 2 0
1712816 33 49 2
1712856 33 63 0
1712873 33 7 1
1712918 33 2 0
1712921 33 53 2
1712950 33 7 1
1712998 33 7 2
1713006 33 63 2
1713054 33 15 0
1713083 33 2 0
1713111 33 46 2
1713135 33 7 1
1713178 33 2 0
1713185 33 7 2
1713221 33 10 2
1713275 33 15 2
1713279 33 7 2
1713291 33 44 0
1713347 33 2 0
1713376 33 43 2
1713388 33 44 2
1713392 33 7 1
1713408 33 45 0
1713426 33 7 2
1713454 33 2 0
1713526 33 45 2
1713574 33 2 0
1713631 33 60 2
1713645 33 7 1
1713705 33 7 2
1713761 33 7 1
1713768 33 2 0
1713774 33 0 0
1713881 33 2 0
1713881 33 56 2
1713905 33 0 2
1713940 33 7 2
1713997 33 1 0
1714002 33 36 2
1714015 33 2 0
1714052 33 7 2
1714080 33 7 1
1714122 33 1 2
1714222 33 2 0
1714327 33 11 2
1714351 33 7 1
1714393 33 7 2
1714487 33 2 2
1714495 33 47 0
1714571 33 7 1
1714576 33 47 2
1714588 33 41 0
1714591 33 17 2
1714633 33 7 2
1714641 33 2 0
1714731 33 41 2
1714803 33 3 0
1714811 33 28 2
1714851 33 7 1
1714869 33 7 2
1714964 33 3 2
1715031 33 7 1
1715091 33 1 2
1715149 33 7 2
1715184 33 7 1
1715224 33 5 0
1715273 33 19 2
1715297 33 7 1
1715331 33 7 2
1715333 33 5 2
1715381 33 6 0
1715411 33 7 1
1715422 33 59 2
1715488 33 7 2
1715500 33 7 1
1715541 33 4 2
1715588 33 6 2
1715617 33 7 1
1715623 33 7 2
1715661 33 20 2
1715676 33 7 0
1715726 33 7 1
1715727 33 7 2
1715773 33 40 2
1715815 33 7 2
1715819 33 7 2
1715882 33 3 2
1715927 33 8 0
1715935 33 7 1
1715956 33 7 2
1715990 33 7 1
1715996 33 18 2
1716046 33 7 2
1716134 33 7 1
1716142 33 8 2
1716172 33 55 2
1716198 33 1 0
1716198 33 1 0
1716202 33 7 1
1716248 33 1 2
1716262 33 7 2
1716273 33 1 2
1716284 33 26 2
1716326 33 7 2
1716391 33 29 2
1716432 33 7 1
1716457 33 7 2
1716503 33 24 2
1716546 33 7 2
1716645 33 7 1
1716671 33 30 2
1716721 33 46 0
1716745 33 7 2
1716783 33 7 1
1716802 33 46 2
1716810 33 4 0
1716881 33 57 2
1716922 33 7 1
1716931 33 7 2
1716942 33 4 2
1716966 33 47 0
1717021 33 6 2
1717047 33 47 2
1717065 33 7 1
1717119 33 7 2
1717156 33 7 1
1717161 33 39 2
1717191 33 12 0
1717235 33 7 2
1717239 33 7 1
1717273 33 12 2
1717301 33 15 2
1717399 33 7 2
1717411 33 13 2
1717451 33 7 1
1717493 33 7 2
1717523 33 41 2
1717558 33 7 2
1717637 33 10 0
1717691 33 34 2
1717721 33 7 1
1717725 33 7 2
1717910 33 7 1
1717942 33 10 2
1717961 33 9 2
1718008 33 7 1
1718011 33 7 2
1718062 33 1 0
1718145 33 1 2
1718154 33 44 2
1718214 33 7 2
1718247 33 7 1
1718263 33 12 2
1718337 33 7 2
1718426 33 7 1
1718491 33 5 2
1718582 33 7 2
1718593 33 46 0
1718593 33 46 0
1718619 33 7 1
1718659 33 46 2
1718661 33 7 2
1718676 33 46 2
1718708 33 47 0
1718767 33 7 2
1718797 33 47 2
1718863 33 23 2
1718941 33 12 0
1718953 33 7 2
1719022 33 12 2
1719506 33 1 0
1719506 33 1 0
1719556 33 1 2
1719597 33 1 2
1720045 33 46 0
1720127 33 46 2
1720159 33 47 0
1720159 33 47 0
1720233 33 47 2
1720250 33 47 2
1720394 33 12 0
1720394 33 12 0
1720460 33 12 2
1720477 33 12 2
1720545 33 32 2
1720961 33 1 0
1720961 33 1 0
1721011 33 1 2
1721064 33 1 2
1721082 33 32 2
1721315 33 32 2
1721512 33 46 0
1721512 33 46 0
1721549 33 32 2
1721578 33 46 2
1721595 33 46 2
1721627 33 47 0
1721627 33 47 0
1721701 33 47 2
1721718 33 47 2
1721816 33 2 0
1721817 33 0 0
1721862 33 12 0
1721862 33 12 0
1721928 33 12 2
1721953 33 12 2
1722437 33 1 0
1722437 33 1 0
1722487 33 1 2
1722494 33 1 2
1722867 33 32 2
1722942 33 46 0
1722942 33 46 0
1723008 33 46 2
1723015 33 46 2
1723047 33 47 0
1723047 33 47 0
1723121 33 47 2
1723129 33 47 2
1723273 33 12 0
1723273 33 12 0
1723339 33 12 2
1723349 33 12 2
1723823 33 36 2
1723833 33 1 0
1723833 33 1 0
1723883 33 1 2
1723948 33 1 2
1724396 33 46 0
1724396 33 46 0
1724463 33 46 2
1724488 33 46 2
1724520 33 47 0
1724520 33 47 0
1724594 33 47 2
1724602 33 47 2
1724746 33 12 0
1724746 33 12 0
1724812 33 12 2
1724853 33 12 2
1725337 33 1 0
1725337 33 1 0
1725387 33 1 2
1725421 33 1 2
1725853 33 12 0
1725853 33 12 0
1725919 33 12 2
1725946 33 12 2
1725962 33 46 0
1725962 33 46 0
1726028 33 46 2
1726053 33 46 2
1726085 33 47 0
1726085 33 47 0
1726159 33 47 2
1726167 33 47 2
1726311 33 12 0
1726311 33 12 0
1726377 33 12 2
1726385 33 12 2
1726434 33 2 0
1726435 33 7 1
1726670 33 2 2
1726736 33 7 2
1726869 33 1 0
1726869 33 1 0
1726919 33 1 2
1726944 33 1 2
1727392 33 46 0
1727392 33 46 0
1727458 33 46 2
1727476 33 46 2
1727508 33 47 0
1727508 33 47 0
1727583 33 47 2
1727591 33 47 2
1727735 33 12 0
1727735 33 12 0
1727801 33 12 2
1727826 33 12 2
1728310 33 1 0
1728310 33 1 0
1728360 33 1 2
1728368 33 1 2
1728816 33 46 0
1728816 33 46 0
1728882 33 46 2
1728889 33 46 2
1728921 33 47 0
1728921 33 47 0
1728998 33 47 2
1729005 33 47 2
1729149 33 12 0
1729149 33 12 0
1729215 33 12 2
1729227 33 12 2
1729711 33 1 0
1729711 33 1 0
1729761 33 1 2
1729769 33 1 2
1730217 33 46 0
1730217 33 46 0
1730284 33 46 2
1730292 33 46 2
1730324 33 47 0
1730324 33 47 0
1730399 33 47 2
1730407 33 47 2
1730551 33 12 0
1730551 33 12 0
1730617 33 12 2
1730625 33 12 2
1731109 33 1 0
1731109 33 1 0
1731159 33 1 2
1731167 33 1 2
1731615 33 46 0
1731615 33 46 0
1731681 33 46 2
1731689 33 46 2
1731721 33 47 0
1731721 33 47 0
1731795 33 47 2
1731802 33 47 2
1731946 33 12 0
1731946 33 12 0
1732013 33 12 2
1732027 33 12 2
1732511 33 1 0
1732511 33 1 0
1732561 33 1 2
1732572 33 1 2
1733020 33 46 0
1733020 33 46 0
1733086 33 46 2
1733097 33 46 2
1733129 33 47 0
1733129 33 47 0
1733203 33 47 2
1733211 33 47 2
1733355 33 12 0
1733355 33 12 0
1733421 33 12 2
1733429 33 12 2
1733913 33 1 0
1733913 33 1 0
1733963 33 1 2
1733971 33 1 2
1734206 33 2 0
1734207 33 2 2
1734419 33 46 0
1734419 33 46 0
1734485 33 46 2
1734494 33 46 2
1734526 33 47 0
1734526 33 47 0
1734600 33 47 2
1734612 33 47 2
1734756 33 12 0
1734756 33 12 0
1734822 33 12 2
1734830 33 12 2
1735314 33 1 0
1735314 33 1 0
1735364 33 1 2
1735372 33 1 2
1735820 33 46 0
1735820 33 46 0
1735886 33 46 2
1735904 33 46 2
1735936 33 47 0
1735936 33 47 0
1736010 33 47 2
1736018 33 47 2
1736162 33 12 0
1736162 33 12 0
1736228 33 12 2
1736236 33 12 2
1736720 33 1 0
1736720 33 1 0
1736770 33 1 2
1736777 33 1 2
1737209 33 13 0
1737331 33 13 2
1737347 33 46 0
1737347 33 46 0
1737413 33 46 2
1737424 33 46 2
1737456 33 47 0
1737456 33 47 0
1737536 33 47 2
1737547 33 47 2
1737691 33 12 0
1737691 33 12 0
1737760 33 12 2
1737771 33 12 2
1738255 33 1 0
1738255 33 1 0
1738306 33 1 2
1738315 33 1 2
1738763 33 46 0
1738763 33 46 0
1738830 33 46 2
1738849 33 46 2
1738881 33 47 0
1738881 33 47 0
1738959 33 47 2
1738961 33 47 2
1739105 33 12 0
1739105 33 12 0
1739171 33 12 2
1739179 33 12 2
1739663 33 1 0
1739663 33 1 0
1739713 33 1 2
1739721 33 1 2
1740169 33 46 0
1740169 33 46 0
1740236 33 46 2
1740244 33 46 2
1740276 33 47 0
1740276 33 47 0
1740350 33 47 2
1740357 33 47 2
1740501 33 12 0
1740501 33 12 0
1740567 33 12 2
1740579 33 12 2
1741063 33 1 0
1741063 33 1 0
1741113 33 1 2
1741123 33 1 2
1741571 33 46 0
1741571 33 46 0
1741637 33 46 2
1741648 33 46 2
1741680 33 47 0
1741680 33 47 0
1741766 33 47 2
1741767 33 47 2
1741911 33 12 0
1741911 33 12 0
1741977 33 12 2
1741985 33 12 2
1742469 33 1 0
1742469 33 1 0
1742519 33 1 2
1742527 33 1 2
1742975 33 46 0
1742975 33 46 0
1743042 33 46 2
1743050 33 46 2
1743082 33 47 0
1743082 33 47 0
1743156 33 47 2
1743165 33 47 2
1743309 33 12 0
1743309 33 12 0
1743376 33 12 2
1743385 33 12 2
1743869 33 1 0
1743869 33 1 0
1743920 33 1 2
1743934 33 1 2
1744382 33 46 0
1744382 33 46 0
1744448 33 46 2
1744460 33 46 2
1744492 33 47 0
1744492 33 47 0
1744570 33 47 2
1744572 33 47 2
1744716 33 12 0
1744716 33 12 0
1744782 33 12 2
1744795 33 12 2
1745279 33 1 0
1745279 33 1 0
1745329 33 1 2
1745337 33 1 2
1745785 33 46 0
1745785 33 46 0
1745851 33 46 2
1745859 33 46 2
1745891 33 47 0
1745891 33 47 0
1745965 33 47 2
1745974 33 47 2
1746118 33 12 0
1746118 33 12 0
1746184 33 12 2
1746193 33 12 2
1746677 33 1 0
1746677 33 1 0
1746728 33 1 2
1746735 33 1 2
1747183 33 46 0
1747183 33 46 0
1747249 33 46 2
1747257 33 46 2
1747289 33 47 0
1747289 33 47 0
1747363 33 47 2
1747371 33 47 2
1747515 33 12 0
1747515 33 12 0
1747581 33 12 2
1747589 33 12 2
1748073 33 1 0
1748073 33 1 0
1748123 33 1 2
1748130 33 1 2
1748562 33 14 0
1748684 33 14 2
1748700 33 46 0
1748700 33 46 0
1748768 33 46 2
1748776 33 46 2
1748808 33 47 0
1748808 33 47 0
1748882 33 47 2
1748930 33 47 2
1749074 33 12 0
1749074 33 12 0
1749140 33 12 2
1749148 33 12 2
1749632 33 1 0
1749632 33 1 0
1749682 33 1 2
1749710 33 1 2
1750158 33 46 0
1750158 33 46 0
1750224 33 46 2
1750232 33 46 2
1750264 33 47 0
1750264 33 47 0
1750338 33 47 2
1750346 33 47 2
1750490 33 12 0
1750490 33 12 0
1750557 33 12 2
1750564 33 12 2
1751048 33 1 0
1751048 33 1 0
1751098 33 1 2
1751113 33 1 2
1751561 33 46 0
1751561 33 46 0
1751627 33 46 2
1751641 33 46 2
1751673 33 47 0
1751673 33 47 0
1751748 33 47 2
1751753 33 47 2
1751897 33 12 0
1751897 33 12 0
1751963 33 12 2
1751973 33 12 2
1752457 33 1 0
1752457 33 1 0
1752507 33 1 2
1752516 33 1 2
1752964 33 46 0
1752964 33 46 0
1753030 33 46 2
1753040 33 46 2
1753072 33 47 0
1753072 33 47 0
1753146 33 47 2
1753153 33 47 2
1753297 33 12 0
1753297 33 12 0
1753363 33 12 2
1753372 33 12 2
1753856 33 1 0
1753856 33 1 0
1753906 33 1 2
1753914 33 1 2
1754362 33 46 0
1754362 33 46 0
1754429 33 46 2
1754437 33 46 2
1754469 33 47 0
1754469 33 47 0
1754543 33 47 2
1754551 33 47 2
1754695 33 12 0
1754695 33 12 0
1754761 33 12 2
1754769 33 12 2
1755253 33 1 0
1755253 33 1 0
1755303 33 1 2
1755311 33 1 2
1755759 33 46 0
1755759 33 46 0
1755825 33 46 2
1755839 33 46 2
1755871 33 47 0
1755871 33 47 0
1755945 33 47 2
1755955 33 47 2
1756099 33 12 0
1756099 33 12 0
1756165 33 12 2
1756225 33 12 2
1756709 33 1 0
1756709 33 1 0
1756759 33 1 2
1756792 33 2 0
1756794 33 2 2
1756812 33 1 2
1757260 33 46 0
1757260 33 46 0
1757331 33 46 2
1757354 33 46 2
1757386 33 47 0
1757386 33 47 0
1757460 33 47 2
1757479 33 47 2
1757623 33 12 0
1757623 33 12 0
1757689 33 12 2
1757713 33 12 2
1758158 33 2 0
1758159 33 2 2
1758197 33 1 0
1758197 33 1 0
1758247 33 1 2
1758254 33 1 2
1758702 33 46 0
1758702 33 46 0
1758768 33 46 2
1758816 33 46 2
1758848 33 47 0
1758848 33 47 0
1758923 33 47 2
1758932 33 47 2
1759076 33 12 0
1759076 33 12 0
1759142 33 12 2
1759150 33 12 2
1759189 33 2 0
1759190 33 2 2
1759538 33 1 0
1759538 33 1 0
1759596 33 1 2
1759597 33 1 2
1760029 33 7 0
1760136 33 7 2
1760152 33 46 0
1760152 33 46 0
1760222 33 46 2
1760271 33 46 2
1760303 33 47 0
1760303 33 47 0
1760377 33 47 2
1760426 33 47 2
1760570 33 12 0
1760570 33 12 0
1760629 33 2 0
1760630 33 2 2
1760636 33 12 2
1760670 33 12 2
1761154 33 1 0
1761154 33 1 0
1761204 33 1 2
1761211 33 1 2
1761659 33 46 0
1761659 33 46 0
1761726 33 46 2
1761732 33 46 2
1761764 33 47 0
1761764 33 47 0
1761838 33 47 2
1761848 33 47 2
1761992 33 12 0
1761992 33 12 0
1762058 33 12 2
1762066 33 12 2
1762550 33 1 0
1762550 33 1 0
1762600 33 1 2
1762608 33 1 2
1763056 33 46 0
1763056 33 46 0
1763122 33 46 2
1763129 33 46 2
1763161 33 47 0
1763161 33 47 0
1763245 33 47 2
1763254 33 47 2
1763389 33 5 0
1763487 33 5 2
1763495 33 61 0
1763495 33 61 0
1763569 33 61 2
1763577 33 61 2
1763585 33 29 0
1763620 33 2 0
1763621 33 2 2
1763848 33 29 2
1763864 33 62 0
1763864 33 62 0
1763947 33 62 2
1763954 33 62 2
1764230 33 63 0
1764230 33 63 0
1764323 33 63 2
1764372 33 63 2
1764796 33 12 0
1764796 33 12 0
1764865 33 12 2
1764907 33 12 2
1764998 33 36 2
1765347 33 11 0
1765437 33 11 2
1765649 33 1 0
1765649 33 1 0
1765700 33 1 2
1765707 33 1 2
1766155 33 46 0
1766155 33 46 0
1766221 33 46 2
1766230 33 46 2
1766262 33 47 0
1766262 33 47 0
1766338 33 47 2
1766351 33 47 2
1766495 33 12 0
1766495 33 12 0
1766561 33 12 2
1766571 33 12 2
1767055 33 1 0
1767055 33 1 0
1767105 33 1 2
1767118 33 1 2
1767566 33 46 0
1767566 33 46 0
1767632 33 46 2
1767639 33 46 2
1767671 33 47 0
1767671 33 47 0
1767745 33 47 2
1767753 33 47 2
1767897 33 12 0
1767897 33 12 0
1767967 33 12 2
1767970 33 12 2
1768454 33 1 0
1768454 33 1 0
1768504 33 1 2
1768516 33 1 2
1768964 33 46 0
1768964 33 46 0
1769031 33 46 2
1769039 33 46 2
1769071 33 47 0
1769071 33 47 0
1769145 33 47 2
1769153 33 47 2
1769297 33 12 0
1769297 33 12 0
1769363 33 12 2
1769370 33 12 2
1769854 33 1 0
1769854 33 1 0
1769904 33 1 2
1769912 33 1 2
1770360 33 46 0
1770360 33 46 0
1770427 33 46 2
1770436 33 46 2
1770468 33 47 0
1770468 33 47 0
1770542 33 47 2
1770550 33 47 2
1770694 33 12 0
1770767 33 12 2
1771251 33 1 0
1771251 33 1 0
1771301 33 1 2
1771309 33 1 2
1771757 33 46 0
1771757 33 46 0
1771823 33 46 2
1771845 33 46 2
1771877 33 47 0
1771877 33 47 0
1771952 33 47 2
1771963 33 47 2
1772107 33 12 0
1772107 33 12 0
1772174 33 12 2
1772186 33 12 2
1772670 33 1 0
1772670 33 1 0
1772720 33 1 2
1772727 33 1 2
1773159 33 8 0
1773159 33 8 0
1773209 33 8 2
1773250 33 8 2
1773266 33 46 0
1773266 33 46 0
1773340 33 46 2
1773341 33 46 2
1773373 33 47 0
1773373 33 47 0
1773447 33 47 2
1773455 33 47 2
1773599 33 12 0
1773599 33 12 0
1773666 33 12 2
1773679 33 12 2
1774163 33 1 0
1774163 33 1 0
1774213 33 1 2
1774220 33 1 2
1774668 33 46 0
1774668 33 46 0
1774740 33 46 2
1774745 33 46 2
1774777 33 47 0
1774777 33 47 0
1774851 33 47 2
1774858 33 47 2
1775002 33 12 0
1775002 33 12 0
1775068 33 12 2
1775076 33 12 2
1775560 33 1 0
1775560 33 1 0
1775611 33 1 2
1775616 33 1 2
1776064 33 46 0
1776064 33 46 0
1776130 33 46 2
1776140 33 46 2
1776172 33 47 0
1776172 33 47 0
1776247 33 47 2
1776257 33 47 2
1776401 33 12 0
1776401 33 12 0
1776467 33 12 2
1776475 33 12 2
1776959 33 1 0
1776959 33 1 0
1777009 33 1 2
1777020 33 1 2
1777468 33 46 0
1777468 33 46 0
1777538 33 46 2
1777556 33 46 2
1777588 33 47 0
1777588 33 47 0
1777662 33 47 2
1777670 33 47 2
1777814 33 12 0
1777814 33 12 0
1777881 33 12 2
1777889 33 12 2
1778373 33 1 0
1778373 33 1 0
1778424 33 1 2
1778430 33 1 2
1778878 33 46 0
1778878 33 46 0
1778944 33 46 2
1778953 33 46 2
1778985 33 47 0
1778985 33 47 0
1779059 33 47 2
1779068 33 47 2
1779212 33 12 0
1779212 33 12 0
1779278 33 12 2
1779286 33 12 2
1779770 33 1 0
1779770 33 1 0
1779822 33 1 2
1779830 33 1 2
1780278 33 46 0
1780278 33 46 0
1780345 33 46 2
1780353 33 46 2
1780385 33 47 0
1780385 33 47 0
1780463 33 47 2
1780480 33 47 2
1780624 33 12 0
1780624 33 12 0
1780690 33 12 2
1780699 33 12 2
1781183 33 1 0
1781183 33 1 0
1781240 33 1 2
1781241 33 1 2
1781689 33 46 0
1781689 33 46 0
1781755 33 46 2
1781762 33 46 2
1781794 33 47 0
1781794 33 47 0
1781868 33 47 2
1781885 33 47 2
1782029 33 12 0
1782029 33 12 0
1782104 33 12 2
1782107 33 12 2
1782588 33 1 0
1782588 33 1 0
1782638 33 1 2
1782646 33 1 2
1783094 33 46 0
1783094 33 46 0
1783160 33 46 2
1783168 33 46 2
1783200 33 47 0
1783200 33 47 0
1783274 33 47 2
1783282 33 47 2
1783426 33 12 0
1783426 33 12 0
1783492 33 12 2
1783500 33 12 2
1783984 33 1 0
1783984 33 1 0
1784042 33 1 2
1784045 33 1 2
1784474 33 9 0
1784556 33 9 2
1784572 33 46 0
1784572 33 46 0
1784640 33 46 2
1784655 33 46 2
1784687 33 47 0
1784687 33 47 0
1784776 33 47 2
1784777 33 47 2
1784921 33 12 0
1784921 33 12 0
1784988 33 12 2
1784995 33 12 2
1785479 33 1 0
1785479 33 1 0
1785530 33 1 2
1785541 33 1 2
1785989 33 46 0
1785989 33 46 0
1786064 33 46 2
1786069 33 46 2
1786101 33 47 0
1786101 33 47 0
1786175 33 47 2
1786183 33 47 2
1786327 33 12 0
1786327 33 12 0
1786399 33 12 2
1786402 33 12 2
1786886 33 1 0
1786886 33 1 0
1786936 33 1 2
1786944 33 1 2
1787392 33 46 0
1787392 33 46 0
1787458 33 46 2
1787466 33 46 2
1787498 33 47 0
1787498 33 47 0
1787572 33 47 2
1787580 33 47 2
1787724 33 12 0
1787724 33 12 0
1787790 33 12 2
1787797 33 12 2
1788281 33 1 0
1788281 33 1 0
1788331 33 1 2
1788339 33 1 2
1788787 33 46 0
1788787 33 46 0
1788853 33 46 2
1788868 33 46 2
1788900 33 47 0
1788900 33 47 0
1788974 33 47 2
1788981 33 47 2
1789125 33 12 0
1789125 33 12 0
1789191 33 12 2
1789199 33 12 2
1789683 33 1 0
1789683 33 1 0
1789733 33 1 2
1789741 33 1 2
1790189 33 46 0
1790189 33 46 0
1790255 33 46 2
1790267 33 46 2
1790299 33 47 0
1790299 33 47 0
1790373 33 47 2
1790381 33 47 2
1790525 33 12 0
1790525 33 12 0
1790591 33 12 2
1790599 33 12 2
1791083 33 1 0
1791083 33 1 0
1791133 33 1 2
1791141 33 1 2
1791589 33 46 0
1791589 33 46 0
1791655 33 46 2
1791663 33 46 2
1791695 33 47 0
1791695 33 47 0
1791769 33 47 2
1791777 33 47 2
1791921 33 12 0
1791921 33 12 0
1791988 33 12 2
1791997 33 12 2
1792481 33 1 0
1792481 33 1 0
1792532 33 1 2
1792541 33 1 2
1792989 33 46 0
1792989 33 46 0
1793056 33 46 2
1793065 33 46 2
1793097 33 47 0
1793097 33 47 0
1793171 33 47 2
1793182 33 47 2
1793326 33 12 0
1793326 33 12 0
1793392 33 12 2
1793400 33 12 2
1793884 33 1 0
1793884 33 1 0
1793934 33 1 2
1793941 33 1 2
1794389 33 46 0
1794389 33 46 0
1794456 33 46 2
1794464 33 46 2
1794496 33 47 0
1794496 33 47 0
1794570 33 47 2
1794578 33 47 2
1794722 33 12 0
1794722 33 12 0
1794796 33 12 2
1794798 33 12 2
1795282 33 1 0
1795282 33 1 0
1795332 33 1 2
1795346 33 1 2
1795778 33 10 0
1795847 33 10 2
1795863 33 46 0
1795863 33 46 0
1795929 33 46 2
1795942 33 46 2
1795974 33 47 0
1795974 33 47 0
1796048 33 47 2
1796058 33 47 2
1796202 33 12 0
1796202 33 12 0
1796268 33 12 2
1796276 33 12 2
1796760 33 1 0
1796760 33 1 0
1796810 33 1 2
1796818 33 1 2
1797266 33 46 0
1797266 33 46 0
1797332 33 46 2
1797339 33 46 2
1797371 33 47 0
1797371 33 47 0
1797445 33 47 2
1797453 33 47 2
1797597 33 12 0
1797597 33 12 0
1797666 33 12 2
1797670 33 12 2
1798154 33 1 0
1798154 33 1 0
1798211 33 1 2
1798212 33 1 2
1798660 33 46 0
1798660 33 46 0
1798726 33 46 2
1798733 33 46 2
1798765 33 47 0
1798765 33 47 0
1798854 33 47 2
1798856 33 47 2
1799000 33 12 0
1799000 33 12 0
1799066 33 12 2
1799075 33 12 2
1799559 33 1 0
1799559 33 1 0
1799609 33 1 2
1799621 33 1 2
1800069 33 46 0
1800069 33 46 0
1800135 33 46 2
1800144 33 46 2
1800176 33 47 0
1800176 33 47 0
1800252 33 47 2
1800260 33 47 2
1800404 33 12 0
1800404 33 12 0
1800474 33 12 2
1800477 33 12 2
1800961 33 1 0
1800961 33 1 0
1801011 33 1 2
1801026 33 1 2
1801474 33 46 0
1801474 33 46 0
1801540 33 46 2
1801552 33 46 2
1801584 33 47 0
1801584 33 47 0
1801658 33 47 2
1801666 33 47 2
1801810 33 12 0
1801810 33 12 0
1801876 33 12 2
1801883 33 12 2
1802367 33 1 0
1802367 33 1 0
1802417 33 1 2
1802425 33 1 2
1802859 33 2 0
1802860 33 2 2
1802873 33 46 0
1802873 33 46 0
1802939 33 46 2
1802952 33 46 2
1802984 33 47 0
1802984 33 47 0
1803058 33 47 2
1803067 33 47 2
1803211 33 12 0
1803211 33 12 0
1803281 33 12 2
1803283 33 12 2
1803767 33 1 0
1803767 33 1 0
1803817 33 1 2
1803828 33 1 2
1804276 33 46 0
1804276 33 46 0
1804342 33 46 2
1804353 33 46 2
1804385 33 47 0
1804385 33 47 0
1804473 33 47 2
1804480 33 47 2
1804624 33 12 0
1804624 33 12 0
1804690 33 12 2
1804700 33 12 2
1805184 33 1 0
1805184 33 1 0
1805236 33 1 2
1805247 33 1 2
1805695 33 46 0
1805695 33 46 0
1805761 33 46 2
1805769 33 46 2
1805801 33 47 0
1805801 33 47 0
1805876 33 47 2
1805884 33 47 2
1806028 33 12 0
1806028 33 12 0
1806095 33 12 2
1806101 33 12 2
1806585 33 1 0
1806585 33 1 0
1806635 33 1 2
1806644 33 1 2
1807092 33 46 0
1807092 33 46 0
1807158 33 46 2
1807166 33 46 2
1807198 33 47 0
1807198 33 47 0
1807272 33 47 2
1807281 33 47 2
1807425 33 12 0
1807425 33 12 0
1807491 33 12 2
1807499 33 12 2
1807975 33 9 0
1808049 33 9 2
1808173 33 55 0
1808271 33 55 2
1808275 33 1 0
1808275 33 1 0
1808325 33 1 2
1808386 33 1 2
1808410 33 56 0
1808492 33 56 2
1808512 33 45 0
1808618 33 45 2
1808674 33 46 0
1808755 33 46 2
1808831 33 63 0
1809084 33 63 2
1809092 33 47 0
1809122 33 36 2
1809182 33 47 2
1809286 33 62 0
1809286 33 62 0
1809369 33 62 2
1809380 33 62 2
1809676 33 3 0
1810015 33 3 2
1810023 33 19 0
1810085 33 0 2
1810113 33 19 2
1810117 33 3 0
1810537 33 3 2
1811038 33 14 2
1811041 33 3 0
1811128 33 2 0
1811129 33 2 2
1811190 33 3 2
1811259 33 14 2
1811370 33 0 2
1811462 33 37 2
1811564 33 42 2
1811660 33 25 2
1811670 33 3 0
1811993 33 2 0
1811994 33 2 2
1812096 33 3 2
1812267 33 61 2
1812276 33 3 0
1814047 33 32 2
1814257 33 2 0
1814258 33 2 2
1816928 33 3 2
1816996 33 52 2
1817000 33 3 0
1817337 33 3 2
1817404 33 15 2
1817409 33 3 0
1817453 33 30 2
1817563 33 31 2
1821193 33 3 2
1821260 33 8 2
1821265 33 3 0
1826221 33 3 2
1826295 33 5 2
1826305 33 3 0
1833360 33 2 0
1833361 33 2 2
1835473 33 3 2
1940340 33 2 0
1940341 33 0 0
1942909 33 2 0
1942910 33 2 2
1961454 33 2 0
1961455 33 2 2
1962007 33 2 0
1962008 33 2 2
1966781 33 2 0
1966782 33 2 2
1968699 33 2 0
1968700 33 2 2
1973281 33 2 0
1973282 33 2 2
1985254 33 2 0
1985255 33 2 2
2005710 33 2 0
2005711 33 2 2
2030050 33 2 0
2030051 33 0 0
2062284 33 2 0
2062285 33 7 1
2062527 33 2 2
2062593 33 7 2
2085604 33 2 0
2085605 33 7 1
2085847 33 2 2
2085913 33 7 2
2121670 33 2 0
2121671 33 7 1
2121906 33 2 2
2121971 33 7 2
2144535 33 2 0
2144536 33 7 1
2144777 33 2 2
2144843 33 7 2
2145541 33 2 0
2145542 33 7 1
2145776 33 2 2
2145841 33 7 2
2157119 33 2 0
2157120 33 7 1
2157356 33 2 2
2157421 33 7 2
2167801 33 2 0
2167802 33 2 2
2431800 33 2 0
2431801 33 2 2
2433424 33 2 0
2433425 33 2 2
2570038 33 1 0
2570197 33 2 0
2570198 33 2 2
2571295 33 2 0
2571296 33 2 2
2571342 33 35 0
2571343 33 35 2
2571565 33 1 2
2571961 33 36 0
2571961 33 36 0
2572439 33 36 2
2572483 33 37 0
2572483 33 37 0
2572590 33 37 2
2572633 33 37 2
2572722 33 8 0
2572722 33 8 0
2572772 33 8 2
2572800 33 8 2
2572848 33 0 0
2572848 33 0 0
2572907 33 0 2
2572984 33 0 2
2573072 33 36 0
2573114 33 36 2
2573524 33 36 2
2573532 33 36 0
2575011 33 36 2
2575043 33 38 0
2575043 33 38 0
2575143 33 38 2
2575569 33 35 0
2575570 33 0 0
2576138 33 38 2
2576298 33 54 0
2576298 33 54 0
2576402 33 54 2
2576478 33 54 2
2576538 33 37 0
2576538 33 37 0
2576588 33 37 2
2576597 33 37 2
2576613 33 40 0
2576613 33 40 0
2576648 33 40 2
2576695 33 40 2
2577667 33 47 0
2577667 33 47 0
2577741 33 47 2
2577879 33 47 2
2577903 33 11 0
2577903 33 11 0
2577961 33 11 2
2577978 33 11 2
2578106 33 1 0
2578163 33 1 2
2578299 33 29 2
2578687 33 14 0
2578824 33 29 2
2578958 33 29 2
2578999 33 14 2
2579011 33 15 0
2579011 33 15 0
2579044 33 53 0
2579045 33 53 2
2579101 33 15 2
2579118 33 15 2
2579206 33 38 0
2579206 33 38 0
2579264 33 38 2
2579531 33 38 2
2579687 33 46 0
2579766 33 46 2
2579810 33 12 0
2579885 33 12 2
2579893 33 0 0
2579893 33 0 0
2579951 33 0 2
2579968 33 0 2
2580116 33 47 0
2580198 33 47 2
2580214 33 12 0
2580301 33 12 2
2580337 33 47 0
2580425 33 47 2
2581173 33 54 0
2581173 33 54 0
2581247 33 54 2
2581259 33 54 2
2581287 33 40 0
2581287 33 40 0
2581321 33 40 2
2581329 33 40 2
2581529 33 32 2
2581829 33 30 2
2581949 33 58 0
2581949 33 58 0
2581999 33 58 2
2582024 33 58 2
2582075 33 32 2
2582077 33 31 2
2582104 33 59 0
2582104 33 59 0
2582162 33 59 2
2582181 33 59 2
2582210 33 32 2
2582241 33 38 0
2582241 33 38 0
2582263 33 0 2
2582301 33 38 2
2582309 33 38 2
2582362 33 30 2
2583606 33 31 2
2583746 33 31 2
2584946 33 53 0
2584947 33 0 0
2585383 33 53 2
2585384 33 53 0
2586945 33 2 0
2586946 33 0 0
2587076 33 2 0
2587077 33 0 0
2774628 33 2 0
2774629 33 7 1
2774870 33 2 2
2774936 33 7 2
2797958 33 2 0
2797959 33 7 1
2798200 33 2 2
2798266 33 7 2
3215711 33 2 0
3215712 33 2 2
3547383 33 38 0
3547383 33 38 0
3547425 33 2 0
3547426 33 2 2
3548783 33 38 2
3550885 33 38 2
3552301 33 7 0
3552511 33 7 2
3553079 33 38 0
3553079 33 38 0
3553125 33 2 0
3553126 33 0 0
3553138 33 38 2
3554368 33 53 0
3554369 33 53 2
3556983 33 38 2
3557710 33 53 0
3557711 33 0 0
3558116 33 53 2
3558117 33 53 0
3558927 33 38 0
3558927 33 38 0
3558985 33 38 2
3558993 33 38 2
3589749 33 2 0
3589750 33 2 2
3637460 33 2 0
3637461 33 2 2
4523897 33 38 0
4523897 33 38 0
4524206 33 38 2
4524234 33 53 0
4524235 33 53 2
4527525 33 53 0
4527526 33 0 0
4527928 33 53 0
4527929 33 53 2
4528856 33 38 2
4529242 33 0 2
4530272 33 7 0
4530626 33 7 2
4531194 33 38 0
4531194 33 38 0
4531252 33 38 2
4531329 33 38 2
4533273 33 38 0
4533273 33 38 0
4533331 33 38 2
4533340 33 38 2
4852993 33 2 0
4852994 33 2 2
4877313 33 2 0
4877314 33 7 1
4877554 33 2 2
4877619 33 7 2
4897787 33 2 0
4897788 33 2 2
4898114 33 2 0
4898115 33 2 2
5162590 33 2 0
5162591 33 2 2
5393900 33 2 0
5393901 33 2 2
5394863 33 2 0
5394864 33 2 2
5415579 33 2 0
5415580 33 7 1
5415821 33 2 2
5415887 33 7 2
5438949 33 2 0
5438950 33 7 1
5439191 33 2 2
5439257 33 7 2
5470013 33 2 0
5470014 33 2 2
5500501 33 38 0
5500501 33 38 0
5502583 33 38 2
5507425 33 38 2
5508984 33 53 0
5508985 33 53 2
5509409 33 38 0
5509409 33 38 0
5509467 33 38 2
5509534 33 38 2
5510124 33 2 0
5510125 33 0 0
5511478 33 38 0
5511478 33 38 0
5511536 33 38 2
5511543 33 38 2
5512413 33 53 0
5512414 33 0 0
5512816 33 53 0
5512817 33 53 2
5529605 33 2 0
5529606 33 2 2
5917089 33 2 0
5917090 33 2 2
6255753 33 2 0
6255754 33 7 1
6255995 33 2 2
6256061 33 7 2
6279253 33 2 0
6279254 33 7 1
6279495 33 2 2
6279561 33 7 2
6377085 33 2 0
6377086 33 2 2
6477034 33 38 0
6477034 33 38 0
6477826 33 53 0
6477827 33 53 2
6478157 33 38 2
6479939 33 38 2
6481747 33 53 0
6481748 33 0 0
6481923 33 38 0
6481923 33 38 0
6481981 33 38 2
6482150 33 53 0
6482151 33 53 2
6482398 33 0 2
6483419 33 38 2
6483703 33 7 0
6485397 33 2 0
6485398 33 0 0
6485653 33 7 2
6487313 33 38 0
6487313 33 38 0
6487379 33 38 2
6487441 33 38 2
