0 13 51 0
307 13 7 1
490 13 2 2
547 13 7 2
2897 13 51 2
2901 13 22 0
3079 13 22 2
3091 13 1 0
3638 13 1 2
3658 13 24 0
3792 13 24 2
4879 13 7 1
5060 13 0 2
5133 13 7 2
25933 13 7 1
26120 13 2 2
26177 13 7 2
38953 13 7 1
39140 13 2 2
39197 13 7 2
78451 13 7 1
78630 13 0 2
78703 13 7 2
84733 13 7 1
84921 13 2 2
84979 13 7 2
117557 13 7 1
117744 13 2 2
117801 13 7 2
149217 13 7 1
149404 13 2 2
149461 13 7 2
175248 13 7 1
175434 13 2 2
175491 13 7 2
200675 13 2 0
200676 13 7 1
200854 13 2 2
200911 13 7 2
252637 13 7 1
252638 13 2 0
252824 13 2 2
252881 13 7 2
272751 13 7 1
272934 13 2 2
272991 13 7 2
322149 13 7 1
322334 13 2 2
322391 13 7 2
326637 13 7 1
326824 13 2 2
326881 13 7 2
329809 13 7 1
329994 13 2 2
330051 13 7 2
364713 13 2 0
364714 13 2 2
372127 13 2 0
372128 13 0 0
385985 13 7 1
386164 13 2 2
386221 13 7 2
414251 13 2 0
414252 13 7 1
414434 13 2 2
414491 13 7 2
416729 13 2 0
416730 13 7 1
416914 13 2 2
416971 13 7 2
417647 13 2 0
417648 13 7 1
417834 13 2 2
417891 13 7 2
429735 13 2 0
429736 13 7 1
429914 13 2 2
429971 13 7 2
454805 13 7 1
454984 13 2 2
455041 13 7 2
473733 13 7 1
473914 13 2 2
473971 13 7 2
474663 13 2 0
474664 13 7 1
474844 13 2 2
474901 13 7 2
507313 13 2 0
507314 13 2 2
509561 13 2 0
509562 13 2 2
515740 13 2 0
515741 13 2 2
530255 13 2 0
530256 13 2 2
554988 13 2 0
554989 13 2 2
556441 13 2 0
556442 13 2 2
567638 13 2 0
567639 13 2 2
570034 13 2 0
570035 13 2 2
573791 13 2 0
573792 13 2 2
580150 13 2 0
580151 13 0 0
602197 13 2 0
602198 13 2 2
602737 13 2 2
602738 13 2 0
602943 13 2 0
602944 13 2 2
616455 13 4 0
618002 13 4 2
618054 13 44 0
619163 13 44 2
619175 13 5 0
619246 13 5 2
619258 13 45 0
619621 13 45 2
619689 13 24 0
619857 13 24 2
619889 13 25 0
619979 13 25 2
619987 13 26 0
620069 13 26 2
620109 13 27 0
620183 13 27 2
620203 13 33 0
620372 13 33 2
620392 13 35 0
620510 13 35 2
620518 13 41 0
620883 13 41 2
620899 13 42 0
621199 13 42 2
621231 13 1 0
621305 13 1 2
621341 13 36 0
621465 13 36 2
621477 13 43 0
621865 13 43 2
621881 13 17 0
621948 13 17 2
622040 13 27 0
622125 13 27 2
622129 13 37 0
622223 13 37 2
622235 13 17 0
622341 13 17 2
622349 13 15 0
622447 13 15 2
622487 13 16 0
622606 13 16 2
622646 13 18 0
622719 13 18 2
622743 13 61 0
622873 13 61 2
622885 13 54 0
623100 13 54 2
623120 13 8 0
623195 13 8 2
623203 13 19 0
623300 13 19 2
623304 13 35 0
623714 13 35 2
623730 13 53 0
623852 13 53 2
623892 13 33 0
623994 13 33 2
624006 13 36 0
624126 13 36 2
624146 13 40 0
624427 13 7 1
624440 13 40 2
624464 13 37 0
624570 13 37 2
624611 13 55 2
624674 13 38 0
624692 13 7 2
624823 13 55 0
624841 13 38 2
624845 13 38 0
624914 13 2 0
624916 13 2 2
625154 13 2 0
625155 13 2 2
625156 13 38 2
625180 13 8 0
625205 13 55 0
625266 13 8 2
625274 13 29 0
625423 13 29 2
625463 13 0 0
625547 13 0 2
625559 13 38 0
625582 13 55 0
625924 13 38 2
625940 13 39 0
626112 13 39 2
626116 13 39 0
626490 13 39 2
626546 13 36 0
626617 13 55 0
626622 13 7 1
626655 13 36 2
626687 13 38 0
626736 13 55 0
626822 13 38 2
626828 13 52 2
626838 13 51 0
626901 13 7 2
627210 13 51 2
627266 13 4 0
627498 13 4 2
627506 13 52 0
627647 13 52 2
627683 13 12 0
627771 13 55 0
627902 13 55 0
627919 13 12 2
627939 13 53 0
628432 13 53 2
628456 13 54 0
628795 13 54 2
628811 13 11 0
629103 13 11 2
629115 13 56 0
629354 13 56 2
629358 13 12 0
629597 13 12 2
629605 13 57 0
629781 13 57 2
629785 13 2 0
630176 13 2 2
630228 13 37 0
630414 13 37 2
630430 13 40 0
630575 13 40 2
630631 13 58 0
630881 13 58 2
630941 13 35 0
631123 13 35 2
631127 13 50 0
631354 13 50 2
631374 13 62 0
631666 13 7 1
631744 13 7 1
631851 13 0 2
631924 13 7 2
631958 13 7 1
631961 13 20 2
631978 13 62 2
632002 13 7 2
632006 13 38 0
632041 13 7 1
632161 13 26 2
632225 13 7 2
632268 13 7 1
632271 13 12 2
632305 13 7 2
632318 13 38 2
632390 13 63 0
632472 13 5 2
632473 13 7 1
632504 13 7 2
632568 13 7 1
632637 13 63 2
632661 13 23 2
632677 13 12 0
632688 13 7 1
632710 13 7 2
632771 13 6 2
632811 13 7 2
632881 13 4 2
632922 13 7 2
632933 13 7 1
632943 13 12 2
632967 13 2 0
633054 13 2 2
633078 13 13 0
633087 13 7 1
633111 13 11 2
633152 13 7 2
633271 13 13 2
633286 13 13 2
633295 13 7 2
633329 13 7 1
633382 13 3 0
633478 13 3 2
633511 13 59 2
633518 13 23 0
633541 13 7 1
633600 13 7 2
633651 13 7 1
633708 13 23 2
633724 13 24 0
633736 13 7 1
633761 13 29 2
633802 13 7 2
633849 13 24 2
633871 13 15 2
633912 13 7 2
633917 13 7 1
633957 13 48 0
633982 13 10 2
634031 13 7 2
634041 13 7 1
634101 13 22 2
634142 13 7 2
634221 13 34 2
634237 13 7 1
634267 13 48 2
634275 13 25 0
634294 13 7 2
634371 13 7 1
634376 13 25 2
634404 13 26 0
634421 13 33 2
634502 13 7 2
634515 13 26 2
634552 13 35 2
634553 13 7 1
634595 13 0 0
634616 13 7 2
634718 13 0 2
634726 13 3 0
634731 13 44 2
634796 13 7 2
634803 13 7 1
634892 13 3 2
634907 13 7 1
634936 13 4 0
634975 13 7 1
634991 13 55 2
635070 13 4 2
635074 13 7 2
635121 13 1 2
635124 13 7 1
635166 13 5 0
635186 13 7 2
635231 13 14 2
635264 13 7 2
635345 13 9 2
635403 13 7 1
635404 13 7 2
635496 13 5 2
635536 13 15 0
635581 13 52 2
635588 13 7 1
635655 13 7 2
635703 13 7 1
635771 13 60 2
635796 13 7 1
635851 13 7 2
635881 13 19 2
635930 13 7 2
635991 13 7 2
636040 13 7 2
636048 13 15 2
636056 13 14 0
636073 13 7 1
636167 13 7 1
636251 13 56 2
636346 13 7 1
636361 13 30 2
636364 13 7 2
636396 13 14 2
636408 13 50 0
636412 13 7 2
636458 13 7 1
636533 13 46 2
636577 13 7 1
636600 13 7 2
636641 13 27 2
636697 13 7 2
636761 13 21 2
636794 13 7 2
636830 13 7 1
636858 13 50 2
636886 13 6 0
636929 13 7 1
637011 13 57 2
637117 13 7 2
637121 13 36 2
637130 13 7 1
637178 13 7 2
637259 13 7 1
637304 13 6 2
637311 13 58 2
637324 13 4 0
637360 13 7 1
637408 13 7 2
637415 13 4 2
637423 13 8 0
637441 13 49 2
637506 13 8 2
637510 13 47 0
637528 13 7 1
637538 13 7 2
637601 13 3 2
637650 13 7 2
637711 13 16 2
637759 13 7 1
637776 13 47 2
637784 13 49 0
637785 13 7 2
637899 13 7 1
637941 13 51 2
638024 13 7 2
638039 13 49 2
638055 13 11 0
638081 13 40 2
638093 13 7 1
638178 13 11 2
638179 13 7 2
638213 13 7 1
638214 13 5 0
638281 13 53 2
638314 13 5 2
638338 13 37 0
638345 13 7 2
638365 13 7 1
638391 13 45 2
638448 13 7 2
638551 13 31 2
638562 13 7 1
638608 13 7 2
638698 13 7 1
638733 13 37 2
638741 13 61 2
638797 13 4 0
638814 13 7 2
638854 13 7 1
638881 13 39 2
638900 13 4 2
638904 13 1 0
638945 13 7 2
639041 13 38 2
639090 13 1 2
639098 13 7 2
639106 13 7 1
639118 13 27 0
639204 13 7 1
639222 13 27 2
639230 13 2 0
639293 13 63 2
639331 13 7 1
639333 13 2 2
639345 13 11 0
639382 13 7 2
639401 13 18 2
639423 13 11 2
639431 13 7 0
639458 13 7 2
639476 13 7 1
639514 13 48 2
639533 13 7 2
639553 13 3 0
639617 13 7 1
639619 13 7 2
639692 13 32 2
639711 13 3 2
639782 13 7 2
639797 13 7 1
639819 13 6 0
639851 13 37 2
639876 13 7 1
639901 13 7 2
639981 13 6 2
639984 13 42 2
640001 13 9 0
640065 13 7 2
640095 13 17 2
640142 13 9 2
640160 13 7 2
640264 13 7 1
640268 13 7 1
640314 13 8 0
640461 13 3 2
640477 13 7 1
640510 13 7 2
640586 13 7 1
640589 13 8 2
640596 13 47 2
640601 13 11 0
640669 13 7 2
640695 13 7 1
640702 13 50 2
640791 13 7 2
640797 13 7 1
640806 13 11 2
640811 13 2 2
640826 13 12 0
640869 13 7 2
640895 13 7 1
640931 13 54 2
640934 13 12 2
640958 13 16 0
640985 13 7 1
641004 13 7 2
641041 13 25 2
641070 13 7 1
641114 13 7 2
641130 13 7 1
641151 13 41 2
641215 13 16 2
641223 13 13 0
641240 13 7 2
641261 13 42 2
641311 13 0 2
641342 13 7 2
641345 13 7 1
641371 13 24 2
641384 13 7 2
641392 13 0 0
641451 13 7 2
641471 13 13 2
641481 13 0 0
641519 13 2 0
641551 13 62 2
641555 13 7 1
641608 13 0 0
641632 13 7 2
641661 13 7 1
641718 13 0 0
641754 13 7 1
641771 13 8 2
641836 13 7 2
641852 13 0 0
641891 13 43 2
641962 13 0 0
641964 13 7 2
642001 13 28 2
642050 13 7 2
642142 13 2 2
642160 13 0 0
642174 13 40 0
642260 13 0 0
642458 13 0 0
642545 13 40 2
642549 13 25 0
642550 13 0 0
642650 13 0 0
642678 13 25 2
642694 13 31 0
642752 13 0 0
642852 13 0 0
642902 13 31 2
642938 13 33 0
642942 13 0 0
643067 13 33 2
643071 13 36 0
643249 13 0 0
643349 13 0 0
643488 13 0 0
643531 13 36 2
643539 13 4 0
643597 13 0 0
643642 13 4 2
643724 13 0 0
643734 13 5 0
643847 13 0 0
643962 13 0 0
644070 13 0 0
644180 13 0 0
644278 13 0 0
644396 13 0 0
644461 13 5 2
644493 13 34 0
644608 13 34 2
644628 13 35 0
644832 13 0 0
644846 13 35 2
644870 13 32 0
644975 13 0 0
645098 13 0 0
645100 13 32 2
645168 13 17 0
645240 13 0 0
645352 13 0 0
645459 13 17 2
645471 13 0 0
645602 13 0 0
645755 13 38 0
645755 13 38 0
645805 13 38 2
645836 13 0 0
645948 13 38 2
645956 13 27 0
646017 13 0 0
646160 13 27 2
646180 13 35 0
646198 13 0 0
646269 13 35 2
646325 13 28 0
646333 13 0 0
646423 13 28 2
646424 13 0 0
646491 13 3 0
646541 13 3 2
646545 13 46 0
646562 13 0 0
646762 13 0 0
646838 13 46 2
646858 13 4 0
646894 13 0 0
646899 13 4 2
646931 13 0 0
647024 13 0 0
647049 13 0 2
647053 13 29 0
647166 13 0 0
647307 13 0 0
647406 13 29 2
647427 13 0 0
647550 13 47 0
647559 13 0 0
647714 13 0 0
647797 13 47 2
647842 13 0 0
647869 13 30 0
647945 13 0 0
648062 13 0 0
648156 13 0 0
648324 13 0 0
648365 13 30 2
648468 13 0 0
648580 13 0 0
648684 13 0 0
648717 13 31 0
648784 13 0 0
648802 13 2 0
648925 13 0 0
649042 13 31 2
649044 13 0 0
649046 13 44 0
649163 13 0 0
649304 13 0 0
649391 13 0 0
649497 13 0 0
649612 13 0 0
649762 13 44 2
649770 13 43 0
649840 13 0 0
650075 13 43 2
650207 13 32 0
650361 13 32 2
650433 13 33 0
650597 13 33 2
650645 13 33 0
650760 13 33 2
650768 13 27 0
650903 13 27 2
651007 13 54 0
651083 13 7 1
651165 13 54 2
651177 13 28 0
651283 13 0 2
651291 13 28 2
651307 13 13 0
651316 13 7 1
651356 13 7 2
651511 13 13 2
651526 13 13 2
651534 13 56 0
651535 13 7 2
651770 13 56 2
651786 13 14 0
652076 13 14 2
652176 13 41 0
652282 13 41 2
652330 13 61 0
652463 13 61 2
652467 13 39 0
652717 13 39 2
652729 13 7 0
652833 13 7 2
652893 13 8 0
652978 13 8 2
653010 13 63 0
653157 13 63 2
653265 13 0 0
653359 13 0 2
653387 13 57 0
653613 13 57 2
653681 13 58 0
653891 13 58 2
653975 13 46 0
654416 13 46 2
654428 13 59 0
654558 13 59 2
654590 13 32 0
654700 13 32 2
654708 13 50 0
654833 13 50 2
654909 13 60 0
655044 13 60 2
655052 13 62 0
655206 13 62 2
655210 13 3 0
655330 13 3 2
655342 13 5 0
655486 13 5 2
655514 13 17 0
655605 13 17 2
655625 13 6 0
655722 13 6 2
655814 13 11 0
655923 13 7 1
656093 13 11 2
656101 13 10 0
656101 13 49 2
656168 13 10 2
656188 13 11 0
656200 13 7 2
656407 13 11 2
656415 13 6 0
656489 13 6 2
656525 13 36 0
656826 13 36 2
656886 13 12 0
656968 13 12 2
656976 13 0 0
657057 13 0 2
657181 13 15 0
657298 13 15 2
657418 13 7 0
657518 13 7 2
657534 13 0 0
657799 13 0 2
657947 13 9 0
658035 13 9 2
658067 13 8 0
658248 13 8 2
658276 13 40 0
658569 13 40 2
658581 13 41 0
658923 13 41 2
659019 13 14 0
659344 13 14 2
659660 13 29 0
659952 13 29 2
659992 13 30 0
660091 13 7 1
660301 13 31 2
660360 13 7 2
660366 13 30 2
660410 13 17 0
660613 13 17 2
660669 13 18 0
661093 13 18 2
661141 13 19 0
661428 13 19 2
661464 13 21 0
661855 13 21 2
661887 13 22 0
662369 13 22 2
662525 13 4 0
662728 13 4 2
662756 13 18 0
663038 13 18 2
663210 13 61 0
663430 13 61 2
663502 13 54 0
663633 13 54 2
663665 13 55 0
663834 13 55 2
664062 13 40 0
664188 13 40 2
664216 13 49 0
664342 13 49 2
664354 13 51 0
664460 13 51 2
664480 13 37 0
664582 13 37 2
664586 13 20 0
664659 13 20 2
664675 13 3 0
664974 13 3 2
665066 13 21 0
665139 13 21 2
665147 13 56 0
665347 13 56 2
665367 13 57 0
665741 13 57 2
665829 13 58 0
666072 13 58 2
666152 13 59 0
666311 13 59 2
666335 13 63 0
666488 13 63 2
666572 13 33 0
666683 13 33 2
670963 13 0 2
690407 13 2 0
690408 13 7 1
690590 13 2 2
690647 13 7 2
722318 13 7 1
722501 13 2 2
722559 13 7 2
798088 13 2 0
798089 13 2 2
800715 13 2 0
800716 13 2 2
807731 13 2 0
807732 13 2 2
823242 13 2 0
823243 13 2 2
824112 13 2 0
824113 13 2 2
826599 13 2 0
826600 13 2 2
830101 13 2 0
830102 13 2 2
860021 13 2 0
860022 13 7 1
860208 13 2 2
860265 13 7 2
865154 13 2 0
865155 13 7 1
865338 13 2 2
865395 13 7 2
881788 13 2 0
881789 13 7 1
881968 13 2 2
882025 13 7 2
904920 13 2 0
904921 13 2 2
916368 13 2 2
916369 13 2 0
958099 13 2 2
958100 13 2 0
959181 13 2 0
959182 13 2 2
961068 13 2 0
961069 13 2 2
998957 13 2 0
998958 13 7 1
999141 13 2 2
999198 13 7 2
1023645 13 2 2
1023792 13 2 2
1024003 13 2 2
1082140 13 2 0
1082141 13 55 0
1120349 13 2 0
1120350 13 7 1
1120531 13 2 2
1120588 13 7 2
1133014 13 2 0
1133015 13 0 0
1154932 13 2 0
1154933 13 2 2
1155452 13 2 0
1155453 13 2 2
1158289 13 2 0
1158290 13 2 2
1158894 13 2 0
1158895 13 2 2
1159485 13 2 0
1159486 13 2 2
1182929 13 2 0
1182930 13 7 1
1183110 13 2 2
1183167 13 7 2
1186103 13 2 0
1186104 13 2 2
1211944 13 2 0
1211945 13 2 2
1212266 13 2 0
1212267 13 2 2
1229879 13 2 0
1229880 13 2 2
1233265 13 2 0
1233266 13 2 2
1275272 13 2 0
1275273 13 2 2
1283936 13 2 0
1283937 13 2 2
1298003 13 2 0
1298004 13 7 1
1298189 13 2 2
1298246 13 7 2
1328152 13 2 0
1328153 13 2 2
1328556 13 2 0
1328557 13 2 2
1331601 13 2 0
1331602 13 2 2
1380051 13 2 0
1380052 13 7 1
1380238 13 2 2
1380295 13 7 2
1387476 13 2 0
1387477 13 7 1
1387658 13 2 2
1387715 13 7 2
1392937 13 2 0
1392938 13 7 1
1393118 13 2 2
1393175 13 7 2
1396320 13 2 0
1396321 13 7 1
1396508 13 2 2
1396565 13 7 2
1400021 13 2 0
1400022 13 7 1
1400208 13 2 2
1400265 13 7 2
1422712 13 2 0
1422713 13 7 1
1422898 13 2 2
1422955 13 7 2
1429957 13 2 0
1429958 13 7 1
1430138 13 2 2
1430195 13 7 2
1441373 13 2 0
1441374 13 2 2
1451458 13 2 0
1451459 13 7 1
1451639 13 2 2
1451697 13 7 2
1474708 13 2 0
1474709 13 7 1
1474889 13 2 2
1474947 13 7 2
1501195 13 2 0
1501196 13 2 2
1505661 13 2 0
1505662 13 2 2
1517988 13 2 0
1517989 13 2 2
1519965 13 2 0
1519966 13 2 2
1526864 13 2 0
1526865 13 2 2
1533132 13 2 0
1533133 13 7 1
1533320 13 2 2
1533377 13 7 2
1539384 13 2 0
1539385 13 2 2
1546505 13 2 0
1546506 13 7 1
1546690 13 2 2
1546747 13 7 2
1560750 13 2 0
1560751 13 2 2
1585599 13 2 0
1585600 13 2 2
1594252 13 38 0
1594252 13 38 0
1595828 13 38 2
1600972 13 2 0
1600973 13 2 2
1602207 13 38 2
1602399 13 12 0
1602432 13 12 2
1603692 13 7 0
1603774 13 7 2
1604109 13 2 0
1604110 13 0 0
1604850 13 38 0
1604850 13 38 0
1604960 13 38 2
1604965 13 38 2
1605121 13 46 0
1605188 13 46 2
1605388 13 47 0
1605463 13 47 2
1608455 13 42 0
1608726 13 42 2
1609302 13 43 0
1609585 13 43 2
1610161 13 44 0
1610458 13 44 2
1611034 13 45 0
1611304 13 45 2
1611880 13 46 0
1612174 13 46 2
1612750 13 47 0
1613000 13 47 2
1613576 13 48 0
1613893 13 48 2
1614469 13 49 0
1614823 13 49 2
1615399 13 50 0
1615675 13 50 2
1616251 13 51 0
1616536 13 51 2
1617112 13 52 0
1617433 13 52 2
1617617 13 2 0
1617618 13 2 2
1618009 13 53 0
1618302 13 53 2
1618878 13 54 0
1619194 13 54 2
1619770 13 55 0
1620050 13 55 2
1620626 13 56 0
1620952 13 56 2
1621528 13 57 0
1621901 13 57 2
1622477 13 58 0
1622756 13 58 2
1623332 13 59 0
1623616 13 59 2
1624192 13 60 0
1624572 13 60 2
1625148 13 61 0
1625490 13 61 2
1626066 13 62 0
1626364 13 62 2
1626940 13 63 0
1627229 13 63 2
1627805 13 0 0
1627805 13 0 0
1627871 13 0 2
1628143 13 0 2
1628411 13 2 0
1628586 13 2 2
1628642 13 3 0
1628766 13 3 2
1628770 13 7 0
1629038 13 7 2
1629126 13 4 0
1629126 13 4 0
1629160 13 4 2
1629333 13 4 2
1629721 13 1 0
1630003 13 1 2
1630579 13 2 0
1630884 13 2 2
1631460 13 3 0
1631794 13 3 2
1632075 13 7 1
1632255 13 62 2
1632281 13 7 1
1632337 13 7 2
1632370 13 4 0
1632495 13 35 2
1632561 13 7 2
1632611 13 7 1
1632613 13 4 2
1632825 13 25 2
1632899 13 7 2
1633117 13 7 1
1633189 13 5 0
1633266 13 7 1
1633345 13 47 2
1633360 13 7 1
1633419 13 7 2
1633463 13 5 2
1633465 13 61 2
1633471 13 7 1
1633540 13 7 2
1633577 13 7 1
1633595 13 45 2
1633653 13 7 2
1633695 13 7 1
1633705 13 38 2
1633763 13 7 2
1633815 13 21 2
1633849 13 7 2
1633925 13 22 2
1633967 13 7 2
1633969 13 7 1
1634039 13 6 0
1634077 13 7 1
1634155 13 51 2
1634163 13 7 1
1634237 13 7 2
1634265 13 33 2
1634346 13 7 2
1634375 13 37 2
1634423 13 6 2
1634427 13 7 2
1634467 13 7 1
1634655 13 42 2
1634657 13 7 1
1634737 13 7 2
1634845 13 54 2
1634863 13 7 1
1634919 13 7 2
1634948 13 7 1
1634999 13 7 0
1635043 13 7 1
1635045 13 63 2
1635135 13 7 2
1635155 13 16 2
1635160 13 7 1
1635229 13 7 2
1635265 13 27 2
1635323 13 7 2
1635338 13 7 2
1635375 13 8 2
1635441 13 7 2
1635683 13 7 1
1635739 13 7 1
1635875 13 58 2
1635914 13 8 0
1635914 13 8 0
1635972 13 8 2
1635973 13 7 2
1635995 13 14 2
1636013 13 7 1
1636029 13 7 2
1636151 13 7 1
1636195 13 49 2
1636229 13 7 1
1636293 13 7 2
1636304 13 8 2
1636335 13 48 2
1636355 13 7 1
1636441 13 7 2
1636445 13 52 2
1636465 13 7 1
1636518 13 7 2
1636555 13 50 2
1636611 13 7 1
1636645 13 7 2
1636665 13 32 2
1636740 13 7 1
1636755 13 7 2
1636815 13 31 2
1636868 13 7 1
1636873 13 7 2
1636880 13 9 0
1636925 13 53 2
1636955 13 7 1
1636991 13 7 2
1637055 13 46 2
1637122 13 7 2
1637137 13 7 1
1637165 13 10 2
1637184 13 9 2
1637214 13 7 2
1637335 13 60 2
1637349 13 7 1
1637417 13 7 2
1637498 13 2 2
1637535 13 43 2
1637579 13 7 1
1637609 13 7 2
1637640 13 7 1
1637645 13 2 2
1637743 13 7 1
1637760 13 10 0
1637765 13 56 2
1637837 13 7 1
1637856 13 2 2
1637875 13 17 2
1637880 13 7 2
1637941 13 7 2
1637956 13 7 1
1637985 13 36 2
1638043 13 7 2
1638056 13 10 2
1638065 13 7 1
1638095 13 11 2
1638137 13 7 2
1638175 13 7 1
1638205 13 28 2
1638255 13 7 2
1638315 13 19 2
1638325 13 7 1
1638365 13 7 2
1638411 13 7 1
1638425 13 3 2
1638475 13 7 2
1638506 13 7 1
1638535 13 59 2
1638616 13 7 1
1638625 13 7 2
1638632 13 11 0
1638645 13 1 2
1638711 13 7 2
1638743 13 7 1
1638857 13 7 1
1638865 13 29 2
1638907 13 7 2
1638946 13 11 2
1638975 13 4 2
1639017 13 7 2
1639085 13 18 2
1639143 13 7 2
1639158 13 7 1
1639195 13 20 2
1639237 13 7 2
1639273 13 7 1
1639345 13 55 2
1639351 13 7 1
1639427 13 7 2
1639455 13 40 2
1639468 13 7 1
1639522 13 12 0
1639553 13 7 2
1639565 13 26 2
1639597 13 7 1
1639631 13 7 2
1639675 13 39 2
1639684 13 7 1
1639741 13 7 2
1639785 13 24 2
1639794 13 12 2
1639866 13 7 2
1639895 13 15 2
1639931 13 7 1
1639937 13 7 2
1640025 13 7 1
1640095 13 7 1
1640135 13 57 2
1640241 13 7 2
1640245 13 41 2
1640293 13 7 1
1640334 13 7 2
1640365 13 6 2
1640370 13 13 0
1640379 13 7 1
1640406 13 7 2
1640485 13 30 2
1640514 13 7 1
1640535 13 7 2
1640595 13 13 2
1640611 13 13 2
1640620 13 7 2
1640639 13 7 1
1640705 13 9 2
1640741 13 7 1
1640763 13 7 2
1640819 13 7 1
1640825 13 34 2
1640899 13 7 2
1640935 13 44 2
1641000 13 7 2
1641045 13 12 2
1641047 13 7 1
1641079 13 7 2
1641187 13 14 0
1641245 13 5 2
1641279 13 7 2
1641554 13 14 2
1642093 13 7 1
1642130 13 15 0
1642285 13 23 2
1642313 13 7 1
1642335 13 7 2
1642459 13 15 2
1642505 13 7 2
1642555 13 7 2
1643035 13 16 0
1643332 13 16 2
1643908 13 17 0
1644222 13 17 2
1644798 13 18 0
1645086 13 18 2
1645662 13 19 0
1645955 13 19 2
1646531 13 20 0
1646803 13 20 2
1647379 13 21 0
1647659 13 21 2
1648235 13 22 0
1648604 13 22 2
1649180 13 23 0
1649490 13 23 2
1650066 13 24 0
1650360 13 24 2
1650936 13 25 0
1651270 13 25 2
1651846 13 26 0
1652126 13 26 2
1652638 13 7 1
1652702 13 27 0
1652825 13 0 2
1652899 13 7 2
1652995 13 27 2
1653571 13 28 0
1653973 13 28 2
1654549 13 29 0
1654798 13 29 2
1655374 13 30 0
1655694 13 30 2
1656270 13 31 0
1656520 13 31 2
1657096 13 32 0
1657378 13 32 2
1657954 13 33 0
1658278 13 33 2
1658854 13 34 0
1659146 13 34 2
1659722 13 35 0
1660017 13 35 2
1660593 13 36 0
1660888 13 36 2
1661464 13 37 0
1661736 13 37 2
1662312 13 38 0
1662624 13 38 2
1663200 13 39 0
1663450 13 39 2
1678186 13 8 0
1678464 13 8 2
1708250 13 2 0
1709320 13 2 0
1709447 13 2 0
1709543 13 2 0
1710393 13 2 0
1710552 13 2 0
1710684 13 2 0
1710853 13 2 0
1710995 13 2 0
1711145 13 2 0
1711333 13 2 0
1711458 13 2 0
1711587 13 2 0
1711839 13 2 0
1711982 13 2 0
1712012 13 31 0
1712344 13 31 2
1712388 13 35 0
1712612 13 2 0
1712696 13 35 2
1712756 13 32 0
1712835 13 2 0
1712935 13 32 2
1712991 13 46 0
1713055 13 46 2
1713077 13 2 0
1713087 13 12 0
1713119 13 12 2
1713131 13 33 0
1713167 13 2 0
1713238 13 33 2
1713330 13 34 0
1713336 13 2 0
1713440 13 34 2
1713472 13 1 0
1713499 13 2 0
1713537 13 1 2
1713576 13 2 0
1713581 13 32 0
1713737 13 32 2
1713745 13 35 0
1713839 13 35 2
1713843 13 60 0
1713991 13 60 2
1714007 13 61 0
1714183 13 61 2
1714236 13 2 0
1714243 13 48 0
1714520 13 2 0
1714639 13 2 0
1714931 13 48 2
1714963 13 2 0
1714971 13 49 0
1715127 13 49 2
1715163 13 36 0
1715163 13 36 0
1715196 13 2 0
1715213 13 36 2
1715269 13 36 2
1715317 13 2 0
1715333 13 37 0
1715333 13 37 0
1715375 13 37 2
1715423 13 2 0
1715429 13 37 2
1715477 13 58 0
1715477 13 58 0
1715567 13 58 2
1715569 13 2 0
1715702 13 2 0
1715743 13 58 2
1715755 13 31 0
1715862 13 2 0
1715999 13 2 0
1716010 13 31 2
1716022 13 30 0
1716108 13 55 0
1716179 13 2 0
1716317 13 30 2
1716325 13 59 0
1716325 13 59 0
1716381 13 2 0
1716408 13 59 2
1716478 13 2 0
1716513 13 59 2
1716553 13 2 0
1716565 13 34 0
1716760 13 2 0
1716838 13 34 2
1716878 13 0 0
1716878 13 0 0
1716946 13 0 2
1716952 13 2 0
1717108 13 0 2
1717116 13 33 0
1717172 13 2 0
1717242 13 2 0
1717325 13 2 0
1717406 13 2 0
1717456 13 33 2
1717472 13 60 0
1717570 13 2 0
1717747 13 2 0
1717852 13 60 2
1717872 13 32 0
1717952 13 2 0
1718155 13 32 2
1718231 13 61 0
1718239 13 2 0
1718358 13 61 2
1718480 13 2 0
1718482 13 62 0
1718661 13 2 0
1718747 13 2 0
1718764 13 62 2
1718852 13 12 0
1718920 13 12 2
1718932 13 39 0
1718994 13 2 0
1719134 13 2 0
1719318 13 2 0
1719431 13 2 0
1719555 13 2 0
1719633 13 39 2
1719645 13 13 0
1719674 13 2 0
1719731 13 55 0
1719795 13 13 2
1719799 13 48 0
1719807 13 2 0
1719902 13 2 0
1719921 13 48 2
1719933 13 59 0
1719998 13 2 0
1720055 13 59 2
1720083 13 54 0
1720083 13 54 0
1720149 13 54 2
1720150 13 2 0
1720198 13 54 2
1720238 13 55 0
1720244 13 2 0
1720390 13 2 0
1720478 13 55 2
1720502 13 56 0
1720537 13 2 0
1720675 13 56 2
1720703 13 57 0
1720837 13 57 2
1720901 13 58 0
1721118 13 58 2
1721154 13 49 0
1721273 13 49 2
1721313 13 63 0
1721482 13 63 2
1721530 13 15 0
1721644 13 15 2
1721660 13 44 0
1721762 13 44 2
1721782 13 45 0
1721890 13 45 2
1722138 13 0 0
1722270 13 0 2
1722293 13 55 0
1722362 13 1 0
1722457 13 1 2
1722557 13 2 0
1722643 13 2 2
1722651 13 47 0
1722658 13 11 2
1722724 13 47 2
1722736 13 41 0
1722979 13 10 2
1722985 13 41 2
1723057 13 3 0
1723125 13 3 2
1723197 13 11 2
1723327 13 11 2
1723385 13 5 0
1723460 13 5 2
1723508 13 6 0
1723523 13 11 2
1723526 13 10 2
1723621 13 6 2
1723665 13 10 2
1723709 13 7 0
1723767 13 2 0
1723768 13 2 2
1723844 13 7 2
1723867 13 10 2
1723952 13 8 0
1724065 13 8 2
1724121 13 1 0
1724121 13 1 0
1724179 13 1 2
1724205 13 1 2
1724426 13 12 2
1724653 13 46 0
1724730 13 55 0
1724737 13 46 2
1724745 13 4 0
1724860 13 4 2
1724884 13 47 0
1724956 13 12 2
1724966 13 47 2
1725110 13 12 0
1725155 13 12 2
1725160 13 12 2
1725238 13 8 2
1725341 13 12 2
1725524 13 10 0
1725679 13 10 2
1725799 13 1 0
1725801 13 8 2
1725957 13 8 2
1725985 13 1 2
1726176 13 8 2
1726433 13 46 0
1726433 13 46 0
1726542 13 46 2
1726586 13 46 2
1726618 13 47 0
1726711 13 47 2
1726855 13 12 0
1726912 13 12 2
1727396 13 1 0
1727396 13 1 0
1727455 13 1 2
1727462 13 1 2
1727475 13 55 0
1727894 13 9 0
1727968 13 9 2
1727984 13 46 0
1728068 13 46 2
1728100 13 47 0
1728100 13 47 0
1728167 13 47 2
1728220 13 47 2
1728364 13 12 0
1728364 13 12 0
1728390 13 12 2
1728398 13 12 2
1728688 13 55 0
1728882 13 1 0
1728882 13 1 0
1728940 13 1 2
1728951 13 1 2
1729399 13 46 0
1729399 13 46 0
1729462 13 46 2
1729464 13 46 2
1729496 13 47 0
1729496 13 47 0
1729582 13 47 2
1729600 13 47 2
1729744 13 12 0
1729744 13 12 0
1729770 13 12 2
1729777 13 12 2
1730261 13 1 0
1730261 13 1 0
1730319 13 1 2
1730327 13 1 2
1730556 13 55 0
1730775 13 46 0
1730775 13 46 0
1730853 13 46 2
1730861 13 46 2
1730893 13 47 0
1730893 13 47 0
1730979 13 47 2
1730999 13 47 2
1731143 13 12 0
1731143 13 12 0
1731169 13 12 2
1731177 13 12 2
1731661 13 1 0
1731661 13 1 0
1731719 13 1 2
1731727 13 1 2
1732001 13 55 0
1732175 13 46 0
1732175 13 46 0
1732236 13 46 2
1732265 13 46 2
1732266 13 55 0
1732297 13 47 0
1732297 13 47 0
1732383 13 47 2
1732401 13 47 2
1732545 13 12 0
1732545 13 12 0
1732571 13 12 2
1732579 13 12 2
1733063 13 1 0
1733063 13 1 0
1733121 13 1 2
1733129 13 1 2
1733409 13 55 0
1733543 13 55 0
1733577 13 46 0
1733577 13 46 0
1733635 13 46 2
1733659 13 46 2
1733691 13 47 0
1733691 13 47 0
1733777 13 47 2
1733795 13 47 2
1733932 13 2 0
1733933 13 2 2
1733939 13 12 0
1733939 13 12 0
1733967 13 12 2
1733976 13 12 2
1734460 13 1 0
1734460 13 1 0
1734518 13 1 2
1734526 13 1 2
1734974 13 46 0
1734974 13 46 0
1735032 13 46 2
1735044 13 46 2
1735076 13 47 0
1735076 13 47 0
1735162 13 47 2
1735179 13 47 2
1735323 13 12 0
1735323 13 12 0
1735349 13 12 2
1735356 13 12 2
1735840 13 1 0
1735840 13 1 0
1735898 13 1 2
1735905 13 1 2
1736199 13 55 0
1736353 13 46 0
1736353 13 46 0
1736411 13 46 2
1736419 13 46 2
1736451 13 47 0
1736451 13 47 0
1736560 13 47 2
1736562 13 47 2
1736706 13 12 0
1736706 13 12 0
1736732 13 12 2
1736739 13 12 2
1737223 13 1 0
1737223 13 1 0
1737246 13 55 0
1737281 13 1 2
1737289 13 1 2
1737377 13 55 0
1737737 13 46 0
1737737 13 46 0
1737795 13 46 2
1737803 13 46 2
1737835 13 47 0
1737835 13 47 0
1737921 13 47 2
1737939 13 47 2
1738083 13 12 0
1738083 13 12 0
1738109 13 12 2
1738117 13 12 2
1738601 13 1 0
1738601 13 1 0
1738659 13 1 2
1738667 13 1 2
1739099 13 10 0
1739173 13 10 2
1739189 13 46 0
1739189 13 46 0
1739255 13 46 2
1739257 13 46 2
1739287 13 47 0
1739287 13 47 0
1739355 13 47 2
1739370 13 47 2
1739514 13 12 0
1739514 13 12 0
1739540 13 12 2
1739548 13 12 2
1740032 13 1 0
1740032 13 1 0
1740090 13 1 2
1740098 13 1 2
1740546 13 46 0
1740546 13 46 0
1740604 13 46 2
1740612 13 46 2
1740644 13 47 0
1740644 13 47 0
1740740 13 47 2
1740749 13 47 2
1740893 13 12 0
1740893 13 12 0
1740919 13 12 2
1740927 13 12 2
1741411 13 1 0
1741411 13 1 0
1741470 13 1 2
1741478 13 1 2
1741926 13 46 0
1741926 13 46 0
1741984 13 46 2
1741992 13 46 2
1742024 13 47 0
1742024 13 47 0
1742111 13 47 2
1742132 13 47 2
1742276 13 12 0
1742276 13 12 0
1742302 13 12 2
1742311 13 12 2
1742795 13 1 0
1742795 13 1 0
1742858 13 1 2
1742870 13 1 2
1742901 13 55 0
1743228 13 55 0
1743318 13 46 0
1743318 13 46 0
1743378 13 46 2
1743387 13 46 2
1743419 13 47 0
1743419 13 47 0
1743505 13 47 2
1743523 13 47 2
1743667 13 12 0
1743667 13 12 0
1743687 13 55 0
1743693 13 12 2
1743702 13 12 2
1744186 13 1 0
1744186 13 1 0
1744252 13 1 2
1744260 13 1 2
1744708 13 46 0
1744708 13 46 0
1744766 13 46 2
1744783 13 46 2
1744815 13 47 0
1744815 13 47 0
1744902 13 47 2
1744918 13 47 2
1745062 13 12 0
1745062 13 12 0
1745088 13 12 2
1745096 13 12 2
1745580 13 1 0
1745580 13 1 0
1745638 13 1 2
1745646 13 1 2
1746094 13 46 0
1746094 13 46 0
1746152 13 46 2
1746180 13 46 2
1746212 13 47 0
1746212 13 47 0
1746309 13 47 2
1746328 13 47 2
1746472 13 12 0
1746472 13 12 0
1746498 13 12 2
1746505 13 12 2
1746667 13 55 0
1746989 13 1 0
1746989 13 1 0
1747048 13 1 2
1747055 13 1 2
1747296 13 55 0
1747503 13 46 0
1747503 13 46 0
1747561 13 46 2
1747584 13 46 2
1747616 13 47 0
1747616 13 47 0
1747703 13 47 2
1747716 13 47 2
1747860 13 12 0
1747860 13 12 0
1747894 13 12 2
1747900 13 12 2
1747998 13 55 0
1748378 13 1 0
1748378 13 1 0
1748418 13 55 0
1748436 13 1 2
1748444 13 1 2
1748892 13 46 0
1748892 13 46 0
1748950 13 46 2
1748962 13 46 2
1748994 13 47 0
1748994 13 47 0
1749049 13 2 0
1749050 13 2 2
1749081 13 47 2
1749098 13 47 2
1749242 13 12 0
1749242 13 12 0
1749276 13 12 2
1749279 13 12 2
1749302 13 55 0
1749763 13 1 0
1749763 13 1 0
1749821 13 1 2
1749828 13 1 2
1750260 13 11 0
1750260 13 11 0
1750294 13 11 2
1750343 13 11 2
1750359 13 46 0
1750359 13 46 0
1750418 13 46 2
1750423 13 46 2
1750455 13 47 0
1750455 13 47 0
1750524 13 47 2
1750547 13 47 2
1750691 13 12 0
1750691 13 12 0
1750717 13 12 2
1750725 13 12 2
1750754 13 2 0
1750755 13 2 2
1751209 13 1 0
1751209 13 1 0
1751267 13 1 2
1751275 13 1 2
1751723 13 46 0
1751723 13 46 0
1751781 13 46 2
1751789 13 46 2
1751821 13 47 0
1751821 13 47 0
1751917 13 47 2
1751925 13 47 2
1752069 13 12 0
1752069 13 12 0
1752095 13 12 2
1752103 13 12 2
1752133 13 55 0
1752587 13 1 0
1752587 13 1 0
1752645 13 1 2
1752653 13 1 2
1752692 13 55 0
1753101 13 46 0
1753101 13 46 0
1753163 13 46 2
1753179 13 46 2
1753211 13 47 0
1753211 13 47 0
1753297 13 47 2
1753314 13 47 2
1753398 13 55 0
1753458 13 12 0
1753458 13 12 0
1753484 13 12 2
1753492 13 12 2
1753976 13 1 0
1753976 13 1 0
1754034 13 1 2
1754042 13 1 2
1754490 13 46 0
1754490 13 46 0
1754548 13 46 2
1754555 13 46 2
1754587 13 47 0
1754587 13 47 0
1754675 13 47 2
1754693 13 47 2
1754837 13 12 0
1754837 13 12 0
1754864 13 12 2
1754871 13 12 2
1755355 13 1 0
1755355 13 1 0
1755414 13 1 2
1755423 13 1 2
1755871 13 46 0
1755871 13 46 0
1755931 13 46 2
1755949 13 46 2
1755981 13 47 0
1755981 13 47 0
1756067 13 47 2
1756084 13 47 2
1756228 13 12 0
1756228 13 12 0
1756254 13 12 2
1756261 13 12 2
1756745 13 1 0
1756745 13 1 0
1756804 13 1 2
1756812 13 1 2
1757260 13 46 0
1757260 13 46 0
1757318 13 46 2
1757334 13 46 2
1757366 13 47 0
1757366 13 47 0
1757452 13 47 2
1757467 13 47 2
1757506 13 55 0
1757611 13 12 0
1757611 13 12 0
1757637 13 12 2
1757645 13 12 2
1758129 13 1 0
1758129 13 1 0
1758188 13 1 2
1758196 13 1 2
1758644 13 46 0
1758644 13 46 0
1758703 13 46 2
1758708 13 46 2
1758740 13 47 0
1758740 13 47 0
1758826 13 47 2
1758844 13 47 2
1758988 13 12 0
1758988 13 12 0
1759014 13 12 2
1759046 13 12 2
1759212 13 55 0
1759511 13 2 0
1759512 13 2 2
1759530 13 1 0
1759530 13 1 0
1759588 13 1 2
1759597 13 1 2
1759754 13 55 0
1760045 13 46 0
1760045 13 46 0
1760113 13 46 2
1760133 13 46 2
1760165 13 47 0
1760165 13 47 0
1760251 13 47 2
1760268 13 47 2
1760412 13 12 0
1760412 13 12 0
1760438 13 12 2
1760446 13 12 2
1760930 13 1 0
1760930 13 1 0
1760989 13 1 2
1760997 13 1 2
1761247 13 55 0
1761429 13 12 0
1761429 13 12 0
1761456 13 12 2
1761462 13 12 2
1761478 13 46 0
1761478 13 46 0
1761536 13 46 2
1761554 13 46 2
1761586 13 47 0
1761586 13 47 0
1761682 13 47 2
1761699 13 47 2
1761843 13 12 0
1761843 13 12 0
1761869 13 12 2
1761877 13 12 2
1762361 13 1 0
1762361 13 1 0
1762419 13 1 2
1762427 13 1 2
1762875 13 46 0
1762875 13 46 0
1762945 13 46 2
1762948 13 46 2
1762977 13 47 0
1762977 13 47 0
1763064 13 47 2
1763072 13 47 2
1763216 13 12 0
1763216 13 12 0
1763242 13 12 2
1763250 13 12 2
1763734 13 1 0
1763734 13 1 0
1763796 13 1 2
1763799 13 1 2
1764247 13 46 0
1764247 13 46 0
1764306 13 55 0
1764309 13 46 2
1764323 13 46 2
1764355 13 47 0
1764355 13 47 0
1764451 13 47 2
1764469 13 47 2
1764613 13 12 0
1764613 13 12 0
1764639 13 12 2
1764646 13 12 2
1764842 13 55 0
1764971 13 55 0
1765130 13 1 0
1765130 13 1 0
1765188 13 1 2
1765196 13 1 2
1765644 13 46 0
1765644 13 46 0
1765702 13 46 2
1765710 13 46 2
1765742 13 47 0
1765742 13 47 0
1765828 13 47 2
1765846 13 47 2
1765941 13 55 0
1765990 13 12 0
1765990 13 12 0
1766016 13 12 2
1766024 13 12 2
1766508 13 1 0
1766508 13 1 0
1766566 13 1 2
1766574 13 1 2
1767022 13 46 0
1767022 13 46 0
1767083 13 46 2
1767091 13 46 2
1767123 13 47 0
1767123 13 47 0
1767212 13 47 2
1767230 13 47 2
1767374 13 12 0
1767374 13 12 0
1767400 13 12 2
1767433 13 12 2
1767917 13 1 0
1767917 13 1 0
1767976 13 1 2
1767984 13 1 2
1768432 13 46 0
1768432 13 46 0
1768500 13 46 2
1768509 13 46 2
1768541 13 47 0
1768541 13 47 0
1768628 13 47 2
1768649 13 47 2
1768793 13 12 0
1768793 13 12 0
1768819 13 12 2
1768826 13 12 2
1769310 13 1 0
1769310 13 1 0
1769369 13 1 2
1769375 13 1 2
1769823 13 46 0
1769823 13 46 0
1769839 13 55 0
1769881 13 46 2
1769889 13 46 2
1769921 13 47 0
1769921 13 47 0
1770007 13 47 2
1770024 13 47 2
1770168 13 12 0
1770168 13 12 0
1770194 13 12 2
1770227 13 12 2
1770711 13 1 0
1770711 13 1 0
1770769 13 1 2
1770778 13 1 2
1771226 13 46 0
1771226 13 46 0
1771304 13 46 2
1771324 13 46 2
1771356 13 47 0
1771356 13 47 0
1771442 13 47 2
1771450 13 47 2
1771594 13 12 0
1771594 13 12 0
1771620 13 12 2
1771628 13 12 2
1771640 13 55 0
1772112 13 1 0
1772112 13 1 0
1772171 13 1 2
1772181 13 1 2
1772535 13 55 0
1772613 13 13 0
1772652 13 55 0
1772733 13 13 2
1772749 13 46 0
1772749 13 46 0
1772807 13 46 2
1772809 13 55 0
1772815 13 46 2
1772847 13 47 0
1772847 13 47 0
1772943 13 47 2
1772956 13 47 2
1773100 13 12 0
1773100 13 12 0
1773126 13 12 2
1773133 13 12 2
1773617 13 1 0
1773617 13 1 0
1773675 13 1 2
1773683 13 1 2
1774131 13 46 0
1774131 13 46 0
1774189 13 46 2
1774197 13 46 2
1774229 13 47 0
1774229 13 47 0
1774325 13 47 2
1774343 13 47 2
1774487 13 12 0
1774487 13 12 0
1774513 13 12 2
1774520 13 12 2
1775004 13 1 0
1775004 13 1 0
1775070 13 1 2
1775073 13 1 2
1775521 13 46 0
1775521 13 46 0
1775579 13 46 2
1775587 13 46 2
1775619 13 47 0
1775619 13 47 0
1775705 13 47 2
1775724 13 47 2
1775868 13 12 0
1775868 13 12 0
1775894 13 12 2
1775902 13 12 2
1776386 13 1 0
1776386 13 1 0
1776444 13 1 2
1776451 13 1 2
1776475 13 55 0
1776899 13 46 0
1776899 13 46 0
1776957 13 46 2
1776975 13 46 2
1777007 13 47 0
1777007 13 47 0
1777093 13 47 2
1777115 13 47 2
1777259 13 12 0
1777259 13 12 0
1777285 13 12 2
1777293 13 12 2
1777777 13 1 0
1777777 13 1 0
1777835 13 1 2
1777843 13 1 2
1778291 13 46 0
1778291 13 46 0
1778349 13 46 2
1778357 13 46 2
1778389 13 47 0
1778389 13 47 0
1778475 13 47 2
1778492 13 47 2
1778636 13 12 0
1778636 13 12 0
1778662 13 12 2
1778669 13 12 2
1778748 13 2 0
1778749 13 2 2
1779153 13 1 0
1779153 13 1 0
1779211 13 1 2
1779220 13 1 2
1779242 13 55 0
1779668 13 46 0
1779668 13 46 0
1779726 13 46 2
1779733 13 46 2
1779765 13 47 0
1779765 13 47 0
1779861 13 47 2
1779880 13 47 2
1780024 13 12 0
1780024 13 12 0
1780050 13 12 2
1780057 13 12 2
1780541 13 1 0
1780541 13 1 0
1780599 13 1 2
1780606 13 1 2
1781054 13 46 0
1781054 13 46 0
1781112 13 46 2
1781120 13 46 2
1781152 13 47 0
1781152 13 47 0
1781238 13 47 2
1781257 13 47 2
1781401 13 12 0
1781401 13 12 0
1781427 13 12 2
1781437 13 12 2
1781921 13 1 0
1781921 13 1 0
1781980 13 1 2
1781988 13 1 2
1782436 13 46 0
1782436 13 46 0
1782495 13 46 2
1782522 13 46 2
1782554 13 47 0
1782554 13 47 0
1782650 13 47 2
1782657 13 47 2
1782801 13 12 0
1782801 13 12 0
1782827 13 12 2
1782834 13 12 2
1783318 13 1 0
1783318 13 1 0
1783376 13 1 2
1783384 13 1 2
1783811 13 55 0
1783816 13 14 0
1783952 13 55 0
1783952 13 14 2
1783968 13 46 0
1783968 13 46 0
1784026 13 46 2
1784034 13 46 2
1784057 13 55 0
1784066 13 47 0
1784066 13 47 0
1784142 13 47 2
1784161 13 55 0
1784165 13 47 2
1784309 13 12 0
1784309 13 12 0
1784335 13 12 2
1784343 13 12 2
1784827 13 1 0
1784827 13 1 0
1784877 13 55 0
1784885 13 1 2
1784892 13 1 2
1785101 13 55 0
1785340 13 46 0
1785340 13 46 0
1785398 13 46 2
1785406 13 46 2
1785438 13 47 0
1785438 13 47 0
1785524 13 47 2
1785542 13 47 2
1785686 13 12 0
1785686 13 12 0
1785716 13 12 2
1785718 13 12 2
1786137 13 2 0
1786138 13 2 2
1786202 13 1 0
1786202 13 1 0
1786260 13 1 2
1786267 13 1 2
1786715 13 46 0
1786715 13 46 0
1786773 13 46 2
1786781 13 46 2
1786813 13 47 0
1786813 13 47 0
1786909 13 47 2
1786928 13 47 2
1787072 13 12 0
1787072 13 12 0
1787098 13 12 2
1787105 13 12 2
1787589 13 1 0
1787589 13 1 0
1787647 13 1 2
1787658 13 1 2
1788106 13 46 0
1788106 13 46 0
1788164 13 46 2
1788171 13 46 2
1788203 13 47 0
1788203 13 47 0
1788289 13 47 2
1788307 13 47 2
1788451 13 12 0
1788451 13 12 0
1788478 13 12 2
1788483 13 12 2
1788967 13 1 0
1788967 13 1 0
1789025 13 1 2
1789033 13 1 2
1789481 13 46 0
1789481 13 46 0
1789539 13 46 2
1789547 13 46 2
1789579 13 47 0
1789579 13 47 0
1789666 13 47 2
1789684 13 47 2
1789828 13 12 0
1789828 13 12 0
1789854 13 12 2
1789862 13 12 2
1790168 13 55 0
1790306 13 55 0
1790346 13 1 0
1790346 13 1 0
1790406 13 1 2
1790413 13 1 2
1790861 13 46 0
1790861 13 46 0
1790920 13 46 2
1790928 13 46 2
1790960 13 47 0
1790960 13 47 0
1791046 13 47 2
1791067 13 47 2
1791211 13 12 0
1791211 13 12 0
1791238 13 12 2
1791243 13 12 2
1791555 13 55 0
1791676 13 55 0
1791727 13 1 0
1791727 13 1 0
1791785 13 1 2
1791793 13 1 2
1792241 13 46 0
1792241 13 46 0
1792299 13 46 2
1792307 13 46 2
1792339 13 47 0
1792339 13 47 0
1792425 13 47 2
1792443 13 47 2
1792587 13 12 0
1792587 13 12 0
1792613 13 12 2
1792686 13 12 2
1793170 13 1 0
1793170 13 1 0
1793228 13 1 2
1793266 13 1 2
1793714 13 46 0
1793714 13 46 0
1793772 13 46 2
1793881 13 46 2
1793913 13 47 0
1793913 13 47 0
1793979 13 47 2
1793987 13 47 2
1794131 13 12 0
1794131 13 12 0
1794158 13 12 2
1794163 13 12 2
1794551 13 1 0
1794551 13 1 0
1794609 13 1 2
1794617 13 1 2
1795049 13 7 0
1795098 13 7 2
1795114 13 46 0
1795114 13 46 0
1795173 13 46 2
1795311 13 46 2
1795343 13 47 0
1795343 13 47 0
1795409 13 47 2
1795459 13 47 2
1795603 13 12 0
1795603 13 12 0
1795629 13 12 2
1795721 13 12 2
1796205 13 1 0
1796205 13 1 0
1796263 13 1 2
1796271 13 1 2
1796719 13 46 0
1796719 13 46 0
1796777 13 46 2
1796785 13 46 2
1796817 13 47 0
1796817 13 47 0
1796884 13 47 2
1796947 13 47 2
1797091 13 12 0
1797091 13 12 0
1797117 13 12 2
1797125 13 12 2
1797609 13 1 0
1797609 13 1 0
1797618 13 55 0
1797667 13 1 2
1797674 13 1 2
1798122 13 46 0
1798122 13 46 0
1798180 13 46 2
1798209 13 46 2
1798241 13 47 0
1798241 13 47 0
1798309 13 47 2
1798517 13 47 2
1798661 13 5 0
1798727 13 5 2
1798735 13 61 0
1798735 13 61 0
1798801 13 61 2
1798808 13 61 2
1798816 13 29 0
1799058 13 29 2
1799074 13 62 0
1799074 13 62 0
1799148 13 62 2
1799159 13 62 2
1799435 13 63 0
1799435 13 63 0
1799517 13 63 2
1799567 13 63 2
1799991 13 12 0
1799991 13 12 0
1800017 13 12 2
1800051 13 12 2
1800143 13 12 2
1800205 13 55 0
1800491 13 11 0
1800573 13 11 2
1800785 13 1 0
1800785 13 1 0
1800843 13 1 2
1800851 13 55 0
1800854 13 1 2
1801302 13 46 0
1801302 13 46 0
1801360 13 46 2
1801373 13 46 2
1801405 13 47 0
1801405 13 47 0
1801471 13 47 2
1801479 13 47 2
1801623 13 12 0
1801623 13 12 0
1801649 13 12 2
1801656 13 12 2
1802140 13 1 0
1802140 13 1 0
1802198 13 1 2
1802206 13 1 2
1802654 13 46 0
1802654 13 46 0
1802712 13 46 2
1802725 13 46 2
1802757 13 47 0
1802757 13 47 0
1802824 13 47 2
1802831 13 47 2
1802975 13 12 0
1802975 13 12 0
1803001 13 12 2
1803010 13 12 2
1803494 13 1 0
1803494 13 1 0
1803552 13 1 2
1803559 13 1 2
1804007 13 46 0
1804007 13 46 0
1804065 13 46 2
1804077 13 46 2
1804109 13 47 0
1804109 13 47 0
1804175 13 47 2
1804182 13 47 2
1804326 13 12 0
1804326 13 12 0
1804352 13 12 2
1804361 13 12 2
1804845 13 1 0
1804845 13 1 0
1804903 13 1 2
1804911 13 1 2
1805359 13 46 0
1805359 13 46 0
1805417 13 46 2
1805424 13 46 2
1805456 13 47 0
1805456 13 47 0
1805524 13 47 2
1805532 13 47 2
1805676 13 12 0
1805709 13 12 2
1806193 13 1 0
1806193 13 1 0
1806262 13 1 2
1806265 13 1 2
1806710 13 46 0
1806710 13 46 0
1806768 13 46 2
1806775 13 46 2
1806792 13 55 0
1806807 13 47 0
1806807 13 47 0
1806873 13 47 2
1806881 13 47 2
1806975 13 55 0
1807025 13 12 0
1807025 13 12 0
1807051 13 12 2
1807059 13 12 2
1807543 13 1 0
1807543 13 1 0
1807601 13 1 2
1807609 13 1 2
1807611 13 2 0
1807612 13 2 2
1808057 13 46 0
1808057 13 46 0
1808117 13 46 2
1808127 13 46 2
1808159 13 47 0
1808159 13 47 0
1808225 13 47 2
1808233 13 47 2
1808377 13 12 0
1808377 13 12 0
1808403 13 12 2
1808410 13 12 2
1808767 13 2 0
1808768 13 2 2
1808894 13 1 0
1808894 13 1 0
1808952 13 1 2
1808962 13 1 2
1809410 13 46 0
1809410 13 46 0
1809468 13 46 2
1809476 13 46 2
1809508 13 47 0
1809508 13 47 0
1809574 13 47 2
1809582 13 47 2
1809726 13 12 0
1809726 13 12 0
1809752 13 12 2
1809759 13 12 2
1810243 13 1 0
1810243 13 1 0
1810302 13 1 2
1810310 13 1 2
1810375 13 10 2
1810490 13 1 0
1810564 13 1 2
1810673 13 2 0
1810674 13 2 2
1810830 13 10 2
1810832 13 46 0
1810832 13 46 0
1810890 13 46 2
1810901 13 46 2
1810933 13 47 0
1810933 13 47 0
1811005 13 47 2
1811009 13 47 2
1811149 13 12 0
1811149 13 12 0
1811175 13 12 2
1811184 13 12 2
1811316 13 1 0
1811389 13 1 2
1811486 13 12 2
1811741 13 1 0
1811741 13 1 0
1811799 13 1 2
1811815 13 1 2
1811913 13 12 2
1812263 13 46 0
1812263 13 46 0
1812321 13 46 2
1812329 13 46 2
1812361 13 47 0
1812361 13 47 0
1812427 13 47 2
1812435 13 47 2
1812579 13 12 0
1812579 13 12 0
1812605 13 12 2
1812613 13 12 2
1812914 13 8 2
1813097 13 1 0
1813161 13 1 2
1813609 13 46 0
1813609 13 46 0
1813672 13 46 2
1813674 13 46 2
1813706 13 47 0
1813706 13 47 0
1813709 13 12 2
1813776 13 47 2
1813778 13 47 2
1813922 13 12 0
1813922 13 12 0
1813948 13 12 2
1813956 13 12 2
1814088 13 1 0
1814162 13 1 2
1814465 13 12 2
1814506 13 9 0
1814601 13 9 2
1814725 13 55 0
1814831 13 55 2
1814835 13 1 0
1814835 13 1 0
1814893 13 1 2
1814925 13 1 2
1814949 13 56 0
1815074 13 56 2
1815094 13 45 0
1815194 13 45 2
1815250 13 46 0
1815344 13 46 2
1815420 13 63 0
1815820 13 63 2
1815828 13 47 0
1815928 13 47 2
1816032 13 62 0
1816032 13 62 0
1816106 13 62 2
1816114 13 62 2
1816410 13 3 0
1817780 13 3 2
1817788 13 19 0
1817833 13 12 2
1817854 13 19 2
1817858 13 3 0
1826812 13 3 2
1826931 13 59 2
1826932 13 3 0
1827470 13 3 2
1827654 13 30 2
1827662 13 3 0
1828158 13 3 2
1828398 13 3 0
1828398 13 31 2
1836486 13 3 2
1841271 13 2 0
1841272 13 2 2
1853785 13 2 2
1855220 13 2 2
1856657 13 2 2
1858092 13 2 2
1938752 13 2 0
1938753 13 2 2
1944167 13 2 0
1944168 13 0 0
1951329 13 2 0
1951330 13 2 2
1965802 13 2 0
1965803 13 2 2
1966324 13 2 0
1966325 13 2 2
1969035 13 2 0
1969036 13 2 2
1969642 13 2 0
1969643 13 2 2
1969999 13 2 0
1970000 13 2 2
1983543 13 2 0
1983544 13 2 2
1985096 13 2 0
1985097 13 2 2
1997874 13 2 0
1997875 13 2 2
2007057 13 2 0
2007058 13 2 2
2007379 13 2 0
2007380 13 2 2
2033909 13 2 0
2033910 13 2 2
2040709 13 2 2
2040710 13 2 0
2046354 13 2 0
2046355 13 2 2
2055142 13 2 0
2055143 13 7 1
2055329 13 2 2
2055387 13 7 2
2078462 13 2 0
2078463 13 7 1
2078649 13 2 2
2078707 13 7 2
2102348 13 2 0
2102349 13 7 1
2102528 13 2 2
2102585 13 7 2
2110418 13 2 0
2110419 13 7 1
2110598 13 2 2
2110655 13 7 2
2148839 13 2 0
2148840 13 3 0
2430189 13 2 0
2430190 13 2 2
2432005 13 2 0
2432006 13 2 2
2432371 13 2 0
2432372 13 7 1
2432551 13 2 2
2432608 13 7 2
2433114 13 2 0
2433115 13 2 2
2522246 13 2 0
2522247 13 2 2
2570054 13 1 0
2570054 13 1 0
2570112 13 1 2
2570250 13 1 2
2570646 13 36 0
2570646 13 36 0
2570726 13 36 2
2570940 13 36 2
2570984 13 37 0
2570984 13 37 0
2571026 13 37 2
2571099 13 37 2
2571231 13 8 0
2571231 13 8 0
2571289 13 8 2
2571297 13 8 2
2571345 13 0 0
2571345 13 0 0
2571411 13 0 2
2571440 13 0 2
2571528 13 36 0
2571528 13 36 0
2571579 13 36 2
2573365 13 36 2
2573397 13 38 0
2573397 13 38 0
2573447 13 38 2
2573712 13 38 2
2573872 13 54 0
2573872 13 54 0
2573938 13 54 2
2573970 13 54 2
2574030 13 37 0
2574030 13 37 0
2574072 13 37 2
2574440 13 37 2
2575428 13 47 0
2575428 13 47 0
2575495 13 47 2
2575536 13 47 2
2575560 13 11 0
2575560 13 11 0
2575594 13 11 2
2575635 13 11 2
2575763 13 1 0
2575763 13 1 0
2575821 13 1 2
2575838 13 1 2
2576362 13 14 0
2576460 13 14 2
2576472 13 15 0
2576472 13 15 0
2576506 13 15 2
2576563 13 15 2
2576651 13 38 0
2576651 13 38 0
2576701 13 38 2
2576790 13 9 2
2577279 13 9 2
2577431 13 9 2
2577666 13 38 2
2577700 13 10 2
2577822 13 46 0
2577938 13 46 2
2577982 13 12 0
2578015 13 12 2
2578023 13 0 0
2578023 13 0 0
2578089 13 0 2
2578106 13 0 2
2578172 13 10 2
2578254 13 47 0
2578330 13 47 2
2578346 13 12 0
2578424 13 12 2
2578460 13 47 0
2578512 13 12 2
2578579 13 47 2
2578955 13 12 2
2579095 13 12 2
2579327 13 54 0
2579327 13 54 0
2579394 13 54 2
2579402 13 54 2
2580050 13 58 0
2580050 13 58 0
2580140 13 58 2
2580158 13 58 2
2580238 13 59 0
2580238 13 59 0
2580320 13 59 2
2580325 13 11 2
2580337 13 59 2
2580397 13 38 0
2580397 13 38 0
2580454 13 38 2
2580528 13 38 2
2580879 13 11 2
2581017 13 11 2
2581703 13 2 0
2581704 13 0 0
2582215 13 0 2
2759032 13 2 0
2759033 13 2 2
2767476 13 2 0
2767477 13 7 1
2767662 13 2 2
2767720 13 7 2
2790806 13 2 0
2790807 13 7 1
2790992 13 2 2
2791050 13 7 2
3547366 13 38 0
3547366 13 38 0
3548095 13 38 2
3554490 13 38 2
3555906 13 7 0
3556020 13 7 2
3556588 13 38 0
3556588 13 38 0
3556639 13 38 2
3556744 13 38 2
3558688 13 38 0
3558688 13 38 0
3558738 13 38 2
3558746 13 38 2
3611662 13 2 0
3611663 13 7 1
3611842 13 2 2
3611899 13 7 2
4518616 13 2 0
4518617 13 2 2
4523941 13 38 0
4523941 13 38 0
4527119 13 38 2
4527998 13 38 2
4529192 13 0 2
4529414 13 7 0
4529748 13 7 2
4530316 13 38 0
4530316 13 38 0
4530366 13 38 2
4530451 13 38 2
4532395 13 38 0
4532395 13 38 0
4532445 13 38 2
4532453 13 38 2
4849583 13 2 0
4849584 13 2 2
4858476 13 2 0
4858477 13 2 2
4865872 13 2 0
4865873 13 7 1
4866056 13 2 2
4866113 13 7 2
5399858 13 2 0
5399859 13 2 2
5402982 13 2 0
5402983 13 2 2
5408437 13 2 0
5408438 13 7 1
5408623 13 2 2
5408681 13 7 2
5431777 13 2 0
5431778 13 7 1
5431963 13 2 2
5432021 13 7 2
5459735 13 2 0
5459736 13 2 2
5500505 13 38 0
5500505 13 38 0
5503104 13 2 2
5503105 13 2 0
5503130 13 38 2
5503857 13 38 2
5505114 13 38 0
5505114 13 38 0
5505164 13 38 2
5506939 13 38 2
5508883 13 38 0
5508883 13 38 0
5508941 13 38 2
5509083 13 38 2
5530338 13 2 2
5530339 13 2 0
5540467 13 2 0
5540468 13 2 2
6243345 13 2 0
6243346 13 2 2
6248601 13 2 0
6248602 13 7 1
6248787 13 2 2
6248845 13 7 2
6272011 13 2 0
6272012 13 7 1
6272197 13 2 2
6272255 13 7 2
6477046 13 38 0
6477046 13 38 0
6478594 13 2 0
6478595 13 2 2
6479438 13 38 2
6482405 13 0 2
6484788 13 38 2
6486204 13 7 0
6488914 13 7 2
6489482 13 38 0
6489482 13 38 0
6489532 13 38 2
6489597 13 38 2
6489642 13 2 0
6489643 13 2 2
6491541 13 38 0
6491541 13 38 0
6491591 13 38 2
6491599 13 38 2
