0 57 51 0
767 57 51 2
771 57 22 0
1475 57 22 2
1487 57 1 0
2061 57 1 2
2081 57 24 0
2170 57 24 2
2719 57 7 1
2985 57 0 2
3074 57 7 2
7916 57 7 1
8176 57 2 2
8266 57 7 2
13113 57 7 1
13375 57 2 2
13464 57 7 2
20168 57 7 1
20435 57 2 2
20524 57 7 2
46929 57 7 1
47195 57 2 2
47284 57 7 2
82479 57 7 1
82745 57 0 2
82834 57 7 2
99308 57 7 1
99575 57 0 2
99664 57 7 2
154650 57 7 1
154935 57 2 2
155024 57 7 2
192650 57 7 1
192915 57 2 2
193004 57 7 2
203017 57 7 1
203275 57 2 2
203364 57 7 2
208504 57 7 1
208765 57 2 2
208854 57 7 2
349122 57 2 0
349123 57 7 1
349387 57 2 2
349476 57 7 2
352637 57 2 0
352638 57 7 1
352897 57 2 2
352986 57 7 2
357372 57 2 0
357373 57 7 1
357637 57 2 2
357726 57 7 2
379128 57 7 1
379387 57 2 2
379476 57 7 2
384970 57 2 0
384971 57 7 1
385237 57 2 2
385326 57 7 2
389529 57 7 1
389787 57 2 2
389876 57 7 2
398316 57 7 1
398577 57 2 2
398666 57 7 2
401942 57 2 0
401943 57 7 1
402207 57 2 2
402296 57 7 2
416044 57 2 0
416045 57 7 1
416307 57 2 2
416396 57 7 2
491563 57 7 1
491827 57 2 2
491916 57 7 2
497366 57 2 0
497367 57 2 2
503698 57 2 0
503699 57 2 2
513334 57 2 0
513335 57 7 1
513597 57 2 2
513686 57 7 2
521651 57 7 1
521917 57 2 2
522006 57 7 2
526867 57 4 0
529087 57 4 2
529139 57 44 0
530624 57 44 2
530636 57 5 0
530757 57 5 2
530769 57 45 0
531266 57 45 2
531334 57 24 0
531454 57 24 2
531486 57 25 0
531615 57 25 2
531623 57 26 0
531759 57 26 2
531799 57 27 0
531983 57 27 2
532003 57 33 0
532134 57 33 2
532154 57 35 0
532388 57 35 2
532396 57 41 0
532875 57 41 2
532891 57 42 0
533297 57 42 2
533329 57 1 0
533429 57 1 2
533465 57 36 0
533609 57 36 2
533621 57 43 0
533904 57 43 2
533920 57 17 0
534017 57 17 2
534109 57 27 0
534232 57 27 2
534236 57 37 0
534415 57 37 2
534427 57 17 0
534526 57 17 2
534534 57 15 0
534757 57 15 2
534797 57 16 0
534894 57 16 2
534934 57 18 0
535045 57 18 2
535069 57 61 0
535126 57 61 2
535138 57 54 0
535426 57 54 2
535446 57 14 0
535829 57 14 2
535837 57 19 0
535953 57 19 2
535957 57 35 0
536240 57 35 2
536256 57 53 0
536418 57 53 2
536458 57 33 0
536560 57 33 2
536572 57 36 0
536711 57 36 2
536731 57 40 0
536819 57 58 2
536981 57 40 2
537005 57 37 0
537276 57 62 2
537418 57 37 2
537522 57 38 0
537574 57 63 2
537660 57 38 2
537664 57 18 0
537748 57 60 2
537947 57 18 2
537971 57 8 0
538066 57 59 2
538098 57 8 2
538106 57 29 0
538256 57 29 2
538296 57 0 0
538407 57 0 2
538419 57 38 0
538560 57 38 2
538576 57 39 0
538723 57 39 2
538727 57 39 0
539012 57 39 2
539068 57 36 0
539194 57 36 2
539226 57 38 0
539366 57 38 2
539382 57 51 0
539546 57 7 1
539587 57 61 2
539807 57 0 2
539914 57 7 2
539921 57 0 0
539927 57 51 2
539983 57 23 0
540053 57 0 0
540180 57 0 0
540234 57 7 1
540304 57 0 0
540358 57 23 2
540366 57 52 0
540439 57 0 0
540507 57 32 2
540564 57 7 2
540580 57 0 0
540735 57 0 0
540889 57 0 0
540966 57 56 2
540995 57 0 0
541078 57 52 2
541108 57 0 0
541114 57 31 0
541250 57 0 0
541330 57 2 0
541332 57 7 1
541351 57 0 0
541458 57 31 2
541478 57 53 0
541504 57 0 0
541608 57 2 2
541611 57 0 0
541697 57 7 2
541754 57 0 0
541895 57 53 2
541909 57 0 0
541919 57 54 0
542041 57 0 0
542182 57 0 0
542301 57 0 0
542440 57 0 0
542460 57 54 2
542476 57 11 0
542581 57 0 0
542742 57 0 0
542804 57 11 2
542816 57 56 0
542862 57 0 0
542945 57 56 2
542949 57 12 0
543025 57 0 0
543144 57 0 0
543249 57 12 2
543257 57 57 0
543276 57 0 0
543390 57 57 2
543394 57 2 0
543406 57 0 0
543518 57 0 0
543659 57 0 0
543785 57 2 2
543806 57 0 0
543837 57 37 0
543917 57 0 0
544034 57 0 0
544209 57 0 0
544381 57 0 0
544521 57 0 0
544558 57 37 2
544574 57 40 0
544665 57 0 0
544791 57 0 0
544801 57 40 2
544857 57 58 0
544931 57 0 0
545065 57 0 0
545165 57 7 1
545216 57 0 0
545367 57 58 2
545374 57 0 0
545427 57 35 0
545427 57 22 2
545512 57 0 0
545532 57 7 2
545570 57 35 2
545574 57 50 0
545626 57 0 0
545781 57 0 0
545892 57 0 0
545924 57 50 2
545944 57 62 0
546008 57 0 0
546161 57 0 0
546310 57 0 0
546427 57 62 2
546455 57 38 0
546502 57 0 0
546660 57 0 0
546785 57 38 2
546791 57 0 0
546857 57 63 0
546897 57 0 0
547041 57 0 0
547249 57 0 0
547357 57 0 0
547464 57 0 0
547568 57 0 0
547712 57 0 0
547811 57 63 2
547837 57 0 0
547851 57 12 0
547993 57 0 0
548116 57 0 0
548144 57 12 2
548168 57 2 0
548242 57 0 0
548277 57 2 2
548301 57 13 0
548598 57 13 2
548694 57 3 0
548808 57 3 2
548848 57 23 0
549146 57 23 2
549162 57 24 0
549279 57 24 2
549387 57 28 0
549683 57 28 2
549691 57 25 0
549790 57 25 2
549818 57 26 0
549969 57 26 2
550049 57 0 0
550205 57 0 2
550213 57 3 0
550354 57 3 2
550398 57 4 0
550582 57 4 2
550678 57 5 0
550843 57 5 2
550883 57 15 0
551213 57 15 2
551221 57 14 0
551597 57 14 2
551609 57 50 0
551745 57 50 2
551773 57 6 0
551913 57 6 2
551933 57 4 0
552062 57 4 2
552070 57 8 0
552175 57 8 2
552179 57 47 0
553516 57 47 2
553524 57 49 0
553776 57 49 2
553792 57 11 0
554036 57 11 2
554072 57 5 0
554203 57 5 2
554227 57 37 0
554515 57 37 2
554579 57 4 0
554693 57 4 2
554697 57 1 0
554794 57 1 2
554822 57 27 0
554927 57 27 2
554935 57 2 0
555034 57 2 2
555046 57 11 0
555161 57 11 2
555169 57 7 0
555307 57 7 2
555327 57 3 0
555433 57 3 2
555541 57 6 0
555769 57 6 2
555789 57 9 0
555927 57 9 2
556099 57 8 0
556279 57 8 2
556291 57 11 0
556435 57 11 2
556455 57 12 0
556578 57 12 2
556602 57 16 0
556849 57 16 2
556857 57 13 0
557014 57 13 2
557062 57 2 0
557191 57 2 2
557235 57 40 0
557368 57 40 2
557372 57 25 0
557471 57 25 2
557487 57 31 0
557678 57 31 2
557714 57 33 0
557821 57 33 2
557825 57 36 0
558093 57 36 2
558101 57 4 0
558255 57 4 2
558347 57 5 0
558530 57 5 2
558562 57 34 0
558821 57 34 2
558841 57 35 0
558996 57 35 2
559020 57 32 0
559231 57 32 2
559299 57 17 0
559605 57 17 2
559901 57 38 0
559901 57 38 0
559983 57 38 2
560161 57 38 2
560169 57 27 0
560303 57 27 2
560323 57 35 0
560437 57 35 2
560493 57 28 0
560617 57 28 2
560685 57 3 0
560838 57 3 2
560842 57 46 0
561167 57 46 2
561187 57 4 0
561313 57 4 2
561345 57 0 0
561452 57 0 2
561456 57 29 0
561618 57 29 2
561762 57 47 0
562022 57 47 2
562094 57 30 0
562718 57 30 2
563070 57 31 0
563333 57 31 2
563337 57 44 0
563522 57 44 2
563530 57 43 0
563688 57 43 2
563764 57 7 1
563820 57 32 0
563923 57 32 2
563995 57 33 0
564027 57 0 2
564118 57 7 2
564120 57 33 2
564128 57 0 0
564168 57 33 0
564279 57 33 2
564287 57 27 0
564353 57 0 0
564507 57 0 0
564515 57 27 2
564619 57 54 0
564778 57 0 0
564951 57 0 0
565106 57 0 0
565281 57 0 0
565424 57 0 0
565575 57 0 0
565807 57 0 0
565942 57 54 2
565946 57 0 0
565954 57 28 0
566086 57 28 2
566102 57 32 0
566146 57 0 0
566349 57 32 2
566357 57 56 0
566430 57 0 0
566516 57 56 2
566532 57 33 0
566584 57 0 0
566738 57 0 0
566823 57 33 2
566859 57 0 0
566923 57 41 0
566987 57 0 0
567021 57 41 2
567069 57 61 0
567126 57 0 0
567252 57 0 0
567386 57 0 0
567543 57 0 0
567560 57 61 2
567564 57 39 0
567651 57 0 0
567748 57 39 2
567760 57 7 0
567826 57 0 0
567974 57 7 2
568002 57 0 0
568034 57 8 0
568151 57 8 2
568182 57 0 0
568183 57 63 0
568301 57 0 0
568469 57 63 2
568480 57 0 0
568577 57 0 0
568616 57 0 0
568688 57 0 2
568716 57 57 0
568745 57 0 0
568868 57 57 2
568936 57 58 0
568943 57 0 0
569191 57 58 2
569275 57 46 0
569280 57 0 0
569402 57 0 0
569472 57 46 2
569484 57 59 0
569518 57 0 0
569709 57 59 2
569741 57 32 0
569790 57 0 0
569906 57 32 2
569914 57 50 0
569932 57 0 0
570067 57 0 0
570100 57 50 2
570176 57 60 0
570234 57 0 0
570369 57 0 0
570478 57 60 2
570486 57 62 0
570519 57 0 0
570624 57 0 0
570771 57 0 0
570926 57 0 0
571025 57 0 0
571048 57 62 2
571052 57 3 0
571202 57 0 0
571223 57 3 2
571235 57 5 0
571347 57 0 0
571484 57 0 0
571485 57 5 2
571513 57 17 0
571616 57 0 0
571645 57 17 2
571665 57 6 0
571805 57 6 2
571854 57 0 0
571897 57 11 0
572006 57 0 0
572132 57 0 0
572224 57 11 2
572232 57 10 0
572293 57 0 0
572339 57 10 2
572359 57 11 0
572428 57 0 0
572474 57 11 2
572482 57 6 0
572612 57 6 2
572641 57 0 0
572648 57 36 0
572869 57 0 0
572951 57 36 2
572977 57 0 0
573011 57 12 0
573107 57 0 0
573133 57 12 2
573141 57 0 0
573246 57 0 2
573311 57 0 0
573370 57 15 0
573478 57 0 0
573545 57 15 2
573659 57 0 0
573665 57 7 0
573815 57 7 2
573831 57 0 0
573840 57 0 0
573946 57 0 0
574078 57 0 2
574129 57 0 0
574226 57 9 0
574424 57 9 2
574456 57 8 0
574587 57 8 2
574615 57 43 0
574881 57 43 2
574989 57 14 0
575181 57 14 2
575497 57 29 0
575630 57 29 2
575670 57 30 0
575808 57 30 2
575852 57 17 0
575933 57 0 0
575981 57 17 2
576037 57 18 0
576173 57 18 2
576209 57 22 0
576348 57 22 2
576400 57 3 0
577222 57 3 2
577230 57 19 0
577313 57 22 2
577328 57 19 2
577332 57 3 0
591104 57 3 2
591559 57 47 2
591560 57 3 0
597056 57 3 2
597629 57 32 2
597632 57 3 0
602103 57 3 2
640114 57 2 2
642020 57 2 2
642191 57 2 2
642450 57 2 2
659836 57 2 0
659837 57 7 1
660097 57 2 2
660186 57 7 2
681489 57 2 0
681491 57 0 0
693945 57 2 0
693946 57 0 0
768792 57 2 0
768793 57 7 1
769057 57 2 2
769146 57 7 2
784772 57 2 0
784773 57 7 1
785037 57 2 2
785126 57 7 2
793886 57 2 0
793887 57 2 2
798156 57 2 0
798157 57 7 1
798417 57 2 2
798506 57 7 2
827223 57 2 0
827224 57 7 1
827487 57 2 2
827576 57 7 2
827720 57 2 0
827721 57 7 1
827987 57 2 2
828076 57 7 2
861602 57 2 0
861603 57 0 0
865680 57 2 2
865683 57 3 0
870369 57 3 2
1503868 57 34 0
1508621 57 34 2
1508645 57 35 0
1509095 57 35 2
1509335 57 33 0
1509673 57 33 2
1510109 57 32 0
1510456 57 32 2
1510544 57 38 0
1510544 57 38 0
1510626 57 38 2
1511273 57 38 2
1511677 57 31 0
1512133 57 31 2
1512177 57 30 0
1514231 57 30 2
1515414 57 0 0
1515599 57 0 0
1515667 57 14 0
1515778 57 0 0
1516061 57 0 0
1516100 57 14 2
1516112 57 15 0
1516112 57 15 0
1516226 57 15 2
1516234 57 0 0
1516312 57 15 2
1516332 57 18 0
1516374 57 0 0
1516502 57 0 0
1516635 57 0 0
1516783 57 0 0
1516922 57 0 0
1517072 57 0 0
1517135 57 18 2
1517159 57 4 0
1517228 57 0 0
1517367 57 0 0
1517488 57 0 0
1517596 57 0 0
1517731 57 0 0
1517838 57 0 0
1517986 57 0 0
1518115 57 0 0
1518254 57 0 0
1518395 57 0 0
1518535 57 0 0
1518663 57 0 0
1518762 57 0 0
1518867 57 4 2
1518868 57 0 0
1518911 57 38 0
1518911 57 38 0
1518990 57 0 0
1518993 57 38 2
1519102 57 0 0
1519110 57 38 2
1519240 57 0 0
1519266 57 46 0
1519348 57 46 2
1519378 57 0 0
1519392 57 12 0
1519489 57 12 2
1519497 57 0 0
1519605 57 0 0
1519645 57 47 0
1519720 57 0 0
1519734 57 47 2
1519844 57 0 0
1519992 57 0 0
1520134 57 0 0
1520265 57 0 0
1520365 57 0 0
1520475 57 0 0
1520575 57 0 0
1520702 57 0 0
1520844 57 0 0
1520894 57 40 0
1520995 57 0 0
1521140 57 0 0
1521243 57 0 0
1521249 57 40 2
1521277 57 49 0
1521385 57 49 2
1521393 57 0 0
1521397 57 51 0
1521506 57 51 2
1521526 57 37 0
1521544 57 0 0
1521652 57 37 2
1521656 57 20 0
1521660 57 0 0
1521800 57 20 2
1521812 57 0 0
1521816 57 3 0
1521961 57 0 0
1522120 57 0 0
1522159 57 3 2
1522251 57 21 0
1522256 57 0 0
1522375 57 21 2
1522383 57 56 0
1522387 57 0 0
1522495 57 0 0
1522521 57 56 2
1522541 57 57 0
1522600 57 0 0
1522689 57 57 2
1522708 57 0 0
1522777 57 58 0
1522840 57 0 0
1522953 57 58 2
1522976 57 0 0
1523033 57 59 0
1523122 57 0 0
1523273 57 0 0
1523386 57 0 0
1523387 57 59 2
1523411 57 63 0
1523528 57 0 0
1524847 57 63 2
1524883 57 38 0
1524883 57 38 0
1524965 57 38 2
1524973 57 38 2
1525021 57 33 0
1525119 57 33 2
2481185 57 38 0
2481185 57 38 0
2482347 57 38 2
2486404 57 38 2
2488388 57 38 0
2488388 57 38 0
2488470 57 38 2
2491447 57 38 2
2493391 57 38 0
2493391 57 38 0
2493473 57 38 2
2493481 57 38 2
3457773 57 38 0
3457773 57 38 0
3458801 57 38 2
3459680 57 38 2
3460785 57 38 0
3460785 57 38 0
3460867 57 38 2
3461343 57 38 2
3463287 57 38 0
3463287 57 38 0
3463377 57 38 2
3465309 57 38 2
4434349 57 38 0
4434349 57 38 0
4435363 57 38 2
4442364 57 38 2
4444348 57 38 0
4444348 57 38 0
4444430 57 38 2
4444547 57 38 2
4446491 57 38 0
4446491 57 38 0
4446573 57 38 2
4446581 57 38 2
5410885 57 38 0
5410885 57 38 0
5411500 57 38 2
5418022 57 38 2
5420006 57 38 0
5420006 57 38 0
5420088 57 38 2
5420635 57 38 2
5422579 57 38 0
5422579 57 38 0
5422669 57 38 2
5422681 57 38 2
6387351 57 38 0
6387351 57 38 0
6387433 57 38 2
6387489 57 38 2
6389473 57 38 0
6389473 57 38 0
6389555 57 38 2
6389782 57 38 2
6391726 57 38 0
6391726 57 38 0
6391816 57 38 2
6393578 57 38 2
