0 32 51 0
25 32 0 1
222 32 0 2
279 32 0 2
2432 32 51 2
2436 32 22 0
5932 32 22 2
5944 32 1 0
6036 32 0 1
6222 32 0 2
6279 32 0 2
6843 32 1 2
6863 32 24 0
6995 32 24 2
53080 32 0 1
53272 32 2 2
53345 32 0 2
54316 32 0 1
54502 32 2 2
54575 32 0 2
76076 32 0 1
76263 32 2 2
76337 32 0 2
88263 32 0 1
88452 32 0 2
88509 32 0 2
89482 32 0 1
89672 32 0 2
89729 32 0 2
119064 32 0 1
119251 32 2 2
119324 32 0 2
163446 32 0 0
171764 32 2 0
171765 32 0 1
171955 32 2 2
172028 32 0 2
176846 32 2 0
176847 32 0 1
177036 32 2 2
177110 32 0 2
201954 32 0 1
202145 32 2 2
202218 32 0 2
207250 32 0 1
207445 32 2 2
207518 32 0 2
208854 32 0 1
209045 32 2 2
209118 32 0 2
234289 32 2 0
234290 32 2 2
261314 32 0 1
261503 32 2 2
261576 32 0 2
319792 32 0 1
319987 32 2 2
320060 32 0 2
328955 32 0 1
329147 32 2 2
329220 32 0 2
357088 32 0 1
357089 32 2 0
357287 32 2 2
357360 32 0 2
392342 32 2 0
392344 32 2 2
425128 32 0 0
437493 32 2 0
437494 32 0 1
437687 32 2 2
437760 32 0 2
466696 32 0 1
466697 32 2 0
466887 32 2 2
466960 32 0 2
471377 32 2 0
471378 32 0 1
471567 32 2 2
471640 32 0 2
488278 32 2 0
488279 32 0 1
488467 32 2 2
488540 32 0 2
514605 32 2 0
514606 32 0 1
514797 32 2 2
514870 32 0 2
526867 32 4 0
530691 32 4 2
530743 32 44 0
532506 32 44 2
532518 32 5 0
532624 32 5 2
532636 32 45 0
533245 32 45 2
533313 32 24 0
533440 32 24 2
533472 32 25 0
533606 32 25 2
533614 32 26 0
533988 32 26 2
534028 32 27 0
534191 32 27 2
534211 32 33 0
534396 32 33 2
534416 32 35 0
534630 32 35 2
534638 32 41 0
535116 32 41 2
535132 32 42 0
535405 32 42 2
535437 32 1 0
535549 32 1 2
535585 32 36 0
535856 32 0 1
535918 32 36 2
535930 32 43 0
536047 32 7 2
536160 32 0 2
536213 32 43 2
536229 32 17 0
536330 32 17 2
536422 32 27 0
536521 32 27 2
536525 32 37 0
536723 32 37 2
536735 32 17 0
536823 32 17 2
536831 32 15 0
537162 32 15 2
537202 32 16 0
537274 32 16 2
537314 32 18 0
537435 32 18 2
537459 32 61 0
537550 32 61 2
537562 32 54 0
538345 32 54 2
538365 32 11 0
538454 32 11 2
538462 32 19 0
538555 32 19 2
538559 32 35 0
538822 32 35 2
538838 32 53 0
539071 32 53 2
539111 32 33 0
539234 32 33 2
539246 32 36 0
539401 32 36 2
539421 32 40 0
539673 32 40 2
539697 32 37 0
539926 32 37 2
540030 32 38 0
540205 32 38 2
540209 32 57 0
540539 32 57 2
540563 32 8 0
540629 32 8 2
540637 32 29 0
540883 32 29 2
540923 32 0 0
541051 32 0 2
541063 32 38 0
542125 32 38 2
542141 32 39 0
542367 32 39 2
542371 32 39 0
542745 32 39 2
542801 32 36 0
542907 32 36 2
542939 32 38 0
543083 32 38 2
543099 32 51 0
543213 32 51 2
543269 32 43 0
543592 32 43 2
543600 32 52 0
543796 32 52 2
543832 32 51 0
544113 32 51 2
544133 32 53 0
544637 32 53 2
544661 32 54 0
545152 32 54 2
545168 32 11 0
545476 32 11 2
545488 32 56 0
545619 32 56 2
545623 32 12 0
545935 32 12 2
545943 32 57 0
546089 32 57 2
546093 32 2 0
546426 32 2 2
546478 32 37 0
546715 32 37 2
546731 32 40 0
546804 32 40 2
546860 32 58 0
547198 32 58 2
547258 32 35 0
547397 32 35 2
547401 32 50 0
547822 32 50 2
547842 32 62 0
548333 32 62 2
548361 32 38 0
548697 32 38 2
548769 32 63 0
549088 32 63 2
549128 32 12 0
549408 32 12 2
549432 32 2 0
549527 32 2 2
549551 32 13 0
549845 32 13 2
549941 32 3 0
550072 32 3 2
550112 32 23 0
550608 32 23 2
550624 32 24 0
550694 32 24 2
550802 32 3 0
551134 32 3 2
551142 32 25 0
551277 32 0 1
551292 32 25 2
551320 32 26 0
551451 32 26 2
551477 32 61 2
551531 32 0 0
551567 32 0 2
551668 32 0 2
551676 32 3 0
551840 32 3 2
551884 32 4 0
552124 32 4 2
552220 32 5 0
552412 32 5 2
552452 32 15 0
552766 32 15 2
552774 32 14 0
553129 32 14 2
553141 32 50 0
553301 32 50 2
553329 32 6 0
553498 32 6 2
553518 32 4 0
553662 32 4 2
553670 32 8 0
553766 32 8 2
553770 32 47 0
555107 32 47 2
555115 32 49 0
555216 32 49 2
555232 32 11 0
555232 32 11 0
555298 32 11 2
555386 32 11 2
555422 32 5 0
555476 32 0 1
555588 32 5 2
555612 32 37 0
555669 32 0 2
555727 32 0 2
555732 32 0 0
555882 32 0 0
555908 32 37 2
555972 32 4 0
556014 32 0 0
556076 32 4 2
556080 32 1 0
556185 32 0 0
556235 32 1 2
556263 32 27 0
556317 32 0 0
556361 32 27 2
556369 32 2 0
556444 32 0 0
556451 32 2 2
556463 32 11 0
556553 32 11 2
556561 32 7 0
556584 32 0 0
556704 32 7 2
556708 32 0 0
556724 32 3 0
556820 32 3 2
556870 32 0 0
556928 32 6 0
556984 32 0 0
557089 32 0 0
557101 32 6 2
557121 32 9 0
557187 32 0 0
557297 32 0 0
557331 32 9 2
557414 32 0 0
557503 32 8 0
557538 32 0 0
557592 32 8 2
557604 32 11 0
557644 32 0 0
557724 32 11 2
557741 32 0 0
557744 32 12 0
557856 32 0 0
557959 32 0 0
558007 32 12 2
558031 32 16 0
558061 32 0 0
558203 32 0 0
558282 32 16 2
558290 32 13 0
558303 32 0 0
558383 32 0 0
558494 32 13 2
558502 32 0 0
558542 32 2 0
558666 32 0 0
558685 32 2 2
558729 32 40 0
558794 32 0 0
558926 32 0 0
558954 32 40 2
558958 32 25 0
559017 32 0 0
559042 32 25 2
559058 32 31 0
559155 32 0 0
559257 32 0 0
559294 32 31 2
559330 32 33 0
559368 32 0 0
559465 32 33 2
559469 32 36 0
559485 32 0 0
559592 32 36 2
559600 32 4 0
559623 32 0 0
559720 32 0 0
559755 32 4 2
559835 32 11 0
559835 32 11 0
559866 32 0 0
559902 32 11 2
559907 32 11 2
559919 32 5 0
560040 32 0 0
560069 32 5 2
560101 32 34 0
560173 32 0 0
560244 32 34 2
560247 32 0 1
560264 32 35 0
560323 32 0 0
560439 32 0 2
560457 32 0 0
560464 32 35 2
560488 32 32 0
560505 32 0 2
560510 32 0 0
560547 32 0 0
560605 32 32 2
560632 32 0 0
560632 32 0 0
560673 32 17 0
560742 32 0 0
560790 32 0 0
560857 32 0 0
560874 32 0 0
560978 32 0 0
561009 32 17 2
561019 32 0 0
561112 32 0 0
561152 32 0 0
561247 32 0 0
561284 32 0 0
561305 32 38 0
561305 32 38 0
561363 32 0 0
561371 32 0 0
561371 32 38 2
561454 32 0 0
561492 32 0 0
561610 32 0 0
561617 32 0 0
561733 32 0 0
561741 32 0 0
561831 32 0 0
561871 32 0 0
561972 32 0 0
561993 32 0 0
562108 32 0 0
562154 32 0 0
562199 32 0 0
562297 32 0 0
562323 32 0 0
562453 32 0 0
562498 32 0 0
562579 32 0 0
562664 32 0 0
562674 32 0 0
562786 32 0 0
562788 32 0 0
562918 32 0 0
562942 32 38 2
562950 32 27 0
563018 32 0 0
563032 32 0 0
563040 32 27 2
563060 32 35 0
563118 32 0 0
563184 32 35 2
563201 32 0 0
563234 32 0 0
563240 32 28 0
563331 32 0 0
563374 32 28 2
563409 32 0 0
563442 32 3 0
563471 32 0 0
563574 32 3 2
563578 32 46 0
563598 32 0 0
563716 32 0 0
563845 32 0 0
563988 32 0 0
564027 32 46 2
564047 32 4 0
564102 32 0 0
564261 32 0 0
564327 32 4 2
564359 32 0 0
564410 32 0 0
564491 32 0 2
564495 32 29 0
564573 32 0 0
564611 32 29 2
564727 32 0 0
564755 32 47 0
564881 32 0 0
565020 32 0 0
565032 32 47 2
565104 32 30 0
565154 32 0 0
565317 32 30 2
565326 32 0 0
565415 32 0 0
565468 32 0 0
565576 32 0 0
565587 32 0 0
565669 32 31 0
565691 32 0 0
565694 32 0 0
565832 32 0 0
565891 32 0 0
565999 32 0 0
566006 32 0 0
566127 32 0 1
566152 32 0 0
566157 32 0 0
566298 32 0 0
566317 32 57 2
566321 32 31 2
566325 32 44 0
566356 32 0 0
566374 32 0 2
566428 32 0 0
566430 32 44 2
566438 32 43 0
566518 32 0 0
566548 32 43 2
566631 32 0 0
566643 32 0 0
566680 32 32 0
566685 32 0 1
566699 32 0 0
566756 32 32 2
566769 32 0 0
566810 32 0 0
566828 32 33 0
566877 32 3 2
566896 32 0 0
566957 32 0 2
566962 32 33 2
566971 32 0 0
567010 32 33 0
567083 32 33 2
567091 32 27 0
567095 32 0 0
567153 32 0 0
567223 32 27 2
567234 32 0 0
567327 32 54 0
567379 32 0 0
567492 32 0 0
567543 32 0 1
567550 32 0 0
567720 32 0 0
567737 32 39 2
567785 32 0 0
567818 32 0 2
567839 32 0 0
567936 32 0 0
568018 32 0 0
568114 32 0 0
568213 32 0 0
568308 32 0 0
568318 32 0 0
568526 32 0 0
568528 32 0 0
568644 32 54 2
568656 32 28 0
568676 32 0 0
568698 32 0 1
568758 32 28 2
568767 32 0 0
568774 32 52 0
568888 32 21 2
568895 32 0 0
568928 32 0 0
568969 32 0 2
569005 32 0 0
569030 32 0 0
569094 32 52 2
569102 32 56 0
569261 32 0 0
569411 32 0 0
569477 32 56 2
569488 32 0 0
569493 32 53 0
569601 32 0 0
569683 32 0 0
569801 32 53 2
569827 32 0 0
569901 32 41 0
569941 32 0 0
569991 32 41 2
570039 32 61 0
570073 32 0 0
570209 32 0 0
570224 32 61 2
570228 32 39 0
570316 32 0 0
570391 32 39 2
570403 32 7 0
570515 32 0 0
570542 32 7 2
570602 32 8 0
570677 32 0 0
570792 32 0 0
570942 32 8 2
570974 32 63 0
571069 32 0 0
571206 32 0 0
571349 32 0 0
571572 32 0 0
571679 32 0 0
571757 32 0 0
571891 32 0 0
572031 32 0 0
572177 32 63 2
572205 32 0 0
572285 32 0 0
572351 32 0 0
572365 32 0 2
572393 32 57 0
572472 32 0 0
572533 32 57 2
572566 32 0 0
572601 32 58 0
572710 32 58 2
572746 32 0 0
572794 32 46 0
572891 32 0 0
573003 32 0 0
573045 32 46 2
573057 32 59 0
573142 32 0 0
573196 32 59 2
573228 32 32 0
573237 32 0 0
573296 32 32 2
573304 32 50 0
573477 32 0 0
573526 32 50 2
573602 32 60 0
573665 32 0 0
573836 32 0 0
573911 32 60 2
573919 32 62 0
573964 32 0 0
574142 32 0 0
574332 32 0 0
574479 32 0 0
574548 32 62 2
574552 32 3 0
574626 32 0 0
574644 32 3 2
574656 32 5 0
574762 32 5 2
574781 32 0 0
574790 32 17 0
574870 32 17 2
574890 32 6 0
574937 32 0 0
575012 32 6 2
575104 32 11 0
575417 32 11 2
575425 32 10 0
575515 32 10 2
575535 32 11 0
575648 32 11 2
575656 32 6 0
575770 32 6 2
575806 32 36 0
576088 32 36 2
576148 32 12 0
576247 32 12 2
576255 32 0 0
576337 32 0 2
576461 32 15 0
576692 32 15 2
576812 32 7 0
576990 32 7 2
577006 32 0 0
577252 32 0 2
577400 32 9 0
577474 32 9 2
577506 32 8 0
577590 32 8 2
577618 32 43 0
578002 32 43 2
578110 32 14 0
578224 32 14 2
578540 32 29 0
578649 32 29 2
578689 32 30 0
578813 32 30 2
578857 32 17 0
578930 32 17 2
578986 32 18 0
579068 32 18 2
579104 32 22 0
579318 32 22 2
579370 32 3 0
597685 32 3 2
597693 32 19 0
597760 32 43 2
597783 32 19 2
597787 32 3 0
599325 32 2 2
599488 32 2 2
599731 32 2 2
600673 32 3 2
601804 32 24 2
601813 32 3 0
602863 32 3 2
658012 32 2 0
658013 32 0 1
658207 32 2 2
658280 32 0 2
688863 32 2 0
688864 32 0 0
691324 32 2 0
691325 32 0 0
695172 32 2 0
695173 32 0 1
695367 32 2 2
695440 32 0 2
695819 32 2 0
695820 32 0 1
696008 32 2 2
696082 32 0 2
697688 32 0 1
697877 32 2 2
697950 32 0 2
735305 32 2 0
735306 32 2 2
738712 32 2 0
738713 32 0 1
738907 32 2 2
738980 32 0 2
767711 32 2 0
767712 32 0 1
767907 32 2 2
767980 32 0 2
785246 32 2 0
785247 32 2 2
790989 32 0 1
791177 32 2 2
791250 32 0 2
795009 32 2 0
795010 32 2 2
825300 32 2 0
825301 32 2 2
845750 32 2 0
845751 32 0 1
845937 32 2 2
846010 32 0 2
861737 32 2 0
861738 32 2 2
865647 32 2 2
865651 32 3 0
868081 32 3 2
1503824 32 34 0
1504313 32 34 2
1504337 32 35 0
1504607 32 35 2
1504847 32 33 0
1505125 32 33 2
1505256 32 0 1
1505358 32 0 1
1505444 32 17 2
1505476 32 0 1
1505494 32 0 2
1505554 32 34 2
1505561 32 32 0
1505570 32 0 1
1505596 32 0 2
1505664 32 26 2
1505714 32 0 2
1505723 32 0 1
1505774 32 32 2
1505790 32 32 2
1505799 32 0 2
1505808 32 0 1
1505878 32 38 0
1505878 32 38 0
1505914 32 10 2
1505944 32 38 2
1505983 32 0 2
1506024 32 40 2
1506043 32 38 2
1506057 32 0 2
1506080 32 0 1
1506104 32 0 1
1506200 32 0 1
1506274 32 20 2
1506336 32 0 1
1506348 32 0 2
1506384 32 39 2
1506438 32 0 1
1506447 32 31 0
1506466 32 0 2
1506494 32 11 2
1506556 32 0 1
1506568 32 0 2
1506604 32 31 2
1506650 32 0 1
1506694 32 0 2
1506714 32 30 2
1506768 32 0 1
1506795 32 31 2
1506797 32 0 2
1506824 32 13 2
1506839 32 30 0
1506870 32 0 1
1506914 32 0 2
1506944 32 45 2
1506966 32 0 1
1507018 32 0 2
1507054 32 21 2
1507066 32 0 1
1507136 32 0 2
1507164 32 59 2
1507238 32 0 2
1507262 32 0 1
1507274 32 36 2
1507316 32 0 1
1507332 32 0 2
1507384 32 49 2
1507434 32 0 2
1507467 32 0 1
1507494 32 6 2
1507600 32 0 2
1507604 32 16 2
1507608 32 0 1
1507645 32 0 1
1507646 32 0 2
1507714 32 22 2
1507763 32 0 1
1507805 32 0 2
1507824 32 38 2
1507882 32 0 1
1507898 32 0 2
1507936 32 48 2
1507967 32 0 1
1507978 32 0 2
1508044 32 56 2
1508094 32 0 2
1508098 32 0 1
1508154 32 28 2
1508222 32 0 1
1508223 32 0 2
1508264 32 25 2
1508306 32 0 2
1508368 32 0 1
1508384 32 35 2
1508434 32 0 2
1508446 32 0 1
1508494 32 44 2
1508561 32 0 2
1508592 32 0 1
1508604 32 53 2
1508687 32 0 2
1508714 32 42 2
1508738 32 0 1
1508764 32 0 2
1508824 32 0 1
1508824 32 19 2
1508891 32 0 2
1508934 32 12 2
1509017 32 0 2
1509025 32 0 1
1509043 32 50 2
1509102 32 0 2
1509129 32 0 1
1509211 32 0 1
1509214 32 62 2
1509312 32 0 2
1509313 32 0 1
1509434 32 4 2
1509443 32 0 1
1509519 32 0 1
1509524 32 0 2
1509544 32 1 2
1509610 32 0 2
1509654 32 27 2
1509662 32 0 1
1509694 32 30 2
1509712 32 0 2
1509763 32 52 2
1509823 32 0 1
1509837 32 0 2
1509874 32 33 2
1509908 32 0 2
1509984 32 37 2
1510009 32 0 1
1510050 32 0 2
1510072 32 0 1
1510094 32 5 2
1510134 32 0 1
1510193 32 0 2
1510204 32 29 2
1510252 32 0 1
1510278 32 0 2
1510314 32 15 2
1510378 32 0 1
1510420 32 0 2
1510424 32 57 2
1510448 32 0 1
1510478 32 11 0
1510478 32 11 0
1510481 32 0 2
1510534 32 51 2
1510545 32 11 2
1510570 32 11 2
1510574 32 0 1
1510600 32 0 2
1510644 32 60 2
1510724 32 0 1
1510726 32 0 2
1510753 32 41 2
1510795 32 0 2
1510818 32 0 1
1510864 32 18 2
1510922 32 0 2
1510974 32 14 2
1511003 32 0 1
1511072 32 0 2
1511084 32 3 2
1511124 32 0 1
1511163 32 0 1
1511166 32 0 2
1511194 32 43 2
1511218 32 0 1
1511222 32 14 0
1511251 32 0 2
1511314 32 8 2
1511344 32 0 1
1511364 32 0 2
1511390 32 14 2
1511402 32 15 0
1511402 32 15 0
1511424 32 7 2
1511471 32 0 1
1511500 32 15 2
1511533 32 24 2
1511538 32 0 2
1511542 32 15 2
1511562 32 18 0
1511567 32 0 2
1511597 32 0 1
1511644 32 9 2
1511702 32 0 2
1511715 32 0 1
1511754 32 58 2
1511820 32 0 2
1511844 32 0 1
1511864 32 46 2
1511946 32 0 2
1511974 32 47 2
1511984 32 0 1
1512064 32 0 2
1512084 32 23 2
1512086 32 0 1
1512182 32 0 2
1512194 32 55 2
1512196 32 0 1
1512292 32 0 2
1512304 32 61 2
1512394 32 0 2
1512414 32 54 2
1512457 32 18 2
1512481 32 4 0
1512504 32 0 2
1512657 32 4 2
1512701 32 38 0
1512701 32 38 0
1512767 32 38 2
1512866 32 38 2
1513010 32 11 0
1513010 32 11 0
1513076 32 11 2
1513087 32 11 2
1513099 32 46 0
1513181 32 46 2
1513225 32 12 0
1513306 32 12 2
1513462 32 47 0
1513552 32 47 2
1514712 32 40 0
1514828 32 40 2
1514856 32 49 0
1514954 32 49 2
1514966 32 51 0
1515082 32 51 2
1515102 32 37 0
1515216 32 37 2
1515220 32 20 0
1515356 32 20 2
1515372 32 3 0
1515697 32 3 2
1515789 32 21 0
1515919 32 21 2
1515927 32 56 0
1516016 32 56 2
1516036 32 57 0
1516134 32 57 2
1516222 32 58 0
1516328 32 58 2
1516408 32 59 0
1516523 32 59 2
1516547 32 63 0
1516692 32 63 2
1516728 32 38 0
1516728 32 38 0
1516794 32 38 2
1516802 32 38 2
1516850 32 33 0
1516924 32 33 2
2481218 32 38 0
2481218 32 38 0
2481977 32 38 2
2487281 32 38 2
2488513 32 11 0
2488513 32 11 0
2488579 32 11 2
2488604 32 11 2
2489356 32 38 0
2489356 32 38 0
2489422 32 38 2
2491571 32 38 2
2491715 32 11 0
2491715 32 11 0
2491781 32 11 2
2491789 32 11 2
2493589 32 38 0
2493589 32 38 0
2493655 32 38 2
2493663 32 38 2
3457789 32 38 0
3457789 32 38 0
3460276 32 38 2
3464520 32 38 2
3465752 32 11 0
3465752 32 11 0
3465818 32 11 2
3465843 32 11 2
3466595 32 38 0
3466595 32 38 0
3466661 32 38 2
3467490 32 38 2
3467634 32 11 0
3467634 32 11 0
3467700 32 11 2
3467708 32 11 2
3469508 32 38 0
3469508 32 38 0
3469574 32 38 2
3469582 32 38 2
4434327 32 38 0
4434327 32 38 0
4435863 32 38 2
4436637 32 38 2
4437869 32 11 0
4437869 32 11 0
4437935 32 11 2
4437960 32 11 2
4438712 32 38 0
4438712 32 38 0
4438778 32 38 2
4438867 32 38 2
4439011 32 11 0
4439011 32 11 0
4439077 32 11 2
4439085 32 11 2
4440885 32 38 0
4440885 32 38 0
4440959 32 38 2
4443071 32 38 2
5410909 32 38 0
5410909 32 38 0
5413016 32 38 2
5418560 32 38 2
5419792 32 11 0
5419792 32 11 0
5419858 32 11 2
5419883 32 11 2
5420635 32 38 0
5420635 32 38 0
5420701 32 38 2
5421460 32 38 2
5421604 32 11 0
5421604 32 11 0
5421670 32 11 2
5421678 32 11 2
5423478 32 38 0
5423478 32 38 0
5423544 32 38 2
5423552 32 38 2
6387458 32 38 0
6387458 32 38 0
6387728 32 38 2
6392722 32 38 2
6393954 32 11 0
6393954 32 11 0
6394020 32 11 2
6394044 32 11 2
6394796 32 38 0
6394796 32 38 0
6394862 32 38 2
6397611 32 38 2
6397755 32 11 0
6397755 32 11 0
6397821 32 11 2
6397829 32 11 2
6399629 32 38 0
6399629 32 38 0
6399695 32 38 2
6399703 32 38 2
