0 41 51 0
1051 41 51 2
1055 41 22 0
2371 41 22 2
2383 41 1 0
3043 41 1 2
3063 41 24 0
3164 41 24 2
5661 41 7 1
5907 41 0 2
5980 41 7 2
6307 41 7 1
6557 41 2 2
6630 41 7 2
113046 41 7 1
113298 41 2 2
113372 41 7 2
126364 41 7 1
126607 41 2 2
126680 41 7 2
176506 41 7 1
176757 41 2 2
176830 41 7 2
297336 41 7 1
297579 41 2 2
297652 41 7 2
301391 41 7 1
301639 41 2 2
301712 41 7 2
323170 41 2 0
323171 41 7 1
323419 41 2 2
323492 41 7 2
344884 41 7 1
345129 41 2 2
345202 41 7 2
351678 41 7 1
351929 41 2 2
352002 41 7 2
380670 41 2 0
380671 41 7 1
380919 41 2 2
380992 41 7 2
396652 41 7 1
396899 41 2 2
396972 41 7 2
406978 41 7 1
407229 41 2 2
407302 41 7 2
416656 41 2 0
416657 41 7 1
416899 41 2 2
416972 41 7 2
417474 41 2 0
417475 41 0 0
468696 41 2 0
468697 41 7 1
468939 41 2 2
469012 41 7 2
472744 41 7 1
472989 41 2 2
473062 41 7 2
494084 41 2 0
494085 41 7 1
494329 41 2 2
494402 41 7 2
494856 41 2 0
494857 41 2 2
503606 41 2 2
503607 41 2 0
520614 41 2 0
520615 41 7 1
520859 41 2 2
520932 41 7 2
526867 41 4 0
529790 41 7 1
529896 41 7 1
530021 41 7 1
530040 41 4 2
530129 41 7 2
530148 41 7 1
530152 41 20 2
530225 41 7 2
530240 41 7 1
530290 41 23 2
530314 41 7 1
530388 41 7 2
530400 41 15 2
530433 41 7 1
530507 41 7 2
530510 41 3 2
530530 41 7 1
530591 41 4 2
530592 41 7 2
530641 41 1 2
530643 41 44 0
530645 41 7 1
530706 41 7 2
530763 41 7 1
530769 41 36 2
530827 41 7 2
530879 41 7 1
530882 41 11 2
530955 41 7 2
530978 41 7 1
530991 41 14 2
531089 41 7 2
531100 41 30 2
531114 41 7 1
531182 41 7 2
531220 41 13 2
531233 41 7 1
531310 41 7 2
531340 41 44 2
531358 41 7 1
531390 41 7 2
531445 41 7 1
531450 41 7 2
531536 41 7 1
531560 41 22 2
531564 41 7 2
531649 41 7 2
531655 41 7 1
531690 41 6 2
531746 41 7 1
531796 41 7 2
531800 41 10 2
531840 41 7 1
531866 41 7 2
531910 41 9 2
531960 41 7 1
531969 41 7 2
532040 41 12 2
532050 41 7 1
532125 41 7 2
532150 41 42 2
532183 41 7 1
532184 41 7 2
532260 41 33 2
532294 41 7 2
532320 41 7 1
532390 41 19 2
532392 41 44 2
532404 41 5 0
532413 41 7 1
532456 41 7 2
532500 41 26 2
532511 41 5 2
532523 41 45 0
532546 41 7 1
532550 41 7 2
532610 41 52 2
532666 41 7 1
532669 41 7 2
532740 41 29 2
532741 41 7 1
532813 41 7 2
532850 41 57 2
532892 41 7 2
532907 41 7 1
532960 41 51 2
533001 41 7 1
533010 41 7 2
533090 41 5 2
533127 41 45 2
533151 41 7 1
533188 41 7 2
533195 41 24 0
533200 41 40 2
533225 41 7 1
533234 41 7 2
533330 41 63 2
533351 41 7 1
533358 41 24 2
533390 41 25 0
533420 41 7 2
533440 41 49 2
533474 41 7 2
533496 41 7 1
533522 41 25 2
533530 41 26 0
533550 41 39 2
533609 41 7 1
533632 41 7 2
533660 41 25 2
533703 41 7 2
533739 41 26 2
533779 41 27 0
533789 41 7 1
533810 41 59 2
533868 41 7 2
533897 41 27 2
533917 41 33 0
533920 41 47 2
533931 41 7 1
533994 41 7 2
534030 41 58 2
534053 41 7 1
534079 41 7 2
534150 41 46 2
534158 41 7 1
534216 41 7 2
534264 41 62 2
534287 41 7 1
534320 41 33 2
534340 41 35 0
534346 41 7 2
534370 41 37 2
534418 41 7 1
534436 41 7 2
534501 41 35 2
534552 41 7 2
534558 41 7 1
534630 41 60 2
534655 41 7 1
534696 41 7 2
534741 41 45 2
534771 41 7 1
534799 41 7 2
534850 41 50 2
534859 41 7 1
534892 41 7 2
535016 41 7 1
535091 41 32 2
535111 41 7 1
535133 41 7 2
535195 41 7 1
535200 41 28 2
535267 41 7 2
535296 41 7 1
535320 41 48 2
535362 41 7 2
535411 41 7 1
535450 41 55 2
535532 41 7 2
535556 41 7 1
535560 41 34 2
535601 41 7 2
535676 41 24 2
535692 41 7 1
535726 41 7 2
535780 41 16 2
535813 41 7 1
535839 41 7 2
535900 41 43 2
535942 41 7 2
535956 41 7 1
536042 41 53 2
536089 41 7 1
536108 41 7 2
536150 41 31 2
536174 41 7 1
536240 41 7 2
536248 41 35 2
536256 41 41 0
536260 41 27 2
536265 41 7 1
536318 41 7 2
536380 41 61 2
536414 41 7 1
536454 41 7 2
536490 41 54 2
536496 41 7 1
536565 41 7 2
536604 41 7 1
536610 41 8 2
536676 41 7 2
536706 41 7 1
536720 41 41 2
536736 41 41 2
536745 41 7 2
536752 41 42 0
536830 41 21 2
536846 41 7 1
536913 41 7 2
536940 41 17 2
536989 41 7 2
537050 41 18 2
537087 41 42 2
537107 41 7 2
537119 41 1 0
537170 41 56 2
537184 41 1 2
537220 41 36 0
537220 41 7 2
537280 41 38 2
537354 41 7 2
537366 41 36 2
537378 41 43 0
537676 41 43 2
537692 41 17 0
537804 41 17 2
537896 41 27 0
538178 41 27 2
538182 41 37 0
538423 41 37 2
538435 41 17 0
538517 41 17 2
538525 41 15 0
538876 41 15 2
538916 41 16 0
539073 41 16 2
539113 41 18 0
539247 41 18 2
539271 41 61 0
539344 41 61 2
539356 41 54 0
539866 41 7 1
540110 41 11 2
540183 41 7 2
540409 41 54 2
540429 41 12 0
540519 41 12 2
540527 41 19 0
540626 41 19 2
540630 41 35 0
540656 41 7 1
540912 41 29 2
540931 41 35 2
540947 41 53 0
540984 41 7 2
541388 41 53 2
541428 41 33 0
541534 41 33 2
541546 41 36 0
541673 41 36 2
541693 41 40 0
542014 41 40 2
542038 41 37 0
542256 41 37 2
542360 41 38 0
542544 41 38 2
542548 41 2 0
542680 41 7 1
542929 41 47 2
543002 41 7 2
543037 41 7 1
543107 41 2 2
543131 41 8 0
543214 41 8 2
543222 41 29 0
543263 41 7 1
543289 41 35 2
543342 41 7 2
543386 41 29 2
543426 41 0 0
543509 41 16 2
543518 41 0 2
543530 41 38 0
543566 41 7 2
543762 41 38 2
543778 41 39 0
543962 41 39 2
543966 41 39 0
544254 41 39 2
544310 41 36 0
544466 41 36 2
544498 41 38 0
544670 41 38 2
544686 41 51 0
544828 41 51 2
544884 41 37 0
544943 41 7 1
545038 41 7 1
545175 41 37 2
545183 41 52 0
545189 41 2 2
545262 41 7 2
545299 41 53 2
545353 41 52 2
545364 41 7 2
545389 41 45 0
545528 41 7 1
545665 41 45 2
545685 41 53 0
545779 41 17 2
545828 41 7 2
546245 41 53 2
546269 41 54 0
546610 41 7 1
546859 41 6 2
546964 41 7 2
547136 41 54 2
547152 41 11 0
547556 41 11 2
547568 41 56 0
547666 41 56 2
547670 41 12 0
547958 41 12 2
547966 41 57 0
548073 41 57 2
548077 41 2 0
548385 41 2 2
548437 41 37 0
548594 41 37 2
548610 41 40 0
548779 41 40 2
548835 41 58 0
549351 41 58 2
549411 41 35 0
549528 41 35 2
549532 41 50 0
549650 41 50 2
549670 41 62 0
550358 41 62 2
550386 41 38 0
550777 41 38 2
550849 41 63 0
551435 41 63 2
551475 41 12 0
551761 41 12 2
551785 41 2 0
551879 41 2 2
551903 41 13 0
552205 41 13 2
552301 41 3 0
552430 41 3 2
552470 41 23 0
552688 41 23 2
552704 41 24 0
552797 41 24 2
552905 41 12 0
553194 41 12 2
553202 41 25 0
553288 41 25 2
553316 41 26 0
553415 41 26 2
553495 41 0 0
553622 41 0 2
553630 41 3 0
553778 41 3 2
553822 41 4 0
553963 41 4 2
554059 41 5 0
554262 41 5 2
554302 41 15 0
554646 41 15 2
554654 41 14 0
555009 41 14 2
555021 41 50 0
555211 41 50 2
555239 41 6 0
555363 41 6 2
555383 41 4 0
555497 41 4 2
555505 41 8 0
555657 41 8 2
555661 41 47 0
556193 41 47 2
556201 41 49 0
556299 41 49 2
556315 41 11 0
556501 41 11 2
556537 41 5 0
556686 41 5 2
556710 41 37 0
557070 41 37 2
557134 41 4 0
557272 41 4 2
557276 41 1 0
557379 41 1 2
557407 41 27 0
557510 41 27 2
557518 41 2 0
557622 41 2 2
557634 41 11 0
557755 41 11 2
557763 41 7 0
557937 41 7 2
557957 41 3 0
558047 41 3 2
558155 41 6 0
558347 41 6 2
558367 41 9 0
558471 41 9 2
558643 41 8 0
558728 41 8 2
558740 41 11 0
558837 41 11 2
558857 41 12 0
559024 41 12 2
559048 41 16 0
559309 41 16 2
559317 41 13 0
559431 41 13 2
559479 41 2 0
559614 41 2 2
559658 41 40 0
559811 41 40 2
559815 41 25 0
559897 41 25 2
559913 41 31 0
560163 41 31 2
560199 41 33 0
560342 41 33 2
560346 41 36 0
560521 41 36 2
560529 41 4 0
560660 41 4 2
560752 41 5 0
560917 41 5 2
560949 41 34 0
561050 41 34 2
561070 41 35 0
561262 41 35 2
561286 41 32 0
561428 41 32 2
561496 41 17 0
561789 41 17 2
562085 41 38 0
562085 41 38 0
562151 41 38 2
562600 41 7 1
562766 41 2 0
562849 41 15 2
562872 41 2 0
562954 41 7 2
563054 41 2 0
563185 41 2 0
563304 41 2 0
563338 41 38 2
563346 41 27 0
563436 41 2 0
563452 41 7 1
563500 41 27 2
563520 41 35 0
563557 41 2 0
563619 41 35 2
563675 41 28 0
563699 41 33 2
563732 41 7 2
563785 41 28 2
563804 41 2 0
563853 41 3 0
563912 41 2 0
563960 41 3 2
563964 41 46 0
563999 41 2 0
564136 41 2 0
564218 41 2 0
564332 41 2 0
564349 41 46 2
564369 41 4 0
564475 41 2 0
564588 41 7 1
564622 41 2 0
564681 41 4 2
564713 41 0 0
564803 41 0 2
564807 41 29 0
564836 41 2 0
564839 41 51 2
564887 41 7 2
564933 41 29 2
564987 41 2 0
565077 41 47 0
565099 41 2 0
565197 41 2 0
565324 41 47 2
565396 41 30 0
565396 41 2 0
565583 41 30 2
565596 41 2 0
565685 41 2 0
565845 41 2 0
565935 41 31 0
565993 41 2 0
566119 41 2 0
566284 41 2 0
566476 41 2 0
566593 41 31 2
566597 41 44 0
566601 41 2 0
566695 41 2 0
566717 41 44 2
566725 41 43 0
566812 41 2 0
566822 41 43 2
566940 41 2 0
566954 41 32 0
567040 41 32 2
567112 41 33 0
567201 41 33 2
567249 41 33 0
567297 41 2 0
567350 41 33 2
567358 41 27 0
567515 41 27 2
567546 41 2 0
567619 41 54 0
567821 41 2 0
567927 41 7 1
567961 41 2 0
568074 41 2 0
568179 41 0 2
568234 41 2 0
568258 41 7 2
568412 41 2 0
568549 41 2 0
568716 41 2 0
568906 41 2 0
569022 41 2 0
569113 41 2 0
569228 41 2 0
569347 41 2 0
569474 41 2 0
569683 41 2 0
569714 41 54 2
569726 41 28 0
569795 41 2 0
569861 41 28 2
569877 41 46 0
569918 41 2 0
570017 41 2 0
570108 41 2 0
570167 41 46 2
570175 41 56 0
570207 41 2 0
570330 41 56 2
570346 41 47 0
570398 41 2 0
570511 41 2 0
570617 41 2 0
570684 41 47 2
570784 41 41 0
570793 41 2 0
570866 41 41 2
570914 41 61 0
571027 41 2 0
571076 41 61 2
571080 41 39 0
571167 41 2 0
571231 41 39 2
571243 41 7 0
571318 41 2 0
571393 41 7 2
571431 41 2 0
571453 41 8 0
571630 41 8 2
571661 41 2 0
571662 41 63 0
571797 41 2 0
572034 41 2 0
572661 41 63 2
572769 41 0 0
572862 41 0 2
572890 41 57 0
573089 41 57 2
573157 41 58 0
573378 41 58 2
573462 41 46 0
573627 41 46 2
573639 41 59 0
573787 41 59 2
573819 41 32 0
573904 41 32 2
573912 41 50 0
574020 41 50 2
574096 41 60 0
574727 41 60 2
574735 41 62 0
575636 41 62 2
575640 41 3 0
575737 41 3 2
575749 41 5 0
575879 41 5 2
575907 41 17 0
575988 41 17 2
576008 41 6 0
576140 41 6 2
576232 41 11 0
576555 41 11 2
576563 41 10 0
576653 41 10 2
576673 41 11 0
576803 41 11 2
576811 41 6 0
576935 41 6 2
576971 41 36 0
577320 41 36 2
577380 41 12 0
577498 41 12 2
577506 41 0 0
577626 41 0 2
577750 41 15 0
577950 41 15 2
578070 41 7 0
578199 41 7 2
578215 41 0 0
578461 41 0 2
578609 41 9 0
578731 41 9 2
578763 41 8 0
578875 41 8 2
578903 41 43 0
579166 41 43 2
579274 41 14 0
579436 41 14 2
579752 41 29 0
579867 41 29 2
579907 41 30 0
580072 41 30 2
580116 41 17 0
580218 41 17 2
580274 41 18 0
580384 41 18 2
580420 41 22 0
580592 41 22 2
580644 41 3 0
585115 41 3 2
585123 41 19 0
585190 41 50 2
585205 41 19 2
585209 41 3 0
591742 41 3 2
591817 41 6 2
591932 41 60 2
592047 41 35 2
592138 41 56 2
592253 41 9 2
592344 41 20 2
592443 41 26 2
592536 41 59 2
592546 41 3 0
593786 41 3 2
597609 41 32 2
597614 41 3 0
600001 41 3 2
601808 41 24 2
601813 41 3 0
604920 41 3 2
614582 41 2 2
614736 41 2 2
614979 41 2 2
673574 41 2 0
673575 41 7 1
673819 41 2 2
673892 41 7 2
705851 41 2 0
705852 41 7 1
706099 41 2 2
706172 41 7 2
727985 41 2 0
727986 41 0 0
730274 41 2 0
730275 41 7 1
730519 41 2 2
730592 41 7 2
787204 41 7 1
787449 41 2 2
787522 41 7 2
794012 41 2 0
794013 41 7 1
794259 41 2 2
794332 41 7 2
818453 41 2 0
818454 41 2 2
823635 41 2 0
823636 41 2 2
838139 41 2 0
838140 41 2 2
838562 41 2 2
838563 41 2 0
847441 41 2 0
847442 41 2 2
865656 41 3 0
865656 41 2 2
868248 41 3 2
1503882 41 34 0
1508953 41 34 2
1508977 41 35 0
1509417 41 35 2
1509657 41 33 0
1509995 41 33 2
1510431 41 32 0
1510778 41 32 2
1510866 41 38 0
1510866 41 38 0
1510932 41 38 2
1511139 41 38 2
1511543 41 31 0
1512016 41 31 2
1512060 41 30 0
1514113 41 30 2
1515549 41 14 0
1515759 41 14 2
1515771 41 15 0
1515771 41 15 0
1515869 41 15 2
1515981 41 15 2
1516001 41 18 0
1516787 41 18 2
1516811 41 4 0
1517091 41 4 2
1517135 41 38 0
1517135 41 38 0
1517202 41 38 2
1517289 41 38 2
1517445 41 46 0
1517511 41 46 2
1517555 41 12 0
1517636 41 12 2
1517792 41 47 0
1517865 41 47 2
1519025 41 40 0
1519231 41 40 2
1519259 41 49 0
1519349 41 49 2
1519361 41 51 0
1519458 41 51 2
1519478 41 37 0
1519584 41 37 2
1519588 41 20 0
1519729 41 20 2
1519745 41 3 0
1520077 41 3 2
1520169 41 21 0
1520292 41 21 2
1520300 41 56 0
1520398 41 56 2
1520418 41 57 0
1520556 41 57 2
1520644 41 58 0
1520880 41 58 2
1520960 41 59 0
1521134 41 59 2
1521158 41 63 0
1521554 41 63 2
1521590 41 38 0
1521590 41 38 0
1521656 41 38 2
1521664 41 38 2
1521712 41 33 0
1521793 41 33 2
2481226 41 38 0
2481226 41 38 0
2485045 41 38 2
2485188 41 38 2
2487029 41 38 0
2487029 41 38 0
2487095 41 38 2
2487522 41 38 2
2489466 41 38 0
2489466 41 38 0
2489540 41 38 2
2489562 41 38 2
3457769 41 38 0
3457769 41 38 0
3460126 41 38 2
3461586 41 38 2
3463570 41 38 0
3463570 41 38 0
3463636 41 38 2
3463953 41 38 2
3465897 41 38 0
3465897 41 38 0
3465971 41 38 2
3466453 41 38 2
4434361 41 38 0
4434361 41 38 0
4437886 41 38 2
4440897 41 38 2
4442881 41 38 0
4442881 41 38 0
4442947 41 38 2
4444414 41 38 2
4446358 41 38 0
4446358 41 38 0
4446432 41 38 2
4446454 41 38 2
5410883 41 38 0
5410883 41 38 0
5414069 41 38 2
5415466 41 38 2
5417450 41 38 0
5417450 41 38 0
5417516 41 38 2
5418265 41 38 2
5420209 41 38 0
5420209 41 38 0
5420276 41 38 2
5420281 41 38 2
6387470 41 38 0
6387470 41 38 0
6389900 41 38 2
6389951 41 38 2
6391935 41 38 0
6391935 41 38 0
6392001 41 38 2
6393709 41 38 2
6395653 41 38 0
6395653 41 38 0
6395727 41 38 2
6396119 41 38 2
