0 4 51 0
4367 4 51 2
4371 4 22 0
5727 4 22 2
5739 4 1 0
6615 4 1 2
6635 4 24 0
6769 4 24 2
14211 4 0 1
14402 4 0 2
14459 4 0 2
27647 4 0 1
27842 4 2 2
27883 4 0 2
60597 4 0 1
60792 4 2 2
60833 4 0 2
70995 4 0 1
71182 4 0 2
71239 4 0 2
74957 4 0 1
75152 4 0 2
75209 4 0 2
114494 4 0 0
137998 4 0 1
138185 4 2 2
138226 4 0 2
169538 4 0 1
169725 4 2 2
169766 4 0 2
181264 4 0 1
181455 4 2 2
181496 4 0 2
185281 4 0 1
185475 4 2 2
185516 4 0 2
195172 4 0 1
195365 4 2 2
195406 4 0 2
224012 4 0 1
224205 4 2 2
224246 4 0 2
299582 4 2 0
299583 4 0 1
299777 4 2 2
299818 4 0 2
309898 4 0 1
310087 4 2 2
310128 4 0 2
342149 4 0 1
342337 4 2 2
342378 4 0 2
363758 4 2 0
363759 4 0 1
363947 4 2 2
363988 4 0 2
381878 4 0 1
382067 4 2 2
382108 4 0 2
419027 4 2 0
419028 4 0 1
419217 4 2 2
419258 4 0 2
452325 4 0 1
452517 4 2 2
452558 4 0 2
465337 4 0 1
465527 4 2 2
465568 4 0 2
476286 4 2 0
476287 4 0 1
476477 4 2 2
476518 4 0 2
498828 4 2 0
498829 4 0 1
499017 4 2 2
499058 4 0 2
523409 4 2 0
523410 4 0 1
523597 4 2 2
523638 4 0 2
525042 4 2 0
525043 4 0 0
526867 4 4 0
526876 4 0 1
527067 4 4 2
527082 4 4 2
527091 4 0 2
527092 4 4 0
527134 4 44 0
527141 4 12 2
527175 4 4 0
527184 4 11 2
527226 4 4 0
527235 4 13 2
527277 4 4 0
527286 4 20 2
527328 4 4 0
527337 4 1 2
527387 4 4 0
527396 4 23 2
527435 4 44 2
527447 4 5 0
527462 4 4 0
527471 4 0 2
527529 4 4 0
527538 4 7 2
527588 4 4 0
527597 4 30 2
527653 4 5 2
527663 4 4 0
527665 4 45 0
527672 4 15 2
527712 4 0 2
527730 4 4 0
527739 4 3 2
527773 4 4 0
527782 4 36 2
527792 4 11 2
527840 4 4 0
527849 4 14 2
527853 4 12 2
527898 4 4 0
527903 4 13 2
527907 4 44 2
527953 4 20 2
527956 4 45 2
527973 4 4 0
527982 4 42 2
528024 4 24 0
528047 4 1 2
528064 4 4 0
528073 4 6 2
528115 4 4 0
528124 4 9 2
528134 4 24 2
528166 4 25 0
528169 4 23 2
528181 4 4 0
528190 4 5 2
528224 4 4 0
528233 4 22 2
528279 4 7 2
528291 4 4 0
528300 4 10 2
528351 4 4 0
528360 4 29 2
528381 4 30 2
528417 4 4 0
528426 4 52 2
528499 4 15 2
528500 4 4 0
528509 4 26 2
528546 4 25 2
528554 4 26 0
528575 4 4 0
528584 4 33 2
528601 4 3 2
528666 4 4 0
528675 4 19 2
528702 4 36 2
528725 4 4 0
528734 4 51 2
528744 4 26 2
528784 4 27 0
528815 4 4 0
528823 4 14 2
528824 4 40 2
528923 4 44 2
528925 4 4 0
528934 4 47 2
529023 4 4 0
529032 4 57 2
529052 4 42 2
529095 4 27 2
529115 4 33 0
529137 4 4 0
529146 4 63 2
529151 4 6 2
529252 4 4 0
529261 4 25 2
529277 4 9 2
529336 4 4 0
529345 4 39 2
529362 4 5 2
529403 4 33 2
529423 4 35 0
529426 4 4 0
529435 4 59 2
529481 4 22 2
529526 4 4 0
529535 4 49 2
529619 4 10 2
529632 4 4 0
529641 4 60 2
529713 4 29 2
529723 4 4 0
529732 4 46 2
529741 4 35 2
529749 4 41 0
529814 4 4 0
529823 4 37 2
529834 4 52 2
529888 4 4 0
529897 4 48 2
529962 4 26 2
530004 4 4 0
530013 4 58 2
530077 4 33 2
530088 4 41 2
530104 4 42 0
530112 4 4 0
530121 4 62 2
530185 4 19 2
530218 4 4 0
530227 4 28 2
530277 4 4 0
530286 4 50 2
530314 4 51 2
530376 4 4 0
530385 4 35 2
530391 4 42 2
530423 4 1 0
530441 4 40 2
530451 4 4 0
530460 4 45 2
530483 4 1 2
530519 4 36 0
530534 4 4 0
530543 4 41 2
530560 4 47 2
530617 4 36 2
530629 4 43 0
530634 4 4 0
530643 4 32 2
530702 4 57 2
530737 4 4 0
530746 4 24 2
530828 4 4 0
530828 4 63 2
530837 4 16 2
530911 4 4 0
530912 4 43 2
530920 4 55 2
530928 4 17 0
530946 4 25 2
531001 4 17 2
531019 4 4 0
531028 4 21 2
531039 4 39 2
531079 4 4 0
531088 4 43 2
531093 4 27 0
531137 4 59 2
531161 4 4 0
531170 4 53 2
531182 4 27 2
531186 4 37 0
531245 4 49 2
531252 4 4 0
531261 4 34 2
531296 4 37 2
531308 4 17 0
531339 4 4 0
531348 4 61 2
531368 4 60 2
531382 4 17 2
531390 4 15 0
531439 4 4 0
531448 4 8 2
531471 4 46 2
531490 4 15 2
531519 4 4 0
531528 4 31 2
531530 4 16 0
531562 4 37 2
531602 4 4 0
531611 4 27 2
531670 4 4 0
531679 4 54 2
531703 4 48 2
531770 4 4 0
531779 4 56 2
531804 4 16 2
531829 4 58 2
531844 4 18 0
531900 4 4 0
531909 4 18 2
531950 4 62 2
531970 4 4 0
531979 4 38 2
532057 4 28 2
532061 4 4 0
532070 4 17 2
532134 4 50 2
532151 4 18 2
532175 4 61 0
532247 4 35 2
532264 4 61 2
532276 4 54 0
532333 4 45 2
532463 4 41 2
532576 4 32 2
532685 4 24 2
532796 4 16 2
532869 4 54 2
532889 4 7 0
532898 4 55 2
532938 4 7 2
532946 4 19 0
533015 4 21 2
533103 4 19 2
533107 4 35 0
533121 4 43 2
533239 4 53 2
533343 4 34 2
533390 4 35 2
533406 4 53 0
533472 4 61 2
533542 4 53 2
533582 4 33 0
533600 4 8 2
533694 4 31 2
533734 4 33 2
533746 4 36 0
533814 4 27 2
533844 4 36 2
533864 4 40 0
533930 4 54 2
534073 4 56 2
534165 4 40 2
534189 4 37 0
534209 4 18 2
534291 4 38 2
534299 4 37 2
534403 4 38 0
534420 4 17 2
534625 4 38 2
534629 4 29 0
534888 4 29 2
534912 4 8 0
534992 4 8 2
535000 4 29 0
535099 4 29 2
535139 4 0 0
535216 4 0 2
535228 4 38 0
535573 4 38 2
535589 4 39 0
535893 4 39 2
535897 4 39 0
536194 4 39 2
536250 4 36 0
536370 4 36 2
536402 4 38 0
536811 4 38 2
536827 4 51 0
536991 4 0 1
537151 4 51 2
537182 4 0 2
537207 4 62 0
537243 4 0 2
537515 4 62 2
537523 4 52 0
537839 4 52 2
537875 4 6 0
538175 4 6 2
538195 4 53 0
538402 4 53 2
538426 4 54 0
538559 4 0 1
538749 4 1 2
538780 4 54 2
538796 4 11 0
538820 4 0 2
539080 4 11 2
539092 4 56 0
539356 4 56 2
539360 4 12 0
539497 4 0 1
539594 4 12 2
539602 4 57 0
539736 4 13 2
539777 4 0 2
539997 4 57 2
540001 4 2 0
540281 4 2 2
540333 4 37 0
540357 4 0 1
540552 4 19 2
540600 4 0 2
541093 4 37 2
541109 4 40 0
541352 4 40 2
541408 4 58 0
541609 4 58 2
541669 4 35 0
541830 4 0 1
541870 4 35 2
541874 4 50 0
542051 4 43 2
542075 4 50 2
542095 4 62 0
542124 4 0 2
542539 4 0 1
542732 4 37 2
542746 4 62 2
542774 4 38 0
542797 4 0 2
542835 4 0 1
543077 4 38 2
543078 4 31 2
543149 4 63 0
543150 4 0 2
543211 4 0 1
543342 4 63 2
543382 4 12 0
543399 4 49 2
543497 4 0 2
543716 4 12 2
543740 4 2 0
543888 4 2 2
543912 4 13 0
544033 4 0 1
544130 4 13 2
544226 4 3 0
544231 4 55 2
544308 4 3 2
544328 4 0 2
544348 4 23 0
544526 4 23 2
544542 4 24 0
544781 4 24 2
544889 4 39 0
545152 4 39 2
545160 4 25 0
545268 4 25 2
545296 4 26 0
545522 4 26 2
545602 4 0 0
545673 4 0 2
545681 4 3 0
545896 4 0 1
545928 4 3 2
545972 4 4 0
546098 4 0 2
546156 4 0 2
546161 4 0 0
546222 4 4 2
546236 4 0 0
546291 4 0 1
546318 4 5 0
546351 4 0 0
546469 4 0 0
546488 4 33 2
546556 4 0 0
546569 4 0 2
546677 4 0 0
546779 4 0 0
546853 4 5 2
546880 4 0 0
546893 4 15 0
546917 4 0 1
546965 4 0 0
547066 4 0 0
547113 4 3 2
547147 4 0 2
547171 4 15 2
547179 4 14 0
547194 4 0 0
547288 4 0 0
547393 4 0 0
547538 4 0 0
547575 4 14 2
547587 4 50 0
547631 4 0 0
547773 4 50 2
547801 4 6 0
547915 4 0 0
548029 4 2 0
548030 4 0 1
548035 4 6 2
548039 4 0 0
548055 4 4 0
548064 4 0 0
548122 4 4 2
548130 4 8 0
548194 4 0 0
548229 4 2 2
548270 4 0 2
548274 4 8 2
548278 4 47 0
548297 4 0 0
548305 4 0 0
548423 4 0 0
548440 4 0 0
548502 4 0 0
548565 4 0 0
548587 4 0 0
548627 4 47 2
548635 4 49 0
548675 4 0 0
548685 4 0 0
548843 4 0 0
548844 4 0 0
548850 4 0 0
548957 4 0 0
548988 4 49 2
549001 4 0 0
549004 4 11 0
549059 4 0 0
549147 4 0 0
549224 4 11 2
549243 4 0 0
549256 4 0 0
549260 4 5 0
549372 4 0 0
549479 4 0 0
549518 4 2 0
549602 4 0 0
549678 4 0 0
549705 4 5 2
549723 4 0 0
549729 4 37 0
549802 4 0 0
549843 4 0 0
549898 4 2 0
549946 4 0 0
550000 4 2 0
550037 4 37 2
550101 4 4 0
550110 4 2 0
550129 4 0 0
550150 4 4 2
550154 4 1 0
550211 4 0 0
550243 4 0 0
550266 4 2 0
550280 4 1 2
550308 4 27 0
550359 4 0 0
550378 4 2 0
550379 4 0 0
550383 4 27 2
550391 4 2 0
550440 4 2 2
550452 4 11 0
550470 4 2 0
550507 4 0 0
550519 4 11 2
550527 4 7 0
550528 4 0 0
550598 4 2 0
550614 4 0 0
550640 4 0 0
550651 4 7 2
550671 4 3 0
550701 4 2 0
550727 4 0 0
550731 4 3 2
550784 4 0 0
550817 4 2 0
550839 4 6 0
550858 4 0 0
550916 4 0 0
550990 4 0 0
551004 4 2 0
551016 4 6 2
551019 4 2 2
551036 4 9 0
551111 4 0 0
551119 4 2 0
551141 4 0 0
551183 4 9 2
551234 4 2 0
551275 4 0 0
551328 4 0 0
551340 4 2 0
551355 4 8 0
551455 4 2 0
551488 4 0 0
551548 4 2 0
551630 4 0 0
551632 4 0 0
551663 4 2 0
551691 4 8 2
551703 4 11 0
551724 4 0 0
551778 4 2 0
551812 4 0 0
551846 4 0 0
551908 4 2 0
551939 4 0 0
551982 4 0 0
551996 4 11 2
552016 4 12 0
552026 4 2 0
552055 4 0 0
552128 4 0 0
552140 4 2 0
552168 4 0 0
552274 4 2 0
552331 4 0 0
552333 4 0 0
552462 4 12 2
552486 4 16 0
552501 4 0 0
552537 4 0 0
552583 4 2 0
552677 4 0 0
552699 4 0 0
552716 4 2 0
552729 4 16 2
552737 4 13 0
552813 4 0 0
552825 4 0 0
552864 4 2 0
552918 4 0 0
552993 4 0 0
553087 4 0 0
553102 4 0 0
553168 4 0 0
553172 4 2 0
553252 4 13 2
553263 4 0 0
553296 4 0 0
553300 4 2 0
553306 4 2 0
553379 4 2 2
553394 4 0 0
553417 4 2 0
553423 4 40 0
553426 4 0 0
553496 4 0 0
553526 4 2 0
553559 4 0 0
553596 4 40 2
553600 4 25 0
553628 4 0 0
553680 4 2 0
553683 4 25 2
553699 4 31 0
553711 4 0 0
553767 4 0 0
553822 4 2 0
553868 4 0 0
553883 4 0 0
553935 4 31 2
553971 4 33 0
553984 4 2 0
554028 4 0 0
554113 4 33 2
554117 4 36 0
554120 4 2 0
554145 4 0 0
554230 4 0 0
554231 4 0 1
554294 4 0 0
554387 4 2 0
554418 4 0 2
554427 4 0 0
554443 4 0 0
554478 4 0 2
554486 4 0 0
554568 4 0 0
554586 4 0 0
554591 4 0 0
554628 4 2 0
554703 4 0 0
554723 4 0 0
554747 4 0 0
554826 4 0 0
554829 4 0 0
554831 4 2 0
554844 4 0 0
554913 4 36 2
554921 4 4 0
554938 4 2 0
554967 4 0 0
554971 4 0 0
554990 4 0 0
555045 4 4 2
555072 4 2 0
555078 4 0 0
555137 4 5 0
555146 4 0 0
555199 4 0 0
555234 4 2 0
555246 4 0 0
555283 4 0 0
555309 4 5 2
555341 4 34 0
555343 4 0 0
555354 4 2 0
555413 4 0 0
555424 4 0 0
555458 4 0 0
555479 4 34 2
555483 4 2 0
555496 4 0 0
555499 4 35 0
555567 4 0 0
555603 4 2 0
555667 4 35 2
555691 4 32 0
555705 4 0 0
555737 4 2 0
555812 4 0 0
555817 4 0 0
555840 4 2 0
555896 4 0 0
555966 4 32 2
555996 4 0 0
556013 4 2 0
556017 4 0 0
556034 4 17 0
556122 4 0 0
556132 4 2 0
556225 4 0 0
556234 4 0 0
556246 4 2 0
556326 4 0 0
556326 4 17 2
556347 4 0 0
556374 4 2 0
556440 4 0 0
556455 4 0 0
556514 4 2 0
556599 4 2 0
556602 4 0 0
556622 4 38 0
556622 4 38 0
556647 4 0 0
556688 4 38 2
556732 4 0 0
556738 4 38 2
556746 4 27 0
556776 4 2 0
556832 4 0 0
556856 4 0 0
556977 4 27 2
556988 4 0 0
556997 4 35 0
557045 4 0 0
557086 4 2 0
557134 4 0 0
557146 4 35 2
557202 4 28 0
557215 4 2 0
557265 4 0 0
557319 4 2 0
557336 4 28 2
557357 4 0 0
557404 4 3 0
557428 4 2 0
557466 4 0 0
557516 4 3 2
557520 4 46 0
557598 4 0 0
557626 4 46 2
557646 4 4 0
557651 4 2 0
557655 4 0 0
557666 4 0 1
557743 4 0 0
557779 4 4 2
557793 4 0 0
557811 4 0 0
557828 4 2 0
557878 4 63 2
557879 4 0 2
557883 4 29 0
557947 4 2 0
557974 4 0 0
557985 4 0 2
558005 4 0 0
558018 4 29 2
558088 4 0 0
558104 4 2 0
558162 4 47 0
558180 4 0 0
558236 4 2 0
558275 4 47 2
558291 4 12 0
558324 4 0 0
558332 4 2 0
558346 4 12 2
558382 4 47 0
558456 4 0 0
558463 4 0 0
558496 4 47 2
558516 4 30 0
558544 4 2 0
558586 4 0 0
558629 4 0 0
558665 4 2 0
558736 4 0 0
558783 4 0 0
558872 4 0 0
558883 4 30 2
558980 4 0 0
559017 4 0 0
559119 4 0 0
559156 4 0 0
559235 4 31 0
559246 4 0 0
559273 4 0 0
559336 4 0 0
559418 4 0 0
559450 4 0 0
559546 4 0 0
559556 4 0 0
559650 4 0 0
559651 4 0 0
559662 4 31 2
559666 4 44 0
559797 4 0 0
559805 4 0 0
559872 4 0 0
559925 4 0 0
559952 4 44 2
559960 4 43 0
560120 4 0 0
560210 4 0 0
560269 4 0 0
560346 4 0 0
560365 4 0 0
560379 4 43 2
560471 4 0 0
560477 4 0 0
560511 4 32 0
560590 4 0 0
560605 4 0 0
560694 4 0 0
560700 4 32 2
560706 4 0 0
560772 4 33 0
560820 4 0 0
560837 4 0 0
560938 4 0 0
561009 4 0 0
561062 4 0 0
561102 4 0 0
561209 4 33 2
561216 4 0 0
561236 4 0 0
561257 4 33 0
561365 4 0 0
561374 4 0 0
561378 4 33 2
561386 4 27 0
561506 4 27 2
561507 4 0 0
561528 4 0 0
561610 4 54 0
561641 4 0 0
561646 4 0 0
561772 4 54 2
561779 4 0 0
561784 4 28 0
561813 4 0 0
561877 4 0 0
561958 4 28 2
561974 4 7 0
562020 4 0 0
562094 4 0 0
562208 4 0 0
562234 4 0 0
562242 4 7 2
562250 4 56 0
562396 4 56 2
562411 4 0 0
562412 4 8 0
562542 4 0 0
562552 4 0 0
562641 4 8 2
562673 4 0 0
562741 4 41 0
562875 4 0 0
562929 4 41 2
562977 4 61 0
563054 4 0 0
563143 4 61 2
563147 4 39 0
563290 4 0 0
563324 4 39 2
563336 4 7 0
563415 4 0 0
563437 4 7 2
563497 4 8 0
563516 4 0 0
563586 4 8 2
563618 4 63 0
563622 4 0 0
563746 4 0 0
563767 4 63 2
563875 4 0 0
563876 4 0 0
563941 4 0 2
563969 4 57 0
564024 4 0 0
564167 4 0 0
564268 4 0 0
564284 4 57 2
564352 4 58 0
564378 4 0 0
564510 4 0 0
564553 4 58 2
564637 4 46 0
564729 4 0 0
564826 4 0 0
564907 4 0 0
565010 4 0 0
565104 4 0 0
565207 4 0 0
565240 4 46 2
565252 4 59 0
565322 4 0 0
565420 4 0 0
565484 4 59 2
565516 4 32 0
565584 4 0 0
565649 4 32 2
565657 4 50 0
565802 4 0 0
565832 4 50 2
565908 4 60 0
565942 4 0 0
566121 4 60 2
566129 4 62 0
566161 4 0 0
566278 4 62 2
566282 4 3 0
566326 4 0 0
566361 4 3 2
566373 4 5 0
566454 4 0 0
566467 4 5 2
566495 4 17 0
566625 4 17 2
566645 4 6 0
566730 4 6 2
566822 4 11 0
567160 4 11 2
567168 4 10 0
567226 4 10 2
567246 4 11 0
567409 4 11 2
567417 4 6 0
567485 4 6 2
567521 4 36 0
567822 4 36 2
567882 4 12 0
567966 4 12 2
567974 4 0 0
568071 4 0 2
568195 4 15 0
568329 4 15 2
568449 4 7 0
568546 4 7 2
568562 4 0 0
568814 4 0 2
568962 4 9 0
569096 4 9 2
569128 4 8 0
569249 4 8 2
569277 4 43 0
569580 4 43 2
569688 4 14 0
569850 4 14 2
570166 4 29 0
570374 4 29 2
570414 4 30 0
570869 4 30 2
570913 4 17 0
571159 4 17 2
571215 4 18 0
571989 4 18 2
572025 4 22 0
572375 4 22 2
572427 4 3 0
572502 4 3 2
572510 4 19 0
572554 4 44 2
572623 4 19 2
572627 4 3 0
577111 4 3 2
577138 4 57 2
577147 4 3 0
584205 4 3 2
584755 4 8 2
584757 4 3 0
588667 4 3 2
588789 4 56 2
588799 4 3 0
589959 4 3 2
591538 4 47 2
591543 4 3 0
595875 4 3 2
597609 4 32 2
597615 4 3 0
600497 4 3 2
601771 4 24 2
601781 4 3 0
602483 4 3 2
672100 4 2 0
672101 4 0 1
672287 4 2 2
672328 4 0 2
675968 4 2 0
675969 4 4 0
675978 4 2 2
676101 4 2 2
684696 4 2 0
684697 4 0 0
685540 4 2 0
685541 4 0 0
686196 4 2 0
686197 4 2 2
688363 4 2 0
688364 4 0 0
700125 4 2 0
700126 4 0 1
700317 4 2 2
700358 4 0 2
736240 4 2 0
736241 4 0 1
736427 4 2 2
736468 4 0 2
765990 4 2 0
765991 4 0 1
766177 4 2 2
766218 4 0 2
787942 4 2 0
787943 4 0 1
788137 4 2 2
788178 4 0 2
802362 4 0 1
802557 4 2 2
802598 4 0 2
816870 4 2 0
816871 4 0 1
817057 4 2 2
817098 4 0 2
831049 4 2 0
831050 4 0 1
831237 4 2 2
831278 4 0 2
836263 4 2 0
836264 4 0 1
836457 4 2 2
836498 4 0 2
844324 4 2 0
844325 4 0 0
865665 4 2 2
865667 4 3 0
867615 4 3 2
1503852 4 34 0
1507639 4 34 2
1507663 4 35 0
1508075 4 35 2
1508214 4 63 0
1508315 4 33 0
1508652 4 33 2
1509088 4 32 0
1509483 4 32 2
1509571 4 38 0
1509571 4 38 0
1509637 4 38 2
1509916 4 38 2
1510320 4 31 0
1510637 4 31 2
1510681 4 30 0
1512047 4 63 0
1512276 4 63 0
1512418 4 63 0
1512552 4 63 0
1512699 4 63 0
1512830 4 63 0
1512950 4 63 0
1513006 4 30 2
1513101 4 63 0
1513224 4 63 0
1513340 4 63 0
1513462 4 63 0
1513580 4 63 0
1513707 4 63 0
1513822 4 63 0
1513940 4 63 0
1514086 4 63 0
1514236 4 63 0
1514356 4 63 0
1514442 4 14 0
1514472 4 63 0
1514588 4 63 0
1514706 4 63 0
1514828 4 63 0
1514937 4 14 2
1514949 4 15 0
1514949 4 15 0
1514969 4 63 0
1514999 4 15 2
1515086 4 63 0
1515145 4 15 2
1515165 4 18 0
1515236 4 63 0
1515360 4 63 0
1515478 4 63 0
1515630 4 63 0
1515750 4 63 0
1515874 4 63 0
1516008 4 63 0
1516017 4 18 2
1516041 4 4 0
1516132 4 63 0
1516250 4 63 0
1516355 4 4 2
1516366 4 63 0
1516399 4 38 0
1516399 4 38 0
1516465 4 38 2
1516486 4 63 0
1516514 4 38 2
1516603 4 63 0
1516742 4 63 0
1516874 4 63 0
1516994 4 63 0
1517134 4 63 0
1517252 4 63 0
1517368 4 63 0
1517506 4 63 0
1517623 4 63 0
1517746 4 63 0
1517894 4 63 0
1518011 4 63 0
1518030 4 40 0
1518144 4 63 0
1518265 4 63 0
1518386 4 63 0
1518395 4 40 2
1518423 4 49 0
1518504 4 63 0
1518529 4 49 2
1518541 4 51 0
1518658 4 63 0
1518667 4 51 2
1518687 4 37 0
1518778 4 63 0
1518802 4 37 2
1518806 4 20 0
1518918 4 63 0
1518927 4 20 2
1518943 4 3 0
1519061 4 63 0
1519184 4 63 0
1519222 4 3 2
1519308 4 63 0
1519314 4 21 0
1519428 4 63 0
1519471 4 21 2
1519479 4 56 0
1519549 4 63 0
1519641 4 56 2
1519661 4 57 0
1519689 4 63 0
1519793 4 57 2
1519810 4 63 0
1519881 4 58 0
1520112 4 58 2
1520192 4 59 0
1520345 4 59 2
1520369 4 63 0
1521244 4 63 2
1521280 4 38 0
1521280 4 38 0
1521346 4 38 2
1521354 4 38 2
1521402 4 33 0
1521500 4 33 2
2481187 4 38 0
2481187 4 38 0
2482044 4 38 2
2482244 4 38 2
2484228 4 38 0
2484228 4 38 0
2484294 4 38 2
2485502 4 38 2
2487446 4 38 0
2487446 4 38 0
2487519 4 38 2
2487693 4 38 2
3457751 4 38 0
3457751 4 38 0
3457956 4 38 2
3459940 4 38 0
3460006 4 38 2
3460023 4 38 2
3460030 4 38 0
3460744 4 38 2
3462688 4 38 0
3462688 4 38 0
3462762 4 38 2
3463964 4 38 2
4434354 4 38 0
4434354 4 38 0
4436021 4 38 2
4437690 4 38 2
4439674 4 38 0
4439674 4 38 0
4439740 4 38 2
4442279 4 38 2
4444223 4 38 0
4444223 4 38 0
4444289 4 38 2
4444297 4 38 2
5410895 4 38 0
5410895 4 38 0
5412294 4 38 2
5414974 4 38 2
5416958 4 38 0
5416958 4 38 0
5417025 4 38 2
5420242 4 38 2
5422186 4 38 0
5422186 4 38 0
5422252 4 38 2
5422260 4 38 2
6387468 4 38 0
6387468 4 38 0
6389017 4 38 2
6391766 4 38 2
6393750 4 38 0
6393750 4 38 0
6393816 4 38 2
6393944 4 38 2
6395888 4 38 0
6395888 4 38 0
6395962 4 38 2
6396414 4 38 2
