0 57 51 0
665 57 51 2
669 57 22 0
942 57 22 2
954 57 1 0
1310 57 1 2
1330 57 24 0
1449 57 24 2
3585 57 7 1
3844 57 0 2
3932 57 7 1
3933 57 7 2
4194 57 2 2
4283 57 7 2
35199 57 7 1
35464 57 2 2
35553 57 7 2
36539 57 7 1
36804 57 2 2
36893 57 7 2
37948 57 4 0
40464 57 4 2
40516 57 44 0
42088 57 44 2
42100 57 5 0
42222 57 5 2
42234 57 45 0
42581 57 45 2
42649 57 24 0
42911 57 24 2
42943 57 25 0
43069 57 25 2
43077 57 26 0
43199 57 26 2
43239 57 27 0
43354 57 27 2
43374 57 33 0
44241 57 33 2
44261 57 35 0
44376 57 35 2
44384 57 41 0
45206 57 41 2
45222 57 42 0
45525 57 42 2
45557 57 1 0
45685 57 1 2
45721 57 36 0
45894 57 36 2
45906 57 43 0
46372 57 43 2
46388 57 17 0
46566 57 17 2
46658 57 27 0
46780 57 27 2
46784 57 37 0
46932 57 37 2
46944 57 17 0
47057 57 17 2
47065 57 15 0
47234 57 15 2
47274 57 16 0
47425 57 16 2
47465 57 18 0
47578 57 18 2
47602 57 61 0
48752 57 61 2
48764 57 54 0
48914 57 54 2
48934 57 14 0
49056 57 14 2
49064 57 19 0
49178 57 19 2
49182 57 35 0
49728 57 35 2
49744 57 53 0
51354 57 53 2
51394 57 33 0
51508 57 33 2
51520 57 36 0
51634 57 36 2
51654 57 40 0
51904 57 40 2
51928 57 37 0
52051 57 37 2
52155 57 38 0
52291 57 38 2
52295 57 18 0
52597 57 18 2
52621 57 8 0
52773 57 7 1
53017 57 8 2
53025 57 29 0
53055 57 2 2
53146 57 7 2
53147 57 29 2
53187 57 0 0
53343 57 0 2
53355 57 38 0
53676 57 7 1
53708 57 7 1
53727 57 38 2
53743 57 39 0
53944 57 32 2
54001 57 7 2
54075 57 4 2
54194 57 7 2
54202 57 4 0
54321 57 4 0
54443 57 4 0
54520 57 39 2
54524 57 39 0
54562 57 4 0
54712 57 4 0
54833 57 4 0
54957 57 4 0
55102 57 4 0
55122 57 39 2
55178 57 36 0
55217 57 4 0
55316 57 36 2
55348 57 38 0
55359 57 4 0
55500 57 38 2
55516 57 51 0
55541 57 4 0
55673 57 4 0
55756 57 51 2
55793 57 4 0
55812 57 23 0
55922 57 4 0
56053 57 4 0
56123 57 23 2
56131 57 52 0
56170 57 4 0
56287 57 52 2
56289 57 4 0
56323 57 31 0
56423 57 4 0
56543 57 4 0
56616 57 31 2
56636 57 53 0
56665 57 4 0
56785 57 4 0
56925 57 4 0
57049 57 4 0
57172 57 4 0
57291 57 4 0
57433 57 4 0
57557 57 4 0
57683 57 4 0
57802 57 4 0
57819 57 53 2
57843 57 54 0
57918 57 4 0
58063 57 4 0
58191 57 4 0
58287 57 54 2
58303 57 11 0
58323 57 4 0
58443 57 4 0
58567 57 4 0
58632 57 11 2
58644 57 56 0
58707 57 4 0
58848 57 4 0
58985 57 4 0
59067 57 7 1
59102 57 4 0
59233 57 4 0
59347 57 22 2
59364 57 4 0
59452 57 7 2
59486 57 4 0
59505 57 56 2
59509 57 12 0
59629 57 4 0
59760 57 4 0
59827 57 12 2
59835 57 57 0
59884 57 4 0
60004 57 4 0
60109 57 57 2
60113 57 2 0
60123 57 4 0
60257 57 4 0
60397 57 4 0
60443 57 2 2
60495 57 37 0
60540 57 4 0
60617 57 37 2
60633 57 40 0
60673 57 4 0
60789 57 4 0
60841 57 40 2
60897 57 58 0
60931 57 4 0
61011 57 58 2
61058 57 4 0
61071 57 35 0
61183 57 4 0
61185 57 35 2
61189 57 50 0
61312 57 4 0
61332 57 50 2
61352 57 62 0
61433 57 4 0
61601 57 4 0
61725 57 4 0
61843 57 4 0
61973 57 4 0
61977 57 62 2
62005 57 38 0
62093 57 4 0
62355 57 38 2
62427 57 63 0
63880 57 63 2
63920 57 12 0
64216 57 12 2
64240 57 2 0
64355 57 2 2
64379 57 13 0
64682 57 13 2
64778 57 3 0
64901 57 3 2
64941 57 23 0
65079 57 23 2
65095 57 24 0
65244 57 24 2
65352 57 28 0
65647 57 28 2
65655 57 25 0
65792 57 25 2
65820 57 26 0
66019 57 26 2
66099 57 0 0
66197 57 0 2
66205 57 3 0
66324 57 3 2
66368 57 4 0
66494 57 4 2
66590 57 5 0
66730 57 5 2
66770 57 15 0
67102 57 15 2
67110 57 14 0
67546 57 14 2
67558 57 50 0
68203 57 50 2
68231 57 6 0
68385 57 6 2
68405 57 4 0
68557 57 4 2
68565 57 8 0
68686 57 8 2
68690 57 47 0
68907 57 47 2
68915 57 49 0
69392 57 49 2
69408 57 11 0
69522 57 11 2
69558 57 5 0
69683 57 5 2
69707 57 37 0
69992 57 37 2
70056 57 4 0
70189 57 4 2
70193 57 1 0
70307 57 1 2
70335 57 27 0
70455 57 27 2
70463 57 2 0
70577 57 2 2
70589 57 11 0
70703 57 11 2
70711 57 7 0
70966 57 7 2
70986 57 3 0
71102 57 3 2
71210 57 6 0
71403 57 6 2
71423 57 9 0
71602 57 9 2
71774 57 8 0
72079 57 8 2
72091 57 11 0
72259 57 11 2
72279 57 12 0
72399 57 12 2
72423 57 16 0
72672 57 16 2
72680 57 13 0
72856 57 13 2
72904 57 2 0
73026 57 2 2
73058 57 40 0
73485 57 40 2
73489 57 25 0
73604 57 25 2
73620 57 31 0
73763 57 31 2
73799 57 33 0
74008 57 33 2
74012 57 36 0
74132 57 36 2
74140 57 4 0
74264 57 4 2
74356 57 5 0
74481 57 5 2
74513 57 34 0
74872 57 34 2
74892 57 35 0
75015 57 35 2
75039 57 32 0
75552 57 32 2
75620 57 17 0
75915 57 17 2
76211 57 38 0
76211 57 38 0
76293 57 38 2
76348 57 38 2
76356 57 27 0
76470 57 27 2
76490 57 35 0
76596 57 35 2
76652 57 28 0
76777 57 28 2
76845 57 3 0
76973 57 3 2
76977 57 46 0
77477 57 46 2
77497 57 4 0
77612 57 4 2
77644 57 0 0
77816 57 0 2
77820 57 29 0
77945 57 29 2
78089 57 47 0
78350 57 47 2
78422 57 30 0
78553 57 30 2
78905 57 31 0
79129 57 31 2
79133 57 44 0
79247 57 44 2
79255 57 43 0
79472 57 43 2
79604 57 32 0
80558 57 32 2
80630 57 33 0
80783 57 33 2
80831 57 33 0
81511 57 33 2
81519 57 27 0
81636 57 27 2
81740 57 54 0
81913 57 7 1
82174 57 4 2
82269 57 54 2
82281 57 28 0
82290 57 7 2
82295 57 4 0
82394 57 28 2
82409 57 4 0
82410 57 32 0
82540 57 4 0
82656 57 4 0
82682 57 32 2
82690 57 56 0
82793 57 4 0
82925 57 4 0
83041 57 4 0
83166 57 4 0
83307 57 4 0
83428 57 4 0
83524 57 56 2
83540 57 33 0
83563 57 4 0
83689 57 4 0
83819 57 4 0
83830 57 33 2
83930 57 41 0
83953 57 4 0
84044 57 41 2
84073 57 4 0
84092 57 61 0
84214 57 4 0
84245 57 61 2
84249 57 39 0
84335 57 4 0
84387 57 39 2
84399 57 7 0
84480 57 4 0
84544 57 7 2
84604 57 8 0
84620 57 4 0
84739 57 8 2
84747 57 4 0
84771 57 63 0
84863 57 4 0
84991 57 4 0
85008 57 63 2
85112 57 4 0
85116 57 0 0
85231 57 4 0
85243 57 0 2
85271 57 57 0
85273 57 7 1
85380 57 4 0
85498 57 57 2
85508 57 4 0
85536 57 2 2
85566 57 58 0
85625 57 7 2
85635 57 4 0
85766 57 4 0
85791 57 58 2
85875 57 46 0
85952 57 4 0
86008 57 46 2
86020 57 59 0
86088 57 4 0
86136 57 59 2
86168 57 32 0
86208 57 4 0
86329 57 4 0
86459 57 32 2
86467 57 50 0
86510 57 4 0
86630 57 4 0
86654 57 50 2
86730 57 60 0
86759 57 4 0
86889 57 4 0
87015 57 4 0
87128 57 60 2
87136 57 62 0
87140 57 4 0
87332 57 4 0
87343 57 62 2
87347 57 3 0
87463 57 3 2
87475 57 4 0
87475 57 5 0
87609 57 5 2
87615 57 4 0
87637 57 17 0
87736 57 4 0
87770 57 17 2
87790 57 6 0
87875 57 4 0
87949 57 6 2
87999 57 4 0
88041 57 11 0
88123 57 4 0
88239 57 4 0
88380 57 4 0
88512 57 4 0
88645 57 11 2
88648 57 4 0
88653 57 10 0
88758 57 10 2
88778 57 11 0
88799 57 4 0
88893 57 11 2
88901 57 6 0
88930 57 4 0
89030 57 6 2
89066 57 36 0
89078 57 4 0
89201 57 4 0
89323 57 4 0
89440 57 4 0
89581 57 4 0
89677 57 36 2
89696 57 4 0
89737 57 12 0
89828 57 4 0
89861 57 12 2
89869 57 0 0
89952 57 4 0
90086 57 4 0
90093 57 0 2
90217 57 15 0
90229 57 4 0
90351 57 4 0
90355 57 15 2
90475 57 7 0
90674 57 7 2
90690 57 0 0
91151 57 0 2
91299 57 9 0
91503 57 9 2
91535 57 8 0
91733 57 8 2
91761 57 55 0
92192 57 55 2
92300 57 14 0
92430 57 14 2
92746 57 29 0
92874 57 29 2
92914 57 30 0
93197 57 30 2
93241 57 17 0
93273 57 0 2
93457 57 17 2
93513 57 18 0
93678 57 18 2
93726 57 19 0
93869 57 19 2
93905 57 21 0
94191 57 21 2
94223 57 22 0
95101 57 22 2
95197 57 7 1
95257 57 4 0
95283 57 7 1
95355 57 7 1
95371 57 4 2
95399 57 18 0
95467 57 5 2
95575 57 38 2
95579 57 7 1
95584 57 7 2
95666 57 7 2
95685 57 40 2
95687 57 7 1
95738 57 7 2
95845 57 13 2
95932 57 7 1
95951 57 7 2
95955 57 37 2
96036 57 7 2
96100 57 18 2
96111 57 7 1
96195 57 33 2
96227 57 7 1
96245 57 7 2
96272 57 61 0
96370 57 7 1
96376 57 12 2
96474 57 7 2
96507 57 7 1
96515 57 58 2
96549 57 7 2
96604 57 61 2
96635 57 53 2
96675 57 7 1
96676 57 54 0
96701 57 7 2
96775 57 46 2
96803 57 7 1
96823 57 54 2
96855 57 55 0
96857 57 7 2
96872 57 7 1
96923 57 7 1
96935 57 19 2
96988 57 7 1
97003 57 55 2
97017 57 7 2
97066 57 39 2
97083 57 7 1
97163 57 7 2
97175 57 25 2
97220 57 7 1
97231 57 40 0
97233 57 7 2
97284 57 4 2
97330 57 40 2
97339 57 7 1
97358 57 49 0
97394 57 7 2
97395 57 4 0
97398 57 16 2
97476 57 7 2
97505 57 32 2
97520 57 4 0
97557 57 7 1
97563 57 7 2
97587 57 49 2
97599 57 51 0
97615 57 17 2
97652 57 7 1
97664 57 4 0
97681 57 7 2
97725 57 36 2
97795 57 7 1
97800 57 7 2
97803 57 51 2
97806 57 4 0
97823 57 37 0
97835 57 8 2
97916 57 7 2
97922 57 4 0
97945 57 52 2
97953 57 37 2
97957 57 20 0
97975 57 7 1
98003 57 7 2
98037 57 4 0
98055 57 55 2
98071 57 20 2
98087 57 3 0
98118 57 7 1
98137 57 7 2
98169 57 4 0
98235 57 41 2
98254 57 7 1
98277 57 7 2
98301 57 4 0
98362 57 7 1
98385 57 45 2
98429 57 4 0
98430 57 3 2
98431 57 7 1
98459 57 7 2
98517 57 7 1
98517 57 3 2
98522 57 21 0
98546 57 4 0
98616 57 7 2
98626 57 30 2
98644 57 21 2
98652 57 56 0
98667 57 7 1
98668 57 4 0
98724 57 7 2
98735 57 61 2
98753 57 7 1
98784 57 4 0
98794 57 7 2
98845 57 48 2
98870 57 7 1
98887 57 7 2
98902 57 4 0
98957 57 63 2
98997 57 7 1
99027 57 4 0
99031 57 7 2
99058 57 7 1
99065 57 42 2
99115 57 7 2
99146 57 4 0
99229 57 7 1
99278 57 4 0
99285 57 43 2
99343 57 7 2
99396 57 27 2
99401 57 4 0
99470 57 7 2
99505 57 56 2
99514 57 56 2
99532 57 4 0
99534 57 57 0
99539 57 7 2
99615 57 62 2
99649 57 4 0
99682 57 7 2
99764 57 4 0
99903 57 4 0
100008 57 57 2
100018 57 4 0
100096 57 58 0
100138 57 4 0
100254 57 4 0
100321 57 58 2
100372 57 4 0
100401 57 59 0
100514 57 4 0
100516 57 59 2
100540 57 63 0
100628 57 4 0
100747 57 4 0
100867 57 4 0
100948 57 63 2
101032 57 33 0
101145 57 33 2
105772 57 4 0
107553 57 2 0
107554 57 7 1
107835 57 2 2
107928 57 7 2
196938 57 4 0
197422 57 4 0
198056 57 4 0
198196 57 4 0
198333 57 4 0
198550 57 4 0
198970 57 4 0
199131 57 4 0
199292 57 4 0
199427 57 4 0
199549 57 4 0
199691 57 4 0
199833 57 4 0
199960 57 4 0
200089 57 4 0
200215 57 4 0
200343 57 4 0
200477 57 4 0
200595 57 4 0
200903 57 4 0
201051 57 4 0
201170 57 4 0
201293 57 4 0
201440 57 4 0
201576 57 4 0
201714 57 4 0
201891 57 4 0
202023 57 4 0
202150 57 4 0
202722 57 4 0
203042 57 4 0
203189 57 4 0
208647 57 4 0
268000 57 7 1
268260 57 2 2
268349 57 7 2
276253 57 0 0
279327 57 7 1
279591 57 0 2
279681 57 7 2
306315 57 7 1
306580 57 2 2
306669 57 7 2
320079 57 7 1
320340 57 2 2
320429 57 7 2
323174 57 2 0
323175 57 7 1
323440 57 2 2
323529 57 7 2
333643 57 7 1
333931 57 2 2
334021 57 7 2
350337 57 2 0
350338 57 7 1
350600 57 2 2
350689 57 7 2
362651 57 2 0
365537 57 2 0
365537 57 0 2
422793 57 7 1
423060 57 0 2
423149 57 7 2
497257 57 2 0
497258 57 7 1
497542 57 2 2
497631 57 7 2
567800 57 7 1
568066 57 2 2
568155 57 7 2
630487 57 7 1
630488 57 2 0
630748 57 2 2
630837 57 7 2
652320 57 7 1
652579 57 2 2
652668 57 7 2
653124 57 2 0
653125 57 7 1
653390 57 2 2
653480 57 7 2
1015700 57 38 0
1015700 57 38 0
1016449 57 38 2
1017282 57 38 2
1017901 57 7 0
1018159 57 7 2
1019235 57 38 0
1019235 57 38 0
1019927 57 2 0
1019928 57 2 2
1020164 57 38 2
1021417 57 38 2
1022602 57 7 1
1022862 57 54 2
1022930 57 7 1
1022936 57 7 2
1023048 57 7 1
1023190 57 7 1
1023192 57 50 2
1023234 57 7 2
1023312 57 51 2
1023362 57 7 2
1023364 57 7 1
1023368 57 56 0
1023452 57 28 2
1023457 57 7 1
1023519 57 7 1
1023534 57 7 2
1023632 57 22 2
1023654 57 7 1
1023709 57 56 2
1023738 57 7 2
1023742 57 20 2
1023764 57 7 1
1023831 57 7 2
1023842 57 4 0
1023852 57 59 2
1023894 57 7 2
1023930 57 7 1
1023962 57 35 2
1023976 57 7 1
1024028 57 7 2
1024072 57 44 2
1024114 57 7 1
1024138 57 7 2
1024192 57 6 2
1024232 57 7 1
1024285 57 57 0
1024294 57 7 1
1024302 57 24 2
1024314 57 7 2
1024368 57 7 2
1024412 57 26 2
1024478 57 7 2
1024484 57 7 1
1024523 57 18 2
1024545 57 7 1
1024597 57 7 2
1024632 57 57 2
1024648 57 57 2
1024657 57 7 2
1024712 57 7 1
1024752 57 4 2
1024834 57 7 1
1024858 57 7 2
1024862 57 34 2
1024921 57 7 2
1024930 57 7 1
1024982 57 14 2
1025048 57 7 1
1025098 57 7 2
1025102 57 7 1
1025102 57 31 2
1025209 57 7 2
1025224 57 58 0
1025232 57 1 2
1025268 57 7 1
1025314 57 7 2
1025338 57 7 1
1025342 57 47 2
1025433 57 7 2
1025452 57 49 2
1025486 57 7 2
1025530 57 58 2
1025562 57 11 2
1025590 57 7 1
1025652 57 7 2
1025672 57 60 2
1025722 57 7 2
1025734 57 7 1
1025801 57 7 1
1025852 57 10 2
1025934 57 7 2
1025939 57 7 1
1026002 57 23 2
1026106 57 59 0
1026112 57 9 2
1026116 57 7 2
1026185 57 7 2
1026222 57 21 2
1026320 57 7 2
1026434 57 59 2
1026539 57 7 1
1026680 57 7 1
1026758 57 7 1
1026822 57 7 2
1026942 57 15 2
1026952 57 7 2
1027010 57 60 0
1027052 57 29 2
1027066 57 7 2
1027141 57 7 2
1027343 57 60 2
1027919 57 61 0
1028264 57 61 2
1028840 57 62 0
1029153 57 62 2
1029490 57 2 0
1029491 57 2 2
1029729 57 63 0
1030003 57 63 2
1030501 57 2 0
1030502 57 4 0
1030579 57 0 0
1030579 57 0 0
1030821 57 0 2
1031678 57 0 2
1031946 57 2 0
1032070 57 2 2
1032126 57 3 0
1032247 57 3 2
1032251 57 7 0
1032598 57 7 2
1032686 57 4 0
1032686 57 4 0
1032784 57 4 2
1032792 57 4 2
1033180 57 1 0
1033469 57 1 2
1034045 57 2 0
1034368 57 2 2
1034700 57 7 1
1034944 57 3 0
1034971 57 0 2
1035060 57 7 2
1035065 57 0 0
1035200 57 0 0
1035290 57 3 2
1035331 57 0 0
1035465 57 0 0
1035618 57 0 0
1035720 57 0 0
1035824 57 0 0
1035866 57 4 0
1035954 57 0 0
1036073 57 0 0
1036167 57 4 2
1036175 57 0 0
1036295 57 0 0
1036395 57 0 0
1036526 57 0 0
1036630 57 0 0
1036730 57 0 0
1036743 57 5 0
1036873 57 0 0
1037020 57 0 0
1037033 57 5 2
1037162 57 0 0
1037314 57 0 0
1037425 57 0 0
1037532 57 0 0
1037609 57 6 0
1037640 57 0 0
1037741 57 0 0
1037873 57 0 0
1037998 57 6 2
1038010 57 0 0
1038140 57 0 0
1038257 57 0 0
1038406 57 0 0
1038524 57 0 0
1038574 57 7 0
1038653 57 0 0
1038792 57 0 0
1038921 57 7 2
1038947 57 0 0
1039497 57 8 0
1039748 57 8 2
1040223 57 0 0
1040324 57 9 0
1040609 57 9 2
1041185 57 10 0
1041488 57 10 2
1042064 57 11 0
1042392 57 11 2
1042968 57 12 0
1043264 57 12 2
1043840 57 13 0
1043927 57 56 2
1044129 57 13 2
1044205 57 56 2
1044463 57 56 2
1044705 57 14 0
1045083 57 14 2
1045659 57 15 0
1045992 57 15 2
1046568 57 16 0
1046819 57 16 2
1047395 57 17 0
1047691 57 17 2
1048267 57 18 0
1048560 57 18 2
1049136 57 19 0
1049454 57 19 2
1050030 57 20 0
1050323 57 20 2
1050899 57 21 0
1051189 57 21 2
1051765 57 22 0
1052122 57 22 2
1052698 57 23 0
1053015 57 23 2
1053591 57 24 0
1053839 57 24 2
1054415 57 25 0
1054709 57 25 2
1055285 57 26 0
1055561 57 26 2
1056137 57 27 0
1056436 57 27 2
1057012 57 28 0
1057313 57 28 2
1057889 57 29 0
1058179 57 29 2
1058755 57 30 0
1059094 57 30 2
1059670 57 31 0
1059966 57 31 2
1060542 57 32 0
1060542 57 32 0
1060592 57 32 2
1060790 57 32 2
1061366 57 33 0
1061659 57 33 2
1062235 57 34 0
1062494 57 34 2
1063070 57 35 0
1063358 57 35 2
1063934 57 36 0
1064233 57 36 2
1064809 57 37 0
1065102 57 37 2
1065678 57 38 0
1066006 57 38 2
1066582 57 39 0
1066868 57 39 2
1067444 57 40 0
1067689 57 40 2
1068265 57 41 0
1068559 57 41 2
1069135 57 42 0
1069376 57 42 2
1069952 57 43 0
1070260 57 43 2
1070836 57 44 0
1071157 57 44 2
1071733 57 45 0
1072030 57 45 2
1072606 57 46 0
1072932 57 46 2
1073508 57 47 0
1073781 57 47 2
1074357 57 48 0
1074619 57 48 2
1075195 57 49 0
1075549 57 49 2
1076125 57 50 0
1076418 57 50 2
1076994 57 51 0
1077301 57 51 2
1077877 57 52 0
1078213 57 52 2
1078789 57 53 0
1079099 57 53 2
1079675 57 54 0
1079990 57 54 2
1086086 57 8 0
1086339 57 8 2
1124147 57 31 0
1124261 57 31 2
1124305 57 35 0
1124591 57 35 2
1124651 57 32 0
1124717 57 32 2
1124773 57 46 0
1124905 57 46 2
1124937 57 12 0
1125059 57 12 2
1125071 57 33 0
1125128 57 33 2
1125220 57 34 0
1125286 57 34 2
1125318 57 1 0
1125442 57 1 2
1125486 57 32 0
1125551 57 32 2
1125559 57 35 0
1125632 57 35 2
1125636 57 60 0
1125778 57 60 2
1125794 57 61 0
1125934 57 61 2
1125994 57 48 0
1126059 57 48 2
1126099 57 49 0
1126186 57 49 2
1126222 57 36 0
1126222 57 36 0
1126289 57 36 2
1126330 57 36 2
1126394 57 37 0
1126394 57 37 0
1126468 57 37 2
1126526 57 37 2
1126574 57 58 0
1126574 57 58 0
1126600 57 58 2
1126720 57 58 2
1126732 57 31 0
1127129 57 31 2
1127141 57 30 0
1127477 57 30 2
1127485 57 59 0
1127485 57 59 0
1127519 57 59 2
1127600 57 59 2
1127652 57 34 0
1127664 57 0 0
1127809 57 0 0
1127907 57 34 2
1127921 57 0 0
1127947 57 0 0
1127947 57 0 0
1128029 57 0 2
1128084 57 0 0
1128254 57 0 2
1128262 57 33 0
1128547 57 0 0
1128556 57 33 2
1128572 57 60 0
1128734 57 60 2
1128754 57 32 0
1128958 57 0 0
1129007 57 32 2
1129083 57 61 0
1129109 57 0 0
1129260 57 0 0
1129304 57 61 2
1129419 57 0 0
1129428 57 62 0
1129608 57 62 2
1129696 57 12 0
1129818 57 12 2
1129830 57 39 0
1129977 57 39 2
1129989 57 13 0
1130119 57 13 2
1130123 57 48 0
1130221 57 48 2
1130233 57 59 0
1130314 57 0 0
1130352 57 59 2
1130380 57 54 0
1130380 57 54 0
1130446 57 54 2
1130464 57 0 0
1130519 57 54 2
1130559 57 55 0
1130568 57 0 0
1130683 57 0 0
1130708 57 55 2
1130732 57 56 0
1130832 57 56 2
1130860 57 57 0
1130869 57 0 0
1130962 57 57 2
1131026 57 58 0
1131090 57 0 0
1131133 57 58 2
1131169 57 49 0
1131257 57 0 0
1131267 57 49 2
1131307 57 63 0
1131463 57 0 0
1131590 57 63 2
1131638 57 15 0
1131647 57 0 0
1131784 57 15 2
1131800 57 44 0
1131807 57 0 0
1131929 57 44 2
1131949 57 45 0
1132037 57 0 0
1132083 57 45 2
1132194 57 0 0
1132296 57 0 0
1132331 57 0 0
1132429 57 0 0
1132433 57 0 2
1132525 57 1 0
1132582 57 0 0
1132625 57 1 2
1132725 57 2 0
1132797 57 0 0
1132833 57 2 2
1132841 57 47 0
1132968 57 0 0
1133010 57 47 2
1133022 57 41 0
1133078 57 0 0
1133120 57 41 2
1133192 57 3 0
1133318 57 3 2
1133578 57 5 0
1133708 57 5 2
1133756 57 6 0
1133894 57 6 2
1133927 57 0 0
1133982 57 7 0
1134131 57 0 0
1134137 57 7 2
1134245 57 8 0
1134280 57 0 0
1134351 57 8 2
1134407 57 1 0
1134407 57 1 0
1134481 57 1 2
1134488 57 1 2
1134936 57 46 0
1135017 57 46 2
1135025 57 4 0
1135151 57 4 2
1135175 57 47 0
1135265 57 47 2
1135409 57 12 0
1135505 57 12 2
1135869 57 10 0
1135985 57 10 2
1136105 57 1 0
1136196 57 1 2
1136644 57 46 0
1136644 57 46 0
1136718 57 46 2
1136726 57 46 2
1136758 57 47 0
1136846 57 47 2
1136990 57 12 0
1137088 57 12 2
1137572 57 1 0
1137572 57 1 0
1137646 57 1 2
1137654 57 1 2
1138102 57 46 0
1138186 57 46 2
1138218 57 47 0
1138218 57 47 0
1138300 57 47 2
1138308 57 47 2
1138452 57 12 0
1138452 57 12 0
1138542 57 12 2
1138550 57 12 2
1138627 57 58 2
1139034 57 1 0
1139034 57 1 0
1139108 57 1 2
1139149 57 1 2
1139597 57 46 0
1139597 57 46 0
1139673 57 46 2
1139686 57 46 2
1139718 57 47 0
1139718 57 47 0
1139800 57 47 2
1139807 57 47 2
1139951 57 12 0
1139951 57 12 0
1140041 57 12 2
1140049 57 12 2
1140533 57 1 0
1140647 57 1 2
1141095 57 46 0
1141095 57 46 0
1141169 57 46 2
1141177 57 46 2
1141209 57 47 0
1141209 57 47 0
1141291 57 47 2
1141302 57 47 2
1141446 57 12 0
1141446 57 12 0
1141537 57 12 2
1141542 57 12 2
1142026 57 1 0
1142026 57 1 0
1142100 57 1 2
1142133 57 1 2
1142581 57 46 0
1142581 57 46 0
1142656 57 46 2
1142661 57 46 2
1142693 57 47 0
1142693 57 47 0
1142775 57 47 2
1142782 57 47 2
1142926 57 12 0
1142926 57 12 0
1143016 57 12 2
1143023 57 12 2
1143411 57 1 0
1143411 57 1 0
1143485 57 1 2
1143520 57 1 2
1143952 57 7 0
1144089 57 7 2
1144105 57 46 0
1144105 57 46 0
1144179 57 46 2
1144192 57 46 2
1144224 57 47 0
1144224 57 47 0
1144306 57 47 2
1144317 57 47 2
1144461 57 12 0
1144461 57 12 0
1144554 57 12 2
1144562 57 12 2
1145046 57 1 0
1145046 57 1 0
1145120 57 1 2
1145128 57 1 2
1145576 57 46 0
1145576 57 46 0
1145650 57 46 2
1145657 57 46 2
1145689 57 47 0
1145689 57 47 0
1145772 57 47 2
1145778 57 47 2
1145922 57 12 0
1145922 57 12 0
1146012 57 12 2
1146020 57 12 2
1146504 57 1 0
1146504 57 1 0
1146578 57 1 2
1146627 57 1 2
1147075 57 46 0
1147075 57 46 0
1147149 57 46 2
1147156 57 46 2
1147188 57 47 0
1147188 57 47 0
1147270 57 47 2
1147278 57 47 2
1147422 57 5 0
1147544 57 5 2
1147552 57 61 0
1147552 57 61 0
1147602 57 61 2
1147675 57 61 2
1147683 57 29 0
1147976 57 29 2
1147992 57 62 0
1147992 57 62 0
1148050 57 62 2
1148058 57 62 2
1148334 57 63 0
1148334 57 63 0
1148400 57 63 2
1148473 57 63 2
1148897 57 12 0
1148897 57 12 0
1148987 57 12 2
1149005 57 12 2
1149133 57 54 2
1149445 57 11 0
1149559 57 11 2
1149771 57 1 0
1149771 57 1 0
1149845 57 1 2
1149896 57 1 2
1150344 57 46 0
1150344 57 46 0
1150418 57 46 2
1150475 57 46 2
1150507 57 47 0
1150507 57 47 0
1150590 57 47 2
1150647 57 47 2
1150791 57 12 0
1150791 57 12 0
1150881 57 12 2
1150914 57 12 2
1151398 57 1 0
1151398 57 1 0
1151476 57 1 2
1151478 57 1 2
1151926 57 46 0
1151926 57 46 0
1152000 57 46 2
1152009 57 46 2
1152041 57 47 0
1152041 57 47 0
1152123 57 47 2
1152179 57 47 2
1152323 57 12 0
1152323 57 12 0
1152413 57 12 2
1152421 57 12 2
1152905 57 1 0
1152905 57 1 0
1152979 57 1 2
1153012 57 1 2
1153460 57 46 0
1153460 57 46 0
1153534 57 46 2
1153591 57 46 2
1153623 57 47 0
1153623 57 47 0
1153705 57 47 2
1153762 57 47 2
1153906 57 12 0
1153906 57 12 0
1153996 57 12 2
1154021 57 12 2
1154505 57 1 0
1154505 57 1 0
1154579 57 1 2
1154587 57 1 2
1155035 57 46 0
1155035 57 46 0
1155109 57 46 2
1155119 57 46 2
1155151 57 47 0
1155151 57 47 0
1155233 57 47 2
1155241 57 47 2
1155385 57 12 0
1155483 57 12 2
1155967 57 1 0
1155967 57 1 0
1156041 57 1 2
1156049 57 1 2
1156497 57 46 0
1156497 57 46 0
1156571 57 46 2
1156579 57 46 2
1156611 57 47 0
1156611 57 47 0
1156693 57 47 2
1156701 57 47 2
1156845 57 12 0
1156845 57 12 0
1156935 57 12 2
1156943 57 12 2
1157427 57 1 0
1157427 57 1 0
1157501 57 1 2
1157534 57 1 2
1157966 57 8 0
1157966 57 8 0
1158040 57 8 2
1158074 57 8 2
1158090 57 46 0
1158090 57 46 0
1158164 57 46 2
1158172 57 46 2
1158204 57 47 0
1158204 57 47 0
1158286 57 47 2
1158294 57 47 2
1158438 57 12 0
1158438 57 12 0
1158528 57 12 2
1158537 57 12 2
1159021 57 1 0
1159021 57 1 0
1159095 57 1 2
1159102 57 1 2
1159550 57 46 0
1159550 57 46 0
1159624 57 46 2
1159633 57 46 2
1159665 57 47 0
1159665 57 47 0
1159747 57 47 2
1159756 57 47 2
1159900 57 12 0
1159900 57 12 0
1159990 57 12 2
1159998 57 12 2
1160482 57 1 0
1160482 57 1 0
1160556 57 1 2
1160564 57 1 2
1161012 57 46 0
1161012 57 46 0
1161086 57 46 2
1161094 57 46 2
1161126 57 47 0
1161126 57 47 0
1161208 57 47 2
1161218 57 47 2
1161362 57 12 0
1161362 57 12 0
1161452 57 12 2
1161460 57 12 2
1161944 57 1 0
1161944 57 1 0
1162018 57 1 2
1162026 57 1 2
1162474 57 46 0
1162474 57 46 0
1162556 57 46 2
1162557 57 46 2
1162589 57 47 0
1162589 57 47 0
1162671 57 47 2
1162679 57 47 2
1162823 57 12 0
1162823 57 12 0
1162913 57 12 2
1162921 57 12 2
1163405 57 1 0
1163405 57 1 0
1163479 57 1 2
1163528 57 1 2
1163976 57 46 0
1163976 57 46 0
1164050 57 46 2
1164058 57 46 2
1164090 57 47 0
1164090 57 47 0
1164172 57 47 2
1164181 57 47 2
1164325 57 12 0
1164325 57 12 0
1164415 57 12 2
1164423 57 12 2
1164907 57 1 0
1164907 57 1 0
1164981 57 1 2
1165006 57 1 2
1165454 57 46 0
1165454 57 46 0
1165528 57 46 2
1165537 57 46 2
1165569 57 47 0
1165569 57 47 0
1165651 57 47 2
1165661 57 47 2
1165805 57 12 0
1165805 57 12 0
1165895 57 12 2
1165903 57 12 2
1166387 57 1 0
1166387 57 1 0
1166461 57 1 2
1166469 57 1 2
1166917 57 46 0
1166917 57 46 0
1166991 57 46 2
1166998 57 46 2
1167030 57 47 0
1167030 57 47 0
1167112 57 47 2
1167120 57 47 2
1167264 57 12 0
1167264 57 12 0
1167356 57 12 2
1167367 57 12 2
1167851 57 1 0
1167851 57 1 0
1167925 57 1 2
1167933 57 1 2
1168381 57 46 0
1168381 57 46 0
1168455 57 46 2
1168464 57 46 2
1168496 57 47 0
1168496 57 47 0
1168579 57 47 2
1168617 57 47 2
1168761 57 12 0
1168761 57 12 0
1168851 57 12 2
1168860 57 12 2
1169344 57 1 0
1169344 57 1 0
1169418 57 1 2
1169452 57 1 2
1169884 57 9 0
1169990 57 9 2
1170006 57 46 0
1170006 57 46 0
1170080 57 46 2
1170120 57 46 2
1170152 57 47 0
1170152 57 47 0
1170234 57 47 2
1170275 57 47 2
1170419 57 12 0
1170419 57 12 0
1170509 57 12 2
1170526 57 12 2
1171010 57 1 0
1171010 57 1 0
1171084 57 1 2
1171118 57 1 2
1171566 57 46 0
1171566 57 46 0
1171640 57 46 2
1171681 57 46 2
1171713 57 47 0
1171713 57 47 0
1171795 57 47 2
1171836 57 47 2
1171980 57 12 0
1171980 57 12 0
1172071 57 12 2
1172086 57 12 2
1172570 57 1 0
1172570 57 1 0
1172644 57 1 2
1172652 57 1 2
1173100 57 46 0
1173100 57 46 0
1173174 57 46 2
1173182 57 46 2
1173214 57 47 0
1173214 57 47 0
1173303 57 47 2
1173306 57 47 2
1173450 57 12 0
1173450 57 12 0
1173540 57 12 2
1173548 57 12 2
1174032 57 1 0
1174032 57 1 0
1174106 57 1 2
1174139 57 1 2
1174587 57 46 0
1174587 57 46 0
1174661 57 46 2
1174678 57 46 2
1174710 57 47 0
1174710 57 47 0
1174792 57 47 2
1174809 57 47 2
1174953 57 12 0
1174953 57 12 0
1175044 57 12 2
1175059 57 12 2
1175543 57 1 0
1175543 57 1 0
1175617 57 1 2
1175650 57 1 2
1176098 57 46 0
1176098 57 46 0
1176172 57 46 2
1176189 57 46 2
1176221 57 47 0
1176221 57 47 0
1176303 57 47 2
1176320 57 47 2
1176464 57 12 0
1176464 57 12 0
1176554 57 12 2
1176570 57 12 2
1177054 57 1 0
1177054 57 1 0
1177129 57 1 2
1177162 57 1 2
1177610 57 46 0
1177610 57 46 0
1177684 57 46 2
1177692 57 46 2
1177724 57 47 0
1177724 57 47 0
1177806 57 47 2
1177814 57 47 2
1177958 57 12 0
1177958 57 12 0
1178049 57 12 2
1178055 57 12 2
1178539 57 1 0
1178539 57 1 0
1178613 57 1 2
1178621 57 1 2
1179069 57 46 0
1179069 57 46 0
1179143 57 46 2
1179152 57 46 2
1179184 57 47 0
1179184 57 47 0
1179266 57 47 2
1179274 57 47 2
1179418 57 12 0
1179418 57 12 0
1179510 57 12 2
1179518 57 12 2
1180002 57 1 0
1180002 57 1 0
1180076 57 1 2
1180084 57 1 2
1180532 57 46 0
1180532 57 46 0
1180606 57 46 2
1180614 57 46 2
1180646 57 47 0
1180646 57 47 0
1180728 57 47 2
1180737 57 47 2
1180881 57 12 0
1180881 57 12 0
1180972 57 12 2
1180978 57 12 2
1181462 57 1 0
1181462 57 1 0
1181536 57 1 2
1181544 57 1 2
1181976 57 10 0
1182082 57 10 2
1182098 57 46 0
1182098 57 46 0
1182174 57 46 2
1182231 57 46 2
1182263 57 47 0
1182263 57 47 0
1182345 57 47 2
1182353 57 47 2
1182497 57 12 0
1182497 57 12 0
1182587 57 12 2
1182595 57 12 2
1183079 57 1 0
1183079 57 1 0
1183154 57 1 2
1183162 57 1 2
1183610 57 46 0
1183610 57 46 0
1183684 57 46 2
1183691 57 46 2
1183723 57 47 0
1183723 57 47 0
1183807 57 47 2
1183815 57 47 2
1183959 57 12 0
1183959 57 12 0
1184050 57 12 2
1184058 57 12 2
1184542 57 1 0
1184542 57 1 0
1184616 57 1 2
1184624 57 1 2
1185072 57 46 0
1185072 57 46 0
1185146 57 46 2
1185156 57 46 2
1185188 57 47 0
1185188 57 47 0
1185270 57 47 2
1185278 57 47 2
1185422 57 12 0
1185422 57 12 0
1185512 57 12 2
1185520 57 12 2
1186004 57 1 0
1186004 57 1 0
1186078 57 1 2
1186086 57 1 2
1186534 57 46 0
1186534 57 46 0
1186608 57 46 2
1186616 57 46 2
1186648 57 47 0
1186648 57 47 0
1186731 57 47 2
1186738 57 47 2
1186882 57 12 0
1186882 57 12 0
1186972 57 12 2
1186980 57 12 2
1187464 57 1 0
1187464 57 1 0
1187538 57 1 2
1187546 57 1 2
1187994 57 46 0
1187994 57 46 0
1188068 57 46 2
1188076 57 46 2
1188108 57 47 0
1188108 57 47 0
1188190 57 47 2
1188197 57 47 2
1188341 57 12 0
1188341 57 12 0
1188431 57 12 2
1188439 57 12 2
1188923 57 1 0
1188923 57 1 0
1188997 57 1 2
1189005 57 1 2
1189453 57 46 0
1189453 57 46 0
1189527 57 46 2
1189534 57 46 2
1189566 57 47 0
1189566 57 47 0
1189648 57 47 2
1189656 57 47 2
1189800 57 12 0
1189800 57 12 0
1189890 57 12 2
1189899 57 12 2
1190383 57 1 0
1190383 57 1 0
1190457 57 1 2
1190465 57 1 2
1190913 57 46 0
1190913 57 46 0
1190987 57 46 2
1191000 57 46 2
1191032 57 47 0
1191032 57 47 0
1191114 57 47 2
1191122 57 47 2
1191266 57 12 0
1191266 57 12 0
1191356 57 12 2
1191367 57 12 2
1191851 57 1 0
1191851 57 1 0
1191925 57 1 2
1191933 57 1 2
1192381 57 46 0
1192381 57 46 0
1192455 57 46 2
1192464 57 46 2
1192496 57 47 0
1192496 57 47 0
1192578 57 47 2
1192586 57 47 2
1192730 57 12 0
1192730 57 12 0
1192820 57 12 2
1192829 57 12 2
1193313 57 1 0
1193313 57 1 0
1193387 57 1 2
1193395 57 1 2
1193827 57 11 0
1193827 57 11 0
1193909 57 11 2
1193942 57 11 2
1193958 57 46 0
1193958 57 46 0
1194032 57 46 2
1194055 57 46 2
1194087 57 47 0
1194087 57 47 0
1194169 57 47 2
1194176 57 47 2
1194320 57 12 0
1194320 57 12 0
1194411 57 12 2
1194422 57 12 2
1194906 57 1 0
1194906 57 1 0
1194980 57 1 2
1194987 57 1 2
1195435 57 46 0
1195435 57 46 0
1195509 57 46 2
1195517 57 46 2
1195549 57 47 0
1195549 57 47 0
1195631 57 47 2
1195639 57 47 2
1195783 57 12 0
1195783 57 12 0
1195873 57 12 2
1195881 57 12 2
1196365 57 1 0
1196365 57 1 0
1196439 57 1 2
1196447 57 1 2
1196895 57 46 0
1196895 57 46 0
1196969 57 46 2
1196976 57 46 2
1197008 57 47 0
1197008 57 47 0
1197090 57 47 2
1197107 57 47 2
1197251 57 12 0
1197251 57 12 0
1197341 57 12 2
1197350 57 12 2
1197834 57 1 0
1197834 57 1 0
1197908 57 1 2
1197916 57 1 2
1198364 57 46 0
1198364 57 46 0
1198438 57 46 2
1198446 57 46 2
1198478 57 47 0
1198478 57 47 0
1198560 57 47 2
1198568 57 47 2
1198712 57 12 0
1198712 57 12 0
1198802 57 12 2
1198810 57 12 2
1199294 57 1 0
1199294 57 1 0
1199368 57 1 2
1199375 57 1 2
1199823 57 46 0
1199823 57 46 0
1199898 57 46 2
1199905 57 46 2
1199937 57 47 0
1199937 57 47 0
1200019 57 47 2
1200027 57 47 2
1200171 57 12 0
1200171 57 12 0
1200262 57 12 2
1200270 57 12 2
1200754 57 1 0
1200754 57 1 0
1200828 57 1 2
1200893 57 1 2
1201341 57 46 0
1201341 57 46 0
1201415 57 46 2
1201423 57 46 2
1201455 57 47 0
1201455 57 47 0
1201537 57 47 2
1201545 57 47 2
1201689 57 12 0
1201689 57 12 0
1201779 57 12 2
1201789 57 12 2
1202273 57 1 0
1202273 57 1 0
1202347 57 1 2
1202412 57 1 2
1202860 57 46 0
1202860 57 46 0
1202934 57 46 2
1202941 57 46 2
1202973 57 47 0
1202973 57 47 0
1203055 57 47 2
1203062 57 47 2
1203206 57 12 0
1203206 57 12 0
1203296 57 12 2
1203304 57 12 2
1203788 57 1 0
1203788 57 1 0
1203862 57 1 2
1203887 57 1 2
1204335 57 46 0
1204335 57 46 0
1204409 57 46 2
1204416 57 46 2
1204448 57 47 0
1204448 57 47 0
1204530 57 47 2
1204538 57 47 2
1204682 57 12 0
1204682 57 12 0
1204773 57 12 2
1204781 57 12 2
1205265 57 1 0
1205265 57 1 0
1205339 57 1 2
1205346 57 1 2
1205778 57 12 0
1205778 57 12 0
1205868 57 12 2
1205877 57 12 2
1205893 57 46 0
1205893 57 46 0
1205967 57 46 2
1205974 57 46 2
1206006 57 47 0
1206006 57 47 0
1206088 57 47 2
1206097 57 47 2
1206241 57 12 0
1206241 57 12 0
1206331 57 12 2
1206339 57 12 2
1206823 57 1 0
1206823 57 1 0
1206897 57 1 2
1206905 57 1 2
1207353 57 46 0
1207353 57 46 0
1207427 57 46 2
1207435 57 46 2
1207467 57 47 0
1207467 57 47 0
1207549 57 47 2
1207557 57 47 2
1207701 57 12 0
1207701 57 12 0
1207791 57 12 2
1207799 57 12 2
1208283 57 1 0
1208283 57 1 0
1208357 57 1 2
1208365 57 1 2
1208813 57 46 0
1208813 57 46 0
1208887 57 46 2
1208895 57 46 2
1208927 57 47 0
1208927 57 47 0
1209009 57 47 2
1209019 57 47 2
1209163 57 12 0
1209163 57 12 0
1209253 57 12 2
1209261 57 12 2
1209745 57 1 0
1209745 57 1 0
1209819 57 1 2
1209876 57 1 2
1210324 57 46 0
1210324 57 46 0
1210398 57 46 2
1210406 57 46 2
1210438 57 47 0
1210438 57 47 0
1210520 57 47 2
1210529 57 47 2
1210673 57 12 0
1210673 57 12 0
1210765 57 12 2
1210776 57 12 2
1211260 57 1 0
1211260 57 1 0
1211334 57 1 2
1211346 57 1 2
1211794 57 46 0
1211794 57 46 0
1211873 57 46 2
1211877 57 46 2
1211909 57 47 0
1211909 57 47 0
1211991 57 47 2
1212001 57 47 2
1212145 57 12 0
1212145 57 12 0
1212235 57 12 2
1212260 57 12 2
1212744 57 1 0
1212744 57 1 0
1212818 57 1 2
1212875 57 1 2
1213323 57 46 0
1213323 57 46 0
1213397 57 46 2
1213405 57 46 2
1213437 57 47 0
1213437 57 47 0
1213519 57 47 2
1213530 57 47 2
1213674 57 12 0
1213674 57 12 0
1213764 57 12 2
1213772 57 12 2
1214256 57 1 0
1214256 57 1 0
1214330 57 1 2
1214338 57 1 2
1214786 57 46 0
1214786 57 46 0
1214860 57 46 2
1214868 57 46 2
1214900 57 47 0
1214900 57 47 0
1214982 57 47 2
1214990 57 47 2
1215134 57 12 0
1215134 57 12 0
1215224 57 12 2
1215232 57 12 2
1215716 57 1 0
1215716 57 1 0
1215790 57 1 2
1215799 57 1 2
1216247 57 46 0
1216247 57 46 0
1216321 57 46 2
1216329 57 46 2
1216361 57 47 0
1216361 57 47 0
1216443 57 47 2
1216452 57 47 2
1216596 57 12 0
1216596 57 12 0
1216687 57 12 2
1216698 57 12 2
1217182 57 1 0
1217182 57 1 0
1217256 57 1 2
1217264 57 1 2
1217696 57 13 0
1217818 57 13 2
1217834 57 46 0
1217834 57 46 0
1217928 57 46 2
1217936 57 46 2
1217968 57 47 0
1217968 57 47 0
1218050 57 47 2
1218058 57 47 2
1218202 57 12 0
1218202 57 12 0
1218292 57 12 2
1218300 57 12 2
1218784 57 1 0
1218784 57 1 0
1218868 57 1 2
1218882 57 1 2
1219330 57 46 0
1219330 57 46 0
1219404 57 46 2
1219411 57 46 2
1219443 57 47 0
1219443 57 47 0
1219525 57 47 2
1219542 57 47 2
1219686 57 12 0
1219686 57 12 0
1219776 57 12 2
1219786 57 12 2
1220270 57 1 0
1220270 57 1 0
1220344 57 1 2
1220351 57 1 2
1220799 57 46 0
1220799 57 46 0
1220873 57 46 2
1220886 57 46 2
1220918 57 47 0
1220918 57 47 0
1221000 57 47 2
1221009 57 47 2
1221153 57 12 0
1221153 57 12 0
1221243 57 12 2
1221252 57 12 2
1221736 57 1 0
1221736 57 1 0
1221813 57 1 2
1221818 57 1 2
1222266 57 46 0
1222266 57 46 0
1222340 57 46 2
1222348 57 46 2
1222380 57 47 0
1222380 57 47 0
1222462 57 47 2
1222470 57 47 2
1222614 57 12 0
1222614 57 12 0
1222704 57 12 2
1222712 57 12 2
1223196 57 1 0
1223196 57 1 0
1223270 57 1 2
1223335 57 1 2
1223432 57 51 2
1223783 57 46 0
1223783 57 46 0
1223857 57 46 2
1223865 57 46 2
1223897 57 47 0
1223897 57 47 0
1223980 57 47 2
1223988 57 47 2
1224132 57 12 0
1224132 57 12 0
1224222 57 12 2
1224230 57 12 2
1224714 57 1 0
1224714 57 1 0
1224790 57 1 2
1224812 57 1 2
1225260 57 46 0
1225260 57 46 0
1225334 57 46 2
1225344 57 46 2
1225376 57 47 0
1225376 57 47 0
1225458 57 47 2
1225466 57 47 2
1225610 57 12 0
1225610 57 12 0
1225700 57 12 2
1225758 57 12 2
1226242 57 1 0
1226242 57 1 0
1226316 57 1 2
1226374 57 1 2
1226452 57 54 2
1226618 57 54 2
1226822 57 46 0
1226822 57 46 0
1226896 57 46 2
1226904 57 46 2
1226936 57 47 0
1226936 57 47 0
1227018 57 47 2
1227026 57 47 2
1227170 57 12 0
1227170 57 12 0
1227260 57 12 2
1227268 57 12 2
1227400 57 1 0
1227530 57 1 2
1227882 57 1 0
1227980 57 1 2
1228428 57 46 0
1228428 57 46 0
1228502 57 46 2
1228510 57 46 2
1228542 57 47 0
1228542 57 47 0
1228624 57 47 2
1228632 57 47 2
1228776 57 12 0
1228776 57 12 0
1228866 57 12 2
1228874 57 12 2
1229358 57 1 0
1229358 57 1 0
1229432 57 1 2
1229557 57 1 2
1230005 57 46 0
1230005 57 46 0
1230079 57 46 2
1230087 57 46 2
1230119 57 47 0
1230119 57 47 0
1230201 57 47 2
1230209 57 47 2
1230353 57 12 0
1230353 57 12 0
1230443 57 12 2
1230451 57 12 2
1230927 57 9 0
1231025 57 9 2
1231149 57 55 0
1231263 57 55 2
1231267 57 1 0
1231267 57 1 0
1231341 57 1 2
1231378 57 1 2
1231402 57 56 0
1231491 57 56 2
1231531 57 45 0
1231629 57 45 2
1231685 57 46 0
1231791 57 46 2
1231867 57 63 0
1232095 57 63 2
1232103 57 47 0
1232217 57 47 2
1232321 57 62 0
1232321 57 62 0
1232379 57 62 2
1232387 57 62 2
1232683 57 3 0
1241210 57 3 2
1241218 57 19 0
1241301 57 52 2
1241324 57 19 2
1241328 57 3 0
1244622 57 3 2
1991542 57 1 0
1991542 57 1 0
1991648 57 1 2
1994574 57 1 2
1994970 57 36 0
1994970 57 36 0
1995356 57 36 2
1995400 57 37 0
1995400 57 37 0
1995567 57 37 2
1995654 57 37 2
1995699 57 8 0
1995699 57 8 0
1995773 57 8 2
1995781 57 8 2
1995829 57 0 0
1995829 57 0 0
1995911 57 0 2
1995919 57 0 2
1996007 57 36 0
1996073 57 36 2
1997374 57 53 2
1997487 57 36 0
1997487 57 36 2
1997561 57 36 2
1997593 57 38 0
1997593 57 38 0
1997683 57 38 2
1997705 57 38 2
1997843 57 54 0
1997843 57 54 0
1997941 57 54 2
1997985 57 54 2
1997994 57 53 2
1997999 57 54 2
1998001 57 37 0
1998001 57 37 0
1998075 57 37 2
1998134 57 53 2
1998254 57 37 2
1998571 57 54 2
1998708 57 54 2
1999242 57 47 0
1999390 57 47 2
1999414 57 11 0
1999414 57 11 0
1999496 57 11 2
1999505 57 11 2
1999633 57 1 0
1999633 57 1 0
1999707 57 1 2
1999777 57 1 2
2000301 57 14 0
2000336 57 55 2
2000367 57 0 2
2000423 57 14 2
2000435 57 15 0
2000435 57 15 0
2000549 57 15 2
2000566 57 15 2
2000654 57 38 0
2000654 57 38 0
2000736 57 38 2
2000744 57 38 2
2000900 57 46 0
2000934 57 4 0
2000992 57 46 2
2001036 57 12 0
2001133 57 12 2
2001141 57 0 0
2001141 57 0 0
2001223 57 0 2
2001231 57 0 2
2001307 57 7 0
2003041 57 55 2
2003177 57 55 2
2004534 57 7 2
2004606 57 47 0
2004695 57 47 2
2004711 57 12 0
2004814 57 12 2
2004850 57 47 0
2004945 57 47 2
2005693 57 54 0
2005693 57 54 0
2005819 57 54 2
2005887 57 54 2
2005915 57 32 0
2005915 57 32 0
2005965 57 32 2
2005972 57 32 2
2006202 57 56 2
2006592 57 58 0
2006592 57 58 0
2006618 57 58 2
2006732 57 56 2
2006810 57 58 2
2006874 57 56 2
2006890 57 59 0
2006890 57 59 0
2006924 57 59 2
2006999 57 59 2
2007059 57 38 0
2007059 57 38 0
2007141 57 38 2
2007149 57 38 2
2009112 57 2 0
2009113 57 4 0
2968850 57 38 0
2968850 57 38 0
2971242 57 38 2
2971640 57 38 2
2973624 57 38 0
2973624 57 38 0
2973706 57 38 2
2974405 57 0 2
2975714 57 38 2
2975998 57 7 0
2976698 57 7 2
2978610 57 38 0
2978610 57 38 0
2978692 57 38 2
2978700 57 38 2
3945413 57 38 0
3945413 57 38 0
3946431 57 38 2
3948155 57 38 2
3950139 57 38 0
3950139 57 38 0
3950222 57 38 2
3951699 57 38 2
3953895 57 38 0
3953895 57 38 0
3953977 57 38 2
3953985 57 38 2
4921991 57 38 0
4921991 57 38 0
4924126 57 38 2
4924448 57 38 2
4926110 57 38 0
4926110 57 38 0
4926192 57 38 2
4926290 57 38 2
4927605 57 0 2
4928486 57 38 0
4928486 57 38 0
4928568 57 38 2
4928576 57 38 2
4946496 57 50 2
4947035 57 50 2
4947166 57 50 2
4947417 57 50 2
5898560 57 38 0
5898560 57 38 0
5900639 57 38 2
5902055 57 7 0
5902194 57 7 2
5902762 57 38 0
5902844 57 38 2
5902907 57 38 2
5902912 57 38 0
5903960 57 38 2
5904116 57 46 0
5904198 57 46 2
5904242 57 12 0
5904339 57 12 2
5904495 57 47 0
5904584 57 47 2
5906424 57 38 0
5906424 57 38 0
5906506 57 38 2
5906514 57 38 2
5937933 57 38 2
5938071 57 38 2
5938338 57 38 2
