0 6 51 0
601 6 56 1
663 6 56 1
861 6 2 2
918 6 56 2
934 6 56 1
971 6 0 2
1044 6 56 2
1201 6 2 2
1258 6 56 2
4305 6 51 2
4309 6 22 0
6345 6 22 2
6357 6 1 0
7232 6 1 2
7252 6 24 0
7382 6 24 2
37948 6 4 0
38248 6 4 2
38300 6 44 0
38636 6 44 2
38648 6 5 0
38818 6 5 2
38830 6 45 0
39152 6 45 2
39220 6 24 0
39766 6 24 2
39798 6 25 0
40176 6 25 2
40184 6 26 0
40435 6 26 2
40475 6 27 0
40567 6 27 2
40587 6 33 0
40972 6 33 2
40992 6 35 0
41145 6 35 2
41153 6 41 0
41556 6 41 2
41572 6 42 0
41859 6 42 2
41891 6 1 0
41973 6 1 2
42009 6 36 0
42531 6 36 2
42543 6 43 0
42957 6 43 2
42973 6 17 0
43343 6 17 2
43435 6 27 0
43578 6 27 2
43582 6 37 0
43824 6 37 2
43836 6 17 0
44226 6 17 2
44234 6 15 0
44671 6 15 2
44711 6 16 0
44943 6 16 2
44983 6 18 0
45191 6 18 2
45215 6 61 0
45950 6 61 2
45962 6 54 0
46149 6 54 2
46169 6 7 0
46227 6 7 2
46235 6 19 0
46410 6 19 2
46414 6 35 0
46936 6 35 2
46952 6 53 0
47333 6 53 2
47373 6 33 0
47481 6 33 2
47493 6 36 0
47635 6 36 2
47655 6 40 0
48187 6 40 2
48211 6 37 0
48305 6 37 2
48409 6 38 0
49125 6 38 2
49129 6 31 0
49372 6 31 2
49396 6 8 0
49519 6 8 2
49527 6 29 0
49694 6 29 2
49734 6 0 0
50157 6 0 2
50169 6 38 0
50516 6 38 2
50532 6 39 0
51025 6 39 2
51029 6 39 0
51364 6 39 2
51420 6 36 0
51505 6 36 2
51537 6 38 0
51727 6 56 1
51744 6 38 2
51760 6 51 0
51991 6 4 2
52005 6 51 2
52035 6 56 2
52061 6 25 0
52122 6 56 1
52376 6 25 2
52382 6 22 2
52384 6 52 0
52424 6 56 2
52857 6 56 1
52893 6 52 2
52929 6 33 0
53121 6 45 2
53194 6 56 2
53285 6 33 2
53305 6 53 0
53493 6 53 2
53517 6 54 0
54084 6 54 2
54100 6 11 0
54516 6 11 2
54528 6 56 0
54888 6 56 2
54892 6 12 0
55142 6 12 2
55150 6 57 0
55295 6 57 2
55299 6 2 0
55379 6 56 1
55608 6 2 2
55641 6 58 2
55660 6 37 0
55753 6 56 2
55757 6 37 2
55773 6 40 0
55955 6 40 2
56011 6 58 0
56085 6 56 1
56238 6 58 2
56298 6 35 0
56352 6 52 2
56413 6 35 2
56417 6 50 0
56442 6 56 2
56521 6 56 1
56701 6 50 2
56721 6 62 0
56781 6 40 2
56894 6 56 2
57297 6 62 2
57325 6 38 0
57598 6 56 1
57619 6 38 2
57691 6 63 0
57824 6 63 2
57864 6 12 0
57891 6 16 2
57982 6 56 2
58057 6 56 1
58152 6 12 2
58176 6 2 0
58244 6 2 2
58268 6 13 0
58331 6 34 2
58420 6 56 2
58538 6 13 2
58634 6 3 0
58691 6 3 2
58731 6 23 0
59025 6 23 2
59041 6 24 0
59496 6 24 2
59604 6 41 0
59963 6 41 2
59971 6 25 0
60048 6 56 1
60211 6 25 2
60239 6 26 0
60321 6 3 2
60372 6 56 2
60458 6 26 2
60538 6 0 0
60670 6 0 2
60678 6 3 0
60812 6 3 2
60856 6 4 0
60996 6 4 2
61092 6 5 0
61177 6 5 2
61195 6 56 1
61217 6 15 0
61471 6 35 2
61554 6 56 2
61652 6 15 2
61660 6 14 0
61784 6 56 1
62018 6 14 2
62030 6 50 0
62051 6 4 2
62094 6 56 2
62095 6 4 0
62184 6 50 2
62191 6 4 0
62212 6 6 0
62291 6 4 0
62339 6 6 2
62352 6 4 0
62359 6 4 0
62448 6 4 0
62527 6 4 0
62591 6 4 0
62619 6 4 2
62627 6 8 0
62699 6 4 0
62814 6 4 0
62935 6 4 0
63026 6 4 0
63141 6 4 0
63259 6 4 0
63366 6 8 2
63370 6 47 0
63380 6 4 0
63500 6 4 0
63632 6 4 0
63774 6 4 0
63888 6 47 2
63896 6 49 0
63913 6 4 0
64042 6 4 0
64068 6 49 2
64084 6 11 0
64134 6 4 0
64152 6 11 2
64188 6 5 0
64242 6 4 0
64281 6 5 2
64305 6 37 0
64345 6 4 0
64497 6 4 0
64668 6 4 0
64818 6 4 0
64844 6 37 2
64882 6 4 0
64908 6 4 0
64967 6 4 2
64971 6 1 0
64978 6 4 0
65082 6 1 2
65106 6 4 0
65110 6 27 0
65219 6 4 0
65377 6 4 0
65443 6 27 2
65451 6 2 0
65544 6 4 0
65677 6 4 0
65772 6 2 2
65784 6 11 0
65875 6 4 0
65950 6 11 2
65958 6 7 0
65996 6 4 0
66122 6 7 2
66122 6 4 0
66142 6 3 0
66263 6 56 1
66265 6 4 0
66297 6 3 2
66405 6 6 0
66424 6 4 0
66531 6 4 2
66558 6 4 0
66572 6 56 2
66574 6 4 0
66671 6 4 0
66684 6 4 0
66764 6 4 0
66785 6 4 0
66851 6 4 0
66874 6 4 0
66926 6 4 0
67004 6 4 0
67089 6 4 0
67165 6 4 0
67179 6 4 0
67219 6 6 2
67232 6 4 0
67239 6 9 0
67312 6 4 0
67334 6 4 0
67355 6 9 2
67434 6 4 0
67444 6 4 0
67514 6 4 0
67527 6 8 0
67553 6 4 0
67615 6 4 0
67651 6 4 0
67693 6 4 0
67696 6 8 2
67708 6 11 0
67785 6 4 0
67793 6 4 0
67825 6 11 2
67845 6 12 0
67855 6 4 0
67903 6 4 0
67948 6 4 0
68022 6 4 0
68026 6 4 0
68097 6 4 0
68114 6 12 2
68138 6 16 0
68183 6 4 0
68210 6 4 0
68280 6 4 0
68298 6 4 0
68391 6 4 0
68410 6 16 2
68418 6 13 0
68451 6 4 0
68462 6 4 0
68554 6 4 0
68556 6 13 2
68604 6 2 0
68646 6 4 0
68676 6 4 0
68761 6 4 0
68824 6 4 0
68825 6 4 0
68875 6 4 0
68934 6 4 0
69023 6 2 2
69054 6 4 0
69055 6 40 0
69056 6 4 0
69179 6 4 0
69320 6 4 0
69328 6 4 0
69415 6 4 0
69466 6 4 0
69516 6 4 0
69586 6 4 0
69601 6 4 0
69698 6 4 0
69733 6 40 2
69737 6 25 0
69756 6 4 0
69779 6 4 0
69844 6 25 2
69860 6 31 0
69876 6 4 0
69985 6 31 2
69986 6 4 0
70021 6 33 0
70105 6 4 0
70141 6 33 2
70145 6 36 0
70227 6 4 0
70326 6 36 2
70334 6 4 0
70353 6 4 0
70438 6 4 0
70535 6 4 0
70647 6 4 2
70669 6 4 0
70739 6 5 0
70770 6 4 0
70864 6 4 0
70870 6 5 2
70902 6 34 0
70975 6 4 0
71092 6 4 0
71267 6 4 0
71314 6 34 2
71334 6 35 0
71467 6 4 0
71590 6 4 0
71596 6 35 2
71620 6 32 0
71685 6 4 0
71799 6 4 0
71958 6 4 0
72070 6 4 0
72092 6 32 2
72160 6 17 0
72209 6 4 0
72370 6 4 0
72471 6 17 2
72624 6 4 0
72760 6 4 0
72767 6 38 0
72767 6 38 0
72817 6 38 2
72927 6 4 0
73057 6 4 0
73219 6 4 0
73330 6 38 2
73338 6 27 0
73396 6 4 0
73549 6 4 0
73736 6 27 2
73747 6 4 0
73756 6 35 0
73860 6 35 2
73869 6 4 0
73916 6 28 0
74019 6 28 2
74087 6 3 0
74166 6 3 2
74170 6 46 0
74688 6 46 2
74708 6 4 0
74765 6 4 2
74797 6 0 0
74972 6 0 2
74976 6 29 0
75052 6 29 2
75196 6 47 0
75512 6 47 2
75584 6 30 0
75732 6 30 2
76084 6 31 0
76204 6 31 2
76208 6 44 0
76581 6 44 2
76589 6 43 0
77208 6 43 2
77340 6 32 0
77829 6 32 2
77901 6 33 0
78037 6 33 2
78085 6 33 0
78236 6 33 2
78244 6 27 0
78406 6 27 2
78510 6 54 0
78816 6 54 2
78828 6 28 0
78964 6 28 2
78980 6 34 0
79267 6 34 2
79275 6 56 0
79571 6 56 1
79841 6 1 2
79907 6 56 2
79922 6 56 2
79938 6 35 0
80246 6 35 2
80346 6 41 0
80556 6 41 2
80604 6 61 0
80842 6 61 2
80846 6 39 0
81069 6 39 2
81081 6 7 0
81186 6 7 2
81246 6 8 0
81485 6 8 2
81517 6 63 0
81631 6 63 2
81739 6 0 0
81941 6 0 2
81969 6 57 0
82733 6 57 2
82801 6 58 0
83057 6 58 2
83141 6 46 0
83417 6 46 2
83429 6 59 0
83814 6 56 1
83815 6 59 2
83847 6 32 0
84081 6 37 2
84146 6 56 2
84444 6 32 2
84452 6 50 0
84616 6 50 2
84692 6 60 0
85002 6 60 2
85010 6 62 0
85137 6 62 2
85141 6 3 0
85236 6 3 2
85248 6 5 0
85357 6 5 2
85385 6 17 0
85638 6 56 1
85901 6 4 2
85942 6 56 2
85944 6 4 0
85961 6 17 2
85981 6 6 0
86054 6 4 0
86126 6 4 0
86220 6 4 0
86262 6 6 2
86267 6 56 1
86273 6 4 0
86341 6 4 0
86354 6 11 0
86435 6 4 0
86518 6 4 0
86531 6 19 2
86598 6 4 0
86599 6 56 2
86678 6 4 0
86703 6 56 1
86756 6 11 2
86764 6 10 0
86768 6 4 0
86838 6 10 2
86858 6 11 0
86871 6 4 0
86946 6 4 0
86961 6 4 2
87005 6 56 2
87009 6 4 0
87057 6 11 2
87065 6 6 0
87080 6 4 0
87094 6 4 0
87194 6 4 0
87203 6 4 0
87235 6 6 2
87247 6 4 0
87271 6 36 0
87302 6 4 0
87340 6 4 0
87360 6 56 1
87381 6 4 0
87424 6 4 0
87532 6 4 0
87569 6 4 0
87620 6 4 0
87622 6 55 2
87660 6 36 2
87690 6 4 0
87693 6 4 0
87703 6 56 2
87720 6 12 0
87766 6 4 0
87778 6 4 0
87841 6 4 0
87856 6 12 2
87864 6 0 0
87877 6 4 0
87953 6 4 0
88008 6 4 0
88027 6 4 0
88092 6 4 0
88164 6 4 0
88253 6 4 0
88294 6 4 0
88365 6 0 2
88376 6 4 0
88409 6 4 0
88489 6 15 0
88495 6 4 0
88502 6 4 0
88599 6 4 0
88637 6 4 0
88713 6 4 0
88728 6 15 2
88757 6 4 0
88843 6 4 0
88844 6 4 0
88848 6 7 0
88958 6 4 0
88965 6 4 0
89044 6 7 2
89060 6 0 0
89092 6 4 0
89123 6 4 0
89175 6 4 0
89225 6 4 0
89278 6 4 0
89324 6 4 0
89343 6 0 2
89378 6 4 0
89417 6 4 0
89491 6 9 0
89498 6 4 0
89572 6 4 0
89611 6 4 0
89629 6 9 2
89661 6 8 0
89680 6 4 0
89750 6 8 2
89778 6 55 0
89843 6 4 0
89880 6 4 0
89942 6 4 0
90013 6 4 0
90056 6 4 0
90112 6 55 2
90132 6 4 0
90157 6 4 0
90220 6 14 0
90256 6 4 0
90257 6 4 0
90322 6 4 0
90343 6 4 0
90446 6 4 0
90452 6 4 0
90527 6 4 0
90533 6 14 2
90631 6 4 0
90652 6 4 0
90731 6 4 0
90805 6 4 0
90839 6 4 0
90849 6 29 0
90921 6 4 0
90948 6 4 0
90973 6 29 2
91013 6 30 0
91014 6 4 0
91172 6 4 0
91191 6 4 0
91311 6 4 0
91314 6 4 0
91379 6 4 0
91461 6 4 0
91482 6 4 0
91511 6 30 2
91555 6 17 0
91564 6 4 0
91585 6 4 0
91686 6 4 0
91719 6 4 0
91801 6 4 0
91846 6 4 0
91946 6 17 2
91965 6 4 0
91993 6 4 0
92002 6 18 0
92111 6 4 0
92187 6 4 0
92209 6 4 0
92242 6 18 2
92290 6 19 0
92327 6 4 0
92344 6 4 0
92425 6 4 0
92428 6 4 0
92538 6 4 0
92577 6 19 2
92612 6 4 0
92613 6 21 0
92665 6 4 0
92723 6 4 0
92821 6 4 0
92860 6 4 0
92969 6 4 0
92970 6 4 0
93041 6 4 0
93058 6 4 0
93121 6 21 2
93148 6 4 0
93153 6 22 0
93179 6 0 2
93295 6 4 0
93417 6 4 0
93484 6 4 0
93657 6 4 0
93763 6 4 0
93809 6 22 2
93852 6 4 0
93965 6 4 0
94074 6 4 2
94102 6 18 0
94767 6 18 2
94939 6 61 0
95264 6 61 2
95336 6 54 0
95518 6 54 2
95550 6 55 0
95998 6 55 2
96226 6 40 0
96409 6 40 2
96437 6 49 0
96527 6 56 1
96627 6 49 2
96639 6 51 0
96793 6 2 2
96799 6 51 2
96819 6 37 0
96854 6 56 2
96945 6 37 2
96949 6 20 0
97015 6 20 2
97031 6 3 0
97468 6 3 2
97560 6 21 0
97646 6 21 2
97654 6 56 0
98204 6 56 2
98224 6 57 0
99474 6 57 2
99562 6 58 0
99683 6 58 2
99763 6 59 0
100026 6 59 2
100050 6 63 0
100667 6 63 2
100751 6 33 0
100857 6 33 2
106516 6 0 0
107676 6 56 1
107942 6 5 2
107976 6 56 2
107999 6 56 1
108109 6 56 1
108272 6 38 2
108330 6 56 2
108337 6 56 1
108376 6 56 1
108382 6 37 2
108448 6 56 2
108541 6 56 1
108622 6 40 2
108667 6 56 1
108738 6 56 2
108744 6 56 1
108752 6 13 2
108794 6 56 2
108862 6 33 2
108957 6 56 1
108960 6 56 2
108972 6 58 2
109043 6 56 1
109082 6 53 2
109086 6 56 2
109165 6 56 2
109169 6 56 1
109222 6 46 2
109287 6 56 1
109288 6 56 2
109332 6 12 2
109382 6 56 2
109412 6 56 1
109442 6 19 2
109508 6 56 2
109522 6 56 1
109552 6 39 2
109618 6 56 2
109650 6 56 1
109672 6 25 2
109735 6 56 1
109762 6 56 2
109782 6 16 2
109837 6 56 1
109872 6 56 2
109912 6 32 2
109956 6 56 1
110020 6 56 2
110022 6 17 2
110105 6 56 2
110132 6 36 2
110183 6 56 1
110207 6 56 2
110242 6 8 2
110324 6 56 2
110403 6 56 1
110452 6 52 2
110530 6 56 1
110542 6 56 2
110662 6 55 2
110687 6 56 1
110743 6 56 2
110773 6 56 1
110792 6 41 2
110892 6 56 1
110898 6 56 2
110952 6 45 2
111027 6 56 2
111053 6 56 1
111062 6 3 2
111112 6 56 2
111172 6 30 2
111222 6 56 2
111239 6 56 1
111312 6 61 2
111402 6 56 2
111470 6 56 1
111502 6 48 2
111583 6 56 1
111624 6 56 2
111683 6 56 1
111732 6 63 2
111777 6 56 1
111822 6 56 2
111842 6 42 2
111940 6 56 2
111952 6 43 2
111983 6 56 1
112042 6 56 2
112053 6 56 1
112062 6 27 2
112136 6 56 2
112252 6 56 2
112371 6 62 2
112382 6 56 2
112453 6 56 2
119421 6 56 1
119692 6 2 2
119750 6 56 2
216798 6 56 1
217056 6 2 2
217113 6 56 2
228465 6 56 1
228726 6 2 2
228783 6 56 2
239663 6 2 0
239664 6 56 1
239926 6 2 2
239983 6 56 2
243671 6 56 1
243936 6 2 2
243994 6 56 2
249341 6 56 1
249342 6 2 0
249606 6 2 2
249663 6 56 2
254730 6 4 0
255080 6 4 0
279761 6 2 0
279762 6 56 1
280026 6 2 2
280083 6 56 2
282149 6 2 0
282150 6 56 1
282416 6 2 2
282473 6 56 2
290593 6 56 1
290857 6 0 2
290931 6 56 2
311397 6 2 0
311398 6 56 1
311656 6 2 2
311713 6 56 2
312595 6 2 0
312596 6 56 1
312856 6 2 2
312913 6 56 2
354309 6 56 1
354310 6 2 0
354577 6 2 2
354635 6 56 2
370457 6 56 1
370716 6 2 2
370773 6 56 2
463165 6 2 0
463166 6 56 1
463431 6 2 2
463488 6 56 2
474055 6 56 1
474321 6 2 2
474378 6 56 2
544258 6 2 0
544259 6 56 1
544521 6 2 2
544578 6 56 2
546445 6 2 0
546446 6 56 1
546711 6 2 2
546768 6 56 2
613240 6 2 0
613241 6 56 1
613503 6 2 2
613560 6 56 2
988561 6 2 0
988562 6 56 1
988822 6 2 2
988880 6 56 2
1015751 6 38 0
1015751 6 38 0
1016461 6 38 2
1016905 6 38 2
1018357 6 7 0
1018471 6 7 2
1019547 6 38 0
1019547 6 38 0
1019745 6 38 2
1019867 6 38 2
1022631 6 2 0
1022632 6 4 0
1022949 6 56 0
1023297 6 56 2
1023747 6 2 0
1023748 6 4 0
1023873 6 57 0
1024257 6 57 2
1024833 6 58 0
1025130 6 58 2
1025706 6 59 0
1026007 6 59 2
1026583 6 60 0
1026928 6 60 2
1027504 6 61 0
1027827 6 61 2
1028403 6 62 0
1028722 6 62 2
1029298 6 63 0
1029552 6 63 2
1030128 6 0 0
1030128 6 0 0
1030304 6 0 2
1030790 6 0 2
1031058 6 2 0
1031124 6 2 2
1031168 6 2 0
1031169 6 4 0
1031180 6 3 0
1031238 6 3 2
1031242 6 7 0
1031466 6 2 0
1031468 6 4 0
1031490 6 7 2
1031578 6 4 0
1031578 6 4 0
1031612 6 4 2
1031620 6 4 2
1032008 6 1 0
1032322 6 1 2
1032898 6 2 0
1033240 6 2 2
1033816 6 3 0
1034146 6 3 2
1034722 6 4 0
1035470 6 4 2
1035491 6 56 1
1035753 6 54 2
1035829 6 56 2
1036046 6 5 0
1036077 6 56 1
1036178 6 56 1
1036276 6 56 1
1036328 6 5 2
1036343 6 50 2
1036370 6 56 1
1036449 6 56 2
1036453 6 51 2
1036487 6 56 1
1036551 6 56 2
1036563 6 28 2
1036629 6 56 2
1036646 6 56 1
1036673 6 22 2
1036715 6 56 2
1036732 6 56 1
1036783 6 20 2
1036841 6 56 2
1036842 6 56 1
1036904 6 6 0
1036913 6 56 1
1036913 6 59 2
1037021 6 56 2
1037023 6 35 2
1037088 6 56 1
1037104 6 56 2
1037133 6 44 2
1037182 6 56 1
1037215 6 56 2
1037243 6 6 2
1037259 6 6 2
1037268 6 56 2
1037284 6 56 1
1037353 6 24 2
1037452 6 56 2
1037463 6 26 2
1037545 6 56 2
1037573 6 18 2
1037648 6 56 2
1037666 6 56 1
1037692 6 56 1
1037835 6 7 0
1037851 6 56 1
1037911 6 56 1
1037933 6 57 2
1038043 6 4 2
1038055 6 56 2
1038085 6 56 2
1038153 6 34 2
1038243 6 56 2
1038262 6 7 2
1038263 6 14 2
1038286 6 56 1
1038297 6 56 2
1038396 6 56 1
1038553 6 31 2
1038611 6 56 2
1038663 6 1 2
1038729 6 56 2
1038838 6 8 0
1038862 6 56 1
1039114 6 56 1
1039123 6 47 2
1039150 6 8 2
1039167 6 56 1
1039196 6 56 2
1039373 6 49 2
1039424 6 56 1
1039483 6 11 2
1039489 6 56 2
1039541 6 56 2
1039599 6 56 1
1039676 6 56 1
1039682 6 0 2
1039726 6 9 0
1039755 6 56 2
1039757 6 0 0
1039778 6 56 1
1039883 6 60 2
1039892 6 0 0
1039905 6 56 1
1039981 6 56 2
1039993 6 10 2
1040003 6 0 0
1040029 6 9 2
1040058 6 56 2
1040113 6 23 2
1040128 6 0 0
1040163 6 56 2
1040190 6 56 1
1040223 6 9 2
1040225 6 0 0
1040297 6 56 2
1040365 6 0 0
1040453 6 21 2
1040478 6 0 0
1040505 6 56 2
1040579 6 0 0
1040605 6 10 0
1040695 6 0 0
1040733 6 56 1
1040786 6 0 0
1040910 6 10 2
1040938 6 0 0
1040990 6 56 1
1040993 6 7 2
1041026 6 56 2
1041058 6 0 0
1041177 6 0 0
1041253 6 15 2
1041287 6 56 1
1041295 6 56 2
1041302 6 0 0
1041405 6 0 0
1041486 6 11 0
1041486 6 11 0
1041521 6 0 0
1041536 6 11 2
1041553 6 29 2
1041612 6 56 2
1041637 6 0 0
1041723 6 0 0
1041796 6 11 2
1041848 6 0 0
1041989 6 0 0
1042091 6 0 0
1042233 6 0 0
1042344 6 0 0
1042372 6 12 0
1042466 6 0 0
1042605 6 0 0
1042652 6 12 2
1042733 6 0 0
1042864 6 0 0
1042988 6 0 0
1043106 6 5 2
1043128 6 0 0
1043228 6 13 0
1043264 6 0 0
1043406 6 0 0
1043504 6 0 0
1043506 6 13 2
1043538 6 5 2
1043741 6 5 2
1044082 6 14 0
1044459 6 14 2
1044787 6 2 0
1044788 6 0 0
1045035 6 15 0
1045322 6 15 2
1045898 6 16 0
1046197 6 16 2
1046773 6 17 0
1047077 6 17 2
1047653 6 18 0
1047940 6 18 2
1048516 6 19 0
1048836 6 19 2
1049412 6 20 0
1049677 6 20 2
1050253 6 21 0
1050515 6 21 2
1051091 6 22 0
1051430 6 22 2
1052006 6 23 0
1052283 6 23 2
1052859 6 24 0
1053165 6 24 2
1053741 6 25 0
1054065 6 25 2
1054641 6 26 0
1054930 6 26 2
1055506 6 27 0
1055806 6 27 2
1056382 6 28 0
1056665 6 28 2
1057241 6 29 0
1057502 6 29 2
1058078 6 30 0
1058370 6 30 2
1058946 6 31 0
1059212 6 31 2
1059788 6 32 0
1060124 6 32 2
1060700 6 33 0
1061043 6 33 2
1061619 6 34 0
1061939 6 34 2
1062515 6 35 0
1062816 6 35 2
1063392 6 36 0
1063693 6 36 2
1064269 6 37 0
1064541 6 37 2
1065117 6 38 0
1065430 6 38 2
1066006 6 39 0
1066252 6 39 2
1066828 6 40 0
1067141 6 40 2
1067717 6 41 0
1068091 6 41 2
1068667 6 42 0
1068960 6 42 2
1069536 6 43 0
1069836 6 43 2
1070412 6 44 0
1070721 6 44 2
1071297 6 45 0
1071590 6 45 2
1072166 6 46 0
1072459 6 46 2
1073035 6 47 0
1073282 6 47 2
1073858 6 48 0
1074190 6 48 2
1074766 6 49 0
1075149 6 49 2
1075725 6 50 0
1076010 6 50 2
1076586 6 51 0
1076886 6 51 2
1077462 6 52 0
1077789 6 52 2
1078365 6 53 0
1078667 6 53 2
1079243 6 54 0
1079529 6 54 2
1085625 6 8 0
1085879 6 8 2
1123687 6 31 0
1123801 6 31 2
1123845 6 35 0
1124139 6 35 2
1124199 6 32 0
1124313 6 32 2
1124369 6 46 0
1124434 6 46 2
1124466 6 12 0
1124515 6 12 2
1124527 6 33 0
1124633 6 33 2
1124725 6 34 0
1124836 6 34 2
1124868 6 1 0
1124868 6 1 0
1124928 6 1 2
1124937 6 1 2
1124981 6 32 0
1125095 6 32 2
1125103 6 35 0
1125210 6 35 2
1125214 6 60 0
1125349 6 60 2
1125365 6 61 0
1125496 6 61 2
1125556 6 48 0
1125694 6 48 2
1125734 6 49 0
1125858 6 49 2
1125894 6 36 0
1125894 6 36 0
1125960 6 36 2
1126010 6 36 2
1126074 6 37 0
1126074 6 37 0
1126132 6 37 2
1126183 6 37 2
1126231 6 58 0
1126231 6 58 0
1126337 6 58 2
1126368 6 58 2
1126380 6 31 0
1126625 6 31 2
1126637 6 30 0
1126922 6 30 2
1126930 6 59 0
1126930 6 59 0
1127029 6 59 2
1127082 6 59 2
1127134 6 34 0
1127423 6 34 2
1127463 6 0 0
1127698 6 0 2
1127706 6 33 0
1128040 6 33 2
1128056 6 60 0
1128194 6 60 2
1128214 6 32 0
1128531 6 32 2
1128607 6 61 0
1128745 6 61 2
1128869 6 62 0
1129012 6 62 2
1129100 6 12 0
1129189 6 12 2
1129201 6 39 0
1129322 6 39 2
1129334 6 13 0
1129426 6 13 2
1129430 6 48 0
1129562 6 48 2
1129574 6 59 0
1129712 6 59 2
1129740 6 54 0
1129740 6 54 0
1129806 6 54 2
1129873 6 54 2
1129913 6 55 0
1130056 6 55 2
1130080 6 56 0
1130228 6 56 2
1130256 6 57 0
1130397 6 57 2
1130461 6 58 0
1130514 6 0 0
1130606 6 58 2
1130642 6 49 0
1130671 6 0 0
1130772 6 49 2
1130809 6 0 0
1130812 6 63 0
1130953 6 0 0
1130959 6 63 2
1131007 6 15 0
1131078 6 0 0
1131105 6 15 2
1131121 6 44 0
1131243 6 44 2
1131263 6 45 0
1131406 6 45 2
1131617 6 0 0
1131654 6 0 0
1131785 6 0 2
1131877 6 1 0
1131952 6 0 0
1131961 6 1 2
1132061 6 2 0
1132097 6 0 0
1132145 6 2 2
1132153 6 47 0
1132225 6 0 0
1132226 6 47 2
1132238 6 41 0
1132352 6 41 2
1132424 6 3 0
1132514 6 3 2
1132774 6 5 0
1132857 6 5 2
1132905 6 6 0
1132914 6 0 0
1132988 6 6 2
1133076 6 7 0
1133084 6 0 0
1133172 6 7 2
1133216 6 0 0
1133280 6 8 0
1133328 6 0 0
1133370 6 8 2
1133426 6 1 0
1133498 6 1 2
1133813 6 0 0
1133946 6 46 0
1133956 6 0 0
1134010 6 46 2
1134018 6 4 0
1134045 6 0 0
1134108 6 4 2
1134132 6 47 0
1134168 6 0 0
1134205 6 47 2
1134349 6 12 0
1134398 6 12 2
1134423 6 0 0
1134551 6 0 0
1134762 6 10 0
1134869 6 10 2
1134924 6 0 0
1134989 6 1 0
1134989 6 1 0
1135047 6 1 2
1135055 6 1 2
1135056 6 0 0
1135194 6 0 0
1135384 6 0 0
1135413 6 8 2
1135487 6 8 0
1135487 6 8 0
1135532 6 0 0
1135562 6 8 2
1135577 6 8 2
1135593 6 46 0
1135629 6 0 0
1135658 6 46 2
1135690 6 47 0
1135690 6 47 0
1135748 6 0 0
1135756 6 47 2
1135763 6 47 2
1135819 6 7 2
1135844 6 0 0
1135907 6 12 0
1135907 6 12 0
1135949 6 12 2
1135962 6 12 2
1136446 6 1 0
1136511 6 1 2
1136549 6 0 0
1136819 6 0 0
1136864 6 8 2
1136915 6 4 2
1136954 6 0 0
1136959 6 46 0
1136959 6 46 0
1137022 6 46 2
1137024 6 46 2
1137056 6 47 0
1137128 6 47 2
1137130 6 7 2
1137272 6 12 0
1137320 6 12 2
1137804 6 1 0
1137804 6 1 0
1137864 6 1 2
1137869 6 1 2
1138075 6 8 2
1138287 6 4 2
1138317 6 46 0
1138317 6 46 0
1138375 6 46 2
1138383 6 46 2
1138415 6 47 0
1138415 6 47 0
1138481 6 47 2
1138488 6 47 2
1138632 6 12 0
1138632 6 12 0
1138674 6 12 2
1138682 6 12 2
1139166 6 1 0
1139166 6 1 0
1139224 6 1 2
1139232 6 1 2
1139680 6 46 0
1139680 6 46 0
1139738 6 46 2
1139747 6 46 2
1139779 6 47 0
1139779 6 47 0
1139845 6 47 2
1139853 6 47 2
1139997 6 12 0
1139997 6 12 0
1140039 6 12 2
1140047 6 12 2
1140531 6 1 0
1140613 6 1 2
1141061 6 46 0
1141061 6 46 0
1141119 6 46 2
1141126 6 46 2
1141158 6 47 0
1141158 6 47 0
1141224 6 47 2
1141231 6 47 2
1141375 6 12 0
1141375 6 12 0
1141417 6 12 2
1141425 6 12 2
1141909 6 1 0
1141909 6 1 0
1141967 6 1 2
1142008 6 1 2
1142456 6 46 0
1142456 6 46 0
1142515 6 46 2
1142525 6 46 2
1142557 6 47 0
1142557 6 47 0
1142623 6 47 2
1142632 6 47 2
1142776 6 12 0
1142776 6 12 0
1142818 6 12 2
1142826 6 12 2
1143310 6 1 0
1143310 6 1 0
1143368 6 1 2
1143376 6 1 2
1143824 6 46 0
1143824 6 46 0
1143882 6 46 2
1143891 6 46 2
1143923 6 47 0
1143923 6 47 0
1143989 6 47 2
1143996 6 47 2
1144140 6 12 0
1144140 6 12 0
1144182 6 12 2
1144190 6 12 2
1144674 6 1 0
1144674 6 1 0
1144732 6 1 2
1144740 6 1 2
1145188 6 46 0
1145188 6 46 0
1145246 6 46 2
1145253 6 46 2
1145285 6 47 0
1145285 6 47 0
1145351 6 47 2
1145391 6 47 2
1145535 6 12 0
1145535 6 12 0
1145579 6 12 2
1145587 6 12 2
1146071 6 1 0
1146071 6 1 0
1146129 6 1 2
1146136 6 1 2
1146568 6 9 0
1146658 6 9 2
1146674 6 46 0
1146674 6 46 0
1146732 6 46 2
1146773 6 46 2
1146805 6 47 0
1146805 6 47 0
1146871 6 47 2
1146912 6 47 2
1147056 6 12 0
1147056 6 12 0
1147098 6 12 2
1147130 6 12 2
1147614 6 1 0
1147614 6 1 0
1147672 6 1 2
1147680 6 1 2
1148128 6 46 0
1148128 6 46 0
1148186 6 46 2
1148227 6 46 2
1148259 6 47 0
1148259 6 47 0
1148325 6 47 2
1148366 6 47 2
1148510 6 12 0
1148510 6 12 0
1148552 6 12 2
1148585 6 12 2
1149069 6 1 0
1149069 6 1 0
1149128 6 1 2
1149135 6 1 2
1149583 6 46 0
1149583 6 46 0
1149641 6 46 2
1149649 6 46 2
1149681 6 47 0
1149681 6 47 0
1149747 6 47 2
1149755 6 47 2
1149899 6 12 0
1149899 6 12 0
1149941 6 12 2
1149949 6 12 2
1150433 6 1 0
1150433 6 1 0
1150491 6 1 2
1150499 6 1 2
1150947 6 46 0
1150947 6 46 0
1151005 6 46 2
1151013 6 46 2
1151045 6 47 0
1151045 6 47 0
1151111 6 47 2
1151119 6 47 2
1151263 6 12 0
1151263 6 12 0
1151305 6 12 2
1151313 6 12 2
1151797 6 1 0
1151797 6 1 0
1151861 6 1 2
1151862 6 1 2
1152310 6 46 0
1152310 6 46 0
1152368 6 46 2
1152375 6 46 2
1152407 6 47 0
1152407 6 47 0
1152473 6 47 2
1152481 6 47 2
1152625 6 12 0
1152625 6 12 0
1152667 6 12 2
1152676 6 12 2
1153160 6 1 0
1153160 6 1 0
1153218 6 1 2
1153225 6 1 2
1153673 6 46 0
1153673 6 46 0
1153731 6 46 2
1153739 6 46 2
1153771 6 47 0
1153771 6 47 0
1153837 6 47 2
1153845 6 47 2
1153989 6 12 0
1153989 6 12 0
1154031 6 12 2
1154039 6 12 2
1154523 6 1 0
1154523 6 1 0
1154583 6 1 2
1154587 6 1 2
1155035 6 46 0
1155035 6 46 0
1155093 6 46 2
1155102 6 46 2
1155134 6 47 0
1155134 6 47 0
1155200 6 47 2
1155209 6 47 2
1155353 6 12 0
1155353 6 12 0
1155395 6 12 2
1155403 6 12 2
1155887 6 1 0
1155887 6 1 0
1155945 6 1 2
1155953 6 1 2
1156401 6 46 0
1156401 6 46 0
1156459 6 46 2
1156467 6 46 2
1156499 6 47 0
1156499 6 47 0
1156565 6 47 2
1156573 6 47 2
1156717 6 12 0
1156717 6 12 0
1156759 6 12 2
1156767 6 12 2
1157251 6 1 0
1157251 6 1 0
1157310 6 1 2
1157315 6 1 2
1157747 6 10 0
1157837 6 10 2
1157853 6 46 0
1157853 6 46 0
1157911 6 46 2
1157918 6 46 2
1157950 6 47 0
1157950 6 47 0
1158016 6 47 2
1158024 6 47 2
1158168 6 12 0
1158168 6 12 0
1158210 6 12 2
1158217 6 12 2
1158701 6 1 0
1158701 6 1 0
1158767 6 1 2
1158768 6 1 2
1159216 6 46 0
1159216 6 46 0
1159274 6 46 2
1159281 6 46 2
1159313 6 47 0
1159313 6 47 0
1159379 6 47 2
1159387 6 47 2
1159531 6 12 0
1159531 6 12 0
1159573 6 12 2
1159580 6 12 2
1160064 6 1 0
1160064 6 1 0
1160122 6 1 2
1160130 6 1 2
1160578 6 46 0
1160578 6 46 0
1160636 6 46 2
1160644 6 46 2
1160676 6 47 0
1160676 6 47 0
1160742 6 47 2
1160754 6 47 2
1160898 6 12 0
1160898 6 12 0
1160940 6 12 2
1160948 6 12 2
1161432 6 1 0
1161432 6 1 0
1161490 6 1 2
1161498 6 1 2
1161946 6 46 0
1161946 6 46 0
1162004 6 46 2
1162012 6 46 2
1162044 6 47 0
1162044 6 47 0
1162110 6 47 2
1162118 6 47 2
1162262 6 12 0
1162262 6 12 0
1162304 6 12 2
1162312 6 12 2
1162796 6 1 0
1162796 6 1 0
1162854 6 1 2
1162862 6 1 2
1163310 6 46 0
1163310 6 46 0
1163368 6 46 2
1163376 6 46 2
1163408 6 47 0
1163408 6 47 0
1163474 6 47 2
1163482 6 47 2
1163626 6 12 0
1163626 6 12 0
1163668 6 12 2
1163676 6 12 2
1164160 6 1 0
1164160 6 1 0
1164218 6 1 2
1164225 6 1 2
1164673 6 46 0
1164673 6 46 0
1164731 6 46 2
1164739 6 46 2
1164771 6 47 0
1164771 6 47 0
1164837 6 47 2
1164845 6 47 2
1164989 6 12 0
1164989 6 12 0
1165031 6 12 2
1165039 6 12 2
1165523 6 1 0
1165523 6 1 0
1165581 6 1 2
1165589 6 1 2
1166037 6 46 0
1166037 6 46 0
1166095 6 46 2
1166103 6 46 2
1166135 6 47 0
1166135 6 47 0
1166201 6 47 2
1166209 6 47 2
1166353 6 12 0
1166353 6 12 0
1166395 6 12 2
1166403 6 12 2
1166887 6 1 0
1166887 6 1 0
1166945 6 1 2
1166953 6 1 2
1167401 6 46 0
1167401 6 46 0
1167459 6 46 2
1167467 6 46 2
1167499 6 47 0
1167499 6 47 0
1167565 6 47 2
1167573 6 47 2
1167717 6 12 0
1167717 6 12 0
1167759 6 12 2
1167767 6 12 2
1168251 6 1 0
1168251 6 1 0
1168309 6 1 2
1168317 6 1 2
1168749 6 11 0
1168749 6 11 0
1168799 6 11 2
1168840 6 11 2
1168856 6 46 0
1168856 6 46 0
1168914 6 46 2
1168922 6 46 2
1168954 6 47 0
1168954 6 47 0
1169020 6 47 2
1169028 6 47 2
1169172 6 12 0
1169172 6 12 0
1169214 6 12 2
1169222 6 12 2
1169706 6 1 0
1169706 6 1 0
1169764 6 1 2
1169772 6 1 2
1170220 6 46 0
1170220 6 46 0
1170278 6 46 2
1170286 6 46 2
1170318 6 47 0
1170318 6 47 0
1170384 6 47 2
1170392 6 47 2
1170536 6 12 0
1170536 6 12 0
1170578 6 12 2
1170590 6 12 2
1171074 6 1 0
1171074 6 1 0
1171132 6 1 2
1171139 6 1 2
1171587 6 46 0
1171587 6 46 0
1171645 6 46 2
1171653 6 46 2
1171685 6 47 0
1171685 6 47 0
1171751 6 47 2
1171759 6 47 2
1171903 6 12 0
1171903 6 12 0
1171945 6 12 2
1171952 6 12 2
1172436 6 1 0
1172436 6 1 0
1172494 6 1 2
1172502 6 1 2
1172950 6 46 0
1172950 6 46 0
1173008 6 46 2
1173016 6 46 2
1173048 6 47 0
1173048 6 47 0
1173114 6 47 2
1173122 6 47 2
1173266 6 12 0
1173266 6 12 0
1173308 6 12 2
1173316 6 12 2
1173800 6 1 0
1173800 6 1 0
1173858 6 1 2
1173866 6 1 2
1174314 6 46 0
1174314 6 46 0
1174372 6 46 2
1174380 6 46 2
1174412 6 47 0
1174412 6 47 0
1174478 6 47 2
1174486 6 47 2
1174630 6 12 0
1174630 6 12 0
1174672 6 12 2
1174679 6 12 2
1175163 6 1 0
1175163 6 1 0
1175221 6 1 2
1175277 6 1 2
1175725 6 46 0
1175725 6 46 0
1175791 6 46 2
1175797 6 46 2
1175823 6 47 0
1175823 6 47 0
1175889 6 47 2
1175898 6 47 2
1176042 6 12 0
1176042 6 12 0
1176084 6 12 2
1176091 6 12 2
1176575 6 1 0
1176575 6 1 0
1176633 6 1 2
1176690 6 1 2
1177138 6 46 0
1177138 6 46 0
1177197 6 46 2
1177205 6 46 2
1177237 6 47 0
1177237 6 47 0
1177303 6 47 2
1177311 6 47 2
1177455 6 12 0
1177455 6 12 0
1177497 6 12 2
1177504 6 12 2
1177988 6 1 0
1177988 6 1 0
1178046 6 1 2
1178111 6 1 2
1178559 6 46 0
1178559 6 46 0
1178617 6 46 2
1178625 6 46 2
1178657 6 47 0
1178657 6 47 0
1178723 6 47 2
1178731 6 47 2
1178875 6 12 0
1178875 6 12 0
1178919 6 12 2
1178927 6 12 2
1179411 6 1 0
1179411 6 1 0
1179469 6 1 2
1179477 6 1 2
1179909 6 12 0
1179909 6 12 0
1179951 6 12 2
1179959 6 12 2
1179975 6 46 0
1179975 6 46 0
1180033 6 46 2
1180041 6 46 2
1180073 6 47 0
1180073 6 47 0
1180139 6 47 2
1180147 6 47 2
1180291 6 12 0
1180291 6 12 0
1180333 6 12 2
1180341 6 12 2
1180825 6 1 0
1180825 6 1 0
1180883 6 1 2
1180891 6 1 2
1181339 6 46 0
1181339 6 46 0
1181397 6 46 2
1181405 6 46 2
1181437 6 47 0
1181437 6 47 0
1181503 6 47 2
1181511 6 47 2
1181655 6 12 0
1181655 6 12 0
1181697 6 12 2
1181705 6 12 2
1182189 6 1 0
1182189 6 1 0
1182247 6 1 2
1182255 6 1 2
1182703 6 46 0
1182703 6 46 0
1182761 6 46 2
1182769 6 46 2
1182801 6 47 0
1182801 6 47 0
1182867 6 47 2
1182875 6 47 2
1183019 6 12 0
1183019 6 12 0
1183061 6 12 2
1183068 6 12 2
1183552 6 1 0
1183552 6 1 0
1183610 6 1 2
1183667 6 1 2
1184115 6 46 0
1184115 6 46 0
1184173 6 46 2
1184181 6 46 2
1184213 6 47 0
1184213 6 47 0
1184279 6 47 2
1184287 6 47 2
1184431 6 12 0
1184431 6 12 0
1184473 6 12 2
1184480 6 12 2
1184964 6 1 0
1184964 6 1 0
1185022 6 1 2
1185030 6 1 2
1185478 6 46 0
1185478 6 46 0
1185536 6 46 2
1185544 6 46 2
1185576 6 47 0
1185576 6 47 0
1185642 6 47 2
1185651 6 47 2
1185795 6 12 0
1185795 6 12 0
1185838 6 12 2
1185887 6 12 2
1186371 6 1 0
1186371 6 1 0
1186429 6 1 2
1186486 6 1 2
1186934 6 46 0
1186934 6 46 0
1186993 6 46 2
1187010 6 46 2
1187042 6 47 0
1187042 6 47 0
1187148 6 47 2
1187156 6 47 2
1187300 6 12 0
1187300 6 12 0
1187342 6 12 2
1187350 6 12 2
1187834 6 1 0
1187834 6 1 0
1187892 6 1 2
1187900 6 1 2
1188348 6 46 0
1188348 6 46 0
1188406 6 46 2
1188414 6 46 2
1188446 6 47 0
1188446 6 47 0
1188542 6 47 2
1188560 6 47 2
1188704 6 12 0
1188704 6 12 0
1188746 6 12 2
1188755 6 12 2
1189239 6 1 0
1189239 6 1 0
1189297 6 1 2
1189305 6 1 2
1189753 6 46 0
1189753 6 46 0
1189811 6 46 2
1189819 6 46 2
1189851 6 47 0
1189851 6 47 0
1189948 6 47 2
1189957 6 47 2
1190101 6 12 0
1190101 6 12 0
1190143 6 12 2
1190151 6 12 2
1190635 6 1 0
1190635 6 1 0
1190693 6 1 2
1190701 6 1 2
1191133 6 13 0
1191233 6 13 2
1191249 6 46 0
1191249 6 46 0
1191317 6 46 2
1191331 6 46 2
1191363 6 47 0
1191363 6 47 0
1191459 6 47 2
1191469 6 47 2
1191613 6 12 0
1191613 6 12 0
1191655 6 12 2
1191667 6 12 2
1192151 6 1 0
1192151 6 1 0
1192209 6 1 2
1192216 6 1 2
1192664 6 46 0
1192664 6 46 0
1192723 6 46 2
1192729 6 46 2
1192761 6 47 0
1192761 6 47 0
1192857 6 47 2
1192910 6 47 2
1193054 6 12 0
1193054 6 12 0
1193096 6 12 2
1193104 6 12 2
1193588 6 1 0
1193588 6 1 0
1193646 6 1 2
1193654 6 1 2
1194102 6 46 0
1194102 6 46 0
1194160 6 46 2
1194169 6 46 2
1194201 6 47 0
1194201 6 47 0
1194277 6 47 2
1194294 6 47 2
1194438 6 12 0
1194438 6 12 0
1194481 6 12 2
1194494 6 12 2
1194978 6 1 0
1194978 6 1 0
1195036 6 1 2
1195044 6 1 2
1195492 6 46 0
1195492 6 46 0
1195551 6 46 2
1195557 6 46 2
1195589 6 47 0
1195589 6 47 0
1195675 6 47 2
1195682 6 47 2
1195826 6 12 0
1195826 6 12 0
1195868 6 12 2
1195876 6 12 2
1196360 6 1 0
1196360 6 1 0
1196418 6 1 2
1196521 6 1 2
1196969 6 46 0
1196969 6 46 0
1197027 6 46 2
1197037 6 46 2
1197069 6 47 0
1197069 6 47 0
1197165 6 47 2
1197183 6 47 2
1197327 6 12 0
1197327 6 12 0
1197369 6 12 2
1197377 6 12 2
1197861 6 1 0
1197861 6 1 0
1197919 6 1 2
1198000 6 1 2
1198448 6 46 0
1198448 6 46 0
1198506 6 46 2
1198514 6 46 2
1198546 6 47 0
1198546 6 47 0
1198623 6 47 2
1198640 6 47 2
1198784 6 12 0
1198784 6 12 0
1198826 6 12 2
1198834 6 12 2
1199318 6 1 0
1199318 6 1 0
1199376 6 1 2
1199383 6 1 2
1199831 6 46 0
1199831 6 46 0
1199889 6 46 2
1199902 6 46 2
1199934 6 47 0
1199934 6 47 0
1200020 6 47 2
1200037 6 47 2
1200181 6 12 0
1200181 6 12 0
1200223 6 12 2
1200231 6 12 2
1200715 6 1 0
1200715 6 1 0
1200773 6 1 2
1200854 6 1 2
1201302 6 46 0
1201302 6 46 0
1201364 6 46 2
1201366 6 46 2
1201398 6 47 0
1201398 6 47 0
1201484 6 47 2
1201492 6 47 2
1201636 6 12 0
1201636 6 12 0
1201678 6 12 2
1201686 6 12 2
1202170 6 1 0
1202170 6 1 0
1202228 6 1 2
1202236 6 1 2
1202668 6 14 0
1202802 6 14 2
1202818 6 46 0
1202818 6 46 0
1202876 6 46 2
1202884 6 46 2
1202916 6 47 0
1202916 6 47 0
1203002 6 47 2
1203020 6 47 2
1203164 6 12 0
1203164 6 12 0
1203206 6 12 2
1203214 6 12 2
1203698 6 1 0
1203698 6 1 0
1203756 6 1 2
1203764 6 1 2
1204212 6 46 0
1204212 6 46 0
1204270 6 46 2
1204278 6 46 2
1204310 6 47 0
1204310 6 47 0
1204396 6 47 2
1204415 6 47 2
1204559 6 12 0
1204559 6 12 0
1204601 6 12 2
1204612 6 12 2
1205096 6 1 0
1205096 6 1 0
1205154 6 1 2
1205162 6 1 2
1205610 6 46 0
1205610 6 46 0
1205668 6 46 2
1205676 6 46 2
1205708 6 47 0
1205708 6 47 0
1205794 6 47 2
1205801 6 47 2
1205945 6 12 0
1205945 6 12 0
1205987 6 12 2
1205995 6 12 2
1206479 6 1 0
1206479 6 1 0
1206537 6 1 2
1206545 6 1 2
1206993 6 46 0
1206993 6 46 0
1207051 6 46 2
1207060 6 46 2
1207092 6 47 0
1207092 6 47 0
1207188 6 47 2
1207205 6 47 2
1207349 6 12 0
1207349 6 12 0
1207391 6 12 2
1207399 6 12 2
1207883 6 1 0
1207883 6 1 0
1207941 6 1 2
1207949 6 1 2
1208397 6 46 0
1208397 6 46 0
1208455 6 46 2
1208463 6 46 2
1208495 6 47 0
1208495 6 47 0
1208581 6 47 2
1208599 6 47 2
1208743 6 12 0
1208743 6 12 0
1208785 6 12 2
1208793 6 12 2
1209277 6 1 0
1209277 6 1 0
1209335 6 1 2
1209343 6 1 2
1209791 6 46 0
1209791 6 46 0
1209849 6 46 2
1209857 6 46 2
1209889 6 47 0
1209889 6 47 0
1209985 6 47 2
1209993 6 47 2
1210137 6 12 0
1210137 6 12 0
1210179 6 12 2
1210186 6 12 2
1210670 6 1 0
1210670 6 1 0
1210728 6 1 2
1210736 6 1 2
1211184 6 46 0
1211184 6 46 0
1211242 6 46 2
1211249 6 46 2
1211281 6 47 0
1211281 6 47 0
1211379 6 47 2
1211387 6 47 2
1211531 6 12 0
1211531 6 12 0
1211573 6 12 2
1211580 6 12 2
1212064 6 1 0
1212064 6 1 0
1212122 6 1 2
1212130 6 1 2
1212578 6 46 0
1212578 6 46 0
1212636 6 46 2
1212643 6 46 2
1212675 6 47 0
1212675 6 47 0
1212771 6 47 2
1212789 6 47 2
1212933 6 12 0
1212933 6 12 0
1212975 6 12 2
1212983 6 12 2
1213371 6 1 0
1213371 6 1 0
1213429 6 1 2
1213440 6 1 2
1213888 6 46 0
1213888 6 46 0
1214016 6 46 2
1214034 6 46 2
1214066 6 47 0
1214066 6 47 0
1214162 6 47 2
1214181 6 47 2
1214325 6 12 0
1214325 6 12 0
1214367 6 12 2
1214375 6 12 2
1214859 6 1 0
1214859 6 1 0
1214917 6 1 2
1214925 6 1 2
1215373 6 46 0
1215373 6 46 0
1215431 6 46 2
1215439 6 46 2
1215471 6 47 0
1215471 6 47 0
1215558 6 47 2
1215574 6 47 2
1215718 6 12 0
1215718 6 12 0
1215760 6 12 2
1215768 6 12 2
1216252 6 1 0
1216252 6 1 0
1216310 6 1 2
1216327 6 1 2
1216775 6 46 0
1216775 6 46 0
1216843 6 46 2
1216861 6 46 2
1216893 6 47 0
1216893 6 47 0
1216989 6 47 2
1217007 6 47 2
1217151 6 5 0
1217218 6 5 2
1217226 6 61 0
1217226 6 61 0
1217338 6 61 2
1217399 6 61 2
1217407 6 29 0
1217662 6 29 2
1217678 6 62 0
1217678 6 62 0
1217772 6 62 2
1217780 6 62 2
1218056 6 63 0
1218056 6 63 0
1218178 6 63 2
1218247 6 63 2
1218671 6 12 0
1218671 6 12 0
1218713 6 12 2
1218755 6 12 2
1219195 6 11 0
1219285 6 11 2
1219497 6 1 0
1219497 6 1 0
1219555 6 1 2
1219572 6 1 2
1220020 6 46 0
1220020 6 46 0
1220078 6 46 2
1220103 6 46 2
1220135 6 47 0
1220135 6 47 0
1220201 6 47 2
1220226 6 47 2
1220370 6 12 0
1220370 6 12 0
1220412 6 12 2
1220431 6 12 2
1220915 6 1 0
1220915 6 1 0
1220974 6 1 2
1220979 6 1 2
1221334 6 7 2
1221427 6 46 0
1221427 6 46 0
1221485 6 46 2
1221493 6 46 2
1221525 6 47 0
1221525 6 47 0
1221591 6 47 2
1221676 6 47 2
1221820 6 12 0
1221820 6 12 0
1221862 6 12 2
1221870 6 12 2
1222354 6 1 0
1222354 6 1 0
1222412 6 1 2
1222420 6 1 2
1222868 6 46 0
1222868 6 46 0
1222926 6 46 2
1222990 6 46 2
1223022 6 47 0
1223022 6 47 0
1223088 6 47 2
1223153 6 47 2
1223297 6 12 0
1223297 6 12 0
1223339 6 12 2
1223388 6 12 2
1223864 6 9 0
1223964 6 9 2
1224088 6 55 0
1224202 6 55 2
1224206 6 1 0
1224206 6 1 0
1224264 6 1 2
1224291 6 1 2
1224315 6 56 0
1224452 6 56 2
1224490 6 4 2
1224492 6 45 0
1224590 6 45 2
1224646 6 46 0
1224741 6 9 2
1224744 6 46 2
1224760 6 1 0
1224872 6 1 2
1224932 6 63 0
1225183 6 63 2
1225191 6 47 0
1225299 6 47 2
1225403 6 62 0
1225403 6 62 0
1225477 6 62 2
1225485 6 62 2
1225781 6 3 0
1229595 6 3 2
1229603 6 19 0
1229649 6 18 2
1229677 6 19 2
1229681 6 3 0
1234807 6 3 2
1235088 6 60 2
1235095 6 3 0
1239929 6 3 2
1240270 6 7 2
1240277 6 3 0
1247503 6 3 2
1991551 6 1 0
1994096 6 1 2
1994492 6 36 0
1994492 6 36 0
1994840 6 36 2
1994884 6 37 0
1994884 6 37 0
1995052 6 37 2
1995055 6 37 2
1995187 6 8 0
1995187 6 8 0
1995261 6 8 2
1995269 6 8 2
1995317 6 0 0
1995317 6 0 0
1995383 6 0 2
1995391 6 0 2
1995479 6 36 0
1995545 6 36 2
1995878 6 36 2
1995879 6 36 0
1996594 6 36 2
1996626 6 38 0
1996626 6 38 0
1996684 6 38 2
1996696 6 38 2
1996844 6 54 0
1996844 6 54 0
1996911 6 54 2
1996929 6 54 2
1996989 6 37 0
1996989 6 37 0
1997048 6 37 2
1997063 6 37 2
1998051 6 47 0
1998051 6 47 0
1998117 6 47 2
1998134 6 47 2
1998158 6 11 0
1998158 6 11 0
1998208 6 11 2
1998217 6 11 2
1998345 6 1 0
1998345 6 1 0
1998405 6 1 2
1998522 6 1 2
1998710 6 4 2
1999046 6 14 0
1999171 6 4 2
1999190 6 14 2
1999202 6 15 0
1999202 6 15 0
1999236 6 15 2
1999277 6 15 2
1999309 6 4 2
1999365 6 38 0
1999365 6 38 0
1999415 6 38 2
2000293 6 38 2
2000305 6 0 2
2000449 6 46 0
2000449 6 46 0
2000507 6 46 2
2000566 6 46 2
2000576 6 5 2
2000610 6 12 0
2000659 6 12 2
2000667 6 0 0
2000667 6 0 0
2000734 6 0 2
2000820 6 0 2
2000896 6 7 0
2001314 6 7 2
2001386 6 47 0
2001459 6 47 2
2001475 6 12 0
2001560 6 12 2
2001596 6 47 0
2001672 6 47 2
2002420 6 54 0
2002420 6 54 0
2002486 6 54 2
2002494 6 54 2
2003142 6 58 0
2003142 6 58 0
2003248 6 58 2
2003295 6 58 2
2003375 6 59 0
2003375 6 59 0
2003473 6 59 2
2003490 6 59 2
2003501 6 5 2
2003550 6 38 0
2003550 6 38 0
2003600 6 38 2
2003608 6 38 2
2003656 6 5 2
2005922 6 3 2
2006405 6 3 2
2006543 6 3 2
2968834 6 38 0
2968834 6 38 0
2969356 6 38 2
2971158 6 38 2
2973142 6 38 0
2973142 6 38 0
2973193 6 38 2
2973519 6 38 2
2974306 6 0 2
2974467 6 7 0
2975063 6 7 2
2976311 6 38 0
2976311 6 38 0
2976361 6 38 2
2976369 6 38 2
3945383 6 38 0
3945383 6 38 0
3945548 6 38 2
3946754 6 38 2
3947532 6 38 0
3947532 6 38 0
3947582 6 38 2
3948740 6 38 2
3950936 6 38 0
3950936 6 38 0
3950993 6 38 2
3951006 6 38 2
4921956 6 38 0
4921956 6 38 0
4922016 6 38 2
4923465 6 38 2
4925449 6 38 0
4925449 6 38 0
4925499 6 38 2
4927506 6 0 2
4928646 6 38 2
4928930 6 7 0
4930900 6 7 2
4932812 6 38 0
4932812 6 38 0
4932863 6 38 2
4932868 6 38 2
4967714 6 50 2
4967869 6 50 2
4968128 6 50 2
5898534 6 38 0
5898534 6 38 0
5898954 6 38 2
5899544 6 38 2
5901528 6 38 0
5901528 6 38 0
5901578 6 38 2
5901656 6 38 2
5901812 6 46 0
5901878 6 46 2
5901922 6 12 0
5901971 6 12 2
5902127 6 47 0
5902200 6 47 2
5904040 6 38 0
5904040 6 38 0
5904091 6 38 2
5904103 6 38 2
5922801 6 63 2
5922932 6 63 2
5923191 6 63 2
