0 59 51 0
333 59 63 1
505 59 51 2
509 59 22 0
520 59 2 2
609 59 63 2
1437 59 22 2
1449 59 1 0
1613 59 63 1
1800 59 2 2
1868 59 1 2
1888 59 24 0
1889 59 63 2
2038 59 24 2
8434 59 63 1
8620 59 2 2
8709 59 63 2
11226 59 63 1
11420 59 2 2
11509 59 63 2
37948 59 4 0
39895 59 4 2
39947 59 44 0
41413 59 44 2
41425 59 5 0
41541 59 5 2
41553 59 45 0
41904 59 45 2
41972 59 24 0
42134 59 24 2
42166 59 25 0
42289 59 25 2
42297 59 26 0
42403 59 26 2
42443 59 27 0
42557 59 27 2
42577 59 33 0
42954 59 33 2
42974 59 35 0
43081 59 35 2
43089 59 41 0
43880 59 41 2
43896 59 42 0
44206 59 42 2
44238 59 1 0
44352 59 1 2
44388 59 36 0
44491 59 36 2
44503 59 43 0
45024 59 43 2
45040 59 17 0
45184 59 17 2
45276 59 27 0
45374 59 27 2
45378 59 37 0
45534 59 37 2
45546 59 17 0
45690 59 17 2
45698 59 15 0
45959 59 15 2
45999 59 16 0
46703 59 63 1
46921 59 2 2
47011 59 63 2
47180 59 16 2
47220 59 18 0
47325 59 18 2
47349 59 61 0
47684 59 61 2
47696 59 54 0
47840 59 54 2
47860 59 14 0
48209 59 14 2
48217 59 19 0
48321 59 19 2
48325 59 35 0
48910 59 35 2
48926 59 53 0
49032 59 57 2
49174 59 56 2
49546 59 53 2
49586 59 33 0
49709 59 33 2
49721 59 36 0
49728 59 60 2
49823 59 36 2
49843 59 40 0
50107 59 58 2
50122 59 40 2
50146 59 37 0
50229 59 63 2
50267 59 37 2
50371 59 38 0
50506 59 38 2
50510 59 20 0
50820 59 20 2
50844 59 8 0
50971 59 8 2
50979 59 29 0
51088 59 29 2
51128 59 0 0
51328 59 0 2
51340 59 38 0
51944 59 38 2
51945 59 61 2
51960 59 39 0
52672 59 39 2
52676 59 39 0
52945 59 62 2
53232 59 39 2
53288 59 36 0
53387 59 36 2
53419 59 38 0
53555 59 38 2
53571 59 51 0
53820 59 51 2
53876 59 37 0
54152 59 37 2
54160 59 52 0
54269 59 52 2
54305 59 45 0
54573 59 45 2
54593 59 53 0
55149 59 53 2
55173 59 54 0
55269 59 63 1
55352 59 54 2
55368 59 11 0
55490 59 34 2
55547 59 63 2
55754 59 11 2
55766 59 56 0
56122 59 56 2
56126 59 12 0
56408 59 12 2
56416 59 57 0
56641 59 57 2
56645 59 2 0
57003 59 2 2
57055 59 37 0
57169 59 37 2
57185 59 40 0
57417 59 40 2
57473 59 58 0
57611 59 58 2
57671 59 35 0
57769 59 35 2
57773 59 50 0
58319 59 50 2
58339 59 62 0
58473 59 62 2
58501 59 38 0
58937 59 38 2
59009 59 63 0
59232 59 63 2
59272 59 12 0
59558 59 12 2
59582 59 2 0
59691 59 2 2
59715 59 13 0
59982 59 13 2
60078 59 3 0
60178 59 3 2
60218 59 23 0
60340 59 23 2
60356 59 24 0
60618 59 24 2
60726 59 30 0
61065 59 30 2
61073 59 25 0
61205 59 25 2
61233 59 26 0
61339 59 26 2
61419 59 0 0
61543 59 0 2
61551 59 3 0
61689 59 3 2
61733 59 4 0
61833 59 4 2
61929 59 5 0
62134 59 63 1
62150 59 5 2
62190 59 15 0
62340 59 24 2
62421 59 63 2
63265 59 15 2
63273 59 14 0
63629 59 14 2
63641 59 50 0
63836 59 50 2
63864 59 6 0
63988 59 6 2
64008 59 4 0
64109 59 4 2
64117 59 8 0
64434 59 8 2
64438 59 47 0
64846 59 47 2
64854 59 49 0
65499 59 49 2
65515 59 11 0
65614 59 11 2
65650 59 5 0
65763 59 5 2
65787 59 37 0
66066 59 37 2
66130 59 4 0
66233 59 4 2
66237 59 1 0
66364 59 1 2
66392 59 27 0
66548 59 27 2
66556 59 2 0
66856 59 2 2
66868 59 11 0
67050 59 11 2
67058 59 7 0
67875 59 7 2
67895 59 3 0
68026 59 3 2
68134 59 6 0
68626 59 6 2
68646 59 9 0
69153 59 9 2
69325 59 8 0
69558 59 8 2
69570 59 11 0
69815 59 11 2
69835 59 12 0
69941 59 12 2
69965 59 16 0
70532 59 16 2
70540 59 13 0
70645 59 13 2
70693 59 2 0
70798 59 2 2
70830 59 40 0
71783 59 40 2
71787 59 25 0
71903 59 25 2
71919 59 31 0
72058 59 31 2
72094 59 33 0
72669 59 33 2
72673 59 36 0
72805 59 36 2
72813 59 4 0
72924 59 4 2
73016 59 5 0
73134 59 5 2
73166 59 34 0
73447 59 34 2
73467 59 35 0
73664 59 35 2
73688 59 32 0
74161 59 32 2
74229 59 17 0
74533 59 17 2
74829 59 38 0
74829 59 38 0
74895 59 38 2
74956 59 38 2
74964 59 27 0
75065 59 27 2
75085 59 35 0
75175 59 35 2
75231 59 28 0
75332 59 28 2
75400 59 3 0
75490 59 3 2
75494 59 46 0
76239 59 46 2
76259 59 4 0
76356 59 4 2
76388 59 0 0
76524 59 0 2
76528 59 29 0
76654 59 29 2
76798 59 47 0
77051 59 47 2
77123 59 30 0
77276 59 30 2
77628 59 31 0
77764 59 31 2
77768 59 44 0
77868 59 44 2
77876 59 43 0
78355 59 43 2
78487 59 32 0
78909 59 32 2
78981 59 33 0
79197 59 33 2
79245 59 33 0
79409 59 33 2
79417 59 27 0
79516 59 27 2
79620 59 54 0
79796 59 54 2
79808 59 28 0
79916 59 28 2
79932 59 46 0
80358 59 46 2
80366 59 56 0
82943 59 56 2
82959 59 47 0
83008 59 63 1
83200 59 4 2
83282 59 47 2
83289 59 63 2
83292 59 4 0
83382 59 41 0
83409 59 4 0
83496 59 41 2
83516 59 4 0
83544 59 61 0
83630 59 4 0
83655 59 61 2
83659 59 39 0
83748 59 4 0
83791 59 39 2
83803 59 7 0
83868 59 4 0
83986 59 7 2
83991 59 4 0
84046 59 8 0
84130 59 4 0
84167 59 8 2
84199 59 63 0
84293 59 4 0
84415 59 4 0
84471 59 63 2
84514 59 4 0
84579 59 0 0
84626 59 4 0
84702 59 0 2
84730 59 57 0
84745 59 4 0
84845 59 57 2
84859 59 4 0
84913 59 58 0
84982 59 4 0
85043 59 58 2
85083 59 4 0
85127 59 46 0
85227 59 4 0
85246 59 46 2
85258 59 59 0
85357 59 4 0
85446 59 59 2
85458 59 4 0
85478 59 32 0
85591 59 4 0
85692 59 4 0
85760 59 32 2
85768 59 50 0
85806 59 4 0
85930 59 4 0
85944 59 50 2
86020 59 60 0
86037 59 4 0
86161 59 4 0
86347 59 4 0
86353 59 60 2
86361 59 62 0
86471 59 4 0
86585 59 4 0
86713 59 4 0
86813 59 4 0
86926 59 4 0
86943 59 62 2
86947 59 3 0
87036 59 4 0
87052 59 3 2
87064 59 5 0
87140 59 4 0
87169 59 5 2
87197 59 17 0
87265 59 4 0
87383 59 4 0
87450 59 17 2
87470 59 6 0
87510 59 4 0
87638 59 6 2
87681 59 4 0
87730 59 11 0
87812 59 4 0
87949 59 4 0
88077 59 4 0
88215 59 4 0
88303 59 11 2
88311 59 10 0
88361 59 4 0
88439 59 10 2
88459 59 11 0
88580 59 11 2
88588 59 6 0
88593 59 4 0
88701 59 6 2
88725 59 4 0
88737 59 36 0
88846 59 4 0
88950 59 4 0
89072 59 4 0
89198 59 4 0
89340 59 36 2
89366 59 4 0
89400 59 12 0
89494 59 4 0
89518 59 12 2
89526 59 0 0
89613 59 4 0
89746 59 4 0
89754 59 0 2
89876 59 4 0
89878 59 15 0
89991 59 2 0
90000 59 4 0
90011 59 15 2
90119 59 4 0
90131 59 7 0
90252 59 4 0
90293 59 7 2
90309 59 0 0
90381 59 4 0
90516 59 4 0
90637 59 4 0
90772 59 4 0
90829 59 0 2
90897 59 4 0
90977 59 9 0
91009 59 4 0
91145 59 9 2
91177 59 8 0
91499 59 8 2
91527 59 55 0
91943 59 55 2
92051 59 14 0
92164 59 14 2
92480 59 29 0
92597 59 29 2
92637 59 30 0
92752 59 30 2
92796 59 17 0
93200 59 17 2
93256 59 18 0
93289 59 0 2
93385 59 18 2
93433 59 19 0
93571 59 19 2
93607 59 21 0
93983 59 21 2
94015 59 22 0
94179 59 22 2
94335 59 4 0
94436 59 4 2
94464 59 18 0
95216 59 18 2
95388 59 61 0
95514 59 61 2
95586 59 54 0
95859 59 54 2
95891 59 55 0
96133 59 55 2
96361 59 40 0
96555 59 40 2
96583 59 49 0
96777 59 49 2
96789 59 51 0
96953 59 51 2
96973 59 37 0
97016 59 63 1
97101 59 63 1
97103 59 37 2
97107 59 20 0
97196 59 63 1
97205 59 20 2
97221 59 3 0
97241 59 5 2
97338 59 63 2
97351 59 38 2
97368 59 63 1
97425 59 63 2
97453 59 63 1
97471 59 40 2
97537 59 63 2
97581 59 13 2
97592 59 3 2
97636 59 63 1
97670 59 63 2
97684 59 21 0
97701 59 37 2
97767 59 63 2
97790 59 21 2
97798 59 56 0
97831 59 33 2
97880 59 63 1
97899 59 63 2
97911 59 63 1
97933 59 63 1
98071 59 12 2
98078 59 63 1
98154 59 63 2
98180 59 4 2
98269 59 63 2
98270 59 4 0
98274 59 63 1
98291 59 58 2
98325 59 63 2
98381 59 4 0
98401 59 53 2
98452 59 63 2
98494 59 63 1
98503 59 4 0
98511 59 46 2
98577 59 63 2
98620 59 63 1
98621 59 56 2
98627 59 4 0
98641 59 57 0
98681 59 19 2
98714 59 63 1
98743 59 4 0
98746 59 63 2
98765 59 57 2
98811 59 39 2
98853 59 58 0
98857 59 4 0
98893 59 63 1
98895 59 63 2
98921 59 25 2
98968 59 4 0
98983 59 63 1
98995 59 63 2
99029 59 58 2
99085 59 4 0
99102 59 63 1
99109 59 59 0
99196 59 63 1
99200 59 4 0
99201 59 16 2
99291 59 63 2
99311 59 32 2
99318 59 4 0
99359 59 63 1
99386 59 63 2
99407 59 59 2
99420 59 4 0
99421 59 63 1
99421 59 17 2
99431 59 63 0
99504 59 63 2
99524 59 4 0
99531 59 36 2
99554 59 63 1
99556 59 63 2
99589 59 63 2
99625 59 4 0
99640 59 33 0
99641 59 8 2
99658 59 63 1
99735 59 4 0
99739 59 63 2
99751 59 52 2
99794 59 63 2
99804 59 33 2
99846 59 63 1
99860 59 4 0
99861 59 55 2
99927 59 63 2
99962 59 4 0
99981 59 41 2
100039 59 63 2
100077 59 4 0
100091 59 45 2
100120 59 63 1
100149 59 63 2
100190 59 4 0
100230 59 63 1
100300 59 63 1
100311 59 3 2
100312 59 4 0
100392 59 63 2
100418 59 63 1
100419 59 4 0
100421 59 30 2
100503 59 63 2
100531 59 61 2
100536 59 63 1
100537 59 4 0
100573 59 63 2
100630 59 63 1
100641 59 48 2
100646 59 4 0
100699 59 63 2
100739 59 63 1
100751 59 63 2
100756 59 4 0
100809 59 63 2
100861 59 42 2
100867 59 63 1
100879 59 4 0
100911 59 63 2
100960 59 63 1
100971 59 43 2
101002 59 4 0
101013 59 63 2
101078 59 63 1
101081 59 27 2
101125 59 4 0
101139 59 63 2
101191 59 56 2
101226 59 4 0
101241 59 63 2
101301 59 62 2
101328 59 4 0
101351 59 63 2
101434 59 4 0
106192 59 4 0
109340 59 63 1
109551 59 2 2
109641 59 63 2
197339 59 4 0
197826 59 4 0
198471 59 4 0
198617 59 4 0
198748 59 4 0
198958 59 4 0
199366 59 4 0
199528 59 4 0
199706 59 4 0
199831 59 4 0
199938 59 4 0
200121 59 4 0
200248 59 4 0
200379 59 4 0
200509 59 4 0
200634 59 4 0
200770 59 4 0
200901 59 4 0
201025 59 4 0
201333 59 4 0
201465 59 4 0
201585 59 4 0
201702 59 4 0
201854 59 4 0
201973 59 4 0
202134 59 4 0
202281 59 4 0
202404 59 4 0
202529 59 4 0
203142 59 4 0
203471 59 4 0
203601 59 4 0
209145 59 4 0
209146 59 2 0
212343 59 63 1
212532 59 2 2
212621 59 63 2
235635 59 63 1
235822 59 0 2
235927 59 63 2
244997 59 4 0
248271 59 63 1
248462 59 0 2
248567 59 63 2
281111 59 63 1
281313 59 0 2
281419 59 63 2
285401 59 63 1
285592 59 2 2
285681 59 63 2
315315 59 2 0
315316 59 63 1
315502 59 2 2
315591 59 63 2
336863 59 63 1
337053 59 2 2
337143 59 63 2
353421 59 63 1
353612 59 2 2
353701 59 63 2
529818 59 63 1
530013 59 2 2
530102 59 63 2
568227 59 2 0
568228 59 63 1
568423 59 2 2
568512 59 63 2
593120 59 63 1
593315 59 2 2
593404 59 63 2
707088 59 2 0
707089 59 63 1
707277 59 2 2
707367 59 63 2
1015698 59 38 0
1015698 59 38 0
1015897 59 2 0
1015898 59 2 2
1016291 59 38 2
1017014 59 38 2
1017743 59 7 0
1018025 59 7 2
1019101 59 38 0
1019101 59 38 0
1019424 59 38 2
1021157 59 38 2
1022628 59 56 0
1022926 59 56 2
1023502 59 57 0
1023877 59 57 2
1024317 59 63 1
1024453 59 58 0
1024509 59 54 2
1024567 59 63 2
1024593 59 63 1
1024723 59 63 1
1024729 59 58 2
1024789 59 50 2
1024831 59 63 2
1024919 59 51 2
1024925 59 63 1
1024953 59 63 2
1025119 59 28 2
1025159 59 63 1
1025185 59 63 2
1025252 59 63 1
1025305 59 59 0
1025314 59 63 1
1025349 59 22 2
1025440 59 63 2
1025449 59 63 1
1025459 59 20 2
1025533 59 63 2
1025559 59 63 1
1025569 59 59 2
1025585 59 59 2
1025594 59 63 2
1025679 59 35 2
1025729 59 63 2
1025755 59 63 1
1025789 59 44 2
1025833 59 63 1
1025838 59 63 2
1025926 59 63 1
1025949 59 6 2
1026045 59 63 1
1026056 59 63 2
1026059 59 24 2
1026123 59 63 1
1026141 59 63 2
1026161 59 60 0
1026169 59 26 2
1026235 59 63 2
1026289 59 63 1
1026299 59 18 2
1026359 59 63 1
1026373 59 63 2
1026409 59 57 2
1026451 59 63 2
1026505 59 60 2
1026519 59 63 1
1026519 59 4 2
1026610 59 63 2
1026629 59 63 1
1026629 59 34 2
1026688 59 63 2
1026739 59 63 1
1026739 59 14 2
1026833 59 63 1
1026838 59 63 2
1026849 59 31 2
1026911 59 63 1
1026939 59 63 2
1026959 59 1 2
1027053 59 63 1
1027058 59 63 2
1027079 59 47 2
1027081 59 61 0
1027123 59 63 1
1027153 59 63 2
1027199 59 49 2
1027249 59 63 2
1027319 59 11 2
1027333 59 63 1
1027392 59 63 2
1027392 59 61 2
1027429 59 60 2
1027463 59 63 2
1027537 59 63 1
1027539 59 10 2
1027621 59 63 2
1027630 59 63 1
1027739 59 23 2
1027741 59 63 1
1027838 59 63 2
1027849 59 9 2
1027939 59 63 2
1027959 59 21 2
1027968 59 62 0
1028041 59 63 2
1028258 59 62 2
1028394 59 63 1
1028463 59 0 0
1028464 59 63 1
1028497 59 63 1
1028573 59 63 1
1028589 59 7 2
1028698 59 0 2
1028703 59 63 2
1028739 59 33 0
1028803 59 63 2
1028809 59 15 2
1028810 59 0 0
1028834 59 63 0
1028849 59 12 0
1028916 59 63 2
1028919 59 29 2
1028930 59 0 0
1028945 59 53 0
1028992 59 63 2
1029056 59 0 0
1029075 59 63 2
1029113 59 27 0
1029194 59 0 0
1029240 59 13 0
1029319 59 0 0
1029344 59 37 0
1029453 59 0 0
1029491 59 63 0
1029592 59 0 0
1029627 59 17 0
1029651 59 0 0
1029651 59 0 0
1029715 59 45 0
1029746 59 0 0
1029867 59 48 0
1029878 59 0 0
1029889 59 0 2
1029980 59 25 0
1029998 59 0 0
1030121 59 0 0
1030127 59 40 0
1030214 59 43 0
1030235 59 0 2
1030238 59 0 0
1030353 59 0 0
1030358 59 56 0
1030443 59 46 0
1030474 59 0 0
1030503 59 2 0
1030585 59 16 0
1030616 59 0 0
1030620 59 2 2
1030672 59 30 0
1030676 59 3 0
1030734 59 0 0
1030782 59 3 2
1030783 59 38 0
1030786 59 7 0
1030874 59 0 0
1030902 59 39 0
1031003 59 61 0
1031013 59 0 0
1031110 59 7 2
1031113 59 52 0
1031164 59 0 0
1031198 59 4 0
1031198 59 4 0
1031241 59 42 0
1031280 59 4 2
1031289 59 4 2
1031299 59 0 0
1031363 59 36 0
1031422 59 0 0
1031489 59 41 0
1031540 59 0 0
1031623 59 8 0
1031664 59 0 0
1031677 59 1 0
1031737 59 32 0
1031788 59 0 0
1031857 59 3 0
1031908 59 0 0
1031952 59 19 0
1031987 59 1 2
1032034 59 0 0
1032077 59 5 0
1032158 59 0 0
1032173 59 62 0
1032231 59 63 1
1032291 59 0 0
1032301 59 55 0
1032412 59 0 0
1032418 59 0 2
1032431 59 58 0
1032524 59 63 2
1032528 59 0 0
1032562 59 0 0
1032563 59 2 0
1032644 59 0 0
1032684 59 0 0
1032780 59 0 0
1032804 59 0 0
1032916 59 0 0
1032918 59 2 2
1033048 59 0 0
1033180 59 0 0
1033296 59 0 0
1033444 59 0 0
1033494 59 3 0
1033585 59 0 0
1033821 59 3 2
1033998 59 0 0
1034275 59 0 0
1034397 59 4 0
1034513 59 0 0
1034757 59 0 0
1035157 59 4 2
1035232 59 0 0
1035382 59 0 0
1035733 59 5 0
1035764 59 0 0
1035921 59 0 0
1036021 59 5 2
1036124 59 0 0
1036272 59 0 0
1036391 59 0 0
1036508 59 0 0
1036597 59 6 0
1036629 59 0 0
1036862 59 0 0
1036972 59 6 2
1037007 59 0 0
1037168 59 0 0
1037298 59 0 0
1037506 59 0 0
1037548 59 7 0
1037572 59 2 0
1037573 59 0 0
1037653 59 0 0
1037775 59 0 0
1037898 59 0 0
1037972 59 7 2
1038034 59 0 0
1038211 59 0 0
1038548 59 8 0
1038827 59 8 2
1039299 59 2 0
1039300 59 0 0
1039403 59 9 0
1039708 59 9 2
1040284 59 10 0
1040588 59 10 2
1041164 59 11 0
1041474 59 11 2
1042050 59 12 0
1042335 59 12 2
1042911 59 13 0
1043200 59 13 2
1043776 59 14 0
1044021 59 58 2
1044132 59 14 2
1044316 59 58 2
1044558 59 58 2
1044708 59 15 0
1044982 59 55 2
1045024 59 15 2
1045137 59 53 2
1045600 59 16 0
1045867 59 16 2
1046443 59 17 0
1046747 59 17 2
1047323 59 18 0
1047611 59 18 2
1048187 59 19 0
1048485 59 19 2
1049061 59 20 0
1049240 59 52 2
1049345 59 20 2
1049921 59 21 0
1050191 59 21 2
1050767 59 22 0
1051104 59 22 2
1051680 59 23 0
1051976 59 23 2
1052552 59 24 0
1052817 59 24 2
1053393 59 25 0
1053697 59 25 2
1053890 59 48 2
1054273 59 26 0
1054542 59 26 2
1055118 59 27 0
1055399 59 27 2
1055975 59 28 0
1056256 59 28 2
1056708 59 45 2
1056832 59 29 0
1057102 59 29 2
1057678 59 30 0
1057996 59 30 2
1058455 59 46 2
1058572 59 31 0
1058858 59 31 2
1059434 59 32 0
1059697 59 32 2
1059992 59 43 2
1060273 59 33 0
1060577 59 33 2
1061153 59 34 0
1061414 59 34 2
1061990 59 35 0
1062270 59 35 2
1062408 59 42 2
1062846 59 36 0
1063125 59 36 2
1063701 59 37 0
1063971 59 37 2
1064297 59 41 2
1064547 59 38 0
1064869 59 38 2
1065299 59 40 2
1065445 59 39 0
1065721 59 39 2
1066297 59 40 0
1066342 59 38 2
1066577 59 40 2
1067153 59 41 0
1067237 59 39 2
1067467 59 41 2
1068043 59 42 0
1068286 59 42 2
1068356 59 37 2
1068862 59 43 0
1069111 59 43 2
1069218 59 36 2
1069687 59 44 0
1069966 59 44 2
1070542 59 45 0
1070811 59 45 2
1071387 59 46 0
1071689 59 46 2
1072265 59 47 0
1072514 59 47 2
1073090 59 48 0
1073356 59 48 2
1073932 59 49 0
1074103 59 33 2
1074237 59 49 2
1074813 59 50 0
1075048 59 50 2
1075624 59 51 0
1075904 59 51 2
1076189 59 32 2
1076480 59 52 0
1076825 59 52 2
1077401 59 53 0
1077691 59 53 2
1078267 59 54 0
1078551 59 54 2
1079017 59 30 2
1081241 59 27 2
1084647 59 8 0
1084662 59 25 2
1084917 59 8 2
1095350 59 19 2
1098087 59 17 2
1101110 59 16 2
1101247 59 13 2
1101857 59 12 2
1113323 59 8 2
1119262 59 5 2
1119479 59 3 2
1121745 59 2 2
1122725 59 31 0
1122838 59 31 2
1122882 59 35 0
1123157 59 35 2
1123217 59 32 0
1123299 59 32 2
1123355 59 46 0
1123485 59 46 2
1123517 59 12 0
1123632 59 12 2
1123644 59 33 0
1123718 59 33 2
1123810 59 34 0
1123884 59 34 2
1123916 59 1 0
1124037 59 1 2
1124081 59 32 0
1124163 59 32 2
1124171 59 35 0
1124244 59 35 2
1124248 59 60 0
1124276 59 54 0
1124277 59 0 0
1124330 59 60 2
1124346 59 61 0
1124434 59 50 0
1124436 59 0 0
1124437 59 61 2
1124497 59 48 0
1124538 59 51 0
1124559 59 0 0
1124598 59 48 2
1124638 59 49 0
1124734 59 49 2
1124770 59 36 0
1124770 59 36 0
1124820 59 36 2
1124853 59 36 2
1124917 59 37 0
1124917 59 37 0
1124936 59 28 0
1124937 59 0 0
1124975 59 37 2
1125013 59 37 2
1125061 59 58 0
1125061 59 58 0
1125117 59 58 2
1125186 59 58 2
1125198 59 31 0
1125234 59 0 2
1125424 59 20 0
1125425 59 0 0
1125492 59 31 2
1125504 59 30 0
1125664 59 22 0
1125665 59 0 0
1125829 59 30 2
1125837 59 59 0
1125837 59 59 0
1125846 59 59 0
1125847 59 0 0
1125855 59 59 2
1125952 59 59 2
1125956 59 35 0
1125967 59 0 0
1126004 59 34 0
1126065 59 44 0
1126086 59 0 0
1126257 59 34 2
1126297 59 0 0
1126297 59 0 0
1126396 59 0 2
1126561 59 0 2
1126569 59 33 0
1126877 59 33 2
1126893 59 60 0
1126980 59 6 0
1126981 59 0 0
1126984 59 0 0
1127015 59 60 2
1127035 59 32 0
1127130 59 24 0
1127132 59 0 0
1127136 59 0 0
1127225 59 26 0
1127256 59 0 0
1127256 59 0 0
1127308 59 32 2
1127384 59 61 0
1127384 59 18 0
1127385 59 0 0
1127406 59 0 0
1127502 59 57 0
1127503 59 0 0
1127544 59 61 2
1127621 59 4 0
1127622 59 0 0
1127668 59 62 0
1127736 59 34 0
1127757 59 0 0
1127806 59 62 2
1127872 59 14 0
1127873 59 0 0
1127894 59 12 0
1127899 59 0 0
1127994 59 31 0
1128015 59 0 0
1128024 59 12 2
1128036 59 39 0
1128146 59 1 0
1128167 59 0 0
1128185 59 39 2
1128197 59 13 0
1128280 59 0 0
1128284 59 47 0
1128288 59 0 0
1128327 59 13 2
1128331 59 48 0
1128445 59 48 2
1128452 59 49 0
1128453 59 0 0
1128457 59 59 0
1128466 59 0 0
1128562 59 11 0
1128571 59 59 2
1128573 59 0 0
1128599 59 54 0
1128599 59 54 0
1128600 59 0 0
1128649 59 54 2
1128656 59 60 0
1128697 59 0 0
1128737 59 0 0
1128738 59 54 2
1128778 59 55 0
1128911 59 10 0
1128912 59 0 0
1128924 59 55 2
1128948 59 56 0
1129064 59 56 2
1129092 59 57 0
1129209 59 57 2
1129273 59 58 0
1129342 59 23 0
1129343 59 0 0
1129397 59 58 2
1129433 59 49 0
1129549 59 9 0
1129550 59 0 0
1129567 59 49 2
1129607 59 63 0
1129623 59 0 0
1129634 59 21 0
1129665 59 0 0
1129731 59 24 0
1129762 59 0 0
1129780 59 63 2
1129828 59 15 0
1129885 59 0 0
1129990 59 15 2
1130006 59 44 0
1130009 59 0 0
1130133 59 44 2
1130153 59 45 0
1130250 59 0 0
1130289 59 45 2
1130429 59 0 0
1130468 59 7 0
1130469 59 0 0
1130537 59 0 0
1130544 59 34 0
1130555 59 0 0
1130600 59 15 0
1130631 59 0 0
1130654 59 0 2
1130689 59 0 0
1130706 59 29 0
1130746 59 1 0
1130787 59 0 0
1130861 59 1 2
1130898 59 0 0
1130961 59 2 0
1131068 59 0 0
1131079 59 2 2
1131087 59 47 0
1131161 59 47 2
1131173 59 41 0
1131270 59 0 0
1131278 59 41 2
1131350 59 3 0
1131430 59 0 0
1131466 59 3 2
1131553 59 0 0
1131675 59 0 0
1131726 59 5 0
1131803 59 0 0
1131855 59 5 2
1131903 59 6 0
1132041 59 6 2
1132082 59 0 0
1132129 59 7 0
1132236 59 0 0
1132275 59 7 2
1132365 59 0 0
1132383 59 8 0
1132500 59 8 2
1132556 59 1 0
1132556 59 1 0
1132646 59 1 2
1132654 59 1 2
1133102 59 46 0
1133167 59 46 2
1133175 59 4 0
1133214 59 0 0
1133283 59 4 2
1133307 59 47 0
1133307 59 47 0
1133344 59 54 2
1133373 59 47 2
1133383 59 47 2
1133390 59 0 0
1133527 59 12 0
1133537 59 0 0
1133609 59 12 2
1133973 59 10 0
1134079 59 10 2
1134199 59 1 0
1134320 59 1 2
1134768 59 46 0
1134768 59 46 0
1134847 59 46 2
1134885 59 46 2
1134917 59 47 0
1135039 59 47 2
1135183 59 12 0
1135268 59 12 2
1135752 59 1 0
1135752 59 1 0
1135850 59 1 2
1135862 59 1 2
1136143 59 38 0
1136144 59 38 2
1136298 59 46 0
1136298 59 46 0
1136356 59 46 2
1136364 59 46 2
1136396 59 47 0
1136396 59 47 0
1136418 59 61 2
1136462 59 47 2
1136469 59 47 2
1136613 59 12 0
1136613 59 12 0
1136689 59 12 2
1136695 59 12 2
1137179 59 1 0
1137179 59 1 0
1137270 59 1 2
1137275 59 1 2
1137580 59 62 2
1137723 59 46 0
1137723 59 46 0
1137781 59 46 2
1137789 59 46 2
1137821 59 47 0
1137821 59 47 0
1137848 59 63 2
1137888 59 47 2
1137896 59 47 2
1137991 59 51 2
1138040 59 12 0
1138040 59 12 0
1138114 59 12 2
1138122 59 12 2
1138334 59 1 0
1138472 59 1 2
1138648 59 1 0
1138648 59 1 0
1138738 59 1 2
1138763 59 1 2
1139195 59 7 0
1139295 59 50 2
1139317 59 7 2
1139333 59 46 0
1139333 59 46 0
1139363 59 60 2
1139391 59 46 2
1139398 59 46 2
1139430 59 47 0
1139430 59 47 0
1139496 59 47 2
1139510 59 47 2
1139654 59 12 0
1139654 59 12 0
1139728 59 12 2
1139736 59 12 2
1140160 59 63 0
1140161 59 38 0
1140220 59 1 0
1140321 59 1 2
1140688 59 60 2
1140769 59 46 0
1140769 59 46 0
1140827 59 46 2
1140903 59 46 2
1140935 59 47 0
1140935 59 47 0
1141001 59 47 2
1141009 59 47 2
1141153 59 12 0
1141153 59 12 0
1141227 59 12 2
1141269 59 12 2
1141753 59 1 0
1141875 59 1 2
1142109 59 57 2
1142323 59 46 0
1142323 59 46 0
1142384 59 46 2
1142392 59 46 2
1142424 59 47 0
1142424 59 47 0
1142490 59 47 2
1142498 59 47 2
1142624 59 54 2
1142642 59 5 0
1142756 59 5 2
1142764 59 61 0
1142764 59 61 0
1142798 59 61 2
1142880 59 61 2
1142888 59 29 0
1143158 59 29 2
1143174 59 62 0
1143174 59 62 0
1143216 59 62 2
1143224 59 62 2
1143494 59 57 2
1143500 59 63 0
1143500 59 63 0
1143551 59 63 2
1143632 59 63 2
1143928 59 54 2
1144056 59 12 0
1144056 59 12 0
1144130 59 12 2
1144139 59 12 2
1144579 59 11 0
1144693 59 11 2
1144905 59 1 0
1144905 59 1 0
1144995 59 1 2
1145027 59 1 2
1145359 59 49 2
1145475 59 46 0
1145475 59 46 0
1145533 59 46 2
1145590 59 46 2
1145622 59 47 0
1145622 59 47 0
1145692 59 47 2
1145749 59 47 2
1145893 59 12 0
1145893 59 12 0
1145894 59 60 2
1145967 59 12 2
1146000 59 12 2
1146484 59 1 0
1146484 59 1 0
1146574 59 1 2
1146582 59 1 2
1147030 59 46 0
1147030 59 46 0
1147088 59 46 2
1147096 59 46 2
1147128 59 47 0
1147128 59 47 0
1147194 59 47 2
1147267 59 47 2
1147411 59 12 0
1147411 59 12 0
1147485 59 12 2
1147493 59 12 2
1147556 59 47 2
1147977 59 1 0
1147977 59 1 0
1148067 59 1 2
1148075 59 1 2
1148523 59 46 0
1148523 59 46 0
1148581 59 46 2
1148655 59 46 2
1148687 59 47 0
1148687 59 47 0
1148753 59 47 2
1148815 59 44 2
1148826 59 47 2
1148970 59 12 0
1148970 59 12 0
1149044 59 12 2
1149085 59 12 2
1149569 59 1 0
1149569 59 1 0
1149659 59 1 2
1149667 59 1 2
1149824 59 60 2
1150115 59 46 0
1150115 59 46 0
1150176 59 46 2
1150183 59 46 2
1150215 59 47 0
1150215 59 47 0
1150281 59 47 2
1150290 59 47 2
1150434 59 12 0
1150515 59 12 2
1150999 59 1 0
1150999 59 1 0
1151089 59 1 2
1151097 59 1 2
1151545 59 46 0
1151545 59 46 0
1151603 59 46 2
1151610 59 46 2
1151642 59 47 0
1151642 59 47 0
1151714 59 47 2
1151717 59 47 2
1151861 59 12 0
1151861 59 12 0
1151935 59 12 2
1151946 59 12 2
1152430 59 1 0
1152430 59 1 0
1152525 59 1 2
1152526 59 1 2
1152958 59 8 0
1152958 59 8 0
1152988 59 57 2
1153048 59 8 2
1153065 59 8 2
1153081 59 46 0
1153081 59 46 0
1153139 59 46 2
1153147 59 46 2
1153154 59 54 2
1153179 59 47 0
1153179 59 47 0
1153245 59 47 2
1153253 59 47 2
1153397 59 12 0
1153397 59 12 0
1153473 59 12 2
1153482 59 12 2
1153966 59 1 0
1153966 59 1 0
1154056 59 1 2
1154064 59 1 2
1154254 59 60 2
1154512 59 46 0
1154512 59 46 0
1154570 59 46 2
1154578 59 46 2
1154610 59 47 0
1154610 59 47 0
1154676 59 47 2
1154684 59 47 2
1154828 59 12 0
1154828 59 12 0
1154903 59 12 2
1154908 59 12 2
1155392 59 1 0
1155392 59 1 0
1155482 59 1 2
1155490 59 1 2
1155938 59 46 0
1155938 59 46 0
1155996 59 46 2
1156004 59 46 2
1156036 59 47 0
1156036 59 47 0
1156102 59 47 2
1156110 59 47 2
1156254 59 12 0
1156254 59 12 0
1156328 59 12 2
1156336 59 12 2
1156820 59 1 0
1156820 59 1 0
1156910 59 1 2
1156918 59 1 2
1157366 59 46 0
1157366 59 46 0
1157424 59 46 2
1157432 59 46 2
1157464 59 47 0
1157464 59 47 0
1157510 59 57 2
1157530 59 47 2
1157538 59 47 2
1157619 59 54 2
1157682 59 12 0
1157682 59 12 0
1157756 59 12 2
1157768 59 12 2
1158252 59 1 0
1158252 59 1 0
1158342 59 1 2
1158375 59 1 2
1158823 59 46 0
1158823 59 46 0
1158881 59 46 2
1158889 59 46 2
1158921 59 47 0
1158921 59 47 0
1158987 59 47 2
1159000 59 47 2
1159144 59 12 0
1159144 59 12 0
1159218 59 12 2
1159225 59 12 2
1159709 59 1 0
1159709 59 1 0
1159799 59 1 2
1159823 59 1 2
1160271 59 46 0
1160271 59 46 0
1160329 59 46 2
1160337 59 46 2
1160369 59 47 0
1160369 59 47 0
1160435 59 47 2
1160442 59 47 2
1160586 59 12 0
1160586 59 12 0
1160661 59 12 2
1160667 59 12 2
1161151 59 1 0
1161151 59 1 0
1161241 59 1 2
1161254 59 1 2
1161702 59 46 0
1161702 59 46 0
1161734 59 35 2
1161760 59 46 2
1161768 59 46 2
1161800 59 47 0
1161800 59 47 0
1161866 59 47 2
1161874 59 47 2
1162018 59 12 0
1162018 59 12 0
1162092 59 12 2
1162100 59 12 2
1162584 59 1 0
1162584 59 1 0
1162674 59 1 2
1162682 59 1 2
1163130 59 46 0
1163130 59 46 0
1163188 59 46 2
1163195 59 46 2
1163227 59 47 0
1163227 59 47 0
1163296 59 47 2
1163337 59 47 2
1163481 59 12 0
1163481 59 12 0
1163556 59 12 2
1163561 59 12 2
1164045 59 1 0
1164045 59 1 0
1164135 59 1 2
1164143 59 1 2
1164575 59 9 0
1164681 59 9 2
1164697 59 46 0
1164697 59 46 0
1164755 59 46 2
1164797 59 46 2
1164829 59 47 0
1164829 59 47 0
1164895 59 47 2
1164936 59 47 2
1165080 59 12 0
1165080 59 12 0
1165157 59 12 2
1165174 59 12 2
1165217 59 34 2
1165658 59 1 0
1165658 59 1 0
1165748 59 1 2
1165750 59 60 2
1165758 59 1 2
1166206 59 46 0
1166206 59 46 0
1166264 59 46 2
1166305 59 46 2
1166337 59 47 0
1166337 59 47 0
1166403 59 47 2
1166444 59 47 2
1166588 59 12 0
1166588 59 12 0
1166662 59 12 2
1166679 59 12 2
1167163 59 1 0
1167163 59 1 0
1167253 59 1 2
1167261 59 1 2
1167375 59 60 2
1167709 59 46 0
1167709 59 46 0
1167767 59 46 2
1167777 59 46 2
1167809 59 47 0
1167809 59 47 0
1167875 59 47 2
1167882 59 47 2
1168026 59 12 0
1168026 59 12 0
1168100 59 12 2
1168108 59 12 2
1168592 59 1 0
1168592 59 1 0
1168682 59 1 2
1168690 59 1 2
1169138 59 46 0
1169138 59 46 0
1169196 59 46 2
1169205 59 46 2
1169237 59 47 0
1169237 59 47 0
1169303 59 47 2
1169311 59 47 2
1169350 59 31 2
1169428 59 57 2
1169455 59 12 0
1169455 59 12 0
1169529 59 12 2
1169537 59 12 2
1169554 59 54 2
1169854 59 28 2
1170021 59 1 0
1170021 59 1 0
1170111 59 1 2
1170119 59 1 2
1170315 59 60 2
1170567 59 46 0
1170567 59 46 0
1170625 59 46 2
1170633 59 46 2
1170665 59 47 0
1170665 59 47 0
1170731 59 47 2
1170739 59 47 2
1170838 59 60 2
1170883 59 12 0
1170883 59 12 0
1170953 59 60 2
1170957 59 12 2
1170964 59 12 2
1171094 59 57 2
1171190 59 60 2
1171226 59 54 2
1171448 59 1 0
1171448 59 1 0
1171538 59 1 2
1171546 59 1 2
1171789 59 60 2
1171994 59 46 0
1171994 59 46 0
1172052 59 46 2
1172060 59 46 2
1172092 59 47 0
1172092 59 47 0
1172159 59 47 2
1172167 59 47 2
1172311 59 12 0
1172311 59 12 0
1172312 59 60 2
1172385 59 12 2
1172393 59 12 2
1172428 59 60 2
1172663 59 60 2
1172877 59 1 0
1172877 59 1 0
1172967 59 1 2
1172975 59 1 2
1173262 59 60 2
1173423 59 46 0
1173423 59 46 0
1173481 59 46 2
1173489 59 46 2
1173521 59 47 0
1173521 59 47 0
1173587 59 47 2
1173596 59 47 2
1173740 59 12 0
1173740 59 12 0
1173814 59 12 2
1173822 59 12 2
1174030 59 29 2
1174115 59 57 2
1174224 59 54 2
1174306 59 1 0
1174306 59 1 0
1174396 59 1 2
1174403 59 1 2
1174654 59 57 2
1174747 59 54 2
1174785 59 57 2
1174851 59 46 0
1174851 59 46 0
1174892 59 54 2
1174909 59 46 2
1174917 59 46 2
1174949 59 47 0
1174949 59 47 0
1175016 59 47 2
1175024 59 47 2
1175035 59 57 2
1175143 59 54 2
1175168 59 12 0
1175168 59 12 0
1175249 59 12 2
1175252 59 12 2
1175560 59 26 2
1175626 59 57 2
1175733 59 1 0
1175733 59 1 0
1175758 59 54 2
1175833 59 1 2
1175893 59 1 2
1176165 59 57 2
1176265 59 10 0
1176281 59 54 2
1176296 59 57 2
1176363 59 10 2
1176379 59 46 0
1176379 59 46 0
1176405 59 54 2
1176437 59 46 2
1176445 59 46 2
1176477 59 47 0
1176477 59 47 0
1176543 59 47 2
1176547 59 57 2
1176551 59 47 2
1176655 59 54 2
1176695 59 12 0
1176695 59 12 0
1176769 59 12 2
1176776 59 12 2
1177138 59 57 2
1177260 59 1 0
1177260 59 1 0
1177270 59 54 2
1177358 59 1 2
1177410 59 1 2
1177806 59 46 0
1177806 59 46 0
1177864 59 46 2
1177872 59 46 2
1177904 59 47 0
1177904 59 47 0
1177975 59 47 2
1177978 59 47 2
1178122 59 12 0
1178122 59 12 0
1178205 59 12 2
1178238 59 12 2
1178689 59 1 0
1178689 59 1 0
1178787 59 1 2
1178859 59 1 2
1179020 59 60 2
1179235 59 46 0
1179235 59 46 0
1179293 59 46 2
1179301 59 46 2
1179333 59 47 0
1179333 59 47 0
1179409 59 47 2
1179410 59 47 2
1179554 59 12 0
1179554 59 12 0
1179635 59 12 2
1179642 59 24 2
1179698 59 12 2
1179778 59 22 2
1180119 59 1 0
1180119 59 1 0
1180218 59 1 2
1180319 59 1 2
1180666 59 46 0
1180666 59 46 0
1180692 59 20 2
1180731 59 46 2
1180744 59 46 2
1180763 59 47 0
1180763 59 47 0
1180836 59 47 2
1180860 59 47 2
1180980 59 12 0
1180980 59 12 0
1181064 59 12 2
1181065 59 12 2
1181548 59 1 0
1181548 59 1 0
1181638 59 1 2
1181645 59 1 2
1181686 59 23 2
1181859 59 60 2
1182093 59 46 0
1182093 59 46 0
1182151 59 46 2
1182158 59 46 2
1182190 59 47 0
1182190 59 47 0
1182256 59 47 2
1182264 59 47 2
1182408 59 12 0
1182408 59 12 0
1182482 59 12 2
1182490 59 12 2
1182974 59 1 0
1182974 59 1 0
1183064 59 1 2
1183073 59 1 2
1183521 59 46 0
1183521 59 46 0
1183579 59 46 2
1183586 59 46 2
1183618 59 47 0
1183618 59 47 0
1183687 59 47 2
1183692 59 47 2
1183836 59 12 0
1183836 59 12 0
1183910 59 12 2
1183917 59 12 2
1184401 59 1 0
1184401 59 1 0
1184491 59 1 2
1184499 59 1 2
1184947 59 46 0
1184947 59 46 0
1185005 59 46 2
1185013 59 46 2
1185045 59 47 0
1185045 59 47 0
1185111 59 47 2
1185119 59 47 2
1185262 59 21 2
1185263 59 12 0
1185263 59 12 0
1185337 59 12 2
1185345 59 12 2
1185829 59 1 0
1185829 59 1 0
1185919 59 1 2
1185928 59 1 2
1186111 59 60 2
1186376 59 46 0
1186376 59 46 0
1186434 59 46 2
1186442 59 46 2
1186474 59 47 0
1186474 59 47 0
1186541 59 47 2
1186546 59 47 2
1186690 59 12 0
1186690 59 12 0
1186764 59 12 2
1186772 59 12 2
1186865 59 18 2
1187256 59 1 0
1187256 59 1 0
1187346 59 1 2
1187353 59 1 2
1187785 59 11 0
1187785 59 11 0
1187851 59 11 2
1187884 59 11 2
1187900 59 46 0
1187900 59 46 0
1187958 59 46 2
1187966 59 46 2
1187998 59 47 0
1187998 59 47 0
1188064 59 47 2
1188073 59 47 2
1188217 59 12 0
1188217 59 12 0
1188291 59 12 2
1188299 59 12 2
1188783 59 1 0
1188783 59 1 0
1188873 59 1 2
1188881 59 1 2
1189329 59 46 0
1189329 59 46 0
1189388 59 46 2
1189393 59 46 2
1189425 59 47 0
1189425 59 47 0
1189491 59 47 2
1189499 59 47 2
1189643 59 12 0
1189643 59 12 0
1189717 59 12 2
1189725 59 12 2
1190209 59 1 0
1190209 59 1 0
1190299 59 1 2
1190306 59 1 2
1190458 59 60 2
1190754 59 46 0
1190754 59 46 0
1190812 59 46 2
1190820 59 46 2
1190852 59 47 0
1190852 59 47 0
1190918 59 47 2
1190927 59 47 2
1191071 59 12 0
1191071 59 12 0
1191145 59 12 2
1191153 59 12 2
1191637 59 1 0
1191637 59 1 0
1191727 59 1 2
1191734 59 1 2
1192182 59 46 0
1192182 59 46 0
1192241 59 46 2
1192246 59 46 2
1192278 59 47 0
1192278 59 47 0
1192344 59 47 2
1192352 59 47 2
1192496 59 12 0
1192496 59 12 0
1192572 59 12 2
1192580 59 12 2
1192608 59 14 2
1193064 59 1 0
1193064 59 1 0
1193154 59 1 2
1193162 59 1 2
1193610 59 46 0
1193610 59 46 0
1193668 59 46 2
1193677 59 46 2
1193709 59 47 0
1193709 59 47 0
1193780 59 47 2
1193783 59 47 2
1193927 59 12 0
1193927 59 12 0
1194001 59 12 2
1194009 59 12 2
1194116 59 15 2
1194493 59 1 0
1194493 59 1 0
1194583 59 1 2
1194632 59 1 2
1194708 59 60 2
1195080 59 46 0
1195080 59 46 0
1195139 59 46 2
1195144 59 46 2
1195176 59 47 0
1195176 59 47 0
1195242 59 47 2
1195250 59 47 2
1195394 59 12 0
1195394 59 12 0
1195468 59 12 2
1195476 59 12 2
1195960 59 1 0
1195960 59 1 0
1196050 59 1 2
1196099 59 1 2
1196547 59 46 0
1196547 59 46 0
1196605 59 46 2
1196612 59 46 2
1196644 59 47 0
1196644 59 47 0
1196710 59 47 2
1196718 59 47 2
1196862 59 12 0
1196862 59 12 0
1196937 59 12 2
1196948 59 12 2
1197432 59 1 0
1197432 59 1 0
1197522 59 1 2
1197547 59 1 2
1197995 59 46 0
1197995 59 46 0
1198053 59 46 2
1198061 59 46 2
1198093 59 47 0
1198093 59 47 0
1198159 59 47 2
1198167 59 47 2
1198311 59 12 0
1198311 59 12 0
1198369 59 11 2
1198385 59 12 2
1198393 59 12 2
1198877 59 1 0
1198877 59 1 0
1198967 59 1 2
1198975 59 1 2
1199407 59 12 0
1199407 59 12 0
1199481 59 12 2
1199488 59 12 2
1199504 59 46 0
1199504 59 46 0
1199562 59 46 2
1199570 59 46 2
1199602 59 47 0
1199602 59 47 0
1199670 59 47 2
1199681 59 47 2
1199825 59 12 0
1199825 59 12 0
1199899 59 12 2
1199907 59 12 2
1200360 59 10 2
1200391 59 1 0
1200391 59 1 0
1200449 59 60 2
1200482 59 1 2
1200488 59 1 2
1200936 59 46 0
1200936 59 46 0
1200994 59 46 2
1201002 59 46 2
1201034 59 47 0
1201034 59 47 0
1201100 59 47 2
1201107 59 47 2
1201251 59 12 0
1201251 59 12 0
1201326 59 12 2
1201334 59 12 2
1201818 59 1 0
1201818 59 1 0
1201908 59 1 2
1201916 59 1 2
1201942 59 60 2
1202364 59 46 0
1202364 59 46 0
1202423 59 46 2
1202430 59 46 2
1202462 59 47 0
1202462 59 47 0
1202528 59 47 2
1202537 59 47 2
1202621 59 9 2
1202681 59 12 0
1202681 59 12 0
1202746 59 6 2
1202755 59 12 2
1202769 59 12 2
1203253 59 1 0
1203253 59 1 0
1203344 59 1 2
1203384 59 1 2
1203832 59 46 0
1203832 59 46 0
1203891 59 46 2
1203900 59 46 2
1203932 59 47 0
1203932 59 47 0
1203998 59 47 2
1204006 59 47 2
1204150 59 12 0
1204150 59 12 0
1204224 59 12 2
1204232 59 12 2
1204716 59 1 0
1204716 59 1 0
1204806 59 1 2
1204814 59 1 2
1205262 59 46 0
1205262 59 46 0
1205320 59 46 2
1205333 59 46 2
1205365 59 47 0
1205365 59 47 0
1205431 59 47 2
1205443 59 47 2
1205587 59 12 0
1205587 59 12 0
1205661 59 12 2
1205679 59 7 2
1205686 59 12 2
1206170 59 1 0
1206170 59 1 0
1206261 59 1 2
1206303 59 1 2
1206394 59 4 2
1206751 59 46 0
1206751 59 46 0
1206812 59 46 2
1206820 59 46 2
1206852 59 47 0
1206852 59 47 0
1206918 59 47 2
1206926 59 47 2
1207070 59 12 0
1207070 59 12 0
1207144 59 12 2
1207152 59 12 2
1207636 59 1 0
1207636 59 1 0
1207726 59 1 2
1207734 59 1 2
1208182 59 46 0
1208182 59 46 0
1208240 59 46 2
1208248 59 46 2
1208280 59 47 0
1208280 59 47 0
1208347 59 47 2
1208355 59 47 2
1208499 59 12 0
1208499 59 12 0
1208573 59 12 2
1208581 59 12 2
1209065 59 1 0
1209065 59 1 0
1209091 59 60 2
1209159 59 1 2
1209161 59 1 2
1209609 59 46 0
1209609 59 46 0
1209667 59 46 2
1209675 59 46 2
1209707 59 47 0
1209707 59 47 0
1209773 59 47 2
1209781 59 47 2
1209925 59 12 0
1209925 59 12 0
1209999 59 12 2
1210006 59 12 2
1210490 59 1 0
1210490 59 1 0
1210580 59 1 2
1210588 59 1 2
1211020 59 13 0
1211126 59 13 2
1211142 59 46 0
1211142 59 46 0
1211200 59 46 2
1211207 59 46 2
1211239 59 47 0
1211239 59 47 0
1211305 59 47 2
1211313 59 47 2
1211457 59 12 0
1211457 59 12 0
1211531 59 12 2
1211539 59 12 2
1211924 59 60 2
1212023 59 1 0
1212023 59 1 0
1212113 59 1 2
1212121 59 1 2
1212569 59 46 0
1212569 59 46 0
1212627 59 46 2
1212635 59 46 2
1212667 59 47 0
1212667 59 47 0
1212736 59 47 2
1212753 59 47 2
1212897 59 12 0
1212897 59 12 0
1212971 59 12 2
1212979 59 12 2
1213463 59 1 0
1213463 59 1 0
1213553 59 1 2
1213561 59 1 2
1214009 59 46 0
1214009 59 46 0
1214067 59 46 2
1214075 59 46 2
1214107 59 47 0
1214107 59 47 0
1214173 59 47 2
1214184 59 47 2
1214328 59 12 0
1214328 59 12 0
1214402 59 12 2
1214410 59 12 2
1214894 59 1 0
1214894 59 1 0
1214984 59 1 2
1214992 59 1 2
1215440 59 46 0
1215440 59 46 0
1215498 59 46 2
1215506 59 46 2
1215538 59 47 0
1215538 59 47 0
1215575 59 1 2
1215604 59 47 2
1215612 59 47 2
1215756 59 12 0
1215756 59 12 0
1215830 59 12 2
1215837 59 12 2
1216321 59 1 0
1216321 59 1 0
1216411 59 1 2
1216460 59 1 2
1216908 59 46 0
1216908 59 46 0
1216966 59 46 2
1216974 59 46 2
1217006 59 47 0
1217006 59 47 0
1217072 59 47 2
1217079 59 47 2
1217223 59 12 0
1217223 59 12 0
1217297 59 12 2
1217305 59 12 2
1217789 59 1 0
1217789 59 1 0
1217879 59 1 2
1217904 59 1 2
1218352 59 46 0
1218352 59 46 0
1218410 59 46 2
1218418 59 46 2
1218450 59 47 0
1218450 59 47 0
1218516 59 47 2
1218524 59 47 2
1218668 59 12 0
1218668 59 12 0
1218742 59 12 2
1218750 59 12 2
1219234 59 1 0
1219234 59 1 0
1219325 59 1 2
1219338 59 1 2
1219786 59 46 0
1219786 59 46 0
1219844 59 46 2
1219852 59 46 2
1219884 59 47 0
1219884 59 47 0
1219950 59 47 2
1219958 59 47 2
1220102 59 12 0
1220102 59 12 0
1220176 59 12 2
1220185 59 12 2
1220669 59 1 0
1220669 59 1 0
1220759 59 1 2
1220784 59 1 2
1221232 59 46 0
1221232 59 46 0
1221290 59 46 2
1221298 59 46 2
1221330 59 47 0
1221330 59 47 0
1221396 59 47 2
1221404 59 47 2
1221548 59 12 0
1221548 59 12 0
1221622 59 12 2
1221631 59 12 2
1222115 59 1 0
1222115 59 1 0
1222205 59 1 2
1222213 59 1 2
1222661 59 46 0
1222661 59 46 0
1222719 59 46 2
1222727 59 46 2
1222759 59 47 0
1222759 59 47 0
1222825 59 47 2
1222832 59 47 2
1222976 59 12 0
1222976 59 12 0
1223050 59 12 2
1223057 59 12 2
1223421 59 60 2
1223541 59 1 0
1223541 59 1 0
1223631 59 1 2
1223638 59 1 2
1224086 59 46 0
1224086 59 46 0
1224144 59 46 2
1224152 59 46 2
1224184 59 47 0
1224184 59 47 0
1224250 59 47 2
1224259 59 47 2
1224403 59 12 0
1224403 59 12 0
1224478 59 12 2
1224486 59 12 2
1224970 59 1 0
1224970 59 1 0
1225060 59 1 2
1225068 59 1 2
1225516 59 46 0
1225516 59 46 0
1225574 59 46 2
1225581 59 46 2
1225613 59 47 0
1225613 59 47 0
1225679 59 47 2
1225687 59 47 2
1225831 59 12 0
1225831 59 12 0
1225905 59 12 2
1225913 59 12 2
1226257 59 60 2
1226389 59 9 0
1226487 59 9 2
1226611 59 55 0
1226739 59 55 2
1226743 59 1 0
1226743 59 1 0
1226833 59 1 2
1226869 59 1 2
1226893 59 56 0
1226993 59 56 2
1227033 59 45 0
1227116 59 45 2
1227172 59 46 0
1227262 59 46 2
1227338 59 63 0
1227577 59 63 2
1227585 59 47 0
1227682 59 47 2
1227683 59 60 2
1227786 59 62 0
1227786 59 62 0
1227828 59 62 2
1227836 59 62 2
1228132 59 3 0
1228824 59 50 0
1228825 59 38 0
1229531 59 57 2
1231351 59 57 2
1232083 59 3 2
1232091 59 19 0
1232160 59 29 2
1232181 59 19 2
1232185 59 3 0
1236705 59 3 2
1238551 59 22 2
1238553 59 3 0
1239731 59 3 2
1240294 59 7 2
1240295 59 3 0
1240771 59 3 2
1241059 59 3 0
1241059 59 49 2
1242307 59 3 2
1991556 59 1 0
1991556 59 1 0
1991647 59 1 2
1992695 59 1 2
1993091 59 36 0
1993091 59 36 0
1993391 59 36 2
1993435 59 37 0
1993435 59 37 0
1993493 59 37 2
1993586 59 37 2
1993628 59 34 0
1993629 59 34 2
1993718 59 8 0
1993718 59 8 0
1993808 59 8 2
1993835 59 8 2
1993883 59 0 0
1993883 59 0 0
1993931 59 36 2
1993981 59 0 2
1993989 59 0 2
1994077 59 36 0
1994077 59 36 0
1994127 59 36 2
1994795 59 36 2
1994827 59 38 0
1994827 59 38 0
1994893 59 38 2
1994901 59 38 2
1995061 59 54 0
1995061 59 54 0
1995112 59 54 2
1995183 59 54 2
1995243 59 37 0
1995243 59 37 0
1995301 59 37 2
1995449 59 37 2
1996437 59 47 0
1996437 59 47 0
1996503 59 47 2
1996578 59 47 2
1996602 59 11 0
1996602 59 11 0
1996668 59 11 2
1996696 59 11 2
1996824 59 1 0
1996824 59 1 0
1996914 59 1 2
1997006 59 1 2
1997530 59 14 0
1997644 59 14 2
1997656 59 15 0
1997656 59 15 0
1997754 59 15 2
1997774 59 15 2
1997862 59 38 0
1997862 59 38 0
1997928 59 38 2
1997957 59 38 2
1998087 59 19 0
1998088 59 38 0
1998113 59 46 0
1998113 59 46 0
1998171 59 46 2
1998185 59 46 2
1998229 59 12 0
1998229 59 12 0
1998303 59 12 2
1998311 59 12 2
1998319 59 0 0
1998319 59 0 0
1998417 59 0 2
1998425 59 0 2
1998570 59 25 0
1998571 59 38 0
1998573 59 47 0
1998573 59 47 0
1998639 59 47 2
1998647 59 47 2
1998663 59 12 0
1998686 59 33 0
1998687 59 38 0
1998765 59 12 2
1998801 59 47 0
1998881 59 47 2
1999565 59 20 0
1999566 59 38 0
1999629 59 54 0
1999629 59 54 0
1999651 59 24 0
1999652 59 24 2
1999659 59 44 0
1999679 59 54 2
1999680 59 38 0
1999767 59 47 0
1999768 59 38 0
1999891 59 32 0
1999892 59 38 0
1999937 59 54 2
1999965 59 46 0
1999965 59 46 0
2000023 59 46 2
2000031 59 46 2
2000055 59 47 0
2000055 59 47 0
2000121 59 47 2
2000129 59 47 2
2000344 59 12 0
2000345 59 38 0
2000361 59 0 2
2000448 59 34 0
2000459 59 38 0
2000725 59 58 0
2000725 59 58 0
2000751 59 58 2
2000816 59 58 2
2000896 59 59 0
2000896 59 59 0
2000905 59 59 0
2000906 59 38 0
2000914 59 59 2
2000972 59 57 2
2000979 59 59 2
2000996 59 53 0
2000997 59 38 0
2001039 59 38 0
2001039 59 38 0
2001087 59 54 0
2001088 59 38 0
2001105 59 38 2
2001112 59 38 2
2001178 59 38 0
2001179 59 36 0
2001273 59 61 0
2001274 59 38 0
2001398 59 4 0
2001399 59 38 0
2001565 59 8 0
2001566 59 38 0
2001987 59 7 0
2001988 59 38 0
2002625 59 58 2
2002647 59 43 0
2002648 59 38 0
2002764 59 26 0
2002765 59 38 0
2003074 59 38 0
2003075 59 9 0
2003111 59 58 2
2003190 59 11 0
2003201 59 38 0
2003303 59 49 0
2003314 59 38 0
2003424 59 6 0
2003425 59 38 0
2003559 59 16 0
2003560 59 38 0
2003651 59 42 0
2003692 59 38 0
2003743 59 46 0
2003784 59 38 0
2003969 59 0 0
2003970 59 38 0
2004079 59 48 0
2004110 59 38 0
2004306 59 35 0
2004307 59 38 0
2004427 59 18 0
2004428 59 38 0
2004589 59 24 0
2004590 59 38 0
2004675 59 37 0
2004706 59 38 0
2004770 59 45 0
2004791 59 38 0
2004794 59 57 2
2004869 59 55 0
2004880 59 38 0
2004925 59 57 2
2004975 59 58 0
2004976 59 38 0
2005354 59 1 0
2005355 59 38 0
2005608 59 5 0
2005609 59 38 0
2005763 59 60 0
2005764 59 38 0
2005879 59 23 0
2005880 59 38 0
2006071 59 21 0
2006072 59 38 0
2006168 59 62 0
2006170 59 38 0
2006375 59 10 0
2006376 59 38 0
2006477 59 31 0
2006498 59 38 0
2006600 59 17 0
2006601 59 38 0
2006708 59 13 0
2006719 59 38 0
2006723 59 56 2
2006801 59 52 0
2006830 59 38 0
2006907 59 57 0
2006918 59 38 0
2007015 59 22 0
2007026 59 38 0
2007130 59 14 0
2007131 59 38 0
2007370 59 39 0
2007371 59 38 0
2007496 59 15 0
2007497 59 38 0
2007605 59 41 0
2007616 59 38 0
2007701 59 28 0
2007722 59 38 0
2007803 59 29 0
2007814 59 38 0
2008100 59 40 0
2008101 59 38 0
2008299 59 3 0
2008300 59 38 0
2008401 59 51 0
2008422 59 38 0
2008554 59 30 0
2008555 59 38 0
2008674 59 56 0
2008675 59 38 0
2009518 59 2 0
2009519 59 38 0
2968836 59 38 0
2968836 59 38 0
2969296 59 38 2
2969794 59 38 2
2971210 59 7 0
2971340 59 7 2
2971908 59 38 0
2971908 59 38 0
2971974 59 38 2
2972062 59 38 2
2974006 59 38 0
2974006 59 38 0
2974080 59 38 2
2974192 59 38 2
2974399 59 0 2
3945418 59 38 0
3945418 59 38 0
3946623 59 38 2
3946990 59 38 2
3948039 59 7 0
3948161 59 7 2
3948729 59 38 0
3948729 59 38 0
3948795 59 38 2
3949192 59 38 2
3951388 59 38 0
3951388 59 38 0
3951454 59 38 2
3951462 59 38 2
4921965 59 38 0
4921965 59 38 0
4922952 59 38 2
4923301 59 38 2
4925285 59 38 0
4925285 59 38 0
4925351 59 38 2
4925429 59 38 2
4927599 59 0 2
4927625 59 38 0
4927625 59 38 0
4927698 59 38 2
4927811 59 38 2
4935491 59 50 0
4935492 59 50 2
4950008 59 50 2
4950131 59 50 2
4950374 59 50 2
5034876 59 50 0
5034877 59 38 0
5898550 59 38 0
5898550 59 38 0
5898836 59 38 2
5900252 59 7 0
5900374 59 7 2
5900942 59 38 0
5901008 59 38 2
5901377 59 38 2
5901382 59 38 0
5901725 59 38 2
5901881 59 46 0
5901947 59 46 2
5901991 59 12 0
5902072 59 12 2
5902228 59 47 0
5902301 59 47 2
5904141 59 38 0
5904141 59 38 0
5904214 59 38 2
5904237 59 38 2
5908840 59 38 0
5908841 59 38 2
5909186 59 63 0
5909187 59 63 2
5941003 59 38 2
5941125 59 38 2
5941376 59 38 2
6001680 59 38 0
6001681 59 38 2
6009564 59 63 0
6009565 59 63 2
