0 14 51 0
3740 14 51 2
3744 14 22 0
6542 14 22 2
6554 14 1 0
7466 14 1 2
7486 14 24 0
7618 14 24 2
13608 14 56 1
13867 14 0 2
13948 14 56 2
37948 14 4 0
39038 14 4 2
39090 14 44 0
40202 14 44 2
40214 14 5 0
40275 14 5 2
40287 14 45 0
40698 14 45 2
40766 14 24 0
40903 14 24 2
40935 14 25 0
41103 14 25 2
41111 14 26 0
41492 14 26 2
41532 14 27 0
41716 14 27 2
41736 14 33 0
41952 14 33 2
41972 14 35 0
42103 14 35 2
42111 14 41 0
42760 14 41 2
42776 14 42 0
43075 14 42 2
43107 14 1 0
43198 14 1 2
43234 14 36 0
43316 14 36 2
43328 14 43 0
44054 14 43 2
44070 14 17 0
44160 14 17 2
44252 14 27 0
44335 14 27 2
44339 14 37 0
44621 14 37 2
44633 14 17 0
44813 14 17 2
44821 14 15 0
45213 14 15 2
45253 14 16 0
45799 14 16 2
45839 14 18 0
45921 14 18 2
45945 14 61 0
46860 14 61 2
46872 14 54 0
47148 14 54 2
47168 14 8 0
47250 14 8 2
47258 14 19 0
47441 14 19 2
47445 14 35 0
47905 14 56 1
47922 14 35 2
47938 14 53 0
48157 14 59 2
48254 14 56 2
48389 14 53 2
48429 14 33 0
48538 14 33 2
48550 14 36 0
48631 14 36 2
48651 14 40 0
48987 14 59 0
49061 14 40 2
49085 14 37 0
49129 14 59 0
49182 14 37 2
49286 14 38 0
49413 14 38 2
49417 14 39 0
49678 14 39 2
49683 14 59 0
49702 14 8 0
49817 14 8 2
49825 14 29 0
49981 14 29 2
50021 14 0 0
50062 14 59 0
50184 14 59 0
50636 14 0 2
50648 14 38 0
50837 14 38 2
50853 14 39 0
51352 14 39 2
51356 14 39 0
51807 14 56 1
51830 14 39 2
51886 14 36 0
51899 14 59 0
51971 14 36 2
52003 14 38 0
52058 14 53 2
52131 14 56 2
52147 14 38 2
52163 14 51 0
52332 14 51 2
52388 14 43 0
52711 14 43 2
52719 14 52 0
52898 14 59 0
52996 14 52 2
53032 14 51 0
53372 14 51 2
53392 14 53 0
53601 14 53 2
53625 14 54 0
53854 14 54 2
53870 14 11 0
54242 14 11 2
54254 14 56 0
54484 14 56 2
54488 14 12 0
54728 14 12 2
54736 14 57 0
55485 14 57 2
55489 14 2 0
55780 14 2 2
55832 14 37 0
55931 14 37 2
55947 14 40 0
56219 14 40 2
56275 14 58 0
56511 14 58 2
56571 14 35 0
56623 14 56 1
56741 14 35 2
56745 14 50 0
56877 14 52 2
56957 14 56 2
57836 14 50 2
57856 14 62 0
58125 14 62 2
58153 14 38 0
58245 14 56 1
58485 14 38 2
58497 14 16 2
58557 14 63 0
58578 14 56 2
58583 14 56 1
58710 14 63 2
58750 14 12 0
58848 14 34 2
58929 14 56 2
59003 14 12 2
59027 14 2 0
59111 14 2 2
59135 14 13 0
59406 14 13 2
59502 14 3 0
59567 14 3 2
59607 14 23 0
59705 14 56 1
59768 14 23 2
59784 14 24 0
59987 14 3 2
60044 14 56 2
60483 14 24 2
60591 14 49 0
60970 14 49 2
60978 14 25 0
61076 14 25 2
61104 14 26 0
61129 14 56 1
61211 14 26 2
61274 14 56 1
61291 14 0 0
61382 14 56 1
61397 14 4 2
61433 14 0 2
61441 14 3 0
61446 14 56 2
61453 14 56 1
61527 14 3 2
61537 14 1 2
61571 14 4 0
61579 14 56 1
61610 14 56 2
61631 14 4 2
61647 14 26 2
61673 14 56 1
61720 14 56 2
61727 14 5 0
61767 14 22 2
61791 14 5 2
61794 14 56 1
61799 14 56 2
61831 14 15 0
61877 14 20 2
61926 14 56 2
61998 14 6 2
62028 14 56 1
62031 14 56 2
62107 14 12 2
62129 14 56 1
62148 14 56 2
62240 14 56 1
62287 14 28 2
62343 14 56 2
62357 14 56 1
62397 14 11 2
62447 14 56 2
62475 14 56 1
62507 14 29 2
62544 14 56 1
62559 14 56 2
62617 14 10 2
62663 14 56 1
62675 14 56 2
62727 14 2 2
62748 14 15 2
62756 14 14 0
62765 14 56 1
62791 14 56 2
62837 14 15 2
62870 14 56 2
62911 14 56 1
62957 14 13 2
62990 14 56 2
63061 14 56 1
63067 14 14 2
63082 14 14 2
63091 14 56 2
63094 14 50 0
63175 14 56 1
63177 14 21 2
63218 14 50 2
63218 14 56 2
63246 14 6 0
63303 14 6 2
63317 14 0 2
63318 14 56 1
63323 14 4 0
63383 14 4 2
63391 14 8 0
63395 14 56 1
63399 14 56 2
63437 14 54 2
63473 14 56 1
63502 14 56 2
63557 14 8 2
63561 14 47 0
63577 14 59 2
63623 14 56 1
63669 14 47 2
63674 14 56 2
63677 14 49 0
63697 14 9 2
63701 14 56 1
63762 14 56 2
63790 14 56 1
63807 14 7 2
63826 14 49 2
63842 14 11 0
63845 14 56 1
63847 14 56 2
63917 14 35 2
63918 14 11 2
63954 14 5 0
63990 14 56 2
64001 14 56 1
64027 14 31 2
64031 14 56 1
64075 14 56 2
64137 14 43 2
64151 14 5 2
64172 14 56 1
64175 14 37 0
64219 14 56 2
64247 14 44 2
64275 14 56 1
64320 14 56 2
64367 14 56 2
64409 14 56 1
64477 14 5 2
64487 14 56 1
64488 14 56 2
64518 14 56 2
64587 14 17 2
64624 14 37 2
64655 14 56 1
64660 14 56 2
64688 14 4 0
64693 14 56 1
64697 14 18 2
64754 14 4 2
64758 14 1 0
64762 14 56 2
64807 14 24 2
64867 14 56 1
64896 14 56 2
64917 14 47 2
64984 14 56 2
64991 14 56 1
65027 14 49 2
65079 14 56 1
65133 14 56 2
65137 14 23 2
65177 14 56 2
65209 14 56 1
65247 14 50 2
65323 14 56 1
65344 14 56 2
65357 14 25 2
65433 14 56 1
65438 14 56 2
65467 14 38 2
65510 14 1 2
65516 14 56 2
65527 14 56 1
65538 14 27 0
65577 14 27 2
65646 14 56 2
65672 14 56 1
65687 14 63 2
65768 14 56 2
65771 14 56 1
65807 14 8 2
65848 14 56 1
65879 14 56 2
65917 14 37 2
65974 14 56 2
65991 14 56 1
66027 14 60 2
66045 14 27 2
66053 14 2 0
66061 14 56 1
66115 14 56 2
66137 14 43 2
66218 14 56 2
66235 14 56 1
66243 14 2 2
66246 14 39 2
66255 14 11 0
66303 14 56 2
66329 14 56 1
66358 14 52 2
66431 14 56 1
66439 14 56 2
66442 14 11 2
66450 14 7 0
66467 14 30 2
66508 14 56 2
66534 14 56 1
66576 14 40 2
66653 14 56 1
66681 14 56 2
66687 14 51 2
66755 14 56 1
66776 14 56 2
66807 14 16 2
66888 14 56 2
66897 14 56 1
66917 14 36 2
66982 14 56 2
66991 14 56 1
67027 14 53 2
67102 14 56 2
67137 14 45 2
67163 14 56 1
67204 14 7 2
67205 14 56 2
67224 14 3 0
67257 14 56 1
67267 14 32 2
67342 14 3 2
67366 14 56 2
67377 14 61 2
67391 14 56 1
67450 14 6 0
67458 14 56 2
67487 14 57 2
67488 14 56 1
67597 14 55 2
67598 14 6 2
67599 14 56 2
67618 14 9 0
67670 14 56 2
67703 14 56 1
67727 14 34 2
67808 14 56 2
67837 14 46 2
67854 14 56 1
67894 14 56 2
67957 14 48 2
68046 14 9 2
68055 14 56 1
68071 14 56 2
68106 14 62 2
68160 14 56 1
68179 14 56 2
68218 14 8 0
68237 14 56 1
68307 14 58 2
68381 14 56 1
68413 14 56 2
68417 14 33 2
68498 14 8 2
68505 14 56 2
68510 14 11 0
68527 14 19 2
68584 14 56 2
68586 14 11 2
68606 14 12 0
68647 14 42 2
68667 14 56 1
68687 14 12 2
68711 14 16 0
68736 14 56 2
68917 14 41 2
69014 14 56 2
69316 14 16 2
69324 14 13 0
69390 14 13 2
69438 14 2 0
69553 14 2 2
69585 14 40 0
69995 14 40 2
69999 14 25 0
70100 14 25 2
70116 14 31 0
70656 14 31 2
70692 14 33 0
71388 14 33 2
71392 14 36 0
71473 14 36 2
71481 14 4 0
71629 14 4 2
71721 14 5 0
72001 14 5 2
72033 14 34 0
72168 14 34 2
72188 14 35 0
72346 14 35 2
72370 14 32 0
72683 14 32 2
72751 14 17 0
73047 14 17 2
73343 14 38 0
73343 14 38 0
73385 14 38 2
73451 14 38 2
73459 14 27 0
73564 14 27 2
73584 14 35 0
73683 14 35 2
73739 14 28 0
73843 14 28 2
73911 14 3 0
74027 14 3 2
74031 14 46 0
74465 14 46 2
74485 14 4 0
74554 14 4 2
74586 14 0 0
75156 14 0 2
75160 14 29 0
75293 14 29 2
75437 14 47 0
75728 14 47 2
75800 14 30 0
75915 14 30 2
76267 14 31 0
76709 14 31 2
76713 14 44 0
76982 14 44 2
76990 14 43 0
77112 14 43 2
77244 14 32 0
77447 14 32 2
77519 14 33 0
77712 14 33 2
77760 14 33 0
78001 14 33 2
78009 14 27 0
78322 14 27 2
78426 14 54 0
78564 14 54 2
78576 14 28 0
78705 14 28 2
78721 14 52 0
79039 14 52 2
79047 14 56 0
79446 14 56 1
79697 14 0 2
79778 14 56 2
80070 14 56 2
80086 14 53 0
80384 14 53 2
80484 14 41 0
80686 14 41 2
80734 14 61 0
81084 14 61 2
81088 14 39 0
81098 14 56 1
81269 14 39 2
81281 14 7 0
81372 14 7 2
81377 14 31 2
81425 14 56 2
81432 14 8 0
81541 14 56 1
81585 14 8 2
81617 14 63 0
81756 14 63 2
81797 14 49 2
81864 14 0 0
81902 14 56 2
82048 14 0 2
82076 14 57 0
82486 14 57 2
82554 14 58 0
82819 14 58 2
82903 14 46 0
83065 14 46 2
83077 14 59 0
83361 14 59 2
83393 14 32 0
83786 14 32 2
83794 14 50 0
84171 14 50 2
84202 14 56 1
84247 14 60 0
84457 14 60 2
84457 14 13 2
84465 14 62 0
84491 14 56 2
85029 14 62 2
85033 14 3 0
85166 14 3 2
85178 14 5 0
85652 14 5 2
85680 14 17 0
86140 14 17 2
86160 14 6 0
86321 14 6 2
86413 14 11 0
86862 14 11 2
86870 14 10 0
86944 14 10 2
86964 14 11 0
87222 14 11 2
87230 14 6 0
87751 14 6 2
87787 14 36 0
88324 14 36 2
88384 14 12 0
88446 14 12 2
88454 14 0 0
89638 14 0 2
89762 14 15 0
89882 14 15 2
90002 14 7 0
90019 14 56 1
90109 14 7 2
90125 14 0 0
90287 14 4 2
90374 14 56 2
90375 14 4 0
90463 14 4 0
90553 14 4 0
90605 14 0 2
90636 14 4 0
90727 14 4 0
90753 14 9 0
90822 14 4 0
90905 14 4 0
90911 14 9 2
90943 14 8 0
90985 14 4 0
91095 14 4 0
91134 14 8 2
91162 14 55 0
91201 14 4 0
91303 14 4 0
91429 14 4 0
91554 14 4 0
91618 14 55 2
91693 14 4 0
91726 14 14 0
91765 14 4 0
91826 14 14 2
91845 14 4 0
91986 14 4 0
92096 14 4 0
92142 14 29 0
92217 14 4 0
92278 14 29 2
92318 14 30 0
92353 14 4 0
92489 14 4 0
92585 14 4 0
92687 14 4 0
92787 14 4 0
92905 14 4 0
93013 14 4 0
93084 14 30 2
93128 14 17 0
93141 14 4 0
93239 14 0 2
93249 14 4 0
93359 14 4 0
93548 14 17 2
93604 14 18 0
93777 14 18 2
93825 14 19 0
93959 14 19 2
93995 14 21 0
94070 14 21 2
94102 14 22 0
94280 14 22 2
94436 14 4 0
94524 14 4 2
94552 14 18 0
95322 14 18 2
95494 14 61 0
95843 14 61 2
95915 14 54 0
96193 14 54 2
96225 14 55 0
96724 14 55 2
96952 14 40 0
97114 14 40 2
97142 14 49 0
97352 14 49 2
97364 14 51 0
97554 14 51 2
97574 14 37 0
97717 14 37 2
97721 14 20 0
97787 14 20 2
97803 14 3 0
98190 14 3 2
98282 14 21 0
98347 14 21 2
98355 14 56 0
98973 14 56 2
98993 14 57 0
99223 14 57 2
99311 14 58 0
100035 14 58 2
100115 14 59 0
100259 14 59 2
100283 14 63 0
100437 14 63 2
100521 14 33 0
100627 14 33 2
114509 14 56 1
114768 14 5 2
114810 14 56 2
114945 14 56 1
115055 14 56 1
115198 14 38 2
115248 14 56 2
115308 14 37 2
115366 14 56 2
115393 14 56 1
115430 14 56 1
115597 14 56 1
115648 14 40 2
115754 14 56 2
115758 14 13 2
115773 14 56 1
115791 14 56 2
115850 14 56 1
115868 14 33 2
115953 14 56 1
115959 14 56 2
116028 14 58 2
116039 14 56 1
116134 14 56 2
116138 14 53 2
116165 14 56 1
116211 14 56 2
116248 14 46 2
116293 14 56 1
116305 14 56 2
116358 14 12 2
116400 14 56 2
116419 14 56 1
116468 14 19 2
116526 14 56 2
116530 14 56 1
116578 14 39 2
116636 14 56 2
116678 14 56 1
116688 14 25 2
116762 14 56 1
116770 14 56 2
116798 14 16 2
116863 14 56 1
116880 14 56 2
116938 14 32 2
116980 14 56 1
117036 14 56 2
117048 14 17 2
117122 14 56 2
117168 14 36 2
117169 14 56 1
117233 14 56 2
117278 14 8 2
117352 14 56 2
117428 14 52 2
117489 14 56 1
117510 14 56 2
117625 14 56 1
117703 14 56 1
117748 14 55 2
117805 14 56 1
117822 14 56 2
117878 14 41 2
117917 14 56 1
117976 14 56 2
117988 14 45 2
118054 14 56 2
118098 14 3 2
118109 14 56 1
118156 14 56 2
118208 14 30 2
118250 14 56 2
118331 14 56 1
118368 14 61 2
118450 14 56 2
118588 14 48 2
118627 14 56 1
118702 14 56 2
118738 14 56 1
118839 14 56 1
118888 14 63 2
118933 14 56 1
118970 14 56 2
118998 14 42 2
119088 14 56 2
119108 14 43 2
119159 14 56 1
119190 14 56 2
119218 14 27 2
119269 14 56 1
119284 14 56 2
119418 14 56 2
119528 14 62 2
119541 14 56 2
119602 14 56 2
126163 14 56 1
126418 14 2 2
126484 14 56 2
193279 14 4 0
193405 14 4 0
193515 14 4 0
193873 14 4 0
194441 14 4 0
194585 14 4 0
194729 14 4 0
194861 14 4 0
194962 14 4 0
195081 14 4 0
195199 14 4 0
195343 14 4 0
195436 14 4 0
195699 14 4 0
195825 14 4 0
195939 14 4 0
196045 14 4 0
196230 14 4 0
196381 14 4 0
196509 14 4 0
196623 14 4 0
196743 14 4 0
196929 14 4 0
197047 14 4 0
197189 14 4 0
197300 14 4 0
197627 14 4 0
197753 14 4 0
197873 14 4 0
198017 14 4 0
198229 14 4 0
198399 14 4 0
204969 14 4 0
268883 14 56 1
269142 14 2 2
269207 14 56 2
281479 14 56 1
281732 14 2 2
281797 14 56 2
288957 14 56 1
289212 14 2 2
289277 14 56 2
289281 14 56 1
289532 14 2 2
289597 14 56 2
297515 14 56 1
297773 14 0 2
297855 14 56 2
313289 14 56 1
313542 14 2 2
313607 14 56 2
314915 14 2 0
314916 14 56 1
315182 14 2 2
315247 14 56 2
356461 14 4 0
366763 14 56 1
367023 14 2 2
367089 14 56 2
382819 14 56 1
383072 14 2 2
383137 14 56 2
461305 14 2 0
461306 14 56 1
461557 14 2 2
461622 14 56 2
465155 14 2 0
465156 14 56 1
465407 14 2 2
465472 14 56 2
495582 14 2 0
495583 14 56 1
495837 14 2 2
495902 14 56 2
508019 14 56 1
508277 14 2 2
508342 14 56 2
556248 14 56 1
556507 14 2 2
556572 14 56 2
567336 14 2 0
567337 14 56 1
567587 14 2 2
567652 14 56 2
1015743 14 38 0
1015743 14 38 0
1017608 14 38 2
1017685 14 38 2
1017927 14 56 1
1018178 14 50 2
1018275 14 56 2
1019060 14 7 0
1019194 14 7 2
1019850 14 50 0
1020270 14 38 0
1020270 14 38 0
1020430 14 38 2
1021212 14 38 2
1022529 14 2 0
1022530 14 2 2
1022974 14 50 0
1023634 14 56 0
1024083 14 56 2
1024659 14 57 0
1025043 14 57 2
1025619 14 58 0
1025898 14 58 2
1026474 14 59 0
1026793 14 59 2
1027369 14 60 0
1027716 14 60 2
1028292 14 61 0
1028611 14 61 2
1029187 14 62 0
1029486 14 62 2
1030062 14 63 0
1030347 14 63 2
1030923 14 0 0
1030923 14 0 0
1031037 14 0 2
1032337 14 0 2
1032605 14 2 0
1032679 14 2 2
1032735 14 3 0
1032801 14 3 2
1032805 14 7 0
1033064 14 7 2
1033152 14 4 0
1033152 14 4 0
1033194 14 4 2
1033202 14 4 2
1033590 14 1 0
1033904 14 1 2
1034480 14 2 0
1034776 14 2 2
1035352 14 3 0
1035660 14 3 2
1036236 14 4 0
1036477 14 4 2
1037053 14 5 0
1037322 14 5 2
1037898 14 6 0
1038284 14 6 2
1038860 14 7 0
1039206 14 7 2
1039782 14 8 0
1039782 14 8 0
1039848 14 8 2
1040075 14 8 2
1040651 14 9 0
1040955 14 9 2
1041531 14 10 0
1041693 14 13 2
1041816 14 10 2
1041950 14 13 2
1042144 14 13 2
1042392 14 11 0
1042392 14 11 0
1042436 14 11 2
1042548 14 56 1
1042702 14 11 2
1042799 14 54 2
1042866 14 56 2
1043104 14 56 1
1043278 14 12 0
1043323 14 56 1
1043359 14 50 2
1043403 14 56 1
1043457 14 56 2
1043499 14 56 1
1043567 14 12 2
1043579 14 51 2
1043616 14 56 1
1043669 14 56 2
1043690 14 28 2
1043748 14 56 2
1043799 14 22 2
1043821 14 56 1
1043833 14 56 2
1043909 14 56 1
1043909 14 20 2
1043960 14 56 2
1044018 14 56 1
1044079 14 59 2
1044095 14 56 1
1044143 14 13 0
1044177 14 56 2
1044189 14 35 2
1044254 14 56 1
1044263 14 56 2
1044309 14 44 2
1044348 14 56 1
1044383 14 56 2
1044435 14 13 2
1044439 14 6 2
1044450 14 56 1
1044472 14 56 2
1044549 14 24 2
1044638 14 56 2
1044660 14 26 2
1044734 14 56 2
1044758 14 56 1
1044804 14 56 1
1044879 14 18 2
1044937 14 59 0
1044945 14 56 2
1044956 14 56 1
1045011 14 14 0
1045019 14 57 2
1045020 14 56 1
1045092 14 59 0
1045129 14 4 2
1045136 14 56 2
1045173 14 56 1
1045179 14 56 2
1045239 14 34 2
1045298 14 56 1
1045321 14 56 2
1045350 14 14 2
1045366 14 14 2
1045375 14 56 2
1045459 14 31 2
1045509 14 56 2
1045569 14 1 2
1045642 14 56 2
1045888 14 56 1
1045942 14 15 0
1046139 14 47 2
1046150 14 56 1
1046204 14 56 1
1046206 14 56 2
1046278 14 15 2
1046410 14 49 2
1046519 14 11 2
1046519 14 56 2
1046569 14 56 2
1046684 14 56 1
1046762 14 56 1
1046854 14 16 0
1046864 14 56 1
1046939 14 60 2
1046990 14 56 1
1047029 14 56 2
1047050 14 10 2
1047076 14 56 1
1047107 14 56 2
1047153 14 16 2
1047161 14 23 2
1047204 14 56 2
1047269 14 9 2
1047335 14 56 2
1047379 14 21 2
1047421 14 56 2
1047574 14 56 1
1047729 14 17 0
1047767 14 56 1
1047829 14 7 2
1047871 14 56 2
1048019 14 15 2
1048033 14 17 2
1048053 14 56 2
1048114 14 56 1
1048369 14 29 2
1048419 14 56 2
1048609 14 18 0
1048886 14 18 2
1049195 14 59 0
1049462 14 19 0
1049772 14 19 2
1050348 14 20 0
1050633 14 20 2
1051209 14 21 0
1051490 14 21 2
1052066 14 22 0
1052417 14 22 2
1052993 14 23 0
1053318 14 23 2
1053845 14 59 0
1053894 14 24 0
1054181 14 24 2
1054757 14 25 0
1055072 14 25 2
1055648 14 26 0
1055926 14 26 2
1056502 14 27 0
1056663 14 59 0
1056792 14 27 2
1057368 14 28 0
1057643 14 28 2
1058219 14 29 0
1058410 14 59 0
1058488 14 29 2
1059064 14 30 0
1059396 14 30 2
1059947 14 59 0
1059972 14 31 0
1060268 14 31 2
1060844 14 32 0
1061139 14 32 2
1061715 14 33 0
1062048 14 33 2
1062363 14 59 0
1062624 14 34 0
1062946 14 34 2
1063522 14 35 0
1063812 14 35 2
1064252 14 59 0
1064388 14 36 0
1064680 14 36 2
1065254 14 59 0
1065256 14 37 0
1065517 14 37 2
1066093 14 38 0
1066297 14 59 0
1066386 14 38 2
1066962 14 39 0
1067192 14 59 0
1067238 14 39 2
1067814 14 40 0
1068117 14 40 2
1068311 14 59 0
1068693 14 41 0
1069037 14 41 2
1069173 14 59 0
1069613 14 42 0
1069896 14 42 2
1070472 14 43 0
1070762 14 43 2
1071338 14 44 0
1071647 14 44 2
1072223 14 45 0
1072505 14 45 2
1073081 14 46 0
1073366 14 46 2
1073942 14 47 0
1074058 14 59 0
1074188 14 47 2
1074764 14 48 0
1075094 14 48 2
1075670 14 49 0
1076035 14 49 2
1076144 14 59 0
1076611 14 50 0
1076896 14 50 2
1077472 14 51 0
1077762 14 51 2
1078338 14 52 0
1078659 14 52 2
1078972 14 59 0
1079235 14 53 0
1079535 14 53 2
1080111 14 54 0
1080476 14 54 2
1081196 14 59 0
1084617 14 59 0
1086572 14 8 0
1086815 14 8 2
1095304 14 59 0
1098042 14 59 0
1101064 14 59 0
1101202 14 59 0
1101812 14 59 0
1113278 14 59 0
1119217 14 59 0
1119434 14 59 0
1121699 14 2 0
1121700 14 59 0
1124623 14 31 0
1124729 14 31 2
1124773 14 35 0
1125067 14 35 2
1125127 14 32 0
1125189 14 59 0
1125233 14 32 2
1125289 14 46 0
1125346 14 46 2
1125378 14 12 0
1125419 14 12 2
1125431 14 33 0
1125529 14 33 2
1125621 14 34 0
1125719 14 34 2
1125751 14 1 0
1125751 14 1 0
1125817 14 1 2
1125825 14 1 2
1125869 14 32 0
1125976 14 32 2
1125984 14 35 0
1126084 14 35 2
1126088 14 60 0
1126211 14 60 2
1126227 14 61 0
1126356 14 61 2
1126416 14 48 0
1126538 14 48 2
1126578 14 49 0
1126692 14 49 2
1126708 14 19 2
1126728 14 36 0
1126728 14 36 0
1126786 14 36 2
1126830 14 36 2
1126894 14 37 0
1126894 14 37 0
1126944 14 37 2
1126995 14 37 2
1127043 14 58 0
1127043 14 58 0
1127141 14 58 2
1127174 14 58 2
1127186 14 31 0
1127246 14 19 2
1127431 14 31 2
1127443 14 30 0
1127572 14 19 2
1127819 14 30 2
1127827 14 59 0
1127827 14 59 0
1127917 14 59 2
1127967 14 59 2
1128019 14 34 0
1128299 14 34 2
1128339 14 0 0
1128590 14 0 2
1128598 14 33 0
1128926 14 33 2
1128942 14 60 0
1129120 14 60 2
1129140 14 32 0
1129427 14 32 2
1129503 14 61 0
1129731 14 61 2
1129855 14 62 0
1130042 14 62 2
1130130 14 12 0
1130224 14 12 2
1130236 14 39 0
1130398 14 39 2
1130410 14 13 0
1130499 14 13 2
1130503 14 48 0
1130632 14 48 2
1130644 14 59 0
1130785 14 59 2
1130813 14 54 0
1130813 14 54 0
1130874 14 54 2
1130956 14 54 2
1130996 14 55 0
1131217 14 55 2
1131241 14 56 0
1131331 14 17 2
1131382 14 56 2
1131410 14 57 0
1131553 14 57 2
1131617 14 58 0
1131757 14 58 2
1131793 14 49 0
1131886 14 17 2
1131934 14 49 2
1131974 14 63 0
1132134 14 63 2
1132182 14 15 0
1132252 14 17 2
1132283 14 15 2
1132299 14 44 0
1132423 14 44 2
1132443 14 45 0
1132569 14 45 2
1132817 14 0 0
1132920 14 0 2
1133012 14 1 0
1133102 14 1 2
1133202 14 2 0
1133291 14 2 2
1133298 14 59 0
1133299 14 47 0
1133364 14 47 2
1133376 14 41 0
1133491 14 41 2
1133563 14 3 0
1133673 14 3 2
1133933 14 5 0
1134037 14 5 2
1134085 14 6 0
1134244 14 6 2
1134332 14 7 0
1134501 14 7 2
1134609 14 8 0
1134612 14 16 2
1134700 14 8 2
1134756 14 1 0
1134833 14 1 2
1135179 14 16 2
1135281 14 46 0
1135355 14 46 2
1135363 14 4 0
1135473 14 4 2
1135497 14 47 0
1135552 14 16 2
1135595 14 47 2
1135739 14 12 0
1135796 14 12 2
1136160 14 10 0
1136308 14 10 2
1136428 14 1 0
1136428 14 1 0
1136495 14 1 2
1136520 14 1 2
1136952 14 9 0
1137034 14 9 2
1137050 14 46 0
1137140 14 46 2
1137172 14 47 0
1137172 14 47 0
1137235 14 47 2
1137276 14 47 2
1137420 14 12 0
1137420 14 12 0
1137454 14 12 2
1137487 14 12 2
1137946 14 59 0
1137953 14 16 2
1137971 14 1 0
1138061 14 1 2
1138509 14 46 0
1138509 14 46 0
1138601 14 46 2
1138619 14 46 2
1138633 14 47 0
1138731 14 47 2
1138828 14 11 2
1138875 14 12 0
1138941 14 12 2
1139250 14 59 0
1139310 14 15 2
1139366 14 11 2
1139425 14 1 0
1139425 14 1 0
1139495 14 1 2
1139497 14 1 2
1139694 14 11 2
1139945 14 46 0
1139945 14 46 0
1139995 14 46 2
1140003 14 46 2
1140035 14 47 0
1140035 14 47 0
1140093 14 47 2
1140106 14 47 2
1140250 14 12 0
1140250 14 12 0
1140284 14 12 2
1140294 14 12 2
1140778 14 1 0
1140778 14 1 0
1140846 14 1 2
1140854 14 1 2
1141302 14 46 0
1141302 14 46 0
1141352 14 46 2
1141360 14 46 2
1141392 14 47 0
1141392 14 47 0
1141450 14 47 2
1141458 14 47 2
1141602 14 12 0
1141602 14 12 0
1141636 14 12 2
1141644 14 12 2
1142128 14 1 0
1142144 14 15 2
1142201 14 1 2
1142649 14 46 0
1142649 14 46 0
1142667 14 15 2
1142699 14 46 2
1142707 14 46 2
1142739 14 47 0
1142739 14 47 0
1142774 14 15 2
1142797 14 47 2
1142805 14 47 2
1142949 14 12 0
1142949 14 12 0
1142977 14 15 2
1142983 14 12 2
1142993 14 12 2
1143194 14 11 2
1143477 14 1 0
1143477 14 1 0
1143543 14 1 2
1143552 14 15 2
1143554 14 1 2
1144002 14 46 0
1144002 14 46 0
1144052 14 46 2
1144060 14 46 2
1144075 14 15 2
1144092 14 47 0
1144092 14 47 0
1144150 14 47 2
1144158 14 47 2
1144182 14 15 2
1144302 14 12 0
1144302 14 12 0
1144336 14 12 2
1144343 14 12 2
1144384 14 15 2
1144827 14 1 0
1144827 14 1 0
1144893 14 1 2
1144901 14 1 2
1144960 14 15 2
1145314 14 59 0
1145349 14 46 0
1145349 14 46 0
1145399 14 46 2
1145407 14 46 2
1145439 14 47 0
1145439 14 47 0
1145497 14 47 2
1145505 14 47 2
1145649 14 12 0
1145649 14 12 0
1145683 14 12 2
1145691 14 12 2
1145993 14 11 2
1146175 14 1 0
1146175 14 1 0
1146241 14 1 2
1146249 14 1 2
1146534 14 11 2
1146665 14 11 2
1146697 14 46 0
1146697 14 46 0
1146747 14 46 2
1146755 14 46 2
1146787 14 47 0
1146787 14 47 0
1146845 14 47 2
1146853 14 47 2
1146869 14 11 2
1146997 14 12 0
1146997 14 12 0
1147031 14 12 2
1147039 14 12 2
1147436 14 11 2
1147511 14 59 0
1147523 14 1 0
1147523 14 1 0
1147589 14 1 2
1147597 14 1 2
1147976 14 11 2
1148029 14 10 0
1148108 14 11 2
1148111 14 10 2
1148127 14 46 0
1148127 14 46 0
1148177 14 46 2
1148185 14 46 2
1148217 14 47 0
1148217 14 47 0
1148275 14 47 2
1148283 14 47 2
1148311 14 11 2
1148427 14 12 0
1148427 14 12 0
1148461 14 12 2
1148469 14 12 2
1148770 14 59 0
1148877 14 11 2
1148953 14 1 0
1148953 14 1 0
1149019 14 1 2
1149027 14 1 2
1149475 14 46 0
1149475 14 46 0
1149525 14 46 2
1149534 14 46 2
1149566 14 47 0
1149566 14 47 0
1149631 14 47 2
1149634 14 47 2
1149775 14 12 0
1149775 14 12 0
1149809 14 12 2
1149817 14 12 2
1150301 14 1 0
1150301 14 1 0
1150368 14 1 2
1150373 14 1 2
1150514 14 15 2
1150821 14 46 0
1150821 14 46 0
1150871 14 46 2
1150879 14 46 2
1150911 14 47 0
1150911 14 47 0
1150977 14 47 2
1150999 14 47 2
1151121 14 12 0
1151121 14 12 0
1151155 14 12 2
1151163 14 12 2
1151647 14 1 0
1151647 14 1 0
1151713 14 1 2
1151721 14 1 2
1152169 14 46 0
1152169 14 46 0
1152226 14 46 2
1152229 14 46 2
1152258 14 47 0
1152258 14 47 0
1152324 14 47 2
1152366 14 47 2
1152468 14 12 0
1152468 14 12 0
1152502 14 12 2
1152510 14 12 2
1152994 14 1 0
1152994 14 1 0
1153061 14 1 2
1153067 14 1 2
1153249 14 15 2
1153515 14 46 0
1153515 14 46 0
1153565 14 46 2
1153575 14 46 2
1153607 14 47 0
1153607 14 47 0
1153665 14 47 2
1153673 14 47 2
1153817 14 12 0
1153817 14 12 0
1153851 14 12 2
1153859 14 12 2
1154343 14 1 0
1154343 14 1 0
1154409 14 1 2
1154417 14 1 2
1154865 14 46 0
1154865 14 46 0
1154915 14 46 2
1154923 14 46 2
1154955 14 47 0
1154955 14 47 0
1155013 14 47 2
1155020 14 47 2
1155164 14 12 0
1155164 14 12 0
1155198 14 12 2
1155206 14 12 2
1155690 14 1 0
1155690 14 1 0
1155757 14 1 2
1155762 14 1 2
1156210 14 46 0
1156210 14 46 0
1156261 14 46 2
1156269 14 46 2
1156301 14 47 0
1156301 14 47 0
1156359 14 47 2
1156367 14 47 2
1156511 14 12 0
1156511 14 12 0
1156545 14 12 2
1156553 14 12 2
1157037 14 1 0
1157037 14 1 0
1157103 14 1 2
1157111 14 1 2
1157357 14 15 2
1157559 14 46 0
1157559 14 46 0
1157609 14 46 2
1157617 14 46 2
1157649 14 47 0
1157649 14 47 0
1157708 14 47 2
1157716 14 47 2
1157860 14 12 0
1157860 14 12 0
1157894 14 12 2
1157902 14 12 2
1158386 14 1 0
1158386 14 1 0
1158453 14 1 2
1158458 14 1 2
1158890 14 11 0
1158890 14 11 0
1158932 14 11 2
1158972 14 11 2
1158988 14 46 0
1158988 14 46 0
1159038 14 46 2
1159057 14 46 2
1159089 14 47 0
1159089 14 47 0
1159147 14 47 2
1159155 14 47 2
1159299 14 12 0
1159299 14 12 0
1159333 14 12 2
1159341 14 12 2
1159825 14 1 0
1159825 14 1 0
1159891 14 1 2
1159899 14 1 2
1160347 14 46 0
1160347 14 46 0
1160397 14 46 2
1160405 14 46 2
1160437 14 47 0
1160437 14 47 0
1160495 14 47 2
1160503 14 47 2
1160647 14 12 0
1160647 14 12 0
1160685 14 12 2
1160687 14 12 2
1161171 14 1 0
1161171 14 1 0
1161237 14 1 2
1161244 14 1 2
1161547 14 15 2
1161689 14 59 0
1161692 14 46 0
1161692 14 46 0
1161742 14 46 2
1161750 14 46 2
1161782 14 47 0
1161782 14 47 0
1161840 14 47 2
1161848 14 47 2
1161992 14 12 0
1161992 14 12 0
1162026 14 12 2
1162034 14 12 2
1162518 14 1 0
1162518 14 1 0
1162584 14 1 2
1162592 14 1 2
1163040 14 46 0
1163040 14 46 0
1163090 14 46 2
1163097 14 46 2
1163129 14 47 0
1163129 14 47 0
1163187 14 47 2
1163195 14 47 2
1163339 14 12 0
1163339 14 12 0
1163374 14 12 2
1163379 14 12 2
1163863 14 1 0
1163863 14 1 0
1163929 14 1 2
1163938 14 1 2
1164386 14 46 0
1164386 14 46 0
1164436 14 46 2
1164443 14 46 2
1164475 14 47 0
1164475 14 47 0
1164533 14 47 2
1164540 14 47 2
1164684 14 12 0
1164684 14 12 0
1164718 14 12 2
1164725 14 12 2
1165172 14 59 0
1165209 14 1 0
1165209 14 1 0
1165275 14 1 2
1165324 14 1 2
1165651 14 15 2
1165772 14 46 0
1165772 14 46 0
1165822 14 46 2
1165830 14 46 2
1165862 14 47 0
1165862 14 47 0
1165920 14 47 2
1165928 14 47 2
1166072 14 12 0
1166072 14 12 0
1166107 14 12 2
1166114 14 12 2
1166598 14 1 0
1166598 14 1 0
1166664 14 1 2
1166713 14 1 2
1167161 14 46 0
1167161 14 46 0
1167211 14 46 2
1167219 14 46 2
1167251 14 47 0
1167251 14 47 0
1167309 14 47 2
1167318 14 47 2
1167462 14 12 0
1167462 14 12 0
1167496 14 12 2
1167504 14 12 2
1167988 14 1 0
1167988 14 1 0
1168054 14 1 2
1168111 14 1 2
1168559 14 46 0
1168559 14 46 0
1168609 14 46 2
1168617 14 46 2
1168649 14 47 0
1168649 14 47 0
1168707 14 47 2
1168715 14 47 2
1168859 14 12 0
1168859 14 12 0
1168894 14 12 2
1168899 14 12 2
1169305 14 59 0
1169383 14 1 0
1169383 14 1 0
1169449 14 1 2
1169458 14 1 2
1169809 14 59 0
1169890 14 12 0
1169890 14 12 0
1169924 14 12 2
1169932 14 12 2
1169948 14 46 0
1169948 14 46 0
1169998 14 46 2
1170007 14 46 2
1170039 14 47 0
1170039 14 47 0
1170097 14 47 2
1170104 14 47 2
1170248 14 12 0
1170248 14 12 0
1170282 14 12 2
1170290 14 12 2
1170774 14 1 0
1170774 14 1 0
1170840 14 1 2
1170847 14 1 2
1171227 14 15 2
1171295 14 46 0
1171295 14 46 0
1171345 14 46 2
1171414 14 46 2
1171446 14 47 0
1171446 14 47 0
1171505 14 47 2
1171540 14 47 2
1171684 14 12 0
1171684 14 12 0
1171719 14 12 2
1171726 14 12 2
1172210 14 1 0
1172210 14 1 0
1172276 14 1 2
1172284 14 1 2
1172657 14 15 2
1172732 14 46 0
1172732 14 46 0
1172782 14 46 2
1172793 14 46 2
1172825 14 47 0
1172825 14 47 0
1172883 14 47 2
1172923 14 47 2
1173067 14 12 0
1173067 14 12 0
1173101 14 12 2
1173109 14 12 2
1173593 14 1 0
1173593 14 1 0
1173659 14 1 2
1173708 14 1 2
1173985 14 59 0
1174156 14 46 0
1174156 14 46 0
1174206 14 46 2
1174214 14 46 2
1174246 14 47 0
1174246 14 47 0
1174304 14 47 2
1174322 14 47 2
1174466 14 12 0
1174466 14 12 0
1174500 14 12 2
1174509 14 12 2
1174993 14 1 0
1174993 14 1 0
1175059 14 1 2
1175066 14 1 2
1175514 14 46 0
1175514 14 46 0
1175515 14 59 0
1175564 14 46 2
1175571 14 46 2
1175603 14 47 0
1175603 14 47 0
1175661 14 47 2
1175669 14 47 2
1175813 14 12 0
1175813 14 12 0
1175847 14 12 2
1175896 14 12 2
1176380 14 1 0
1176380 14 1 0
1176446 14 1 2
1176495 14 1 2
1176943 14 46 0
1176943 14 46 0
1176994 14 46 2
1177081 14 46 2
1177113 14 47 0
1177113 14 47 0
1177173 14 47 2
1177198 14 47 2
1177342 14 12 0
1177342 14 12 0
1177376 14 12 2
1177385 14 12 2
1177869 14 1 0
1177869 14 1 0
1177935 14 1 2
1177942 14 1 2
1178390 14 46 0
1178390 14 46 0
1178440 14 46 2
1178468 14 46 2
1178500 14 47 0
1178500 14 47 0
1178558 14 47 2
1178596 14 47 2
1178740 14 12 0
1178740 14 12 0
1178774 14 12 2
1178781 14 12 2
1179265 14 1 0
1179265 14 1 0
1179331 14 1 2
1179339 14 1 2
1179597 14 59 0
1179615 14 15 2
1179733 14 59 0
1179787 14 46 0
1179787 14 46 0
1179837 14 46 2
1179845 14 46 2
1179877 14 47 0
1179877 14 47 0
1179936 14 47 2
1179981 14 47 2
1180125 14 12 0
1180125 14 12 0
1180159 14 12 2
1180167 14 12 2
1180647 14 59 0
1180651 14 1 0
1180651 14 1 0
1180718 14 1 2
1180726 14 1 2
1181158 14 13 0
1181240 14 13 2
1181256 14 46 0
1181256 14 46 0
1181306 14 46 2
1181313 14 46 2
1181345 14 47 0
1181345 14 47 0
1181403 14 47 2
1181442 14 47 2
1181586 14 12 0
1181586 14 12 0
1181620 14 12 2
1181628 14 12 2
1181641 14 59 0
1182112 14 1 0
1182112 14 1 0
1182178 14 1 2
1182186 14 1 2
1182355 14 15 2
1182634 14 46 0
1182634 14 46 0
1182684 14 46 2
1182752 14 46 2
1182784 14 47 0
1182784 14 47 0
1182842 14 47 2
1182906 14 47 2
1183050 14 12 0
1183050 14 12 0
1183084 14 12 2
1183092 14 12 2
1183576 14 1 0
1183576 14 1 0
1183643 14 1 2
1183651 14 1 2
1184099 14 46 0
1184099 14 46 0
1184149 14 46 2
1184158 14 46 2
1184190 14 47 0
1184190 14 47 0
1184248 14 47 2
1184266 14 47 2
1184410 14 12 0
1184410 14 12 0
1184444 14 12 2
1184452 14 12 2
1184936 14 1 0
1184936 14 1 0
1185002 14 1 2
1185010 14 1 2
1185217 14 59 0
1185458 14 46 0
1185458 14 46 0
1185508 14 46 2
1185566 14 46 2
1185598 14 47 0
1185598 14 47 0
1185656 14 47 2
1185704 14 47 2
1185848 14 12 0
1185848 14 12 0
1185882 14 12 2
1185890 14 12 2
1186374 14 1 0
1186374 14 1 0
1186440 14 1 2
1186505 14 1 2
1186820 14 59 0
1186953 14 46 0
1186953 14 46 0
1187004 14 46 2
1187071 14 46 2
1187103 14 47 0
1187103 14 47 0
1187161 14 47 2
1187201 14 47 2
1187345 14 12 0
1187345 14 12 0
1187379 14 12 2
1187387 14 12 2
1187871 14 1 0
1187871 14 1 0
1187937 14 1 2
1188010 14 1 2
1188458 14 46 0
1188458 14 46 0
1188508 14 46 2
1188522 14 46 2
1188554 14 47 0
1188554 14 47 0
1188612 14 47 2
1188620 14 47 2
1188764 14 12 0
1188764 14 12 0
1188798 14 12 2
1188805 14 12 2
1189289 14 1 0
1189289 14 1 0
1189355 14 1 2
1189362 14 1 2
1189810 14 46 0
1189810 14 46 0
1189860 14 46 2
1189868 14 46 2
1189900 14 47 0
1189900 14 47 0
1189959 14 47 2
1189964 14 47 2
1190108 14 12 0
1190108 14 12 0
1190150 14 12 2
1190154 14 12 2
1190634 14 1 0
1190634 14 1 0
1190700 14 1 2
1190773 14 1 2
1191221 14 46 0
1191221 14 46 0
1191271 14 46 2
1191279 14 46 2
1191311 14 47 0
1191311 14 47 0
1191369 14 47 2
1191378 14 47 2
1191522 14 12 0
1191522 14 12 0
1191556 14 12 2
1191563 14 12 2
1192047 14 1 0
1192047 14 1 0
1192113 14 1 2
1192122 14 1 2
1192554 14 14 0
1192563 14 59 0
1192662 14 14 2
1192678 14 46 0
1192678 14 46 0
1192728 14 46 2
1192736 14 46 2
1192768 14 47 0
1192768 14 47 0
1192826 14 47 2
1192834 14 47 2
1192978 14 12 0
1192978 14 12 0
1193012 14 12 2
1193019 14 12 2
1193503 14 1 0
1193503 14 1 0
1193569 14 1 2
1193577 14 1 2
1193606 14 15 2
1194025 14 46 0
1194025 14 46 0
1194071 14 59 0
1194075 14 46 2
1194085 14 46 2
1194117 14 47 0
1194117 14 47 0
1194181 14 47 2
1194189 14 47 2
1194333 14 12 0
1194333 14 12 0
1194367 14 12 2
1194374 14 12 2
1194858 14 1 0
1194858 14 1 0
1194924 14 1 2
1194940 14 1 2
1195388 14 46 0
1195388 14 46 0
1195438 14 46 2
1195446 14 46 2
1195478 14 47 0
1195478 14 47 0
1195536 14 47 2
1195544 14 47 2
1195688 14 12 0
1195688 14 12 0
1195722 14 12 2
1195730 14 12 2
1196214 14 1 0
1196214 14 1 0
1196280 14 1 2
1196288 14 1 2
1196464 14 15 2
1196736 14 46 0
1196736 14 46 0
1196787 14 46 2
1196792 14 46 2
1196824 14 47 0
1196824 14 47 0
1196882 14 47 2
1196890 14 47 2
1197034 14 12 0
1197034 14 12 0
1197068 14 12 2
1197075 14 12 2
1197559 14 1 0
1197559 14 1 0
1197625 14 1 2
1197634 14 1 2
1198082 14 46 0
1198082 14 46 0
1198132 14 46 2
1198140 14 46 2
1198172 14 47 0
1198172 14 47 0
1198230 14 47 2
1198261 14 47 2
1198324 14 59 0
1198405 14 12 0
1198405 14 12 0
1198439 14 12 2
1198448 14 12 2
1198932 14 1 0
1198932 14 1 0
1198998 14 1 2
1199008 14 1 2
1199456 14 46 0
1199456 14 46 0
1199507 14 46 2
1199513 14 46 2
1199545 14 47 0
1199545 14 47 0
1199603 14 47 2
1199640 14 47 2
1199784 14 12 0
1199784 14 12 0
1199818 14 12 2
1199826 14 12 2
1200310 14 1 0
1200310 14 1 0
1200315 14 59 0
1200376 14 1 2
1200384 14 1 2
1200565 14 15 2
1200832 14 46 0
1200832 14 46 0
1200882 14 46 2
1200929 14 46 2
1200961 14 47 0
1200961 14 47 0
1201019 14 47 2
1201057 14 47 2
1201201 14 12 0
1201201 14 12 0
1201235 14 12 2
1201243 14 12 2
1201727 14 1 0
1201727 14 1 0
1201793 14 1 2
1201801 14 1 2
1202249 14 46 0
1202249 14 46 0
1202300 14 46 2
1202305 14 46 2
1202337 14 47 0
1202337 14 47 0
1202395 14 47 2
1202403 14 47 2
1202547 14 12 0
1202547 14 12 0
1202576 14 59 0
1202581 14 12 2
1202590 14 12 2
1202701 14 59 0
1202978 14 1 0
1202978 14 1 0
1203044 14 1 2
1203052 14 1 2
1203484 14 7 0
1203550 14 7 2
1203566 14 46 0
1203566 14 46 0
1203616 14 46 2
1203624 14 46 2
1203656 14 47 0
1203656 14 47 0
1203714 14 47 2
1203722 14 47 2
1203866 14 12 0
1203866 14 12 0
1203900 14 12 2
1203908 14 12 2
1204392 14 1 0
1204392 14 1 0
1204458 14 1 2
1204465 14 1 2
1204913 14 46 0
1204913 14 46 0
1204963 14 46 2
1204971 14 46 2
1205003 14 47 0
1205003 14 47 0
1205061 14 47 2
1205069 14 47 2
1205213 14 12 0
1205213 14 12 0
1205247 14 12 2
1205255 14 12 2
1205634 14 59 0
1205739 14 1 0
1205739 14 1 0
1205805 14 1 2
1205822 14 1 2
1206270 14 46 0
1206270 14 46 0
1206320 14 46 2
1206328 14 46 2
1206349 14 59 0
1206360 14 47 0
1206360 14 47 0
1206418 14 47 2
1206429 14 47 2
1206573 14 5 0
1206648 14 5 2
1206656 14 61 0
1206656 14 61 0
1206730 14 61 2
1206779 14 61 2
1206787 14 29 0
1207038 14 29 2
1207054 14 62 0
1207054 14 62 0
1207120 14 62 2
1207128 14 62 2
1207404 14 63 0
1207404 14 63 0
1207478 14 63 2
1207536 14 63 2
1207960 14 12 0
1207960 14 12 0
1207994 14 12 2
1208037 14 12 2
1208477 14 11 0
1208567 14 11 2
1208779 14 1 0
1208779 14 1 0
1208845 14 1 2
1208862 14 1 2
1209310 14 46 0
1209310 14 46 0
1209360 14 46 2
1209392 14 46 2
1209424 14 47 0
1209424 14 47 0
1209482 14 47 2
1209515 14 47 2
1209581 14 15 2
1209659 14 12 0
1209659 14 12 0
1209693 14 12 2
1209718 14 12 2
1210202 14 1 0
1210202 14 1 0
1210269 14 1 2
1210274 14 1 2
1210722 14 46 0
1210722 14 46 0
1210772 14 46 2
1210781 14 46 2
1210813 14 47 0
1210813 14 47 0
1210871 14 47 2
1210938 14 47 2
1211082 14 12 0
1211082 14 12 0
1211116 14 12 2
1211124 14 12 2
1211608 14 1 0
1211608 14 1 0
1211674 14 1 2
1211682 14 1 2
1212130 14 46 0
1212130 14 46 0
1212180 14 46 2
1212245 14 46 2
1212277 14 47 0
1212277 14 47 0
1212335 14 47 2
1212400 14 47 2
1212544 14 12 0
1212544 14 12 0
1212578 14 12 2
1212627 14 12 2
1213111 14 1 0
1213111 14 1 0
1213178 14 1 2
1213183 14 1 2
1213631 14 46 0
1213631 14 46 0
1213682 14 46 2
1213687 14 46 2
1213719 14 47 0
1213719 14 47 0
1213777 14 47 2
1213785 14 47 2
1213929 14 12 0
1213970 14 12 2
1214454 14 1 0
1214454 14 1 0
1214520 14 1 2
1214527 14 1 2
1214975 14 46 0
1214975 14 46 0
1215025 14 46 2
1215033 14 46 2
1215065 14 47 0
1215065 14 47 0
1215132 14 47 2
1215133 14 47 2
1215277 14 12 0
1215277 14 12 0
1215311 14 12 2
1215319 14 12 2
1215530 14 59 0
1215803 14 1 0
1215803 14 1 0
1215869 14 1 2
1215877 14 1 2
1216325 14 46 0
1216325 14 46 0
1216375 14 46 2
1216382 14 46 2
1216414 14 47 0
1216414 14 47 0
1216472 14 47 2
1216479 14 47 2
1216623 14 12 0
1216623 14 12 0
1216657 14 12 2
1216664 14 12 2
1217148 14 1 0
1217148 14 1 0
1217214 14 1 2
1217226 14 1 2
1217674 14 46 0
1217674 14 46 0
1217724 14 46 2
1217732 14 46 2
1217764 14 47 0
1217764 14 47 0
1217823 14 47 2
1217831 14 47 2
1217975 14 12 0
1217975 14 12 0
1218009 14 12 2
1218017 14 12 2
1218501 14 1 0
1218501 14 1 0
1218567 14 1 2
1218575 14 1 2
1219023 14 46 0
1219023 14 46 0
1219073 14 46 2
1219081 14 46 2
1219113 14 47 0
1219113 14 47 0
1219171 14 47 2
1219179 14 47 2
1219323 14 12 0
1219323 14 12 0
1219357 14 12 2
1219365 14 12 2
1219849 14 1 0
1219849 14 1 0
1219915 14 1 2
1219923 14 1 2
1220371 14 46 0
1220371 14 46 0
1220421 14 46 2
1220429 14 46 2
1220461 14 47 0
1220461 14 47 0
1220519 14 47 2
1220527 14 47 2
1220671 14 12 0
1220671 14 12 0
1220705 14 12 2
1220713 14 12 2
1221197 14 1 0
1221197 14 1 0
1221263 14 1 2
1221280 14 1 2
1221728 14 46 0
1221728 14 46 0
1221778 14 46 2
1221786 14 46 2
1221818 14 47 0
1221818 14 47 0
1221876 14 47 2
1221884 14 47 2
1222028 14 12 0
1222028 14 12 0
1222062 14 12 2
1222070 14 12 2
1222554 14 1 0
1222554 14 1 0
1222622 14 1 2
1222655 14 1 2
1223103 14 46 0
1223103 14 46 0
1223153 14 46 2
1223162 14 46 2
1223194 14 47 0
1223194 14 47 0
1223252 14 47 2
1223260 14 47 2
1223404 14 12 0
1223404 14 12 0
1223438 14 12 2
1223446 14 12 2
1223922 14 9 0
1224062 14 9 2
1224186 14 55 0
1224322 14 55 2
1224326 14 1 0
1224326 14 1 0
1224393 14 1 2
1224424 14 1 2
1224448 14 56 0
1224589 14 56 2
1224629 14 45 0
1224718 14 45 2
1224774 14 46 0
1224864 14 46 2
1224940 14 63 0
1225299 14 63 2
1225307 14 47 0
1225405 14 47 2
1225509 14 62 0
1225509 14 62 0
1225575 14 62 2
1225583 14 62 2
1225777 14 15 2
1225879 14 3 0
1226132 14 11 2
1226190 14 3 2
1226198 14 19 0
1226241 14 12 2
1226264 14 19 2
1226268 14 3 0
1236824 14 3 2
1238551 14 22 2
1238552 14 3 0
1242038 14 3 2
1991544 14 1 0
1991544 14 1 0
1991612 14 1 2
1994929 14 1 2
1995190 14 50 0
1995325 14 36 0
1995325 14 36 0
1995518 14 50 0
1995637 14 50 0
1996088 14 50 0
1996195 14 36 2
1996239 14 37 0
1996239 14 37 0
1996312 14 50 0
1996455 14 50 0
1996459 14 37 2
1996589 14 37 2
1996591 14 50 0
1996721 14 8 0
1996721 14 8 0
1996728 14 50 0
1996787 14 8 2
1996835 14 8 2
1996843 14 50 0
1996883 14 0 0
1996883 14 0 0
1996957 14 0 2
1997063 14 50 0
1997094 14 0 2
1997182 14 36 0
1997240 14 36 2
1997247 14 50 0
1997415 14 50 0
1997575 14 50 0
1997699 14 50 0
1997854 14 12 2
1997905 14 50 0
1997964 14 36 2
1997972 14 36 0
1998029 14 50 0
1998152 14 50 0
1998256 14 12 2
1998356 14 50 0
1998407 14 12 2
1998540 14 50 0
1998696 14 50 0
1998787 14 36 2
1998819 14 38 0
1998819 14 38 0
1998858 14 50 0
1998975 14 50 0
1999012 14 38 2
1999048 14 38 2
1999089 14 50 0
1999208 14 54 0
1999208 14 54 0
1999210 14 50 0
1999266 14 54 2
1999322 14 50 0
1999324 14 54 2
1999384 14 37 0
1999384 14 37 0
1999434 14 37 2
1999442 14 37 2
1999444 14 50 0
1999604 14 50 0
1999730 14 50 0
1999847 14 50 0
1999963 14 50 0
2000086 14 50 0
2000213 14 50 0
2000271 14 0 2
2000354 14 50 0
2000430 14 47 0
2000430 14 47 0
2000447 14 11 2
2000481 14 50 0
2000489 14 47 2
2000598 14 50 0
2000747 14 50 0
2001124 14 47 2
2001148 14 11 0
2001148 14 11 0
2001183 14 11 2
2001190 14 11 2
2001198 14 11 2
2001322 14 11 2
2001326 14 1 0
2001365 14 50 0
2001472 14 1 2
2001528 14 7 0
2001581 14 50 0
2001708 14 50 0
2002035 14 50 0
2002267 14 50 0
2002871 14 50 0
2003086 14 50 0
2003424 14 50 0
2003466 14 7 2
2003531 14 50 0
2003652 14 50 0
2003844 14 50 0
2003934 14 14 0
2003953 14 50 0
2004008 14 10 2
2004050 14 14 2
2004062 14 50 0
2004062 14 15 0
2004062 14 15 0
2004088 14 15 2
2004129 14 15 2
2004188 14 13 2
2004217 14 38 0
2004217 14 38 0
2004248 14 50 0
2004259 14 38 2
2004267 14 38 2
2004366 14 50 0
2004423 14 46 0
2004480 14 10 2
2004481 14 50 0
2004532 14 46 2
2004576 14 12 0
2004617 14 12 2
2004625 14 0 0
2004625 14 0 0
2004701 14 0 2
2004702 14 50 0
2004709 14 0 2
2004710 14 13 2
2004813 14 50 0
2004856 14 13 2
2004857 14 47 0
2004923 14 47 2
2004939 14 12 0
2005024 14 12 2
2005060 14 47 0
2005128 14 47 2
2005188 14 50 0
2005315 14 50 0
2005430 14 50 0
2005557 14 50 0
2005694 14 50 0
2005815 14 50 0
2005876 14 54 0
2005876 14 54 0
2005935 14 54 2
2005962 14 54 2
2006610 14 58 0
2006610 14 58 0
2006708 14 58 2
2007005 14 58 2
2007085 14 59 0
2007085 14 59 0
2007175 14 59 2
2007193 14 59 2
2007253 14 38 0
2007253 14 38 0
2007295 14 38 2
2007303 14 38 2
2968863 14 38 0
2968863 14 38 0
2970476 14 38 2
2970994 14 38 2
2972460 14 38 0
2972460 14 38 0
2972502 14 38 2
2974348 14 0 2
2975520 14 38 2
2975804 14 7 0
2976520 14 7 2
2978432 14 38 0
2978432 14 38 0
2978474 14 38 2
2978482 14 38 2
3945388 14 38 0
3945388 14 38 0
3945611 14 38 2
3945643 14 38 2
3947627 14 38 0
3947627 14 38 0
3947669 14 38 2
3951357 14 38 2
3953553 14 38 0
3953553 14 38 0
3953595 14 38 2
3953603 14 38 2
4921981 14 38 0
4921981 14 38 0
4923526 14 38 2
4924449 14 38 2
4926433 14 38 0
4926433 14 38 0
4926475 14 38 2
4927548 14 0 2
4928703 14 38 2
4928987 14 7 0
4930105 14 7 2
4932017 14 38 0
4932017 14 38 0
4932059 14 38 2
4932067 14 38 2
4979998 14 50 2
4980145 14 50 2
4980396 14 50 2
5898519 14 38 0
5898519 14 38 0
5899001 14 38 2
5899209 14 38 2
5901193 14 38 0
5901193 14 38 0
5901236 14 38 2
5901601 14 38 2
5901757 14 46 0
5901815 14 46 2
5901859 14 12 0
5901901 14 12 2
5902057 14 47 0
5902122 14 47 2
5903962 14 38 0
5903962 14 38 0
5904012 14 38 2
5904044 14 38 2
5935491 14 63 2
5935614 14 63 2
5935865 14 63 2
