0 42 51 0
421 42 51 2
425 42 22 0
973 42 22 2
985 42 1 0
1308 42 1 2
1328 42 24 0
1540 42 24 2
13318 42 56 1
13506 42 0 2
13588 42 56 2
30747 42 56 1
30935 42 2 2
31000 42 56 2
41734 42 4 0
44035 42 4 2
44087 42 44 0
45161 42 56 1
45255 42 56 1
45356 42 4 2
45438 42 56 2
45466 42 29 2
45476 42 56 1
45532 42 56 2
45617 42 56 1
45666 42 11 2
45728 42 56 1
45731 42 44 2
45731 42 56 2
45743 42 5 0
45797 42 56 1
45806 42 15 2
45900 42 5 2
45904 42 56 2
45912 42 45 0
45916 42 6 2
45934 42 56 1
46001 42 56 1
46013 42 56 2
46026 42 28 2
46084 42 56 2
46122 42 56 1
46136 42 13 2
46220 42 56 2
46229 42 56 1
46246 42 25 2
46262 42 45 2
46295 42 56 2
46330 42 24 0
46356 42 18 2
46363 42 56 1
46407 42 56 2
46466 42 56 1
46466 42 17 2
46525 42 56 2
46576 42 21 2
46577 42 56 1
46651 42 56 2
46686 42 20 2
46693 42 56 1
46754 42 56 2
46796 42 1 2
46837 42 56 1
46867 42 24 2
46872 42 56 2
46899 42 25 0
46906 42 12 2
46952 42 56 1
46980 42 56 2
47017 42 25 2
47025 42 26 0
47026 42 7 2
47043 42 56 1
47126 42 26 2
47131 42 56 2
47146 42 23 2
47163 42 56 1
47166 42 27 0
47236 42 56 2
47256 42 39 2
47266 42 27 2
47273 42 56 1
47286 42 33 0
47330 42 56 2
47366 42 30 2
47376 42 56 1
47440 42 56 2
47461 42 56 1
47476 42 3 2
47550 42 56 2
47586 42 47 2
47589 42 56 1
47652 42 56 2
47696 42 44 2
47697 42 56 1
47737 42 56 2
47764 42 33 2
47784 42 35 0
47793 42 56 1
47806 42 10 2
47864 42 56 2
47875 42 35 2
47883 42 41 0
47916 42 60 2
47933 42 56 1
47974 42 56 2
48024 42 56 1
48026 42 57 2
48076 42 56 2
48136 42 8 2
48169 42 56 1
48210 42 56 2
48223 42 56 1
48246 42 36 2
48296 42 56 2
48356 42 5 2
48381 42 56 1
48446 42 56 2
48466 42 34 2
48468 42 56 1
48500 42 56 2
48576 42 31 2
48630 42 41 2
48646 42 42 0
48655 42 56 1
48658 42 56 2
48686 42 53 2
48744 42 56 2
48829 42 56 1
48846 42 42 2
48862 42 42 2
48871 42 56 2
48894 42 1 0
48923 42 56 1
48993 42 56 1
48996 42 1 2
49016 42 14 2
49032 42 36 0
49106 42 56 2
49122 42 56 1
49126 42 54 2
49193 42 56 2
49206 42 36 2
49218 42 43 0
49236 42 40 2
49237 42 56 1
49277 42 56 2
49331 42 56 1
49346 42 24 2
49404 42 56 2
49452 42 56 1
49456 42 16 2
49521 42 56 2
49566 42 26 2
49567 42 56 1
49607 42 56 2
49640 42 43 2
49656 42 17 0
49660 42 56 1
49676 42 45 2
49726 42 56 2
49780 42 17 2
49786 42 9 2
49798 42 56 1
49852 42 56 2
49872 42 27 0
49896 42 58 2
49938 42 56 2
49945 42 56 1
49982 42 27 2
49986 42 37 0
50006 42 37 2
50039 42 56 1
50066 42 56 2
50115 42 37 2
50127 42 17 0
50133 42 56 1
50136 42 38 2
50202 42 56 2
50246 42 59 2
50252 42 56 1
50273 42 17 2
50281 42 15 0
50296 42 56 2
50356 42 33 2
50363 42 56 1
50399 42 56 2
50466 42 49 2
50474 42 15 2
50491 42 56 1
50508 42 56 2
50514 42 16 0
50576 42 50 2
50596 42 56 1
50610 42 56 2
50686 42 52 2
50729 42 56 1
50737 42 56 2
50796 42 32 2
50828 42 56 1
50846 42 56 2
50870 42 16 2
50910 42 18 0
50910 42 56 1
50916 42 61 2
50982 42 56 2
51007 42 18 2
51026 42 19 2
51031 42 61 0
51040 42 56 1
51085 42 56 2
51136 42 56 1
51156 42 41 2
51190 42 56 2
51266 42 56 2
51291 42 56 1
51324 42 56 2
51365 42 61 2
51367 42 56 1
51376 42 43 2
51377 42 54 0
51410 42 56 2
51484 42 56 1
51486 42 63 2
51504 42 54 2
51524 42 12 0
51568 42 56 2
51596 42 35 2
51614 42 56 1
51630 42 12 2
51638 42 19 0
51638 42 56 2
51663 42 56 1
51706 42 27 2
51721 42 56 1
51755 42 56 2
51760 42 19 2
51764 42 35 0
51816 42 56 1
51816 42 62 2
51855 42 17 2
51891 42 56 2
51912 42 56 2
51921 42 56 1
51926 42 46 2
51984 42 56 2
52036 42 51 2
52046 42 35 2
52062 42 53 0
52074 42 56 1
52078 42 56 2
52146 42 48 2
52174 42 56 1
52196 42 56 2
52266 42 22 2
52351 42 56 2
52376 42 55 2
52450 42 56 2
52657 42 53 2
52697 42 33 0
52896 42 33 2
52908 42 36 0
53033 42 36 2
53053 42 40 0
53295 42 40 2
53319 42 37 0
53431 42 37 2
53535 42 38 0
53644 42 38 2
53648 42 3 0
53968 42 3 2
53992 42 8 0
54155 42 8 2
54163 42 29 0
54321 42 29 2
54361 42 0 0
54662 42 0 2
54674 42 38 0
55204 42 38 2
55220 42 39 0
56773 42 39 2
56777 42 39 0
57157 42 39 2
57213 42 36 0
57322 42 36 2
57354 42 38 0
57503 42 38 2
57519 42 51 0
57616 42 51 2
57672 42 25 0
57953 42 25 2
57961 42 52 0
58689 42 52 2
58725 42 33 0
59010 42 33 2
59030 42 53 0
59319 42 53 2
59343 42 54 0
59808 42 54 2
59824 42 11 0
60130 42 11 2
60142 42 56 0
61177 42 56 2
61181 42 12 0
61449 42 12 2
61457 42 57 0
61910 42 57 2
61914 42 2 0
62211 42 2 2
62263 42 37 0
62433 42 37 2
62449 42 40 0
62628 42 40 2
62684 42 58 0
63023 42 58 2
63083 42 35 0
63203 42 35 2
63207 42 50 0
63395 42 50 2
63415 42 62 0
63909 42 62 2
63937 42 38 0
64220 42 56 1
64234 42 38 2
64306 42 63 0
64415 42 7 2
64520 42 56 2
64856 42 63 2
64896 42 12 0
65170 42 12 2
65194 42 2 0
65345 42 2 2
65369 42 13 0
65660 42 13 2
65756 42 3 0
65898 42 3 2
65938 42 23 0
66174 42 23 2
66190 42 24 0
66306 42 24 2
66414 42 13 0
66772 42 13 2
66780 42 25 0
66890 42 25 2
66918 42 26 0
67008 42 26 2
67088 42 0 0
67178 42 0 2
67186 42 3 0
67316 42 3 2
67360 42 4 0
67521 42 4 2
67617 42 5 0
67726 42 5 2
67766 42 15 0
68310 42 15 2
68318 42 14 0
68765 42 14 2
68777 42 50 0
69245 42 50 2
69273 42 6 0
69384 42 6 2
69404 42 4 0
69511 42 4 2
69519 42 8 0
69664 42 8 2
69668 42 47 0
70321 42 47 2
70329 42 49 0
70466 42 49 2
70482 42 11 0
70576 42 11 2
70612 42 5 0
70720 42 5 2
70744 42 37 0
71012 42 37 2
71076 42 4 0
71165 42 4 2
71169 42 1 0
71267 42 1 2
71295 42 27 0
71391 42 27 2
71399 42 2 0
71548 42 2 2
71560 42 11 0
71714 42 11 2
71722 42 7 0
71983 42 7 2
72003 42 3 0
72162 42 3 2
72270 42 6 0
72497 42 6 2
72517 42 9 0
73203 42 9 2
73375 42 8 0
74220 42 8 2
74232 42 11 0
74383 42 11 2
74403 42 12 0
74525 42 12 2
74549 42 16 0
75173 42 16 2
75181 42 13 0
75339 42 13 2
75387 42 2 0
75505 42 2 2
75541 42 14 0
75713 42 14 2
75717 42 17 0
76278 42 17 2
76286 42 15 0
76481 42 15 2
76501 42 18 0
76885 42 18 2
76909 42 4 0
77049 42 4 2
77089 42 40 0
77548 42 40 2
77552 42 38 0
77552 42 38 0
77610 42 38 2
77713 42 38 2
77721 42 27 0
77829 42 27 2
77849 42 35 0
77933 42 35 2
77989 42 28 0
78138 42 28 2
78206 42 3 0
78289 42 3 2
78293 42 46 0
78624 42 46 2
78644 42 4 0
78785 42 4 2
78817 42 0 0
78947 42 0 2
78951 42 29 0
79089 42 29 2
79233 42 47 0
79548 42 47 2
79620 42 30 0
79798 42 30 2
80150 42 31 0
80381 42 31 2
80385 42 44 0
80441 42 56 1
80476 42 44 2
80484 42 43 0
80635 42 17 2
80693 42 56 2
80740 42 43 2
80872 42 32 0
81111 42 32 2
81183 42 33 0
81336 42 33 2
81384 42 33 0
81602 42 33 2
81610 42 27 0
81702 42 27 2
81806 42 54 0
83028 42 56 1
83215 42 53 2
83219 42 54 2
83231 42 28 0
83272 42 56 2
83381 42 28 2
83397 42 34 0
83630 42 34 2
83638 42 56 0
84168 42 56 1
84355 42 35 2
84396 42 56 2
85711 42 56 2
85727 42 35 0
85988 42 35 2
86088 42 41 0
86287 42 41 2
86335 42 61 0
86476 42 61 2
86480 42 39 0
86608 42 39 2
86620 42 7 0
86734 42 7 2
86794 42 8 0
86905 42 8 2
86937 42 63 0
87550 42 63 2
87658 42 0 0
87768 42 0 2
87796 42 57 0
87924 42 57 2
87992 42 58 0
88140 42 58 2
88224 42 46 0
88339 42 46 2
88351 42 59 0
88596 42 59 2
88628 42 32 0
88963 42 32 2
88971 42 50 0
89558 42 50 2
89634 42 60 0
89919 42 60 2
89927 42 62 0
90401 42 62 2
90405 42 3 0
90499 42 3 2
90511 42 5 0
90745 42 5 2
90773 42 17 0
91194 42 17 2
91214 42 6 0
91338 42 6 2
91430 42 11 0
91740 42 11 2
91748 42 10 0
91831 42 10 2
91851 42 11 0
91945 42 11 2
91953 42 6 0
92081 42 6 2
92117 42 36 0
92721 42 36 2
92781 42 12 0
92880 42 12 2
92888 42 0 0
93193 42 0 2
93317 42 15 0
93317 42 15 0
93417 42 15 2
93472 42 15 2
93592 42 7 0
93730 42 7 2
93746 42 0 0
94342 42 0 2
94354 42 14 0
94483 42 14 2
94679 42 61 0
95700 42 0 2
96065 42 61 2
96137 42 54 0
96338 42 54 2
96370 42 55 0
97011 42 55 2
97239 42 40 0
97420 42 40 2
97448 42 49 0
97577 42 49 2
97589 42 51 0
97715 42 51 2
97735 42 37 0
97929 42 37 2
97933 42 20 0
98022 42 20 2
98038 42 3 0
98398 42 3 2
98490 42 21 0
98601 42 21 2
98609 42 56 0
98701 42 56 1
98783 42 56 2
98803 42 57 0
98896 42 2 2
98954 42 57 2
98962 42 56 2
99042 42 58 0
99162 42 58 2
99242 42 59 0
99357 42 59 2
99381 42 63 0
100641 42 63 2
100725 42 33 0
100824 42 33 2
141652 42 56 1
141845 42 2 2
141910 42 56 2
148397 42 56 1
148586 42 37 2
148644 42 56 2
149861 42 56 1
149955 42 56 1
150032 42 56 1
150056 42 63 2
150138 42 56 2
150166 42 38 2
150191 42 56 1
150232 42 56 2
150276 42 43 2
150293 42 56 1
150310 42 56 2
150386 42 58 2
150411 42 56 1
150428 42 56 2
150496 42 49 2
150537 42 56 2
150583 42 56 1
150606 42 26 2
150648 42 56 2
150687 42 56 1
150776 42 30 2
150850 42 56 2
150886 42 10 2
150944 42 56 2
176526 42 56 1
176715 42 2 2
176780 42 56 2
184478 42 56 1
184665 42 2 2
184730 42 56 2
188495 42 56 1
188685 42 2 2
188750 42 56 2
201379 42 2 0
201380 42 56 1
201576 42 2 2
201642 42 56 2
203154 42 63 2
214238 42 56 1
214425 42 2 2
214490 42 56 2
226975 42 56 1
227165 42 2 2
227230 42 56 2
233682 42 56 1
233875 42 2 2
233940 42 56 2
246426 42 56 1
246615 42 2 2
246680 42 56 2
248714 42 56 1
248905 42 2 2
248970 42 56 2
263245 42 2 0
263246 42 56 1
263435 42 2 2
263500 42 56 2
282563 42 56 1
282756 42 0 2
282838 42 56 2
294099 42 56 1
294285 42 2 2
294350 42 56 2
345112 42 56 1
345305 42 2 2
345370 42 56 2
347003 42 2 0
347004 42 56 1
347195 42 2 2
347260 42 56 2
349830 42 2 0
349831 42 56 1
350025 42 2 2
350090 42 56 2
352525 42 2 0
352526 42 2 2
381389 42 56 1
381575 42 2 2
381640 42 56 2
475817 42 2 0
475818 42 56 1
476005 42 2 2
476070 42 56 2
476364 42 2 0
476365 42 2 2
476576 42 2 0
476577 42 2 2
510468 42 2 0
510469 42 56 1
510656 42 2 2
510721 42 56 2
527029 42 2 0
527030 42 56 1
527216 42 2 2
527281 42 56 2
542889 42 2 0
542890 42 56 1
543076 42 2 2
543141 42 56 2
547901 42 2 0
547902 42 56 1
548096 42 2 2
548161 42 56 2
553182 42 2 0
553183 42 56 1
553376 42 2 2
553441 42 56 2
580160 42 2 0
580161 42 56 1
580356 42 2 2
580421 42 56 2
605556 42 2 0
605557 42 56 1
605747 42 2 2
605813 42 56 2
629026 42 2 0
629027 42 56 1
629217 42 2 2
629283 42 56 2
640234 42 2 0
640235 42 56 1
640436 42 2 2
640501 42 56 2
643977 42 2 0
643978 42 2 2
648976 42 2 0
648977 42 2 2
668766 42 56 1
668957 42 2 2
669023 42 56 2
692236 42 56 1
692427 42 2 2
692493 42 56 2
701527 42 2 0
701528 42 2 2
702653 42 2 0
702654 42 2 2
711165 42 2 0
711166 42 2 2
730609 42 2 0
730610 42 56 1
730797 42 2 2
730863 42 56 2
753909 42 2 0
753910 42 56 1
754097 42 2 2
754163 42 56 2
763167 42 2 0
763168 42 2 2
764497 42 2 0
764498 42 2 2
773669 42 2 0
773670 42 2 2
793007 42 2 0
793008 42 56 1
793196 42 2 2
793262 42 56 2
816407 42 2 0
816408 42 56 1
816596 42 2 2
816662 42 56 2
825561 42 2 0
825562 42 2 2
826793 42 2 0
826794 42 2 2
833348 42 2 0
833349 42 2 2
852127 42 2 0
852128 42 56 1
852316 42 2 2
852382 42 56 2
875467 42 2 0
875468 42 56 1
875656 42 2 2
875722 42 56 2
884697 42 2 0
884698 42 2 2
900645 42 2 0
900646 42 2 2
905490 42 2 0
905491 42 2 2
924687 42 2 0
924688 42 56 1
924876 42 2 2
924942 42 56 2
948007 42 2 0
948008 42 56 1
948196 42 2 2
948262 42 56 2
957117 42 2 0
957118 42 2 2
958243 42 2 0
958244 42 2 2
962742 42 2 0
962743 42 2 2
981509 42 2 0
981510 42 56 1
981706 42 2 2
981772 42 56 2
1004869 42 2 0
1004870 42 56 1
1005066 42 2 2
1005132 42 56 2
1014127 42 2 0
1014128 42 2 2
1015253 42 2 0
1015254 42 2 2
1018942 42 15 0
1018942 42 15 0
1020963 42 15 2
1021212 42 15 2
1021772 42 38 0
1021772 42 38 0
1021830 42 38 2
1023453 42 38 2
1024905 42 7 0
1025069 42 7 2
1025501 42 2 0
1026674 42 2 2
1026710 42 25 0
1026894 42 25 2
1026910 42 31 0
1027021 42 31 2
1027057 42 33 0
1027182 42 33 2
1027186 42 36 0
1027289 42 36 2
1027297 42 4 0
1027526 42 4 2
1027618 42 5 0
1027778 42 5 2
1027810 42 34 0
1027928 42 34 2
1027948 42 35 0
1028045 42 35 2
1028069 42 32 0
1028233 42 32 2
1028597 42 38 0
1028597 42 38 0
1028655 42 38 2
1028663 42 38 2
1031507 42 9 0
1031655 42 9 2
1031687 42 8 0
1031803 42 8 2
1031831 42 47 0
1032099 42 47 2
1032543 42 48 0
1032858 42 48 2
1033434 42 49 0
1033779 42 49 2
1034355 42 50 0
1034631 42 50 2
1035207 42 51 0
1035531 42 51 2
1036107 42 52 0
1036404 42 52 2
1036980 42 53 0
1037290 42 53 2
1037866 42 54 0
1038164 42 54 2
1038740 42 55 0
1039011 42 55 2
1039587 42 56 0
1039906 42 56 2
1040482 42 57 0
1040890 42 57 2
1041466 42 58 0
1041764 42 58 2
1042340 42 59 0
1042774 42 59 2
1043350 42 60 0
1043662 42 60 2
1044238 42 61 0
1044538 42 61 2
1045114 42 62 0
1045404 42 62 2
1045980 42 63 0
1046220 42 63 2
1046796 42 0 0
1046796 42 0 0
1046870 42 0 2
1047051 42 0 2
1047319 42 2 0
1047418 42 2 2
1047474 42 3 0
1047572 42 3 2
1047576 42 7 0
1047898 42 7 2
1047986 42 4 0
1047986 42 4 0
1048060 42 4 2
1048109 42 4 2
1048497 42 1 0
1048810 42 1 2
1049056 42 38 2
1049170 42 38 2
1049386 42 2 0
1049413 42 38 2
1049682 42 2 2
1050258 42 3 0
1050582 42 3 2
1051158 42 4 0
1051436 42 4 2
1052012 42 5 0
1052303 42 5 2
1052879 42 6 0
1053243 42 6 2
1053819 42 7 0
1054141 42 7 2
1054717 42 8 0
1054960 42 8 2
1055536 42 9 0
1055830 42 9 2
1056406 42 10 0
1056724 42 10 2
1057300 42 11 0
1057300 42 11 0
1057358 42 11 2
1057652 42 11 2
1058228 42 12 0
1058506 42 12 2
1059082 42 13 0
1059352 42 13 2
1059928 42 14 0
1060276 42 14 2
1060852 42 15 0
1061163 42 15 2
1061739 42 16 0
1062010 42 16 2
1062586 42 17 0
1062910 42 17 2
1063486 42 18 0
1063816 42 18 2
1064392 42 19 0
1064695 42 19 2
1065271 42 20 0
1065576 42 20 2
1066152 42 21 0
1066432 42 21 2
1067008 42 22 0
1067338 42 22 2
1067914 42 23 0
1068206 42 23 2
1068782 42 24 0
1069020 42 24 2
1069596 42 25 0
1069920 42 25 2
1070496 42 26 0
1070788 42 26 2
1071364 42 27 0
1071687 42 27 2
1072263 42 28 0
1072576 42 28 2
1073152 42 29 0
1073423 42 29 2
1073999 42 30 0
1074310 42 30 2
1074886 42 31 0
1075157 42 31 2
1075733 42 32 0
1075990 42 32 2
1076566 42 33 0
1076930 42 33 2
1077506 42 34 0
1077820 42 34 2
1078396 42 35 0
1078749 42 35 2
1079003 42 56 1
1079139 42 56 1
1079195 42 62 2
1079269 42 56 2
1079325 42 36 0
1079335 42 59 2
1079385 42 56 2
1079489 42 56 1
1079626 42 36 2
1079685 42 15 2
1079783 42 56 2
1079839 42 56 1
1080035 42 47 2
1080100 42 56 2
1080127 42 56 1
1080202 42 37 0
1080315 42 60 2
1080339 42 56 1
1080373 42 56 2
1080473 42 56 1
1080492 42 37 2
1080535 42 14 2
1080624 42 56 2
1080685 42 39 2
1080759 42 56 2
1081068 42 38 0
1081149 42 56 1
1081351 42 56 1
1081355 42 56 2
1081372 42 38 2
1081413 42 56 2
1081436 42 56 1
1081523 42 56 1
1081565 42 22 2
1081647 42 56 2
1081673 42 56 1
1081675 42 53 2
1081733 42 56 2
1081759 42 56 1
1081805 42 34 2
1081839 42 56 2
1081870 42 56 1
1081915 42 12 2
1081948 42 39 0
1081989 42 56 2
1082009 42 56 1
1082025 42 52 2
1082075 42 56 2
1082135 42 24 2
1082145 42 56 1
1082193 42 56 2
1082218 42 39 2
1082245 42 8 2
1082255 42 56 1
1082319 42 56 2
1082349 42 56 1
1082355 42 29 2
1082421 42 56 2
1082465 42 1 2
1082503 42 56 1
1082539 42 56 2
1082575 42 18 2
1082625 42 56 2
1082639 42 56 1
1082693 42 56 1
1082695 42 21 2
1082769 42 56 2
1082794 42 40 0
1082835 42 56 1
1082835 42 23 2
1082921 42 56 1
1082925 42 56 2
1082945 42 50 2
1082979 42 56 2
1083055 42 20 2
1083070 42 40 2
1083071 42 56 1
1083121 42 56 2
1083166 42 32 2
1083216 42 56 2
1083275 42 25 2
1083281 42 56 1
1083325 42 56 2
1083375 42 56 1
1083475 42 13 2
1083557 42 56 2
1083585 42 11 2
1083645 42 56 1
1083646 42 41 0
1083651 42 56 2
1083835 42 54 2
1083856 42 56 1
1083901 42 56 2
1084010 42 41 2
1084045 42 61 2
1084111 42 56 2
1084217 42 56 1
1084286 42 56 1
1084405 42 6 2
1084429 42 56 1
1084491 42 56 1
1084503 42 56 2
1084515 42 19 2
1084573 42 56 2
1084586 42 42 0
1084595 42 56 1
1084625 42 5 2
1084713 42 56 1
1084715 42 56 2
1084735 42 35 2
1084777 42 56 2
1084845 42 42 2
1084861 42 42 2
1084870 42 56 2
1084871 42 56 1
1084955 42 40 2
1084957 42 56 1
1084997 42 56 2
1085065 42 31 2
1085125 42 56 1
1085148 42 56 2
1085175 42 46 2
1085233 42 56 2
1085315 42 7 2
1085421 42 56 2
1085437 42 43 0
1085543 42 56 1
1085735 42 55 2
1085742 42 43 2
1085809 42 56 2
1085851 42 56 1
1086045 42 57 2
1086095 42 56 2
1086162 42 56 1
1086249 42 56 1
1086318 42 44 0
1086355 42 3 2
1086359 42 56 1
1086430 42 56 2
1086460 42 56 1
1086465 42 17 2
1086523 42 56 2
1086554 42 56 1
1086575 42 45 2
1086625 42 56 2
1086636 42 44 2
1086681 42 56 1
1086685 42 44 2
1086727 42 56 2
1086795 42 41 2
1086807 42 56 1
1086829 42 56 2
1086893 42 56 1
1086905 42 48 2
1086958 42 56 2
1087015 42 9 2
1087060 42 56 1
1087081 42 56 2
1087135 42 33 2
1087177 42 56 2
1087189 42 56 1
1087212 42 45 0
1087255 42 51 2
1087297 42 56 2
1087385 42 27 2
1087389 42 56 1
1087434 42 56 2
1087468 42 56 1
1087532 42 45 2
1087589 42 56 1
1087595 42 4 2
1087677 42 56 2
1087697 42 56 1
1087705 42 36 2
1087755 42 56 2
1087815 42 28 2
1087873 42 56 2
1087935 42 16 2
1088001 42 56 2
1088108 42 46 0
1088404 42 46 2
1091025 42 2 0
1091026 42 56 1
1091215 42 2 2
1091282 42 56 2
1099108 42 8 0
1099360 42 8 2
1134636 42 31 0
1134765 42 31 2
1134809 42 35 0
1135140 42 35 2
1135200 42 32 0
1135745 42 32 2
1135801 42 46 0
1135867 42 46 2
1135899 42 12 0
1135899 42 12 0
1135965 42 12 2
1135982 42 12 2
1135994 42 33 0
1136108 42 33 2
1136200 42 34 0
1136311 42 34 2
1136343 42 1 0
1136343 42 1 0
1136409 42 1 2
1136434 42 1 2
1136478 42 32 0
1136748 42 32 2
1136756 42 35 0
1136863 42 35 2
1136867 42 60 0
1136978 42 60 2
1136994 42 61 0
1137110 42 61 2
1137170 42 48 0
1137342 42 48 2
1137382 42 49 0
1137489 42 49 2
1137525 42 36 0
1137525 42 36 0
1137567 42 36 2
1137624 42 36 2
1137688 42 37 0
1137688 42 37 0
1137738 42 37 2
1137852 42 37 2
1137900 42 58 0
1137900 42 58 0
1137944 42 58 2
1138068 42 58 2
1138080 42 31 0
1138358 42 31 2
1138370 42 30 0
1138723 42 30 2
1138731 42 59 0
1138731 42 59 0
1138773 42 59 2
1138858 42 59 2
1138910 42 34 0
1139142 42 34 2
1139182 42 0 0
1139455 42 0 2
1139463 42 33 0
1139779 42 33 2
1139795 42 60 0
1139919 42 60 2
1139939 42 32 0
1140198 42 32 2
1140274 42 61 0
1140591 42 61 2
1140715 42 62 0
1140901 42 62 2
1140989 42 12 0
1141246 42 12 2
1141258 42 39 0
1141357 42 39 2
1141369 42 13 0
1141555 42 13 2
1141559 42 48 0
1141715 42 48 2
1141727 42 59 0
1141836 42 59 2
1141864 42 54 0
1141864 42 54 0
1141922 42 54 2
1141968 42 54 2
1142008 42 55 0
1142132 42 55 2
1142156 42 56 0
1142268 42 56 2
1142296 42 57 0
1142413 42 57 2
1142477 42 58 0
1142608 42 58 2
1142644 42 49 0
1142839 42 49 2
1142879 42 63 0
1142989 42 63 2
1143037 42 15 0
1143162 42 15 2
1143178 42 44 0
1143275 42 44 2
1143295 42 45 0
1143396 42 45 2
1143644 42 0 0
1143891 42 0 2
1143983 42 1 0
1144170 42 1 2
1144270 42 2 0
1144409 42 2 2
1144417 42 47 0
1144541 42 47 2
1144553 42 41 0
1144635 42 41 2
1144707 42 3 0
1144879 42 3 2
1145139 42 5 0
1145289 42 5 2
1145337 42 6 0
1145488 42 6 2
1145576 42 7 0
1145725 42 7 2
1145833 42 8 0
1145997 42 8 2
1146053 42 1 0
1146177 42 1 2
1146625 42 46 0
1146707 42 46 2
1146715 42 4 0
1146844 42 4 2
1146868 42 47 0
1146950 42 47 2
1147094 42 12 0
1147199 42 12 2
1147563 42 10 0
1147661 42 10 2
1147781 42 1 0
1147781 42 1 0
1147847 42 1 2
1147880 42 1 2
1148328 42 46 0
1148385 42 46 2
1148417 42 47 0
1148417 42 47 0
1148493 42 47 2
1148519 42 47 2
1148637 42 12 0
1148637 42 12 0
1148703 42 12 2
1148720 42 12 2
1149204 42 1 0
1149285 42 1 2
1149733 42 46 0
1149733 42 46 0
1149783 42 46 2
1149816 42 46 2
1149848 42 47 0
1149938 42 47 2
1150082 42 12 0
1150180 42 12 2
1150664 42 1 0
1150664 42 1 0
1150730 42 1 2
1150739 42 1 2
1151187 42 46 0
1151187 42 46 0
1151238 42 46 2
1151269 42 46 2
1151301 42 47 0
1151301 42 47 0
1151359 42 47 2
1151393 42 47 2
1151537 42 12 0
1151537 42 12 0
1151610 42 12 2
1151643 42 12 2
1152094 42 1 0
1152094 42 1 0
1152169 42 1 2
1152171 42 1 2
1152619 42 46 0
1152619 42 46 0
1152669 42 46 2
1152678 42 46 2
1152710 42 47 0
1152710 42 47 0
1152768 42 47 2
1152801 42 47 2
1152945 42 12 0
1152945 42 12 0
1153011 42 12 2
1153019 42 12 2
1153503 42 1 0
1153503 42 1 0
1153569 42 1 2
1153594 42 1 2
1154026 42 13 0
1154131 42 13 2
1154147 42 46 0
1154147 42 46 0
1154197 42 46 2
1154205 42 46 2
1154237 42 47 0
1154237 42 47 0
1154295 42 47 2
1154328 42 47 2
1154472 42 12 0
1154472 42 12 0
1154545 42 12 2
1154588 42 12 2
1155029 42 1 0
1155029 42 1 0
1155095 42 1 2
1155102 42 1 2
1155550 42 46 0
1155550 42 46 0
1155600 42 46 2
1155610 42 46 2
1155642 42 47 0
1155642 42 47 0
1155700 42 47 2
1155707 42 47 2
1155851 42 12 0
1155851 42 12 0
1155917 42 12 2
1155927 42 12 2
1156411 42 1 0
1156411 42 1 0
1156478 42 1 2
1156485 42 1 2
1156933 42 46 0
1156933 42 46 0
1156983 42 46 2
1156991 42 46 2
1157023 42 47 0
1157023 42 47 0
1157081 42 47 2
1157088 42 47 2
1157232 42 12 0
1157232 42 12 0
1157301 42 12 2
1157308 42 12 2
1157792 42 1 0
1157792 42 1 0
1157858 42 1 2
1157866 42 1 2
1158314 42 46 0
1158314 42 46 0
1158364 42 46 2
1158374 42 46 2
1158406 42 47 0
1158406 42 47 0
1158464 42 47 2
1158472 42 47 2
1158616 42 12 0
1158616 42 12 0
1158689 42 12 2
1158690 42 12 2
1159174 42 1 0
1159174 42 1 0
1159240 42 1 2
1159248 42 1 2
1159696 42 46 0
1159696 42 46 0
1159746 42 46 2
1159754 42 46 2
1159786 42 47 0
1159786 42 47 0
1159844 42 47 2
1159852 42 47 2
1159996 42 12 0
1159996 42 12 0
1160062 42 12 2
1160070 42 12 2
1160554 42 1 0
1160554 42 1 0
1160623 42 1 2
1160632 42 1 2
1161080 42 46 0
1161080 42 46 0
1161130 42 46 2
1161140 42 46 2
1161172 42 47 0
1161172 42 47 0
1161230 42 47 2
1161238 42 47 2
1161382 42 12 0
1161382 42 12 0
1161448 42 12 2
1161456 42 12 2
1161940 42 1 0
1161940 42 1 0
1162006 42 1 2
1162019 42 1 2
1162467 42 46 0
1162467 42 46 0
1162517 42 46 2
1162539 42 46 2
1162571 42 47 0
1162571 42 47 0
1162629 42 47 2
1162636 42 47 2
1162780 42 12 0
1162780 42 12 0
1162846 42 12 2
1162854 42 12 2
1163338 42 1 0
1163338 42 1 0
1163404 42 1 2
1163413 42 1 2
1163861 42 46 0
1163861 42 46 0
1163911 42 46 2
1163920 42 46 2
1163952 42 47 0
1163952 42 47 0
1164011 42 47 2
1164019 42 47 2
1164163 42 12 0
1164163 42 12 0
1164229 42 12 2
1164236 42 12 2
1164720 42 1 0
1164720 42 1 0
1164786 42 1 2
1164794 42 1 2
1165226 42 14 0
1165340 42 14 2
1165356 42 46 0
1165356 42 46 0
1165406 42 46 2
1165413 42 46 2
1165445 42 47 0
1165445 42 47 0
1165503 42 47 2
1165510 42 47 2
1165654 42 12 0
1165654 42 12 0
1165720 42 12 2
1165728 42 12 2
1166212 42 1 0
1166212 42 1 0
1166278 42 1 2
1166285 42 1 2
1166733 42 46 0
1166733 42 46 0
1166783 42 46 2
1166791 42 46 2
1166823 42 47 0
1166823 42 47 0
1166881 42 47 2
1166889 42 47 2
1167033 42 12 0
1167033 42 12 0
1167099 42 12 2
1167167 42 12 2
1167651 42 1 0
1167651 42 1 0
1167718 42 1 2
1167724 42 1 2
1168172 42 46 0
1168172 42 46 0
1168222 42 46 2
1168240 42 46 2
1168272 42 47 0
1168272 42 47 0
1168330 42 47 2
1168401 42 47 2
1168545 42 12 0
1168545 42 12 0
1168611 42 12 2
1168639 42 12 2
1169123 42 1 0
1169123 42 1 0
1169189 42 1 2
1169198 42 1 2
1169646 42 46 0
1169646 42 46 0
1169696 42 46 2
1169723 42 46 2
1169755 42 47 0
1169755 42 47 0
1169814 42 47 2
1169892 42 47 2
1170036 42 12 0
1170036 42 12 0
1170102 42 12 2
1170109 42 12 2
1170593 42 1 0
1170593 42 1 0
1170660 42 1 2
1170696 42 1 2
1171144 42 46 0
1171144 42 46 0
1171194 42 46 2
1171223 42 46 2
1171255 42 47 0
1171255 42 47 0
1171313 42 47 2
1171351 42 47 2
1171495 42 12 0
1171495 42 12 0
1171561 42 12 2
1171679 42 12 2
1172163 42 1 0
1172163 42 1 0
1172229 42 1 2
1172314 42 1 2
1172762 42 46 0
1172762 42 46 0
1172812 42 46 2
1172820 42 46 2
1172852 42 47 0
1172852 42 47 0
1172910 42 47 2
1172983 42 47 2
1173127 42 12 0
1173127 42 12 0
1173193 42 12 2
1173201 42 12 2
1173685 42 1 0
1173685 42 1 0
1173752 42 1 2
1173757 42 1 2
1174205 42 46 0
1174205 42 46 0
1174255 42 46 2
1174263 42 46 2
1174295 42 47 0
1174295 42 47 0
1174353 42 47 2
1174361 42 47 2
1174505 42 12 0
1174505 42 12 0
1174571 42 12 2
1174579 42 12 2
1175063 42 1 0
1175063 42 1 0
1175129 42 1 2
1175137 42 1 2
1175585 42 46 0
1175585 42 46 0
1175641 42 46 2
1175643 42 46 2
1175675 42 47 0
1175675 42 47 0
1175733 42 47 2
1175741 42 47 2
1175885 42 12 0
1175885 42 12 0
1175951 42 12 2
1175959 42 12 2
1176347 42 1 0
1176347 42 1 0
1176416 42 1 2
1176419 42 1 2
1176851 42 7 0
1176957 42 7 2
1176973 42 46 0
1176973 42 46 0
1177023 42 46 2
1177030 42 46 2
1177062 42 47 0
1177062 42 47 0
1177120 42 47 2
1177128 42 47 2
1177272 42 12 0
1177272 42 12 0
1177338 42 12 2
1177346 42 12 2
1177830 42 1 0
1177830 42 1 0
1177896 42 1 2
1177904 42 1 2
1178352 42 46 0
1178352 42 46 0
1178402 42 46 2
1178410 42 46 2
1178442 42 47 0
1178442 42 47 0
1178500 42 47 2
1178507 42 47 2
1178651 42 12 0
1178651 42 12 0
1178717 42 12 2
1178724 42 12 2
1179208 42 1 0
1179208 42 1 0
1179274 42 1 2
1179282 42 1 2
1179730 42 46 0
1179730 42 46 0
1179780 42 46 2
1179788 42 46 2
1179820 42 47 0
1179820 42 47 0
1179889 42 47 2
1179890 42 47 2
1180034 42 5 0
1180148 42 5 2
1180156 42 61 0
1180156 42 61 0
1180214 42 61 2
1180287 42 61 2
1180295 42 29 0
1180561 42 29 2
1180577 42 62 0
1180577 42 62 0
1180643 42 62 2
1180651 42 62 2
1180927 42 63 0
1180927 42 63 0
1181001 42 63 2
1181074 42 63 2
1181498 42 12 0
1181498 42 12 0
1181564 42 12 2
1181608 42 12 2
1182048 42 11 0
1182147 42 11 2
1182359 42 1 0
1182359 42 1 0
1182425 42 1 2
1182433 42 1 2
1182881 42 46 0
1182881 42 46 0
1182931 42 46 2
1182939 42 46 2
1182971 42 47 0
1182971 42 47 0
1183029 42 47 2
1183037 42 47 2
1183181 42 12 0
1183181 42 12 0
1183247 42 12 2
1183254 42 12 2
1183738 42 1 0
1183738 42 1 0
1183804 42 1 2
1183814 42 1 2
1184262 42 46 0
1184262 42 46 0
1184312 42 46 2
1184319 42 46 2
1184351 42 47 0
1184351 42 47 0
1184410 42 47 2
1184417 42 47 2
1184561 42 12 0
1184561 42 12 0
1184628 42 12 2
1184635 42 12 2
1185057 42 40 2
1185119 42 1 0
1185119 42 1 0
1185185 42 1 2
1185192 42 1 2
1185640 42 46 0
1185640 42 46 0
1185690 42 46 2
1185701 42 46 2
1185733 42 47 0
1185733 42 47 0
1185791 42 47 2
1185798 42 47 2
1185942 42 12 0
1185942 42 12 0
1186008 42 12 2
1186016 42 12 2
1186500 42 1 0
1186500 42 1 0
1186567 42 1 2
1186575 42 1 2
1187023 42 46 0
1187023 42 46 0
1187073 42 46 2
1187122 42 46 2
1187154 42 47 0
1187154 42 47 0
1187213 42 47 2
1187262 42 47 2
1187406 42 12 0
1187488 42 12 2
1187972 42 1 0
1187972 42 1 0
1188038 42 1 2
1188059 42 1 2
1188507 42 46 0
1188507 42 46 0
1188557 42 46 2
1188606 42 46 2
1188638 42 47 0
1188638 42 47 0
1188696 42 47 2
1188744 42 47 2
1188888 42 12 0
1188888 42 12 0
1188954 42 12 2
1188971 42 12 2
1189455 42 1 0
1189455 42 1 0
1189521 42 1 2
1189529 42 1 2
1189961 42 8 0
1189961 42 8 0
1190027 42 8 2
1190070 42 8 2
1190086 42 46 0
1190086 42 46 0
1190137 42 46 2
1190144 42 46 2
1190176 42 47 0
1190176 42 47 0
1190234 42 47 2
1190283 42 47 2
1190427 42 12 0
1190427 42 12 0
1190493 42 12 2
1190501 42 12 2
1190985 42 1 0
1190985 42 1 0
1191051 42 1 2
1191068 42 1 2
1191516 42 46 0
1191516 42 46 0
1191566 42 46 2
1191615 42 46 2
1191647 42 47 0
1191647 42 47 0
1191706 42 47 2
1191755 42 47 2
1191899 42 12 0
1191899 42 12 0
1191965 42 12 2
1191982 42 12 2
1192466 42 1 0
1192466 42 1 0
1192532 42 1 2
1192541 42 1 2
1192989 42 46 0
1192989 42 46 0
1193040 42 46 2
1193048 42 46 2
1193080 42 47 0
1193080 42 47 0
1193138 42 47 2
1193146 42 47 2
1193290 42 12 0
1193290 42 12 0
1193356 42 12 2
1193364 42 12 2
1193848 42 1 0
1193848 42 1 0
1193914 42 1 2
1193923 42 1 2
1194371 42 46 0
1194371 42 46 0
1194421 42 46 2
1194429 42 46 2
1194461 42 47 0
1194461 42 47 0
1194519 42 47 2
1194527 42 47 2
1194671 42 12 0
1194671 42 12 0
1194737 42 12 2
1194745 42 12 2
1195229 42 1 0
1195229 42 1 0
1195295 42 1 2
1195303 42 1 2
1195751 42 46 0
1195751 42 46 0
1195801 42 46 2
1195809 42 46 2
1195841 42 47 0
1195841 42 47 0
1195899 42 47 2
1195912 42 47 2
1196056 42 12 0
1196056 42 12 0
1196125 42 12 2
1196133 42 12 2
1196617 42 1 0
1196617 42 1 0
1196683 42 1 2
1196690 42 1 2
1197138 42 46 0
1197138 42 46 0
1197188 42 46 2
1197196 42 46 2
1197228 42 47 0
1197228 42 47 0
1197287 42 47 2
1197296 42 47 2
1197440 42 12 0
1197440 42 12 0
1197509 42 12 2
1197515 42 12 2
1197999 42 1 0
1197999 42 1 0
1198065 42 1 2
1198073 42 1 2
1198521 42 46 0
1198521 42 46 0
1198571 42 46 2
1198581 42 46 2
1198613 42 47 0
1198613 42 47 0
1198671 42 47 2
1198680 42 47 2
1198824 42 12 0
1198824 42 12 0
1198890 42 12 2
1198897 42 12 2
1199381 42 1 0
1199381 42 1 0
1199447 42 1 2
1199454 42 1 2
1199902 42 46 0
1199902 42 46 0
1199952 42 46 2
1199959 42 46 2
1199991 42 47 0
1199991 42 47 0
1200050 42 47 2
1200058 42 47 2
1200202 42 12 0
1200202 42 12 0
1200268 42 12 2
1200276 42 12 2
1200760 42 1 0
1200760 42 1 0
1200826 42 1 2
1200834 42 1 2
1201266 42 9 0
1201339 42 9 2
1201355 42 46 0
1201355 42 46 0
1201405 42 46 2
1201412 42 46 2
1201444 42 47 0
1201444 42 47 0
1201503 42 47 2
1201542 42 47 2
1201686 42 12 0
1201686 42 12 0
1201752 42 12 2
1201793 42 12 2
1202277 42 1 0
1202277 42 1 0
1202343 42 1 2
1202376 42 1 2
1202824 42 46 0
1202824 42 46 0
1202874 42 46 2
1202915 42 46 2
1202947 42 47 0
1202947 42 47 0
1203005 42 47 2
1203048 42 47 2
1203192 42 12 0
1203192 42 12 0
1203258 42 12 2
1203299 42 12 2
1203783 42 1 0
1203783 42 1 0
1203849 42 1 2
1203882 42 1 2
1204330 42 46 0
1204330 42 46 0
1204380 42 46 2
1204421 42 46 2
1204453 42 47 0
1204453 42 47 0
1204511 42 47 2
1204552 42 47 2
1204696 42 12 0
1204696 42 12 0
1204762 42 12 2
1204803 42 12 2
1205287 42 1 0
1205287 42 1 0
1205353 42 1 2
1205386 42 1 2
1205834 42 46 0
1205834 42 46 0
1205884 42 46 2
1205925 42 46 2
1205957 42 47 0
1205957 42 47 0
1206015 42 47 2
1206056 42 47 2
1206200 42 12 0
1206200 42 12 0
1206266 42 12 2
1206307 42 12 2
1206791 42 1 0
1206791 42 1 0
1206857 42 1 2
1206892 42 1 2
1207340 42 46 0
1207340 42 46 0
1207390 42 46 2
1207431 42 46 2
1207463 42 47 0
1207463 42 47 0
1207522 42 47 2
1207562 42 47 2
1207706 42 12 0
1207706 42 12 0
1207772 42 12 2
1207813 42 12 2
1208297 42 1 0
1208297 42 1 0
1208363 42 1 2
1208396 42 1 2
1208844 42 46 0
1208844 42 46 0
1208894 42 46 2
1208935 42 46 2
1208967 42 47 0
1208967 42 47 0
1209025 42 47 2
1209066 42 47 2
1209210 42 12 0
1209210 42 12 0
1209276 42 12 2
1209317 42 12 2
1209801 42 1 0
1209801 42 1 0
1209867 42 1 2
1209900 42 1 2
1210348 42 46 0
1210348 42 46 0
1210398 42 46 2
1210431 42 46 2
1210463 42 47 0
1210463 42 47 0
1210522 42 47 2
1210553 42 47 2
1210697 42 12 0
1210697 42 12 0
1210765 42 12 2
1210782 42 12 2
1211266 42 1 0
1211266 42 1 0
1211332 42 1 2
1211349 42 1 2
1211797 42 46 0
1211797 42 46 0
1211849 42 46 2
1211882 42 46 2
1211914 42 47 0
1211914 42 47 0
1211972 42 47 2
1212005 42 47 2
1212149 42 12 0
1212149 42 12 0
1212215 42 12 2
1212231 42 12 2
1212715 42 1 0
1212715 42 1 0
1212781 42 1 2
1212814 42 1 2
1213246 42 10 0
1213327 42 10 2
1213343 42 46 0
1213343 42 46 0
1213393 42 46 2
1213426 42 46 2
1213458 42 47 0
1213458 42 47 0
1213516 42 47 2
1213549 42 47 2
1213693 42 12 0
1213693 42 12 0
1213759 42 12 2
1213776 42 12 2
1214260 42 1 0
1214260 42 1 0
1214326 42 1 2
1214343 42 1 2
1214791 42 46 0
1214791 42 46 0
1214841 42 46 2
1214874 42 46 2
1214906 42 47 0
1214906 42 47 0
1214964 42 47 2
1214997 42 47 2
1215141 42 12 0
1215141 42 12 0
1215207 42 12 2
1215225 42 12 2
1215709 42 1 0
1215709 42 1 0
1215775 42 1 2
1215808 42 1 2
1216256 42 46 0
1216256 42 46 0
1216306 42 46 2
1216338 42 46 2
1216370 42 47 0
1216370 42 47 0
1216428 42 47 2
1216461 42 47 2
1216605 42 12 0
1216605 42 12 0
1216671 42 12 2
1216704 42 12 2
1217188 42 1 0
1217188 42 1 0
1217255 42 1 2
1217287 42 1 2
1217735 42 46 0
1217735 42 46 0
1217785 42 46 2
1217819 42 46 2
1217851 42 47 0
1217851 42 47 0
1217910 42 47 2
1217942 42 47 2
1218086 42 12 0
1218086 42 12 0
1218152 42 12 2
1218185 42 12 2
1218669 42 1 0
1218669 42 1 0
1218735 42 1 2
1218769 42 1 2
1219217 42 46 0
1219217 42 46 0
1219267 42 46 2
1219300 42 46 2
1219332 42 47 0
1219332 42 47 0
1219390 42 47 2
1219425 42 47 2
1219569 42 12 0
1219569 42 12 0
1219635 42 12 2
1219668 42 12 2
1220152 42 1 0
1220152 42 1 0
1220218 42 1 2
1220269 42 1 2
1220717 42 46 0
1220717 42 46 0
1220768 42 46 2
1220801 42 46 2
1220833 42 47 0
1220833 42 47 0
1220891 42 47 2
1220924 42 47 2
1221068 42 12 0
1221068 42 12 0
1221134 42 12 2
1221167 42 12 2
1221651 42 1 0
1221651 42 1 0
1221718 42 1 2
1221751 42 1 2
1222199 42 46 0
1222199 42 46 0
1222249 42 46 2
1222290 42 46 2
1222322 42 47 0
1222322 42 47 0
1222380 42 47 2
1222421 42 47 2
1222565 42 12 0
1222565 42 12 0
1222631 42 12 2
1222673 42 12 2
1223157 42 1 0
1223157 42 1 0
1223223 42 1 2
1223258 42 1 2
1223706 42 46 0
1223706 42 46 0
1223756 42 46 2
1223797 42 46 2
1223829 42 47 0
1223829 42 47 0
1223887 42 47 2
1223928 42 47 2
1224072 42 12 0
1224072 42 12 0
1224138 42 12 2
1224179 42 12 2
1224663 42 1 0
1224663 42 1 0
1224729 42 1 2
1224763 42 1 2
1225195 42 11 0
1225195 42 11 0
1225253 42 11 2
1225303 42 11 2
1225319 42 46 0
1225319 42 46 0
1225399 42 46 2
1225410 42 46 2
1225442 42 47 0
1225442 42 47 0
1225531 42 47 2
1225542 42 47 2
1225686 42 12 0
1225686 42 12 0
1225762 42 12 2
1225794 42 12 2
1226278 42 1 0
1226278 42 1 0
1226357 42 1 2
1226380 42 1 2
1226828 42 46 0
1226828 42 46 0
1226878 42 46 2
1226885 42 46 2
1226917 42 47 0
1226917 42 47 0
1226985 42 47 2
1227006 42 47 2
1227129 42 12 0
1227129 42 12 0
1227203 42 12 2
1227245 42 12 2
1227687 42 1 0
1227687 42 1 0
1227786 42 1 2
1227793 42 1 2
1228234 42 46 0
1228234 42 46 0
1228294 42 46 2
1228311 42 46 2
1228343 42 47 0
1228343 42 47 0
1228411 42 47 2
1228426 42 47 2
1228570 42 12 0
1228570 42 12 0
1228636 42 12 2
1228669 42 12 2
1229153 42 1 0
1229153 42 1 0
1229219 42 1 2
1229268 42 1 2
1229716 42 46 0
1229716 42 46 0
1229766 42 46 2
1229790 42 46 2
1229822 42 47 0
1229822 42 47 0
1229880 42 47 2
1229905 42 47 2
1230049 42 12 0
1230049 42 12 0
1230115 42 12 2
1230147 42 12 2
1230631 42 1 0
1230631 42 1 0
1230697 42 1 2
1230704 42 1 2
1231152 42 46 0
1231152 42 46 0
1231202 42 46 2
1231209 42 46 2
1231241 42 47 0
1231241 42 47 0
1231300 42 47 2
1231310 42 47 2
1231454 42 12 0
1231454 42 12 0
1231520 42 12 2
1231553 42 12 2
1232037 42 1 0
1232037 42 1 0
1232103 42 1 2
1232136 42 1 2
1232584 42 46 0
1232584 42 46 0
1232634 42 46 2
1232642 42 46 2
1232674 42 47 0
1232674 42 47 0
1232732 42 47 2
1232740 42 47 2
1232884 42 12 0
1232884 42 12 0
1232950 42 12 2
1232958 42 12 2
1233442 42 1 0
1233442 42 1 0
1233508 42 1 2
1233542 42 1 2
1233990 42 46 0
1233990 42 46 0
1234040 42 46 2
1234081 42 46 2
1234113 42 47 0
1234113 42 47 0
1234172 42 47 2
1234213 42 47 2
1234357 42 12 0
1234357 42 12 0
1234423 42 12 2
1234431 42 12 2
1234915 42 1 0
1234915 42 1 0
1235033 42 1 2
1235131 42 1 2
1235321 42 39 2
1235480 42 39 2
1235579 42 46 0
1235579 42 46 0
1235629 42 46 2
1235646 42 46 2
1235678 42 47 0
1235678 42 47 0
1235736 42 47 2
1235753 42 47 2
1235897 42 12 0
1235897 42 12 0
1235963 42 12 2
1235980 42 12 2
1236112 42 1 0
1236234 42 1 2
1236586 42 1 0
1236586 42 1 0
1236653 42 1 2
1236683 42 1 2
1237115 42 12 0
1237115 42 12 0
1237181 42 12 2
1237189 42 12 2
1237205 42 46 0
1237205 42 46 0
1237256 42 46 2
1237273 42 46 2
1237305 42 47 0
1237305 42 47 0
1237363 42 47 2
1237380 42 47 2
1237524 42 12 0
1237524 42 12 0
1237590 42 12 2
1237601 42 12 2
1238085 42 1 0
1238085 42 1 0
1238151 42 1 2
1238176 42 1 2
1238624 42 46 0
1238624 42 46 0
1238674 42 46 2
1238690 42 46 2
1238722 42 47 0
1238722 42 47 0
1238780 42 47 2
1238796 42 47 2
1238940 42 12 0
1238940 42 12 0
1239007 42 12 2
1239022 42 12 2
1239131 42 40 2
1239222 42 41 2
1239498 42 9 0
1239795 42 9 2
1239919 42 55 0
1240017 42 55 2
1240021 42 1 0
1240021 42 1 0
1240087 42 1 2
1240134 42 1 2
1240158 42 56 0
1240331 42 56 2
1240351 42 45 0
1240433 42 45 2
1240489 42 46 0
1240571 42 46 2
1240647 42 63 0
1240918 42 63 2
1240926 42 47 0
1241026 42 47 2
1241090 42 40 2
1241130 42 62 0
1241130 42 62 0
1241196 42 62 2
1241204 42 62 2
1241272 42 29 0
1241438 42 29 2
1241478 42 30 0
1241604 42 30 2
1241648 42 17 0
1241830 42 17 2
1241886 42 18 0
1241999 42 18 2
1242047 42 19 0
1242182 42 19 2
1242218 42 21 0
1242332 42 21 2
1242364 42 22 0
1242488 42 22 2
1242610 42 41 2
1242844 42 61 0
1242844 42 61 0
1242902 42 61 2
1242910 42 61 2
1243446 42 1 0
1243549 42 1 2
1243633 42 58 0
1243633 42 58 0
1243667 42 58 2
1243675 42 58 2
1243755 42 59 0
1243755 42 59 0
1243797 42 59 2
1243805 42 59 2
1251315 42 2 0
1251316 42 2 2
1271913 42 2 0
1271914 42 56 1
1272102 42 2 2
1272168 42 56 2
1295363 42 2 0
1295364 42 56 1
1295552 42 2 2
1295618 42 56 2
1304752 42 2 0
1304753 42 2 2
1306188 42 2 0
1306189 42 2 2
1310687 42 2 0
1310688 42 2 2
1329496 42 2 0
1329497 42 56 1
1329685 42 2 2
1329751 42 56 2
1352826 42 2 0
1352827 42 56 1
1353015 42 2 2
1353081 42 56 2
1362086 42 2 0
1362087 42 2 2
1363212 42 2 0
1363213 42 2 2
1368212 42 2 0
1368213 42 2 2
1387016 42 2 0
1387017 42 56 1
1387205 42 2 2
1387271 42 56 2
1410416 42 2 0
1410417 42 56 1
1410605 42 2 2
1410671 42 56 2
1419546 42 2 0
1419547 42 2 2
1420672 42 2 0
1420673 42 2 2
1425171 42 2 0
1425172 42 2 2
1443763 42 2 0
1443764 42 56 1
1443952 42 2 2
1444018 42 56 2
1467133 42 2 0
1467134 42 56 1
1467322 42 2 2
1467388 42 56 2
1476353 42 2 0
1476354 42 2 2
1477479 42 2 0
1477480 42 2 2
1482242 42 2 0
1482243 42 2 2
1500990 42 2 0
1500991 42 56 1
1501179 42 2 2
1501245 42 56 2
1524400 42 2 0
1524401 42 56 1
1524599 42 2 2
1524665 42 56 2
1533530 42 2 0
1533531 42 2 2
1534656 42 2 0
1534657 42 2 2
1539155 42 2 0
1539156 42 2 2
1558532 42 2 0
1558533 42 2 2
1565038 42 2 0
1565039 42 56 1
1565229 42 2 2
1565295 42 56 2
1589348 42 2 0
1589349 42 56 1
1589537 42 2 2
1589603 42 56 2
1612838 42 2 0
1612839 42 56 1
1613027 42 2 2
1613093 42 56 2
1622170 42 2 2
1622171 42 2 0
1623549 42 2 0
1623550 42 2 2
1628048 42 2 0
1628049 42 2 2
1646577 42 2 0
1646578 42 56 1
1646766 42 2 2
1646832 42 56 2
1669997 42 2 0
1669998 42 56 1
1670186 42 2 2
1670252 42 56 2
1679217 42 2 2
1679218 42 2 0
1680341 42 2 0
1680342 42 2 2
1685102 42 2 0
1685103 42 2 2
1703913 42 2 0
1703914 42 56 1
1704102 42 2 2
1704168 42 56 2
1727353 42 2 0
1727354 42 56 1
1727542 42 2 2
1727608 42 56 2
1736503 42 2 0
1736504 42 2 2
1737629 42 2 0
1737630 42 2 2
1742128 42 2 2
1742129 42 2 0
1760702 42 2 0
1760703 42 56 1
1760891 42 2 2
1760957 42 56 2
1784002 42 2 0
1784003 42 56 1
1784191 42 2 2
1784257 42 56 2
1793304 42 2 0
1793305 42 2 2
1794430 42 2 0
1794431 42 2 2
1799191 42 2 0
1799192 42 2 2
1818017 42 2 0
1818018 42 56 1
1818206 42 2 2
1818272 42 56 2
1841317 42 2 0
1841318 42 56 1
1841506 42 2 2
1841572 42 56 2
1850512 42 2 0
1850513 42 2 2
1851638 42 2 0
1851639 42 2 2
1856460 42 2 0
1856461 42 2 2
1875131 42 2 0
1875132 42 56 1
1875326 42 2 2
1875392 42 56 2
1898491 42 2 0
1898492 42 56 1
1898686 42 2 2
1898752 42 56 2
1907780 42 2 0
1907781 42 2 2
1908906 42 2 0
1908907 42 2 2
1913734 42 2 0
1913735 42 2 2
1932387 42 2 0
1932388 42 56 1
1932576 42 2 2
1932642 42 56 2
1955727 42 2 0
1955728 42 56 1
1955916 42 2 2
1955982 42 56 2
1964912 42 2 0
1964913 42 2 2
1973893 42 2 0
1973894 42 2 2
1980690 42 2 0
1980691 42 2 2
1995720 42 36 0
1995720 42 36 0
1996457 42 36 2
1997220 42 36 2
1997264 42 37 0
1997264 42 37 0
1997384 42 37 2
1997388 42 37 2
1997520 42 8 0
1997520 42 8 0
1997586 42 8 2
1997723 42 8 2
1997771 42 0 0
1997771 42 0 0
1997845 42 0 2
1997983 42 0 2
1998071 42 36 0
1998071 42 36 0
1998113 42 36 2
2001029 42 38 2
2001531 42 38 2
2002001 42 36 2
2002033 42 38 0
2002033 42 38 0
2002223 42 38 2
2002358 42 38 2
2002518 42 54 0
2002518 42 54 0
2002576 42 54 2
2003741 42 54 2
2003773 42 12 0
2003773 42 12 0
2003845 42 12 2
2003862 42 12 2
2003926 42 37 0
2003926 42 37 0
2003976 42 37 2
2004184 42 37 2
2005009 42 40 2
2005172 42 47 0
2005700 42 40 2
2006761 42 47 2
2006785 42 11 0
2006785 42 11 0
2006843 42 11 2
2006851 42 11 2
2006967 42 39 2
2006979 42 1 0
2006979 42 1 0
2007046 42 1 2
2007179 42 41 2
2007222 42 1 2
2007736 42 39 2
2007822 42 4 0
2007822 42 4 0
2007863 42 39 2
2007880 42 41 2
2007953 42 4 2
2008001 42 41 2
2008016 42 4 2
2008485 42 38 0
2008485 42 38 0
2008543 42 38 2
2008551 42 38 2
2008707 42 46 0
2008778 42 46 2
2008798 42 4 0
2008798 42 4 0
2008872 42 4 2
2009049 42 4 2
2009081 42 0 0
2009081 42 0 0
2009155 42 0 2
2009165 42 0 2
2009313 42 47 0
2009388 42 47 2
2009404 42 12 0
2009487 42 12 2
2009523 42 47 0
2009598 42 47 2
2010654 42 63 0
2010654 42 63 0
2010799 42 63 2
2010816 42 63 2
2011020 42 58 0
2011020 42 58 0
2011094 42 58 2
2011147 42 58 2
2011231 42 46 0
2011353 42 46 2
2012525 42 3 0
2022638 42 3 2
2022646 42 19 0
2022705 42 26 2
2022712 42 19 2
2022716 42 3 0
2026976 42 2 0
2026977 42 2 2
2030154 42 3 2
2047682 42 2 0
2047683 42 56 1
2047874 42 2 2
2047940 42 56 2
2071082 42 2 0
2071083 42 56 1
2071274 42 2 2
2071340 42 56 2
2080474 42 2 0
2080475 42 2 2
2081846 42 2 0
2081847 42 2 2
2089757 42 2 0
2089758 42 2 2
2093071 42 2 0
2093072 42 2 2
2111854 42 2 0
2111855 42 56 1
2112043 42 2 2
2112109 42 56 2
2135184 42 2 0
2135185 42 56 1
2135373 42 2 2
2135439 42 56 2
2144443 42 2 0
2144444 42 2 2
2145657 42 2 0
2145658 42 2 2
2152450 42 2 2
2152451 42 2 0
2171220 42 2 0
2171221 42 56 1
2171409 42 2 2
2171475 42 56 2
2194620 42 2 0
2194621 42 56 1
2194809 42 2 2
2194875 42 56 2
2203800 42 2 0
2203801 42 2 2
2204924 42 2 0
2204925 42 2 2
2211735 42 2 0
2211736 42 2 2
2230556 42 2 0
2230557 42 56 1
2230745 42 2 2
2230811 42 56 2
2253966 42 2 0
2253967 42 56 1
2254155 42 2 2
2254221 42 56 2
2263094 42 2 0
2263095 42 2 2
2264220 42 2 0
2264221 42 2 2
2295736 42 2 0
2295737 42 56 1
2295927 42 2 2
2295992 42 56 2
2565499 42 2 0
2565500 42 2 2
2972656 42 38 0
2972656 42 38 0
2974187 42 38 2
2976000 42 38 2
2976083 42 15 0
2976083 42 15 0
2976393 42 15 2
2978815 42 0 2
2978928 42 15 2
2979016 42 38 0
2979016 42 38 0
2979074 42 38 2
2979081 42 38 2
2979365 42 7 0
2980495 42 7 2
2982155 42 38 0
2982155 42 38 0
2982213 42 38 2
2982221 42 38 2
2988305 42 3 0
2988305 42 2 2
2992577 42 3 2
3949187 42 38 0
3949187 42 38 0
3950267 42 38 2
3951303 42 38 2
3953287 42 38 0
3953287 42 38 0
3953345 42 38 2
3954333 42 38 2
3954670 42 0 2
3955281 42 7 0
3959015 42 7 2
3960011 42 38 0
3960011 42 38 0
3960078 42 38 2
3960129 42 38 2
4925729 42 38 0
4925729 42 38 0
4925799 42 38 2
4926007 42 38 2
4927991 42 38 0
4927991 42 38 0
4928049 42 38 2
4929346 42 38 2
4931290 42 38 0
4931290 42 38 0
4931356 42 38 2
4931358 42 38 2
5902352 42 38 0
5902352 42 38 0
5903368 42 38 2
5905035 42 38 2
5905352 42 38 0
5905352 42 38 0
5905410 42 38 2
5906638 42 38 2
5907693 42 0 2
5908582 42 38 0
5908582 42 38 0
5908648 42 38 2
5908690 42 38 2
6878902 42 38 0
6878902 42 38 0
6880915 42 38 2
6881437 42 38 2
6882853 42 7 0
6883077 42 7 2
6883645 42 38 0
6883645 42 38 0
6883703 42 38 2
6884030 42 38 2
6885974 42 38 0
6885974 42 38 0
6886040 42 38 2
6886102 42 38 2
