0 58 51 0
1035 58 51 2
1039 58 22 0
1605 58 22 2
1617 58 1 0
2006 58 1 2
2026 58 24 0
2146 58 24 2
6449 58 56 1
6627 58 2 2
6708 58 56 2
41734 58 4 0
45377 58 4 2
45429 58 44 0
47279 58 44 2
47291 58 5 0
47406 58 5 2
47418 58 45 0
47842 58 45 2
47910 58 24 0
48182 58 24 2
48214 58 25 0
48367 58 25 2
48375 58 26 0
48537 58 26 2
48577 58 27 0
48685 58 27 2
48705 58 33 0
48851 58 33 2
48871 58 35 0
48989 58 35 2
48997 58 41 0
49627 58 41 2
49643 58 42 0
49921 58 42 2
49953 58 1 0
50051 58 1 2
50087 58 36 0
50223 58 36 2
50235 58 43 0
50648 58 43 2
50664 58 17 0
50762 58 17 2
50854 58 27 0
50961 58 27 2
50965 58 37 0
51090 58 37 2
51102 58 17 0
51316 58 17 2
51324 58 15 0
51494 58 15 2
51534 58 16 0
52333 58 16 2
52373 58 18 0
52480 58 18 2
52504 58 61 0
54098 58 61 2
54110 58 54 0
54362 58 54 2
54382 58 14 0
54496 58 14 2
54504 58 19 0
54610 58 19 2
54614 58 35 0
54894 58 35 2
54910 58 53 0
55515 58 56 1
55687 58 33 2
55744 58 56 2
56030 58 53 2
56070 58 33 0
56221 58 33 2
56233 58 36 0
56343 58 36 2
56363 58 40 0
56643 58 40 2
56667 58 37 0
56818 58 37 2
56922 58 38 0
57048 58 38 2
57052 58 19 0
57390 58 19 2
57414 58 8 0
57546 58 8 2
57554 58 29 0
57668 58 29 2
57708 58 0 0
57859 58 0 2
57871 58 38 0
58055 58 38 2
58071 58 39 0
58236 58 56 1
58294 58 39 2
58298 58 39 0
58417 58 4 2
58517 58 56 2
58521 58 4 0
58659 58 4 0
58778 58 4 0
58899 58 4 0
59025 58 4 0
59066 58 39 2
59122 58 36 0
59150 58 4 0
59273 58 4 0
59275 58 36 2
59307 58 38 0
59405 58 4 0
59439 58 38 2
59455 58 51 0
59523 58 4 0
59560 58 51 2
59616 58 62 0
59638 58 4 0
59778 58 4 0
59875 58 62 2
59883 58 52 0
59888 58 4 0
60002 58 4 0
60080 58 52 2
60116 58 6 0
60142 58 4 0
60259 58 4 0
60397 58 4 0
60491 58 6 2
60511 58 53 0
60523 58 4 0
60624 58 53 2
60640 58 4 0
60648 58 54 0
60750 58 4 0
60861 58 4 0
60881 58 54 2
60897 58 11 0
60973 58 4 0
61107 58 4 0
61218 58 11 2
61230 58 56 0
61234 58 4 0
61356 58 4 0
61472 58 4 0
61588 58 4 0
61719 58 4 0
61847 58 56 2
61851 58 12 0
61859 58 4 0
61966 58 4 0
62082 58 4 0
62167 58 12 2
62175 58 57 0
62189 58 4 0
62310 58 57 2
62314 58 4 0
62314 58 2 0
62425 58 4 0
62551 58 4 0
62630 58 2 2
62666 58 4 0
62682 58 37 0
62690 58 56 1
62796 58 4 0
62796 58 37 2
62812 58 40 0
62887 58 23 2
62931 58 4 0
62992 58 56 2
63004 58 40 2
63042 58 4 0
63060 58 58 0
63179 58 4 0
63275 58 58 2
63286 58 4 0
63335 58 35 0
63424 58 4 0
63446 58 35 2
63450 58 50 0
63546 58 4 0
63644 58 50 2
63664 58 62 0
63674 58 4 0
63810 58 4 0
63933 58 4 0
64049 58 4 0
64173 58 4 0
64288 58 4 0
64423 58 4 0
64535 58 4 0
64664 58 4 0
64776 58 4 0
64892 58 4 0
65020 58 4 0
65046 58 62 2
65074 58 38 0
65148 58 4 0
65262 58 4 0
65406 58 4 0
65421 58 38 2
65493 58 63 0
65542 58 4 0
65654 58 4 0
65767 58 4 0
65898 58 4 0
66012 58 4 0
66134 58 4 0
66632 58 63 2
66672 58 12 0
67000 58 12 2
67024 58 2 0
67149 58 2 2
67173 58 13 0
67528 58 13 2
67624 58 3 0
67730 58 3 2
67770 58 23 0
67910 58 23 2
67926 58 24 0
68103 58 24 2
68211 58 29 0
68498 58 29 2
68506 58 25 0
68671 58 25 2
68699 58 26 0
68805 58 26 2
68885 58 0 0
69022 58 0 2
69030 58 3 0
69144 58 3 2
69188 58 4 0
69302 58 4 2
69398 58 5 0
69530 58 5 2
69570 58 15 0
69888 58 15 2
69896 58 14 0
70334 58 14 2
70346 58 50 0
71418 58 50 2
71446 58 6 0
71602 58 6 2
71622 58 4 0
71872 58 4 2
71880 58 8 0
72056 58 8 2
72060 58 47 0
73480 58 47 2
73488 58 49 0
73619 58 49 2
73635 58 11 0
73770 58 11 2
73806 58 5 0
73965 58 5 2
73989 58 37 0
74340 58 37 2
74404 58 4 0
74525 58 4 2
74529 58 1 0
74759 58 1 2
74787 58 27 0
74911 58 27 2
74919 58 2 0
75076 58 2 2
75088 58 11 0
75338 58 11 2
75346 58 7 0
75476 58 7 2
75496 58 3 0
75619 58 3 2
75727 58 6 0
75865 58 6 2
75885 58 9 0
76079 58 9 2
76251 58 8 0
76695 58 8 2
76707 58 11 0
76830 58 11 2
76850 58 12 0
76979 58 12 2
77003 58 16 0
77491 58 16 2
77499 58 13 0
77615 58 13 2
77663 58 2 0
77769 58 2 2
77805 58 14 0
77927 58 14 2
77931 58 17 0
78505 58 17 2
78513 58 15 0
78712 58 15 2
78732 58 18 0
79132 58 18 2
79156 58 4 0
79264 58 4 2
79304 58 40 0
80298 58 40 2
80302 58 38 0
80302 58 38 0
80376 58 38 2
80444 58 38 2
80452 58 27 0
80558 58 27 2
80578 58 35 0
80675 58 35 2
80731 58 28 0
80873 58 28 2
80941 58 3 0
81039 58 3 2
81043 58 46 0
81444 58 46 2
81464 58 4 0
81571 58 4 2
81603 58 0 0
81756 58 0 2
81760 58 29 0
81877 58 29 2
82021 58 47 0
82356 58 47 2
82428 58 30 0
82581 58 30 2
82933 58 31 0
83117 58 31 2
83121 58 44 0
83295 58 44 2
83303 58 43 0
83408 58 43 2
83540 58 32 0
83748 58 56 1
83892 58 32 2
83927 58 4 2
83964 58 33 0
84054 58 56 2
84059 58 4 0
84078 58 33 2
84126 58 33 0
84183 58 4 0
84259 58 33 2
84267 58 27 0
84304 58 4 0
84373 58 27 2
84438 58 4 0
84477 58 54 0
84552 58 4 0
84660 58 4 0
84787 58 4 0
84923 58 4 0
85036 58 4 0
85166 58 4 0
85304 58 4 0
85422 58 4 0
85551 58 4 0
85620 58 56 1
85675 58 4 0
85795 58 4 0
85797 58 2 2
85878 58 56 2
85926 58 4 0
85997 58 54 2
86009 58 28 0
86051 58 4 0
86114 58 28 2
86130 58 7 0
86172 58 4 0
86299 58 4 0
86446 58 4 0
86466 58 7 2
86474 58 56 0
86578 58 4 0
86696 58 4 0
86837 58 4 0
86972 58 4 0
87156 58 4 0
87288 58 4 0
87419 58 4 0
87549 58 4 0
87685 58 4 0
87811 58 4 0
87927 58 4 0
88049 58 4 0
88158 58 4 0
88280 58 4 0
88424 58 4 0
88543 58 4 0
88655 58 4 0
88763 58 4 0
88906 58 4 0
88923 58 56 2
88939 58 8 0
89031 58 4 0
89156 58 4 0
89191 58 8 2
89288 58 4 0
89291 58 41 0
89416 58 4 0
89557 58 4 0
89686 58 41 2
89696 58 4 0
89734 58 61 0
89817 58 4 0
89861 58 61 2
89865 58 39 0
89935 58 4 0
90052 58 39 2
90063 58 4 0
90064 58 7 0
90202 58 4 0
90221 58 7 2
90281 58 8 0
90356 58 4 0
90405 58 8 2
90437 58 63 0
90488 58 4 0
90644 58 4 0
90720 58 63 2
90771 58 4 0
90828 58 0 0
90892 58 4 0
90964 58 0 2
90992 58 57 0
91087 58 4 0
91215 58 4 0
91316 58 57 2
91340 58 4 0
91384 58 58 0
91463 58 4 0
91561 58 58 2
91579 58 4 0
91645 58 46 0
91701 58 4 0
91817 58 4 0
91867 58 46 2
91879 58 59 0
91947 58 4 0
92011 58 59 2
92043 58 32 0
92177 58 32 2
92185 58 50 0
92386 58 50 2
92462 58 60 0
92909 58 60 2
92917 58 62 0
93286 58 62 2
93290 58 3 0
93398 58 3 2
93410 58 5 0
93525 58 5 2
93553 58 17 0
93680 58 17 2
93700 58 6 0
93842 58 6 2
93934 58 11 0
94078 58 56 1
94257 58 4 2
94289 58 11 2
94297 58 10 0
94354 58 56 2
94356 58 4 0
94394 58 10 2
94414 58 11 0
94477 58 4 0
94528 58 11 2
94536 58 6 0
94607 58 4 0
94658 58 6 2
94694 58 36 0
94721 58 4 0
94831 58 4 0
94956 58 4 0
95009 58 36 2
95069 58 12 0
95078 58 4 0
95175 58 12 2
95183 58 0 0
95209 58 4 0
95342 58 4 0
95355 58 0 2
95457 58 4 0
95479 58 15 0
95479 58 15 0
95563 58 4 0
95585 58 15 2
95670 58 15 2
95683 58 4 0
95726 58 0 2
95790 58 7 0
95816 58 4 0
95934 58 4 0
95968 58 7 2
95972 58 7 0
96054 58 4 0
96142 58 7 2
96154 58 0 0
96184 58 4 0
96332 58 4 0
96453 58 4 0
96470 58 0 2
96592 58 4 0
96618 58 9 0
96740 58 4 0
96861 58 4 0
96985 58 4 0
97012 58 9 2
97044 58 8 0
97115 58 4 0
97216 58 8 2
97230 58 4 0
97244 58 47 0
97346 58 4 0
97457 58 4 0
97496 58 47 2
97567 58 4 0
97686 58 4 0
97815 58 4 0
97940 58 48 0
97944 58 4 0
98060 58 4 0
98176 58 4 0
98203 58 48 2
98313 58 4 0
98438 58 4 0
98564 58 4 0
98686 58 4 0
98779 58 49 0
98800 58 4 0
98939 58 4 0
99069 58 4 0
99091 58 49 2
99187 58 4 0
99305 58 4 0
99432 58 4 0
99561 58 4 0
99667 58 50 0
99687 58 4 0
99819 58 4 0
99922 58 50 2
99981 58 4 0
100113 58 4 0
100238 58 4 0
100387 58 4 0
100498 58 51 0
100529 58 4 0
100656 58 4 0
100770 58 51 2
100783 58 4 0
100915 58 4 0
101346 58 52 0
101650 58 52 2
102226 58 53 0
102510 58 53 2
103086 58 54 0
103364 58 54 2
103940 58 55 0
104180 58 55 2
104756 58 56 0
104924 58 56 1
105013 58 56 2
105097 58 2 2
105178 58 56 2
105589 58 57 0
105928 58 57 2
106301 58 56 1
106459 58 56 1
106478 58 37 2
106504 58 58 0
106513 58 56 1
106552 58 56 2
106638 58 38 2
106663 58 56 1
106720 58 56 2
106748 58 58 2
106764 58 58 2
106773 58 56 2
106777 58 56 1
106858 58 63 2
106891 58 56 1
106925 58 56 2
106968 58 43 2
107018 58 56 2
107078 58 49 2
107120 58 56 2
107165 58 56 1
107338 58 26 2
107340 58 59 0
107396 58 56 2
107517 58 56 1
107613 58 59 2
107688 58 30 2
107713 58 56 1
107778 58 56 2
107888 58 10 2
107962 58 56 2
108189 58 60 0
108469 58 4 0
108508 58 60 2
109084 58 61 0
109380 58 61 2
109956 58 62 0
110217 58 62 2
110793 58 63 0
111021 58 63 2
111597 58 0 0
111597 58 0 0
111687 58 0 2
111852 58 0 2
112120 58 2 0
112244 58 2 2
112300 58 3 0
112934 58 3 2
112938 58 7 0
112938 58 7 0
113052 58 7 2
113276 58 7 2
113364 58 4 0
113548 58 4 2
113936 58 1 0
114288 58 1 2
114864 58 2 0
115221 58 2 2
115797 58 3 0
116188 58 3 2
116764 58 4 0
117048 58 4 2
117624 58 5 0
117910 58 5 2
118486 58 6 0
118863 58 6 2
119439 58 7 0
119778 58 7 2
120354 58 8 0
120613 58 8 2
121189 58 9 0
121488 58 9 2
122064 58 10 0
122393 58 10 2
122969 58 11 0
122969 58 11 0
123043 58 11 2
123320 58 11 2
123896 58 12 0
124330 58 12 2
124906 58 13 0
125189 58 13 2
125765 58 14 0
126125 58 14 2
126701 58 15 0
127020 58 15 2
127596 58 16 0
127853 58 16 2
128429 58 17 0
128728 58 17 2
129304 58 18 0
129585 58 18 2
130161 58 19 0
130462 58 19 2
131038 58 20 0
131329 58 20 2
131905 58 21 0
132190 58 21 2
132766 58 22 0
133107 58 22 2
133683 58 23 0
133992 58 23 2
134568 58 24 0
134824 58 24 2
135400 58 25 0
135698 58 25 2
136274 58 26 0
136537 58 26 2
137113 58 27 0
137424 58 27 2
138000 58 28 0
138309 58 28 2
138885 58 29 0
139170 58 29 2
139746 58 30 0
140079 58 30 2
140655 58 31 0
140944 58 31 2
141520 58 32 0
141833 58 32 2
142409 58 33 0
142748 58 33 2
143316 58 2 0
143317 58 56 1
143324 58 34 0
143487 58 2 2
143568 58 56 2
143579 58 34 2
144155 58 35 0
144426 58 35 2
145002 58 36 0
145289 58 36 2
145865 58 37 0
146149 58 37 2
146725 58 38 0
147041 58 38 2
147617 58 39 0
147886 58 39 2
148462 58 40 0
148723 58 40 2
149299 58 41 0
149598 58 41 2
149629 58 56 1
149807 58 2 2
149888 58 56 2
150174 58 42 0
150411 58 42 2
150987 58 43 0
151278 58 43 2
151854 58 44 0
152169 58 44 2
152745 58 45 0
153029 58 45 2
153605 58 46 0
153903 58 46 2
164607 58 8 0
164863 58 8 2
184794 58 56 1
184967 58 2 2
185048 58 56 2
189367 58 2 0
189368 58 56 1
189547 58 2 2
189628 58 56 2
199843 58 14 0
199965 58 14 2
200237 58 61 0
200351 58 61 2
200398 58 4 0
200423 58 54 0
200545 58 54 2
200577 58 55 0
200707 58 55 2
200935 58 40 0
201041 58 40 2
201069 58 49 0
201167 58 49 2
201179 58 51 0
201305 58 51 2
201325 58 37 0
201455 58 37 2
201459 58 20 0
201569 58 20 2
201585 58 3 0
201916 58 3 2
202008 58 21 0
202122 58 21 2
202130 58 56 0
202219 58 4 0
202260 58 56 2
202280 58 57 0
202349 58 4 0
202394 58 57 2
202482 58 58 0
202491 58 4 0
202588 58 58 2
202623 58 4 0
202668 58 59 0
202752 58 4 0
202775 58 59 2
202799 58 63 0
202907 58 4 0
202930 58 63 2
203014 58 33 0
203033 58 4 0
203128 58 33 2
203178 58 63 2
205201 58 56 1
205377 58 2 2
205458 58 56 2
208953 58 4 0
213987 58 56 1
214157 58 2 2
214238 58 56 2
239535 58 2 0
239536 58 56 1
239707 58 2 2
239788 58 56 2
258848 58 2 0
258849 58 56 1
259037 58 2 2
259118 58 56 2
288428 58 2 0
288429 58 56 1
288607 58 2 2
288688 58 56 2
295061 58 56 1
295236 58 2 2
295317 58 56 2
296817 58 56 1
296988 58 0 2
297086 58 56 2
336619 58 2 0
336620 58 56 1
336797 58 2 2
336878 58 56 2
344852 58 56 1
345027 58 2 2
345108 58 56 2
370823 58 2 0
370824 58 56 1
370997 58 2 2
371078 58 56 2
371397 58 56 1
371567 58 0 2
371664 58 56 2
448544 58 2 0
448545 58 56 1
448717 58 2 2
448798 58 56 2
461318 58 2 0
461319 58 56 1
461497 58 2 2
461578 58 56 2
467287 58 2 0
467288 58 56 1
467467 58 2 2
467548 58 56 2
499156 58 2 0
499157 58 4 0
501369 58 2 0
501370 58 2 2
524680 58 2 0
524681 58 56 1
524858 58 2 2
524939 58 56 2
549598 58 56 1
549769 58 2 2
549851 58 56 2
550937 58 56 1
551108 58 2 2
551189 58 56 2
551201 58 2 0
551202 58 56 1
551378 58 2 2
551459 58 56 2
570960 58 2 0
570961 58 56 1
571138 58 2 2
571219 58 56 2
586842 58 2 0
586843 58 2 2
611720 58 56 1
611899 58 2 2
611981 58 56 2
635200 58 2 0
635201 58 56 1
635379 58 2 2
635461 58 56 2
675030 58 56 1
675031 58 2 0
675209 58 2 2
675291 58 56 2
698550 58 2 0
698551 58 56 1
698729 58 2 2
698811 58 56 2
736763 58 56 1
736939 58 2 2
737021 58 56 2
760063 58 2 0
760064 58 56 1
760239 58 2 2
760321 58 56 2
799161 58 2 0
799162 58 56 1
799338 58 2 2
799420 58 56 2
822571 58 2 0
822572 58 56 1
822748 58 2 2
822830 58 56 2
858291 58 2 0
858292 58 56 1
858468 58 2 2
858550 58 56 2
881631 58 2 0
881632 58 56 1
881808 58 2 2
881890 58 56 2
930841 58 2 0
930842 58 56 1
931018 58 2 2
931100 58 56 2
954161 58 2 0
954162 58 56 1
954338 58 2 2
954420 58 56 2
987683 58 2 0
987684 58 56 1
987858 58 2 2
987940 58 56 2
1011063 58 2 0
1011064 58 56 1
1011238 58 2 2
1011320 58 56 2
1018926 58 15 0
1018926 58 15 0
1020624 58 2 0
1020625 58 2 2
1021646 58 15 2
1023407 58 15 2
1023847 58 0 0
1023847 58 0 0
1023937 58 0 2
1023970 58 0 2
1024090 58 38 0
1024090 58 38 0
1024194 58 38 2
1025313 58 38 2
1026581 58 11 0
1026581 58 11 0
1026656 58 11 2
1026749 58 11 2
1027365 58 2 0
1028887 58 2 2
1028923 58 25 0
1029077 58 25 2
1029093 58 31 0
1029232 58 31 2
1029268 58 33 0
1029402 58 33 2
1029406 58 36 0
1029535 58 36 2
1029543 58 4 0
1029543 58 4 0
1029633 58 4 2
1029785 58 4 2
1029877 58 5 0
1030017 58 5 2
1030049 58 34 0
1030051 58 63 0
1030052 58 56 1
1030154 58 38 0
1030184 58 34 2
1030204 58 35 0
1030246 58 63 2
1030311 58 56 2
1030315 58 63 0
1030317 58 30 0
1030331 58 35 2
1030355 58 32 0
1030418 58 63 0
1030559 58 32 2
1030923 58 38 0
1030923 58 38 0
1030997 58 38 2
1031040 58 10 0
1031041 58 63 0
1031055 58 38 2
1031231 58 4 0
1031231 58 4 0
1031321 58 4 2
1031338 58 4 2
1031370 58 0 0
1031370 58 0 0
1031460 58 0 2
1031496 58 0 2
1031632 58 49 0
1031633 58 63 0
1031899 58 4 0
1032724 58 7 0
1032724 58 7 0
1032838 58 7 2
1032846 58 7 2
1034315 58 37 0
1034316 58 63 0
1034338 58 31 0
1034447 58 31 2
1034491 58 35 0
1034777 58 35 2
1034837 58 32 0
1034950 58 32 2
1035050 58 33 0
1035157 58 33 2
1035249 58 34 0
1035349 58 34 2
1035381 58 1 0
1035381 58 1 0
1035423 58 26 0
1035424 58 63 0
1035463 58 1 2
1035746 58 1 2
1035790 58 32 0
1035866 58 0 0
1035867 58 63 0
1035907 58 32 2
1035915 58 35 0
1036013 58 35 2
1036017 58 60 0
1036025 58 56 1
1036097 58 2 0
1036098 58 2 2
1036123 58 60 2
1036139 58 61 0
1036247 58 62 2
1036253 58 61 2
1036291 58 56 1
1036305 58 56 2
1036313 58 48 0
1036410 58 48 2
1036450 58 49 0
1036489 58 56 1
1036517 58 59 2
1036540 58 49 2
1036551 58 56 2
1036576 58 36 0
1036576 58 36 0
1036634 58 36 2
1036666 58 63 2
1036676 58 36 2
1036731 58 56 2
1036734 58 63 0
1036740 58 37 0
1036740 58 37 0
1036806 58 37 2
1036839 58 37 2
1036847 58 63 0
1036887 58 58 0
1036887 58 58 0
1036896 58 58 0
1036897 58 63 0
1036905 58 58 2
1036942 58 63 0
1036943 58 56 1
1036962 58 58 2
1036974 58 31 0
1037067 58 63 0
1037127 58 15 2
1037142 58 56 1
1037209 58 56 1
1037242 58 56 2
1037265 58 31 2
1037277 58 30 0
1037318 58 47 2
1037350 58 2 0
1037351 58 4 0
1037401 58 56 2
1037430 58 60 2
1037463 58 43 0
1037464 58 63 0
1037466 58 56 1
1037472 58 56 2
1037608 58 30 2
1037616 58 59 0
1037616 58 59 0
1037629 58 56 1
1037637 58 14 2
1037642 58 59 2
1037690 58 59 2
1037691 58 56 1
1037742 58 34 0
1037743 58 56 2
1037808 58 39 2
1037865 58 56 1
1037897 58 56 2
1037917 58 56 2
1037936 58 56 1
1037959 58 56 2
1037981 58 63 0
1037987 58 34 2
1038027 58 0 0
1038037 58 22 2
1038041 58 56 1
1038135 58 56 2
1038147 58 53 2
1038206 58 56 2
1038259 58 34 2
1038285 58 0 2
1038293 58 33 0
1038309 58 56 2
1038377 58 56 1
1038447 58 56 1
1038557 58 12 2
1038588 58 33 2
1038604 58 60 0
1038613 58 56 1
1038648 58 56 2
1038667 58 52 2
1038678 58 60 2
1038698 58 32 0
1038717 58 56 2
1038787 58 24 2
1038862 58 56 2
1038905 58 63 0
1038988 58 32 2
1039064 58 61 0
1039128 58 56 1
1039140 58 61 2
1039259 58 56 1
1039264 58 62 0
1039307 58 8 2
1039317 58 63 0
1039337 58 62 2
1039371 58 56 1
1039397 58 56 2
1039425 58 12 0
1039437 58 29 2
1039473 58 56 1
1039519 58 56 2
1039547 58 12 2
1039547 58 1 2
1039559 58 39 0
1039617 58 56 1
1039637 58 56 2
1039657 58 18 2
1039658 58 39 2
1039670 58 13 0
1039722 58 56 2
1039753 58 56 1
1039790 58 56 1
1039794 58 13 2
1039798 58 48 0
1039817 58 21 2
1039896 58 48 2
1039908 58 59 0
1039908 58 56 2
1039927 58 23 2
1039953 58 56 1
1039982 58 59 2
1040010 58 54 0
1040010 58 54 0
1040033 58 56 2
1040035 58 56 1
1040037 58 50 2
1040068 58 54 2
1040073 58 56 2
1040093 58 54 2
1040133 58 55 0
1040145 58 56 1
1040215 58 55 2
1040239 58 56 0
1040257 58 20 2
1040330 58 56 2
1040339 58 56 2
1040349 58 56 1
1040358 58 57 0
1040367 58 32 2
1040432 58 56 2
1040440 58 57 2
1040469 58 56 1
1040477 58 25 2
1040504 58 58 0
1040513 58 63 0
1040542 58 56 2
1040565 58 56 1
1040578 58 58 2
1040587 58 13 2
1040614 58 49 0
1040657 58 56 1
1040685 58 56 2
1040697 58 11 2
1040704 58 49 2
1040744 58 63 0
1040779 58 56 2
1040807 58 54 2
1040818 58 63 2
1040866 58 15 0
1040873 58 56 2
1040917 58 61 2
1040967 58 56 2
1040988 58 15 2
1041004 58 44 0
1041057 58 63 0
1041094 58 44 2
1041101 58 56 1
1041114 58 45 0
1041182 58 56 1
1041205 58 45 2
1041277 58 6 2
1041323 58 56 1
1041387 58 56 1
1041387 58 19 2
1041394 58 56 2
1041453 58 0 0
1041462 58 56 2
1041483 58 56 1
1041507 58 5 2
1041597 58 56 1
1041599 58 0 2
1041613 58 56 2
1041617 58 35 2
1041674 58 56 2
1041691 58 1 0
1041739 58 42 2
1041755 58 56 1
1041781 58 56 2
1041830 58 1 2
1041842 58 56 1
1041847 58 40 2
1041904 58 56 2
1041930 58 2 0
1041957 58 31 2
1042056 58 56 2
1042060 58 2 2
1042077 58 46 2
1042080 58 41 0
1042151 58 56 2
1042177 58 41 2
1042249 58 3 0
1042380 58 3 2
1042419 58 56 1
1042485 58 56 1
1042542 58 56 1
1042597 58 7 2
1042640 58 5 0
1042707 58 55 2
1042719 58 56 2
1042729 58 56 1
1042770 58 5 2
1042781 58 56 2
1042813 58 56 1
1042817 58 57 2
1042818 58 6 0
1042850 58 56 2
1042922 58 56 1
1042937 58 3 2
1042947 58 6 2
1043025 58 56 1
1043027 58 56 2
1043035 58 7 0
1043047 58 17 2
1043119 58 56 1
1043121 58 56 2
1043157 58 45 2
1043165 58 7 2
1043223 58 56 2
1043230 58 56 1
1043267 58 44 2
1043273 58 8 0
1043325 58 56 2
1043377 58 41 2
1043411 58 8 2
1043426 58 56 2
1043467 58 1 0
1043487 58 48 2
1043536 58 56 2
1043610 58 56 1
1043698 58 56 1
1043787 58 9 2
1043787 58 1 2
1043799 58 56 1
1043869 58 56 2
1043907 58 33 2
1043943 58 56 1
1043964 58 56 2
1044017 58 51 2
1044060 58 56 2
1044127 58 27 2
1044193 58 56 2
1044235 58 46 0
1044306 58 56 1
1044317 58 46 2
1044325 58 4 0
1044382 58 56 1
1044456 58 4 2
1044477 58 4 2
1044480 58 47 0
1044501 58 56 1
1044571 58 47 2
1044575 58 56 2
1044587 58 36 2
1044653 58 56 2
1044692 58 56 1
1044697 58 28 2
1044715 58 12 0
1044771 58 56 2
1044813 58 12 2
1044867 58 16 2
1044949 58 56 2
1045177 58 10 0
1045291 58 10 2
1045411 58 1 0
1045411 58 1 0
1045494 58 1 2
1045706 58 1 2
1046154 58 46 0
1046235 58 46 2
1046267 58 47 0
1046267 58 47 0
1046341 58 47 2
1046359 58 47 2
1046503 58 12 0
1046503 58 12 0
1046586 58 12 2
1046603 58 12 2
1047087 58 1 0
1047386 58 1 2
1047834 58 46 0
1047834 58 46 0
1047900 58 46 2
1047916 58 46 2
1047948 58 47 0
1048039 58 47 2
1048183 58 12 0
1048290 58 12 2
1048774 58 1 0
1048774 58 1 0
1048856 58 1 2
1049116 58 1 2
1049290 58 56 1
1049291 58 2 0
1049467 58 2 2
1049549 58 56 2
1049564 58 46 0
1049564 58 46 0
1049630 58 46 2
1049647 58 46 2
1049679 58 47 0
1049679 58 47 0
1049753 58 47 2
1049770 58 47 2
1049914 58 12 0
1049914 58 12 0
1049996 58 12 2
1050030 58 12 2
1050514 58 1 0
1050514 58 1 0
1050597 58 1 2
1050604 58 1 2
1051052 58 46 0
1051052 58 46 0
1051118 58 46 2
1051126 58 46 2
1051158 58 47 0
1051158 58 47 0
1051232 58 47 2
1051239 58 47 2
1051383 58 12 0
1051383 58 12 0
1051465 58 12 2
1051473 58 12 2
1051861 58 1 0
1051861 58 1 0
1051943 58 1 2
1051991 58 1 2
1052423 58 7 0
1052544 58 7 2
1052560 58 46 0
1052560 58 46 0
1052626 58 46 2
1052634 58 46 2
1052666 58 47 0
1052666 58 47 0
1052740 58 47 2
1052748 58 47 2
1052892 58 12 0
1052892 58 12 0
1052974 58 12 2
1053012 58 12 2
1053496 58 1 0
1053496 58 1 0
1053579 58 1 2
1053687 58 1 2
1054135 58 46 0
1054135 58 46 0
1054202 58 46 2
1054207 58 46 2
1054239 58 47 0
1054239 58 47 0
1054313 58 47 2
1054321 58 47 2
1054465 58 12 0
1054465 58 12 0
1054547 58 12 2
1054560 58 12 2
1055044 58 1 0
1055044 58 1 0
1055129 58 1 2
1055137 58 1 2
1055585 58 46 0
1055585 58 46 0
1055651 58 46 2
1055659 58 46 2
1055691 58 47 0
1055691 58 47 0
1055773 58 47 2
1055774 58 47 2
1055917 58 5 0
1056046 58 5 2
1056054 58 61 0
1056054 58 61 0
1056096 58 61 2
1056185 58 61 2
1056193 58 29 0
1056470 58 29 2
1056486 58 62 0
1056486 58 62 0
1056537 58 62 2
1056624 58 62 2
1056900 58 63 0
1056900 58 63 0
1056958 58 63 2
1057048 58 63 2
1057472 58 12 0
1057472 58 12 0
1057556 58 12 2
1057565 58 12 2
1058005 58 11 0
1058120 58 11 2
1058332 58 1 0
1058332 58 1 0
1058414 58 1 2
1058422 58 1 2
1058870 58 46 0
1058870 58 46 0
1058936 58 46 2
1058944 58 46 2
1058976 58 47 0
1058976 58 47 0
1059050 58 47 2
1059058 58 47 2
1059202 58 12 0
1059202 58 12 0
1059284 58 12 2
1059292 58 12 2
1059776 58 1 0
1059776 58 1 0
1059858 58 1 2
1059866 58 1 2
1060314 58 46 0
1060314 58 46 0
1060380 58 46 2
1060388 58 46 2
1060420 58 47 0
1060420 58 47 0
1060494 58 47 2
1060502 58 47 2
1060646 58 12 0
1060646 58 12 0
1060728 58 12 2
1060739 58 12 2
1061223 58 1 0
1061223 58 1 0
1061305 58 1 2
1061313 58 1 2
1061761 58 46 0
1061761 58 46 0
1061827 58 46 2
1061834 58 46 2
1061866 58 47 0
1061866 58 47 0
1061940 58 47 2
1061948 58 47 2
1062092 58 12 0
1062092 58 12 0
1062176 58 12 2
1062184 58 12 2
1062668 58 1 0
1062668 58 1 0
1062750 58 1 2
1062759 58 1 2
1063207 58 46 0
1063207 58 46 0
1063273 58 46 2
1063280 58 46 2
1063312 58 47 0
1063312 58 47 0
1063386 58 47 2
1063394 58 47 2
1063538 58 12 0
1063538 58 12 0
1063620 58 12 2
1063628 58 12 2
1064112 58 1 0
1064112 58 1 0
1064194 58 1 2
1064202 58 1 2
1064650 58 46 0
1064650 58 46 0
1064716 58 46 2
1064725 58 46 2
1064757 58 47 0
1064757 58 47 0
1064832 58 47 2
1064840 58 47 2
1064984 58 12 0
1064984 58 12 0
1065066 58 12 2
1065074 58 12 2
1065558 58 1 0
1065558 58 1 0
1065641 58 1 2
1065698 58 1 2
1066130 58 8 0
1066130 58 8 0
1066212 58 8 2
1066253 58 8 2
1066269 58 46 0
1066269 58 46 0
1066335 58 46 2
1066342 58 46 2
1066374 58 47 0
1066374 58 47 0
1066449 58 47 2
1066458 58 47 2
1066602 58 12 0
1066602 58 12 0
1066684 58 12 2
1066721 58 12 2
1067205 58 1 0
1067205 58 1 0
1067287 58 1 2
1067395 58 1 2
1067843 58 46 0
1067843 58 46 0
1067909 58 46 2
1067917 58 46 2
1067949 58 47 0
1067949 58 47 0
1068023 58 47 2
1068040 58 47 2
1068184 58 12 0
1068184 58 12 0
1068266 58 12 2
1068274 58 12 2
1068758 58 1 0
1068758 58 1 0
1068840 58 1 2
1068848 58 1 2
1069296 58 46 0
1069296 58 46 0
1069362 58 46 2
1069369 58 46 2
1069401 58 47 0
1069401 58 47 0
1069475 58 47 2
1069483 58 47 2
1069627 58 12 0
1069627 58 12 0
1069709 58 12 2
1069717 58 12 2
1070201 58 1 0
1070201 58 1 0
1070283 58 1 2
1070291 58 1 2
1070739 58 46 0
1070739 58 46 0
1070805 58 46 2
1070814 58 46 2
1070846 58 47 0
1070846 58 47 0
1070920 58 47 2
1070928 58 47 2
1071072 58 12 0
1071072 58 12 0
1071154 58 12 2
1071162 58 12 2
1071646 58 1 0
1071646 58 1 0
1071728 58 1 2
1071736 58 1 2
1072184 58 46 0
1072184 58 46 0
1072250 58 46 2
1072258 58 46 2
1072290 58 47 0
1072290 58 47 0
1072364 58 47 2
1072372 58 47 2
1072516 58 12 0
1072516 58 12 0
1072598 58 12 2
1072606 58 12 2
1073090 58 1 0
1073090 58 1 0
1073172 58 1 2
1073180 58 1 2
1073628 58 46 0
1073628 58 46 0
1073694 58 46 2
1073702 58 46 2
1073734 58 47 0
1073734 58 47 0
1073808 58 47 2
1073815 58 47 2
1073959 58 12 0
1073959 58 12 0
1074041 58 12 2
1074049 58 12 2
1074533 58 1 0
1074533 58 1 0
1074615 58 1 2
1074623 58 1 2
1075071 58 46 0
1075071 58 46 0
1075137 58 46 2
1075163 58 46 2
1075195 58 47 0
1075195 58 47 0
1075269 58 47 2
1075286 58 47 2
1075430 58 12 0
1075430 58 12 0
1075512 58 12 2
1075520 58 12 2
1076004 58 1 0
1076004 58 1 0
1076086 58 1 2
1076094 58 1 2
1076542 58 46 0
1076542 58 46 0
1076608 58 46 2
1076616 58 46 2
1076648 58 47 0
1076648 58 47 0
1076722 58 47 2
1076730 58 47 2
1076874 58 12 0
1076874 58 12 0
1076956 58 12 2
1076967 58 12 2
1077451 58 1 0
1077451 58 1 0
1077533 58 1 2
1077541 58 1 2
1077973 58 9 0
1078063 58 9 2
1078079 58 46 0
1078079 58 46 0
1078145 58 46 2
1078170 58 46 2
1078202 58 47 0
1078202 58 47 0
1078276 58 47 2
1078292 58 47 2
1078436 58 12 0
1078436 58 12 0
1078518 58 12 2
1078526 58 12 2
1079010 58 1 0
1079010 58 1 0
1079095 58 1 2
1079103 58 1 2
1079551 58 46 0
1079551 58 46 0
1079617 58 46 2
1079625 58 46 2
1079657 58 47 0
1079657 58 47 0
1079732 58 47 2
1079740 58 47 2
1079884 58 12 0
1079884 58 12 0
1079967 58 12 2
1079972 58 12 2
1080456 58 1 0
1080456 58 1 0
1080538 58 1 2
1080546 58 1 2
1080994 58 46 0
1080994 58 46 0
1081060 58 46 2
1081085 58 46 2
1081117 58 47 0
1081117 58 47 0
1081191 58 47 2
1081208 58 47 2
1081352 58 12 0
1081352 58 12 0
1081434 58 12 2
1081442 58 12 2
1081926 58 1 0
1081926 58 1 0
1082008 58 1 2
1082016 58 1 2
1082464 58 46 0
1082464 58 46 0
1082531 58 46 2
1082538 58 46 2
1082570 58 47 0
1082570 58 47 0
1082645 58 47 2
1082653 58 47 2
1082797 58 12 0
1082797 58 12 0
1082880 58 12 2
1082886 58 12 2
1083370 58 1 0
1083370 58 1 0
1083452 58 1 2
1083460 58 1 2
1083908 58 46 0
1083908 58 46 0
1083975 58 46 2
1084000 58 46 2
1084032 58 47 0
1084032 58 47 0
1084106 58 47 2
1084123 58 47 2
1084267 58 12 0
1084267 58 12 0
1084349 58 12 2
1084356 58 12 2
1084840 58 1 0
1084840 58 1 0
1084922 58 1 2
1084930 58 1 2
1085378 58 46 0
1085378 58 46 0
1085444 58 46 2
1085451 58 46 2
1085483 58 47 0
1085483 58 47 0
1085557 58 47 2
1085566 58 47 2
1085710 58 12 0
1085710 58 12 0
1085793 58 12 2
1085798 58 12 2
1086282 58 1 0
1086282 58 1 0
1086364 58 1 2
1086372 58 1 2
1086820 58 46 0
1086820 58 46 0
1086886 58 46 2
1086911 58 46 2
1086943 58 47 0
1086943 58 47 0
1087017 58 47 2
1087034 58 47 2
1087178 58 12 0
1087178 58 12 0
1087260 58 12 2
1087268 58 12 2
1087752 58 1 0
1087752 58 1 0
1087835 58 1 2
1087846 58 1 2
1088294 58 46 0
1088294 58 46 0
1088360 58 46 2
1088368 58 46 2
1088400 58 47 0
1088400 58 47 0
1088474 58 47 2
1088483 58 47 2
1088627 58 12 0
1088627 58 12 0
1088710 58 12 2
1088715 58 12 2
1089199 58 1 0
1089199 58 1 0
1089281 58 1 2
1089289 58 1 2
1089721 58 10 0
1089819 58 10 2
1089835 58 46 0
1089835 58 46 0
1089901 58 46 2
1089926 58 46 2
1089958 58 47 0
1089958 58 47 0
1090032 58 47 2
1090051 58 47 2
1090195 58 12 0
1090195 58 12 0
1090277 58 12 2
1090285 58 12 2
1090769 58 1 0
1090769 58 1 0
1090851 58 1 2
1090859 58 1 2
1091307 58 46 0
1091307 58 46 0
1091373 58 46 2
1091384 58 46 2
1091416 58 47 0
1091416 58 47 0
1091490 58 47 2
1091502 58 47 2
1091646 58 12 0
1091646 58 12 0
1091728 58 12 2
1091736 58 12 2
1092220 58 1 0
1092220 58 1 0
1092302 58 1 2
1092310 58 1 2
1092758 58 46 0
1092758 58 46 0
1092824 58 46 2
1092849 58 46 2
1092881 58 47 0
1092881 58 47 0
1092955 58 47 2
1092972 58 47 2
1093116 58 12 0
1093116 58 12 0
1093198 58 12 2
1093206 58 12 2
1093690 58 1 0
1093690 58 1 0
1093772 58 1 2
1093782 58 1 2
1094230 58 46 0
1094230 58 46 0
1094296 58 46 2
1094304 58 46 2
1094336 58 47 0
1094336 58 47 0
1094410 58 47 2
1094418 58 47 2
1094562 58 12 0
1094562 58 12 0
1094647 58 12 2
1094655 58 12 2
1095139 58 1 0
1095139 58 1 0
1095221 58 1 2
1095229 58 1 2
1095677 58 46 0
1095677 58 46 0
1095743 58 46 2
1095768 58 46 2
1095800 58 47 0
1095800 58 47 0
1095874 58 47 2
1095891 58 47 2
1096035 58 12 0
1096035 58 12 0
1096117 58 12 2
1096125 58 12 2
1096609 58 1 0
1096609 58 1 0
1096691 58 1 2
1096699 58 1 2
1097147 58 46 0
1097147 58 46 0
1097213 58 46 2
1097221 58 46 2
1097253 58 47 0
1097253 58 47 0
1097327 58 47 2
1097335 58 47 2
1097479 58 12 0
1097479 58 12 0
1097561 58 12 2
1097569 58 12 2
1098053 58 1 0
1098053 58 1 0
1098135 58 1 2
1098143 58 1 2
1098591 58 46 0
1098591 58 46 0
1098657 58 46 2
1098681 58 46 2
1098713 58 47 0
1098713 58 47 0
1098787 58 47 2
1098804 58 47 2
1098948 58 12 0
1098948 58 12 0
1099030 58 12 2
1099038 58 12 2
1099522 58 1 0
1099522 58 1 0
1099604 58 1 2
1099611 58 1 2
1100059 58 46 0
1100059 58 46 0
1100125 58 46 2
1100133 58 46 2
1100165 58 47 0
1100165 58 47 0
1100239 58 47 2
1100247 58 47 2
1100391 58 12 0
1100391 58 12 0
1100473 58 12 2
1100481 58 12 2
1100965 58 1 0
1100965 58 1 0
1101047 58 1 2
1101104 58 1 2
1101536 58 11 0
1101536 58 11 0
1101610 58 11 2
1101659 58 11 2
1101675 58 46 0
1101675 58 46 0
1101741 58 46 2
1101766 58 46 2
1101798 58 47 0
1101798 58 47 0
1101872 58 47 2
1101889 58 47 2
1102033 58 12 0
1102033 58 12 0
1102115 58 12 2
1102156 58 12 2
1102640 58 1 0
1102640 58 1 0
1102722 58 1 2
1102779 58 1 2
1103227 58 46 0
1103227 58 46 0
1103293 58 46 2
1103318 58 46 2
1103350 58 47 0
1103350 58 47 0
1103424 58 47 2
1103441 58 47 2
1103585 58 12 0
1103585 58 12 0
1103667 58 12 2
1103708 58 12 2
1104192 58 1 0
1104192 58 1 0
1104274 58 1 2
1104331 58 1 2
1104779 58 46 0
1104779 58 46 0
1104845 58 46 2
1104870 58 46 2
1104902 58 47 0
1104902 58 47 0
1104976 58 47 2
1104993 58 47 2
1105137 58 12 0
1105137 58 12 0
1105219 58 12 2
1105260 58 12 2
1105744 58 1 0
1105744 58 1 0
1105826 58 1 2
1105883 58 1 2
1106331 58 46 0
1106331 58 46 0
1106397 58 46 2
1106422 58 46 2
1106454 58 47 0
1106454 58 47 0
1106528 58 47 2
1106545 58 47 2
1106689 58 12 0
1106689 58 12 0
1106771 58 12 2
1106812 58 12 2
1107296 58 1 0
1107296 58 1 0
1107378 58 1 2
1107435 58 1 2
1107883 58 46 0
1107883 58 46 0
1107949 58 46 2
1107974 58 46 2
1108006 58 47 0
1108006 58 47 0
1108080 58 47 2
1108097 58 47 2
1108241 58 12 0
1108241 58 12 0
1108323 58 12 2
1108364 58 12 2
1108848 58 1 0
1108848 58 1 0
1108930 58 1 2
1108987 58 1 2
1109435 58 46 0
1109435 58 46 0
1109501 58 46 2
1109526 58 46 2
1109558 58 47 0
1109558 58 47 0
1109632 58 47 2
1109648 58 47 2
1109792 58 12 0
1109792 58 12 0
1109874 58 12 2
1109915 58 12 2
1110399 58 1 0
1110399 58 1 0
1110481 58 1 2
1110538 58 1 2
1110986 58 46 0
1110986 58 46 0
1111052 58 46 2
1111077 58 46 2
1111109 58 47 0
1111109 58 47 0
1111183 58 47 2
1111201 58 47 2
1111345 58 12 0
1111345 58 12 0
1111427 58 12 2
1111435 58 12 2
1111919 58 1 0
1111919 58 1 0
1112001 58 1 2
1112058 58 1 2
1112506 58 46 0
1112506 58 46 0
1112572 58 46 2
1112597 58 46 2
1112629 58 47 0
1112629 58 47 0
1112703 58 47 2
1112720 58 47 2
1112864 58 12 0
1112864 58 12 0
1112946 58 12 2
1112987 58 12 2
1113471 58 1 0
1113471 58 1 0
1113553 58 1 2
1113610 58 1 2
1114042 58 12 0
1114042 58 12 0
1114124 58 12 2
1114165 58 12 2
1114181 58 46 0
1114181 58 46 0
1114247 58 46 2
1114272 58 46 2
1114304 58 47 0
1114304 58 47 0
1114378 58 47 2
1114395 58 47 2
1114539 58 12 0
1114539 58 12 0
1114621 58 12 2
1114629 58 12 2
1115113 58 1 0
1115113 58 1 0
1115195 58 1 2
1115252 58 1 2
1115700 58 46 0
1115700 58 46 0
1115766 58 46 2
1115791 58 46 2
1115823 58 47 0
1115823 58 47 0
1115897 58 47 2
1115914 58 47 2
1116058 58 12 0
1116058 58 12 0
1116140 58 12 2
1116181 58 12 2
1116665 58 1 0
1116665 58 1 0
1116747 58 1 2
1116804 58 1 2
1117252 58 46 0
1117252 58 46 0
1117318 58 46 2
1117343 58 46 2
1117375 58 47 0
1117375 58 47 0
1117449 58 47 2
1117466 58 47 2
1117610 58 12 0
1117610 58 12 0
1117692 58 12 2
1117700 58 12 2
1118184 58 1 0
1118184 58 1 0
1118266 58 1 2
1118323 58 1 2
1118771 58 46 0
1118771 58 46 0
1118837 58 46 2
1118862 58 46 2
1118894 58 47 0
1118894 58 47 0
1118968 58 47 2
1118985 58 47 2
1119129 58 12 0
1119129 58 12 0
1119211 58 12 2
1119252 58 12 2
1119736 58 1 0
1119736 58 1 0
1119818 58 1 2
1119875 58 1 2
1120323 58 46 0
1120323 58 46 0
1120389 58 46 2
1120414 58 46 2
1120446 58 47 0
1120446 58 47 0
1120520 58 47 2
1120536 58 47 2
1120680 58 12 0
1120680 58 12 0
1120762 58 12 2
1120769 58 12 2
1121253 58 1 0
1121253 58 1 0
1121335 58 1 2
1121393 58 1 2
1121841 58 46 0
1121841 58 46 0
1121908 58 46 2
1121933 58 46 2
1121965 58 47 0
1121965 58 47 0
1122039 58 47 2
1122056 58 47 2
1122200 58 12 0
1122200 58 12 0
1122282 58 12 2
1122323 58 12 2
1122807 58 1 0
1122807 58 1 0
1122889 58 1 2
1122946 58 1 2
1123394 58 46 0
1123394 58 46 0
1123460 58 46 2
1123485 58 46 2
1123517 58 47 0
1123517 58 47 0
1123591 58 47 2
1123608 58 47 2
1123752 58 12 0
1123752 58 12 0
1123834 58 12 2
1123842 58 12 2
1124326 58 1 0
1124326 58 1 0
1124408 58 1 2
1124465 58 1 2
1124913 58 46 0
1124913 58 46 0
1124979 58 46 2
1125004 58 46 2
1125036 58 47 0
1125036 58 47 0
1125110 58 47 2
1125127 58 47 2
1125271 58 12 0
1125271 58 12 0
1125353 58 12 2
1125394 58 12 2
1125878 58 1 0
1125878 58 1 0
1125960 58 1 2
1126017 58 1 2
1126449 58 13 0
1126563 58 13 2
1126579 58 46 0
1126579 58 46 0
1126645 58 46 2
1126670 58 46 2
1126702 58 47 0
1126702 58 47 0
1126776 58 47 2
1126793 58 47 2
1126937 58 12 0
1126937 58 12 0
1127019 58 12 2
1127060 58 12 2
1127544 58 1 0
1127544 58 1 0
1127627 58 1 2
1127682 58 1 2
1128130 58 46 0
1128130 58 46 0
1128196 58 46 2
1128221 58 46 2
1128253 58 47 0
1128253 58 47 0
1128327 58 47 2
1128344 58 47 2
1128488 58 12 0
1128488 58 12 0
1128570 58 12 2
1128611 58 12 2
1129095 58 1 0
1129095 58 1 0
1129177 58 1 2
1129233 58 1 2
1129681 58 46 0
1129681 58 46 0
1129748 58 46 2
1129772 58 46 2
1129804 58 47 0
1129804 58 47 0
1129878 58 47 2
1129895 58 47 2
1130039 58 12 0
1130039 58 12 0
1130121 58 12 2
1130162 58 12 2
1130646 58 1 0
1130646 58 1 0
1130729 58 1 2
1130784 58 1 2
1131232 58 46 0
1131232 58 46 0
1131298 58 46 2
1131320 58 62 0
1131321 58 63 0
1131323 58 46 2
1131355 58 47 0
1131355 58 47 0
1131429 58 47 2
1131446 58 47 2
1131447 58 59 0
1131448 58 63 0
1131590 58 12 0
1131590 58 12 0
1131672 58 12 2
1131712 58 12 2
1132149 58 15 0
1132150 58 63 0
1132196 58 1 0
1132196 58 1 0
1132262 58 47 0
1132278 58 1 2
1132283 58 63 0
1132335 58 1 2
1132372 58 60 0
1132383 58 63 0
1132783 58 46 0
1132783 58 46 0
1132849 58 46 2
1132876 58 46 2
1132886 58 14 0
1132887 58 63 0
1132908 58 47 0
1132908 58 47 0
1132982 58 47 2
1132989 58 39 0
1132999 58 47 2
1133020 58 63 0
1133143 58 12 0
1133143 58 12 0
1133225 58 12 2
1133233 58 12 2
1133717 58 1 0
1133717 58 1 0
1133803 58 1 2
1133807 58 56 0
1133808 58 63 0
1133856 58 1 2
1133978 58 22 0
1133979 58 63 0
1134075 58 53 0
1134096 58 63 0
1134204 58 34 0
1134205 58 63 0
1134304 58 46 0
1134304 58 46 0
1134370 58 46 2
1134379 58 12 0
1134380 58 63 0
1134404 58 46 2
1134436 58 47 0
1134436 58 47 0
1134468 58 52 0
1134509 58 63 0
1134510 58 47 2
1134530 58 47 2
1134674 58 12 0
1134674 58 12 0
1134691 58 24 0
1134692 58 63 0
1134756 58 12 2
1134756 58 63 0
1134798 58 12 2
1134926 58 8 0
1134927 58 63 0
1135036 58 63 0
1135041 58 29 0
1135072 58 63 0
1135216 58 1 0
1135217 58 63 0
1135282 58 1 0
1135282 58 1 0
1135333 58 18 0
1135365 58 1 2
1135374 58 63 0
1135422 58 1 2
1135453 58 21 0
1135504 58 63 0
1135550 58 23 0
1135631 58 63 0
1135657 58 50 0
1135758 58 63 0
1135794 58 20 0
1135855 58 63 0
1135870 58 46 0
1135870 58 46 0
1135936 58 46 2
1135964 58 46 2
1135966 58 32 0
1135977 58 63 0
1135996 58 47 0
1135996 58 47 0
1136070 58 47 2
1136087 58 47 2
1136090 58 25 0
1136101 58 63 0
1136179 58 63 0
1136231 58 12 0
1136231 58 12 0
1136282 58 13 0
1136283 58 63 0
1136313 58 12 2
1136318 58 63 0
1136358 58 12 2
1136400 58 63 0
1136440 58 11 0
1136441 58 63 0
1136518 58 54 0
1136569 58 63 0
1136595 58 61 0
1136658 58 63 0
1136842 58 1 0
1136842 58 1 0
1136900 58 30 0
1136902 58 4 0
1136912 58 63 0
1136925 58 1 2
1137058 58 6 0
1137059 58 63 0
1137060 58 63 0
1137100 58 1 2
1137225 58 19 0
1137226 58 63 0
1137350 58 5 0
1137451 58 63 0
1137472 58 35 0
1137517 58 37 0
1137528 58 4 0
1137548 58 46 0
1137548 58 46 0
1137603 58 63 0
1137614 58 46 2
1137650 58 40 0
1137659 58 46 2
1137691 58 47 0
1137691 58 47 0
1137705 58 4 0
1137706 58 38 0
1137725 58 63 0
1137761 58 63 0
1137767 58 47 2
1137832 58 31 0
1137873 58 63 0
1137880 58 47 2
1137927 58 42 0
1137988 58 63 0
1138024 58 12 0
1138024 58 12 0
1138032 58 63 0
1138044 58 46 0
1138086 58 63 0
1138106 58 12 2
1138151 58 63 0
1138152 58 12 2
1138191 58 26 0
1138192 58 4 0
1138299 58 7 0
1138300 58 63 0
1138428 58 63 0
1138430 58 55 0
1138451 58 63 0
1138559 58 57 0
1138560 58 63 0
1138636 58 1 0
1138636 58 1 0
1138636 58 63 0
1138718 58 1 2
1138729 58 1 2
1138765 58 63 0
1138871 58 3 0
1138872 58 63 0
1138875 58 63 0
1139134 58 17 0
1139135 58 63 0
1139175 58 43 0
1139177 58 46 0
1139177 58 46 0
1139206 58 4 0
1139243 58 46 2
1139267 58 63 0
1139276 58 46 2
1139291 58 63 0
1139308 58 47 0
1139308 58 47 0
1139316 58 45 0
1139366 58 63 0
1139375 58 44 0
1139382 58 47 2
1139399 58 47 2
1139460 58 63 0
1139484 58 48 0
1139485 58 63 0
1139543 58 12 0
1139543 58 12 0
1139625 58 12 2
1139633 58 12 2
1139778 58 63 0
1139951 58 9 0
1139952 58 63 0
1139959 58 63 0
1140075 58 27 0
1140087 58 63 0
1140101 58 63 0
1140117 58 1 0
1140117 58 1 0
1140200 58 1 2
1140235 58 63 0
1140265 58 1 2
1140372 58 63 0
1140386 58 41 0
1140387 58 63 0
1140507 58 36 0
1140508 58 63 0
1140514 58 63 0
1140594 58 51 0
1140615 58 63 0
1140646 58 63 0
1140713 58 46 0
1140713 58 46 0
1140715 58 33 0
1140716 58 63 0
1140726 58 10 0
1140740 58 63 0
1140777 58 4 0
1140779 58 46 2
1140803 58 46 2
1140835 58 47 0
1140835 58 47 0
1140841 58 63 0
1140890 58 28 0
1140909 58 47 2
1140930 58 47 2
1140965 58 4 0
1141041 58 63 0
1141074 58 12 0
1141074 58 12 0
1141115 58 16 0
1141126 58 63 0
1141156 58 12 2
1141176 58 63 0
1141299 58 12 2
1141306 58 63 0
1141339 58 63 0
1141466 58 63 0
1141606 58 63 0
1141742 58 63 0
1141775 58 9 0
1141887 58 63 0
1141896 58 9 2
1142020 58 55 0
1142041 58 63 0
1142126 58 55 2
1142130 58 1 0
1142130 58 1 0
1142166 58 63 0
1142212 58 1 2
1142290 58 1 2
1142293 58 63 0
1142314 58 56 0
1142428 58 56 2
1142432 58 63 0
1142448 58 45 0
1142460 58 49 0
1142461 58 49 2
1142534 58 63 0
1142546 58 45 2
1142602 58 46 0
1142628 58 63 0
1142700 58 46 2
1142776 58 63 0
1142858 58 63 0
1143000 58 63 0
1143000 58 63 2
1143008 58 47 0
1143114 58 56 2
1143115 58 47 2
1143177 58 63 0
1143219 58 62 0
1143219 58 62 0
1143277 58 62 2
1143310 58 63 0
1143344 58 62 2
1143412 58 29 0
1143446 58 63 0
1143517 58 29 2
1143541 58 63 0
1143557 58 30 0
1143654 58 63 0
1143673 58 30 2
1143717 58 17 0
1143841 58 17 2
1143897 58 18 0
1144024 58 18 2
1144072 58 19 0
1144188 58 19 2
1144199 58 63 0
1144224 58 21 0
1144346 58 21 2
1144349 58 63 0
1144378 58 22 0
1144440 58 2 0
1144441 58 63 0
1144473 58 63 0
1144497 58 22 2
1144582 58 63 0
1144692 58 63 0
1144791 58 63 0
1144853 58 61 0
1144853 58 61 0
1144895 58 61 2
1144931 58 63 0
1144968 58 61 2
1145333 58 63 0
1145504 58 1 0
1145504 58 1 0
1145536 58 63 0
1145586 58 1 2
1145594 58 1 2
1145678 58 58 0
1145678 58 58 0
1145687 58 58 0
1145688 58 58 2
1145696 58 58 2
1145703 58 58 2
1145783 58 59 0
1145783 58 59 0
1145810 58 59 2
1145815 58 59 2
1146690 58 0 0
1146691 58 0 2
1146999 58 2 0
1147000 58 63 0
1147913 58 63 2
1147914 58 63 0
1234354 58 14 0
1234355 58 14 2
1234900 58 15 0
1234901 58 15 2
1236305 58 47 0
1236306 58 47 2
1236570 58 12 0
1236571 58 12 2
1236957 58 34 0
1236958 58 34 2
1237146 58 62 0
1237147 58 62 2
1237355 58 21 0
1237356 58 21 2
1237641 58 59 0
1237642 58 59 2
1238029 58 60 0
1238030 58 60 2
1238187 58 22 0
1238188 58 22 2
1238331 58 39 2
1238332 58 39 0
1238667 58 13 0
1238668 58 13 2
1238915 58 20 0
1238916 58 20 2
1239134 58 18 0
1239135 58 18 2
1239404 58 29 0
1239405 58 29 2
1240011 58 11 0
1240012 58 11 2
1240147 58 23 0
1240148 58 23 2
1240250 58 35 0
1240261 58 35 2
1240685 58 19 0
1240686 58 19 2
1241055 58 24 0
1241056 58 24 2
1241178 58 6 0
1241179 58 6 2
1241289 58 52 0
1241300 58 52 2
1241493 58 36 0
1241494 58 36 2
1242084 58 8 0
1242085 58 8 2
1242211 58 1 0
1242212 58 1 2
1242358 58 5 0
1242359 58 5 2
1242553 58 3 0
1242554 58 3 2
1242662 58 28 0
1242663 58 28 2
1242805 58 25 0
1242806 58 25 2
1242917 58 53 0
1242918 58 53 2
1243047 58 31 0
1243048 58 31 2
1243239 58 55 2
1243299 58 32 0
1243300 58 32 2
1243430 58 17 0
1243431 58 17 2
1243560 58 61 0
1243561 58 61 2
1243650 58 42 0
1243651 58 42 2
1243893 58 56 0
1243894 58 56 2
1244012 58 44 0
1244013 58 44 2
1244185 58 7 0
1244186 58 7 2
1244303 58 4 0
1244314 58 4 2
1244467 58 9 0
1244468 58 9 2
1244583 58 50 0
1244584 58 50 2
1244721 58 40 0
1244722 58 40 2
1244815 58 57 2
1244833 58 54 0
1244834 58 54 2
1244938 58 33 0
1244939 58 33 2
1245048 58 45 0
1245049 58 45 2
1245355 58 27 0
1245356 58 27 2
1245596 58 51 0
1245597 58 51 2
1245955 58 41 0
1245956 58 41 2
1246089 58 46 0
1246090 58 46 2
1246311 58 55 0
1246312 58 55 2
1247370 58 16 0
1247371 58 16 2
1248166 58 57 0
1248167 58 57 2
1248633 58 2 0
1248634 58 2 2
1248879 58 48 0
1248880 58 48 2
1251725 58 2 0
1251726 58 2 2
1278067 58 2 0
1278068 58 56 1
1278244 58 2 2
1278326 58 56 2
1301597 58 2 0
1301598 58 56 1
1301774 58 2 2
1301856 58 56 2
1335660 58 2 0
1335661 58 56 1
1335837 58 2 2
1335919 58 56 2
1359010 58 2 0
1359011 58 56 1
1359187 58 2 2
1359269 58 56 2
1393200 58 2 0
1393201 58 56 1
1393377 58 2 2
1393459 58 56 2
1416580 58 2 0
1416581 58 56 1
1416767 58 2 2
1416849 58 56 2
1449997 58 2 0
1449998 58 56 1
1450174 58 2 2
1450256 58 56 2
1473297 58 2 0
1473298 58 56 1
1473474 58 2 2
1473556 58 56 2
1507244 58 2 0
1507245 58 56 1
1507421 58 2 2
1507503 58 56 2
1530574 58 2 0
1530575 58 56 1
1530751 58 2 2
1530833 58 56 2
1595532 58 56 1
1595533 58 2 0
1595709 58 2 2
1595791 58 56 2
1619002 58 2 0
1619003 58 56 1
1619199 58 2 2
1619281 58 56 2
1621652 58 2 0
1621653 58 2 2
1652841 58 2 0
1652842 58 56 1
1653018 58 2 2
1653100 58 56 2
1676161 58 2 0
1676162 58 56 1
1676338 58 2 2
1676420 58 56 2
1710087 58 2 0
1710088 58 56 1
1710264 58 2 2
1710346 58 56 2
1733537 58 2 0
1733538 58 56 1
1733714 58 2 2
1733796 58 56 2
1766876 58 2 0
1766877 58 56 1
1767053 58 2 2
1767135 58 56 2
1790186 58 2 0
1790187 58 56 1
1790363 58 2 2
1790445 58 56 2
1824171 58 2 0
1824172 58 56 1
1824348 58 2 2
1824430 58 56 2
1847471 58 2 0
1847472 58 56 1
1847648 58 2 2
1847730 58 56 2
1881305 58 2 0
1881306 58 56 1
1881478 58 2 2
1881560 58 56 2
1904655 58 2 0
1904656 58 56 1
1904828 58 2 2
1904910 58 56 2
1938551 58 2 0
1938552 58 56 1
1938728 58 2 2
1938810 58 56 2
1961891 58 2 0
1961892 58 56 1
1962068 58 2 2
1962150 58 56 2
1981936 58 2 0
1981937 58 56 1
1982108 58 2 2
1982189 58 56 2
1990700 58 2 0
1990701 58 2 2
1995704 58 36 0
1995704 58 36 0
1997386 58 36 2
1997430 58 37 0
1997430 58 37 0
1997563 58 37 2
1997656 58 37 2
1997831 58 36 0
1997889 58 36 2
1999351 58 36 0
1999351 58 36 2
1999936 58 36 2
1999968 58 38 0
1999968 58 38 0
2000052 58 38 2
2000240 58 38 2
2000400 58 54 0
2000400 58 54 0
2000489 58 54 2
2000545 58 54 2
2000577 58 12 0
2000577 58 12 0
2000659 58 12 2
2000667 58 12 2
2000731 58 37 0
2000731 58 37 0
2000798 58 37 2
2002490 58 60 2
2002491 58 60 0
2002868 58 35 0
2002869 58 60 0
2002976 58 38 0
2002977 58 60 0
2003586 58 37 2
2003611 58 37 0
2003612 58 60 0
2004069 58 60 0
2004070 58 31 0
2004231 58 60 0
2004232 58 50 0
2004234 58 57 2
2004465 58 28 0
2004466 58 60 0
2004574 58 47 0
2004574 58 47 0
2004650 58 47 2
2004704 58 52 0
2004705 58 60 0
2004736 58 47 2
2004760 58 11 0
2004760 58 11 0
2004834 58 11 2
2004842 58 11 2
2004846 58 57 2
2004906 58 61 0
2004907 58 60 0
2004970 58 1 0
2004977 58 57 2
2005212 58 36 0
2005213 58 60 0
2005223 58 1 2
2005287 58 2 0
2005289 58 4 0
2005353 58 34 0
2005354 58 60 0
2005496 58 23 0
2005497 58 60 0
2005632 58 32 0
2005633 58 60 0
2005737 58 44 0
2005738 58 60 0
2005850 58 21 0
2005851 58 60 0
2005886 58 55 2
2005945 58 29 0
2005956 58 60 0
2006132 58 25 0
2006133 58 60 0
2006256 58 11 0
2006257 58 60 0
2006355 58 38 0
2006355 58 38 0
2006376 58 30 0
2006377 58 60 0
2006429 58 38 2
2006459 58 57 0
2006480 58 60 0
2006510 58 38 2
2006539 58 63 0
2006540 58 60 0
2006582 58 55 2
2006617 58 33 0
2006618 58 60 0
2006666 58 46 0
2006666 58 46 0
2006718 58 55 2
2006732 58 46 2
2006747 58 46 2
2006888 58 10 0
2006889 58 60 0
2006947 58 47 0
2006947 58 47 0
2007021 58 47 2
2007029 58 47 2
2007042 58 60 0
2007043 58 5 0
2007045 58 12 0
2007151 58 40 0
2007152 58 12 2
2007162 58 60 0
2007188 58 47 0
2007268 58 22 0
2007269 58 60 0
2007272 58 47 2
2007372 58 20 0
2007383 58 60 0
2007534 58 46 0
2007535 58 60 0
2007769 58 19 0
2007770 58 60 0
2007877 58 26 0
2007878 58 60 0
2008045 58 60 0
2008046 58 9 0
2008156 58 60 0
2008157 58 55 0
2008243 58 49 0
2008244 58 60 0
2008328 58 63 0
2008328 58 63 0
2008377 58 13 0
2008378 58 60 0
2008386 58 63 2
2008403 58 63 2
2008607 58 58 0
2008607 58 58 0
2008616 58 58 0
2008617 58 60 0
2008625 58 58 2
2008658 58 58 2
2008720 58 45 0
2008721 58 60 0
2008742 58 46 0
2008824 58 46 2
2008844 58 15 0
2008845 58 60 0
2008958 58 51 0
2008969 58 60 0
2009045 58 54 0
2009046 58 60 0
2009244 58 56 2
2009414 58 39 0
2009415 58 60 0
2009542 58 41 0
2009543 58 60 0
2009654 58 27 0
2009655 58 60 0
2009795 58 8 0
2009796 58 60 0
2009934 58 56 2
2009958 58 7 0
2009959 58 60 0
2009996 58 3 0
2010082 58 59 0
2010093 58 60 0
2010145 58 24 0
2010146 58 60 0
2010290 58 1 0
2010291 58 60 0
2010416 58 12 0
2010417 58 60 0
2010704 58 0 0
2010705 58 60 0
2010836 58 16 0
2010837 58 60 0
2010976 58 14 0
2010977 58 60 0
2011077 58 42 0
2011098 58 60 0
2011129 58 53 0
2011170 58 60 0
2011225 58 18 0
2011236 58 60 0
2011376 58 6 0
2011377 58 60 0
2011485 58 43 0
2011504 58 60 0
2011528 58 56 0
2011579 58 60 0
2011653 58 17 0
2011654 58 60 0
2011773 58 47 0
2011774 58 60 0
2011850 58 48 0
2011871 58 60 0
2011974 58 3 0
2011975 58 60 0
2012098 58 4 0
2012099 58 60 0
2012197 58 62 0
2012208 58 60 0
2014842 58 2 0
2014843 58 2 2
2015927 58 2 0
2015928 58 60 0
2016518 58 3 2
2016526 58 19 0
2016601 58 51 2
2016608 58 19 2
2016612 58 3 0
2019526 58 2 0
2019527 58 2 2
2020815 58 2 0
2020816 58 2 2
2023504 58 3 2
2023814 58 6 2
2023816 58 3 0
2024988 58 2 0
2024989 58 2 2
2027468 58 2 0
2027469 58 2 2
2028860 58 3 2
2031407 58 2 0
2031408 58 2 2
2053876 58 2 0
2053877 58 56 1
2054056 58 2 2
2054138 58 56 2
2077256 58 2 0
2077257 58 56 1
2077436 58 2 2
2077518 58 56 2
2091921 58 2 0
2091922 58 2 2
2118008 58 2 0
2118009 58 56 1
2118185 58 2 2
2118267 58 56 2
2141338 58 2 0
2141339 58 56 1
2141515 58 2 2
2141597 58 56 2
2143960 58 2 0
2143961 58 2 2
2177424 58 2 0
2177425 58 56 1
2177601 58 2 2
2177683 58 56 2
2200784 58 2 0
2200785 58 56 1
2200961 58 2 2
2201043 58 56 2
2236720 58 2 0
2236721 58 56 1
2236897 58 2 2
2236979 58 56 2
2260140 58 2 0
2260141 58 56 1
2260317 58 2 2
2260399 58 56 2
2673295 58 2 0
2673296 58 2 2
2972665 58 38 0
2972665 58 38 0
2973011 58 2 2
2973012 58 2 0
2975603 58 38 2
2975761 58 38 2
2977499 58 15 0
2977499 58 15 0
2978055 58 15 2
2978839 58 0 2
2980152 58 15 2
2980240 58 38 0
2980240 58 38 0
2980314 58 38 2
2980322 58 38 2
2980606 58 7 0
2982772 58 7 2
2984432 58 38 0
2984432 58 38 0
2984506 58 38 2
2984514 58 38 2
2984538 58 2 0
2984539 58 2 2
2985377 58 2 0
2985378 58 60 0
2988330 58 3 0
2988330 58 2 2
2993400 58 3 2
3949176 58 38 0
3949176 58 38 0
3949768 58 38 2
3951690 58 38 2
3953517 58 2 0
3953518 58 4 0
3953674 58 38 0
3953674 58 38 0
3953748 58 38 2
3954694 58 0 2
3955375 58 38 2
3955659 58 7 0
3956479 58 7 2
3958139 58 38 0
3958139 58 38 0
3958213 58 38 2
3958221 58 38 2
4925764 58 38 0
4925764 58 38 0
4926840 58 38 2
4927213 58 38 2
4929197 58 38 0
4929197 58 38 0
4929271 58 38 2
4932199 58 38 2
4934143 58 38 0
4934143 58 38 0
4934225 58 38 2
4934297 58 38 2
5902336 58 38 0
5902336 58 38 0
5905744 58 38 2
5907296 58 38 2
5907717 58 0 2
5907728 58 38 0
5907728 58 38 0
5907802 58 38 2
5908890 58 38 2
5909174 58 7 0
5909384 58 7 2
5911044 58 38 0
5911044 58 38 0
5911118 58 38 2
5911126 58 38 2
6878883 58 38 0
6878883 58 38 0
6881583 58 38 2
6882259 58 38 2
6883567 58 38 0
6883567 58 38 0
6883641 58 38 2
6883899 58 38 2
6885843 58 38 0
6885843 58 38 0
6885926 58 38 2
6886027 58 38 2
