0 50 51 0
913 50 51 2
917 50 22 0
3195 50 22 2
3207 50 1 0
3772 50 1 2
3792 50 24 0
3913 50 24 2
7404 50 56 1
7591 50 2 2
7664 50 56 2
13645 50 56 1
13831 50 2 2
13904 50 56 2
21863 50 56 1
22042 50 2 2
22116 50 56 2
41734 50 4 0
45082 50 4 2
45134 50 44 0
46945 50 44 2
46957 50 5 0
47066 50 5 2
47078 50 45 0
47508 50 45 2
47576 50 24 0
47940 50 24 2
47972 50 25 0
48131 50 25 2
48139 50 26 0
48237 50 26 2
48277 50 27 0
48377 50 27 2
48397 50 33 0
49502 50 33 2
49522 50 35 0
49629 50 35 2
49637 50 41 0
50334 50 41 2
50350 50 42 0
50597 50 42 2
50629 50 1 0
50719 50 1 2
50755 50 36 0
50894 50 36 2
50906 50 43 0
51304 50 43 2
51320 50 17 0
51344 50 56 1
51410 50 17 2
51502 50 27 0
51531 50 25 2
51589 50 56 2
51610 50 27 2
51614 50 37 0
51739 50 37 2
51751 50 17 0
51899 50 17 2
51907 50 15 0
52210 50 15 2
52250 50 16 0
52455 50 16 2
52495 50 18 0
52603 50 18 2
52627 50 61 0
53461 50 61 2
53473 50 54 0
53701 50 54 2
53721 50 13 0
53827 50 13 2
53835 50 19 0
53934 50 19 2
53938 50 35 0
54210 50 35 2
54226 50 53 0
54838 50 53 2
54878 50 33 0
54988 50 33 2
55000 50 36 0
55111 50 36 2
55131 50 40 0
55379 50 40 2
55403 50 37 0
55509 50 37 2
55613 50 38 0
55728 50 38 2
55732 50 11 0
56054 50 11 2
56078 50 8 0
56199 50 8 2
56207 50 29 0
56313 50 29 2
56353 50 0 0
56471 50 0 2
56483 50 38 0
56917 50 38 2
56933 50 39 0
57205 50 39 2
57209 50 39 0
57913 50 39 2
57969 50 36 0
58069 50 36 2
58101 50 38 0
58215 50 38 2
58231 50 51 0
58389 50 51 2
58445 50 43 0
58691 50 43 2
58699 50 52 0
58853 50 56 1
59081 50 4 2
59178 50 56 2
59183 50 4 0
59295 50 4 0
59297 50 52 2
59333 50 51 0
59422 50 4 0
59533 50 4 0
59584 50 51 2
59604 50 53 0
59636 50 4 0
59746 50 4 0
59857 50 4 0
59980 50 4 0
60050 50 53 2
60074 50 54 0
60085 50 4 0
60217 50 4 0
60320 50 4 0
60448 50 4 0
60560 50 4 0
60671 50 4 0
60792 50 4 0
60890 50 4 0
61009 50 4 0
61112 50 4 0
61219 50 4 0
61331 50 4 0
61457 50 4 0
61467 50 54 2
61483 50 11 0
61574 50 4 0
61702 50 4 0
61794 50 11 2
61806 50 56 0
61816 50 4 0
61929 50 4 0
62040 50 4 0
62161 50 4 0
62281 50 4 0
62390 50 4 0
62494 50 4 0
62610 50 4 0
62715 50 4 0
62836 50 4 0
62956 50 4 0
63059 50 4 0
63186 50 4 0
63310 50 4 0
63415 50 4 0
63543 50 4 0
63664 50 4 0
63786 50 4 0
63896 50 4 0
64005 50 4 0
64137 50 4 0
64261 50 4 0
64345 50 56 1
64395 50 4 0
64509 50 4 0
64531 50 15 2
64633 50 4 0
64636 50 56 2
64671 50 56 2
64675 50 12 0
64711 50 56 1
64776 50 4 0
64884 50 4 0
64901 50 4 2
64956 50 12 2
64964 50 57 0
64993 50 56 2
64998 50 4 0
65005 50 4 0
65106 50 4 0
65110 50 4 0
65129 50 57 2
65133 50 2 0
65222 50 4 0
65250 50 4 0
65352 50 4 0
65430 50 4 0
65445 50 2 2
65472 50 4 0
65497 50 37 0
65530 50 4 0
65582 50 4 0
65609 50 37 2
65625 50 40 0
65649 50 4 0
65719 50 4 0
65753 50 4 0
65819 50 40 2
65842 50 4 0
65875 50 58 0
65877 50 4 0
65950 50 4 0
65997 50 58 2
66008 50 4 0
66057 50 35 0
66060 50 4 0
66138 50 4 0
66162 50 35 2
66166 50 50 0
66175 50 4 0
66258 50 4 0
66267 50 50 2
66285 50 4 0
66287 50 62 0
66369 50 4 0
66408 50 4 0
66477 50 4 0
66540 50 62 2
66568 50 38 0
66598 50 4 0
66703 50 4 0
66808 50 4 0
66876 50 38 2
66948 50 63 0
66953 50 4 0
67057 50 4 0
67200 50 4 0
67309 50 4 0
67419 50 4 0
67540 50 4 0
67661 50 4 0
67791 50 4 0
67906 50 4 0
68046 50 4 0
68178 50 4 0
68189 50 63 2
68229 50 12 0
68319 50 4 0
68420 50 4 0
68535 50 4 0
68573 50 12 2
68597 50 2 0
68650 50 4 0
68768 50 4 0
68909 50 4 0
69022 50 2 2
69040 50 4 0
69046 50 13 0
69160 50 4 0
69260 50 4 0
69344 50 13 2
69384 50 4 0
69440 50 3 0
69571 50 3 2
69611 50 23 0
69626 50 4 0
69732 50 23 2
69748 50 24 0
69758 50 4 0
69871 50 24 2
69880 50 4 0
69979 50 21 0
69980 50 4 0
70100 50 4 0
70210 50 4 0
70274 50 21 2
70282 50 25 0
70330 50 4 0
70448 50 4 0
70507 50 25 2
70535 50 26 0
70568 50 4 0
70637 50 26 2
70676 50 4 0
70717 50 0 0
70792 50 4 0
70815 50 0 2
70823 50 3 0
70896 50 4 0
71036 50 4 0
71044 50 3 2
71088 50 4 0
71188 50 4 0
71197 50 4 2
71293 50 5 0
71319 50 4 0
71404 50 5 2
71439 50 4 0
71444 50 15 0
71549 50 4 0
71698 50 4 0
71754 50 15 2
71762 50 14 0
71839 50 4 0
71950 50 4 0
72080 50 4 0
72109 50 14 2
72121 50 50 0
72200 50 4 0
72310 50 4 0
72430 50 4 0
72535 50 50 2
72550 50 4 0
72563 50 6 0
72677 50 6 2
72697 50 4 0
72832 50 4 0
72842 50 4 2
72850 50 8 0
73263 50 8 2
73267 50 47 0
73739 50 47 2
73747 50 49 0
73963 50 49 2
73979 50 11 0
74095 50 11 2
74131 50 5 0
74279 50 5 2
74303 50 37 0
74666 50 37 2
74730 50 4 0
74854 50 4 2
74858 50 1 0
75107 50 1 2
75135 50 27 0
75238 50 27 2
75246 50 2 0
75399 50 2 2
75411 50 11 0
75710 50 11 2
75718 50 7 0
75944 50 7 2
75964 50 3 0
76079 50 3 2
76187 50 6 0
76302 50 6 2
76322 50 9 0
76524 50 9 2
76696 50 8 0
77435 50 8 2
77447 50 11 0
77549 50 11 2
77569 50 12 0
77667 50 12 2
77691 50 16 0
78147 50 16 2
78155 50 13 0
78269 50 13 2
78317 50 2 0
78443 50 2 2
78479 50 14 0
78607 50 14 2
78611 50 17 0
79174 50 17 2
79182 50 15 0
79387 50 15 2
79407 50 18 0
79819 50 18 2
79843 50 4 0
79943 50 4 2
79983 50 40 0
80204 50 56 1
80411 50 29 2
80423 50 40 2
80427 50 38 0
80427 50 38 0
80484 50 56 2
80493 50 38 2
80571 50 38 2
80579 50 27 0
80677 50 27 2
80680 50 56 1
80697 50 35 0
80787 50 35 2
80828 50 56 1
80843 50 28 0
80861 50 11 2
80934 50 56 2
80980 50 28 2
81011 50 2 2
81048 50 3 0
81084 50 56 2
81138 50 3 2
81142 50 46 0
81549 50 46 2
81569 50 4 0
81677 50 4 2
81709 50 0 0
81885 50 0 2
81889 50 29 0
81999 50 29 2
82143 50 47 0
82462 50 47 2
82534 50 30 0
82714 50 30 2
83066 50 31 0
83248 50 31 2
83252 50 44 0
83400 50 44 2
83408 50 43 0
83517 50 43 2
83649 50 32 0
84016 50 32 2
84088 50 33 0
84201 50 33 2
84249 50 33 0
84383 50 33 2
84391 50 27 0
84493 50 27 2
84597 50 54 0
84771 50 54 2
84783 50 28 0
84918 50 28 2
84934 50 52 0
85045 50 56 1
85213 50 52 2
85221 50 56 0
85231 50 4 2
85323 50 56 2
85324 50 4 0
85436 50 4 0
85560 50 4 0
85666 50 56 1
85689 50 4 0
85791 50 4 0
85851 50 47 2
85909 50 4 0
85924 50 56 2
86050 50 4 0
86168 50 4 0
86300 50 4 0
86413 50 4 0
86542 50 4 0
86661 50 4 0
86763 50 4 0
86875 50 4 0
87006 50 4 0
87124 50 4 0
87237 50 4 0
87396 50 4 0
87412 50 56 2
87428 50 53 0
87529 50 4 0
87643 50 4 0
87704 50 53 2
87767 50 4 0
87804 50 41 0
87894 50 4 0
87998 50 4 0
88108 50 4 0
88203 50 41 2
88220 50 4 0
88251 50 61 0
88341 50 4 0
88439 50 61 2
88443 50 39 0
88447 50 4 0
88558 50 4 0
88578 50 39 2
88590 50 7 0
88718 50 7 2
88751 50 4 0
88778 50 8 0
88857 50 4 0
88891 50 8 2
88923 50 63 0
88972 50 4 0
89113 50 63 2
89122 50 4 0
89221 50 0 0
89241 50 4 0
89360 50 0 2
89363 50 4 0
89388 50 57 0
89474 50 4 0
89525 50 57 2
89577 50 4 0
89593 50 58 0
89679 50 4 0
89797 50 58 2
89802 50 4 0
89881 50 46 0
89913 50 4 0
89994 50 46 2
90006 50 59 0
90046 50 4 0
90169 50 4 0
90289 50 4 0
90500 50 4 0
90507 50 59 2
90539 50 32 0
90609 50 4 0
90690 50 32 2
90698 50 50 0
90746 50 4 0
90857 50 4 0
90950 50 50 2
90968 50 4 0
91026 50 60 0
91107 50 4 0
91243 50 4 0
91346 50 4 0
91403 50 60 2
91411 50 62 0
91485 50 4 0
91591 50 4 0
91604 50 62 2
91608 50 3 0
91707 50 4 0
91708 50 3 2
91720 50 5 0
91821 50 4 0
91828 50 5 2
91856 50 17 0
91939 50 4 0
91988 50 17 2
92008 50 6 0
92055 50 4 0
92126 50 6 2
92162 50 4 0
92218 50 11 0
92278 50 4 0
92402 50 4 0
92514 50 4 0
92534 50 11 2
92542 50 10 0
92609 50 56 1
92623 50 4 0
92633 50 10 2
92653 50 11 0
92740 50 4 0
92751 50 11 2
92759 50 6 0
92791 50 0 2
92879 50 6 2
92881 50 56 2
92915 50 36 0
93385 50 36 2
93445 50 12 0
93549 50 12 2
93557 50 0 0
93851 50 0 2
93975 50 15 0
93975 50 15 0
94073 50 15 2
94159 50 15 2
94279 50 7 0
94444 50 7 2
94460 50 0 0
95026 50 0 2
95038 50 14 0
95156 50 14 2
95352 50 61 0
95706 50 61 2
95717 50 0 2
95778 50 54 0
96111 50 54 2
96143 50 55 0
96556 50 55 2
96784 50 40 0
96882 50 40 2
96910 50 49 0
97050 50 49 2
97062 50 51 0
97150 50 56 1
97331 50 0 2
97358 50 51 2
97378 50 37 0
97421 50 56 2
97529 50 37 2
97533 50 20 0
97630 50 20 2
97646 50 3 0
97973 50 3 2
98065 50 21 0
98171 50 21 2
98179 50 56 0
98422 50 56 1
98601 50 0 2
98690 50 56 2
98911 50 56 2
98931 50 57 0
99076 50 57 2
99164 50 58 0
99280 50 58 2
99360 50 59 0
99479 50 59 2
99480 50 56 1
99503 50 63 0
99608 50 56 1
99662 50 37 2
99680 50 56 1
99728 50 56 2
99792 50 38 2
99866 50 56 2
99868 50 56 1
99902 50 58 2
99935 50 56 2
100025 50 56 1
100052 50 63 2
100118 50 56 1
100126 50 56 2
100212 50 43 2
100254 50 56 2
100283 50 56 1
100332 50 49 2
100366 50 56 2
100472 50 26 2
100514 50 63 2
100522 50 56 2
100565 50 56 1
100598 50 33 0
100659 50 56 1
100704 50 33 2
100752 50 30 2
100834 50 56 2
100862 50 10 2
100928 50 56 2
105429 50 56 1
105611 50 0 2
105700 50 56 2
112494 50 56 1
112681 50 2 2
112754 50 56 2
126809 50 56 1
126991 50 2 2
127064 50 56 2
136005 50 56 1
136191 50 2 2
136264 50 56 2
138038 50 56 1
138221 50 2 2
138294 50 56 2
194341 50 56 1
194521 50 2 2
194594 50 56 2
203166 50 63 2
232805 50 56 1
232991 50 2 2
233064 50 56 2
237143 50 56 1
237321 50 2 2
237394 50 56 2
243822 50 2 0
243823 50 56 1
244001 50 2 2
244074 50 56 2
253675 50 56 1
253861 50 0 2
253950 50 56 2
256325 50 4 0
267991 50 2 0
267992 50 56 1
268171 50 2 2
268244 50 56 2
272582 50 2 0
272583 50 56 1
272761 50 2 2
272834 50 56 2
275399 50 56 1
275581 50 2 2
275654 50 56 2
289655 50 0 0
289656 50 56 1
289842 50 0 2
289932 50 56 2
303964 50 2 0
303965 50 56 1
304151 50 2 2
304224 50 56 2
340846 50 2 0
340847 50 56 1
341031 50 2 2
341104 50 56 2
354826 50 2 0
354827 50 56 1
355011 50 2 2
355084 50 56 2
358916 50 2 0
358917 50 56 1
359101 50 2 2
359174 50 56 2
419028 50 56 1
419211 50 2 2
419284 50 56 2
428642 50 2 0
428643 50 56 1
428821 50 2 2
428894 50 56 2
473983 50 2 0
473984 50 56 1
474171 50 2 2
474244 50 56 2
482217 50 2 0
482218 50 0 0
522114 50 2 0
522115 50 56 1
522302 50 2 2
522375 50 56 2
541994 50 2 0
541995 50 56 1
542182 50 2 2
542255 50 56 2
568072 50 2 0
568073 50 56 1
568252 50 2 2
568325 50 56 2
578340 50 2 0
578341 50 56 1
578522 50 2 2
578595 50 56 2
581797 50 2 0
581798 50 2 2
608598 50 2 0
608599 50 56 1
608783 50 2 2
608857 50 56 2
632068 50 2 0
632069 50 56 1
632273 50 2 2
632347 50 56 2
647965 50 2 0
647966 50 2 2
671798 50 2 0
671799 50 56 1
671983 50 2 2
672057 50 56 2
695268 50 2 0
695269 50 56 1
695453 50 2 2
695527 50 56 2
733651 50 2 0
733652 50 56 1
733833 50 2 2
733907 50 56 2
756951 50 56 1
756952 50 2 0
757133 50 2 2
757207 50 56 2
796049 50 2 0
796050 50 56 1
796232 50 2 2
796306 50 56 2
819459 50 2 0
819460 50 56 1
819642 50 2 2
819716 50 56 2
855169 50 2 0
855170 50 56 1
855352 50 2 2
855426 50 56 2
878509 50 2 0
878510 50 56 1
878692 50 2 2
878766 50 56 2
896705 50 2 0
896706 50 4 0
927739 50 2 0
927740 50 56 1
927922 50 2 2
927996 50 56 2
951059 50 2 0
951060 50 56 1
951242 50 2 2
951316 50 56 2
984561 50 2 0
984562 50 56 1
984742 50 2 2
984816 50 56 2
1007941 50 2 0
1007942 50 56 1
1008122 50 2 2
1008196 50 56 2
1018934 50 15 0
1018934 50 15 0
1021314 50 15 2
1021874 50 38 0
1021874 50 38 0
1021940 50 38 2
1022188 50 15 2
1022635 50 38 2
1023670 50 2 0
1023671 50 56 1
1023851 50 2 2
1023924 50 56 2
1024087 50 7 0
1024233 50 2 0
1024234 50 4 0
1024249 50 7 2
1024584 50 0 0
1024585 50 4 0
1024681 50 2 0
1025035 50 2 2
1025071 50 25 0
1025215 50 25 2
1025231 50 31 0
1025337 50 31 2
1025373 50 33 0
1025569 50 33 2
1025573 50 36 0
1025671 50 36 2
1025679 50 4 0
1025839 50 4 2
1025931 50 5 0
1025994 50 2 0
1025995 50 4 0
1026063 50 5 2
1026095 50 34 0
1026254 50 34 2
1026274 50 35 0
1026381 50 35 2
1026405 50 32 0
1026642 50 32 2
1027006 50 38 0
1027006 50 38 0
1027072 50 38 2
1027080 50 38 2
1029220 50 56 1
1029401 50 62 2
1029467 50 56 2
1029555 50 56 1
1029741 50 59 2
1029783 50 56 2
1029829 50 56 1
1029924 50 9 0
1029927 50 56 1
1030011 50 15 2
1030013 50 56 1
1030080 50 9 2
1030112 50 8 0
1030118 50 56 2
1030121 50 47 2
1030195 50 56 2
1030227 50 8 2
1030231 50 60 2
1030255 50 47 0
1030281 50 56 2
1030391 50 56 1
1030487 50 56 1
1030503 50 47 2
1030555 50 56 1
1030571 50 14 2
1030668 50 56 2
1030681 50 39 2
1030763 50 56 1
1030764 50 56 2
1030791 50 56 2
1030841 50 56 2
1030883 50 56 1
1030947 50 48 0
1030971 50 22 2
1031006 50 56 1
1031061 50 56 2
1031081 50 53 2
1031131 50 56 2
1031191 50 34 2
1031203 50 48 2
1031233 50 56 2
1031305 50 56 1
1031374 50 56 1
1031491 50 12 2
1031573 50 56 2
1031601 50 52 2
1031642 50 56 1
1031643 50 56 2
1031779 50 49 0
1031831 50 24 2
1031897 50 56 2
1032018 50 56 1
1032137 50 56 1
1032147 50 49 2
1032201 50 8 2
1032258 50 56 1
1032284 50 56 2
1032341 50 29 2
1032352 50 56 1
1032415 50 56 2
1032451 50 1 2
1032525 50 56 1
1032533 50 56 2
1032561 50 18 2
1032618 50 56 2
1032691 50 56 1
1032711 50 21 2
1032723 50 50 0
1032732 50 56 1
1032793 50 56 2
1032871 50 23 2
1032897 50 56 1
1032969 50 56 2
1032981 50 50 2
1032983 50 56 1
1032997 50 50 2
1033006 50 56 2
1033091 50 20 2
1033092 50 56 1
1033164 50 56 2
1033201 50 32 2
1033260 50 56 2
1033283 50 56 1
1033311 50 25 2
1033369 50 56 2
1033407 50 56 1
1033436 50 2 0
1033437 50 2 2
1033471 50 13 2
1033521 50 56 1
1033561 50 56 2
1033573 50 51 0
1033591 50 11 2
1033631 50 56 1
1033665 50 56 2
1033701 50 54 2
1033759 50 56 2
1033831 50 61 2
1033840 50 56 1
1033879 50 51 2
1033889 50 56 2
1034019 50 56 1
1034021 50 6 2
1034127 50 56 2
1034201 50 19 2
1034212 50 56 1
1034267 50 56 2
1034273 50 56 1
1034368 50 56 1
1034391 50 5 2
1034455 50 52 0
1034485 50 56 1
1034489 50 56 2
1034503 50 35 2
1034553 50 56 2
1034611 50 42 2
1034644 50 56 2
1034686 50 56 1
1034731 50 40 2
1034769 50 56 1
1034780 50 52 2
1034781 50 56 2
1034871 50 31 2
1034961 50 56 2
1034981 50 46 2
1035047 50 56 2
1035270 50 56 1
1035329 50 56 1
1035356 50 53 0
1035416 50 56 1
1035451 50 7 2
1035561 50 55 2
1035565 50 56 2
1035626 50 56 2
1035655 50 56 1
1035666 50 53 2
1035671 50 57 2
1035713 50 56 2
1035740 50 56 1
1035841 50 3 2
1035851 50 56 1
1035923 50 56 2
1035951 50 17 2
1035954 50 56 1
1036017 50 56 2
1036047 50 56 1
1036081 50 45 2
1036139 50 56 2
1036191 50 44 2
1036241 50 56 2
1036242 50 54 0
1036301 50 41 2
1036307 50 56 1
1036343 50 56 2
1036501 50 48 2
1036530 50 54 2
1036544 50 56 2
1036579 50 56 1
1036674 50 56 1
1036761 50 9 2
1036777 50 56 1
1036835 50 56 2
1036871 50 33 2
1036922 50 56 2
1036961 50 56 1
1036982 50 51 2
1037016 50 56 2
1037106 50 55 0
1037151 50 27 2
1037183 50 56 1
1037208 50 56 2
1037261 50 56 1
1037371 50 4 2
1037380 50 56 1
1037387 50 55 2
1037461 50 56 2
1037481 50 36 2
1037539 50 56 2
1037591 50 28 2
1037639 50 56 1
1037657 50 56 2
1037803 50 2 0
1037804 50 4 0
1037831 50 16 2
1037905 50 56 2
1037963 50 56 0
1038262 50 56 2
1038838 50 57 0
1039201 50 57 2
1039777 50 58 0
1040060 50 58 2
1040636 50 59 0
1040927 50 59 2
1041503 50 60 0
1041848 50 60 2
1042187 50 56 1
1042188 50 2 0
1042371 50 2 2
1042424 50 61 0
1042445 50 56 2
1042754 50 61 2
1043330 50 62 0
1043672 50 62 2
1043848 50 49 2
1044248 50 63 0
1044338 50 49 2
1044546 50 63 2
1044579 50 49 2
1045122 50 0 0
1045122 50 0 0
1045204 50 0 2
1045403 50 0 2
1045671 50 2 0
1045776 50 2 2
1045832 50 3 0
1045938 50 3 2
1045942 50 7 0
1046293 50 7 2
1046381 50 4 0
1046381 50 4 0
1046463 50 4 2
1046503 50 4 2
1046891 50 1 0
1047206 50 1 2
1047782 50 2 0
1048106 50 2 2
1048682 50 3 0
1049015 50 3 2
1049591 50 4 0
1049876 50 4 2
1050452 50 5 0
1050726 50 5 2
1051302 50 6 0
1051669 50 6 2
1052245 50 7 0
1052575 50 7 2
1053151 50 8 0
1053403 50 8 2
1053979 50 9 0
1054265 50 9 2
1054841 50 10 0
1055129 50 10 2
1055705 50 11 0
1055705 50 11 0
1055771 50 11 2
1056017 50 11 2
1056593 50 12 0
1056873 50 12 2
1057449 50 13 0
1057726 50 13 2
1058302 50 14 0
1058660 50 14 2
1059236 50 15 0
1059567 50 15 2
1060143 50 16 0
1060404 50 16 2
1060980 50 17 0
1061274 50 17 2
1061850 50 18 0
1062140 50 18 2
1062716 50 19 0
1063018 50 19 2
1063594 50 20 0
1063880 50 20 2
1064456 50 21 0
1064726 50 21 2
1065302 50 22 0
1065641 50 22 2
1066217 50 23 0
1066519 50 23 2
1067095 50 24 0
1067344 50 24 2
1067920 50 25 0
1068214 50 25 2
1068790 50 26 0
1069061 50 26 2
1069637 50 27 0
1069950 50 27 2
1070526 50 28 0
1070812 50 28 2
1071388 50 29 0
1071666 50 29 2
1072242 50 30 0
1072564 50 30 2
1073140 50 31 0
1073421 50 31 2
1073997 50 32 0
1074244 50 32 2
1074820 50 33 0
1075113 50 33 2
1075689 50 34 0
1075974 50 34 2
1076550 50 35 0
1076884 50 35 2
1077460 50 36 0
1077763 50 36 2
1078339 50 37 0
1078616 50 37 2
1079192 50 38 0
1079497 50 38 2
1080073 50 39 0
1080343 50 39 2
1080919 50 40 0
1081183 50 40 2
1081759 50 41 0
1082104 50 41 2
1082680 50 42 0
1082966 50 42 2
1083542 50 43 0
1083835 50 43 2
1084411 50 44 0
1084730 50 44 2
1085306 50 45 0
1085706 50 45 2
1086282 50 46 0
1086608 50 46 2
1097312 50 8 0
1097574 50 8 2
1132850 50 31 0
1132956 50 31 2
1133000 50 35 0
1133312 50 35 2
1133372 50 32 0
1133597 50 32 2
1133653 50 46 0
1133718 50 46 2
1133750 50 12 0
1133831 50 12 2
1133843 50 33 0
1134001 50 33 2
1134093 50 34 0
1134201 50 34 2
1134233 50 1 0
1134233 50 1 0
1134307 50 1 2
1134314 50 1 2
1134358 50 32 0
1134545 50 32 2
1134553 50 35 0
1134652 50 35 2
1134656 50 60 0
1134785 50 60 2
1134801 50 61 0
1134925 50 61 2
1134985 50 48 0
1135124 50 48 2
1135164 50 49 0
1135276 50 49 2
1135312 50 36 0
1135312 50 36 0
1135363 50 36 2
1135411 50 36 2
1135475 50 37 0
1135475 50 37 0
1135533 50 37 2
1135586 50 37 2
1135634 50 58 0
1135634 50 58 0
1135670 50 58 2
1135834 50 58 2
1135846 50 31 0
1136140 50 31 2
1136152 50 30 0
1136486 50 30 2
1136494 50 59 0
1136494 50 59 0
1136528 50 59 2
1136690 50 59 2
1136742 50 34 0
1136996 50 34 2
1137036 50 0 0
1137309 50 0 2
1137317 50 33 0
1137633 50 33 2
1137649 50 60 0
1137819 50 60 2
1137839 50 32 0
1138091 50 32 2
1138167 50 61 0
1138248 50 61 2
1138372 50 62 0
1138508 50 62 2
1138596 50 12 0
1138780 50 12 2
1138792 50 39 0
1138930 50 39 2
1138942 50 13 0
1139095 50 13 2
1139099 50 48 0
1139364 50 48 2
1139376 50 59 0
1139461 50 59 2
1139489 50 54 0
1139489 50 54 0
1139539 50 54 2
1139599 50 54 2
1139639 50 55 0
1139776 50 55 2
1139800 50 56 0
1140359 50 56 2
1140387 50 57 0
1140518 50 57 2
1140582 50 58 0
1140719 50 58 2
1140755 50 49 0
1141106 50 49 2
1141146 50 63 0
1141278 50 63 2
1141326 50 15 0
1141496 50 15 2
1141512 50 44 0
1141606 50 44 2
1141626 50 45 0
1141783 50 45 2
1142031 50 0 0
1142639 50 0 2
1142731 50 1 0
1142927 50 1 2
1143027 50 2 0
1143256 50 2 2
1143264 50 47 0
1143339 50 47 2
1143351 50 41 0
1143460 50 41 2
1143532 50 3 0
1143565 50 47 2
1143667 50 3 2
1143927 50 5 0
1144060 50 5 2
1144108 50 6 0
1144259 50 6 2
1144347 50 7 0
1144477 50 7 2
1144585 50 8 0
1144782 50 8 2
1144838 50 1 0
1144935 50 1 2
1145383 50 46 0
1145457 50 46 2
1145465 50 4 0
1145602 50 4 2
1145626 50 47 0
1145708 50 47 2
1145852 50 12 0
1145932 50 12 2
1146296 50 10 0
1146402 50 10 2
1146522 50 1 0
1146522 50 1 0
1146596 50 1 2
1146644 50 1 2
1147092 50 46 0
1147158 50 46 2
1147190 50 47 0
1147190 50 47 0
1147256 50 47 2
1147314 50 47 2
1147458 50 12 0
1147458 50 12 0
1147532 50 12 2
1147550 50 12 2
1148034 50 1 0
1148208 50 1 2
1148656 50 46 0
1148656 50 46 0
1148714 50 46 2
1148725 50 46 2
1148757 50 47 0
1148830 50 47 2
1148974 50 12 0
1149055 50 12 2
1149539 50 1 0
1149539 50 1 0
1149613 50 1 2
1149620 50 1 2
1150068 50 46 0
1150068 50 46 0
1150126 50 46 2
1150134 50 46 2
1150166 50 47 0
1150166 50 47 0
1150232 50 47 2
1150241 50 47 2
1150385 50 12 0
1150385 50 12 0
1150459 50 12 2
1150467 50 12 2
1150951 50 1 0
1150951 50 1 0
1151025 50 1 2
1151123 50 1 2
1151571 50 46 0
1151571 50 46 0
1151629 50 46 2
1151637 50 46 2
1151669 50 47 0
1151669 50 47 0
1151735 50 47 2
1151743 50 47 2
1151887 50 12 0
1151887 50 12 0
1151961 50 12 2
1151969 50 12 2
1152453 50 1 0
1152453 50 1 0
1152527 50 1 2
1152595 50 1 2
1153027 50 14 0
1153141 50 14 2
1153157 50 46 0
1153157 50 46 0
1153222 50 46 2
1153246 50 46 2
1153254 50 47 0
1153254 50 47 0
1153327 50 47 2
1153380 50 47 2
1153471 50 12 0
1153471 50 12 0
1153557 50 12 2
1153635 50 12 2
1154041 50 1 0
1154041 50 1 0
1154134 50 1 2
1154185 50 1 2
1154582 50 46 0
1154582 50 46 0
1154649 50 46 2
1154681 50 47 0
1154681 50 47 0
1154710 50 46 2
1154757 50 47 2
1154837 50 47 2
1154901 50 12 0
1154901 50 12 0
1154975 50 12 2
1155013 50 12 2
1155497 50 1 0
1155497 50 1 0
1155571 50 1 2
1155608 50 1 2
1156056 50 46 0
1156056 50 46 0
1156115 50 46 2
1156121 50 46 2
1156153 50 47 0
1156153 50 47 0
1156219 50 47 2
1156227 50 47 2
1156371 50 12 0
1156371 50 12 0
1156445 50 12 2
1156473 50 12 2
1156957 50 1 0
1156957 50 1 0
1157031 50 1 2
1157188 50 1 2
1157636 50 46 0
1157636 50 46 0
1157702 50 46 2
1157724 50 46 2
1157734 50 47 0
1157734 50 47 0
1157809 50 47 2
1157860 50 47 2
1157953 50 12 0
1157953 50 12 0
1158036 50 12 2
1158108 50 12 2
1158520 50 1 0
1158520 50 1 0
1158664 50 1 2
1158691 50 1 2
1159139 50 46 0
1159139 50 46 0
1159198 50 46 2
1159204 50 46 2
1159236 50 47 0
1159236 50 47 0
1159303 50 47 2
1159312 50 47 2
1159456 50 12 0
1159456 50 12 0
1159530 50 12 2
1159537 50 12 2
1160021 50 1 0
1160021 50 1 0
1160095 50 1 2
1160160 50 1 2
1160608 50 46 0
1160608 50 46 0
1160669 50 46 2
1160674 50 46 2
1160706 50 47 0
1160706 50 47 0
1160773 50 47 2
1160846 50 47 2
1160990 50 12 0
1160990 50 12 0
1161064 50 12 2
1161072 50 12 2
1161556 50 1 0
1161556 50 1 0
1161630 50 1 2
1161639 50 1 2
1162087 50 46 0
1162087 50 46 0
1162151 50 46 2
1162153 50 46 2
1162183 50 47 0
1162183 50 47 0
1162258 50 47 2
1162259 50 47 2
1162402 50 12 0
1162402 50 12 0
1162476 50 12 2
1162485 50 12 2
1162969 50 1 0
1162969 50 1 0
1163043 50 1 2
1163051 50 1 2
1163499 50 46 0
1163499 50 46 0
1163557 50 46 2
1163565 50 46 2
1163597 50 47 0
1163597 50 47 0
1163667 50 47 2
1163671 50 47 2
1163815 50 12 0
1163815 50 12 0
1163897 50 12 2
1163903 50 12 2
1164285 50 1 0
1164285 50 1 0
1164359 50 1 2
1164366 50 1 2
1164798 50 7 0
1164911 50 7 2
1164927 50 46 0
1164927 50 46 0
1164986 50 46 2
1164996 50 46 2
1165028 50 47 0
1165028 50 47 0
1165094 50 47 2
1165104 50 47 2
1165248 50 12 0
1165248 50 12 0
1165322 50 12 2
1165337 50 12 2
1165821 50 1 0
1165821 50 1 0
1165895 50 1 2
1165902 50 1 2
1166350 50 46 0
1166350 50 46 0
1166408 50 46 2
1166415 50 46 2
1166447 50 47 0
1166447 50 47 0
1166513 50 47 2
1166521 50 47 2
1166665 50 12 0
1166665 50 12 0
1166739 50 12 2
1166747 50 12 2
1167231 50 1 0
1167231 50 1 0
1167305 50 1 2
1167313 50 1 2
1167761 50 46 0
1167761 50 46 0
1167820 50 46 2
1167828 50 46 2
1167860 50 47 0
1167860 50 47 0
1167926 50 47 2
1167934 50 47 2
1168078 50 5 0
1168200 50 5 2
1168208 50 61 0
1168208 50 61 0
1168258 50 61 2
1168339 50 61 2
1168347 50 29 0
1168625 50 29 2
1168641 50 62 0
1168641 50 62 0
1168699 50 62 2
1168707 50 62 2
1168983 50 63 0
1168983 50 63 0
1169049 50 63 2
1169130 50 63 2
1169554 50 12 0
1169554 50 12 0
1169629 50 12 2
1169672 50 12 2
1170112 50 11 0
1170219 50 11 2
1170431 50 1 0
1170431 50 1 0
1170508 50 1 2
1170518 50 1 2
1170966 50 46 0
1170966 50 46 0
1171025 50 46 2
1171033 50 46 2
1171065 50 47 0
1171065 50 47 0
1171131 50 47 2
1171139 50 47 2
1171233 50 51 2
1171283 50 12 0
1171283 50 12 0
1171357 50 12 2
1171365 50 12 2
1171849 50 1 0
1171849 50 1 0
1171923 50 1 2
1171931 50 1 2
1172379 50 46 0
1172379 50 46 0
1172437 50 46 2
1172445 50 46 2
1172477 50 47 0
1172477 50 47 0
1172549 50 47 2
1172556 50 47 2
1172700 50 12 0
1172700 50 12 0
1172774 50 12 2
1172782 50 12 2
1173266 50 1 0
1173266 50 1 0
1173340 50 1 2
1173388 50 1 2
1173836 50 46 0
1173836 50 46 0
1173894 50 46 2
1173904 50 46 2
1173936 50 47 0
1173936 50 47 0
1174002 50 47 2
1174011 50 47 2
1174155 50 12 0
1174155 50 12 0
1174229 50 12 2
1174306 50 12 2
1174790 50 1 0
1174790 50 1 0
1174865 50 1 2
1174953 50 1 2
1175401 50 46 0
1175401 50 46 0
1175460 50 46 2
1175512 50 46 2
1175544 50 47 0
1175544 50 47 0
1175610 50 47 2
1175659 50 47 2
1175803 50 12 0
1175893 50 12 2
1176377 50 1 0
1176377 50 1 0
1176451 50 1 2
1176468 50 1 2
1176916 50 46 0
1176916 50 46 0
1176974 50 46 2
1177023 50 46 2
1177055 50 47 0
1177055 50 47 0
1177121 50 47 2
1177170 50 47 2
1177314 50 12 0
1177314 50 12 0
1177388 50 12 2
1177475 50 12 2
1177959 50 1 0
1177959 50 1 0
1178033 50 1 2
1178090 50 1 2
1178522 50 8 0
1178522 50 8 0
1178596 50 8 2
1178637 50 8 2
1178653 50 46 0
1178653 50 46 0
1178711 50 46 2
1178719 50 46 2
1178751 50 47 0
1178751 50 47 0
1178817 50 47 2
1178866 50 47 2
1179010 50 12 0
1179010 50 12 0
1179084 50 12 2
1179092 50 12 2
1179576 50 1 0
1179576 50 1 0
1179650 50 1 2
1179667 50 1 2
1180115 50 46 0
1180115 50 46 0
1180173 50 46 2
1180222 50 46 2
1180254 50 47 0
1180254 50 47 0
1180320 50 47 2
1180369 50 47 2
1180513 50 12 0
1180513 50 12 0
1180587 50 12 2
1180604 50 12 2
1181088 50 1 0
1181088 50 1 0
1181162 50 1 2
1181169 50 1 2
1181617 50 46 0
1181617 50 46 0
1181675 50 46 2
1181685 50 46 2
1181717 50 47 0
1181717 50 47 0
1181783 50 47 2
1181791 50 47 2
1181935 50 12 0
1181935 50 12 0
1182010 50 12 2
1182018 50 12 2
1182502 50 1 0
1182502 50 1 0
1182576 50 1 2
1182585 50 1 2
1183033 50 46 0
1183033 50 46 0
1183091 50 46 2
1183100 50 46 2
1183132 50 47 0
1183132 50 47 0
1183198 50 47 2
1183206 50 47 2
1183350 50 12 0
1183350 50 12 0
1183424 50 12 2
1183432 50 12 2
1183916 50 1 0
1183916 50 1 0
1183990 50 1 2
1183998 50 1 2
1184446 50 46 0
1184446 50 46 0
1184504 50 46 2
1184512 50 46 2
1184544 50 47 0
1184544 50 47 0
1184610 50 47 2
1184618 50 47 2
1184762 50 12 0
1184762 50 12 0
1184836 50 12 2
1184844 50 12 2
1185328 50 1 0
1185328 50 1 0
1185402 50 1 2
1185410 50 1 2
1185858 50 46 0
1185858 50 46 0
1185916 50 46 2
1185924 50 46 2
1185956 50 47 0
1185956 50 47 0
1186022 50 47 2
1186030 50 47 2
1186174 50 12 0
1186174 50 12 0
1186248 50 12 2
1186256 50 12 2
1186740 50 1 0
1186740 50 1 0
1186814 50 1 2
1186822 50 1 2
1187270 50 46 0
1187270 50 46 0
1187328 50 46 2
1187336 50 46 2
1187368 50 47 0
1187368 50 47 0
1187434 50 47 2
1187444 50 47 2
1187588 50 12 0
1187588 50 12 0
1187663 50 12 2
1187671 50 12 2
1188155 50 1 0
1188155 50 1 0
1188229 50 1 2
1188237 50 1 2
1188685 50 46 0
1188685 50 46 0
1188743 50 46 2
1188751 50 46 2
1188783 50 47 0
1188783 50 47 0
1188849 50 47 2
1188859 50 47 2
1189003 50 12 0
1189003 50 12 0
1189077 50 12 2
1189085 50 12 2
1189569 50 1 0
1189569 50 1 0
1189643 50 1 2
1189651 50 1 2
1190083 50 9 0
1190165 50 9 2
1190181 50 46 0
1190181 50 46 0
1190240 50 46 2
1190248 50 46 2
1190280 50 47 0
1190280 50 47 0
1190357 50 47 2
1190360 50 47 2
1190504 50 12 0
1190504 50 12 0
1190583 50 12 2
1190585 50 12 2
1191069 50 1 0
1191069 50 1 0
1191143 50 1 2
1191153 50 1 2
1191601 50 46 0
1191601 50 46 0
1191660 50 46 2
1191668 50 46 2
1191700 50 47 0
1191700 50 47 0
1191766 50 47 2
1191773 50 47 2
1191917 50 12 0
1191917 50 12 0
1191991 50 12 2
1191999 50 12 2
1192483 50 1 0
1192483 50 1 0
1192557 50 1 2
1192565 50 1 2
1193013 50 46 0
1193013 50 46 0
1193071 50 46 2
1193078 50 46 2
1193110 50 47 0
1193110 50 47 0
1193176 50 47 2
1193184 50 47 2
1193328 50 12 0
1193328 50 12 0
1193403 50 12 2
1193408 50 12 2
1193892 50 1 0
1193892 50 1 0
1193966 50 1 2
1193974 50 1 2
1194422 50 46 0
1194422 50 46 0
1194480 50 46 2
1194488 50 46 2
1194520 50 47 0
1194520 50 47 0
1194586 50 47 2
1194594 50 47 2
1194738 50 12 0
1194738 50 12 0
1194812 50 12 2
1194824 50 12 2
1195308 50 1 0
1195308 50 1 0
1195382 50 1 2
1195390 50 1 2
1195838 50 46 0
1195838 50 46 0
1195896 50 46 2
1195904 50 46 2
1195936 50 47 0
1195936 50 47 0
1196002 50 47 2
1196010 50 47 2
1196154 50 12 0
1196154 50 12 0
1196229 50 12 2
1196305 50 12 2
1196789 50 1 0
1196789 50 1 0
1196863 50 1 2
1196951 50 1 2
1197399 50 46 0
1197399 50 46 0
1197457 50 46 2
1197465 50 46 2
1197497 50 47 0
1197497 50 47 0
1197563 50 47 2
1197571 50 47 2
1197715 50 12 0
1197715 50 12 0
1197789 50 12 2
1197859 50 12 2
1198343 50 1 0
1198343 50 1 0
1198417 50 1 2
1198505 50 1 2
1198953 50 46 0
1198953 50 46 0
1199011 50 46 2
1199044 50 46 2
1199076 50 47 0
1199076 50 47 0
1199142 50 47 2
1199175 50 47 2
1199319 50 12 0
1199319 50 12 0
1199394 50 12 2
1199409 50 12 2
1199893 50 1 0
1199893 50 1 0
1199967 50 1 2
1199984 50 1 2
1200432 50 46 0
1200432 50 46 0
1200492 50 46 2
1200525 50 46 2
1200557 50 47 0
1200557 50 47 0
1200623 50 47 2
1200656 50 47 2
1200800 50 12 0
1200800 50 12 0
1200874 50 12 2
1200891 50 12 2
1201375 50 1 0
1201375 50 1 0
1201454 50 1 2
1201462 50 1 2
1201894 50 10 0
1201986 50 10 2
1202002 50 46 0
1202002 50 46 0
1202061 50 46 2
1202095 50 46 2
1202127 50 47 0
1202127 50 47 0
1202193 50 47 2
1202226 50 47 2
1202370 50 12 0
1202370 50 12 0
1202444 50 12 2
1202461 50 12 2
1202945 50 1 0
1202945 50 1 0
1203019 50 1 2
1203036 50 1 2
1203484 50 46 0
1203484 50 46 0
1203542 50 46 2
1203575 50 46 2
1203607 50 47 0
1203607 50 47 0
1203673 50 47 2
1203708 50 47 2
1203852 50 12 0
1203852 50 12 0
1203927 50 12 2
1203944 50 12 2
1204428 50 1 0
1204428 50 1 0
1204504 50 1 2
1204515 50 1 2
1204963 50 46 0
1204963 50 46 0
1205021 50 46 2
1205054 50 46 2
1205086 50 47 0
1205086 50 47 0
1205152 50 47 2
1205185 50 47 2
1205329 50 12 0
1205329 50 12 0
1205403 50 12 2
1205448 50 12 2
1205932 50 1 0
1205932 50 1 0
1206006 50 1 2
1206025 50 1 2
1206473 50 46 0
1206473 50 46 0
1206531 50 46 2
1206563 50 46 2
1206595 50 47 0
1206595 50 47 0
1206662 50 47 2
1206695 50 47 2
1206839 50 12 0
1206839 50 12 0
1206914 50 12 2
1206947 50 12 2
1207431 50 1 0
1207431 50 1 0
1207506 50 1 2
1207514 50 1 2
1207962 50 46 0
1207962 50 46 0
1208025 50 46 2
1208057 50 46 2
1208089 50 47 0
1208089 50 47 0
1208155 50 47 2
1208188 50 47 2
1208332 50 12 0
1208332 50 12 0
1208406 50 12 2
1208440 50 12 2
1208924 50 1 0
1208924 50 1 0
1208998 50 1 2
1209047 50 1 2
1209495 50 46 0
1209495 50 46 0
1209553 50 46 2
1209586 50 46 2
1209618 50 47 0
1209618 50 47 0
1209684 50 47 2
1209717 50 47 2
1209861 50 12 0
1209861 50 12 0
1209935 50 12 2
1209968 50 12 2
1210452 50 1 0
1210452 50 1 0
1210526 50 1 2
1210534 50 1 2
1210982 50 46 0
1210982 50 46 0
1211040 50 46 2
1211048 50 46 2
1211080 50 47 0
1211080 50 47 0
1211146 50 47 2
1211153 50 47 2
1211297 50 12 0
1211297 50 12 0
1211371 50 12 2
1211379 50 12 2
1211863 50 1 0
1211863 50 1 0
1211937 50 1 2
1211944 50 1 2
1212392 50 46 0
1212392 50 46 0
1212450 50 46 2
1212458 50 46 2
1212490 50 47 0
1212490 50 47 0
1212556 50 47 2
1212564 50 47 2
1212708 50 12 0
1212708 50 12 0
1212790 50 12 2
1212792 50 12 2
1213276 50 1 0
1213276 50 1 0
1213350 50 1 2
1213360 50 1 2
1213792 50 11 0
1213792 50 11 0
1213858 50 11 2
1213907 50 11 2
1213923 50 46 0
1213923 50 46 0
1213982 50 46 2
1213993 50 46 2
1214025 50 47 0
1214025 50 47 0
1214091 50 47 2
1214099 50 47 2
1214243 50 12 0
1214243 50 12 0
1214317 50 12 2
1214326 50 12 2
1214810 50 1 0
1214810 50 1 0
1214884 50 1 2
1214892 50 1 2
1215340 50 46 0
1215340 50 46 0
1215398 50 46 2
1215406 50 46 2
1215438 50 47 0
1215438 50 47 0
1215504 50 47 2
1215512 50 47 2
1215656 50 12 0
1215656 50 12 0
1215730 50 12 2
1215737 50 12 2
1216221 50 1 0
1216221 50 1 0
1216295 50 1 2
1216303 50 1 2
1216751 50 46 0
1216751 50 46 0
1216812 50 46 2
1216838 50 46 2
1216870 50 47 0
1216870 50 47 0
1216936 50 47 2
1216960 50 47 2
1217104 50 12 0
1217104 50 12 0
1217178 50 12 2
1217212 50 12 2
1217696 50 1 0
1217696 50 1 0
1217770 50 1 2
1217819 50 1 2
1218267 50 46 0
1218267 50 46 0
1218325 50 46 2
1218350 50 46 2
1218382 50 47 0
1218382 50 47 0
1218448 50 47 2
1218474 50 47 2
1218618 50 12 0
1218618 50 12 0
1218692 50 12 2
1218725 50 12 2
1219209 50 1 0
1219209 50 1 0
1219283 50 1 2
1219291 50 1 2
1219739 50 46 0
1219739 50 46 0
1219797 50 46 2
1219805 50 46 2
1219837 50 47 0
1219837 50 47 0
1219903 50 47 2
1219911 50 47 2
1220055 50 12 0
1220055 50 12 0
1220129 50 12 2
1220162 50 12 2
1220646 50 1 0
1220646 50 1 0
1220720 50 1 2
1220728 50 1 2
1221176 50 46 0
1221176 50 46 0
1221234 50 46 2
1221243 50 46 2
1221275 50 47 0
1221275 50 47 0
1221341 50 47 2
1221350 50 47 2
1221494 50 12 0
1221494 50 12 0
1221568 50 12 2
1221586 50 12 2
1222070 50 1 0
1222070 50 1 0
1222144 50 1 2
1222232 50 1 2
1222680 50 46 0
1222680 50 46 0
1222738 50 46 2
1222748 50 46 2
1222780 50 47 0
1222780 50 47 0
1222846 50 47 2
1222854 50 47 2
1222998 50 12 0
1222998 50 12 0
1223073 50 12 2
1223081 50 12 2
1223553 50 51 2
1223565 50 1 0
1223565 50 1 0
1223639 50 1 2
1223727 50 1 2
1224175 50 46 0
1224175 50 46 0
1224234 50 46 2
1224253 50 46 2
1224285 50 47 0
1224285 50 47 0
1224351 50 47 2
1224368 50 47 2
1224512 50 12 0
1224512 50 12 0
1224586 50 12 2
1224673 50 12 2
1225157 50 1 0
1225157 50 1 0
1225231 50 1 2
1225335 50 1 2
1225767 50 12 0
1225767 50 12 0
1225841 50 12 2
1225852 50 12 2
1225868 50 46 0
1225868 50 46 0
1225926 50 46 2
1225943 50 46 2
1225975 50 47 0
1225975 50 47 0
1226041 50 47 2
1226057 50 47 2
1226201 50 12 0
1226201 50 12 0
1226275 50 12 2
1226282 50 12 2
1226482 50 51 2
1226766 50 1 0
1226766 50 1 0
1226840 50 1 2
1226905 50 1 2
1227353 50 46 0
1227353 50 46 0
1227411 50 46 2
1227428 50 46 2
1227460 50 47 0
1227460 50 47 0
1227526 50 47 2
1227544 50 47 2
1227688 50 12 0
1227688 50 12 0
1227762 50 12 2
1227810 50 12 2
1228294 50 1 0
1228294 50 1 0
1228368 50 1 2
1228473 50 1 2
1228921 50 46 0
1228921 50 46 0
1228979 50 46 2
1228996 50 46 2
1229028 50 47 0
1229028 50 47 0
1229094 50 47 2
1229111 50 47 2
1229255 50 12 0
1229255 50 12 0
1229330 50 12 2
1229347 50 12 2
1229831 50 1 0
1229831 50 1 0
1229905 50 1 2
1230002 50 1 2
1230450 50 46 0
1230450 50 46 0
1230508 50 46 2
1230517 50 46 2
1230549 50 47 0
1230549 50 47 0
1230615 50 47 2
1230625 50 47 2
1230769 50 12 0
1230769 50 12 0
1230843 50 12 2
1230851 50 12 2
1231335 50 1 0
1231335 50 1 0
1231409 50 1 2
1231457 50 1 2
1231905 50 46 0
1231905 50 46 0
1231963 50 46 2
1231971 50 46 2
1232003 50 47 0
1232003 50 47 0
1232070 50 47 2
1232078 50 47 2
1232222 50 12 0
1232222 50 12 0
1232297 50 12 2
1232307 50 12 2
1232394 50 51 2
1232791 50 1 0
1232791 50 1 0
1232865 50 1 2
1232923 50 1 2
1233371 50 46 0
1233371 50 46 0
1233429 50 46 2
1233454 50 46 2
1233486 50 47 0
1233486 50 47 0
1233552 50 47 2
1233577 50 47 2
1233721 50 12 0
1233721 50 12 0
1233795 50 12 2
1233880 50 12 2
1234364 50 1 0
1234364 50 1 0
1234438 50 1 2
1234526 50 1 2
1234974 50 46 0
1234974 50 46 0
1235032 50 46 2
1235057 50 46 2
1235089 50 47 0
1235089 50 47 0
1235155 50 47 2
1235180 50 47 2
1235324 50 12 0
1235324 50 12 0
1235398 50 12 2
1235405 50 12 2
1235889 50 1 0
1235889 50 1 0
1235965 50 1 2
1236022 50 1 2
1236099 50 51 2
1236470 50 46 0
1236470 50 46 0
1236528 50 46 2
1236538 50 46 2
1236570 50 47 0
1236570 50 47 0
1236636 50 47 2
1236661 50 47 2
1236805 50 12 0
1236805 50 12 0
1236879 50 12 2
1236887 50 12 2
1237371 50 1 0
1237371 50 1 0
1237445 50 1 2
1237462 50 1 2
1237910 50 46 0
1237910 50 46 0
1237968 50 46 2
1237975 50 46 2
1238007 50 47 0
1238007 50 47 0
1238073 50 47 2
1238098 50 47 2
1238242 50 12 0
1238242 50 12 0
1238316 50 12 2
1238324 50 12 2
1238808 50 1 0
1238808 50 1 0
1238882 50 1 2
1238969 50 1 2
1239417 50 46 0
1239417 50 46 0
1239475 50 46 2
1239482 50 46 2
1239514 50 47 0
1239514 50 47 0
1239581 50 47 2
1239588 50 47 2
1239732 50 12 0
1239732 50 12 0
1239806 50 12 2
1239894 50 12 2
1240370 50 9 0
1240544 50 9 2
1240668 50 55 0
1240826 50 55 2
1240830 50 1 0
1240830 50 1 0
1240904 50 1 2
1240959 50 1 2
1240983 50 56 0
1241187 50 56 2
1241207 50 45 0
1241296 50 45 2
1241352 50 46 0
1241454 50 46 2
1241530 50 63 0
1241619 50 51 2
1241784 50 63 2
1241792 50 47 0
1241940 50 47 2
1242044 50 62 0
1242044 50 62 0
1242127 50 62 2
1242130 50 62 2
1242198 50 29 0
1242344 50 29 2
1242384 50 30 0
1242519 50 30 2
1242563 50 17 0
1242735 50 17 2
1242791 50 18 0
1242915 50 18 2
1242963 50 19 0
1243097 50 19 2
1243133 50 21 0
1243267 50 21 2
1243299 50 22 0
1243423 50 22 2
1243583 50 48 2
1243779 50 61 0
1243779 50 61 0
1243849 50 61 2
1243868 50 61 2
1244404 50 1 0
1244404 50 1 0
1244478 50 1 2
1244486 50 1 2
1244570 50 58 0
1244570 50 58 0
1244596 50 58 2
1244603 50 58 2
1244683 50 59 0
1244683 50 59 0
1244737 50 59 2
1244755 50 59 2
1250250 50 2 0
1250251 50 2 2
1252677 50 2 0
1252678 50 2 2
1274955 50 2 0
1274956 50 56 1
1275138 50 2 2
1275212 50 56 2
1298485 50 2 0
1298486 50 56 1
1298668 50 2 2
1298742 50 56 2
1332538 50 2 0
1332539 50 56 1
1332721 50 2 2
1332795 50 56 2
1355868 50 2 0
1355869 50 56 1
1356051 50 2 2
1356125 50 56 2
1390088 50 2 0
1390089 50 56 1
1390271 50 2 2
1390345 50 56 2
1413468 50 2 0
1413469 50 56 1
1413651 50 2 2
1413725 50 56 2
1446875 50 2 0
1446876 50 56 1
1447058 50 2 2
1447132 50 56 2
1470175 50 2 0
1470176 50 56 1
1470358 50 2 2
1470432 50 56 2
1504032 50 2 0
1504033 50 56 1
1504215 50 2 2
1504289 50 56 2
1527452 50 2 0
1527453 50 56 1
1527635 50 2 2
1527709 50 56 2
1542259 50 2 0
1542260 50 2 2
1546024 50 2 0
1546025 50 56 1
1546224 50 2 2
1546297 50 56 2
1592400 50 2 0
1592401 50 56 1
1592583 50 2 2
1592657 50 56 2
1615880 50 2 0
1615881 50 56 1
1616063 50 2 2
1616137 50 56 2
1649729 50 2 0
1649730 50 56 1
1649912 50 2 2
1649986 50 56 2
1673039 50 2 0
1673040 50 56 1
1673222 50 2 2
1673296 50 56 2
1706955 50 2 0
1706956 50 56 1
1707138 50 2 2
1707212 50 56 2
1730415 50 2 0
1730416 50 56 1
1730598 50 2 2
1730672 50 56 2
1763754 50 2 0
1763755 50 56 1
1763937 50 2 2
1764011 50 56 2
1787054 50 2 0
1787055 50 56 1
1787237 50 2 2
1787311 50 56 2
1821059 50 2 0
1821060 50 56 1
1821242 50 2 2
1821316 50 56 2
1844359 50 2 0
1844360 50 56 1
1844542 50 2 2
1844616 50 56 2
1878183 50 2 0
1878184 50 56 1
1878372 50 2 2
1878446 50 56 2
1901543 50 2 0
1901544 50 56 1
1901732 50 2 2
1901806 50 56 2
1935429 50 2 0
1935430 50 56 1
1935612 50 2 2
1935686 50 56 2
1958769 50 2 0
1958770 50 56 1
1958952 50 2 2
1959026 50 56 2
1971252 50 2 0
1971253 50 4 0
1995712 50 36 0
1995712 50 36 0
1996631 50 36 2
1996675 50 37 0
1996675 50 37 0
1996733 50 37 2
1996908 50 37 2
1997040 50 8 0
1997040 50 8 0
1997114 50 8 2
1997202 50 8 2
1997250 50 0 0
1997250 50 0 0
1997332 50 0 2
1997401 50 36 2
1997403 50 0 2
1997491 50 36 0
1997491 50 36 0
1997541 50 36 2
1998499 50 36 2
1998531 50 38 0
1998531 50 38 0
1998597 50 38 2
1998605 50 38 2
1998765 50 54 0
1998765 50 54 0
1998815 50 54 2
1998850 50 54 2
1998882 50 12 0
1998882 50 12 0
1998956 50 12 2
1998964 50 12 2
1999028 50 37 0
1999028 50 37 0
1999086 50 37 2
1999185 50 37 2
2000173 50 47 0
2000173 50 47 0
2000239 50 47 2
2000264 50 47 2
2000288 50 11 0
2000288 50 11 0
2000355 50 11 2
2000364 50 11 2
2000492 50 1 0
2000605 50 1 2
2001205 50 4 0
2001205 50 4 0
2001288 50 4 2
2001335 50 4 2
2001867 50 38 0
2001867 50 38 0
2001942 50 38 2
2001954 50 38 2
2002098 50 46 0
2002098 50 46 0
2002156 50 46 2
2002175 50 46 2
2002195 50 4 0
2002195 50 4 0
2002277 50 4 2
2002304 50 4 2
2002336 50 0 0
2002336 50 0 0
2002419 50 0 2
2002426 50 0 2
2002574 50 47 0
2002574 50 47 0
2002640 50 47 2
2002648 50 47 2
2002664 50 12 0
2002759 50 12 2
2002795 50 47 0
2002875 50 47 2
2003931 50 63 0
2003931 50 63 0
2003997 50 63 2
2004014 50 63 2
2004218 50 58 0
2004218 50 58 0
2004245 50 58 2
2004276 50 58 2
2004360 50 46 0
2004360 50 46 0
2004418 50 46 2
2004442 50 46 2
2005455 50 2 0
2005456 50 4 0
2005614 50 3 0
2006218 50 49 2
2006268 50 3 2
2006276 50 19 0
2006343 50 38 2
2006350 50 19 2
2006354 50 3 0
2006498 50 3 2
2006677 50 2 0
2006678 50 4 0
2006734 50 49 2
2006857 50 49 2
2006858 50 3 0
2006858 50 36 2
2006975 50 3 2
2007051 50 36 2
2007153 50 28 2
2007255 50 44 2
2007263 50 3 0
2009081 50 48 2
2009697 50 48 2
2010164 50 47 2
2010291 50 47 2
2013211 50 2 0
2013212 50 2 2
2015443 50 3 2
2015518 50 49 2
2015527 50 3 0
2018783 50 3 2
2020426 50 39 2
2020427 50 3 0
2021686 50 3 2
2021761 50 53 2
2021868 50 12 2
2021967 50 28 2
2022066 50 11 2
2022157 50 33 2
2022256 50 17 2
2022355 50 55 2
2022478 50 13 2
2022593 50 42 2
2022598 50 3 0
2028124 50 3 2
2028442 50 2 0
2028443 50 2 2
2050754 50 2 0
2050755 50 56 1
2050940 50 2 2
2051014 50 56 2
2074134 50 2 0
2074135 50 56 1
2074320 50 2 2
2074394 50 56 2
2090807 50 2 0
2090808 50 2 2
2114896 50 2 0
2114897 50 56 1
2115079 50 2 2
2115153 50 56 2
2138226 50 2 0
2138227 50 56 1
2138409 50 2 2
2138483 50 56 2
2174302 50 2 0
2174303 50 56 1
2174485 50 2 2
2174559 50 56 2
2197662 50 2 0
2197663 50 56 1
2197845 50 2 2
2197919 50 56 2
2233598 50 2 0
2233599 50 56 1
2233781 50 2 2
2233855 50 56 2
2257008 50 2 0
2257009 50 56 1
2257191 50 2 2
2257265 50 56 2
2274506 50 2 2
2274507 50 2 0
2297838 50 2 0
2297839 50 56 1
2298023 50 2 2
2298096 50 56 2
2619365 50 2 0
2619366 50 2 2
2972638 50 38 0
2972638 50 38 0
2974346 50 38 2
2974462 50 2 0
2974463 50 2 2
2974694 50 38 2
2974845 50 4 0
2974846 50 2 0
2976191 50 4 0
2976192 50 2 0
2976590 50 15 0
2976590 50 15 0
2976788 50 15 2
2977766 50 15 2
2977854 50 38 0
2977854 50 38 0
2977921 50 38 2
2977937 50 38 2
2978827 50 0 2
2978885 50 7 0
2979233 50 7 2
2979236 50 0 0
2979237 50 0 2
2980229 50 38 0
2980229 50 38 0
2980295 50 38 2
2980302 50 38 2
2983210 50 2 0
2983211 50 2 2
2985838 50 2 0
2985839 50 4 0
2988317 50 2 2
2988318 50 3 0
2992005 50 3 2
3949220 50 38 0
3949220 50 38 0
3950579 50 38 2
3951031 50 38 2
3952563 50 38 0
3952563 50 38 0
3952586 50 2 0
3952587 50 2 2
3952629 50 38 2
3953607 50 38 2
3954682 50 0 2
3955551 50 38 0
3955551 50 38 0
3955617 50 38 2
3955853 50 38 2
4925761 50 38 0
4925761 50 38 0
4926077 50 38 2
4926519 50 38 2
4927493 50 7 0
4927615 50 7 2
4928183 50 38 0
4928183 50 38 0
4928249 50 38 2
4929277 50 38 2
4931221 50 38 0
4931221 50 38 0
4931287 50 38 2
4931294 50 38 2
5902307 50 38 0
5902307 50 38 0
5904568 50 38 2
5906142 50 38 2
5907705 50 0 2
5908126 50 38 0
5908126 50 38 0
5908192 50 38 2
5908639 50 38 2
5908923 50 7 0
5911255 50 7 2
5912915 50 38 0
5912915 50 38 0
5912981 50 38 2
5912989 50 38 2
6878875 50 38 0
6878875 50 38 0
6879154 50 38 2
6880918 50 38 2
6882902 50 38 0
6882902 50 38 0
6882968 50 38 2
6883256 50 38 2
6885200 50 38 0
6885200 50 38 0
6885274 50 38 2
6885326 50 38 2
