0 27 51 0
1289 27 51 2
1293 27 22 0
4543 27 22 2
4555 27 1 0
5204 27 1 2
5224 27 24 0
5398 27 24 2
9882 27 63 1
10126 27 0 2
10199 27 63 2
29062 27 63 1
29286 27 2 2
29343 27 63 2
35436 27 63 1
35656 27 2 2
35713 27 63 2
41734 27 4 0
43834 27 63 1
44056 27 4 2
44113 27 63 2
44114 27 4 0
44182 27 4 0
44272 27 4 0
44354 27 4 0
44435 27 4 0
44518 27 4 0
44593 27 4 0
44681 27 4 0
44755 27 4 0
44825 27 4 0
44904 27 4 0
44975 27 4 0
45050 27 4 0
45139 27 4 0
45210 27 4 0
45310 27 4 0
45409 27 4 0
45522 27 4 0
45615 27 4 0
45700 27 4 0
45842 27 4 0
45947 27 4 0
46089 27 4 0
46197 27 4 0
46291 27 4 0
46437 27 4 0
46495 27 63 1
46565 27 4 0
46623 27 4 2
46648 27 4 0
46675 27 44 0
46716 27 4 2
46749 27 4 0
46776 27 63 2
46778 27 4 0
46841 27 4 0
46860 27 4 0
46931 27 4 0
46954 27 4 0
47031 27 4 0
47085 27 4 0
47125 27 4 0
47197 27 4 0
47202 27 4 0
47274 27 4 0
47311 27 4 0
47374 27 4 0
47434 27 4 0
47455 27 4 0
47542 27 4 0
47587 27 4 0
47638 27 4 0
47681 27 4 0
47765 27 4 0
47798 27 4 0
47873 27 4 0
47909 27 4 0
47956 27 4 0
48064 27 4 0
48075 27 4 0
48169 27 4 0
48192 27 4 0
48302 27 4 0
48306 27 4 0
48413 27 4 0
48414 27 4 0
48503 27 4 0
48596 27 4 0
48606 27 4 0
48669 27 44 2
48676 27 4 0
48681 27 5 0
48720 27 4 0
48792 27 5 2
48804 27 45 0
48806 27 4 0
48814 27 4 0
48892 27 4 0
48936 27 4 0
48977 27 4 0
49056 27 4 0
49070 27 4 0
49160 27 4 0
49171 27 4 0
49215 27 45 2
49266 27 4 0
49283 27 24 0
49298 27 4 0
49398 27 4 0
49441 27 4 0
49475 27 4 0
49482 27 24 2
49514 27 25 0
49552 27 4 0
49574 27 4 0
49650 27 4 0
49668 27 25 2
49676 27 26 0
49679 27 4 0
49753 27 4 0
49758 27 26 2
49798 27 27 0
49799 27 4 0
49827 27 4 0
49883 27 27 2
49903 27 33 0
49913 27 4 0
49940 27 4 0
50004 27 4 0
50126 27 4 0
50141 27 4 0
50258 27 4 0
50271 27 4 0
50379 27 4 0
50390 27 4 0
50475 27 4 0
50558 27 4 0
50560 27 4 0
50602 27 33 2
50622 27 35 0
50666 27 4 0
50704 27 4 0
50727 27 35 2
50735 27 41 0
50763 27 4 0
50829 27 4 0
50883 27 4 0
50999 27 4 0
51113 27 4 0
51224 27 4 0
51331 27 4 0
51427 27 4 0
51446 27 41 2
51462 27 42 0
51537 27 4 0
51653 27 4 0
51734 27 42 2
51758 27 4 0
51766 27 1 0
51900 27 1 2
51907 27 4 0
51936 27 36 0
52014 27 4 0
52042 27 36 2
52054 27 43 0
52089 27 4 0
52229 27 4 0
52360 27 4 0
52454 27 43 2
52470 27 17 0
52527 27 4 0
52594 27 17 2
52662 27 4 0
52686 27 27 0
52745 27 4 0
52807 27 27 2
52811 27 37 0
52853 27 4 0
52949 27 37 2
52961 27 17 0
52989 27 4 0
53097 27 4 0
53103 27 17 2
53111 27 15 0
53210 27 4 0
53244 27 15 2
53284 27 16 0
53344 27 4 0
53410 27 63 1
53481 27 4 0
53646 27 2 2
53703 27 63 2
53711 27 16 2
53751 27 18 0
53856 27 18 2
53880 27 61 0
54804 27 61 2
54816 27 54 0
55184 27 54 2
55204 27 10 0
55271 27 10 2
55279 27 19 0
55445 27 19 2
55449 27 35 0
55752 27 35 2
55768 27 53 0
56281 27 53 2
56321 27 33 0
56450 27 33 2
56462 27 36 0
56536 27 36 2
56556 27 40 0
56887 27 40 2
56911 27 37 0
57033 27 37 2
57137 27 38 0
57274 27 38 2
57278 27 52 0
57458 27 63 1
57571 27 52 2
57595 27 8 0
57686 27 9 2
57743 27 63 2
57785 27 8 2
57793 27 29 0
57877 27 29 2
57917 27 0 0
58107 27 0 2
58119 27 38 0
58292 27 38 2
58308 27 39 0
58664 27 63 1
58886 27 45 2
58943 27 63 2
59365 27 39 2
59369 27 39 0
60073 27 39 2
60129 27 36 0
60213 27 36 2
60245 27 38 0
60434 27 38 2
60450 27 51 0
60467 27 63 1
60569 27 51 2
60625 27 27 0
60634 27 63 1
60706 27 63 2
60796 27 63 2
60856 27 27 2
60871 27 27 2
60879 27 52 0
60880 27 63 2
60975 27 52 2
61011 27 35 0
61362 27 35 2
61382 27 53 0
61520 27 53 2
61544 27 54 0
62139 27 54 2
62155 27 11 0
62458 27 11 2
62470 27 56 0
64792 27 56 2
64796 27 12 0
65068 27 12 2
65076 27 57 0
65233 27 57 2
65237 27 2 0
65550 27 2 2
65602 27 37 0
65704 27 37 2
65720 27 40 0
65929 27 40 2
65985 27 58 0
66215 27 58 2
66275 27 35 0
66325 27 63 1
66349 27 35 2
66353 27 50 0
66481 27 50 2
66501 27 62 0
66546 27 56 2
66627 27 63 2
66908 27 62 2
66936 27 38 0
67229 27 38 2
67301 27 63 0
67935 27 63 1
68176 27 4 2
68245 27 63 2
68246 27 4 0
68315 27 4 0
68390 27 4 0
68458 27 63 2
68484 27 4 0
68498 27 12 0
68587 27 4 0
68729 27 4 0
68777 27 12 2
68801 27 2 0
68824 27 4 0
68911 27 2 2
68914 27 4 0
68935 27 13 0
69026 27 4 0
69115 27 4 0
69217 27 13 2
69237 27 4 0
69313 27 3 0
69317 27 4 0
69400 27 4 0
69409 27 3 2
69449 27 23 0
69502 27 4 0
69603 27 4 0
69604 27 23 2
69620 27 24 0
69714 27 4 0
69750 27 24 2
69786 27 4 0
69858 27 62 0
69878 27 4 0
69971 27 4 0
70042 27 4 0
70120 27 4 0
70147 27 62 2
70155 27 25 0
70214 27 4 0
70390 27 25 2
70402 27 4 0
70418 27 26 0
70515 27 26 2
70595 27 0 0
70595 27 4 0
70707 27 0 2
70708 27 4 0
70715 27 3 0
70814 27 4 0
70917 27 4 0
71052 27 4 0
71138 27 3 2
71150 27 4 0
71182 27 4 0
71316 27 4 0
71356 27 4 2
71452 27 5 0
71528 27 5 2
71528 27 4 0
71568 27 15 0
71647 27 4 0
71734 27 4 0
71844 27 4 0
71848 27 15 2
71856 27 14 0
71946 27 4 0
72074 27 4 0
72203 27 14 2
72215 27 50 0
72366 27 4 0
72507 27 4 0
72612 27 4 0
72627 27 50 2
72655 27 6 0
72726 27 4 0
72799 27 6 2
72819 27 4 0
72826 27 4 0
72926 27 4 2
72933 27 4 0
72934 27 8 0
73057 27 4 0
73135 27 8 2
73139 27 47 0
73150 27 4 0
73247 27 4 0
73330 27 47 2
73338 27 49 0
73485 27 49 2
73501 27 11 0
73511 27 4 0
73638 27 4 0
73679 27 11 2
73715 27 5 0
73834 27 4 0
73852 27 5 2
73876 27 37 0
73965 27 4 0
74128 27 4 0
74136 27 63 1
74218 27 37 2
74282 27 4 0
74298 27 4 0
74356 27 4 2
74406 27 4 2
74410 27 1 0
74413 27 63 2
74417 27 4 0
74493 27 4 0
74499 27 4 0
74600 27 4 0
74615 27 4 0
74641 27 1 2
74669 27 27 0
74681 27 4 0
74738 27 4 0
74759 27 4 0
74812 27 27 2
74820 27 2 0
74826 27 4 0
74920 27 4 0
74949 27 4 0
74978 27 2 2
74990 27 11 0
75046 27 4 0
75069 27 4 0
75155 27 4 0
75160 27 4 0
75243 27 11 2
75251 27 7 0
75259 27 4 0
75266 27 4 0
75349 27 7 2
75356 27 4 0
75369 27 3 0
75402 27 4 0
75466 27 4 0
75490 27 4 0
75520 27 3 2
75564 27 4 0
75587 27 4 0
75628 27 6 0
75639 27 4 0
75705 27 4 0
75734 27 6 2
75739 27 4 0
75754 27 9 0
75866 27 4 0
75954 27 4 0
75971 27 9 2
76050 27 4 0
76143 27 8 0
76161 27 4 0
76312 27 4 0
76442 27 4 0
76465 27 8 2
76477 27 11 0
76566 27 4 0
76613 27 11 2
76633 27 12 0
76690 27 4 0
76760 27 12 2
76784 27 16 0
76867 27 4 0
76999 27 4 0
77087 27 4 0
77196 27 4 0
77259 27 16 2
77267 27 13 0
77328 27 4 0
77394 27 13 2
77442 27 2 0
77502 27 4 0
77541 27 2 2
77577 27 14 0
77627 27 4 0
77729 27 14 2
77733 27 17 0
77742 27 4 0
77857 27 4 0
77961 27 4 0
78184 27 4 0
78275 27 17 2
78283 27 15 0
78318 27 4 0
78446 27 4 0
78511 27 15 2
78531 27 18 0
78561 27 4 0
78664 27 4 0
78750 27 63 1
78844 27 4 0
78883 27 18 2
78907 27 4 0
78962 27 4 0
78996 27 2 2
79005 27 4 2
79045 27 40 0
79053 27 63 2
79081 27 4 0
79087 27 63 1
79191 27 4 0
79232 27 40 2
79236 27 38 0
79236 27 38 0
79286 27 38 2
79299 27 4 0
79326 27 4 2
79360 27 38 2
79368 27 27 0
79377 27 4 0
79396 27 63 2
79403 27 4 0
79434 27 27 2
79454 27 35 0
79476 27 4 0
79486 27 4 0
79540 27 35 2
79565 27 4 0
79596 27 28 0
79642 27 4 0
79673 27 4 0
79713 27 28 2
79745 27 4 0
79765 27 4 0
79781 27 3 0
79816 27 4 0
79907 27 4 0
79908 27 3 2
79912 27 46 0
79916 27 4 0
80012 27 4 0
80035 27 4 0
80113 27 4 0
80150 27 4 0
80215 27 4 0
80279 27 4 0
80311 27 4 0
80339 27 46 2
80359 27 4 0
80388 27 4 0
80424 27 4 2
80438 27 4 0
80456 27 0 0
80481 27 4 0
80553 27 4 0
80583 27 0 2
80587 27 29 0
80604 27 4 0
80641 27 4 0
80691 27 29 2
80710 27 4 0
80762 27 4 0
80821 27 4 0
80835 27 47 0
80891 27 4 0
80956 27 4 0
81023 27 4 0
81073 27 4 0
81112 27 4 0
81193 27 4 0
81203 27 4 0
81221 27 47 2
81285 27 4 0
81293 27 30 0
81320 27 4 0
81385 27 30 2
81392 27 4 0
81422 27 4 0
81518 27 4 0
81539 27 4 0
81631 27 4 0
81689 27 4 0
81733 27 4 0
81737 27 31 0
81830 27 4 0
81857 27 4 0
81960 27 4 0
81977 27 31 2
81981 27 44 0
82069 27 4 0
82091 27 44 2
82099 27 43 0
82183 27 4 0
82283 27 43 2
82288 27 4 0
82397 27 4 0
82415 27 32 0
82514 27 4 0
82627 27 4 0
82735 27 4 0
82863 27 4 0
83000 27 4 0
83125 27 4 0
83192 27 4 0
83290 27 4 0
83402 27 4 0
83497 27 4 0
83625 27 4 0
83713 27 4 0
83828 27 4 0
83940 27 4 0
84040 27 2 0
84041 27 4 0
84170 27 4 0
84296 27 4 0
84416 27 4 0
84526 27 4 0
84643 27 4 0
84762 27 32 2
84776 27 4 0
84834 27 33 0
84895 27 4 0
84938 27 33 2
84986 27 33 0
85011 27 4 0
85103 27 4 0
85179 27 33 2
85187 27 27 0
85216 27 4 0
85287 27 27 2
85360 27 4 0
85391 27 54 0
85479 27 4 0
85596 27 54 2
85608 27 28 0
85621 27 4 0
85725 27 28 2
85741 27 36 0
85783 27 4 0
85893 27 4 0
86005 27 36 2
86008 27 4 0
86013 27 56 0
86156 27 4 0
86292 27 4 0
87955 27 56 2
87971 27 37 0
88236 27 37 2
88336 27 41 0
88568 27 41 2
88616 27 61 0
88868 27 61 2
88872 27 39 0
89012 27 39 2
89024 27 7 0
89150 27 7 2
89210 27 8 0
89335 27 8 2
89346 27 63 1
89367 27 63 0
89567 27 0 2
89611 27 63 2
89639 27 63 2
89719 27 0 0
89929 27 0 2
89957 27 57 0
90259 27 57 2
90327 27 58 0
90451 27 58 2
90535 27 46 0
90635 27 46 2
90647 27 59 0
90865 27 59 2
90897 27 32 0
91120 27 32 2
91128 27 50 0
91315 27 50 2
91391 27 60 0
91622 27 60 2
91630 27 62 0
91863 27 62 2
91867 27 3 0
92046 27 3 2
92058 27 5 0
92264 27 5 2
92292 27 17 0
92415 27 17 2
92435 27 6 0
92556 27 6 2
92648 27 11 0
92948 27 11 2
92956 27 10 0
93081 27 10 2
93101 27 11 0
93239 27 11 2
93247 27 6 0
93410 27 6 2
93446 27 36 0
93736 27 36 2
93796 27 12 0
93943 27 12 2
93951 27 0 0
94081 27 0 2
94205 27 15 0
94205 27 15 0
94331 27 15 2
94540 27 15 2
94660 27 7 0
94842 27 7 2
94858 27 0 0
95351 27 0 2
95363 27 14 0
95510 27 14 2
95675 27 0 2
95706 27 61 0
97052 27 61 2
97124 27 54 0
97280 27 54 2
97312 27 55 0
97666 27 55 2
97894 27 40 0
97992 27 40 2
98020 27 49 0
98105 27 63 1
98118 27 49 2
98130 27 51 0
98326 27 0 2
98401 27 63 2
98427 27 51 2
98447 27 37 0
98654 27 37 2
98658 27 20 0
98733 27 20 2
98749 27 3 0
99077 27 3 2
99169 27 21 0
99294 27 21 2
99302 27 56 0
99823 27 56 2
99843 27 57 0
99986 27 57 2
100074 27 58 0
100190 27 58 2
100270 27 59 0
100391 27 59 2
100415 27 63 0
101117 27 63 2
101201 27 33 0
101361 27 33 2
104319 27 63 1
104546 27 0 2
104619 27 63 2
111862 27 63 1
112086 27 2 2
112143 27 63 2
122000 27 63 1
122226 27 2 2
122283 27 63 2
132178 27 2 0
132179 27 63 1
132406 27 2 2
132463 27 63 2
135814 27 63 1
136037 27 37 2
136087 27 63 2
136833 27 63 1
136912 27 63 1
137006 27 63 1
137057 27 63 2
137142 27 63 1
137147 27 63 2
137167 27 38 2
137225 27 63 2
137251 27 63 1
137277 27 43 2
137319 27 63 2
137329 27 63 1
137387 27 58 2
137453 27 63 2
137464 27 63 1
137507 27 49 2
137566 27 63 1
137573 27 63 2
137617 27 26 2
137651 27 63 2
137727 27 30 2
137777 27 63 2
137837 27 10 2
137887 27 63 2
163079 27 2 0
163080 27 63 1
163306 27 2 2
163363 27 63 2
177763 27 63 1
177986 27 2 2
178043 27 63 2
203135 27 63 2
218360 27 63 1
218586 27 2 2
218643 27 63 2
265813 27 63 1
266036 27 2 2
266093 27 63 2
268570 27 0 0
268571 27 63 1
268797 27 0 2
268871 27 63 2
281145 27 2 0
281146 27 63 1
281366 27 2 2
281423 27 63 2
300167 27 2 0
300168 27 63 1
300386 27 2 2
300443 27 63 2
306603 27 2 0
306604 27 2 2
309247 27 63 1
309466 27 2 2
309523 27 63 2
317589 27 2 0
317590 27 63 1
317816 27 2 2
317873 27 63 2
320116 27 2 0
320117 27 63 1
320336 27 2 2
320393 27 63 2
329844 27 63 1
330066 27 2 2
330123 27 63 2
348426 27 2 0
348427 27 63 1
348646 27 2 2
348703 27 63 2
354092 27 2 0
354093 27 63 1
354317 27 2 2
354375 27 63 2
368196 27 63 1
368197 27 2 0
368416 27 2 2
368473 27 63 2
410288 27 2 0
410289 27 63 1
410516 27 2 2
410573 27 63 2
437858 27 63 1
437859 27 2 0
438076 27 2 2
438133 27 63 2
479301 27 2 0
479302 27 63 1
479526 27 2 2
479583 27 63 2
481809 27 2 0
481810 27 0 0
506900 27 2 0
506901 27 63 1
507127 27 2 2
507184 27 63 2
508653 27 2 0
508654 27 63 1
508877 27 2 2
508934 27 63 2
539216 27 2 0
539217 27 63 1
539437 27 2 2
539494 27 63 2
545982 27 63 1
545983 27 2 0
546217 27 2 2
546274 27 63 2
546673 27 2 0
546674 27 63 1
546897 27 2 2
546954 27 63 2
558799 27 2 0
558800 27 63 1
559027 27 2 2
559084 27 63 2
599999 27 63 1
600218 27 2 2
600276 27 63 2
623449 27 2 0
623450 27 63 1
623678 27 2 2
623736 27 63 2
663209 27 2 0
663210 27 63 1
663438 27 2 2
663496 27 63 2
686619 27 2 0
686620 27 63 1
686858 27 2 2
686916 27 63 2
725049 27 63 1
725050 27 2 0
725274 27 2 2
725332 27 63 2
748339 27 2 0
748340 27 63 1
748564 27 2 2
748622 27 63 2
787438 27 2 0
787439 27 63 1
787658 27 2 2
787716 27 63 2
810848 27 2 0
810849 27 63 1
811068 27 2 2
811126 27 63 2
846568 27 2 0
846569 27 63 1
846788 27 2 2
846846 27 63 2
869908 27 2 0
869909 27 63 1
870128 27 2 2
870186 27 63 2
919108 27 2 0
919109 27 63 1
919328 27 2 2
919386 27 63 2
942438 27 2 0
942439 27 63 1
942658 27 2 2
942716 27 63 2
975958 27 2 0
975959 27 63 1
976178 27 2 2
976236 27 63 2
999298 27 2 0
999299 27 63 1
999518 27 2 2
999576 27 63 2
1018918 27 2 0
1018919 27 4 0
1018957 27 15 0
1018957 27 15 0
1019091 27 0 0
1019092 27 4 0
1019502 27 2 0
1019503 27 4 0
1020898 27 2 0
1020899 27 2 2
1021558 27 15 2
1023627 27 15 2
1024187 27 38 0
1024187 27 38 0
1024257 27 38 2
1025565 27 38 2
1027010 27 2 0
1027011 27 4 0
1027017 27 7 0
1027135 27 7 2
1027567 27 2 0
1029159 27 2 2
1029195 27 25 0
1029319 27 25 2
1029335 27 31 0
1029482 27 31 2
1029518 27 33 0
1029632 27 33 2
1029636 27 36 0
1029764 27 36 2
1029772 27 4 0
1030203 27 4 2
1030295 27 5 0
1030446 27 5 2
1030478 27 34 0
1030584 27 34 2
1030604 27 35 0
1030702 27 35 2
1030726 27 32 0
1030894 27 2 0
1030895 27 4 0
1030930 27 32 2
1031294 27 38 0
1031294 27 38 0
1031345 27 38 2
1031353 27 38 2
1032769 27 2 0
1032770 27 2 2
1034197 27 9 0
1034286 27 9 2
1034318 27 8 0
1034437 27 8 2
1034465 27 47 0
1034713 27 47 2
1035157 27 48 0
1035450 27 48 2
1035541 27 2 0
1035542 27 4 0
1036026 27 49 0
1036360 27 49 2
1036936 27 50 0
1037183 27 50 2
1037759 27 51 0
1038005 27 51 2
1038581 27 52 0
1038878 27 52 2
1039454 27 53 0
1039774 27 53 2
1040350 27 54 0
1040669 27 54 2
1041245 27 55 0
1041525 27 55 2
1042101 27 56 0
1042418 27 56 2
1042994 27 57 0
1043338 27 57 2
1043730 27 26 2
1043914 27 58 0
1044093 27 26 2
1044164 27 58 2
1044303 27 26 2
1044740 27 59 0
1045035 27 59 2
1045611 27 60 0
1045956 27 60 2
1046532 27 61 0
1046871 27 61 2
1047447 27 62 0
1047859 27 62 2
1048435 27 63 0
1048684 27 63 2
1049260 27 0 0
1049260 27 0 0
1049326 27 0 2
1049495 27 0 2
1049763 27 2 0
1049866 27 2 2
1049922 27 3 0
1050005 27 3 2
1050009 27 7 0
1050369 27 7 2
1050457 27 4 0
1050457 27 4 0
1050507 27 4 2
1050632 27 4 2
1051020 27 1 0
1051296 27 1 2
1051872 27 2 0
1052178 27 2 2
1052754 27 3 0
1053079 27 3 2
1053655 27 4 0
1053924 27 4 2
1054500 27 5 0
1054771 27 5 2
1055347 27 6 0
1055741 27 6 2
1056317 27 7 0
1056659 27 7 2
1057235 27 8 0
1057516 27 8 2
1058092 27 9 0
1058387 27 9 2
1058963 27 10 0
1059260 27 10 2
1059836 27 11 0
1060141 27 11 2
1060717 27 12 0
1061003 27 12 2
1061579 27 13 0
1061869 27 13 2
1062445 27 14 0
1062816 27 14 2
1063392 27 15 0
1063731 27 15 2
1064307 27 16 0
1064566 27 16 2
1065142 27 17 0
1065476 27 17 2
1065975 27 63 1
1066052 27 18 0
1066121 27 63 1
1066198 27 62 2
1066280 27 63 2
1066328 27 63 1
1066348 27 59 2
1066406 27 63 2
1066433 27 18 2
1066558 27 15 2
1066634 27 63 2
1066887 27 63 1
1067009 27 19 0
1067108 27 47 2
1067184 27 63 2
1067203 27 63 1
1067303 27 19 2
1067309 27 63 1
1067419 27 63 1
1067428 27 60 2
1067494 27 63 2
1067538 27 14 2
1067604 27 63 2
1067648 27 39 2
1067714 27 63 2
1067879 27 20 0
1068027 27 63 1
1068131 27 63 1
1068153 27 20 2
1068248 27 56 2
1068268 27 63 1
1068330 27 63 2
1068347 27 63 1
1068358 27 22 2
1068416 27 63 2
1068473 27 63 1
1068508 27 53 2
1068574 27 63 2
1068591 27 63 1
1068638 27 34 2
1068680 27 63 2
1068729 27 21 0
1068748 27 12 2
1068765 27 63 1
1068798 27 63 2
1068858 27 52 2
1068911 27 63 1
1068918 27 63 2
1068988 27 24 2
1069001 27 21 2
1069006 27 63 1
1069038 27 63 2
1069138 27 8 2
1069142 27 63 1
1069205 27 63 2
1069227 27 63 1
1069248 27 29 2
1069290 27 63 2
1069353 27 63 1
1069368 27 1 2
1069435 27 63 2
1069499 27 63 1
1069577 27 22 0
1069588 27 18 2
1069629 27 63 2
1069662 27 63 1
1069698 27 21 2
1069748 27 63 2
1069765 27 63 1
1069808 27 23 2
1069874 27 63 2
1069883 27 63 1
1069916 27 22 2
1069917 27 50 2
1069975 27 63 2
1069977 27 63 1
1070028 27 20 2
1070070 27 63 2
1070138 27 32 2
1070151 27 63 1
1070196 27 63 2
1070245 27 63 1
1070248 27 25 2
1070291 27 63 2
1070378 27 13 2
1070436 27 63 2
1070488 27 11 2
1070492 27 23 0
1070530 27 63 2
1070717 27 63 1
1070783 27 23 2
1070867 27 63 1
1070938 27 54 2
1070977 27 63 1
1071012 27 63 2
1071047 27 63 1
1071108 27 61 2
1071181 27 63 2
1071189 27 63 1
1071218 27 6 2
1071268 27 63 1
1071292 27 63 2
1071328 27 19 2
1071359 27 24 0
1071362 27 63 2
1071385 27 63 1
1071438 27 5 2
1071504 27 63 2
1071548 27 35 2
1071561 27 63 1
1071582 27 63 2
1071616 27 24 2
1071658 27 42 2
1071683 27 63 1
1071708 27 63 2
1071788 27 40 2
1071839 27 63 1
1071854 27 63 2
1071908 27 31 2
1071966 27 63 2
1072005 27 63 1
1072068 27 46 2
1072134 27 63 2
1072192 27 25 0
1072239 27 7 2
1072321 27 63 2
1072486 27 25 2
1072574 27 63 1
1072798 27 55 2
1072810 27 63 1
1072880 27 63 2
1072943 27 63 1
1073038 27 57 2
1073045 27 63 1
1073062 27 26 0
1073113 27 63 2
1073171 27 63 1
1073178 27 3 2
1073228 27 63 2
1073272 27 63 1
1073288 27 17 2
1073334 27 26 2
1073338 27 63 2
1073383 27 63 1
1073408 27 45 2
1073466 27 63 2
1073511 27 63 1
1073518 27 44 2
1073568 27 63 2
1073603 27 63 1
1073628 27 41 2
1073688 27 63 2
1073705 27 63 1
1073738 27 48 2
1073812 27 63 2
1073832 27 63 1
1073848 27 9 2
1073906 27 63 2
1073910 27 27 0
1073919 27 63 1
1073958 27 33 2
1074008 27 63 2
1074068 27 51 2
1074071 27 63 1
1074118 27 63 2
1074164 27 63 1
1074178 27 27 2
1074194 27 27 2
1074203 27 63 2
1074267 27 63 1
1074298 27 4 2
1074356 27 63 2
1074393 27 63 1
1074408 27 36 2
1074450 27 63 2
1074528 27 28 2
1074561 27 63 2
1074638 27 16 2
1074697 27 63 2
1074770 27 28 0
1075094 27 28 2
1075670 27 29 0
1075970 27 29 2
1076546 27 30 0
1076897 27 30 2
1077473 27 31 0
1077756 27 31 2
1078023 27 2 0
1078024 27 63 1
1078248 27 2 2
1078306 27 63 2
1078332 27 32 0
1078694 27 32 2
1079270 27 33 0
1079574 27 33 2
1080150 27 34 0
1080423 27 34 2
1080999 27 35 0
1081275 27 35 2
1081851 27 36 0
1082162 27 36 2
1082738 27 37 0
1083047 27 37 2
1083623 27 38 0
1084028 27 38 2
1084604 27 39 0
1084875 27 39 2
1085451 27 40 0
1085712 27 40 2
1086288 27 41 0
1086592 27 41 2
1087168 27 42 0
1087413 27 42 2
1087989 27 43 0
1088235 27 43 2
1088811 27 44 0
1089119 27 44 2
1089695 27 45 0
1090008 27 45 2
1090584 27 46 0
1090907 27 46 2
1101611 27 8 0
1101856 27 8 2
1137132 27 31 0
1137290 27 31 2
1137334 27 35 0
1137584 27 35 2
1137644 27 32 0
1137836 27 32 2
1137892 27 46 0
1137965 27 46 2
1137997 27 12 0
1138071 27 12 2
1138083 27 33 0
1138247 27 33 2
1138339 27 34 0
1138455 27 34 2
1138487 27 1 0
1138554 27 1 2
1138598 27 32 0
1138756 27 32 2
1138764 27 35 0
1138903 27 35 2
1138907 27 60 0
1139014 27 60 2
1139030 27 61 0
1139165 27 61 2
1139225 27 48 0
1139379 27 48 2
1139419 27 49 0
1139593 27 49 2
1139629 27 36 0
1139629 27 36 0
1139663 27 36 2
1139768 27 36 2
1139832 27 37 0
1139832 27 37 0
1139875 27 37 2
1139998 27 37 2
1140046 27 58 0
1140046 27 58 0
1140104 27 58 2
1140165 27 58 2
1140177 27 31 0
1140433 27 31 2
1140445 27 30 0
1140771 27 30 2
1140779 27 59 0
1140779 27 59 0
1140839 27 59 2
1140975 27 59 2
1141027 27 34 0
1141266 27 34 2
1141306 27 0 0
1141306 27 0 0
1141372 27 0 2
1141541 27 0 2
1141549 27 33 0
1141843 27 33 2
1141859 27 60 0
1141956 27 60 2
1141976 27 32 0
1142222 27 32 2
1142298 27 61 0
1142477 27 61 2
1142601 27 62 0
1142733 27 62 2
1142821 27 12 0
1142974 27 12 2
1142986 27 39 0
1143124 27 39 2
1143136 27 13 0
1143273 27 13 2
1143277 27 48 0
1143462 27 48 2
1143474 27 59 0
1143574 27 59 2
1143602 27 54 0
1143602 27 54 0
1143668 27 54 2
1143721 27 54 2
1143761 27 55 0
1143899 27 55 2
1143923 27 56 0
1144065 27 56 2
1144093 27 57 0
1144226 27 57 2
1144290 27 58 0
1144435 27 58 2
1144471 27 49 0
1144595 27 49 2
1144635 27 63 0
1144763 27 63 2
1144811 27 15 0
1144947 27 15 2
1144963 27 44 0
1145092 27 44 2
1145112 27 45 0
1145243 27 45 2
1145491 27 0 0
1145600 27 24 2
1146144 27 25 2
1146279 27 63 1
1146507 27 63 2
1146596 27 63 2
1146750 27 0 2
1146842 27 1 0
1146983 27 1 2
1147083 27 2 0
1147213 27 2 2
1147221 27 47 0
1147304 27 47 2
1147316 27 41 0
1147406 27 41 2
1147478 27 3 0
1147601 27 3 2
1147625 27 22 2
1147861 27 5 0
1147983 27 5 2
1148031 27 6 0
1148153 27 6 2
1148241 27 7 0
1148386 27 7 2
1148494 27 8 0
1148590 27 23 2
1148782 27 8 2
1148838 27 1 0
1148838 27 1 0
1148896 27 1 2
1148921 27 1 2
1149369 27 46 0
1149443 27 46 2
1149451 27 4 0
1149573 27 4 2
1149597 27 47 0
1149749 27 47 2
1149893 27 12 0
1149967 27 12 2
1150331 27 10 0
1150413 27 10 2
1150533 27 1 0
1150631 27 1 2
1151079 27 46 0
1151079 27 46 0
1151137 27 46 2
1151154 27 46 2
1151186 27 47 0
1151268 27 47 2
1151327 27 21 2
1151412 27 12 0
1151489 27 12 2
1151973 27 1 0
1151973 27 1 0
1152031 27 1 2
1152058 27 1 2
1152506 27 46 0
1152580 27 46 2
1152612 27 47 0
1152612 27 47 0
1152678 27 47 2
1152695 27 47 2
1152839 27 12 0
1152839 27 12 0
1152881 27 12 2
1152900 27 12 2
1153384 27 1 0
1153384 27 1 0
1153445 27 1 2
1153453 27 1 2
1153901 27 46 0
1153901 27 46 0
1153960 27 46 2
1153971 27 46 2
1154003 27 47 0
1154003 27 47 0
1154069 27 47 2
1154077 27 47 2
1154221 27 12 0
1154221 27 12 0
1154263 27 12 2
1154270 27 12 2
1154754 27 1 0
1154754 27 1 0
1154812 27 1 2
1154820 27 1 2
1155252 27 11 0
1155252 27 11 0
1155286 27 11 2
1155342 27 11 2
1155358 27 46 0
1155358 27 46 0
1155422 27 46 2
1155424 27 46 2
1155456 27 47 0
1155456 27 47 0
1155523 27 47 2
1155531 27 47 2
1155675 27 12 0
1155675 27 12 0
1155717 27 12 2
1155725 27 12 2
1156209 27 1 0
1156209 27 1 0
1156267 27 1 2
1156276 27 1 2
1156724 27 46 0
1156724 27 46 0
1156782 27 46 2
1156790 27 46 2
1156822 27 47 0
1156822 27 47 0
1156889 27 47 2
1156897 27 47 2
1157041 27 12 0
1157041 27 12 0
1157083 27 12 2
1157091 27 12 2
1157575 27 1 0
1157575 27 1 0
1157633 27 1 2
1157643 27 1 2
1158091 27 46 0
1158091 27 46 0
1158149 27 46 2
1158167 27 46 2
1158199 27 47 0
1158199 27 47 0
1158265 27 47 2
1158282 27 47 2
1158426 27 12 0
1158426 27 12 0
1158469 27 12 2
1158507 27 12 2
1158991 27 1 0
1158991 27 1 0
1159049 27 1 2
1159098 27 1 2
1159546 27 46 0
1159546 27 46 0
1159604 27 46 2
1159620 27 46 2
1159652 27 47 0
1159652 27 47 0
1159718 27 47 2
1159735 27 47 2
1159879 27 12 0
1159879 27 12 0
1159921 27 12 2
1159962 27 12 2
1160446 27 1 0
1160446 27 1 0
1160504 27 1 2
1160511 27 1 2
1160959 27 46 0
1160959 27 46 0
1161017 27 46 2
1161024 27 46 2
1161056 27 47 0
1161056 27 47 0
1161122 27 47 2
1161130 27 47 2
1161274 27 12 0
1161274 27 12 0
1161318 27 12 2
1161357 27 12 2
1161841 27 1 0
1161841 27 1 0
1161905 27 1 2
1161907 27 1 2
1162355 27 46 0
1162355 27 46 0
1162413 27 46 2
1162421 27 46 2
1162453 27 47 0
1162453 27 47 0
1162520 27 47 2
1162531 27 47 2
1162675 27 12 0
1162675 27 12 0
1162717 27 12 2
1162727 27 12 2
1163211 27 1 0
1163211 27 1 0
1163269 27 1 2
1163277 27 1 2
1163725 27 46 0
1163725 27 46 0
1163785 27 46 2
1163793 27 46 2
1163825 27 47 0
1163825 27 47 0
1163891 27 47 2
1163901 27 47 2
1164045 27 12 0
1164045 27 12 0
1164087 27 12 2
1164104 27 12 2
1164588 27 1 0
1164588 27 1 0
1164646 27 1 2
1164653 27 1 2
1165101 27 46 0
1165101 27 46 0
1165159 27 46 2
1165175 27 46 2
1165207 27 47 0
1165207 27 47 0
1165273 27 47 2
1165290 27 47 2
1165434 27 12 0
1165434 27 12 0
1165476 27 12 2
1165508 27 12 2
1165992 27 1 0
1165992 27 1 0
1166050 27 1 2
1166057 27 1 2
1166489 27 12 0
1166489 27 12 0
1166531 27 12 2
1166540 27 12 2
1166556 27 46 0
1166556 27 46 0
1166614 27 46 2
1166631 27 46 2
1166663 27 47 0
1166663 27 47 0
1166729 27 47 2
1166748 27 47 2
1166892 27 12 0
1166892 27 12 0
1166934 27 12 2
1166951 27 12 2
1167435 27 1 0
1167435 27 1 0
1167493 27 1 2
1167526 27 1 2
1167974 27 46 0
1167974 27 46 0
1168032 27 46 2
1168048 27 46 2
1168080 27 47 0
1168080 27 47 0
1168146 27 47 2
1168164 27 47 2
1168308 27 12 0
1168308 27 12 0
1168350 27 12 2
1168382 27 12 2
1168866 27 1 0
1168866 27 1 0
1168924 27 1 2
1168956 27 1 2
1169404 27 46 0
1169404 27 46 0
1169462 27 46 2
1169479 27 46 2
1169511 27 47 0
1169511 27 47 0
1169578 27 47 2
1169596 27 47 2
1169740 27 12 0
1169740 27 12 0
1169783 27 12 2
1169816 27 12 2
1170300 27 1 0
1170300 27 1 0
1170358 27 1 2
1170366 27 1 2
1170814 27 46 0
1170814 27 46 0
1170872 27 46 2
1170881 27 46 2
1170913 27 47 0
1170913 27 47 0
1170979 27 47 2
1170987 27 47 2
1171131 27 12 0
1171131 27 12 0
1171173 27 12 2
1171182 27 12 2
1171666 27 1 0
1171666 27 1 0
1171724 27 1 2
1171732 27 1 2
1172180 27 46 0
1172180 27 46 0
1172238 27 46 2
1172246 27 46 2
1172278 27 47 0
1172278 27 47 0
1172344 27 47 2
1172352 27 47 2
1172496 27 12 0
1172496 27 12 0
1172538 27 12 2
1172555 27 12 2
1173039 27 1 0
1173039 27 1 0
1173097 27 1 2
1173105 27 1 2
1173553 27 46 0
1173553 27 46 0
1173611 27 46 2
1173654 27 46 2
1173686 27 47 0
1173686 27 47 0
1173752 27 47 2
1173793 27 47 2
1173937 27 12 0
1173937 27 12 0
1173979 27 12 2
1174037 27 12 2
1174521 27 1 0
1174521 27 1 0
1174579 27 1 2
1174589 27 1 2
1175037 27 46 0
1175037 27 46 0
1175097 27 46 2
1175139 27 46 2
1175171 27 47 0
1175171 27 47 0
1175237 27 47 2
1175279 27 47 2
1175423 27 12 0
1175423 27 12 0
1175465 27 12 2
1175483 27 12 2
1175967 27 1 0
1175967 27 1 0
1176027 27 1 2
1176035 27 1 2
1176483 27 46 0
1176483 27 46 0
1176541 27 46 2
1176550 27 46 2
1176582 27 47 0
1176582 27 47 0
1176648 27 47 2
1176689 27 47 2
1176833 27 12 0
1176833 27 12 0
1176880 27 12 2
1176883 27 12 2
1177367 27 1 0
1177367 27 1 0
1177425 27 1 2
1177508 27 1 2
1177940 27 13 0
1178038 27 13 2
1178054 27 46 0
1178054 27 46 0
1178112 27 46 2
1178119 27 46 2
1178151 27 47 0
1178151 27 47 0
1178227 27 47 2
1178258 27 47 2
1178402 27 12 0
1178402 27 12 0
1178445 27 12 2
1178451 27 12 2
1178935 27 1 0
1178935 27 1 0
1179008 27 1 2
1179013 27 1 2
1179456 27 46 0
1179456 27 46 0
1179528 27 46 2
1179560 27 47 0
1179560 27 47 0
1179564 27 46 2
1179633 27 47 2
1179726 27 47 2
1179777 27 12 0
1179777 27 12 0
1179821 27 12 2
1179836 27 12 2
1180320 27 1 0
1180320 27 1 0
1180378 27 1 2
1180386 27 1 2
1180834 27 46 0
1180834 27 46 0
1180892 27 46 2
1180906 27 46 2
1180938 27 47 0
1180938 27 47 0
1181005 27 47 2
1181012 27 47 2
1181156 27 12 0
1181156 27 12 0
1181202 27 12 2
1181205 27 12 2
1181689 27 1 0
1181689 27 1 0
1181748 27 1 2
1181761 27 1 2
1182209 27 46 0
1182209 27 46 0
1182268 27 46 2
1182279 27 46 2
1182311 27 47 0
1182311 27 47 0
1182377 27 47 2
1182384 27 47 2
1182528 27 12 0
1182528 27 12 0
1182570 27 12 2
1182577 27 12 2
1183061 27 1 0
1183061 27 1 0
1183119 27 1 2
1183127 27 1 2
1183575 27 46 0
1183575 27 46 0
1183633 27 46 2
1183641 27 46 2
1183673 27 47 0
1183673 27 47 0
1183739 27 47 2
1183753 27 47 2
1183897 27 12 0
1183897 27 12 0
1183942 27 12 2
1183956 27 12 2
1184440 27 1 0
1184440 27 1 0
1184502 27 1 2
1184524 27 1 2
1184972 27 46 0
1184972 27 46 0
1185030 27 46 2
1185040 27 46 2
1185072 27 47 0
1185072 27 47 0
1185148 27 47 2
1185176 27 47 2
1185320 27 12 0
1185320 27 12 0
1185362 27 12 2
1185369 27 12 2
1185853 27 1 0
1185853 27 1 0
1185931 27 1 2
1185949 27 1 2
1186397 27 46 0
1186397 27 46 0
1186456 27 46 2
1186464 27 46 2
1186496 27 47 0
1186496 27 47 0
1186582 27 47 2
1186610 27 47 2
1186754 27 12 0
1186754 27 12 0
1186797 27 12 2
1186802 27 12 2
1187286 27 1 0
1187286 27 1 0
1187364 27 1 2
1187381 27 1 2
1187829 27 46 0
1187829 27 46 0
1187888 27 46 2
1187905 27 46 2
1187937 27 47 0
1187937 27 47 0
1188023 27 47 2
1188051 27 47 2
1188195 27 12 0
1188195 27 12 0
1188238 27 12 2
1188245 27 12 2
1188729 27 1 0
1188729 27 1 0
1188807 27 1 2
1188814 27 1 2
1189246 27 14 0
1189372 27 14 2
1189388 27 46 0
1189388 27 46 0
1189453 27 46 2
1189485 27 47 0
1189485 27 47 0
1189486 27 46 2
1189551 27 47 2
1189569 27 47 2
1189713 27 12 0
1189713 27 12 0
1189755 27 12 2
1189763 27 12 2
1190247 27 1 0
1190247 27 1 0
1190305 27 1 2
1190312 27 1 2
1190760 27 46 0
1190760 27 46 0
1190828 27 46 2
1190846 27 46 2
1190878 27 47 0
1190878 27 47 0
1190964 27 47 2
1190981 27 47 2
1191125 27 12 0
1191125 27 12 0
1191167 27 12 2
1191175 27 12 2
1191659 27 1 0
1191659 27 1 0
1191717 27 1 2
1191725 27 1 2
1192173 27 46 0
1192173 27 46 0
1192242 27 46 2
1192260 27 46 2
1192292 27 47 0
1192292 27 47 0
1192380 27 47 2
1192406 27 47 2
1192550 27 12 0
1192550 27 12 0
1192592 27 12 2
1192600 27 12 2
1193084 27 1 0
1193084 27 1 0
1193142 27 1 2
1193150 27 1 2
1193598 27 46 0
1193598 27 46 0
1193656 27 46 2
1193695 27 46 2
1193727 27 47 0
1193727 27 47 0
1193805 27 47 2
1193840 27 47 2
1193984 27 12 0
1193984 27 12 0
1194026 27 12 2
1194034 27 12 2
1194518 27 1 0
1194518 27 1 0
1194576 27 1 2
1194583 27 1 2
1195031 27 46 0
1195031 27 46 0
1195102 27 46 2
1195120 27 46 2
1195152 27 47 0
1195152 27 47 0
1195242 27 47 2
1195261 27 47 2
1195405 27 12 0
1195405 27 12 0
1195447 27 12 2
1195454 27 12 2
1195938 27 1 0
1195938 27 1 0
1195996 27 1 2
1196023 27 1 2
1196471 27 46 0
1196471 27 46 0
1196544 27 46 2
1196566 27 46 2
1196598 27 47 0
1196598 27 47 0
1196684 27 47 2
1196830 27 47 2
1196974 27 12 0
1196974 27 12 0
1197024 27 12 2
1197036 27 12 2
1197508 27 1 0
1197508 27 1 0
1197574 27 1 2
1197606 27 1 2
1198022 27 46 0
1198022 27 46 0
1198090 27 46 2
1198122 27 47 0
1198122 27 47 0
1198130 27 46 2
1198196 27 47 2
1198248 27 47 2
1198340 27 12 0
1198340 27 12 0
1198389 27 12 2
1198392 27 12 2
1198873 27 1 0
1198873 27 1 0
1198969 27 1 2
1198971 27 1 2
1199417 27 46 0
1199417 27 46 0
1199523 27 46 2
1199555 27 47 0
1199555 27 47 0
1199565 27 46 2
1199649 27 47 2
1199681 27 47 2
1199793 27 12 0
1199793 27 12 0
1199835 27 12 2
1199842 27 12 2
1200230 27 1 0
1200230 27 1 0
1200295 27 1 2
1200328 27 1 2
1200727 27 7 0
1200857 27 7 2
1200873 27 46 0
1200873 27 46 0
1200951 27 46 2
1200961 27 46 2
1200993 27 47 0
1200993 27 47 0
1201076 27 47 2
1201110 27 47 2
1201220 27 12 0
1201220 27 12 0
1201263 27 12 2
1201271 27 12 2
1201755 27 1 0
1201755 27 1 0
1201813 27 1 2
1201822 27 1 2
1202270 27 46 0
1202270 27 46 0
1202346 27 46 2
1202378 27 47 0
1202378 27 47 0
1202388 27 46 2
1202464 27 47 2
1202492 27 47 2
1202636 27 12 0
1202636 27 12 0
1202678 27 12 2
1202686 27 12 2
1203170 27 1 0
1203170 27 1 0
1203228 27 1 2
1203237 27 1 2
1203685 27 46 0
1203685 27 46 0
1203753 27 46 2
1203770 27 46 2
1203802 27 47 0
1203802 27 47 0
1203889 27 47 2
1203935 27 47 2
1204079 27 5 0
1204197 27 5 2
1204205 27 61 0
1204205 27 61 0
1204271 27 61 2
1204398 27 61 2
1204406 27 29 0
1204649 27 29 2
1204665 27 62 0
1204665 27 62 0
1204739 27 62 2
1204747 27 62 2
1205023 27 63 0
1205023 27 63 0
1205115 27 63 2
1205251 27 63 2
1205675 27 12 0
1205675 27 12 0
1205717 27 12 2
1205751 27 12 2
1205880 27 22 2
1206191 27 11 0
1206275 27 11 2
1206487 27 1 0
1206487 27 1 0
1206545 27 1 2
1206553 27 1 2
1207001 27 46 0
1207001 27 46 0
1207067 27 46 2
1207069 27 46 2
1207099 27 47 0
1207099 27 47 0
1207173 27 47 2
1207205 27 47 2
1207317 27 12 0
1207317 27 12 0
1207368 27 12 2
1207369 27 12 2
1207852 27 1 0
1207852 27 1 0
1207910 27 1 2
1207918 27 1 2
1208366 27 46 0
1208366 27 46 0
1208434 27 46 2
1208464 27 46 2
1208466 27 47 0
1208466 27 47 0
1208540 27 47 2
1208602 27 47 2
1208684 27 12 0
1208684 27 12 0
1208734 27 12 2
1208766 27 12 2
1209218 27 1 0
1209218 27 1 0
1209287 27 1 2
1209306 27 1 2
1209735 27 46 0
1209735 27 46 0
1209810 27 46 2
1209842 27 47 0
1209842 27 47 0
1209873 27 46 2
1209929 27 47 2
1209956 27 47 2
1210100 27 12 0
1210100 27 12 0
1210142 27 12 2
1210151 27 12 2
1210635 27 1 0
1210635 27 1 0
1210695 27 1 2
1210702 27 1 2
1211150 27 46 0
1211150 27 46 0
1211218 27 46 2
1211319 27 46 2
1211351 27 47 0
1211351 27 47 0
1211489 27 47 2
1211497 27 47 2
1211633 27 12 0
1211699 27 12 2
1212183 27 1 0
1212183 27 1 0
1212241 27 1 2
1212257 27 1 2
1212705 27 46 0
1212705 27 46 0
1212763 27 46 2
1212824 27 46 2
1212856 27 47 0
1212856 27 47 0
1212925 27 47 2
1212992 27 47 2
1213136 27 12 0
1213136 27 12 0
1213178 27 12 2
1213203 27 12 2
1213687 27 1 0
1213687 27 1 0
1213745 27 1 2
1213753 27 1 2
1214185 27 8 0
1214185 27 8 0
1214243 27 8 2
1214276 27 8 2
1214292 27 46 0
1214292 27 46 0
1214350 27 46 2
1214357 27 46 2
1214389 27 47 0
1214389 27 47 0
1214455 27 47 2
1214535 27 47 2
1214679 27 12 0
1214679 27 12 0
1214722 27 12 2
1214729 27 12 2
1215213 27 1 0
1215213 27 1 0
1215271 27 1 2
1215288 27 1 2
1215736 27 46 0
1215736 27 46 0
1215795 27 46 2
1215874 27 46 2
1215906 27 47 0
1215906 27 47 0
1215972 27 47 2
1216053 27 47 2
1216197 27 12 0
1216197 27 12 0
1216247 27 12 2
1216272 27 12 2
1216756 27 1 0
1216756 27 1 0
1216814 27 1 2
1216822 27 1 2
1217270 27 46 0
1217270 27 46 0
1217328 27 46 2
1217336 27 46 2
1217368 27 47 0
1217368 27 47 0
1217434 27 47 2
1217442 27 47 2
1217586 27 12 0
1217586 27 12 0
1217628 27 12 2
1217636 27 12 2
1218120 27 1 0
1218120 27 1 0
1218178 27 1 2
1218185 27 1 2
1218633 27 46 0
1218633 27 46 0
1218692 27 46 2
1218703 27 46 2
1218735 27 47 0
1218735 27 47 0
1218831 27 47 2
1218850 27 47 2
1218994 27 12 0
1218994 27 12 0
1219036 27 12 2
1219043 27 12 2
1219527 27 1 0
1219527 27 1 0
1219585 27 1 2
1219592 27 1 2
1220040 27 46 0
1220040 27 46 0
1220118 27 46 2
1220146 27 46 2
1220178 27 47 0
1220178 27 47 0
1220264 27 47 2
1220291 27 47 2
1220435 27 12 0
1220435 27 12 0
1220477 27 12 2
1220488 27 12 2
1220972 27 1 0
1220972 27 1 0
1221030 27 1 2
1221038 27 1 2
1221486 27 46 0
1221486 27 46 0
1221565 27 46 2
1221585 27 46 2
1221617 27 47 0
1221617 27 47 0
1221703 27 47 2
1221722 27 47 2
1221866 27 12 0
1221866 27 12 0
1221909 27 12 2
1221917 27 12 2
1222401 27 1 0
1222401 27 1 0
1222459 27 1 2
1222468 27 1 2
1222916 27 46 0
1222916 27 46 0
1222984 27 46 2
1223004 27 46 2
1223036 27 47 0
1223036 27 47 0
1223142 27 47 2
1223150 27 47 2
1223294 27 12 0
1223294 27 12 0
1223337 27 12 2
1223346 27 12 2
1223830 27 1 0
1223830 27 1 0
1223888 27 1 2
1223897 27 1 2
1224345 27 46 0
1224345 27 46 0
1224415 27 46 2
1224440 27 46 2
1224472 27 47 0
1224472 27 47 0
1224558 27 47 2
1224585 27 47 2
1224729 27 12 0
1224729 27 12 0
1224771 27 12 2
1224780 27 12 2
1225264 27 1 0
1225264 27 1 0
1225326 27 1 2
1225332 27 1 2
1225764 27 9 0
1225832 27 9 2
1225848 27 46 0
1225848 27 46 0
1225906 27 46 2
1225939 27 46 2
1225971 27 47 0
1225971 27 47 0
1226057 27 47 2
1226074 27 47 2
1226218 27 12 0
1226218 27 12 0
1226269 27 12 2
1226270 27 12 2
1226754 27 1 0
1226754 27 1 0
1226812 27 1 2
1226821 27 1 2
1227269 27 46 0
1227269 27 46 0
1227337 27 46 2
1227365 27 46 2
1227397 27 47 0
1227397 27 47 0
1227493 27 47 2
1227501 27 47 2
1227645 27 12 0
1227645 27 12 0
1227687 27 12 2
1227695 27 12 2
1228179 27 1 0
1228179 27 1 0
1228237 27 1 2
1228246 27 1 2
1228694 27 46 0
1228694 27 46 0
1228772 27 46 2
1228803 27 46 2
1228835 27 47 0
1228835 27 47 0
1228921 27 47 2
1228942 27 47 2
1229086 27 12 0
1229086 27 12 0
1229128 27 12 2
1229136 27 12 2
1229620 27 1 0
1229620 27 1 0
1229678 27 1 2
1229685 27 1 2
1230133 27 46 0
1230133 27 46 0
1230201 27 46 2
1230219 27 46 2
1230251 27 47 0
1230251 27 47 0
1230347 27 47 2
1230374 27 47 2
1230518 27 12 0
1230518 27 12 0
1230560 27 12 2
1230571 27 12 2
1231055 27 1 0
1231055 27 1 0
1231113 27 1 2
1231121 27 1 2
1231569 27 46 0
1231569 27 46 0
1231627 27 46 2
1231655 27 46 2
1231687 27 47 0
1231687 27 47 0
1231773 27 47 2
1231795 27 47 2
1231939 27 12 0
1231939 27 12 0
1231981 27 12 2
1231989 27 12 2
1232473 27 1 0
1232473 27 1 0
1232531 27 1 2
1232539 27 1 2
1232987 27 46 0
1232987 27 46 0
1233055 27 46 2
1233083 27 46 2
1233115 27 47 0
1233115 27 47 0
1233211 27 47 2
1233239 27 47 2
1233383 27 12 0
1233383 27 12 0
1233425 27 12 2
1233433 27 12 2
1233891 27 21 2
1233917 27 1 0
1233917 27 1 0
1233975 27 1 2
1233984 27 1 2
1234432 27 46 0
1234432 27 46 0
1234453 27 22 2
1234490 27 46 2
1234546 27 46 2
1234578 27 47 0
1234578 27 47 0
1234644 27 47 2
1234689 27 47 2
1234833 27 12 0
1234833 27 12 0
1234875 27 12 2
1234900 27 12 2
1235032 27 1 0
1235178 27 1 2
1235246 27 22 2
1235354 27 1 0
1235478 27 1 2
1235626 27 20 2
1235654 27 1 0
1235654 27 1 0
1235712 27 1 2
1235728 27 1 2
1236176 27 46 0
1236176 27 46 0
1236236 27 46 2
1236280 27 46 2
1236290 27 23 2
1236312 27 47 0
1236312 27 47 0
1236378 27 47 2
1236423 27 47 2
1236567 27 12 0
1236567 27 12 0
1236609 27 12 2
1236634 27 12 2
1236766 27 1 0
1237021 27 1 2
1237087 27 23 2
1237198 27 25 2
1237373 27 1 0
1237455 27 1 2
1237518 27 25 2
1237655 27 24 2
1237774 27 24 2
1237903 27 46 0
1237903 27 46 0
1237961 27 46 2
1237986 27 46 2
1238018 27 47 0
1238018 27 47 0
1238084 27 47 2
1238109 27 47 2
1238253 27 12 0
1238253 27 12 0
1238295 27 12 2
1238320 27 12 2
1238452 27 1 0
1238534 27 1 2
1238612 27 25 2
1238886 27 1 0
1238960 27 1 2
1239403 27 25 2
1239408 27 46 0
1239408 27 46 0
1239466 27 46 2
1239491 27 46 2
1239523 27 47 0
1239523 27 47 0
1239589 27 47 2
1239614 27 47 2
1239758 27 12 0
1239758 27 12 0
1239801 27 12 2
1239824 27 12 2
1239956 27 1 0
1240030 27 1 2
1240382 27 1 0
1240382 27 1 0
1240441 27 1 2
1240452 27 1 2
1240900 27 46 0
1240900 27 46 0
1240958 27 46 2
1240975 27 46 2
1241007 27 47 0
1241007 27 47 0
1241073 27 47 2
1241090 27 47 2
1241234 27 12 0
1241234 27 12 0
1241278 27 12 2
1241308 27 12 2
1241784 27 9 0
1241874 27 9 2
1241998 27 55 0
1242089 27 55 2
1242093 27 1 0
1242093 27 1 0
1242151 27 1 2
1242179 27 1 2
1242203 27 56 0
1242317 27 56 2
1242337 27 45 0
1242411 27 45 2
1242467 27 46 0
1242541 27 46 2
1242617 27 63 0
1242862 27 63 2
1242870 27 47 0
1242951 27 47 2
1243055 27 62 0
1243055 27 62 0
1243141 27 62 2
1243142 27 62 2
1243209 27 29 0
1243306 27 29 2
1243346 27 30 0
1243443 27 30 2
1243487 27 17 0
1243608 27 17 2
1243664 27 18 0
1243777 27 18 2
1243825 27 19 0
1243930 27 19 2
1243966 27 21 0
1244072 27 21 2
1244104 27 22 0
1244210 27 22 2
1244566 27 61 0
1244566 27 61 0
1244632 27 61 2
1244640 27 61 2
1245176 27 1 0
1245176 27 1 0
1245234 27 1 2
1245242 27 1 2
1245326 27 58 0
1245326 27 58 0
1245384 27 58 2
1245392 27 58 2
1245472 27 59 0
1245472 27 59 0
1245522 27 59 2
1245530 27 59 2
1255868 27 2 0
1255869 27 63 1
1256088 27 2 2
1256146 27 63 2
1266344 27 2 0
1266345 27 63 1
1266568 27 2 2
1266626 27 63 2
1289794 27 2 0
1289795 27 63 1
1290018 27 2 2
1290076 27 63 2
1323937 27 2 0
1323938 27 63 1
1324157 27 2 2
1324215 27 63 2
1347257 27 2 0
1347258 27 63 1
1347477 27 2 2
1347535 27 63 2
1381447 27 2 0
1381448 27 63 1
1381667 27 2 2
1381725 27 63 2
1404837 27 2 0
1404838 27 63 1
1405057 27 2 2
1405115 27 63 2
1438204 27 2 0
1438205 27 63 1
1438424 27 2 2
1438482 27 63 2
1461584 27 2 0
1461585 27 63 1
1461804 27 2 2
1461862 27 63 2
1495431 27 2 0
1495432 27 63 1
1495651 27 2 2
1495709 27 63 2
1518841 27 2 0
1518842 27 63 1
1519061 27 2 2
1519119 27 63 2
1542463 27 2 0
1542464 27 2 2
1547046 27 2 0
1547047 27 63 1
1547267 27 2 2
1547324 27 63 2
1583769 27 2 0
1583770 27 63 1
1583997 27 2 2
1584055 27 63 2
1607259 27 2 0
1607260 27 63 1
1607487 27 2 2
1607545 27 63 2
1641018 27 63 1
1641019 27 2 0
1641238 27 2 2
1641296 27 63 2
1664448 27 63 1
1664449 27 2 0
1664668 27 2 2
1664726 27 63 2
1698354 27 2 0
1698355 27 63 1
1698574 27 2 2
1698632 27 63 2
1721774 27 2 0
1721775 27 63 1
1721994 27 2 2
1722052 27 63 2
1755143 27 63 1
1755144 27 2 0
1755362 27 2 2
1755420 27 63 2
1778453 27 63 1
1778454 27 2 0
1778672 27 2 2
1778730 27 63 2
1812438 27 2 0
1812439 27 63 1
1812658 27 2 2
1812716 27 63 2
1835758 27 2 0
1835759 27 63 1
1835978 27 2 2
1836036 27 63 2
1869478 27 2 0
1869479 27 63 1
1869698 27 2 2
1869756 27 63 2
1892928 27 2 0
1892929 27 63 1
1893148 27 2 2
1893206 27 63 2
1926828 27 2 0
1926829 27 63 1
1927048 27 2 2
1927106 27 63 2
1950128 27 2 0
1950129 27 63 1
1950348 27 2 2
1950406 27 63 2
1967099 27 2 0
1967100 27 2 2
1979512 27 2 0
1979513 27 2 2
1986388 27 2 0
1986389 27 2 2
1995433 27 2 0
1995434 27 4 0
1995735 27 36 0
1995735 27 36 0
1995926 27 2 0
1995927 27 4 0
1997781 27 36 2
2000332 27 36 2
2000376 27 37 0
2000376 27 37 0
2000861 27 37 2
2000993 27 8 0
2000993 27 8 0
2001051 27 8 2
2001059 27 8 2
2001107 27 0 0
2001107 27 0 0
2001174 27 0 2
2001182 27 0 2
2001270 27 36 0
2001270 27 36 0
2001304 27 36 2
2001381 27 36 2
2001413 27 38 0
2001413 27 38 0
2001493 27 38 2
2001512 27 2 0
2001513 27 2 2
2001571 27 38 2
2001731 27 54 0
2001731 27 54 0
2001897 27 54 2
2001978 27 37 2
2002222 27 54 2
2002254 27 12 0
2002254 27 12 0
2002296 27 12 2
2002328 27 12 2
2002392 27 37 0
2002392 27 37 0
2002434 27 37 2
2003142 27 37 2
2003147 27 23 2
2003901 27 23 2
2003937 27 25 2
2004130 27 47 0
2004130 27 47 0
2004196 27 47 2
2004287 27 63 0
2004560 27 25 2
2004700 27 25 2
2005411 27 47 2
2005435 27 11 0
2005435 27 11 0
2005470 27 11 2
2005475 27 11 2
2005603 27 1 0
2005603 27 1 0
2005661 27 1 2
2005738 27 1 2
2005958 27 26 2
2006321 27 26 2
2006338 27 4 0
2006338 27 4 0
2006448 27 4 2
2006451 27 26 2
2006501 27 4 2
2007033 27 38 0
2007033 27 38 0
2007083 27 38 2
2007091 27 38 2
2007247 27 46 0
2007316 27 46 2
2007336 27 4 0
2007336 27 4 0
2007386 27 4 2
2007623 27 4 2
2007655 27 0 0
2007655 27 0 0
2007721 27 0 2
2007729 27 0 2
2007877 27 47 0
2007958 27 47 2
2007974 27 12 0
2008023 27 24 2
2008050 27 12 2
2008086 27 47 0
2008173 27 47 2
2008299 27 2 0
2008301 27 4 0
2008562 27 24 2
2009229 27 63 0
2009229 27 63 0
2009392 27 63 2
2009421 27 63 2
2009625 27 58 0
2009625 27 58 0
2009683 27 58 2
2009708 27 58 2
2009792 27 46 0
2009884 27 46 2
2011056 27 3 0
2012739 27 2 0
2012740 27 2 2
2014286 27 2 0
2014287 27 4 0
2018384 27 3 2
2018392 27 19 0
2018437 27 23 2
2018442 27 19 2
2018446 27 3 0
2022695 27 2 0
2022696 27 2 2
2027436 27 3 2
2042106 27 2 0
2042107 27 63 1
2042336 27 2 2
2042394 27 63 2
2065506 27 2 0
2065507 27 63 1
2065726 27 2 2
2065784 27 63 2
2088008 27 2 0
2088009 27 2 2
2106275 27 2 0
2106276 27 63 1
2106495 27 2 2
2106553 27 63 2
2129625 27 2 0
2129626 27 63 1
2129845 27 2 2
2129903 27 63 2
2165611 27 2 0
2165612 27 63 1
2165831 27 2 2
2165889 27 63 2
2189021 27 2 0
2189022 27 63 1
2189241 27 2 2
2189299 27 63 2
2225007 27 2 0
2225008 27 63 1
2225227 27 2 2
2225285 27 63 2
2248417 27 2 0
2248418 27 63 1
2248637 27 2 2
2248695 27 63 2
2275801 27 2 0
2275802 27 63 1
2276027 27 2 2
2276084 27 63 2
2279128 27 2 0
2279129 27 63 1
2279347 27 2 2
2279404 27 63 2
2464808 27 2 0
2464809 27 2 2
2894807 27 2 0
2894808 27 2 2
2971729 27 4 0
2971730 27 2 0
2972108 27 2 0
2972109 27 4 0
2972640 27 38 0
2972640 27 38 0
2973184 27 2 0
2973185 27 2 2
2974760 27 38 2
2975826 27 38 2
2976970 27 2 0
2976971 27 4 0
2977722 27 15 0
2977722 27 15 0
2977889 27 15 2
2977977 27 38 0
2977977 27 38 0
2978027 27 38 2
2978035 27 38 2
2978228 27 15 2
2978789 27 0 2
2978983 27 7 0
2979587 27 7 2
2980583 27 38 0
2980583 27 38 0
2980633 27 38 2
2980641 27 38 2
2982804 27 2 0
2982805 27 2 2
2984180 27 2 0
2984181 27 4 0
2988278 27 2 2
2988281 27 3 0
2992758 27 3 2
3948238 27 2 0
3948239 27 4 0
3949190 27 38 0
3949190 27 38 0
3949533 27 38 2
3951125 27 38 2
3953109 27 38 0
3953109 27 38 0
3953159 27 38 2
3953276 27 38 2
3954643 27 0 2
3955220 27 38 0
3955220 27 38 0
3955270 27 38 2
3955278 27 38 2
3960363 27 2 0
3960364 27 2 2
3961169 27 4 0
3961170 27 2 0
4924802 27 2 0
4924803 27 4 0
4925734 27 38 0
4925734 27 38 0
4925977 27 38 2
4926985 27 38 2
4928401 27 7 0
4928571 27 7 2
4928637 27 2 0
4928638 27 2 2
4929139 27 38 0
4929139 27 38 0
4929189 27 38 2
4929443 27 2 0
4929444 27 4 0
4932128 27 38 2
4934072 27 38 0
4934072 27 38 0
4934130 27 38 2
4934232 27 38 2
5901358 27 4 0
5901359 27 2 0
5902302 27 38 0
5902302 27 38 0
5902829 27 38 2
5904813 27 38 0
5904863 27 38 2
5904980 27 38 2
5904983 27 38 0
5905200 27 2 0
5905201 27 2 2
5906006 27 2 0
5906007 27 4 0
5906050 27 38 2
5907667 27 0 2
5907994 27 38 0
5907994 27 38 0
5908052 27 38 2
5908055 27 38 2
6877924 27 2 0
6877925 27 4 0
6878905 27 38 0
6878905 27 38 0
6880971 27 38 2
6881653 27 38 2
6881852 27 2 0
6881853 27 2 2
6882658 27 2 0
6882659 27 4 0
6883069 27 7 0
6883189 27 7 2
6883757 27 38 0
6883757 27 38 0
6883807 27 38 2
6884914 27 38 2
6886858 27 38 0
6886858 27 38 0
6886916 27 38 2
6886938 27 38 2
