0 16 51 0
3769 16 51 2
3773 16 22 0
5606 16 22 2
5618 16 1 0
6346 16 1 2
6366 16 24 0
6486 16 24 2
11131 16 0 1
11307 16 0 2
11348 16 0 2
22152 16 0 1
22327 16 2 2
22384 16 0 2
41734 16 4 0
44988 16 4 2
45040 16 44 0
46851 16 44 2
46863 16 5 0
46956 16 5 2
46968 16 45 0
47412 16 45 2
47480 16 24 0
47703 16 0 1
47731 16 24 2
47763 16 25 0
47877 16 4 2
47886 16 25 2
47894 16 26 0
47950 16 0 2
47954 16 4 0
47999 16 26 2
48039 16 27 0
48054 16 4 0
48132 16 27 2
48139 16 4 0
48152 16 33 0
48235 16 4 0
48322 16 4 0
48408 16 33 2
48423 16 4 0
48428 16 35 0
48515 16 4 0
48526 16 35 2
48534 16 41 0
48605 16 4 0
48700 16 4 0
48782 16 4 0
48892 16 4 0
49008 16 4 0
49115 16 4 0
49192 16 41 2
49208 16 42 0
49249 16 4 0
49382 16 4 0
49472 16 4 0
49492 16 42 2
49524 16 1 0
49557 16 4 0
49600 16 1 2
49636 16 36 0
49640 16 4 0
49753 16 4 0
49871 16 4 0
49927 16 36 2
49939 16 43 0
49959 16 4 0
50062 16 4 0
50184 16 4 0
50293 16 4 0
50320 16 43 2
50336 16 17 0
50379 16 4 0
50401 16 17 2
50464 16 4 0
50493 16 27 0
50549 16 4 0
50637 16 27 2
50641 16 37 0
50669 16 4 0
50767 16 37 2
50773 16 4 0
50779 16 17 0
50904 16 4 0
51006 16 4 0
51116 16 4 0
51221 16 17 2
51229 16 15 0
51247 16 4 0
51378 16 4 0
51518 16 4 0
51626 16 15 2
51628 16 4 0
51666 16 16 0
51715 16 4 0
51792 16 16 2
51808 16 4 0
51832 16 18 0
51907 16 4 0
51951 16 18 2
51975 16 61 0
52033 16 4 0
52150 16 4 0
52241 16 4 0
52373 16 4 0
52464 16 61 2
52476 16 54 0
52491 16 4 0
52594 16 4 0
52701 16 54 2
52707 16 4 0
52721 16 9 0
52779 16 9 2
52787 16 19 0
52828 16 4 0
52946 16 19 2
52948 16 4 0
52950 16 35 0
53064 16 4 0
53188 16 4 0
53277 16 35 2
53293 16 53 0
53307 16 4 0
53398 16 4 0
53529 16 4 0
53639 16 4 0
53665 16 53 2
53705 16 33 0
53739 16 4 0
53846 16 33 2
53850 16 4 0
53858 16 36 0
53994 16 4 0
53995 16 36 2
54015 16 40 0
54165 16 4 0
54268 16 40 2
54292 16 37 0
54295 16 4 0
54398 16 37 2
54413 16 4 0
54502 16 38 0
54544 16 4 0
54644 16 4 0
54645 16 38 2
54649 16 41 0
54759 16 4 0
54950 16 41 2
54974 16 8 0
55128 16 8 2
55136 16 29 0
55237 16 29 2
55277 16 0 0
55472 16 0 2
55484 16 38 0
55974 16 38 2
55990 16 39 0
56513 16 39 2
56517 16 39 0
56920 16 39 2
56976 16 36 0
57095 16 36 2
57127 16 38 0
57240 16 38 2
57256 16 51 0
58025 16 51 2
58081 16 6 0
58429 16 6 2
58437 16 52 0
58507 16 0 1
58570 16 52 2
58606 16 14 0
58707 16 55 2
58821 16 0 2
58942 16 14 2
58962 16 53 0
59187 16 53 2
59211 16 54 0
59435 16 54 2
59451 16 11 0
59786 16 11 2
59798 16 56 0
60619 16 56 2
60623 16 12 0
60885 16 12 2
60893 16 57 0
61014 16 57 2
61018 16 2 0
61316 16 2 2
61368 16 37 0
61480 16 37 2
61496 16 40 0
61772 16 40 2
61828 16 58 0
62511 16 58 2
62571 16 35 0
62678 16 35 2
62682 16 50 0
62801 16 50 2
62821 16 62 0
63622 16 62 2
63650 16 38 0
63975 16 38 2
64047 16 63 0
64307 16 63 2
64347 16 12 0
64614 16 12 2
64638 16 2 0
64724 16 2 2
64748 16 13 0
65006 16 13 2
65102 16 3 0
65188 16 3 2
65228 16 23 0
65336 16 23 2
65352 16 24 0
65372 16 0 1
65474 16 24 2
65547 16 45 2
65582 16 51 0
65636 16 0 2
65868 16 51 2
65876 16 25 0
65993 16 25 2
66021 16 26 0
66117 16 26 2
66197 16 0 0
66278 16 0 2
66286 16 3 0
66397 16 3 2
66441 16 4 0
66522 16 4 2
66618 16 5 0
66713 16 5 2
66753 16 15 0
67868 16 15 2
67876 16 14 0
68320 16 14 2
68332 16 50 0
68615 16 50 2
68643 16 6 0
68741 16 6 2
68761 16 4 0
68844 16 4 2
68852 16 8 0
69199 16 8 2
69203 16 47 0
69592 16 47 2
69600 16 49 0
70960 16 49 2
70976 16 11 0
71064 16 11 2
71100 16 5 0
71196 16 0 1
71198 16 5 2
71222 16 37 0
71265 16 0 1
71367 16 4 2
71404 16 0 1
71454 16 0 2
71457 16 0 1
71477 16 11 2
71516 16 37 2
71534 16 0 2
71544 16 0 1
71580 16 4 0
71587 16 29 2
71622 16 0 1
71660 16 0 2
71662 16 4 2
71666 16 1 0
71697 16 18 2
71730 16 0 1
71738 16 0 2
71779 16 1 2
71797 16 0 1
71807 16 27 0
71807 16 28 2
71872 16 0 2
71882 16 0 1
71916 16 23 2
71917 16 27 2
71925 16 2 0
71977 16 0 1
71996 16 0 2
72032 16 2 2
72042 16 0 1
72044 16 11 0
72092 16 0 1
72126 16 11 2
72134 16 7 0
72136 16 60 2
72168 16 0 1
72232 16 0 2
72245 16 0 1
72247 16 17 2
72280 16 0 2
72357 16 2 2
72363 16 0 1
72414 16 0 2
72467 16 7 2
72564 16 0 2
72577 16 6 2
72578 16 0 1
72654 16 7 2
72657 16 0 1
72668 16 0 2
72674 16 3 0
72687 16 20 2
72744 16 0 2
72754 16 0 1
72766 16 3 2
72797 16 13 2
72869 16 0 2
72874 16 6 0
72884 16 0 1
72907 16 25 2
72952 16 0 2
72957 16 0 1
73017 16 39 2
73039 16 0 1
73105 16 0 1
73114 16 0 2
73127 16 57 2
73194 16 6 2
73199 16 0 2
73214 16 9 0
73218 16 0 1
73236 16 0 2
73277 16 0 2
73347 16 21 2
73410 16 0 1
73411 16 0 2
73467 16 54 2
73509 16 0 1
73562 16 0 1
73573 16 0 2
73577 16 14 2
73658 16 0 2
73687 16 15 2
73696 16 9 2
73706 16 0 1
73776 16 0 2
73797 16 12 2
73811 16 0 1
73862 16 0 2
73868 16 8 0
73907 16 8 2
73940 16 0 2
74017 16 47 2
74024 16 0 1
74086 16 0 1
74123 16 0 2
74127 16 31 2
74215 16 0 2
74228 16 0 1
74237 16 9 2
74278 16 0 2
74295 16 0 1
74347 16 45 2
74436 16 0 2
74445 16 0 1
74457 16 30 2
74538 16 0 2
74566 16 44 2
74578 16 0 1
74646 16 0 2
74677 16 1 2
74689 16 0 1
74726 16 0 2
74756 16 0 1
74786 16 8 2
74798 16 11 0
74807 16 59 2
74880 16 11 2
74889 16 0 1
74897 16 0 2
74900 16 12 0
74917 16 10 2
74961 16 0 1
74966 16 0 2
75027 16 56 2
75028 16 12 2
75052 16 16 0
75061 16 0 1
75091 16 0 2
75137 16 42 2
75177 16 0 1
75202 16 0 2
75247 16 53 2
75325 16 0 1
75345 16 0 2
75357 16 32 2
75398 16 0 2
75467 16 36 2
75505 16 0 1
75540 16 0 2
75577 16 5 2
75637 16 0 1
75658 16 0 2
75687 16 16 2
75702 16 16 2
75710 16 13 0
75711 16 0 2
75720 16 0 1
75797 16 41 2
75813 16 13 2
75853 16 0 2
75861 16 2 0
75907 16 52 2
75935 16 0 1
75996 16 0 2
76017 16 40 2
76026 16 2 2
76062 16 14 0
76066 16 0 2
76088 16 0 1
76127 16 38 2
76160 16 14 2
76161 16 0 1
76164 16 17 0
76216 16 0 2
76237 16 24 2
76259 16 0 1
76269 16 0 2
76347 16 63 2
76370 16 0 1
76457 16 22 2
76469 16 0 2
76471 16 0 1
76530 16 0 2
76567 16 33 2
76612 16 0 1
76616 16 0 2
76677 16 35 2
76721 16 17 2
76724 16 0 1
76729 16 15 0
76743 16 0 2
76787 16 61 2
76809 16 0 1
76837 16 15 2
76857 16 18 0
76878 16 0 1
76894 16 0 2
76897 16 37 2
76977 16 0 2
77007 16 48 2
77040 16 0 1
77064 16 0 2
77117 16 34 2
77145 16 0 1
77174 16 0 2
77211 16 18 2
77227 16 27 2
77235 16 4 0
77284 16 0 2
77288 16 0 1
77337 16 19 2
77347 16 4 2
77378 16 0 1
77386 16 0 2
77387 16 40 0
77447 16 58 2
77456 16 0 1
77528 16 0 2
77557 16 49 2
77594 16 0 1
77622 16 0 2
77667 16 55 2
77724 16 0 1
77777 16 51 2
77780 16 0 2
77858 16 0 2
77887 16 3 2
77937 16 0 1
77952 16 0 2
77997 16 46 2
78027 16 0 1
78095 16 0 2
78098 16 0 1
78107 16 50 2
78162 16 40 2
78166 16 38 0
78166 16 38 0
78180 16 0 2
78247 16 62 2
78248 16 38 2
78284 16 38 2
78292 16 27 0
78357 16 43 2
78360 16 0 2
78390 16 27 2
78410 16 35 0
78430 16 0 2
78467 16 26 2
78500 16 35 2
78516 16 0 2
78556 16 28 0
78658 16 28 2
78726 16 3 0
78801 16 3 2
78805 16 46 0
79125 16 46 2
79145 16 4 0
79227 16 4 2
79259 16 0 0
79487 16 0 2
79491 16 29 0
79602 16 29 2
79746 16 47 0
80228 16 47 2
80300 16 30 0
80410 16 30 2
80762 16 31 0
80956 16 31 2
80960 16 44 0
81068 16 44 2
81076 16 43 0
81348 16 43 2
81480 16 32 0
81793 16 32 2
81865 16 33 0
81996 16 33 2
82044 16 33 0
82150 16 33 2
82158 16 27 0
82250 16 27 2
82354 16 54 0
83765 16 54 2
83777 16 28 0
83869 16 28 2
83885 16 15 0
84176 16 15 2
84184 16 56 0
85063 16 0 1
85237 16 52 2
85327 16 0 2
86205 16 56 2
86221 16 16 0
86230 16 0 1
86407 16 16 2
86422 16 16 2
86431 16 0 2
86499 16 0 1
86522 16 41 0
86633 16 41 2
86677 16 34 2
86681 16 61 0
86734 16 0 2
86914 16 61 2
86918 16 39 0
87062 16 39 2
87074 16 7 0
87189 16 7 2
87249 16 8 0
87366 16 8 2
87398 16 63 0
88088 16 63 2
88196 16 0 0
88282 16 0 2
88310 16 57 0
88531 16 57 2
88599 16 58 0
88991 16 58 2
89075 16 46 0
89201 16 46 2
89213 16 59 0
89435 16 59 2
89467 16 32 0
89742 16 32 2
89750 16 50 0
90011 16 50 2
90087 16 60 0
90295 16 60 2
90303 16 62 0
91454 16 62 2
91458 16 3 0
91544 16 3 2
91556 16 5 0
91710 16 5 2
91738 16 17 0
91888 16 17 2
91908 16 6 0
92014 16 6 2
92106 16 11 0
92406 16 11 2
92414 16 10 0
92489 16 10 2
92509 16 11 0
92594 16 11 2
92602 16 6 0
92699 16 6 2
92735 16 36 0
93285 16 36 2
93345 16 12 0
93427 16 12 2
93435 16 0 0
93653 16 0 2
93777 16 15 0
93777 16 15 0
93859 16 15 2
93923 16 15 2
94043 16 7 0
94191 16 7 2
94207 16 0 0
94772 16 0 2
94784 16 14 0
94914 16 14 2
95110 16 61 0
95722 16 0 2
96651 16 61 2
96723 16 54 0
97043 16 54 2
97075 16 55 0
97389 16 55 2
97617 16 40 0
97703 16 40 2
97731 16 49 0
97879 16 49 2
97891 16 51 0
98187 16 51 2
98207 16 37 0
98403 16 37 2
98407 16 20 0
98508 16 20 2
98524 16 3 0
98854 16 3 2
98946 16 21 0
99056 16 21 2
99064 16 56 0
100246 16 56 2
100266 16 57 0
100404 16 57 2
100492 16 58 0
100614 16 58 2
100694 16 59 0
100816 16 59 2
100840 16 63 0
101806 16 63 2
101890 16 33 0
102008 16 33 2
116820 16 0 1
117017 16 2 2
117074 16 0 2
126489 16 0 1
126668 16 37 2
126750 16 0 2
127133 16 0 1
127239 16 0 1
127308 16 63 2
127416 16 0 1
127418 16 38 2
127431 16 0 2
127508 16 0 2
127588 16 43 2
127633 16 0 1
127662 16 0 2
127734 16 0 1
127808 16 58 2
127821 16 0 1
127890 16 0 2
127918 16 49 2
127931 16 0 1
127984 16 0 2
128028 16 26 2
128033 16 0 1
128078 16 0 2
128138 16 30 2
128220 16 0 2
128248 16 10 2
128298 16 0 2
133512 16 0 1
133687 16 2 2
133744 16 0 2
136685 16 0 1
136877 16 2 2
136934 16 0 2
153505 16 0 1
153677 16 2 2
153734 16 0 2
161097 16 0 1
161267 16 2 2
161324 16 0 2
175639 16 0 1
175817 16 2 2
175874 16 0 2
176285 16 2 0
176286 16 0 1
176457 16 2 2
176514 16 0 2
203123 16 63 2
208719 16 2 0
208720 16 0 1
208897 16 2 2
208954 16 0 2
315127 16 0 1
315307 16 2 2
315364 16 0 2
315571 16 2 0
315572 16 0 1
315747 16 2 2
315791 16 0 1
315804 16 0 2
315968 16 0 2
316010 16 0 2
327709 16 0 1
327887 16 2 2
327944 16 0 2
332067 16 2 0
332068 16 0 1
332247 16 2 2
332304 16 0 2
361237 16 2 0
361238 16 0 1
361417 16 2 2
361474 16 0 2
363112 16 2 0
363113 16 2 2
373494 16 2 0
373495 16 4 0
379440 16 2 0
379441 16 0 1
379627 16 2 2
379684 16 0 2
393565 16 0 1
393566 16 2 0
393737 16 2 2
393794 16 0 2
420275 16 2 0
420276 16 0 1
420447 16 2 2
420504 16 0 2
422322 16 2 0
422323 16 0 1
422497 16 2 2
422554 16 0 2
522838 16 2 0
522839 16 2 2
596126 16 0 1
596303 16 2 2
596361 16 0 2
619576 16 2 0
619577 16 0 1
619753 16 2 2
619811 16 0 2
637835 16 2 0
637836 16 2 2
659356 16 0 1
659533 16 2 2
659591 16 0 2
682776 16 0 1
682953 16 2 2
683011 16 0 2
721182 16 0 1
721355 16 2 2
721413 16 0 2
744492 16 2 0
744493 16 0 1
744665 16 2 2
744723 16 0 2
783586 16 2 0
783587 16 0 1
783763 16 2 2
783821 16 0 2
806946 16 0 1
807123 16 2 2
807181 16 0 2
828392 16 2 0
828393 16 0 1
828572 16 2 2
828629 16 0 2
842706 16 2 0
842707 16 0 1
842883 16 2 2
842941 16 0 2
866046 16 2 0
866047 16 0 1
866223 16 2 2
866281 16 0 2
915256 16 2 0
915257 16 0 1
915428 16 2 2
915486 16 0 2
938586 16 2 0
938587 16 0 1
938758 16 2 2
938816 16 0 2
972096 16 2 0
972097 16 0 1
972275 16 2 2
972333 16 0 2
995436 16 2 0
995437 16 0 1
995615 16 2 2
995673 16 0 2
1018968 16 15 0
1018968 16 15 0
1021144 16 15 2
1023034 16 15 2
1023594 16 38 0
1023594 16 38 0
1023686 16 38 2
1024347 16 38 2
1025799 16 7 0
1026001 16 7 2
1026433 16 2 0
1028162 16 2 2
1028163 16 2 0
1029948 16 2 2
1029984 16 25 0
1030206 16 25 2
1030222 16 31 0
1030363 16 31 2
1030399 16 33 0
1030530 16 33 2
1030534 16 36 0
1030663 16 36 2
1030671 16 4 0
1030817 16 4 2
1030909 16 5 0
1031054 16 5 2
1031086 16 34 0
1031216 16 34 2
1031236 16 35 0
1031366 16 35 2
1031390 16 32 0
1031580 16 32 2
1031944 16 38 0
1031944 16 38 0
1032026 16 38 2
1032034 16 38 2
1034878 16 9 0
1034976 16 9 2
1035008 16 8 0
1035108 16 8 2
1035136 16 47 0
1035419 16 47 2
1035863 16 48 0
1036131 16 48 2
1036707 16 49 0
1037030 16 49 2
1037606 16 50 0
1037872 16 50 2
1038448 16 51 0
1038735 16 51 2
1039311 16 52 0
1039644 16 52 2
1040220 16 53 0
1040540 16 53 2
1041116 16 54 0
1041443 16 54 2
1042019 16 55 0
1042301 16 55 2
1042877 16 56 0
1043159 16 56 2
1043735 16 57 0
1044078 16 57 2
1044654 16 58 0
1044912 16 58 2
1045488 16 59 0
1045781 16 59 2
1046357 16 60 0
1046702 16 60 2
1047278 16 61 0
1047628 16 61 2
1048204 16 62 0
1048526 16 62 2
1049102 16 63 0
1049400 16 63 2
1049976 16 0 0
1049976 16 0 0
1050010 16 0 2
1050179 16 0 2
1050447 16 2 0
1050553 16 2 2
1050609 16 3 0
1050715 16 3 2
1050719 16 7 0
1051034 16 7 2
1051122 16 4 0
1051122 16 4 0
1051188 16 4 2
1051260 16 4 2
1051648 16 1 0
1051908 16 1 2
1052484 16 2 0
1052536 16 10 2
1052691 16 10 2
1052778 16 2 2
1052910 16 10 2
1053354 16 3 0
1053718 16 3 2
1054294 16 4 0
1054567 16 4 2
1055143 16 5 0
1055397 16 5 2
1055973 16 6 0
1056294 16 0 1
1056340 16 6 2
1056483 16 62 2
1056566 16 0 1
1056597 16 0 2
1056693 16 0 1
1056753 16 59 2
1056843 16 0 2
1056883 16 15 2
1056916 16 7 0
1056973 16 0 2
1057227 16 7 2
1057288 16 0 1
1057463 16 47 2
1057564 16 0 1
1057569 16 0 2
1057645 16 0 1
1057753 16 60 2
1057803 16 8 0
1057840 16 0 1
1057851 16 0 2
1057863 16 14 2
1057945 16 0 2
1058010 16 8 2
1058033 16 39 2
1058131 16 0 2
1058404 16 0 1
1058475 16 0 1
1058583 16 56 2
1058586 16 9 0
1058616 16 0 1
1058649 16 0 2
1058693 16 22 2
1058711 16 0 1
1058767 16 0 2
1058803 16 53 2
1058805 16 0 1
1058848 16 9 2
1058902 16 0 2
1058913 16 34 2
1058945 16 0 1
1058971 16 0 2
1059033 16 12 2
1059042 16 0 1
1059099 16 0 2
1059143 16 52 2
1059144 16 0 1
1059232 16 0 2
1059253 16 24 2
1059262 16 0 1
1059287 16 0 2
1059363 16 8 2
1059373 16 0 1
1059397 16 0 2
1059424 16 10 0
1059473 16 29 2
1059474 16 0 1
1059546 16 0 2
1059583 16 1 2
1059584 16 0 1
1059632 16 0 2
1059693 16 0 1
1059693 16 18 2
1059710 16 10 2
1059738 16 0 2
1059803 16 21 2
1059870 16 0 2
1059913 16 23 2
1059999 16 0 2
1060176 16 0 1
1060254 16 0 1
1060286 16 11 0
1060286 16 11 0
1060336 16 11 2
1060363 16 50 2
1060380 16 0 1
1060437 16 0 2
1060473 16 20 2
1060482 16 0 1
1060531 16 0 2
1060584 16 32 2
1060585 16 0 1
1060590 16 11 2
1060625 16 0 2
1060693 16 25 2
1060694 16 0 1
1060734 16 0 2
1060803 16 13 2
1060878 16 0 2
1060913 16 11 2
1060971 16 0 2
1061007 16 0 1
1061166 16 12 0
1061203 16 54 2
1061234 16 0 1
1061308 16 0 2
1061312 16 0 1
1061414 16 0 1
1061423 16 61 2
1061453 16 12 2
1061529 16 0 2
1061533 16 0 1
1061533 16 6 2
1061624 16 0 2
1061643 16 19 2
1061650 16 0 1
1061694 16 0 2
1061753 16 5 2
1061768 16 0 1
1061834 16 0 2
1061863 16 35 2
1061929 16 0 2
1061973 16 42 2
1062029 16 13 0
1062039 16 0 2
1062078 16 0 1
1062171 16 0 1
1062253 16 40 2
1062302 16 0 1
1062303 16 0 2
1062318 16 13 2
1062363 16 31 2
1062392 16 0 1
1062453 16 0 2
1062473 16 46 2
1062570 16 0 2
1062583 16 7 2
1062681 16 0 2
1062894 16 14 0
1062916 16 0 1
1063103 16 55 2
1063217 16 0 2
1063254 16 0 1
1063262 16 14 2
1063332 16 0 1
1063433 16 57 2
1063434 16 0 1
1063506 16 0 2
1063543 16 3 2
1063579 16 0 1
1063609 16 0 2
1063653 16 17 2
1063687 16 0 2
1063688 16 0 1
1063763 16 45 2
1063798 16 0 1
1063838 16 15 0
1063853 16 0 2
1063873 16 44 2
1063915 16 0 1
1063955 16 0 2
1063983 16 41 2
1063994 16 0 1
1064040 16 0 2
1064093 16 48 2
1064120 16 0 1
1064151 16 0 2
1064189 16 15 2
1064203 16 9 2
1064244 16 0 2
1064246 16 0 1
1064313 16 33 2
1064332 16 0 1
1064363 16 0 2
1064423 16 51 2
1064443 16 0 1
1064504 16 0 2
1064533 16 27 2
1064570 16 0 1
1064591 16 0 2
1064642 16 4 2
1064672 16 0 1
1064716 16 0 2
1064763 16 36 2
1064765 16 16 0
1064774 16 0 1
1064837 16 0 2
1064873 16 28 2
1064939 16 0 2
1064983 16 16 2
1064999 16 16 2
1065008 16 0 2
1065575 16 17 0
1065907 16 17 2
1066483 16 18 0
1066872 16 18 2
1067448 16 19 0
1067753 16 19 2
1068329 16 20 0
1068602 16 20 2
1068642 16 2 0
1068643 16 0 1
1068823 16 2 2
1068881 16 0 2
1069178 16 21 0
1069449 16 21 2
1070025 16 22 0
1070363 16 22 2
1070939 16 23 0
1071231 16 23 2
1071807 16 24 0
1072048 16 24 2
1072624 16 25 0
1072936 16 25 2
1073512 16 26 0
1073792 16 26 2
1074368 16 27 0
1074672 16 27 2
1075248 16 28 0
1075600 16 28 2
1076176 16 29 0
1076456 16 29 2
1077032 16 30 0
1077394 16 30 2
1077970 16 31 0
1078251 16 31 2
1078827 16 32 0
1079146 16 32 2
1079722 16 33 0
1080044 16 33 2
1080620 16 34 0
1080932 16 34 2
1081508 16 35 0
1081801 16 35 2
1082377 16 36 0
1082678 16 36 2
1083254 16 37 0
1083544 16 37 2
1084120 16 38 0
1084494 16 38 2
1085070 16 39 0
1085371 16 39 2
1085947 16 40 0
1086204 16 40 2
1086780 16 41 0
1087092 16 41 2
1087668 16 42 0
1087972 16 42 2
1088548 16 43 0
1088841 16 43 2
1089417 16 44 0
1089726 16 44 2
1090302 16 45 0
1090612 16 45 2
1091188 16 46 0
1091519 16 46 2
1102223 16 8 0
1102420 16 8 2
1137696 16 31 0
1137833 16 31 2
1137877 16 35 0
1138197 16 35 2
1138257 16 32 0
1138516 16 32 2
1138572 16 46 0
1138669 16 46 2
1138701 16 12 0
1138766 16 12 2
1138778 16 33 0
1139076 16 33 2
1139168 16 34 0
1139378 16 34 2
1139410 16 1 0
1139410 16 1 0
1139452 16 1 2
1139517 16 1 2
1139561 16 32 0
1139852 16 32 2
1139860 16 35 0
1139916 16 15 2
1139990 16 35 2
1139994 16 60 0
1140116 16 60 2
1140132 16 61 0
1140267 16 61 2
1140327 16 48 0
1140360 16 15 2
1140469 16 48 2
1140509 16 49 0
1140639 16 49 2
1140675 16 36 0
1140675 16 36 0
1140742 16 36 2
1140824 16 36 2
1140888 16 37 0
1140888 16 37 0
1140962 16 37 2
1141030 16 37 2
1141078 16 58 0
1141078 16 58 0
1141152 16 58 2
1141411 16 58 2
1141423 16 31 0
1141700 16 31 2
1141712 16 30 0
1142036 16 30 2
1142044 16 59 0
1142044 16 59 0
1142128 16 59 2
1142181 16 59 2
1142233 16 34 0
1142490 16 14 2
1142494 16 34 2
1142534 16 0 0
1142745 16 0 2
1142753 16 33 0
1142832 16 14 2
1143042 16 33 2
1143058 16 60 0
1143197 16 60 2
1143217 16 32 0
1143454 16 32 2
1143530 16 61 0
1143698 16 61 2
1143822 16 62 0
1143952 16 62 2
1144040 16 12 0
1144181 16 12 2
1144193 16 39 0
1144329 16 39 2
1144341 16 13 0
1144500 16 13 2
1144504 16 48 0
1144640 16 48 2
1144652 16 59 0
1144782 16 59 2
1144810 16 54 0
1144810 16 54 0
1144908 16 54 2
1144941 16 54 2
1144981 16 55 0
1145122 16 55 2
1145146 16 56 0
1145276 16 56 2
1145304 16 57 0
1145435 16 57 2
1145499 16 58 0
1145629 16 58 2
1145665 16 49 0
1145796 16 49 2
1145836 16 63 0
1145966 16 63 2
1146014 16 15 0
1146154 16 15 2
1146170 16 44 0
1146300 16 44 2
1146320 16 45 0
1146450 16 45 2
1146698 16 0 0
1146917 16 0 2
1146984 16 12 2
1147009 16 1 0
1147155 16 1 2
1147255 16 2 0
1147317 16 12 2
1147401 16 2 2
1147409 16 47 0
1147514 16 47 2
1147526 16 41 0
1147616 16 41 2
1147688 16 3 0
1147834 16 3 2
1148094 16 5 0
1148240 16 5 2
1148288 16 6 0
1148313 16 13 2
1148435 16 6 2
1148523 16 7 0
1148647 16 13 2
1148668 16 7 2
1148776 16 8 0
1148944 16 8 2
1149000 16 1 0
1149058 16 1 2
1149506 16 46 0
1149612 16 46 2
1149620 16 4 0
1149766 16 4 2
1149790 16 47 0
1149895 16 47 2
1150039 16 12 0
1150123 16 12 2
1150487 16 10 0
1150585 16 10 2
1150705 16 1 0
1150705 16 1 0
1150779 16 1 2
1150840 16 1 2
1151288 16 46 0
1151384 16 46 2
1151416 16 47 0
1151416 16 47 0
1151426 16 11 2
1151514 16 47 2
1151522 16 47 2
1151666 16 12 0
1151666 16 12 0
1151724 16 12 2
1151733 16 12 2
1151767 16 11 2
1152217 16 1 0
1152265 16 1 2
1152713 16 46 0
1152713 16 46 0
1152803 16 46 2
1152811 16 46 2
1152843 16 47 0
1152948 16 47 2
1153092 16 12 0
1153157 16 12 2
1153641 16 1 0
1153641 16 1 0
1153693 16 1 2
1153711 16 1 2
1154159 16 46 0
1154159 16 46 0
1154249 16 46 2
1154256 16 46 2
1154288 16 47 0
1154288 16 47 0
1154386 16 47 2
1154395 16 47 2
1154539 16 12 0
1154539 16 12 0
1154597 16 12 2
1154605 16 12 2
1155089 16 1 0
1155089 16 1 0
1155131 16 1 2
1155200 16 1 2
1155648 16 46 0
1155648 16 46 0
1155738 16 46 2
1155746 16 46 2
1155778 16 47 0
1155778 16 47 0
1155876 16 47 2
1155898 16 47 2
1156042 16 12 0
1156042 16 12 0
1156100 16 12 2
1156108 16 12 2
1156592 16 1 0
1156592 16 1 0
1156634 16 1 2
1156702 16 1 2
1157150 16 46 0
1157150 16 46 0
1157240 16 46 2
1157256 16 46 2
1157288 16 47 0
1157288 16 47 0
1157386 16 47 2
1157403 16 47 2
1157547 16 12 0
1157547 16 12 0
1157606 16 12 2
1157629 16 12 2
1158113 16 1 0
1158113 16 1 0
1158158 16 1 2
1158191 16 1 2
1158639 16 46 0
1158639 16 46 0
1158730 16 46 2
1158748 16 46 2
1158780 16 47 0
1158780 16 47 0
1158878 16 47 2
1158896 16 47 2
1159040 16 12 0
1159040 16 12 0
1159098 16 12 2
1159124 16 12 2
1159608 16 1 0
1159608 16 1 0
1159650 16 1 2
1159659 16 1 2
1160091 16 10 0
1160173 16 10 2
1160189 16 46 0
1160189 16 46 0
1160300 16 46 2
1160332 16 47 0
1160332 16 47 0
1160381 16 46 2
1160448 16 47 2
1160541 16 47 2
1160592 16 12 0
1160592 16 12 0
1160675 16 12 2
1160690 16 12 2
1161159 16 1 0
1161159 16 1 0
1161201 16 1 2
1161236 16 1 2
1161684 16 46 0
1161684 16 46 0
1161794 16 46 2
1161814 16 46 2
1161826 16 47 0
1161826 16 47 0
1161945 16 47 2
1161964 16 47 2
1162089 16 12 0
1162089 16 12 0
1162147 16 12 2
1162172 16 12 2
1162656 16 1 0
1162656 16 1 0
1162698 16 1 2
1162705 16 1 2
1163153 16 46 0
1163153 16 46 0
1163245 16 46 2
1163260 16 46 2
1163292 16 47 0
1163292 16 47 0
1163408 16 47 2
1163410 16 47 2
1163552 16 12 0
1163552 16 12 0
1163611 16 12 2
1163652 16 12 2
1164136 16 1 0
1164136 16 1 0
1164178 16 1 2
1164186 16 1 2
1164634 16 46 0
1164634 16 46 0
1164741 16 46 2
1164744 16 46 2
1164773 16 47 0
1164773 16 47 0
1164888 16 47 2
1164911 16 47 2
1165032 16 12 0
1165032 16 12 0
1165090 16 12 2
1165132 16 12 2
1165616 16 1 0
1165616 16 1 0
1165658 16 1 2
1165665 16 1 2
1166113 16 46 0
1166113 16 46 0
1166219 16 46 2
1166251 16 47 0
1166251 16 47 0
1166304 16 46 2
1166366 16 47 2
1166469 16 47 2
1166510 16 12 0
1166510 16 12 0
1166609 16 12 2
1166648 16 12 2
1167093 16 1 0
1167093 16 1 0
1167185 16 1 2
1167200 16 1 2
1167648 16 46 0
1167648 16 46 0
1167755 16 46 2
1167787 16 47 0
1167787 16 47 0
1167808 16 46 2
1167902 16 47 2
1167975 16 47 2
1168046 16 12 0
1168046 16 12 0
1168145 16 12 2
1168155 16 12 2
1168629 16 1 0
1168629 16 1 0
1168671 16 1 2
1168679 16 1 2
1169127 16 46 0
1169127 16 46 0
1169224 16 46 2
1169256 16 47 0
1169256 16 47 0
1169288 16 46 2
1169363 16 47 2
1169444 16 47 2
1169507 16 12 0
1169507 16 12 0
1169573 16 12 2
1169645 16 12 2
1170057 16 1 0
1170057 16 1 0
1170099 16 1 2
1170106 16 1 2
1170554 16 46 0
1170554 16 46 0
1170644 16 46 2
1170652 16 46 2
1170684 16 47 0
1170684 16 47 0
1170782 16 47 2
1170792 16 47 2
1170936 16 12 0
1170936 16 12 0
1170994 16 12 2
1171002 16 12 2
1171486 16 1 0
1171486 16 1 0
1171528 16 1 2
1171535 16 1 2
1171967 16 11 0
1171967 16 11 0
1172018 16 11 2
1172081 16 11 2
1172097 16 46 0
1172097 16 46 0
1172187 16 46 2
1172197 16 46 2
1172229 16 47 0
1172229 16 47 0
1172327 16 47 2
1172335 16 47 2
1172479 16 12 0
1172479 16 12 0
1172537 16 12 2
1172545 16 12 2
1173029 16 1 0
1173029 16 1 0
1173071 16 1 2
1173079 16 1 2
1173527 16 46 0
1173527 16 46 0
1173617 16 46 2
1173625 16 46 2
1173657 16 47 0
1173657 16 47 0
1173755 16 47 2
1173763 16 47 2
1173907 16 12 0
1173907 16 12 0
1173965 16 12 2
1173972 16 12 2
1174456 16 1 0
1174456 16 1 0
1174499 16 1 2
1174504 16 1 2
1174952 16 46 0
1174952 16 46 0
1175042 16 46 2
1175059 16 46 2
1175091 16 47 0
1175091 16 47 0
1175189 16 47 2
1175206 16 47 2
1175350 16 12 0
1175350 16 12 0
1175408 16 12 2
1175458 16 12 2
1175942 16 1 0
1175942 16 1 0
1175984 16 1 2
1176057 16 1 2
1176505 16 46 0
1176505 16 46 0
1176595 16 46 2
1176613 16 46 2
1176645 16 47 0
1176645 16 47 0
1176743 16 47 2
1176760 16 47 2
1176904 16 12 0
1176904 16 12 0
1176962 16 12 2
1177011 16 12 2
1177495 16 1 0
1177495 16 1 0
1177539 16 1 2
1177543 16 1 2
1177991 16 46 0
1177991 16 46 0
1178081 16 46 2
1178089 16 46 2
1178121 16 47 0
1178121 16 47 0
1178219 16 47 2
1178227 16 47 2
1178371 16 12 0
1178371 16 12 0
1178429 16 12 2
1178477 16 12 2
1178961 16 1 0
1178961 16 1 0
1179003 16 1 2
1179013 16 1 2
1179461 16 46 0
1179461 16 46 0
1179551 16 46 2
1179559 16 46 2
1179591 16 47 0
1179591 16 47 0
1179689 16 47 2
1179700 16 47 2
1179844 16 12 0
1179844 16 12 0
1179902 16 12 2
1179910 16 12 2
1180394 16 1 0
1180394 16 1 0
1180437 16 1 2
1180442 16 1 2
1180890 16 46 0
1180890 16 46 0
1180980 16 46 2
1180994 16 46 2
1181026 16 47 0
1181026 16 47 0
1181124 16 47 2
1181132 16 47 2
1181276 16 12 0
1181276 16 12 0
1181334 16 12 2
1181342 16 12 2
1181826 16 1 0
1181826 16 1 0
1181870 16 1 2
1181884 16 1 2
1182332 16 46 0
1182332 16 46 0
1182422 16 46 2
1182439 16 46 2
1182471 16 47 0
1182471 16 47 0
1182569 16 47 2
1182586 16 47 2
1182730 16 12 0
1182730 16 12 0
1182788 16 12 2
1182829 16 12 2
1183313 16 1 0
1183313 16 1 0
1183357 16 1 2
1183362 16 1 2
1183794 16 12 0
1183794 16 12 0
1183852 16 12 2
1183860 16 12 2
1183876 16 46 0
1183876 16 46 0
1183966 16 46 2
1183984 16 46 2
1184016 16 47 0
1184016 16 47 0
1184114 16 47 2
1184130 16 47 2
1184274 16 12 0
1184274 16 12 0
1184332 16 12 2
1184342 16 12 2
1184826 16 1 0
1184826 16 1 0
1184868 16 1 2
1184925 16 1 2
1185373 16 46 0
1185373 16 46 0
1185464 16 46 2
1185489 16 46 2
1185521 16 47 0
1185521 16 47 0
1185619 16 47 2
1185635 16 47 2
1185779 16 12 0
1185779 16 12 0
1185838 16 12 2
1185877 16 12 2
1186361 16 1 0
1186361 16 1 0
1186403 16 1 2
1186460 16 1 2
1186908 16 46 0
1186908 16 46 0
1186998 16 46 2
1187016 16 46 2
1187048 16 47 0
1187048 16 47 0
1187146 16 47 2
1187163 16 47 2
1187307 16 12 0
1187307 16 12 0
1187367 16 12 2
1187408 16 12 2
1187892 16 1 0
1187892 16 1 0
1187934 16 1 2
1187942 16 1 2
1188390 16 46 0
1188390 16 46 0
1188480 16 46 2
1188492 16 46 2
1188524 16 47 0
1188524 16 47 0
1188622 16 47 2
1188629 16 47 2
1188773 16 12 0
1188773 16 12 0
1188832 16 12 2
1188837 16 12 2
1189321 16 1 0
1189321 16 1 0
1189363 16 1 2
1189374 16 1 2
1189822 16 46 0
1189822 16 46 0
1189912 16 46 2
1189919 16 46 2
1189951 16 47 0
1189951 16 47 0
1190049 16 47 2
1190057 16 47 2
1190201 16 12 0
1190201 16 12 0
1190259 16 12 2
1190267 16 12 2
1190751 16 1 0
1190751 16 1 0
1190793 16 1 2
1190801 16 1 2
1191249 16 46 0
1191249 16 46 0
1191339 16 46 2
1191365 16 46 2
1191397 16 47 0
1191397 16 47 0
1191495 16 47 2
1191520 16 47 2
1191664 16 12 0
1191664 16 12 0
1191723 16 12 2
1191770 16 12 2
1192254 16 1 0
1192254 16 1 0
1192297 16 1 2
1192302 16 1 2
1192750 16 46 0
1192750 16 46 0
1192840 16 46 2
1192865 16 46 2
1192897 16 47 0
1192897 16 47 0
1192995 16 47 2
1193020 16 47 2
1193164 16 12 0
1193164 16 12 0
1193222 16 12 2
1193231 16 12 2
1193715 16 1 0
1193715 16 1 0
1193757 16 1 2
1193767 16 1 2
1194215 16 46 0
1194215 16 46 0
1194305 16 46 2
1194314 16 46 2
1194346 16 47 0
1194346 16 47 0
1194444 16 47 2
1194469 16 47 2
1194613 16 12 0
1194613 16 12 0
1194677 16 12 2
1194683 16 12 2
1195161 16 1 0
1195161 16 1 0
1195207 16 1 2
1195257 16 1 2
1195689 16 13 0
1195811 16 13 2
1195827 16 46 0
1195827 16 46 0
1195917 16 46 2
1195931 16 46 2
1195963 16 47 0
1195963 16 47 0
1196061 16 47 2
1196087 16 47 2
1196231 16 12 0
1196231 16 12 0
1196289 16 12 2
1196301 16 12 2
1196785 16 1 0
1196785 16 1 0
1196827 16 1 2
1196834 16 1 2
1197282 16 46 0
1197282 16 46 0
1197372 16 46 2
1197380 16 46 2
1197412 16 47 0
1197412 16 47 0
1197510 16 47 2
1197518 16 47 2
1197662 16 12 0
1197662 16 12 0
1197721 16 12 2
1197728 16 12 2
1198212 16 1 0
1198212 16 1 0
1198254 16 1 2
1198261 16 1 2
1198709 16 46 0
1198709 16 46 0
1198799 16 46 2
1198806 16 46 2
1198838 16 47 0
1198838 16 47 0
1198936 16 47 2
1198946 16 47 2
1199090 16 12 0
1199090 16 12 0
1199148 16 12 2
1199155 16 12 2
1199639 16 1 0
1199639 16 1 0
1199681 16 1 2
1199689 16 1 2
1200137 16 46 0
1200137 16 46 0
1200228 16 46 2
1200235 16 46 2
1200267 16 47 0
1200267 16 47 0
1200365 16 47 2
1200373 16 47 2
1200517 16 12 0
1200517 16 12 0
1200575 16 12 2
1200583 16 12 2
1201067 16 1 0
1201067 16 1 0
1201109 16 1 2
1201117 16 1 2
1201565 16 46 0
1201565 16 46 0
1201655 16 46 2
1201663 16 46 2
1201695 16 47 0
1201695 16 47 0
1201793 16 47 2
1201801 16 47 2
1201945 16 12 0
1201945 16 12 0
1202003 16 12 2
1202011 16 12 2
1202495 16 1 0
1202495 16 1 0
1202537 16 1 2
1202549 16 1 2
1202997 16 46 0
1202997 16 46 0
1203087 16 46 2
1203094 16 46 2
1203126 16 47 0
1203126 16 47 0
1203224 16 47 2
1203232 16 47 2
1203376 16 12 0
1203376 16 12 0
1203434 16 12 2
1203441 16 12 2
1203925 16 1 0
1203925 16 1 0
1203967 16 1 2
1203975 16 1 2
1204423 16 46 0
1204423 16 46 0
1204514 16 46 2
1204521 16 46 2
1204553 16 47 0
1204553 16 47 0
1204651 16 47 2
1204659 16 47 2
1204803 16 12 0
1204803 16 12 0
1204861 16 12 2
1204869 16 12 2
1205353 16 1 0
1205353 16 1 0
1205395 16 1 2
1205403 16 1 2
1205851 16 46 0
1205851 16 46 0
1205941 16 46 2
1205948 16 46 2
1205980 16 47 0
1205980 16 47 0
1206078 16 47 2
1206085 16 47 2
1206229 16 12 0
1206229 16 12 0
1206287 16 12 2
1206294 16 12 2
1206778 16 1 0
1206778 16 1 0
1206820 16 1 2
1206828 16 1 2
1207260 16 14 0
1207390 16 14 2
1207406 16 46 0
1207406 16 46 0
1207496 16 46 2
1207503 16 46 2
1207535 16 47 0
1207535 16 47 0
1207633 16 47 2
1207640 16 47 2
1207784 16 12 0
1207784 16 12 0
1207842 16 12 2
1207849 16 12 2
1208333 16 1 0
1208333 16 1 0
1208375 16 1 2
1208382 16 1 2
1208830 16 46 0
1208830 16 46 0
1208920 16 46 2
1208928 16 46 2
1208960 16 47 0
1208960 16 47 0
1209060 16 47 2
1209065 16 47 2
1209209 16 12 0
1209209 16 12 0
1209267 16 12 2
1209274 16 12 2
1209758 16 1 0
1209758 16 1 0
1209800 16 1 2
1209807 16 1 2
1210255 16 46 0
1210255 16 46 0
1210346 16 46 2
1210354 16 46 2
1210386 16 47 0
1210386 16 47 0
1210484 16 47 2
1210494 16 47 2
1210638 16 12 0
1210638 16 12 0
1210698 16 12 2
1210706 16 12 2
1211190 16 1 0
1211190 16 1 0
1211232 16 1 2
1211240 16 1 2
1211688 16 46 0
1211688 16 46 0
1211778 16 46 2
1211787 16 46 2
1211819 16 47 0
1211819 16 47 0
1211919 16 47 2
1211929 16 47 2
1212073 16 12 0
1212073 16 12 0
1212131 16 12 2
1212139 16 12 2
1212623 16 1 0
1212623 16 1 0
1212665 16 1 2
1212673 16 1 2
1213121 16 46 0
1213121 16 46 0
1213211 16 46 2
1213219 16 46 2
1213251 16 47 0
1213251 16 47 0
1213349 16 47 2
1213357 16 47 2
1213501 16 12 0
1213501 16 12 0
1213559 16 12 2
1213567 16 12 2
1214051 16 1 0
1214051 16 1 0
1214093 16 1 2
1214110 16 1 2
1214558 16 46 0
1214558 16 46 0
1214648 16 46 2
1214655 16 46 2
1214687 16 47 0
1214687 16 47 0
1214785 16 47 2
1214820 16 47 2
1214964 16 12 0
1214964 16 12 0
1215022 16 12 2
1215031 16 12 2
1215515 16 1 0
1215515 16 1 0
1215557 16 1 2
1215565 16 1 2
1216013 16 46 0
1216013 16 46 0
1216103 16 46 2
1216111 16 46 2
1216143 16 47 0
1216143 16 47 0
1216241 16 47 2
1216257 16 47 2
1216401 16 12 0
1216401 16 12 0
1216459 16 12 2
1216467 16 12 2
1216951 16 1 0
1216951 16 1 0
1216993 16 1 2
1217001 16 1 2
1217449 16 46 0
1217449 16 46 0
1217539 16 46 2
1217548 16 46 2
1217580 16 47 0
1217580 16 47 0
1217683 16 47 2
1217685 16 47 2
1217829 16 12 0
1217829 16 12 0
1217887 16 12 2
1217895 16 12 2
1218283 16 1 0
1218283 16 1 0
1218325 16 1 2
1218338 16 1 2
1218770 16 7 0
1218867 16 7 2
1218883 16 46 0
1218883 16 46 0
1218973 16 46 2
1218990 16 46 2
1219022 16 47 0
1219022 16 47 0
1219120 16 47 2
1219128 16 47 2
1219272 16 12 0
1219272 16 12 0
1219330 16 12 2
1219337 16 12 2
1219821 16 1 0
1219821 16 1 0
1219863 16 1 2
1219872 16 1 2
1220320 16 46 0
1220320 16 46 0
1220410 16 46 2
1220421 16 46 2
1220453 16 47 0
1220453 16 47 0
1220551 16 47 2
1220558 16 47 2
1220702 16 12 0
1220702 16 12 0
1220760 16 12 2
1220767 16 12 2
1221251 16 1 0
1221251 16 1 0
1221293 16 1 2
1221303 16 1 2
1221751 16 46 0
1221751 16 46 0
1221841 16 46 2
1221856 16 46 2
1221888 16 47 0
1221888 16 47 0
1221986 16 47 2
1221994 16 47 2
1222138 16 5 0
1222227 16 5 2
1222235 16 61 0
1222235 16 61 0
1222333 16 61 2
1222366 16 61 2
1222374 16 29 0
1222645 16 29 2
1222661 16 62 0
1222661 16 62 0
1222767 16 62 2
1222776 16 62 2
1223052 16 63 0
1223052 16 63 0
1223166 16 63 2
1223199 16 63 2
1223623 16 12 0
1223623 16 12 0
1223681 16 12 2
1223709 16 12 2
1223952 16 11 2
1224149 16 11 0
1224224 16 11 2
1224436 16 1 0
1224436 16 1 0
1224478 16 1 2
1224485 16 1 2
1224933 16 46 0
1224933 16 46 0
1225023 16 46 2
1225041 16 46 2
1225073 16 47 0
1225073 16 47 0
1225171 16 47 2
1225178 16 47 2
1225322 16 12 0
1225322 16 12 0
1225380 16 12 2
1225388 16 12 2
1225872 16 1 0
1225872 16 1 0
1225914 16 1 2
1225923 16 1 2
1226371 16 46 0
1226371 16 46 0
1226471 16 46 2
1226475 16 46 2
1226507 16 47 0
1226507 16 47 0
1226614 16 47 2
1226619 16 47 2
1226758 16 12 0
1226758 16 12 0
1226816 16 12 2
1226824 16 12 2
1227308 16 1 0
1227308 16 1 0
1227350 16 1 2
1227359 16 1 2
1227807 16 46 0
1227807 16 46 0
1227897 16 46 2
1227906 16 46 2
1227938 16 47 0
1227938 16 47 0
1228036 16 47 2
1228044 16 47 2
1228188 16 12 0
1228188 16 12 0
1228247 16 12 2
1228255 16 12 2
1228739 16 1 0
1228739 16 1 0
1228781 16 1 2
1228788 16 1 2
1229236 16 46 0
1229236 16 46 0
1229328 16 46 2
1229350 16 46 2
1229382 16 47 0
1229382 16 47 0
1229480 16 47 2
1229510 16 47 2
1229654 16 12 0
1229728 16 12 2
1230212 16 1 0
1230212 16 1 0
1230254 16 1 2
1230279 16 1 2
1230727 16 46 0
1230727 16 46 0
1230817 16 46 2
1230842 16 46 2
1230874 16 47 0
1230874 16 47 0
1230972 16 47 2
1230997 16 47 2
1231141 16 12 0
1231141 16 12 0
1231199 16 12 2
1231216 16 12 2
1231700 16 1 0
1231700 16 1 0
1231743 16 1 2
1231751 16 1 2
1232183 16 8 0
1232183 16 8 0
1232209 16 8 2
1232266 16 8 2
1232282 16 46 0
1232282 16 46 0
1232372 16 46 2
1232380 16 46 2
1232412 16 47 0
1232412 16 47 0
1232510 16 47 2
1232535 16 47 2
1232679 16 12 0
1232679 16 12 0
1232737 16 12 2
1232744 16 12 2
1233228 16 1 0
1233228 16 1 0
1233270 16 1 2
1233295 16 1 2
1233743 16 46 0
1233743 16 46 0
1233833 16 46 2
1233858 16 46 2
1233890 16 47 0
1233890 16 47 0
1233988 16 47 2
1234013 16 47 2
1234157 16 12 0
1234157 16 12 0
1234215 16 12 2
1234233 16 12 2
1234717 16 1 0
1234717 16 1 0
1234759 16 1 2
1234767 16 1 2
1235215 16 46 0
1235215 16 46 0
1235305 16 46 2
1235313 16 46 2
1235345 16 47 0
1235345 16 47 0
1235443 16 47 2
1235451 16 47 2
1235595 16 12 0
1235595 16 12 0
1235653 16 12 2
1235661 16 12 2
1236145 16 1 0
1236145 16 1 0
1236187 16 1 2
1236195 16 1 2
1236573 16 11 2
1236643 16 46 0
1236643 16 46 0
1236734 16 46 2
1236742 16 46 2
1236774 16 47 0
1236774 16 47 0
1236872 16 47 2
1236879 16 47 2
1237023 16 12 0
1237023 16 12 0
1237081 16 12 2
1237089 16 12 2
1237221 16 1 0
1237297 16 1 2
1237649 16 1 0
1237649 16 1 0
1237692 16 1 2
1237707 16 1 2
1238155 16 46 0
1238155 16 46 0
1238245 16 46 2
1238257 16 46 2
1238289 16 47 0
1238289 16 47 0
1238387 16 47 2
1238395 16 47 2
1238539 16 12 0
1238539 16 12 0
1238597 16 12 2
1238605 16 12 2
1239089 16 1 0
1239089 16 1 0
1239131 16 1 2
1239180 16 1 2
1239628 16 46 0
1239628 16 46 0
1239718 16 46 2
1239726 16 46 2
1239758 16 47 0
1239758 16 47 0
1239856 16 47 2
1239864 16 47 2
1240008 16 12 0
1240008 16 12 0
1240066 16 12 2
1240075 16 12 2
1240559 16 1 0
1240559 16 1 0
1240603 16 1 2
1240616 16 1 2
1241064 16 46 0
1241064 16 46 0
1241155 16 46 2
1241163 16 46 2
1241195 16 47 0
1241195 16 47 0
1241293 16 47 2
1241301 16 47 2
1241445 16 12 0
1241445 16 12 0
1241503 16 12 2
1241513 16 12 2
1241997 16 1 0
1241997 16 1 0
1242039 16 1 2
1242064 16 1 2
1242512 16 46 0
1242512 16 46 0
1242602 16 46 2
1242610 16 46 2
1242642 16 47 0
1242642 16 47 0
1242740 16 47 2
1242748 16 47 2
1242892 16 12 0
1242892 16 12 0
1242950 16 12 2
1242958 16 12 2
1243434 16 9 0
1243532 16 9 2
1243656 16 55 0
1243778 16 55 2
1243782 16 1 0
1243782 16 1 0
1243824 16 1 2
1243835 16 1 2
1243859 16 56 0
1243982 16 56 2
1244002 16 45 0
1244108 16 45 2
1244164 16 46 0
1244270 16 46 2
1244346 16 63 0
1244627 16 63 2
1244635 16 47 0
1244749 16 47 2
1244853 16 62 0
1244853 16 62 0
1244959 16 62 2
1244967 16 62 2
1245035 16 29 0
1245165 16 29 2
1245205 16 30 0
1245335 16 30 2
1245379 16 17 0
1245509 16 17 2
1245565 16 18 0
1245695 16 18 2
1245743 16 19 0
1245873 16 19 2
1245909 16 21 0
1246039 16 21 2
1246071 16 22 0
1246201 16 22 2
1246557 16 61 0
1246557 16 61 0
1246655 16 61 2
1246663 16 61 2
1247199 16 1 0
1247199 16 1 0
1247241 16 1 2
1247249 16 1 2
1247333 16 58 0
1247333 16 58 0
1247407 16 58 2
1247417 16 58 2
1247497 16 59 0
1247497 16 59 0
1247579 16 59 2
1247587 16 59 2
1262486 16 2 0
1262487 16 0 1
1262659 16 2 2
1262717 16 0 2
1285946 16 2 0
1285947 16 0 1
1286119 16 2 2
1286177 16 0 2
1320075 16 2 0
1320076 16 0 1
1320252 16 2 2
1320310 16 0 2
1343395 16 2 0
1343396 16 0 1
1343572 16 2 2
1343630 16 0 2
1377535 16 2 0
1377536 16 0 1
1377708 16 2 2
1377766 16 0 2
1400965 16 2 0
1400966 16 0 1
1401138 16 2 2
1401196 16 0 2
1434332 16 2 0
1434333 16 0 1
1434509 16 2 2
1434567 16 0 2
1457722 16 2 0
1457723 16 0 1
1457899 16 2 2
1457957 16 0 2
1491559 16 2 0
1491560 16 0 1
1491736 16 2 2
1491794 16 0 2
1514979 16 2 0
1514980 16 0 1
1515156 16 2 2
1515214 16 0 2
1579905 16 2 0
1579906 16 0 1
1580086 16 2 2
1580144 16 0 2
1603395 16 2 0
1603396 16 0 1
1603576 16 2 2
1603634 16 0 2
1637156 16 2 0
1637157 16 0 1
1637333 16 2 2
1637391 16 0 2
1660586 16 2 0
1660587 16 0 1
1660763 16 2 2
1660821 16 0 2
1694492 16 2 0
1694493 16 0 1
1694669 16 2 2
1694727 16 0 2
1717912 16 2 0
1717913 16 0 1
1718089 16 2 2
1718147 16 0 2
1751280 16 2 0
1751281 16 0 1
1751458 16 2 2
1751516 16 0 2
1774600 16 2 0
1774601 16 0 1
1774778 16 2 2
1774836 16 0 2
1808576 16 2 0
1808577 16 0 1
1808753 16 2 2
1808811 16 0 2
1831896 16 2 0
1831897 16 0 1
1832073 16 2 2
1832131 16 0 2
1865636 16 0 1
1865637 16 2 0
1865807 16 2 2
1865865 16 0 2
1889046 16 0 1
1889047 16 2 0
1889217 16 2 2
1889275 16 0 2
1922976 16 2 0
1922977 16 0 1
1923153 16 2 2
1923211 16 0 2
1946276 16 2 0
1946277 16 0 1
1946453 16 2 2
1946511 16 0 2
1995746 16 36 0
1995746 16 36 0
1999733 16 36 2
1999777 16 37 0
1999777 16 37 0
1999871 16 37 2
1999953 16 37 2
2000085 16 8 0
2000085 16 8 0
2000111 16 8 2
2000200 16 8 2
2000248 16 0 0
2000248 16 0 0
2000363 16 0 2
2000399 16 0 2
2000487 16 36 0
2000553 16 36 2
2001806 16 36 2
2001807 16 36 0
2001880 16 36 2
2001912 16 38 0
2001912 16 38 0
2002024 16 38 2
2002572 16 38 2
2002732 16 54 0
2002732 16 54 0
2002830 16 54 2
2003125 16 54 2
2003157 16 12 0
2003157 16 12 0
2003215 16 12 2
2003222 16 12 2
2003286 16 37 0
2003286 16 37 0
2003363 16 37 2
2004481 16 37 2
2005469 16 47 0
2005469 16 47 0
2005567 16 47 2
2006158 16 13 2
2006411 16 15 2
2006540 16 47 2
2006564 16 11 0
2006564 16 11 0
2006614 16 11 2
2006624 16 11 2
2006752 16 1 0
2006752 16 1 0
2006766 16 13 2
2006794 16 1 2
2006920 16 13 2
2006942 16 15 2
2006994 16 1 2
2007094 16 15 2
2007594 16 4 0
2007594 16 4 0
2007821 16 4 2
2007940 16 4 2
2008158 16 12 2
2008353 16 38 0
2008353 16 38 0
2008372 16 14 2
2008435 16 38 2
2008443 16 38 2
2008599 16 46 0
2008702 16 46 2
2008722 16 4 0
2008722 16 4 0
2008788 16 4 2
2008825 16 4 2
2008857 16 0 0
2008857 16 0 0
2008891 16 0 2
2008918 16 0 2
2009066 16 47 0
2009066 16 47 0
2009147 16 2 0
2009148 16 2 2
2009164 16 47 2
2009172 16 47 2
2009188 16 12 0
2009261 16 12 2
2009297 16 47 0
2009358 16 14 2
2009407 16 47 2
2010463 16 63 0
2010463 16 63 0
2010595 16 63 2
2010618 16 63 2
2010799 16 58 0
2010799 16 58 0
2010873 16 58 2
2010907 16 58 2
2010991 16 46 0
2011143 16 46 2
2012315 16 3 0
2013386 16 3 2
2013394 16 19 0
2013445 16 45 2
2013468 16 19 2
2013472 16 3 0
2022382 16 2 0
2022383 16 0 1
2022554 16 2 2
2022611 16 0 2
2024448 16 3 2
2024508 16 3 0
2024508 16 43 2
2028992 16 3 2
2038254 16 2 0
2038255 16 0 1
2038435 16 2 2
2038493 16 0 2
2061654 16 2 0
2061655 16 0 1
2061835 16 2 2
2061893 16 0 2
2086841 16 2 0
2086842 16 2 2
2102413 16 2 0
2102414 16 0 1
2102590 16 2 2
2102648 16 0 2
2125743 16 2 0
2125744 16 0 1
2125920 16 2 2
2125978 16 0 2
2161759 16 2 0
2161760 16 0 1
2161936 16 2 2
2161994 16 0 2
2185169 16 2 0
2185170 16 0 1
2185346 16 2 2
2185404 16 0 2
2221145 16 0 1
2221146 16 2 0
2221322 16 2 2
2221380 16 0 2
2244555 16 0 1
2244556 16 2 0
2244732 16 2 2
2244790 16 0 2
2390891 16 2 2
2390892 16 2 0
2820890 16 2 2
2820891 16 2 0
2972661 16 38 0
2972661 16 38 0
2974153 16 38 2
2976134 16 38 2
2977756 16 2 0
2977757 16 2 2
2978030 16 15 0
2978030 16 15 0
2978152 16 15 2
2978836 16 0 2
2980921 16 15 2
2981009 16 38 0
2981009 16 38 0
2981091 16 38 2
2981099 16 38 2
2981383 16 7 0
2981779 16 7 2
2983439 16 38 0
2983439 16 38 0
2983521 16 38 2
2983529 16 38 2
2988328 16 2 2
2988329 16 3 0
2990120 16 3 2
3949210 16 38 0
3949210 16 38 0
3950425 16 38 2
3952283 16 38 2
3954267 16 38 0
3954267 16 38 0
3954349 16 38 2
3954639 16 0 2
3955947 16 38 2
3956231 16 7 0
3956847 16 7 2
3958507 16 38 0
3958507 16 38 0
3958589 16 38 2
3958597 16 38 2
4925786 16 38 0
4925786 16 38 0
4926398 16 38 2
4926683 16 38 2
4928382 16 38 0
4928382 16 38 0
4928464 16 38 2
4931082 16 38 2
4933026 16 38 0
4933026 16 38 0
4933116 16 38 2
4933338 16 38 2
5902321 16 38 0
5902321 16 38 0
5904357 16 38 2
5905438 16 38 2
5907422 16 38 0
5907422 16 38 0
5907504 16 38 2
5907522 16 38 2
5907659 16 0 2
5907806 16 7 0
5908122 16 7 2
5909782 16 38 0
5909782 16 38 0
5909876 16 38 2
5909944 16 38 2
6878868 16 38 0
6878868 16 38 0
6879256 16 38 2
6880383 16 38 2
6881240 16 38 0
6881240 16 38 0
6881322 16 38 2
6883340 16 38 2
6885284 16 38 0
6885284 16 38 0
6885374 16 38 2
6885406 16 38 2
