0 55 51 0
858 55 51 2
862 55 22 0
1080 55 22 2
1092 55 1 0
1442 55 1 2
1462 55 24 0
1636 55 24 2
14956 55 63 1
15119 55 2 2
15233 55 63 2
17659 55 63 1
17828 55 2 2
17941 55 63 2
41734 55 4 0
46888 55 4 2
46940 55 44 0
48999 55 44 2
49011 55 5 0
49118 55 5 2
49130 55 45 0
49562 55 45 2
49630 55 24 0
50257 55 24 2
50289 55 25 0
50448 55 25 2
50456 55 26 0
50607 55 26 2
50647 55 27 0
50782 55 27 2
50802 55 33 0
51366 55 33 2
51386 55 35 0
51501 55 35 2
51509 55 41 0
52125 55 41 2
52141 55 42 0
52417 55 42 2
52449 55 1 0
52579 55 1 2
52615 55 36 0
52741 55 36 2
52753 55 43 0
53206 55 43 2
53216 55 63 1
53222 55 17 0
53352 55 17 2
53388 55 30 2
53444 55 27 0
53445 55 63 2
53616 55 27 2
53620 55 37 0
53742 55 37 2
53754 55 17 0
53923 55 17 2
53931 55 15 0
54236 55 15 2
54276 55 16 0
54852 55 16 2
54892 55 18 0
55013 55 18 2
55037 55 61 0
55827 55 61 2
55839 55 54 0
56011 55 54 2
56031 55 13 0
56121 55 13 2
56129 55 19 0
56256 55 19 2
56260 55 35 0
56782 55 35 2
56798 55 53 0
57456 55 53 2
57496 55 33 0
57629 55 33 2
57641 55 36 0
57746 55 36 2
57766 55 40 0
58059 55 40 2
58083 55 37 0
58189 55 37 2
58293 55 38 0
58450 55 38 2
58454 55 16 0
58768 55 16 2
58792 55 8 0
58938 55 8 2
58946 55 29 0
59051 55 29 2
59091 55 0 0
59228 55 0 2
59240 55 38 0
59414 55 38 2
59430 55 39 0
60065 55 39 2
60069 55 39 0
60753 55 39 2
60809 55 36 0
60924 55 36 2
60956 55 38 0
61126 55 38 2
61142 55 51 0
61256 55 51 2
61312 55 60 0
61615 55 60 2
61623 55 52 0
61960 55 52 2
61996 55 4 0
62306 55 4 2
62326 55 53 0
62532 55 53 2
62556 55 54 0
62952 55 54 2
62968 55 11 0
63418 55 11 2
63430 55 56 0
63503 55 63 1
63668 55 20 2
63751 55 63 2
63980 55 56 2
63984 55 12 0
64276 55 12 2
64284 55 57 0
64502 55 57 2
64506 55 2 0
64847 55 2 2
64899 55 37 0
65033 55 37 2
65049 55 40 0
65207 55 40 2
65263 55 58 0
65504 55 58 2
65564 55 35 0
65686 55 35 2
65690 55 50 0
65812 55 50 2
65832 55 62 0
67050 55 62 2
67078 55 38 0
67365 55 38 2
67437 55 63 0
67821 55 63 2
67861 55 12 0
68247 55 12 2
68271 55 2 0
68443 55 2 2
68467 55 13 0
68730 55 13 2
68826 55 3 0
68951 55 3 2
68991 55 23 0
69097 55 23 2
69113 55 24 0
69297 55 24 2
69405 55 26 0
69703 55 26 2
69711 55 25 0
69932 55 25 2
69960 55 26 0
70094 55 26 2
70174 55 0 0
70312 55 0 2
70320 55 3 0
70583 55 3 2
70627 55 4 0
70743 55 4 2
70839 55 5 0
70949 55 5 2
70989 55 15 0
71264 55 15 2
71272 55 14 0
71607 55 14 2
71619 55 50 0
71806 55 50 2
71834 55 6 0
71951 55 6 2
71971 55 4 0
72110 55 4 2
72118 55 8 0
72447 55 8 2
72451 55 47 0
72877 55 47 2
72885 55 49 0
73371 55 49 2
73387 55 11 0
73580 55 11 2
73616 55 5 0
73755 55 5 2
73779 55 37 0
74112 55 37 2
74176 55 4 0
74307 55 4 2
74311 55 1 0
74510 55 1 2
74538 55 27 0
74696 55 27 2
74704 55 2 0
74868 55 2 2
74880 55 11 0
75061 55 11 2
75069 55 7 0
75210 55 7 2
75230 55 3 0
75418 55 3 2
75526 55 6 0
75633 55 6 2
75653 55 9 0
75854 55 9 2
76026 55 8 0
76956 55 8 2
76968 55 11 0
77084 55 11 2
77104 55 12 0
77211 55 12 2
77235 55 16 0
77727 55 16 2
77735 55 13 0
77854 55 13 2
77902 55 2 0
78024 55 2 2
78060 55 14 0
78202 55 14 2
78206 55 17 0
78744 55 17 2
78752 55 15 0
78977 55 15 2
78997 55 18 0
79401 55 18 2
79425 55 4 0
79533 55 4 2
79573 55 40 0
80771 55 40 2
80775 55 38 0
80775 55 38 0
80819 55 38 2
80911 55 38 2
80919 55 27 0
81034 55 27 2
81054 55 35 0
81171 55 35 2
81227 55 28 0
81334 55 28 2
81402 55 3 0
81516 55 3 2
81520 55 46 0
81877 55 46 2
81897 55 4 0
82031 55 4 2
82063 55 0 0
82250 55 0 2
82254 55 29 0
82375 55 29 2
82519 55 47 0
82812 55 47 2
82884 55 30 0
83074 55 30 2
83426 55 31 0
83619 55 31 2
83623 55 44 0
83735 55 44 2
83743 55 43 0
83856 55 43 2
83988 55 32 0
84155 55 32 2
84227 55 33 0
84357 55 33 2
84405 55 33 0
84598 55 33 2
84606 55 27 0
84728 55 27 2
84832 55 54 0
85297 55 54 2
85309 55 28 0
85417 55 28 2
85433 55 5 0
85701 55 5 2
85709 55 56 0
86853 55 56 2
86869 55 6 0
87295 55 6 2
87395 55 41 0
87647 55 41 2
87695 55 61 0
87816 55 61 2
87820 55 39 0
87949 55 39 2
87961 55 7 0
88158 55 7 2
88218 55 8 0
88356 55 8 2
88388 55 63 0
88877 55 63 2
88985 55 0 0
89124 55 0 2
89152 55 57 0
89376 55 57 2
89444 55 58 0
89660 55 58 2
89744 55 46 0
89891 55 46 2
89903 55 59 0
90147 55 59 2
90179 55 32 0
90422 55 32 2
90430 55 50 0
90715 55 50 2
90791 55 60 0
91158 55 60 2
91166 55 62 0
91352 55 63 1
91518 55 4 2
91615 55 63 2
91625 55 4 0
91738 55 4 0
91886 55 4 0
91995 55 4 0
92007 55 62 2
92011 55 3 0
92117 55 4 0
92147 55 3 2
92159 55 5 0
92287 55 4 0
92376 55 5 2
92404 55 17 0
92448 55 4 0
92534 55 17 2
92554 55 6 0
92570 55 4 0
92659 55 6 2
92710 55 4 0
92751 55 11 0
92841 55 4 0
92952 55 4 0
93062 55 4 0
93085 55 11 2
93093 55 10 0
93173 55 4 0
93215 55 10 2
93235 55 11 0
93317 55 4 0
93349 55 11 2
93357 55 6 0
93451 55 4 0
93512 55 6 2
93548 55 36 0
93569 55 4 0
93685 55 4 0
93799 55 4 0
93849 55 36 2
93909 55 12 0
93911 55 4 0
94036 55 12 2
94041 55 4 0
94044 55 0 0
94149 55 4 0
94192 55 0 2
94272 55 4 0
94316 55 15 0
94316 55 15 0
94394 55 15 2
94406 55 4 0
94442 55 15 2
94539 55 4 0
94562 55 7 0
94673 55 4 0
94750 55 7 2
94766 55 0 0
94784 55 4 0
94894 55 4 0
95009 55 4 0
95146 55 4 0
95259 55 4 0
95269 55 0 2
95281 55 14 0
95370 55 4 0
95417 55 14 2
95481 55 4 0
95591 55 4 0
95613 55 61 0
95695 55 0 2
95734 55 4 0
95828 55 61 2
95845 55 4 0
95900 55 54 0
95972 55 4 0
96090 55 4 0
96201 55 4 0
96321 55 4 0
96462 55 4 0
96468 55 54 2
96500 55 55 0
96589 55 4 0
96685 55 55 2
96696 55 4 0
96812 55 4 0
96913 55 40 0
96923 55 4 0
97051 55 40 2
97053 55 4 0
97079 55 49 0
97165 55 4 0
97210 55 49 2
97222 55 51 0
97298 55 4 0
97445 55 4 0
97589 55 4 0
97600 55 51 2
97620 55 37 0
97707 55 4 0
97808 55 37 2
97812 55 20 0
97846 55 4 0
97922 55 20 2
97938 55 3 0
98000 55 4 0
98122 55 4 0
98295 55 3 2
98387 55 21 0
98493 55 21 2
98501 55 56 0
99697 55 56 2
99717 55 57 0
99860 55 57 2
99948 55 58 0
100078 55 58 2
100158 55 59 0
100281 55 59 2
100305 55 63 0
100899 55 63 2
100983 55 33 0
101113 55 33 2
101524 55 63 1
101718 55 2 2
101832 55 63 2
103678 55 63 1
103830 55 63 1
103849 55 37 2
103907 55 63 2
103973 55 63 1
103999 55 38 2
104049 55 63 2
104082 55 63 1
104139 55 58 2
104213 55 63 2
104216 55 63 1
104249 55 63 2
104283 55 63 2
104364 55 63 1
104389 55 43 2
104455 55 63 2
104549 55 49 2
104580 55 63 1
104623 55 63 2
104749 55 26 2
104839 55 63 2
104868 55 63 1
105039 55 30 2
105076 55 63 1
105097 55 63 2
105239 55 10 2
105345 55 63 2
125804 55 63 1
125968 55 2 2
126081 55 63 2
148392 55 63 1
148558 55 2 2
148671 55 63 2
155406 55 63 1
155568 55 2 2
155681 55 63 2
156057 55 63 1
156228 55 2 2
156341 55 63 2
198592 55 4 0
200329 55 4 0
200453 55 4 0
200610 55 4 0
200748 55 4 0
200882 55 4 0
201012 55 4 0
201127 55 4 0
203193 55 63 2
206860 55 4 0
228208 55 2 0
228209 55 63 1
228378 55 2 2
228491 55 63 2
250257 55 63 1
250429 55 0 2
250559 55 63 2
259467 55 2 0
259468 55 63 1
259638 55 2 2
259751 55 63 2
294150 55 63 1
294319 55 0 2
294449 55 63 2
300838 55 2 0
300839 55 63 1
301008 55 2 2
301121 55 63 2
348855 55 2 0
348856 55 63 1
349018 55 2 2
349131 55 63 2
353202 55 2 0
353203 55 2 2
369245 55 4 0
370459 55 63 1
370638 55 0 2
370767 55 63 2
419320 55 2 0
419321 55 63 1
419488 55 2 2
419601 55 63 2
434393 55 2 0
434394 55 63 1
434558 55 2 2
434671 55 63 2
436474 55 63 1
436638 55 2 2
436751 55 63 2
457852 55 63 1
458018 55 2 2
458131 55 63 2
460568 55 2 0
460569 55 63 1
460738 55 2 2
460851 55 63 2
477510 55 2 0
477511 55 63 1
477678 55 2 2
477791 55 63 2
524995 55 2 0
524996 55 2 2
525621 55 63 1
525789 55 2 2
525902 55 63 2
545375 55 2 0
545376 55 63 1
545539 55 2 2
545652 55 63 2
550291 55 2 0
550292 55 63 1
550459 55 2 2
550572 55 63 2
554003 55 2 0
554004 55 63 1
554169 55 2 2
554282 55 63 2
582497 55 2 0
582498 55 2 2
610539 55 63 1
610710 55 2 2
610824 55 63 2
634019 55 2 0
634020 55 63 1
634190 55 2 2
634304 55 63 2
673849 55 63 1
674020 55 2 2
674134 55 63 2
697199 55 63 1
697480 55 2 2
697594 55 63 2
735589 55 63 1
735756 55 2 2
735870 55 63 2
758889 55 2 0
758890 55 63 1
759056 55 2 2
759170 55 63 2
797978 55 63 1
798150 55 2 2
798264 55 63 2
821388 55 2 0
821389 55 63 1
821560 55 2 2
821674 55 63 2
857108 55 2 0
857109 55 63 1
857280 55 2 2
857394 55 63 2
880448 55 2 0
880449 55 63 1
880620 55 2 2
880734 55 63 2
890468 55 2 0
890469 55 63 1
890640 55 2 2
890754 55 63 2
929668 55 2 0
929669 55 63 1
929840 55 2 2
929954 55 63 2
952988 55 2 0
952989 55 63 1
953160 55 2 2
953274 55 63 2
986498 55 2 0
986499 55 63 1
986670 55 2 2
986784 55 63 2
1009878 55 2 0
1009879 55 63 1
1010050 55 2 2
1010164 55 63 2
1018929 55 15 0
1018929 55 15 0
1018987 55 15 2
1021077 55 15 2
1021637 55 38 0
1021637 55 38 0
1021729 55 38 2
1021844 55 38 2
1022429 55 2 0
1022430 55 63 1
1022598 55 2 2
1022711 55 63 2
1023296 55 7 0
1023834 55 7 2
1024266 55 2 0
1027576 55 2 2
1027612 55 25 0
1027766 55 25 2
1027782 55 31 0
1027878 55 31 2
1027914 55 33 0
1028120 55 33 2
1028124 55 36 0
1028255 55 36 2
1028263 55 4 0
1028438 55 4 2
1028530 55 5 0
1028675 55 5 2
1028707 55 34 0
1028844 55 34 2
1028864 55 35 0
1029014 55 35 2
1029038 55 32 0
1029245 55 32 2
1029609 55 38 0
1029609 55 38 0
1029651 55 38 2
1029658 55 38 2
1032502 55 9 0
1032625 55 9 2
1032657 55 8 0
1032791 55 8 2
1032819 55 47 0
1033023 55 47 2
1033411 55 63 1
1033467 55 48 0
1033580 55 62 2
1033621 55 63 2
1033765 55 63 1
1033774 55 48 2
1033929 55 59 2
1033995 55 63 2
1034213 55 63 1
1034292 55 63 1
1034350 55 49 0
1034380 55 15 2
1034417 55 63 1
1034446 55 63 2
1034490 55 47 2
1034524 55 63 2
1034600 55 60 2
1034657 55 63 2
1034723 55 63 1
1034724 55 49 2
1034809 55 63 1
1034900 55 14 2
1034976 55 63 2
1034990 55 63 1
1035010 55 39 2
1035052 55 63 2
1035095 55 63 1
1035159 55 56 2
1035181 55 63 1
1035249 55 63 2
1035270 55 22 2
1035300 55 50 0
1035313 55 63 1
1035336 55 63 2
1035380 55 63 1
1035400 55 53 2
1035442 55 63 2
1035509 55 63 2
1035542 55 63 2
1035543 55 63 0
1035597 55 50 2
1035620 55 34 2
1035679 55 63 1
1035699 55 63 0
1035702 55 63 2
1035749 55 63 1
1035792 55 63 0
1035850 55 12 2
1035867 55 63 0
1035940 55 63 2
1035960 55 52 2
1036010 55 63 2
1036025 55 63 1
1036173 55 51 0
1036190 55 24 2
1036296 55 63 2
1036471 55 63 1
1036478 55 51 2
1036524 55 63 1
1036640 55 8 2
1036721 55 63 1
1036750 55 29 2
1036762 55 63 2
1036806 55 63 1
1036815 55 63 2
1036890 55 1 2
1036893 55 63 1
1037001 55 18 2
1037012 55 63 2
1037026 55 63 1
1037054 55 52 0
1037099 55 63 2
1037110 55 21 2
1037136 55 63 1
1037184 55 63 2
1037230 55 23 2
1037261 55 63 1
1037288 55 63 2
1037350 55 50 2
1037394 55 52 2
1037407 55 63 1
1037416 55 63 2
1037460 55 20 2
1037527 55 63 1
1037542 55 63 2
1037561 55 63 0
1037569 55 32 2
1037621 55 63 1
1037667 55 63 2
1037700 55 25 2
1037797 55 63 1
1037798 55 63 2
1037810 55 13 2
1037842 55 63 1
1037894 55 63 2
1037970 55 53 0
1037980 55 63 1
1037980 55 11 2
1038079 55 63 2
1038090 55 54 2
1038124 55 63 2
1038200 55 61 2
1038250 55 63 2
1038281 55 63 1
1038282 55 53 2
1038368 55 63 0
1038400 55 63 1
1038459 55 6 2
1038541 55 63 2
1038568 55 63 1
1038570 55 19 2
1038659 55 63 2
1038662 55 63 1
1038750 55 5 2
1038773 55 63 1
1038840 55 63 2
1038858 55 54 0
1038860 55 35 2
1038874 55 63 0
1038899 55 63 1
1038934 55 63 2
1038970 55 42 2
1038987 55 63 1
1039044 55 63 2
1039080 55 40 2
1039082 55 63 1
1039158 55 54 2
1039169 55 63 2
1039190 55 31 2
1039240 55 63 2
1039300 55 46 2
1039342 55 63 2
1039682 55 63 1
1039734 55 55 0
1039743 55 63 1
1039850 55 7 2
1039901 55 63 1
1039924 55 63 2
1039960 55 55 2
1039976 55 55 2
1039985 55 63 2
1040046 55 63 1
1040070 55 57 2
1040152 55 63 2
1040166 55 63 0
1040167 55 63 1
1040210 55 3 2
1040316 55 63 2
1040329 55 63 1
1040331 55 17 2
1040437 55 63 2
1040446 55 63 1
1040500 55 45 2
1040550 55 63 2
1040552 55 56 0
1040581 55 63 1
1040610 55 44 2
1040661 55 63 0
1040668 55 63 2
1040691 55 63 1
1040750 55 41 2
1040832 55 63 2
1040861 55 48 2
1040903 55 56 2
1040943 55 63 2
1040985 55 63 1
1041069 55 63 1
1041147 55 63 1
1041150 55 9 2
1041259 55 33 2
1041263 55 63 2
1041282 55 63 1
1041349 55 63 2
1041370 55 51 2
1041428 55 63 2
1041479 55 57 0
1041480 55 27 2
1041562 55 63 2
1041577 55 63 1
1041655 55 63 1
1041740 55 4 2
1041773 55 63 1
1041838 55 63 2
1041850 55 36 2
1041876 55 57 2
1041916 55 63 2
1041960 55 28 2
1042034 55 63 2
1042073 55 63 1
1042240 55 16 2
1042354 55 63 2
1042452 55 58 0
1042748 55 58 2
1043324 55 59 0
1043660 55 59 2
1044236 55 60 0
1044591 55 60 2
1045167 55 61 0
1045500 55 61 2
1046076 55 62 0
1046378 55 62 2
1046603 55 2 0
1046604 55 63 1
1046799 55 2 2
1046913 55 63 2
1046954 55 63 0
1047206 55 63 2
1047782 55 0 0
1047782 55 0 0
1047904 55 0 2
1048073 55 0 2
1048341 55 2 0
1048464 55 2 2
1048520 55 3 0
1048634 55 3 2
1048638 55 7 0
1048923 55 7 2
1049011 55 4 0
1049011 55 4 0
1049101 55 4 2
1049127 55 4 2
1049515 55 1 0
1049858 55 1 2
1050434 55 2 0
1050778 55 2 2
1051354 55 3 0
1051707 55 3 2
1052283 55 4 0
1052573 55 4 2
1052777 55 49 2
1052900 55 49 2
1053149 55 5 0
1053167 55 49 2
1053421 55 5 2
1053997 55 6 0
1054346 55 6 2
1054922 55 7 0
1055214 55 7 2
1055790 55 8 0
1056084 55 8 2
1056660 55 9 0
1056996 55 9 2
1057572 55 10 0
1057908 55 10 2
1058484 55 11 0
1058820 55 11 2
1059396 55 12 0
1059684 55 12 2
1060260 55 13 0
1060524 55 13 2
1061100 55 14 0
1061438 55 14 2
1062014 55 15 0
1062287 55 15 2
1062863 55 16 0
1063164 55 16 2
1063740 55 17 0
1064074 55 17 2
1064650 55 18 0
1064970 55 18 2
1065546 55 19 0
1065880 55 19 2
1066456 55 20 0
1066744 55 20 2
1067320 55 21 0
1067582 55 21 2
1068158 55 22 0
1068480 55 22 2
1069056 55 23 0
1069309 55 23 2
1069885 55 24 0
1070176 55 24 2
1070752 55 25 0
1071084 55 25 2
1071660 55 26 0
1071961 55 26 2
1072537 55 27 0
1072843 55 27 2
1073419 55 28 0
1073704 55 28 2
1074280 55 29 0
1074542 55 29 2
1075118 55 30 0
1075422 55 30 2
1075998 55 31 0
1076264 55 31 2
1076840 55 32 0
1077144 55 32 2
1077720 55 33 0
1078054 55 33 2
1078630 55 34 0
1078914 55 34 2
1079490 55 35 0
1079776 55 35 2
1080352 55 36 0
1080654 55 36 2
1081230 55 37 0
1081491 55 37 2
1082067 55 38 0
1082363 55 38 2
1082939 55 39 0
1083163 55 39 2
1083739 55 40 0
1084024 55 40 2
1084600 55 41 0
1084934 55 41 2
1085510 55 42 0
1085776 55 42 2
1086352 55 43 0
1086627 55 43 2
1087203 55 44 0
1087494 55 44 2
1088070 55 45 0
1088332 55 45 2
1088908 55 46 0
1089176 55 46 2
1099880 55 8 0
1100174 55 8 2
1132604 55 63 1
1132768 55 30 2
1132825 55 63 2
1134170 55 30 0
1134261 55 30 0
1134409 55 63 0
1134663 55 63 0
1134685 55 30 0
1135450 55 31 0
1135527 55 31 2
1135571 55 35 0
1135676 55 63 0
1135680 55 30 0
1135768 55 63 0
1135825 55 63 0
1135867 55 35 2
1135927 55 32 0
1136122 55 32 2
1136178 55 46 0
1136255 55 46 2
1136287 55 12 0
1136341 55 63 0
1136393 55 12 2
1136405 55 33 0
1136442 55 63 0
1136563 55 33 2
1136655 55 34 0
1136771 55 34 2
1136803 55 1 0
1136945 55 1 2
1136989 55 32 0
1137068 55 30 0
1137142 55 32 2
1137150 55 35 0
1137270 55 35 2
1137274 55 60 0
1137345 55 63 0
1137456 55 60 2
1137472 55 61 0
1137542 55 63 0
1137604 55 61 2
1137664 55 48 0
1137738 55 63 0
1137784 55 48 2
1137824 55 49 0
1137963 55 63 0
1137964 55 49 2
1138000 55 36 0
1138000 55 36 0
1138059 55 36 2
1138118 55 63 0
1138205 55 36 2
1138231 55 63 0
1138269 55 37 0
1138269 55 37 0
1138320 55 37 2
1138349 55 37 2
1138397 55 58 0
1138397 55 58 0
1138406 55 63 0
1138463 55 58 2
1138510 55 58 2
1138522 55 31 0
1138680 55 30 0
1138746 55 63 0
1138770 55 31 2
1138782 55 30 0
1138907 55 63 0
1139094 55 30 2
1139102 55 59 0
1139102 55 59 0
1139180 55 59 2
1139216 55 63 0
1139225 55 59 2
1139277 55 34 0
1139364 55 63 0
1139486 55 63 0
1139581 55 63 0
1139587 55 34 2
1139627 55 0 0
1139627 55 0 0
1139718 55 63 0
1139749 55 0 2
1139822 55 30 0
1139847 55 63 0
1139919 55 0 2
1139927 55 33 0
1139973 55 63 0
1140206 55 63 0
1140264 55 33 2
1140280 55 60 0
1140354 55 60 2
1140374 55 32 0
1140533 55 63 0
1140649 55 63 0
1140682 55 32 2
1140758 55 61 0
1140782 55 63 0
1140858 55 61 2
1140912 55 63 0
1140978 55 63 0
1140982 55 62 0
1141105 55 62 2
1141116 55 63 0
1141193 55 12 0
1141240 55 63 0
1141356 55 63 0
1141478 55 12 2
1141490 55 39 0
1141548 55 39 2
1141553 55 63 0
1141560 55 13 0
1141657 55 13 2
1141661 55 48 0
1141793 55 63 0
1141832 55 48 2
1141844 55 59 0
1141901 55 63 0
1141917 55 59 2
1141945 55 54 0
1141945 55 54 0
1141971 55 54 2
1142041 55 63 0
1142042 55 54 2
1142053 55 30 0
1142082 55 55 0
1142171 55 63 0
1142204 55 55 2
1142228 55 56 0
1142307 55 63 0
1142355 55 56 2
1142383 55 57 0
1142437 55 63 0
1142501 55 57 2
1142565 55 58 0
1142635 55 63 0
1142680 55 58 2
1142716 55 49 0
1142814 55 63 0
1142916 55 49 2
1142942 55 63 0
1142956 55 63 0
1143012 55 63 0
1143062 55 63 2
1143110 55 15 0
1143141 55 63 0
1143266 55 15 2
1143282 55 44 0
1143362 55 44 2
1143382 55 45 0
1143468 55 45 2
1143698 55 63 0
1143716 55 0 0
1143838 55 63 0
1143943 55 63 0
1144065 55 63 0
1144153 55 63 0
1144162 55 0 2
1144254 55 1 0
1144265 55 30 0
1144355 55 63 0
1144445 55 1 2
1144487 55 63 0
1144545 55 2 0
1144676 55 2 2
1144684 55 47 0
1144718 55 47 2
1144730 55 41 0
1144807 55 63 0
1144890 55 41 2
1144962 55 3 0
1145034 55 63 0
1145114 55 3 2
1145374 55 5 0
1145509 55 5 2
1145557 55 6 0
1145705 55 6 2
1145793 55 7 0
1145944 55 7 2
1146052 55 8 0
1146271 55 8 2
1146327 55 1 0
1146327 55 1 0
1146441 55 1 2
1146449 55 1 2
1146483 55 2 0
1146484 55 63 0
1146881 55 14 0
1146986 55 14 2
1147002 55 46 0
1147043 55 46 2
1147051 55 4 0
1147164 55 4 2
1147188 55 47 0
1147220 55 47 2
1147364 55 12 0
1147453 55 12 2
1147817 55 10 0
1147932 55 10 2
1148052 55 1 0
1148233 55 1 2
1148681 55 46 0
1148681 55 46 0
1148723 55 46 2
1148755 55 47 0
1148765 55 46 2
1148788 55 47 2
1148932 55 12 0
1149020 55 12 2
1149504 55 1 0
1149504 55 1 0
1149618 55 1 2
1149625 55 1 2
1150073 55 46 0
1150113 55 46 2
1150145 55 47 0
1150145 55 47 0
1150171 55 47 2
1150181 55 47 2
1150325 55 12 0
1150325 55 12 0
1150407 55 12 2
1150415 55 12 2
1150899 55 1 0
1150899 55 1 0
1151013 55 1 2
1151021 55 1 2
1151469 55 46 0
1151469 55 46 0
1151504 55 46 2
1151510 55 46 2
1151542 55 47 0
1151542 55 47 0
1151568 55 47 2
1151606 55 47 2
1151750 55 12 0
1151750 55 12 0
1151832 55 12 2
1151889 55 12 2
1152373 55 1 0
1152373 55 1 0
1152488 55 1 2
1152505 55 1 2
1152953 55 46 0
1152953 55 46 0
1152987 55 46 2
1153025 55 46 2
1153057 55 47 0
1153057 55 47 0
1153093 55 47 2
1153151 55 47 2
1153295 55 12 0
1153295 55 12 0
1153377 55 12 2
1153525 55 12 2
1154009 55 1 0
1154009 55 1 0
1154233 55 1 2
1154249 55 1 2
1154697 55 46 0
1154697 55 46 0
1154732 55 46 2
1154737 55 46 2
1154769 55 47 0
1154769 55 47 0
1154805 55 47 2
1155038 55 47 2
1155182 55 12 0
1155182 55 12 0
1155264 55 12 2
1155272 55 12 2
1155756 55 1 0
1155756 55 1 0
1155870 55 1 2
1155877 55 1 2
1156325 55 46 0
1156325 55 46 0
1156359 55 46 2
1156367 55 46 2
1156399 55 47 0
1156399 55 47 0
1156425 55 47 2
1156433 55 47 2
1156577 55 12 0
1156577 55 12 0
1156659 55 12 2
1156670 55 12 2
1157154 55 1 0
1157154 55 1 0
1157278 55 1 2
1157290 55 1 2
1157726 55 46 0
1157726 55 46 0
1157765 55 46 2
1157769 55 46 2
1157801 55 47 0
1157801 55 47 0
1157836 55 47 2
1157857 55 47 2
1157980 55 12 0
1157980 55 12 0
1158070 55 12 2
1158122 55 12 2
1158458 55 1 0
1158458 55 1 0
1158572 55 1 2
1158580 55 1 2
1159012 55 7 0
1159085 55 7 2
1159101 55 46 0
1159101 55 46 0
1159135 55 46 2
1159143 55 46 2
1159175 55 47 0
1159175 55 47 0
1159201 55 47 2
1159208 55 47 2
1159352 55 12 0
1159352 55 12 0
1159439 55 12 2
1159442 55 12 2
1159926 55 1 0
1159926 55 1 0
1160040 55 1 2
1160050 55 1 2
1160498 55 46 0
1160498 55 46 0
1160532 55 46 2
1160539 55 46 2
1160571 55 47 0
1160571 55 47 0
1160597 55 47 2
1160611 55 47 2
1160755 55 12 0
1160755 55 12 0
1160837 55 12 2
1160845 55 12 2
1161329 55 1 0
1161329 55 1 0
1161443 55 1 2
1161453 55 1 2
1161901 55 46 0
1161901 55 46 0
1161935 55 46 2
1161943 55 46 2
1161975 55 47 0
1161975 55 47 0
1162001 55 47 2
1162008 55 47 2
1162152 55 5 0
1162295 55 5 2
1162303 55 61 0
1162303 55 61 0
1162345 55 61 2
1162450 55 61 2
1162458 55 29 0
1162721 55 29 2
1162737 55 62 0
1162737 55 62 0
1162771 55 62 2
1162779 55 62 2
1163055 55 63 0
1163055 55 63 0
1163081 55 63 2
1163214 55 63 2
1163638 55 12 0
1163638 55 12 0
1163720 55 12 2
1163738 55 12 2
1164178 55 11 0
1164316 55 11 2
1164528 55 1 0
1164528 55 1 0
1164654 55 1 2
1164673 55 1 2
1165102 55 46 0
1165102 55 46 0
1165136 55 46 2
1165144 55 46 2
1165176 55 47 0
1165176 55 47 0
1165209 55 47 2
1165232 55 47 2
1165353 55 12 0
1165353 55 12 0
1165445 55 12 2
1165475 55 12 2
1165929 55 1 0
1165929 55 1 0
1166049 55 1 2
1166054 55 1 2
1166497 55 46 0
1166497 55 46 0
1166531 55 46 2
1166538 55 46 2
1166570 55 47 0
1166570 55 47 0
1166596 55 47 2
1166604 55 47 2
1166748 55 12 0
1166748 55 12 0
1166830 55 12 2
1166838 55 12 2
1167322 55 1 0
1167322 55 1 0
1167436 55 1 2
1167443 55 1 2
1167463 55 47 2
1167891 55 46 0
1167891 55 46 0
1167925 55 46 2
1167934 55 46 2
1167966 55 47 0
1167966 55 47 0
1167992 55 47 2
1168001 55 47 2
1168145 55 12 0
1168145 55 12 0
1168228 55 12 2
1168240 55 12 2
1168724 55 1 0
1168724 55 1 0
1168839 55 1 2
1168844 55 1 2
1169292 55 46 0
1169292 55 46 0
1169326 55 46 2
1169407 55 46 2
1169439 55 47 0
1169439 55 47 0
1169465 55 47 2
1169554 55 47 2
1169698 55 12 0
1169812 55 12 2
1170296 55 1 0
1170296 55 1 0
1170410 55 1 2
1170427 55 1 2
1170875 55 46 0
1170875 55 46 0
1170909 55 46 2
1170990 55 46 2
1171022 55 47 0
1171022 55 47 0
1171048 55 47 2
1171137 55 47 2
1171281 55 12 0
1171281 55 12 0
1171398 55 12 2
1171453 55 12 2
1171882 55 1 0
1171882 55 1 0
1172004 55 1 2
1172026 55 1 2
1172436 55 8 0
1172436 55 8 0
1172550 55 8 2
1172567 55 8 2
1172583 55 46 0
1172583 55 46 0
1172617 55 46 2
1172625 55 46 2
1172657 55 47 0
1172657 55 47 0
1172683 55 47 2
1172773 55 47 2
1172917 55 12 0
1172917 55 12 0
1172999 55 12 2
1173007 55 12 2
1173491 55 1 0
1173491 55 1 0
1173605 55 1 2
1173625 55 1 2
1174073 55 46 0
1174073 55 46 0
1174110 55 46 2
1174190 55 46 2
1174222 55 47 0
1174222 55 47 0
1174248 55 47 2
1174337 55 47 2
1174481 55 12 0
1174481 55 12 0
1174563 55 12 2
1174596 55 12 2
1175080 55 1 0
1175080 55 1 0
1175194 55 1 2
1175203 55 1 2
1175651 55 46 0
1175651 55 46 0
1175686 55 46 2
1175694 55 46 2
1175726 55 47 0
1175726 55 47 0
1175752 55 47 2
1175760 55 47 2
1175904 55 12 0
1175904 55 12 0
1175986 55 12 2
1175994 55 12 2
1176478 55 1 0
1176478 55 1 0
1176592 55 1 2
1176599 55 1 2
1177047 55 46 0
1177047 55 46 0
1177081 55 46 2
1177089 55 46 2
1177121 55 47 0
1177121 55 47 0
1177154 55 47 2
1177217 55 47 2
1177298 55 12 0
1177298 55 12 0
1177380 55 12 2
1177388 55 12 2
1177872 55 1 0
1177872 55 1 0
1177987 55 1 2
1177995 55 1 2
1178443 55 46 0
1178443 55 46 0
1178477 55 46 2
1178485 55 46 2
1178517 55 47 0
1178517 55 47 0
1178543 55 47 2
1178550 55 47 2
1178694 55 12 0
1178694 55 12 0
1178776 55 12 2
1178783 55 12 2
1179267 55 1 0
1179267 55 1 0
1179381 55 1 2
1179389 55 1 2
1179837 55 46 0
1179837 55 46 0
1179871 55 46 2
1179879 55 46 2
1179911 55 47 0
1179911 55 47 0
1179937 55 47 2
1179944 55 47 2
1180088 55 12 0
1180088 55 12 0
1180171 55 12 2
1180179 55 12 2
1180663 55 1 0
1180663 55 1 0
1180777 55 1 2
1180785 55 1 2
1181233 55 46 0
1181233 55 46 0
1181267 55 46 2
1181274 55 46 2
1181306 55 47 0
1181306 55 47 0
1181332 55 47 2
1181340 55 47 2
1181484 55 12 0
1181484 55 12 0
1181566 55 12 2
1181574 55 12 2
1182058 55 1 0
1182058 55 1 0
1182173 55 1 2
1182180 55 1 2
1182628 55 46 0
1182628 55 46 0
1182662 55 46 2
1182669 55 46 2
1182701 55 47 0
1182701 55 47 0
1182727 55 47 2
1182734 55 47 2
1182878 55 12 0
1182878 55 12 0
1182960 55 12 2
1182968 55 12 2
1183452 55 1 0
1183452 55 1 0
1183566 55 1 2
1183574 55 1 2
1184006 55 9 0
1184130 55 9 2
1184146 55 46 0
1184146 55 46 0
1184181 55 46 2
1184189 55 46 2
1184221 55 47 0
1184221 55 47 0
1184247 55 47 2
1184255 55 47 2
1184399 55 12 0
1184399 55 12 0
1184481 55 12 2
1184488 55 12 2
1184972 55 1 0
1184972 55 1 0
1185086 55 1 2
1185093 55 1 2
1185541 55 46 0
1185541 55 46 0
1185575 55 46 2
1185582 55 46 2
1185614 55 47 0
1185614 55 47 0
1185641 55 47 2
1185649 55 47 2
1185793 55 12 0
1185793 55 12 0
1185876 55 12 2
1185881 55 12 2
1186365 55 1 0
1186365 55 1 0
1186479 55 1 2
1186489 55 1 2
1186937 55 46 0
1186937 55 46 0
1186972 55 46 2
1186980 55 46 2
1187012 55 47 0
1187012 55 47 0
1187038 55 47 2
1187046 55 47 2
1187190 55 12 0
1187190 55 12 0
1187272 55 12 2
1187280 55 12 2
1187764 55 1 0
1187764 55 1 0
1187878 55 1 2
1187886 55 1 2
1188334 55 46 0
1188334 55 46 0
1188368 55 46 2
1188375 55 46 2
1188407 55 47 0
1188407 55 47 0
1188433 55 47 2
1188441 55 47 2
1188585 55 12 0
1188585 55 12 0
1188668 55 12 2
1188675 55 12 2
1189159 55 1 0
1189159 55 1 0
1189273 55 1 2
1189282 55 1 2
1189730 55 46 0
1189730 55 46 0
1189764 55 46 2
1189772 55 46 2
1189804 55 47 0
1189804 55 47 0
1189830 55 47 2
1189840 55 47 2
1189984 55 12 0
1189984 55 12 0
1190066 55 12 2
1190074 55 12 2
1190558 55 1 0
1190558 55 1 0
1190672 55 1 2
1190680 55 1 2
1191128 55 46 0
1191128 55 46 0
1191162 55 46 2
1191178 55 46 2
1191210 55 47 0
1191210 55 47 0
1191236 55 47 2
1191244 55 47 2
1191388 55 12 0
1191388 55 12 0
1191471 55 12 2
1191480 55 12 2
1191964 55 1 0
1191964 55 1 0
1192078 55 1 2
1192088 55 1 2
1192536 55 46 0
1192536 55 46 0
1192570 55 46 2
1192638 55 46 2
1192670 55 47 0
1192670 55 47 0
1192696 55 47 2
1192770 55 47 2
1192914 55 12 0
1192914 55 12 0
1193000 55 12 2
1193032 55 12 2
1193516 55 1 0
1193516 55 1 0
1193631 55 1 2
1193647 55 1 2
1194095 55 46 0
1194095 55 46 0
1194129 55 46 2
1194200 55 46 2
1194232 55 47 0
1194232 55 47 0
1194258 55 47 2
1194332 55 47 2
1194476 55 12 0
1194476 55 12 0
1194560 55 12 2
1194590 55 12 2
1195074 55 1 0
1195074 55 1 0
1195194 55 1 2
1195196 55 1 2
1195628 55 10 0
1195742 55 10 2
1195758 55 46 0
1195758 55 46 0
1195795 55 46 2
1195860 55 46 2
1195892 55 47 0
1195892 55 47 0
1195918 55 47 2
1195991 55 47 2
1196135 55 12 0
1196135 55 12 0
1196217 55 12 2
1196249 55 12 2
1196733 55 1 0
1196733 55 1 0
1196847 55 1 2
1196864 55 1 2
1197312 55 46 0
1197312 55 46 0
1197346 55 46 2
1197411 55 46 2
1197443 55 47 0
1197443 55 47 0
1197469 55 47 2
1197542 55 47 2
1197686 55 12 0
1197686 55 12 0
1197768 55 12 2
1197801 55 12 2
1198285 55 1 0
1198285 55 1 0
1198399 55 1 2
1198407 55 1 2
1198855 55 46 0
1198855 55 46 0
1198889 55 46 2
1198922 55 46 2
1198954 55 47 0
1198954 55 47 0
1198980 55 47 2
1199021 55 47 2
1199165 55 12 0
1199165 55 12 0
1199247 55 12 2
1199263 55 12 2
1199747 55 1 0
1199747 55 1 0
1199861 55 1 2
1199869 55 1 2
1200317 55 46 0
1200317 55 46 0
1200351 55 46 2
1200384 55 46 2
1200416 55 47 0
1200416 55 47 0
1200442 55 47 2
1200483 55 47 2
1200627 55 12 0
1200627 55 12 0
1200710 55 12 2
1200728 55 12 2
1201212 55 1 0
1201212 55 1 0
1201326 55 1 2
1201334 55 1 2
1201782 55 46 0
1201782 55 46 0
1201817 55 46 2
1201850 55 46 2
1201882 55 47 0
1201882 55 47 0
1201908 55 47 2
1201949 55 47 2
1202093 55 12 0
1202093 55 12 0
1202175 55 12 2
1202194 55 12 2
1202678 55 1 0
1202678 55 1 0
1202792 55 1 2
1202809 55 1 2
1203257 55 46 0
1203257 55 46 0
1203291 55 46 2
1203324 55 46 2
1203356 55 47 0
1203356 55 47 0
1203382 55 47 2
1203423 55 47 2
1203567 55 12 0
1203567 55 12 0
1203649 55 12 2
1203666 55 12 2
1204150 55 1 0
1204150 55 1 0
1204264 55 1 2
1204272 55 1 2
1204720 55 46 0
1204720 55 46 0
1204754 55 46 2
1204762 55 46 2
1204794 55 47 0
1204794 55 47 0
1204820 55 47 2
1204829 55 47 2
1204973 55 12 0
1204973 55 12 0
1205055 55 12 2
1205070 55 12 2
1205554 55 1 0
1205554 55 1 0
1205668 55 1 2
1205676 55 1 2
1206124 55 46 0
1206124 55 46 0
1206158 55 46 2
1206165 55 46 2
1206197 55 47 0
1206197 55 47 0
1206223 55 47 2
1206230 55 47 2
1206374 55 12 0
1206374 55 12 0
1206456 55 12 2
1206480 55 12 2
1206964 55 1 0
1206964 55 1 0
1207088 55 1 2
1207090 55 1 2
1207522 55 11 0
1207522 55 11 0
1207612 55 11 2
1207628 55 11 2
1207644 55 46 0
1207644 55 46 0
1207678 55 46 2
1207752 55 46 2
1207784 55 47 0
1207784 55 47 0
1207810 55 47 2
1207891 55 47 2
1208035 55 12 0
1208035 55 12 0
1208118 55 12 2
1208174 55 12 2
1208658 55 1 0
1208658 55 1 0
1208772 55 1 2
1208805 55 1 2
1209253 55 46 0
1209253 55 46 0
1209287 55 46 2
1209295 55 46 2
1209327 55 47 0
1209327 55 47 0
1209353 55 47 2
1209360 55 47 2
1209504 55 12 0
1209504 55 12 0
1209586 55 12 2
1209593 55 12 2
1210077 55 1 0
1210077 55 1 0
1210192 55 1 2
1210225 55 1 2
1210673 55 46 0
1210673 55 46 0
1210707 55 46 2
1210732 55 46 2
1210764 55 47 0
1210764 55 47 0
1210790 55 47 2
1210825 55 47 2
1210969 55 12 0
1210969 55 12 0
1211053 55 12 2
1211071 55 12 2
1211555 55 1 0
1211555 55 1 0
1211670 55 1 2
1211687 55 1 2
1212135 55 46 0
1212135 55 46 0
1212169 55 46 2
1212198 55 46 2
1212230 55 47 0
1212230 55 47 0
1212256 55 47 2
1212293 55 47 2
1212437 55 12 0
1212437 55 12 0
1212519 55 12 2
1212536 55 12 2
1213020 55 1 0
1213020 55 1 0
1213134 55 1 2
1213142 55 1 2
1213590 55 46 0
1213590 55 46 0
1213624 55 46 2
1213632 55 46 2
1213664 55 47 0
1213664 55 47 0
1213690 55 47 2
1213698 55 47 2
1213842 55 12 0
1213842 55 12 0
1213924 55 12 2
1213942 55 12 2
1214426 55 1 0
1214426 55 1 0
1214540 55 1 2
1214573 55 1 2
1215021 55 46 0
1215021 55 46 0
1215055 55 46 2
1215063 55 46 2
1215095 55 47 0
1215095 55 47 0
1215121 55 47 2
1215129 55 47 2
1215273 55 12 0
1215273 55 12 0
1215355 55 12 2
1215366 55 12 2
1215850 55 1 0
1215850 55 1 0
1215964 55 1 2
1215997 55 1 2
1216445 55 46 0
1216445 55 46 0
1216479 55 46 2
1216551 55 46 2
1216583 55 47 0
1216583 55 47 0
1216609 55 47 2
1216690 55 47 2
1216834 55 12 0
1216834 55 12 0
1216916 55 12 2
1216926 55 12 2
1217410 55 1 0
1217410 55 1 0
1217524 55 1 2
1217557 55 1 2
1218005 55 46 0
1218005 55 46 0
1218039 55 46 2
1218080 55 46 2
1218112 55 47 0
1218112 55 47 0
1218138 55 47 2
1218187 55 47 2
1218331 55 12 0
1218331 55 12 0
1218413 55 12 2
1218440 55 12 2
1218924 55 1 0
1218924 55 1 0
1219038 55 1 2
1219071 55 1 2
1219503 55 12 0
1219503 55 12 0
1219585 55 12 2
1219594 55 12 2
1219610 55 46 0
1219610 55 46 0
1219644 55 46 2
1219685 55 46 2
1219717 55 47 0
1219717 55 47 0
1219743 55 47 2
1219793 55 47 2
1219937 55 12 0
1219937 55 12 0
1220027 55 12 2
1220079 55 12 2
1220511 55 1 0
1220511 55 1 0
1220625 55 1 2
1220641 55 1 2
1221089 55 46 0
1221089 55 46 0
1221123 55 46 2
1221165 55 46 2
1221197 55 47 0
1221197 55 47 0
1221223 55 47 2
1221272 55 47 2
1221416 55 12 0
1221416 55 12 0
1221498 55 12 2
1221523 55 12 2
1222007 55 1 0
1222007 55 1 0
1222124 55 1 2
1222140 55 1 2
1222588 55 46 0
1222588 55 46 0
1222622 55 46 2
1222663 55 46 2
1222695 55 47 0
1222695 55 47 0
1222721 55 47 2
1222770 55 47 2
1222914 55 12 0
1222914 55 12 0
1223020 55 12 2
1223086 55 12 2
1223504 55 1 0
1223504 55 1 0
1223618 55 1 2
1223651 55 1 2
1224099 55 46 0
1224099 55 46 0
1224133 55 46 2
1224206 55 46 2
1224238 55 47 0
1224238 55 47 0
1224264 55 47 2
1224345 55 47 2
1224489 55 12 0
1224489 55 12 0
1224571 55 12 2
1224628 55 12 2
1225112 55 1 0
1225112 55 1 0
1225226 55 1 2
1225259 55 1 2
1225707 55 46 0
1225707 55 46 0
1225741 55 46 2
1225814 55 46 2
1225846 55 47 0
1225846 55 47 0
1225872 55 47 2
1225953 55 47 2
1226097 55 12 0
1226097 55 12 0
1226179 55 12 2
1226188 55 12 2
1226672 55 1 0
1226672 55 1 0
1226786 55 1 2
1226819 55 1 2
1227267 55 46 0
1227267 55 46 0
1227301 55 46 2
1227358 55 46 2
1227390 55 47 0
1227390 55 47 0
1227416 55 47 2
1227481 55 47 2
1227625 55 12 0
1227625 55 12 0
1227709 55 12 2
1227750 55 12 2
1228234 55 1 0
1228234 55 1 0
1228348 55 1 2
1228381 55 1 2
1228829 55 46 0
1228829 55 46 0
1228863 55 46 2
1228920 55 46 2
1228952 55 47 0
1228952 55 47 0
1228978 55 47 2
1229043 55 47 2
1229187 55 12 0
1229187 55 12 0
1229269 55 12 2
1229292 55 12 2
1229776 55 1 0
1229776 55 1 0
1229890 55 1 2
1229898 55 1 2
1230346 55 46 0
1230346 55 46 0
1230380 55 46 2
1230388 55 46 2
1230420 55 47 0
1230420 55 47 0
1230446 55 47 2
1230511 55 47 2
1230655 55 12 0
1230655 55 12 0
1230739 55 12 2
1230749 55 12 2
1230784 55 30 0
1231212 55 30 0
1231233 55 1 0
1231233 55 1 0
1231352 55 1 2
1231369 55 1 2
1231817 55 46 0
1231817 55 46 0
1231851 55 46 2
1231859 55 46 2
1231891 55 47 0
1231891 55 47 0
1231917 55 47 2
1231982 55 47 2
1232126 55 12 0
1232126 55 12 0
1232217 55 12 2
1232258 55 12 2
1232701 55 1 0
1232701 55 1 0
1232815 55 1 2
1232848 55 1 2
1232854 55 30 0
1232960 55 30 0
1233132 55 47 2
1233296 55 46 0
1233296 55 46 0
1233303 55 30 0
1233330 55 46 2
1233403 55 46 2
1233435 55 47 0
1233435 55 47 0
1233453 55 30 0
1233461 55 47 2
1233542 55 47 2
1233686 55 12 0
1233686 55 12 0
1233768 55 12 2
1233770 55 30 0
1233825 55 12 2
1233974 55 30 0
1234309 55 1 0
1234309 55 1 0
1234333 55 30 0
1234423 55 1 2
1234457 55 1 2
1234691 55 30 0
1234793 55 30 0
1234905 55 46 0
1234905 55 46 0
1234939 55 46 2
1235012 55 46 2
1235044 55 47 0
1235044 55 47 0
1235073 55 47 2
1235154 55 47 2
1235283 55 30 0
1235298 55 12 0
1235298 55 12 0
1235380 55 12 2
1235396 55 30 0
1235437 55 12 2
1235505 55 30 0
1235599 55 30 0
1235921 55 1 0
1236068 55 1 2
1236165 55 30 0
1236461 55 30 0
1236516 55 46 0
1236516 55 46 0
1236570 55 30 0
1236594 55 46 2
1236622 55 46 2
1236654 55 47 0
1236654 55 47 0
1236710 55 47 2
1236761 55 47 2
1236905 55 12 0
1236905 55 12 0
1236939 55 30 0
1236988 55 12 2
1237049 55 12 2
1237173 55 30 0
1237288 55 30 0
1237393 55 30 0
1237533 55 1 0
1237533 55 1 0
1237647 55 1 2
1237764 55 1 2
1237881 55 52 2
1237944 55 1 0
1238105 55 30 0
1238252 55 30 0
1238272 55 1 2
1238383 55 30 0
1238521 55 30 0
1238540 55 46 0
1238540 55 46 0
1238577 55 46 2
1238650 55 46 2
1238682 55 47 0
1238682 55 47 0
1238708 55 47 2
1238789 55 47 2
1238817 55 30 0
1238933 55 12 0
1238933 55 12 0
1239016 55 12 2
1239050 55 30 0
1239073 55 12 2
1239139 55 30 0
1239288 55 30 0
1239401 55 30 0
1239557 55 1 0
1239557 55 1 0
1239589 55 30 0
1239671 55 1 2
1239696 55 1 2
1239743 55 30 0
1239865 55 30 0
1239952 55 30 0
1239980 55 53 2
1240135 55 30 0
1240144 55 46 0
1240144 55 46 0
1240178 55 46 2
1240251 55 46 2
1240283 55 47 0
1240283 55 47 0
1240286 55 30 0
1240309 55 47 2
1240390 55 47 2
1240417 55 30 0
1240511 55 30 0
1240534 55 12 0
1240534 55 12 0
1240616 55 12 2
1240629 55 30 0
1240673 55 12 2
1240757 55 30 0
1240805 55 1 0
1240859 55 30 0
1240929 55 50 2
1240935 55 1 2
1240946 55 30 0
1241069 55 30 0
1241287 55 1 0
1241319 55 30 0
1241426 55 1 2
1241797 55 54 2
1241874 55 46 0
1241874 55 46 0
1241908 55 46 2
1241917 55 46 2
1241949 55 47 0
1241949 55 47 0
1241975 55 47 2
1241983 55 47 2
1242035 55 30 0
1242127 55 12 0
1242127 55 12 0
1242209 55 12 2
1242217 55 12 2
1242246 55 30 0
1242349 55 1 0
1242418 55 51 2
1242474 55 30 0
1242479 55 1 2
1242585 55 30 0
1242823 55 9 0
1242945 55 9 2
1243069 55 55 0
1243078 55 30 0
1243135 55 55 2
1243139 55 1 0
1243279 55 1 2
1243303 55 56 0
1243425 55 56 2
1243445 55 45 0
1243522 55 45 2
1243578 55 46 0
1243643 55 46 2
1243709 55 30 0
1243719 55 63 0
1243914 55 63 2
1243922 55 47 0
1243988 55 47 2
1244073 55 2 0
1244074 55 30 0
1244092 55 62 0
1244092 55 62 0
1244126 55 62 2
1244134 55 62 2
1244202 55 29 0
1244284 55 29 2
1244324 55 30 0
1244398 55 30 2
1244442 55 17 0
1244564 55 17 2
1244620 55 18 0
1244655 55 30 0
1244734 55 18 2
1244782 55 19 0
1244888 55 19 2
1244924 55 21 0
1245014 55 21 2
1245046 55 22 0
1245129 55 22 2
1245268 55 30 0
1245485 55 61 0
1245485 55 61 0
1245527 55 61 2
1245536 55 61 2
1246072 55 1 0
1246072 55 1 0
1246186 55 1 2
1246194 55 1 2
1246278 55 58 0
1246278 55 58 0
1246344 55 58 2
1246352 55 58 2
1246432 55 59 0
1246432 55 59 0
1246490 55 59 2
1246498 55 59 2
1247435 55 2 0
1247436 55 4 0
1254756 55 2 0
1254757 55 2 2
1276894 55 2 0
1276895 55 63 1
1277060 55 2 2
1277174 55 63 2
1300424 55 2 0
1300425 55 63 1
1300590 55 2 2
1300704 55 63 2
1305442 55 2 0
1305443 55 2 2
1334477 55 2 0
1334478 55 63 1
1334649 55 2 2
1334763 55 63 2
1357807 55 2 0
1357808 55 63 1
1357979 55 2 2
1358093 55 63 2
1392027 55 2 0
1392028 55 63 1
1392199 55 2 2
1392313 55 63 2
1415397 55 2 0
1415398 55 63 1
1415569 55 2 2
1415683 55 63 2
1448814 55 2 0
1448815 55 63 1
1448986 55 2 2
1449100 55 63 2
1472114 55 2 0
1472115 55 63 1
1472286 55 2 2
1472400 55 63 2
1506061 55 2 0
1506062 55 63 1
1506233 55 2 2
1506347 55 63 2
1529391 55 2 0
1529392 55 63 1
1529563 55 2 2
1529677 55 63 2
1594349 55 2 0
1594350 55 63 1
1594519 55 2 2
1594633 55 63 2
1617819 55 2 0
1617820 55 63 1
1617989 55 2 2
1618103 55 63 2
1651658 55 2 0
1651659 55 63 1
1651830 55 2 2
1651944 55 63 2
1674978 55 2 0
1674979 55 63 1
1675150 55 2 2
1675264 55 63 2
1708904 55 2 0
1708905 55 63 1
1709076 55 2 2
1709190 55 63 2
1732354 55 63 1
1732355 55 2 0
1732526 55 2 2
1732640 55 63 2
1765693 55 2 0
1765694 55 63 1
1765864 55 2 2
1765978 55 63 2
1789003 55 2 0
1789004 55 63 1
1789174 55 2 2
1789288 55 63 2
1822988 55 2 0
1822989 55 63 1
1823160 55 2 2
1823274 55 63 2
1846288 55 2 0
1846289 55 63 1
1846460 55 2 2
1846574 55 63 2
1880118 55 2 0
1880119 55 63 1
1880290 55 2 2
1880404 55 63 2
1903478 55 2 0
1903479 55 63 1
1903650 55 2 2
1903764 55 63 2
1937368 55 2 0
1937369 55 63 1
1937540 55 2 2
1937654 55 63 2
1960708 55 2 0
1960709 55 63 1
1960880 55 2 2
1960994 55 63 2
1986156 55 2 0
1986157 55 2 2
1995707 55 36 0
1995707 55 36 0
1997303 55 36 2
1998613 55 36 2
1998657 55 37 0
1998657 55 37 0
1998707 55 37 2
1999020 55 37 2
1999152 55 8 0
1999152 55 8 0
1999266 55 8 2
1999314 55 8 2
1999362 55 0 0
1999362 55 0 0
1999484 55 0 2
1999582 55 0 2
1999670 55 36 0
1999670 55 36 0
1999768 55 36 2
2000086 55 36 2
2000118 55 38 0
2000118 55 38 0
2000420 55 38 2
2000468 55 38 2
2000628 55 54 0
2000628 55 54 0
2000654 55 54 2
2000935 55 54 2
2000967 55 12 0
2000967 55 12 0
2001049 55 12 2
2001057 55 12 2
2001121 55 37 0
2001121 55 37 0
2001171 55 37 2
2002482 55 52 2
2002679 55 37 2
2003165 55 52 2
2003287 55 52 2
2003667 55 47 0
2003921 55 47 2
2003945 55 11 0
2003945 55 11 0
2004035 55 11 2
2004043 55 11 2
2004171 55 1 0
2004171 55 1 0
2004285 55 1 2
2004341 55 1 2
2004941 55 4 0
2004941 55 4 0
2005032 55 4 2
2005075 55 4 2
2005607 55 38 0
2005607 55 38 0
2005659 55 38 2
2005677 55 38 2
2005833 55 46 0
2005833 55 46 0
2005867 55 46 2
2005934 55 46 2
2005954 55 4 0
2005954 55 4 0
2006045 55 4 2
2006139 55 4 2
2006171 55 0 0
2006171 55 0 0
2006293 55 0 2
2006301 55 0 2
2006449 55 47 0
2006449 55 47 0
2006475 55 47 2
2006482 55 47 2
2006498 55 12 0
2006630 55 12 2
2006666 55 47 0
2006766 55 47 2
2006822 55 54 2
2007506 55 54 2
2007619 55 54 2
2007822 55 63 0
2007822 55 63 0
2007858 55 63 2
2007919 55 63 2
2008123 55 58 0
2008123 55 58 0
2008190 55 58 2
2008196 55 53 2
2008205 55 58 2
2008289 55 46 0
2008432 55 46 2
2009089 55 53 2
2009211 55 53 2
2009604 55 3 0
2011829 55 3 2
2011837 55 19 0
2011928 55 57 2
2011935 55 19 2
2011939 55 3 0
2022391 55 3 2
2022604 55 42 2
2022607 55 3 0
2026721 55 3 2
2052676 55 2 0
2052677 55 63 1
2052868 55 2 2
2052982 55 63 2
2076076 55 2 0
2076077 55 63 1
2076248 55 2 2
2076362 55 63 2
2091562 55 2 2
2091563 55 2 0
2116825 55 2 0
2116826 55 63 1
2116997 55 2 2
2117111 55 63 2
2140155 55 2 0
2140156 55 63 1
2140327 55 2 2
2140441 55 63 2
2176241 55 2 0
2176242 55 63 1
2176413 55 2 2
2176527 55 63 2
2199601 55 2 0
2199602 55 63 1
2199773 55 2 2
2199887 55 63 2
2235537 55 2 0
2235538 55 63 1
2235709 55 2 2
2235823 55 63 2
2258957 55 2 0
2258958 55 63 1
2259129 55 2 2
2259243 55 63 2
2653220 55 2 0
2653221 55 2 2
2972648 55 38 0
2972648 55 38 0
2974090 55 2 0
2974091 55 2 2
2974245 55 38 2
2975192 55 38 2
2976141 55 15 0
2976141 55 15 0
2977103 55 15 2
2977191 55 38 0
2977191 55 38 0
2977233 55 38 2
2977259 55 15 2
2977471 55 38 2
2978812 55 0 2
2979415 55 38 0
2979415 55 38 0
2979465 55 38 2
2979527 55 38 2
2988334 55 2 2
2988345 55 3 0
2993509 55 3 2
3949178 55 38 0
3949178 55 38 0
3949477 55 38 2
3949991 55 38 2
3950893 55 7 0
3951371 55 7 2
3951939 55 38 0
3951939 55 38 0
3951981 55 38 2
3954069 55 38 2
3954667 55 0 2
3955017 55 7 0
3958837 55 7 2
3959833 55 38 0
3959833 55 38 0
3959883 55 38 2
3959905 55 38 2
4925776 55 38 0
4925776 55 38 0
4926897 55 38 2
4927213 55 38 2
4928881 55 38 0
4928881 55 38 0
4928923 55 38 2
4929154 55 38 2
4931098 55 38 0
4931098 55 38 0
4931140 55 38 2
4931149 55 38 2
5902332 55 38 0
5902332 55 38 0
5903078 55 38 2
5903311 55 38 2
5905295 55 38 0
5905295 55 38 0
5905338 55 38 2
5905413 55 38 2
5907357 55 38 0
5907357 55 38 0
5907407 55 38 2
5907429 55 38 2
5907690 55 0 2
6878859 55 38 0
6878859 55 38 0
6879054 55 38 2
6879931 55 38 2
6880470 55 7 0
6880756 55 7 2
6881324 55 38 0
6881324 55 38 0
6881367 55 38 2
6881483 55 38 2
6883427 55 38 0
6883427 55 38 0
6883469 55 38 2
6883477 55 38 2
