0 37 51 0
3347 37 7 1
3522 37 51 2
3526 37 22 0
3558 37 0 2
3655 37 7 2
6366 37 22 2
6378 37 1 0
7146 37 1 2
7166 37 24 0
7264 37 24 2
12140 37 7 1
12348 37 0 2
12445 37 7 2
41734 37 4 0
44909 37 4 2
44961 37 44 0
46723 37 44 2
46735 37 5 0
46781 37 7 1
46808 37 5 2
46820 37 45 0
46998 37 4 2
47063 37 7 2
47064 37 4 0
47138 37 4 0
47228 37 4 0
47274 37 45 2
47305 37 4 0
47342 37 24 0
47381 37 4 0
47475 37 4 0
47579 37 4 0
47676 37 4 0
47752 37 4 0
47820 37 24 2
47838 37 4 0
47852 37 25 0
47913 37 4 0
47999 37 25 2
48007 37 26 0
48029 37 4 0
48108 37 26 2
48129 37 4 0
48148 37 27 0
48215 37 4 0
48232 37 27 2
48252 37 33 0
48312 37 4 0
48422 37 4 0
48520 37 4 0
48616 37 4 0
48710 37 4 0
48809 37 4 0
48919 37 4 0
48953 37 33 2
48973 37 35 0
49007 37 4 0
49088 37 35 2
49096 37 41 0
49104 37 4 0
49229 37 4 0
49342 37 4 0
49468 37 4 0
49580 37 4 0
49662 37 4 0
49720 37 7 1
49752 37 4 0
49757 37 41 2
49773 37 42 0
49853 37 4 0
49929 37 2 2
49949 37 4 0
50015 37 7 2
50041 37 42 2
50042 37 4 0
50073 37 1 0
50142 37 4 0
50175 37 1 2
50211 37 36 0
50242 37 4 0
50321 37 36 2
50333 37 43 0
50378 37 4 0
50494 37 4 0
50536 37 7 1
50602 37 4 0
50698 37 4 0
50748 37 4 2
50758 37 43 2
50774 37 17 0
50809 37 4 0
50817 37 7 2
50820 37 4 0
50876 37 17 2
50902 37 4 0
50922 37 4 0
50968 37 27 0
51003 37 4 0
51008 37 4 0
51061 37 27 2
51065 37 37 0
51110 37 4 0
51124 37 4 0
51190 37 37 2
51193 37 4 0
51202 37 17 0
51205 37 4 0
51271 37 4 0
51329 37 4 0
51378 37 4 0
51439 37 4 0
51459 37 4 0
51543 37 4 0
51563 37 4 0
51663 37 4 0
51678 37 4 0
51772 37 4 0
51792 37 4 0
51873 37 4 0
51906 37 4 0
52004 37 4 0
52016 37 4 0
52041 37 7 1
52089 37 17 2
52097 37 15 0
52107 37 4 0
52133 37 4 0
52196 37 4 0
52230 37 4 0
52248 37 12 2
52305 37 7 2
52330 37 4 0
52360 37 4 0
52437 37 15 2
52441 37 4 0
52477 37 16 0
52501 37 4 0
52566 37 4 0
52648 37 4 0
52664 37 16 2
52674 37 4 0
52704 37 18 0
52765 37 4 0
52771 37 4 0
52804 37 18 2
52828 37 61 0
52870 37 4 0
52882 37 4 0
52960 37 4 0
52972 37 4 0
52982 37 61 2
52994 37 54 0
53082 37 4 0
53098 37 4 0
53204 37 54 2
53215 37 4 0
53224 37 11 0
53313 37 11 2
53321 37 19 0
53342 37 4 0
53344 37 4 0
53403 37 19 2
53407 37 35 0
53459 37 4 0
53484 37 4 0
53570 37 4 0
53645 37 4 0
53701 37 4 0
53706 37 35 2
53722 37 53 0
53804 37 4 0
53886 37 4 0
53984 37 4 0
54077 37 4 0
54182 37 4 0
54329 37 4 0
54468 37 4 0
54562 37 4 0
54688 37 4 0
54813 37 4 0
54950 37 4 0
55054 37 7 1
55065 37 4 0
55163 37 4 0
55260 37 23 2
55282 37 4 0
55317 37 7 2
55432 37 4 0
55491 37 53 2
55531 37 33 0
55576 37 4 0
55599 37 7 1
55634 37 33 2
55646 37 36 0
55732 37 4 0
55783 37 36 2
55803 37 40 0
55808 37 5 2
55864 37 7 2
55880 37 4 0
56021 37 4 0
56081 37 40 2
56105 37 37 0
56144 37 4 0
56212 37 7 1
56238 37 37 2
56254 37 4 0
56342 37 38 0
56408 37 4 0
56418 37 12 2
56474 37 7 2
56494 37 38 2
56498 37 62 0
56606 37 4 0
56730 37 4 0
56765 37 62 2
56789 37 8 0
56861 37 4 0
56916 37 8 2
56924 37 29 0
56972 37 4 0
57042 37 29 2
57063 37 4 0
57082 37 0 0
57208 37 0 2
57220 37 38 0
57222 37 4 0
57349 37 4 0
57443 37 4 0
57473 37 38 2
57482 37 7 1
57489 37 39 0
57521 37 7 1
57633 37 4 0
57688 37 30 2
57728 37 4 2
57729 37 7 2
57752 37 4 0
57799 37 7 2
57802 37 4 0
57882 37 4 0
57910 37 7 1
57912 37 4 0
57984 37 4 0
57998 37 4 0
58108 37 4 0
58118 37 59 2
58120 37 4 0
58181 37 39 2
58183 37 7 2
58185 37 39 0
58220 37 4 0
58221 37 4 0
58316 37 4 0
58422 37 4 0
58641 37 4 0
58740 37 4 0
58845 37 4 0
58933 37 39 2
58967 37 4 0
58989 37 36 0
59088 37 4 0
59094 37 36 2
59126 37 38 0
59190 37 4 0
59222 37 38 2
59238 37 51 0
59290 37 4 0
59346 37 51 2
59402 37 60 0
59426 37 4 0
59533 37 4 0
59638 37 4 0
59705 37 60 2
59713 37 52 0
59738 37 4 0
59891 37 4 0
59913 37 7 1
59964 37 52 2
60000 37 4 0
60082 37 4 0
60119 37 0 2
60211 37 4 0
60217 37 7 2
60288 37 4 0
60340 37 7 1
60381 37 4 2
60401 37 53 0
60474 37 4 0
60518 37 53 2
60542 37 54 0
60548 37 41 2
60579 37 4 0
60613 37 7 2
60678 37 4 0
60896 37 4 0
60991 37 54 2
61007 37 11 0
61049 37 4 0
61193 37 4 0
61301 37 4 0
61320 37 11 2
61332 37 56 0
61405 37 4 0
61618 37 4 0
61735 37 4 0
61813 37 7 1
61840 37 4 0
61949 37 4 0
62018 37 48 2
62060 37 4 0
62083 37 56 2
62087 37 12 0
62099 37 7 2
62211 37 4 0
62358 37 4 0
62371 37 12 2
62379 37 57 0
62465 37 4 0
62534 37 57 2
62538 37 2 0
62565 37 4 0
62715 37 4 0
62835 37 4 0
62859 37 2 2
62911 37 37 0
62960 37 4 0
63027 37 37 2
63043 37 40 0
63066 37 4 0
63178 37 4 0
63237 37 40 2
63293 37 58 0
63356 37 4 0
63492 37 4 0
63588 37 4 0
63638 37 58 2
63691 37 4 0
63698 37 35 0
63783 37 35 2
63787 37 50 0
63855 37 7 1
63898 37 4 0
63972 37 50 2
63992 37 62 0
64037 37 4 0
64098 37 2 2
64148 37 4 0
64188 37 7 2
64256 37 4 0
64392 37 4 0
64508 37 4 0
64537 37 62 2
64565 37 38 0
64600 37 4 0
64803 37 4 0
64857 37 38 2
64929 37 63 0
64934 37 4 0
65060 37 4 0
65151 37 4 0
65250 37 63 2
65286 37 4 0
65290 37 12 0
65418 37 4 0
65526 37 4 0
65541 37 12 2
65565 37 2 0
65643 37 4 0
65656 37 2 2
65680 37 13 0
65973 37 13 2
66069 37 3 0
66161 37 3 2
66201 37 23 0
66373 37 23 2
66389 37 24 0
66514 37 24 2
66622 37 8 0
66892 37 8 2
66900 37 25 0
67087 37 25 2
67088 37 7 1
67115 37 26 0
67151 37 7 1
67208 37 26 2
67220 37 7 1
67288 37 0 0
67299 37 4 2
67311 37 7 1
67373 37 7 2
67397 37 0 2
67398 37 7 1
67405 37 3 0
67409 37 29 2
67443 37 7 2
67487 37 7 1
67519 37 28 2
67539 37 3 2
67561 37 7 2
67566 37 7 1
67583 37 4 0
67660 37 23 2
67666 37 4 2
67681 37 7 1
67718 37 7 2
67762 37 5 0
67773 37 39 2
67774 37 7 1
67814 37 7 2
67879 37 11 2
67899 37 5 2
67930 37 7 1
67939 37 15 0
67944 37 7 2
67989 37 17 2
68063 37 7 2
68099 37 25 2
68121 37 7 1
68165 37 7 2
68196 37 7 1
68209 37 18 2
68271 37 7 1
68275 37 7 2
68319 37 60 2
68377 37 7 2
68429 37 57 2
68511 37 7 2
68524 37 15 2
68532 37 14 0
68539 37 21 2
68581 37 7 2
68651 37 6 2
68716 37 7 2
68745 37 7 1
68880 37 7 1
68952 37 44 2
68969 37 14 2
68981 37 50 0
68988 37 7 1
68994 37 7 2
69049 37 7 1
69119 37 54 2
69170 37 7 2
69203 37 7 1
69259 37 7 2
69309 37 7 1
69333 37 7 2
69352 37 50 2
69380 37 6 0
69389 37 12 2
69447 37 7 2
69486 37 7 1
69500 37 20 2
69509 37 6 2
69529 37 4 0
69552 37 7 2
69583 37 7 1
69602 37 4 2
69609 37 13 2
69610 37 8 0
69659 37 7 2
69719 37 9 2
69771 37 8 2
69775 37 47 0
69802 37 7 2
69828 37 15 2
69842 37 7 1
69894 37 7 2
70005 37 7 1
70049 37 45 2
70083 37 7 2
70145 37 7 1
70198 37 47 2
70206 37 49 0
70210 37 47 2
70227 37 7 1
70261 37 7 2
70349 37 7 1
70349 37 8 2
70440 37 7 2
70459 37 31 2
70485 37 7 1
70509 37 7 2
70569 37 30 2
70611 37 7 1
70612 37 7 2
70689 37 14 2
70748 37 7 2
70769 37 7 1
70829 37 1 2
70919 37 7 2
70929 37 7 1
70979 37 42 2
71024 37 7 1
71037 37 7 2
71086 37 7 1
71139 37 59 2
71205 37 7 2
71249 37 10 2
71259 37 7 1
71323 37 7 2
71360 37 36 2
71388 37 7 1
71394 37 7 2
71471 37 16 2
71485 37 7 1
71553 37 7 2
71599 37 5 2
71657 37 7 2
71709 37 53 2
71732 37 7 1
71751 37 7 2
71837 37 7 1
71939 37 56 2
71953 37 7 1
72029 37 7 2
72049 37 38 2
72070 37 7 1
72083 37 7 2
72159 37 41 2
72198 37 7 1
72224 37 7 2
72279 37 33 2
72318 37 7 1
72336 37 7 2
72409 37 32 2
72416 37 7 1
72476 37 7 2
72527 37 7 1
72529 37 40 2
72598 37 49 2
72603 37 7 2
72614 37 11 0
72637 37 7 1
72639 37 22 2
72689 37 7 2
72749 37 24 2
72776 37 11 2
72812 37 5 0
72823 37 7 2
72859 37 52 2
72896 37 7 1
72909 37 7 2
72957 37 5 2
72981 37 37 0
72990 37 7 1
73099 37 48 2
73181 37 7 2
73185 37 7 1
73219 37 37 2
73235 37 37 2
73244 37 7 2
73299 37 4 0
73319 37 7 1
73399 37 63 2
73420 37 7 1
73436 37 4 2
73440 37 1 0
73465 37 7 2
73530 37 35 2
73539 37 7 1
73549 37 1 2
73571 37 7 2
73577 37 27 0
73642 37 34 2
73688 37 7 1
73692 37 7 2
73703 37 27 2
73711 37 2 0
73804 37 7 1
73823 37 2 2
73835 37 11 0
73859 37 61 2
73897 37 7 1
73909 37 7 2
73969 37 49 2
73991 37 11 2
73999 37 7 0
74022 37 7 1
74042 37 7 2
74079 37 55 2
74117 37 7 1
74137 37 7 2
74189 37 27 2
74223 37 7 1
74239 37 7 2
74253 37 7 2
74273 37 3 0
74299 37 58 2
74332 37 7 1
74373 37 7 2
74409 37 46 2
74431 37 3 2
74451 37 7 2
74512 37 7 1
74520 37 51 2
74539 37 6 0
74578 37 7 2
74597 37 7 1
74620 37 6 2
74629 37 50 2
74640 37 9 0
74690 37 7 1
74695 37 7 2
74739 37 62 2
74774 37 7 1
74797 37 7 2
74849 37 19 2
74865 37 7 1
74907 37 7 2
74959 37 26 2
75017 37 7 2
75070 37 43 2
75104 37 9 2
75120 37 7 2
75179 37 3 2
75253 37 7 2
75276 37 8 0
76136 37 8 2
76148 37 11 0
76303 37 11 2
76323 37 12 0
76410 37 12 2
76434 37 16 0
76940 37 16 2
76948 37 13 0
77053 37 13 2
77101 37 2 0
77231 37 2 2
77267 37 14 0
77369 37 14 2
77373 37 17 0
77946 37 17 2
77954 37 15 0
78154 37 15 2
78174 37 18 0
78553 37 18 2
78577 37 4 0
78672 37 4 2
78712 37 40 0
80525 37 40 2
80529 37 38 0
80529 37 38 0
80555 37 38 2
80681 37 38 2
80689 37 27 0
80770 37 27 2
80790 37 35 0
80888 37 35 2
80944 37 28 0
81078 37 28 2
81146 37 3 0
81231 37 3 2
81235 37 46 0
81657 37 46 2
81677 37 4 0
81779 37 4 2
81811 37 0 0
81864 37 7 1
81997 37 0 2
82001 37 29 0
82068 37 2 2
82108 37 29 2
82149 37 7 2
82252 37 47 0
82561 37 47 2
82633 37 30 0
82825 37 30 2
83177 37 31 0
83368 37 31 2
83372 37 44 0
83497 37 44 2
83505 37 43 0
83609 37 43 2
83741 37 32 0
83972 37 7 1
84178 37 9 2
84260 37 7 2
84637 37 7 1
84848 37 45 2
84881 37 7 2
85052 37 32 2
85124 37 33 0
85224 37 33 2
85272 37 33 0
85420 37 33 2
85428 37 27 0
85539 37 27 2
85643 37 54 0
85873 37 54 2
85885 37 28 0
85991 37 28 2
86007 37 5 0
86235 37 5 2
86243 37 56 0
87193 37 7 1
87398 37 63 2
87463 37 7 2
87877 37 7 1
87992 37 7 1
88098 37 0 2
88195 37 7 2
88208 37 27 2
88257 37 7 2
88765 37 56 2
88781 37 6 0
89107 37 6 2
89207 37 41 0
89424 37 41 2
89472 37 61 0
89611 37 61 2
89615 37 39 0
89817 37 39 2
89829 37 7 0
89966 37 7 2
90026 37 8 0
90141 37 8 2
90173 37 63 0
90570 37 63 2
90678 37 0 0
90787 37 0 2
90815 37 57 0
91159 37 57 2
91227 37 58 0
91423 37 58 2
91507 37 46 0
91755 37 46 2
91767 37 59 0
91877 37 59 2
91909 37 32 0
92045 37 32 2
92053 37 50 0
92222 37 0 0
92241 37 50 2
92317 37 60 0
92415 37 0 0
92538 37 0 0
92675 37 60 2
92683 37 62 0
92691 37 0 0
92837 37 0 0
92947 37 0 0
93025 37 62 2
93029 37 3 0
93071 37 0 0
93117 37 3 2
93129 37 5 0
93186 37 0 0
93216 37 5 2
93244 37 17 0
93326 37 0 0
93452 37 17 2
93472 37 6 0
93489 37 0 0
93624 37 0 0
93629 37 6 2
93721 37 11 0
93763 37 0 0
93887 37 0 0
94016 37 0 0
94060 37 11 2
94068 37 10 0
94130 37 0 0
94157 37 10 2
94177 37 11 0
94258 37 0 0
94299 37 11 2
94307 37 6 0
94402 37 0 0
94456 37 6 2
94492 37 36 0
94547 37 0 0
94699 37 0 0
94773 37 36 2
94833 37 12 0
94844 37 0 0
94979 37 12 2
94987 37 0 0
95000 37 0 0
95118 37 0 2
95134 37 0 0
95242 37 15 0
95242 37 15 0
95246 37 0 0
95340 37 15 2
95372 37 0 0
95446 37 15 2
95512 37 0 0
95566 37 7 0
95625 37 0 0
95677 37 0 2
95739 37 7 2
95743 37 7 0
95756 37 0 0
95872 37 0 0
95920 37 7 2
95932 37 0 0
95983 37 0 0
95988 37 43 2
96099 37 0 0
96102 37 58 2
96214 37 0 0
96237 37 38 2
96240 37 0 2
96326 37 63 2
96336 37 0 0
96388 37 9 0
96440 37 10 2
96453 37 0 0
96551 37 26 2
96560 37 0 0
96660 37 49 2
96689 37 9 2
96690 37 0 0
96721 37 8 0
96765 37 43 2
96799 37 30 2
96801 37 0 0
96871 37 38 2
96941 37 0 0
96972 37 58 2
96982 37 8 2
97010 37 47 0
97058 37 0 0
97069 37 38 2
97092 37 63 2
97176 37 58 2
97193 37 0 0
97223 37 10 2
97240 37 47 2
97302 37 63 2
97315 37 49 2
97319 37 0 0
97423 37 30 2
97437 37 0 0
97443 37 43 2
97530 37 26 2
97551 37 49 2
97568 37 0 0
97670 37 26 2
97684 37 48 0
97695 37 0 0
97771 37 30 2
97840 37 0 0
97883 37 10 2
97963 37 0 0
97969 37 48 2
98078 37 0 0
98212 37 0 0
98334 37 0 0
98444 37 0 0
98545 37 49 0
98568 37 0 0
98680 37 0 0
98818 37 0 0
98875 37 49 2
98948 37 0 0
99089 37 0 0
99451 37 50 0
99699 37 50 2
100275 37 51 0
100528 37 51 2
101104 37 52 0
101390 37 52 2
101515 37 0 0
101516 37 7 1
101718 37 0 2
101815 37 7 2
101966 37 53 0
102232 37 53 2
102808 37 54 0
103077 37 54 2
103653 37 55 0
103882 37 55 2
104458 37 56 0
104767 37 56 2
105343 37 57 0
105692 37 57 2
106268 37 58 0
106519 37 58 2
107095 37 59 0
107274 37 7 1
107348 37 59 2
107478 37 2 2
107559 37 7 2
107924 37 60 0
108227 37 60 2
108803 37 61 0
109080 37 61 2
109523 37 0 0
109524 37 0 2
109656 37 62 0
109917 37 62 2
110493 37 63 0
110721 37 63 2
111297 37 0 0
111297 37 0 0
111387 37 0 2
111502 37 0 0
111503 37 0 2
111552 37 0 2
111820 37 2 0
112129 37 2 2
112185 37 3 0
112204 37 58 2
112322 37 38 2
112424 37 63 2
112508 37 3 2
112512 37 7 0
112556 37 43 2
112578 37 38 2
112656 37 49 2
112672 37 63 2
112802 37 43 2
112803 37 7 2
112872 37 26 2
112891 37 4 0
112894 37 58 2
113016 37 49 2
113138 37 26 2
113151 37 4 2
113174 37 30 2
113213 37 63 2
113320 37 30 2
113328 37 38 2
113414 37 43 2
113425 37 10 2
113508 37 58 2
113539 37 1 0
113570 37 10 2
113627 37 49 2
113746 37 26 2
113838 37 1 2
113840 37 30 2
114041 37 10 2
114414 37 2 0
114731 37 2 2
115307 37 3 0
115630 37 3 2
116206 37 4 0
116463 37 4 2
117039 37 5 0
117276 37 5 2
117852 37 6 0
118179 37 6 2
118755 37 7 0
119044 37 7 2
119620 37 8 0
119873 37 8 2
120449 37 9 0
120748 37 9 2
121324 37 10 0
121623 37 10 2
122199 37 11 0
122199 37 11 0
122257 37 11 2
122327 37 7 1
122502 37 11 2
122538 37 2 2
122619 37 7 2
123078 37 12 0
123333 37 12 2
123909 37 13 0
124146 37 13 2
124722 37 14 0
125031 37 14 2
125607 37 15 0
125876 37 15 2
126452 37 16 0
126713 37 16 2
127289 37 17 0
127588 37 17 2
127810 37 7 1
128018 37 2 2
128099 37 7 2
128164 37 18 0
128445 37 18 2
128903 37 7 1
129021 37 19 0
129109 37 2 2
129191 37 7 2
129314 37 19 2
129890 37 20 0
130143 37 20 2
130719 37 21 0
130956 37 21 2
131532 37 22 0
131833 37 22 2
132409 37 23 0
132668 37 23 2
133244 37 24 0
133503 37 24 2
134079 37 25 0
134378 37 25 2
134954 37 26 0
135217 37 26 2
135793 37 27 0
136066 37 27 2
136642 37 28 0
136903 37 28 2
137479 37 29 0
137716 37 29 2
138292 37 30 0
138575 37 30 2
139151 37 31 0
139390 37 31 2
139966 37 32 0
140223 37 32 2
140799 37 33 0
141098 37 33 2
141674 37 34 0
141919 37 34 2
142495 37 35 0
142748 37 35 2
143324 37 36 0
143603 37 36 2
144179 37 37 0
144188 37 7 1
144399 37 37 2
144415 37 37 2
144424 37 7 2
144991 37 38 0
145257 37 38 2
145538 37 7 1
145636 37 7 1
145749 37 63 2
145754 37 7 1
145815 37 7 2
145833 37 39 0
145859 37 38 2
145893 37 7 2
145898 37 7 1
145969 37 43 2
146008 37 7 1
146019 37 7 2
146062 37 39 2
146105 37 7 1
146109 37 58 2
146182 37 7 2
146219 37 49 2
146234 37 7 1
146292 37 7 2
146329 37 26 2
146368 37 7 1
146387 37 7 2
146439 37 30 2
146481 37 7 2
146579 37 10 2
146638 37 40 0
146653 37 7 2
146911 37 40 2
147487 37 41 0
147796 37 41 2
148372 37 42 0
148619 37 42 2
149195 37 43 0
149448 37 43 2
150024 37 44 0
150301 37 44 2
150877 37 45 0
151124 37 45 2
151700 37 46 0
151967 37 46 2
162671 37 8 0
162933 37 8 2
197913 37 14 0
197995 37 14 2
198267 37 61 0
198365 37 61 2
198437 37 54 0
198535 37 54 2
198567 37 55 0
198673 37 55 2
198901 37 40 0
199015 37 40 2
199043 37 49 0
199157 37 49 2
199169 37 51 0
199291 37 51 2
199311 37 37 0
199320 37 0 0
199417 37 37 2
199421 37 20 0
199495 37 20 2
199511 37 3 0
199828 37 3 2
199920 37 21 0
199994 37 21 2
200002 37 56 0
200132 37 56 2
200152 37 57 0
200277 37 57 2
200365 37 58 0
200478 37 58 2
200558 37 59 0
200663 37 59 2
200687 37 63 0
200802 37 63 2
200886 37 33 0
200984 37 33 2
201088 37 0 0
201226 37 0 0
201358 37 0 0
201492 37 0 0
201622 37 0 0
201772 37 0 0
201896 37 0 0
203157 37 63 2
207708 37 0 0
213608 37 2 2
245753 37 2 0
245754 37 7 1
245958 37 2 2
246039 37 7 2
258482 37 0 0
258483 37 7 1
258688 37 0 2
258785 37 7 2
260325 37 7 1
260529 37 0 2
260627 37 7 2
265344 37 0 2
265930 37 0 2
266068 37 0 2
277302 37 7 1
277509 37 0 2
277607 37 7 2
281442 37 0 2
281605 37 0 2
282086 37 0 2
310013 37 0 0
317284 37 7 1
317488 37 2 2
317569 37 7 2
326765 37 2 0
326766 37 7 1
326968 37 2 2
327049 37 7 2
373281 37 2 0
373282 37 4 0
399943 37 2 0
399944 37 7 1
400148 37 2 2
400229 37 7 2
424698 37 2 0
424699 37 7 1
424908 37 2 2
424989 37 7 2
451052 37 2 0
451053 37 7 1
451258 37 2 2
451339 37 7 2
516887 37 7 1
517095 37 2 2
517176 37 7 2
530824 37 2 0
530825 37 7 1
531036 37 2 2
531118 37 7 2
541141 37 2 0
541142 37 7 1
541345 37 2 2
541426 37 7 2
568341 37 2 0
568342 37 7 1
568545 37 2 2
568626 37 7 2
590672 37 2 0
590673 37 7 1
590875 37 2 2
590956 37 7 2
603655 37 2 0
603656 37 7 1
603866 37 2 2
603948 37 7 2
627125 37 2 0
627126 37 7 1
627336 37 2 2
627418 37 7 2
666875 37 7 1
667086 37 2 2
667168 37 7 2
690335 37 2 0
690336 37 7 1
690546 37 2 2
690628 37 7 2
728717 37 2 0
728718 37 7 1
728929 37 2 2
729011 37 7 2
752017 37 2 0
752018 37 7 1
752229 37 2 2
752311 37 7 2
765900 37 2 0
765901 37 2 2
791115 37 2 0
791116 37 7 1
791327 37 2 2
791409 37 7 2
814515 37 2 0
814516 37 7 1
814727 37 2 2
814809 37 7 2
850235 37 2 0
850236 37 7 1
850447 37 2 2
850529 37 7 2
873575 37 2 0
873576 37 7 1
873787 37 2 2
873869 37 7 2
885652 37 2 0
885653 37 7 1
885856 37 2 2
885937 37 7 2
922780 37 2 0
922781 37 7 1
922987 37 2 2
923069 37 7 2
946110 37 2 0
946111 37 7 1
946317 37 2 2
946399 37 7 2
979617 37 2 0
979618 37 7 1
979829 37 2 2
979911 37 7 2
1002957 37 2 0
1002958 37 7 1
1003169 37 2 2
1003251 37 7 2
1018947 37 15 0
1018947 37 15 0
1019593 37 2 0
1019594 37 4 0
1020529 37 2 0
1020530 37 4 0
1021305 37 62 2
1021439 37 15 2
1021530 37 59 2
1021658 37 47 2
1021670 37 2 0
1021671 37 4 0
1021750 37 60 2
1021765 37 2 0
1021766 37 7 1
1021864 37 56 2
1021968 37 2 2
1022015 37 39 2
1022049 37 7 2
1022100 37 14 2
1022191 37 34 2
1022302 37 52 2
1022359 37 15 2
1022413 37 1 2
1022528 37 29 2
1022616 37 22 2
1022642 37 15 2
1022700 37 53 2
1022799 37 0 0
1022799 37 0 0
1022802 37 18 2
1022906 37 0 2
1022914 37 12 2
1022969 37 0 2
1023026 37 38 0
1023026 37 38 0
1023113 37 38 2
1023201 37 24 2
1023203 37 38 2
1023324 37 20 2
1023421 37 8 2
1023550 37 21 2
1023633 37 13 2
1023718 37 31 2
1023802 37 55 2
1023903 37 19 2
1024003 37 23 2
1024094 37 25 2
1024213 37 50 2
1024338 37 61 2
1024445 37 54 2
1024471 37 11 0
1024471 37 11 0
1024529 37 11 2
1024545 37 32 2
1024574 37 11 2
1024669 37 6 2
1024760 37 5 2
1024846 37 11 2
1024945 37 46 2
1025037 37 42 2
1025135 37 2 0
1025136 37 2 2
1025156 37 17 2
1025190 37 2 0
1025271 37 48 2
1025411 37 28 2
1025506 37 40 2
1025640 37 35 2
1025743 37 36 2
1025836 37 9 2
1025957 37 16 2
1026083 37 57 2
1026224 37 7 2
1026311 37 3 2
1026411 37 4 2
1026504 37 45 2
1026516 37 62 2
1026542 37 2 2
1026578 37 25 0
1026659 37 44 2
1026677 37 62 2
1026767 37 25 2
1026772 37 51 2
1026783 37 31 0
1026865 37 31 2
1026901 37 33 0
1026907 37 59 2
1026983 37 33 2
1027027 37 15 2
1027062 37 59 2
1027067 37 33 2
1027071 37 36 0
1027107 37 27 2
1027137 37 47 2
1027157 37 36 2
1027165 37 4 0
1027165 37 4 0
1027193 37 15 2
1027210 37 41 2
1027223 37 4 2
1027310 37 47 2
1027340 37 2 2
1027343 37 60 2
1027399 37 4 2
1027491 37 5 0
1027498 37 60 2
1027615 37 14 2
1027659 37 5 2
1027691 37 34 0
1027726 37 39 2
1027753 37 14 2
1027821 37 34 2
1027841 37 35 0
1027866 37 56 2
1027872 37 39 2
1027943 37 35 2
1027967 37 32 0
1027998 37 22 2
1028020 37 56 2
1028146 37 22 2
1028256 37 53 2
1028341 37 32 2
1028382 37 34 2
1028402 37 53 2
1028524 37 34 2
1028568 37 12 2
1028698 37 12 2
1028702 37 52 2
1028705 37 38 0
1028705 37 38 0
1028733 37 38 2
1028742 37 38 2
1028847 37 52 2
1028918 37 4 0
1028918 37 4 0
1028972 37 24 2
1028976 37 4 2
1029001 37 4 2
1029033 37 0 0
1029033 37 0 0
1029101 37 24 2
1029123 37 0 2
1029140 37 0 2
1029292 37 8 2
1029400 37 29 2
1029422 37 8 2
1029497 37 1 2
1029530 37 29 2
1029601 37 18 2
1029635 37 1 2
1029699 37 63 0
1029700 37 7 1
1029751 37 18 2
1029789 37 38 0
1029829 37 21 2
1029928 37 23 2
1029938 37 63 2
1029959 37 21 2
1030003 37 7 2
1030008 37 63 0
1030044 37 50 2
1030074 37 23 2
1030155 37 20 2
1030162 37 30 0
1030163 37 63 0
1030191 37 50 2
1030260 37 32 2
1030315 37 20 2
1030376 37 25 2
1030420 37 32 2
1030492 37 13 2
1030526 37 25 2
1030632 37 13 2
1030650 37 11 2
1030763 37 54 2
1030780 37 11 2
1030869 37 10 0
1030870 37 63 0
1030896 37 61 2
1030917 37 54 2
1031022 37 6 2
1031050 37 61 2
1031178 37 6 2
1031321 37 19 2
1031423 37 5 2
1031451 37 19 2
1031492 37 49 0
1031493 37 63 0
1031529 37 35 2
1031561 37 5 2
1031623 37 42 2
1031669 37 35 2
1031771 37 42 2
1031830 37 40 2
1031860 37 31 0
1031942 37 31 2
1031943 37 31 2
1031968 37 40 2
1031986 37 35 0
1032052 37 46 2
1032089 37 31 2
1032208 37 46 2
1032249 37 35 2
1032309 37 32 0
1032423 37 32 2
1032436 37 7 2
1032523 37 33 0
1032590 37 7 2
1032592 37 55 2
1032629 37 33 2
1032721 37 34 0
1032755 37 57 2
1032756 37 55 2
1032819 37 34 2
1032851 37 1 0
1032873 37 3 2
1032909 37 57 2
1033017 37 17 2
1033033 37 3 2
1033117 37 45 2
1033146 37 1 2
1033147 37 17 2
1033190 37 32 0
1033255 37 45 2
1033300 37 44 2
1033305 37 32 2
1033313 37 35 0
1033400 37 41 2
1033403 37 35 2
1033407 37 60 0
1033438 37 44 2
1033524 37 60 2
1033540 37 61 0
1033549 37 41 2
1033654 37 61 2
1033680 37 48 2
1033714 37 48 0
1033827 37 48 2
1033830 37 48 2
1033850 37 9 2
1033870 37 49 0
1033976 37 49 2
1033980 37 9 2
1034012 37 36 0
1034012 37 36 0
1034036 37 33 2
1034038 37 36 2
1034095 37 36 2
1034146 37 51 2
1034159 37 37 0
1034159 37 37 0
1034166 37 33 2
1034168 37 37 0
1034169 37 63 0
1034177 37 37 2
1034234 37 37 2
1034259 37 27 2
1034282 37 58 0
1034282 37 58 0
1034292 37 51 2
1034348 37 58 2
1034367 37 2 2
1034368 37 2 0
1034380 37 58 2
1034392 37 31 0
1034405 37 4 2
1034408 37 27 2
1034517 37 36 2
1034546 37 4 2
1034644 37 28 2
1034657 37 36 2
1034671 37 31 2
1034683 37 30 0
1034774 37 28 2
1034932 37 16 2
1034968 37 30 2
1034976 37 59 0
1034976 37 59 0
1035034 37 59 2
1035064 37 16 2
1035067 37 59 2
1035119 37 34 0
1035269 37 26 0
1035270 37 63 0
1035399 37 34 2
1035439 37 0 0
1035439 37 0 0
1035529 37 0 2
1035670 37 0 0
1035671 37 63 0
1035695 37 0 2
1035703 37 33 0
1036048 37 33 2
1036064 37 60 0
1036146 37 60 2
1036166 37 32 0
1036428 37 32 2
1036504 37 61 0
1036578 37 61 2
1036702 37 62 0
1036773 37 58 0
1036774 37 63 0
1036779 37 62 2
1036867 37 12 0
1036976 37 12 2
1036988 37 39 0
1037062 37 39 2
1037074 37 13 0
1037172 37 13 2
1037176 37 48 0
1037290 37 48 2
1037302 37 59 0
1037325 37 43 0
1037326 37 63 0
1037394 37 59 2
1037422 37 54 0
1037422 37 54 0
1037464 37 54 2
1037496 37 54 2
1037536 37 55 0
1037611 37 55 2
1037635 37 56 0
1037750 37 56 2
1037778 37 57 0
1037884 37 57 2
1037948 37 58 0
1038049 37 58 2
1038085 37 49 0
1038191 37 49 2
1038231 37 63 0
1038304 37 63 2
1038352 37 15 0
1038450 37 15 2
1038466 37 44 0
1038548 37 44 2
1038568 37 45 0
1038692 37 45 2
1038940 37 0 0
1039556 37 0 2
1039608 37 2 2
1039648 37 1 0
1039747 37 2 2
1039848 37 1 2
1039948 37 2 0
1040268 37 2 2
1040288 37 41 0
1040394 37 41 2
1040466 37 3 0
1041130 37 3 2
1041390 37 5 0
1041536 37 5 2
1041584 37 6 0
1041641 37 62 2
1041811 37 62 2
1041900 37 6 2
1041917 37 59 2
1041988 37 7 0
1042079 37 59 2
1042445 37 7 2
1042553 37 8 0
1042771 37 15 2
1042913 37 47 2
1042925 37 15 2
1043028 37 60 2
1043075 37 47 2
1043142 37 8 2
1043190 37 60 2
1043193 37 14 2
1043198 37 1 0
1043198 37 1 0
1043284 37 1 2
1043305 37 1 2
1043340 37 14 2
1043344 37 39 2
1043498 37 39 2
1043519 37 56 2
1043650 37 22 2
1043705 37 56 2
1043753 37 46 0
1043755 37 53 2
1043803 37 46 2
1043811 37 4 0
1043836 37 22 2
1043895 37 34 2
1043929 37 53 2
1044041 37 34 2
1044099 37 12 2
1044115 37 4 2
1044139 37 47 0
1044197 37 47 2
1044237 37 12 2
1044257 37 52 2
1044341 37 12 0
1044412 37 52 2
1044415 37 12 2
1044418 37 24 2
1044588 37 24 2
1044779 37 10 0
1044938 37 10 2
1044961 37 8 2
1045058 37 1 0
1045113 37 29 2
1045123 37 8 2
1045164 37 1 2
1045243 37 1 2
1045251 37 29 2
1045369 37 18 2
1045397 37 1 2
1045503 37 21 2
1045515 37 18 2
1045612 37 46 0
1045612 37 46 0
1045631 37 23 2
1045641 37 21 2
1045646 37 46 2
1045662 37 46 2
1045694 37 47 0
1045741 37 50 2
1045752 37 47 2
1045785 37 23 2
1045855 37 20 2
1045896 37 12 0
1045902 37 50 2
1045969 37 12 2
1045975 37 32 2
1046013 37 20 2
1046097 37 25 2
1046137 37 32 2
1046251 37 25 2
1046276 37 13 2
1046368 37 11 2
1046414 37 13 2
1046453 37 1 0
1046453 37 1 0
1046506 37 11 2
1046535 37 1 2
1046546 37 54 2
1046560 37 1 2
1046662 37 61 2
1046708 37 54 2
1046824 37 61 2
1046888 37 6 2
1046992 37 12 0
1046992 37 12 0
1046997 37 19 2
1047034 37 6 2
1047042 37 12 2
1047083 37 12 2
1047099 37 46 0
1047107 37 5 2
1047134 37 19 2
1047149 37 46 2
1047181 37 47 0
1047181 37 47 0
1047223 37 47 2
1047240 37 47 2
1047244 37 5 2
1047256 37 35 2
1047384 37 12 0
1047384 37 12 0
1047385 37 42 2
1047394 37 35 2
1047434 37 12 2
1047458 37 12 2
1047540 37 42 2
1047543 37 40 2
1047677 37 31 2
1047715 37 40 2
1047815 37 46 2
1047831 37 31 2
1047942 37 1 0
1047942 37 1 0
1047969 37 46 2
1048025 37 1 2
1048050 37 1 2
1048263 37 7 2
1048417 37 7 2
1048432 37 55 2
1048498 37 46 0
1048498 37 46 0
1048532 37 46 2
1048549 37 46 2
1048559 37 57 2
1048581 37 47 0
1048581 37 47 0
1048602 37 55 2
1048623 37 47 2
1048640 37 47 2
1048691 37 3 2
1048737 37 57 2
1048784 37 12 0
1048784 37 12 0
1048789 37 17 2
1048834 37 12 2
1048859 37 12 2
1048869 37 3 2
1048927 37 45 2
1048962 37 17 2
1049029 37 44 2
1049073 37 45 2
1049133 37 41 2
1049175 37 44 2
1049241 37 48 2
1049295 37 41 2
1049343 37 1 0
1049343 37 1 0
1049419 37 48 2
1049425 37 1 2
1049431 37 9 2
1049450 37 1 2
1049575 37 33 2
1049584 37 9 2
1049719 37 51 2
1049729 37 33 2
1049838 37 27 2
1049873 37 51 2
1049898 37 46 0
1049898 37 46 0
1049932 37 46 2
1049949 37 46 2
1049976 37 27 2
1049981 37 47 0
1049981 37 47 0
1050023 37 47 2
1050040 37 47 2
1050059 37 4 2
1050184 37 12 0
1050184 37 12 0
1050197 37 4 2
1050221 37 36 2
1050234 37 12 2
1050259 37 12 2
1050326 37 28 2
1050359 37 36 2
1050464 37 28 2
1050509 37 16 2
1050671 37 16 2
1050743 37 1 0
1050743 37 1 0
1050825 37 1 2
1050850 37 1 2
1051298 37 46 0
1051298 37 46 0
1051332 37 46 2
1051349 37 46 2
1051381 37 47 0
1051381 37 47 0
1051427 37 47 2
1051444 37 47 2
1051588 37 12 0
1051588 37 12 0
1051638 37 12 2
1051663 37 12 2
1052147 37 1 0
1052147 37 1 0
1052229 37 1 2
1052254 37 1 2
1052702 37 46 0
1052702 37 46 0
1052736 37 46 2
1052753 37 46 2
1052785 37 47 0
1052785 37 47 0
1052827 37 47 2
1052844 37 47 2
1052988 37 12 0
1052988 37 12 0
1053038 37 12 2
1053063 37 12 2
1053547 37 1 0
1053547 37 1 0
1053629 37 1 2
1053654 37 1 2
1054102 37 46 0
1054102 37 46 0
1054136 37 46 2
1054153 37 46 2
1054185 37 47 0
1054185 37 47 0
1054227 37 47 2
1054244 37 47 2
1054388 37 12 0
1054388 37 12 0
1054438 37 12 2
1054464 37 12 2
1054948 37 1 0
1054948 37 1 0
1055030 37 1 2
1055057 37 1 2
1055094 37 2 2
1055240 37 2 2
1055505 37 46 0
1055505 37 46 0
1055539 37 46 2
1055556 37 46 2
1055588 37 47 0
1055588 37 47 0
1055630 37 47 2
1055647 37 47 2
1055791 37 12 0
1055791 37 12 0
1055841 37 12 2
1055866 37 12 2
1056350 37 1 0
1056350 37 1 0
1056432 37 1 2
1056457 37 1 2
1056905 37 46 0
1056905 37 46 0
1056939 37 46 2
1056960 37 46 2
1056992 37 47 0
1056992 37 47 0
1057035 37 47 2
1057052 37 47 2
1057196 37 12 0
1057196 37 12 0
1057246 37 12 2
1057270 37 12 2
1057754 37 1 0
1057754 37 1 0
1057836 37 1 2
1057860 37 1 2
1058292 37 13 0
1058374 37 13 2
1058390 37 46 0
1058390 37 46 0
1058425 37 46 2
1058440 37 46 2
1058472 37 47 0
1058472 37 47 0
1058514 37 47 2
1058531 37 47 2
1058675 37 12 0
1058675 37 12 0
1058726 37 12 2
1058749 37 12 2
1059233 37 1 0
1059233 37 1 0
1059315 37 1 2
1059340 37 1 2
1059788 37 46 0
1059788 37 46 0
1059822 37 46 2
1059839 37 46 2
1059871 37 47 0
1059871 37 47 0
1059913 37 47 2
1059930 37 47 2
1060074 37 12 0
1060074 37 12 0
1060124 37 12 2
1060149 37 12 2
1060633 37 1 0
1060633 37 1 0
1060715 37 1 2
1060740 37 1 2
1061188 37 46 0
1061188 37 46 0
1061223 37 46 2
1061238 37 46 2
1061270 37 47 0
1061270 37 47 0
1061312 37 47 2
1061330 37 47 2
1061474 37 12 0
1061474 37 12 0
1061524 37 12 2
1061549 37 12 2
1062033 37 1 0
1062033 37 1 0
1062115 37 1 2
1062140 37 1 2
1062588 37 46 0
1062588 37 46 0
1062622 37 46 2
1062639 37 46 2
1062671 37 47 0
1062671 37 47 0
1062713 37 47 2
1062730 37 47 2
1062874 37 12 0
1062874 37 12 0
1062924 37 12 2
1062949 37 12 2
1063433 37 1 0
1063433 37 1 0
1063515 37 1 2
1063542 37 1 2
1063990 37 46 0
1063990 37 46 0
1064025 37 46 2
1064030 37 46 2
1064062 37 47 0
1064062 37 47 0
1064104 37 47 2
1064121 37 47 2
1064265 37 12 0
1064265 37 12 0
1064315 37 12 2
1064340 37 12 2
1064824 37 1 0
1064824 37 1 0
1064906 37 1 2
1064931 37 1 2
1065379 37 46 0
1065379 37 46 0
1065413 37 46 2
1065430 37 46 2
1065462 37 47 0
1065462 37 47 0
1065504 37 47 2
1065521 37 47 2
1065665 37 12 0
1065665 37 12 0
1065715 37 12 2
1065740 37 12 2
1066224 37 1 0
1066224 37 1 0
1066306 37 1 2
1066331 37 1 2
1066779 37 46 0
1066779 37 46 0
1066815 37 46 2
1066830 37 46 2
1066862 37 47 0
1066862 37 47 0
1066905 37 47 2
1066919 37 47 2
1067063 37 12 0
1067063 37 12 0
1067113 37 12 2
1067138 37 12 2
1067622 37 1 0
1067622 37 1 0
1067706 37 1 2
1067731 37 1 2
1068179 37 46 0
1068179 37 46 0
1068213 37 46 2
1068230 37 46 2
1068262 37 47 0
1068262 37 47 0
1068304 37 47 2
1068321 37 47 2
1068465 37 12 0
1068465 37 12 0
1068515 37 12 2
1068540 37 12 2
1069024 37 1 0
1069024 37 1 0
1069106 37 1 2
1069131 37 1 2
1069563 37 14 0
1069660 37 14 2
1069676 37 46 0
1069676 37 46 0
1069710 37 46 2
1069727 37 46 2
1069759 37 47 0
1069759 37 47 0
1069807 37 47 2
1069823 37 47 2
1069967 37 12 0
1069967 37 12 0
1070017 37 12 2
1070042 37 12 2
1070526 37 1 0
1070526 37 1 0
1070608 37 1 2
1070633 37 1 2
1071081 37 46 0
1071081 37 46 0
1071115 37 46 2
1071133 37 46 2
1071165 37 47 0
1071165 37 47 0
1071207 37 47 2
1071224 37 47 2
1071368 37 12 0
1071368 37 12 0
1071418 37 12 2
1071444 37 12 2
1071928 37 1 0
1071928 37 1 0
1072010 37 1 2
1072035 37 1 2
1072483 37 46 0
1072483 37 46 0
1072517 37 46 2
1072535 37 46 2
1072567 37 47 0
1072567 37 47 0
1072609 37 47 2
1072626 37 47 2
1072770 37 12 0
1072770 37 12 0
1072820 37 12 2
1072845 37 12 2
1073329 37 1 0
1073329 37 1 0
1073411 37 1 2
1073436 37 1 2
1073884 37 46 0
1073884 37 46 0
1073918 37 46 2
1073934 37 46 2
1073966 37 47 0
1073966 37 47 0
1074008 37 47 2
1074025 37 47 2
1074169 37 12 0
1074169 37 12 0
1074219 37 12 2
1074244 37 12 2
1074655 37 7 1
1074728 37 1 0
1074728 37 1 0
1074810 37 1 2
1074835 37 1 2
1074835 37 7 1
1074859 37 62 2
1074917 37 7 2
1075039 37 59 2
1075105 37 7 2
1075123 37 7 1
1075283 37 46 0
1075283 37 46 0
1075317 37 46 2
1075329 37 15 2
1075334 37 46 2
1075366 37 47 0
1075366 37 47 0
1075395 37 7 2
1075408 37 47 2
1075425 37 47 2
1075523 37 7 1
1075569 37 12 0
1075569 37 12 0
1075619 37 12 2
1075644 37 12 2
1075759 37 47 2
1075807 37 7 1
1075808 37 7 2
1076005 37 7 1
1076019 37 60 2
1076077 37 7 2
1076109 37 7 1
1076128 37 1 0
1076128 37 1 0
1076209 37 14 2
1076210 37 1 2
1076234 37 1 2
1076268 37 7 2
1076339 37 39 2
1076384 37 7 2
1076682 37 46 0
1076682 37 46 0
1076716 37 46 2
1076733 37 46 2
1076765 37 47 0
1076765 37 47 0
1076807 37 47 2
1076824 37 47 2
1076828 37 7 1
1076917 37 7 1
1076968 37 12 0
1076968 37 12 0
1077018 37 12 2
1077029 37 7 1
1077039 37 56 2
1077043 37 12 2
1077129 37 7 2
1077159 37 7 1
1077159 37 22 2
1077210 37 7 2
1077269 37 53 2
1077277 37 12 0
1077278 37 7 1
1077311 37 7 2
1077379 37 7 1
1077379 37 34 2
1077431 37 7 2
1077489 37 12 2
1077513 37 7 1
1077527 37 1 0
1077527 37 1 0
1077547 37 7 2
1077599 37 52 2
1077609 37 1 2
1077634 37 1 2
1077638 37 7 1
1077649 37 7 2
1077701 37 7 1
1077729 37 24 2
1077803 37 7 2
1077849 37 8 2
1077860 37 7 1
1077939 37 7 2
1077945 37 7 1
1077959 37 29 2
1077993 37 7 2
1078038 37 7 1
1078069 37 1 2
1078082 37 46 0
1078082 37 46 0
1078116 37 46 2
1078133 37 46 2
1078159 37 7 2
1078165 37 47 0
1078165 37 47 0
1078179 37 18 2
1078207 37 47 2
1078224 37 47 2
1078245 37 7 2
1078255 37 7 1
1078289 37 21 2
1078330 37 7 2
1078368 37 12 0
1078368 37 12 0
1078368 37 7 1
1078418 37 12 2
1078451 37 12 2
1078459 37 23 2
1078460 37 7 1
1078516 37 7 2
1078579 37 50 2
1078588 37 7 1
1078645 37 7 2
1078689 37 20 2
1078739 37 7 2
1078805 37 7 1
1078809 37 32 2
1078874 37 7 2
1078909 37 7 1
1078935 37 1 0
1078935 37 1 0
1079009 37 25 2
1079017 37 1 2
1079025 37 7 1
1079026 37 1 2
1079075 37 7 2
1079119 37 13 2
1079169 37 7 2
1079229 37 11 2
1079296 37 7 2
1079368 37 7 1
1079474 37 46 0
1079474 37 46 0
1079508 37 46 2
1079516 37 46 2
1079548 37 47 0
1079548 37 47 0
1079556 37 7 1
1079579 37 54 2
1079590 37 47 2
1079598 37 47 2
1079629 37 7 2
1079742 37 12 0
1079742 37 12 0
1079759 37 61 2
1079792 37 12 2
1079800 37 12 2
1079803 37 7 1
1079809 37 7 2
1079898 37 7 1
1080015 37 7 1
1080019 37 6 2
1080084 37 7 2
1080102 37 7 1
1080129 37 19 2
1080187 37 7 2
1080188 37 1 0
1080188 37 1 0
1080227 37 7 1
1080239 37 5 2
1080270 37 1 2
1080278 37 1 2
1080297 37 7 2
1080349 37 35 2
1080353 37 7 1
1080390 37 7 2
1080453 37 7 1
1080459 37 42 2
1080517 37 7 2
1080549 37 7 1
1080569 37 40 2
1080643 37 7 2
1080689 37 31 2
1080710 37 7 0
1080721 37 7 1
1080739 37 7 2
1080782 37 7 2
1080798 37 46 0
1080798 37 46 0
1080799 37 46 2
1080832 37 46 2
1080840 37 7 2
1080841 37 46 2
1080873 37 47 0
1080873 37 47 0
1080915 37 47 2
1080923 37 47 2
1080929 37 7 2
1081003 37 7 2
1081067 37 12 0
1081067 37 12 0
1081117 37 12 2
1081125 37 12 2
1081255 37 7 1
1081459 37 55 2
1081516 37 7 2
1081541 37 7 1
1081609 37 1 0
1081609 37 1 0
1081691 37 1 2
1081699 37 1 2
1081749 37 57 2
1081763 37 7 1
1081833 37 7 2
1081872 37 7 1
1081950 37 7 1
1081969 37 3 2
1082043 37 7 2
1082062 37 7 1
1082079 37 17 2
1082147 37 46 0
1082147 37 46 0
1082152 37 7 2
1082181 37 46 2
1082189 37 46 2
1082189 37 45 2
1082195 37 7 1
1082221 37 47 0
1082221 37 47 0
1082223 37 7 2
1082263 37 47 2
1082271 37 47 2
1082299 37 44 2
1082341 37 7 1
1082342 37 7 2
1082409 37 41 2
1082415 37 12 0
1082415 37 12 0
1082453 37 7 1
1082465 37 12 2
1082474 37 12 2
1082475 37 7 2
1082537 37 7 1
1082549 37 48 2
1082631 37 7 2
1082658 37 7 1
1082660 37 9 2
1082745 37 7 2
1082759 37 7 1
1082769 37 33 2
1082827 37 7 2
1082879 37 51 2
1082936 37 7 1
1082939 37 7 2
1082958 37 1 0
1082958 37 1 0
1083015 37 7 1
1083019 37 27 2
1083040 37 1 2
1083049 37 1 2
1083068 37 7 2
1083131 37 7 1
1083159 37 4 2
1083225 37 7 2
1083269 37 36 2
1083291 37 7 1
1083302 37 7 2
1083379 37 28 2
1083421 37 7 2
1083497 37 46 0
1083497 37 46 0
1083499 37 16 2
1083531 37 46 2
1083539 37 46 2
1083571 37 47 0
1083571 37 47 0
1083581 37 7 2
1083613 37 47 2
1083621 37 47 2
1083765 37 5 0
1083871 37 5 2
1083879 37 61 0
1083879 37 61 0
1083921 37 61 2
1084010 37 61 2
1084018 37 29 0
1084256 37 29 2
1084272 37 62 0
1084272 37 62 0
1084322 37 62 2
1084411 37 62 2
1084687 37 63 0
1084687 37 63 0
1084745 37 63 2
1084834 37 63 2
1085258 37 12 0
1085258 37 12 0
1085308 37 12 2
1085334 37 12 2
1085774 37 11 0
1085880 37 11 2
1086092 37 1 0
1086092 37 1 0
1086174 37 1 2
1086182 37 1 2
1086630 37 46 0
1086630 37 46 0
1086651 37 2 0
1086652 37 7 1
1086664 37 46 2
1086681 37 46 2
1086713 37 47 0
1086713 37 47 0
1086755 37 47 2
1086772 37 47 2
1086859 37 2 2
1086916 37 12 0
1086916 37 12 0
1086941 37 7 2
1086966 37 12 2
1086991 37 12 2
1087475 37 1 0
1087475 37 1 0
1087557 37 1 2
1087582 37 1 2
1088030 37 46 0
1088030 37 46 0
1088064 37 46 2
1088073 37 46 2
1088105 37 47 0
1088105 37 47 0
1088147 37 47 2
1088164 37 47 2
1088308 37 12 0
1088308 37 12 0
1088358 37 12 2
1088383 37 12 2
1088867 37 1 0
1088867 37 1 0
1088949 37 1 2
1088974 37 1 2
1089422 37 46 0
1089422 37 46 0
1089456 37 46 2
1089473 37 46 2
1089505 37 47 0
1089505 37 47 0
1089547 37 47 2
1089564 37 47 2
1089708 37 12 0
1089708 37 12 0
1089758 37 12 2
1089783 37 12 2
1090267 37 1 0
1090267 37 1 0
1090349 37 1 2
1090375 37 1 2
1090823 37 46 0
1090823 37 46 0
1090857 37 46 2
1090874 37 46 2
1090906 37 47 0
1090906 37 47 0
1090948 37 47 2
1090965 37 47 2
1091109 37 12 0
1091109 37 12 0
1091159 37 12 2
1091184 37 12 2
1091668 37 1 0
1091668 37 1 0
1091750 37 1 2
1091775 37 1 2
1092223 37 46 0
1092223 37 46 0
1092257 37 46 2
1092274 37 46 2
1092306 37 47 0
1092306 37 47 0
1092348 37 47 2
1092365 37 47 2
1092509 37 12 0
1092509 37 12 0
1092559 37 12 2
1092584 37 12 2
1093068 37 1 0
1093068 37 1 0
1093150 37 1 2
1093175 37 1 2
1093607 37 8 0
1093607 37 8 0
1093689 37 8 2
1093706 37 8 2
1093722 37 46 0
1093722 37 46 0
1093756 37 46 2
1093773 37 46 2
1093805 37 47 0
1093805 37 47 0
1093847 37 47 2
1093864 37 47 2
1094008 37 12 0
1094008 37 12 0
1094058 37 12 2
1094083 37 12 2
1094567 37 1 0
1094567 37 1 0
1094649 37 1 2
1094674 37 1 2
1095122 37 46 0
1095122 37 46 0
1095156 37 46 2
1095173 37 46 2
1095205 37 47 0
1095205 37 47 0
1095247 37 47 2
1095264 37 47 2
1095408 37 12 0
1095408 37 12 0
1095458 37 12 2
1095483 37 12 2
1095967 37 1 0
1095967 37 1 0
1096049 37 1 2
1096074 37 1 2
1096522 37 46 0
1096522 37 46 0
1096556 37 46 2
1096573 37 46 2
1096605 37 47 0
1096605 37 47 0
1096647 37 47 2
1096664 37 47 2
1096808 37 12 0
1096808 37 12 0
1096858 37 12 2
1096883 37 12 2
1097367 37 1 0
1097367 37 1 0
1097449 37 1 2
1097474 37 1 2
1097922 37 46 0
1097922 37 46 0
1097956 37 46 2
1097973 37 46 2
1098005 37 47 0
1098005 37 47 0
1098047 37 47 2
1098063 37 47 2
1098207 37 12 0
1098207 37 12 0
1098257 37 12 2
1098282 37 12 2
1098766 37 1 0
1098766 37 1 0
1098848 37 1 2
1098874 37 1 2
1099322 37 46 0
1099322 37 46 0
1099356 37 46 2
1099373 37 46 2
1099405 37 47 0
1099405 37 47 0
1099447 37 47 2
1099463 37 47 2
1099607 37 12 0
1099607 37 12 0
1099657 37 12 2
1099684 37 12 2
1100168 37 1 0
1100168 37 1 0
1100250 37 1 2
1100275 37 1 2
1100723 37 46 0
1100723 37 46 0
1100757 37 46 2
1100774 37 46 2
1100806 37 47 0
1100806 37 47 0
1100848 37 47 2
1100864 37 47 2
1101008 37 12 0
1101008 37 12 0
1101058 37 12 2
1101083 37 12 2
1101567 37 1 0
1101567 37 1 0
1101649 37 1 2
1101674 37 1 2
1102122 37 46 0
1102122 37 46 0
1102156 37 46 2
1102173 37 46 2
1102205 37 47 0
1102205 37 47 0
1102247 37 47 2
1102263 37 47 2
1102407 37 12 0
1102407 37 12 0
1102457 37 12 2
1102481 37 12 2
1102965 37 1 0
1102965 37 1 0
1103047 37 1 2
1103071 37 1 2
1103519 37 46 0
1103519 37 46 0
1103553 37 46 2
1103570 37 46 2
1103602 37 47 0
1103602 37 47 0
1103644 37 47 2
1103661 37 47 2
1103805 37 12 0
1103805 37 12 0
1103855 37 12 2
1103884 37 12 2
1104368 37 1 0
1104368 37 1 0
1104450 37 1 2
1104475 37 1 2
1104907 37 9 0
1104997 37 9 2
1105013 37 46 0
1105013 37 46 0
1105047 37 46 2
1105064 37 46 2
1105096 37 47 0
1105096 37 47 0
1105139 37 47 2
1105154 37 47 2
1105298 37 12 0
1105298 37 12 0
1105348 37 12 2
1105373 37 12 2
1105857 37 1 0
1105857 37 1 0
1105939 37 1 2
1105964 37 1 2
1106412 37 46 0
1106412 37 46 0
1106446 37 46 2
1106464 37 46 2
1106496 37 47 0
1106496 37 47 0
1106539 37 47 2
1106554 37 47 2
1106698 37 12 0
1106698 37 12 0
1106748 37 12 2
1106773 37 12 2
1107257 37 1 0
1107257 37 1 0
1107339 37 1 2
1107364 37 1 2
1107812 37 46 0
1107812 37 46 0
1107846 37 46 2
1107863 37 46 2
1107895 37 47 0
1107895 37 47 0
1107938 37 47 2
1107953 37 47 2
1108097 37 12 0
1108097 37 12 0
1108147 37 12 2
1108172 37 12 2
1108656 37 1 0
1108656 37 1 0
1108738 37 1 2
1108763 37 1 2
1109211 37 46 0
1109211 37 46 0
1109245 37 46 2
1109262 37 46 2
1109294 37 47 0
1109294 37 47 0
1109336 37 47 2
1109353 37 47 2
1109497 37 12 0
1109497 37 12 0
1109547 37 12 2
1109572 37 12 2
1110056 37 1 0
1110056 37 1 0
1110138 37 1 2
1110164 37 1 2
1110612 37 46 0
1110612 37 46 0
1110646 37 46 2
1110663 37 46 2
1110695 37 47 0
1110695 37 47 0
1110737 37 47 2
1110754 37 47 2
1110898 37 12 0
1110898 37 12 0
1110948 37 12 2
1110973 37 12 2
1111457 37 1 0
1111457 37 1 0
1111539 37 1 2
1111564 37 1 2
1112012 37 46 0
1112012 37 46 0
1112046 37 46 2
1112063 37 46 2
1112095 37 47 0
1112095 37 47 0
1112137 37 47 2
1112154 37 47 2
1112298 37 12 0
1112298 37 12 0
1112348 37 12 2
1112373 37 12 2
1112857 37 1 0
1112857 37 1 0
1112939 37 1 2
1112964 37 1 2
1113412 37 46 0
1113412 37 46 0
1113446 37 46 2
1113465 37 46 2
1113497 37 47 0
1113497 37 47 0
1113540 37 47 2
1113555 37 47 2
1113699 37 12 0
1113699 37 12 0
1113749 37 12 2
1113774 37 12 2
1114258 37 1 0
1114258 37 1 0
1114340 37 1 2
1114365 37 1 2
1114813 37 46 0
1114813 37 46 0
1114847 37 46 2
1114864 37 46 2
1114896 37 47 0
1114896 37 47 0
1114938 37 47 2
1114954 37 47 2
1115098 37 12 0
1115098 37 12 0
1115148 37 12 2
1115173 37 12 2
1115657 37 1 0
1115657 37 1 0
1115739 37 1 2
1115764 37 1 2
1116196 37 10 0
1116277 37 10 2
1116293 37 46 0
1116293 37 46 0
1116327 37 46 2
1116344 37 46 2
1116376 37 47 0
1116376 37 47 0
1116418 37 47 2
1116435 37 47 2
1116579 37 12 0
1116579 37 12 0
1116629 37 12 2
1116654 37 12 2
1117138 37 1 0
1117138 37 1 0
1117220 37 1 2
1117245 37 1 2
1117693 37 46 0
1117693 37 46 0
1117727 37 46 2
1117744 37 46 2
1117776 37 47 0
1117776 37 47 0
1117818 37 47 2
1117835 37 47 2
1117979 37 12 0
1117979 37 12 0
1118029 37 12 2
1118054 37 12 2
1118538 37 1 0
1118538 37 1 0
1118620 37 1 2
1118645 37 1 2
1119093 37 46 0
1119093 37 46 0
1119127 37 46 2
1119144 37 46 2
1119176 37 47 0
1119176 37 47 0
1119218 37 47 2
1119235 37 47 2
1119379 37 12 0
1119379 37 12 0
1119429 37 12 2
1119454 37 12 2
1119938 37 1 0
1119938 37 1 0
1120020 37 1 2
1120045 37 1 2
1120493 37 46 0
1120493 37 46 0
1120527 37 46 2
1120544 37 46 2
1120576 37 47 0
1120576 37 47 0
1120618 37 47 2
1120635 37 47 2
1120779 37 12 0
1120779 37 12 0
1120829 37 12 2
1120854 37 12 2
1121338 37 1 0
1121338 37 1 0
1121420 37 1 2
1121445 37 1 2
1121893 37 46 0
1121893 37 46 0
1121927 37 46 2
1121935 37 46 2
1121967 37 47 0
1121967 37 47 0
1122009 37 47 2
1122026 37 47 2
1122170 37 12 0
1122170 37 12 0
1122220 37 12 2
1122245 37 12 2
1122729 37 1 0
1122729 37 1 0
1122812 37 1 2
1122837 37 1 2
1123285 37 46 0
1123285 37 46 0
1123321 37 46 2
1123338 37 46 2
1123370 37 47 0
1123370 37 47 0
1123412 37 47 2
1123429 37 47 2
1123573 37 12 0
1123573 37 12 0
1123623 37 12 2
1123648 37 12 2
1124132 37 1 0
1124132 37 1 0
1124214 37 1 2
1124239 37 1 2
1124687 37 46 0
1124687 37 46 0
1124726 37 46 2
1124743 37 46 2
1124775 37 47 0
1124775 37 47 0
1124817 37 47 2
1124834 37 47 2
1124978 37 12 0
1124978 37 12 0
1125028 37 12 2
1125053 37 12 2
1125537 37 1 0
1125537 37 1 0
1125619 37 1 2
1125644 37 1 2
1126092 37 46 0
1126092 37 46 0
1126126 37 46 2
1126142 37 46 2
1126174 37 47 0
1126174 37 47 0
1126216 37 47 2
1126233 37 47 2
1126377 37 12 0
1126377 37 12 0
1126427 37 12 2
1126452 37 12 2
1126936 37 1 0
1126936 37 1 0
1127021 37 1 2
1127046 37 1 2
1127494 37 46 0
1127494 37 46 0
1127528 37 46 2
1127544 37 46 2
1127576 37 47 0
1127576 37 47 0
1127618 37 47 2
1127635 37 47 2
1127779 37 12 0
1127779 37 12 0
1127829 37 12 2
1127854 37 12 2
1128338 37 1 0
1128338 37 1 0
1128420 37 1 2
1128444 37 1 2
1128892 37 46 0
1128892 37 46 0
1128926 37 46 2
1128943 37 46 2
1128975 37 47 0
1128975 37 47 0
1129023 37 47 2
1129041 37 47 2
1129185 37 12 0
1129185 37 12 0
1129235 37 12 2
1129260 37 12 2
1129744 37 1 0
1129744 37 1 0
1129826 37 1 2
1129851 37 1 2
1130299 37 46 0
1130299 37 46 0
1130333 37 46 2
1130350 37 46 2
1130382 37 47 0
1130382 37 47 0
1130424 37 47 2
1130440 37 47 2
1130584 37 12 0
1130584 37 12 0
1130634 37 12 2
1130659 37 12 2
1131143 37 1 0
1131143 37 1 0
1131196 37 62 0
1131197 37 63 0
1131229 37 1 2
1131254 37 1 2
1131322 37 63 0
1131323 37 59 0
1131702 37 46 0
1131702 37 46 0
1131736 37 46 2
1131753 37 46 2
1131785 37 47 0
1131785 37 47 0
1131827 37 47 2
1131843 37 47 2
1131977 37 15 0
1131978 37 63 0
1131987 37 12 0
1131987 37 12 0
1132037 37 12 2
1132062 37 12 2
1132065 37 47 0
1132084 37 63 0
1132246 37 60 0
1132247 37 63 0
1132546 37 1 0
1132546 37 1 0
1132628 37 1 2
1132653 37 1 2
1132715 37 14 0
1132716 37 63 0
1132803 37 39 0
1132824 37 63 0
1133101 37 46 0
1133101 37 46 0
1133135 37 46 2
1133143 37 46 2
1133175 37 47 0
1133175 37 47 0
1133219 37 47 2
1133228 37 47 2
1133372 37 12 0
1133372 37 12 0
1133422 37 12 2
1133447 37 12 2
1133665 37 56 0
1133666 37 63 0
1133816 37 22 0
1133817 37 63 0
1133913 37 63 0
1133914 37 53 0
1133923 37 9 0
1134021 37 9 2
1134054 37 34 0
1134055 37 63 0
1134145 37 55 0
1134204 37 12 0
1134205 37 63 0
1134219 37 55 2
1134223 37 1 0
1134223 37 1 0
1134292 37 52 0
1134305 37 1 2
1134323 37 63 0
1134324 37 1 2
1134348 37 56 0
1134462 37 56 2
1134482 37 45 0
1134511 37 24 0
1134512 37 63 0
1134540 37 45 2
1134596 37 46 0
1134655 37 46 2
1134731 37 63 0
1134733 37 8 0
1134734 37 63 0
1134824 37 29 0
1134885 37 63 0
1134948 37 63 2
1134956 37 47 0
1135023 37 47 2
1135030 37 63 0
1135031 37 1 0
1135127 37 62 0
1135127 37 62 0
1135150 37 18 0
1135171 37 63 0
1135179 37 62 2
1135237 37 62 2
1135247 37 21 0
1135289 37 63 0
1135305 37 29 0
1135375 37 23 0
1135386 37 63 0
1135387 37 29 2
1135427 37 30 0
1135504 37 50 0
1135505 37 63 0
1135522 37 30 2
1135566 37 17 0
1135630 37 20 0
1135631 37 63 0
1135735 37 17 2
1135791 37 18 0
1135803 37 32 0
1135804 37 63 0
1135904 37 18 2
1135928 37 63 0
1135929 37 25 0
1135952 37 19 0
1136067 37 19 2
1136103 37 21 0
1136105 37 13 0
1136106 37 63 0
1136197 37 21 2
1136229 37 22 0
1136248 37 11 0
1136249 37 63 0
1136319 37 22 2
1136348 37 54 0
1136389 37 63 0
1136441 37 61 0
1136470 37 63 0
1136675 37 61 0
1136675 37 61 0
1136717 37 61 2
1136774 37 61 2
1136874 37 6 0
1136875 37 63 0
1137019 37 19 0
1137020 37 63 0
1137172 37 5 0
1137173 37 63 0
1137279 37 35 0
1137280 37 63 0
1137310 37 1 0
1137310 37 1 0
1137392 37 1 2
1137400 37 1 2
1137448 37 40 0
1137449 37 63 0
1137484 37 58 0
1137484 37 58 0
1137550 37 58 2
1137588 37 63 0
1137589 37 31 0
1137609 37 58 2
1137689 37 59 0
1137689 37 59 0
1137713 37 42 0
1137714 37 63 0
1137796 37 59 2
1137800 37 46 0
1137807 37 59 2
1137881 37 63 0
1138101 37 7 0
1138102 37 63 0
1138294 37 63 0
1138295 37 55 0
1138418 37 57 0
1138419 37 63 0
1138692 37 3 0
1138693 37 63 0
1138952 37 63 0
1138953 37 17 0
1139051 37 45 0
1139089 37 63 0
1139163 37 44 0
1139204 37 63 0
1139337 37 48 0
1139338 37 63 0
1139752 37 9 0
1139753 37 63 0
1139854 37 27 0
1139913 37 63 0
1139979 37 41 0
1140028 37 63 0
1140068 37 36 0
1140158 37 51 0
1140349 37 63 0
1140408 37 33 0
1140449 37 63 0
1140499 37 28 0
1140559 37 63 0
1140670 37 63 0
1140712 37 4 0
1140783 37 63 0
1140925 37 16 0
1140926 37 63 0
1144258 37 2 0
1144259 37 63 0
1144929 37 34 2
1236707 37 35 2
1238293 37 36 2
1248028 37 2 0
1248029 37 0 0
1270021 37 2 0
1270022 37 7 1
1270233 37 2 2
1270315 37 7 2
1293471 37 2 0
1293472 37 7 1
1293683 37 2 2
1293765 37 7 2
1327604 37 2 0
1327605 37 7 1
1327816 37 2 2
1327898 37 7 2
1350934 37 2 0
1350935 37 7 1
1351146 37 2 2
1351228 37 7 2
1385120 37 2 0
1385121 37 7 1
1385326 37 2 2
1385408 37 7 2
1408520 37 2 0
1408521 37 7 1
1408726 37 2 2
1408808 37 7 2
1441871 37 2 0
1441872 37 7 1
1442083 37 2 2
1442165 37 7 2
1465241 37 2 0
1465242 37 7 1
1465453 37 2 2
1465535 37 7 2
1499098 37 2 0
1499099 37 7 1
1499310 37 2 2
1499392 37 7 2
1522508 37 2 0
1522509 37 7 1
1522720 37 2 2
1522802 37 7 2
1544029 37 2 0
1544030 37 2 2
1554463 37 7 1
1554667 37 2 2
1554748 37 7 2
1559376 37 2 0
1559377 37 7 1
1559588 37 2 2
1559670 37 7 2
1587448 37 2 0
1587449 37 7 1
1587658 37 2 2
1587740 37 7 2
1610938 37 2 0
1610939 37 7 1
1611148 37 2 2
1611230 37 7 2
1644685 37 2 0
1644686 37 7 1
1644897 37 2 2
1644979 37 7 2
1668105 37 2 0
1668106 37 7 1
1668317 37 2 2
1668399 37 7 2
1702021 37 2 0
1702022 37 7 1
1702233 37 2 2
1702315 37 7 2
1725461 37 2 0
1725462 37 7 1
1725673 37 2 2
1725755 37 7 2
1758800 37 2 0
1758801 37 7 1
1759012 37 2 2
1759094 37 7 2
1782110 37 2 0
1782111 37 7 1
1782322 37 2 2
1782404 37 7 2
1816125 37 2 0
1816126 37 7 1
1816337 37 2 2
1816419 37 7 2
1839425 37 2 0
1839426 37 7 1
1839637 37 2 2
1839719 37 7 2
1859450 37 2 0
1859451 37 2 2
1873149 37 2 0
1873150 37 7 1
1873361 37 2 2
1873443 37 7 2
1896599 37 2 0
1896600 37 7 1
1896811 37 2 2
1896893 37 7 2
1930495 37 2 0
1930496 37 7 1
1930707 37 2 2
1930789 37 7 2
1953815 37 2 0
1953816 37 7 1
1954027 37 2 2
1954109 37 7 2
1978232 37 2 0
1978233 37 2 2
1980477 37 2 0
1980478 37 2 2
1983530 37 7 1
1983531 37 2 0
1983739 37 2 2
1983820 37 7 2
1995725 37 36 0
1995725 37 36 0
1995820 37 60 0
1995821 37 60 2
1995873 37 36 2
1995917 37 37 0
1995917 37 37 0
1995926 37 37 0
1995927 37 60 0
1995935 37 37 2
1995984 37 37 2
1995993 37 61 0
1996004 37 60 0
1996017 37 2 0
1996018 37 4 0
1996095 37 23 0
1996096 37 60 0
1996164 37 0 0
1996164 37 0 0
1996166 37 35 0
1996182 37 36 2
1996197 37 60 0
1996241 37 39 0
1996272 37 60 0
1996311 37 45 0
1996344 37 0 2
1996362 37 60 0
1996362 37 0 2
1996412 37 40 0
1996433 37 60 0
1996450 37 36 0
1996450 37 36 0
1996476 37 36 2
1996481 37 44 0
1996532 37 60 0
1996538 37 51 0
1996599 37 60 0
1996621 37 31 0
1996682 37 60 0
1996704 37 50 0
1996771 37 38 0
1996773 37 60 0
1996854 37 47 0
1996855 37 60 0
1996924 37 36 0
1996945 37 60 0
1996999 37 21 0
1997030 37 60 0
1997065 37 52 0
1997115 37 60 0
1997147 37 33 0
1997186 37 60 0
1997214 37 28 0
1997242 37 60 0
1997253 37 4 0
1997255 37 60 0
1997330 37 60 0
1997359 37 42 0
1997417 37 10 0
1997418 37 60 0
1997422 37 35 0
1997493 37 4 0
1997514 37 60 0
1997578 37 34 0
1997598 37 60 0
1997623 37 58 0
1997698 37 24 0
1997707 37 60 0
1997768 37 32 0
1997819 37 60 0
1997829 37 48 0
1997904 37 20 0
1997905 37 60 0
1997985 37 5 0
1997989 37 60 0
1998010 37 38 0
1998041 37 4 0
1998090 37 60 0
1998126 37 57 0
1998196 37 60 0
1998207 37 25 0
1998268 37 11 0
1998294 37 36 2
1998297 37 60 0
1998326 37 38 0
1998326 37 38 0
1998340 37 41 0
1998352 37 38 2
1998360 37 38 2
1998391 37 60 0
1998449 37 7 0
1998488 37 60 0
1998520 37 54 0
1998520 37 54 0
1998524 37 62 0
1998562 37 54 2
1998589 37 60 0
1998595 37 54 2
1998599 37 29 0
1998627 37 12 0
1998627 37 12 0
1998677 37 12 2
1998682 37 55 0
1998687 37 12 2
1998690 37 60 0
1998751 37 37 0
1998751 37 37 0
1998760 37 37 0
1998761 37 4 0
1998769 37 37 2
1998810 37 60 0
1998826 37 37 2
1998843 37 3 0
1998885 37 60 0
1998890 37 31 0
1998911 37 4 0
1998963 37 60 0
1998978 37 61 0
1999003 37 54 0
1999047 37 60 0
1999047 37 63 0
1999057 37 50 0
1999108 37 4 0
1999138 37 60 0
1999154 37 28 0
1999215 37 4 0
1999224 37 60 0
1999292 37 30 0
1999316 37 52 0
1999327 37 4 0
1999333 37 60 0
1999418 37 19 0
1999419 37 60 0
1999432 37 23 0
1999469 37 4 0
1999487 37 21 0
1999510 37 60 0
1999569 37 14 0
1999609 37 60 0
1999623 37 26 0
1999631 37 32 0
1999676 37 49 0
1999700 37 60 0
1999704 37 36 0
1999743 37 4 0
1999777 37 60 0
1999790 37 34 0
1999814 37 47 0
1999814 37 47 0
1999834 37 16 0
1999856 37 47 2
1999875 37 60 0
1999897 37 47 2
1999909 37 46 0
1999930 37 44 0
1999945 37 4 0
1999993 37 60 0
2000021 37 4 0
2000049 37 1 0
2000065 37 57 0
2000104 37 60 0
2000112 37 4 0
2000142 37 11 0
2000171 37 1 2
2000183 37 60 0
2000221 37 4 0
2000252 37 5 0
2000302 37 60 0
2000305 37 8 0
2000354 37 25 0
2000380 37 60 0
2000388 37 4 0
2000442 37 10 0
2000463 37 43 0
2000486 37 60 0
2000506 37 56 0
2000573 37 33 0
2000589 37 15 0
2000614 37 60 0
2000649 37 29 0
2000650 37 17 0
2000699 37 35 2
2000707 37 60 0
2000717 37 22 0
2000760 37 4 0
2000765 37 58 0
2000798 37 60 0
2000835 37 4 0
2000862 37 24 0
2000884 37 60 0
2000930 37 30 0
2000934 37 4 0
2000965 37 60 0
2001006 37 19 0
2001033 37 4 0
2001068 37 60 0
2001116 37 4 0
2001146 37 55 0
2001191 37 60 0
2001220 37 63 0
2001242 37 6 0
2001249 37 35 2
2001301 37 59 0
2001302 37 60 0
2001303 37 38 0
2001303 37 38 0
2001306 37 7 0
2001361 37 4 0
2001372 37 35 2
2001381 37 54 0
2001387 37 38 2
2001418 37 60 0
2001444 37 18 0
2001449 37 38 2
2001456 37 45 0
2001503 37 4 0
2001543 37 46 0
2001543 37 46 0
2001546 37 48 0
2001549 37 60 0
2001577 37 46 2
2001578 37 12 0
2001627 37 20 0
2001630 37 46 2
2001631 37 4 0
2001643 37 60 0
2001682 37 0 0
2001682 37 0 0
2001716 37 60 0
2001719 37 40 0
2001745 37 4 0
2001772 37 0 2
2001788 37 46 0
2001789 37 0 2
2001810 37 40 2
2001870 37 22 0
2001883 37 10 2
2001937 37 47 0
2001937 37 47 0
2001951 37 15 0
2001957 37 27 0
2001979 37 47 2
2001987 37 47 2
2002001 37 2 0
2002003 37 12 0
2002075 37 9 0
2002077 37 1 0
2002105 37 12 2
2002141 37 47 0
2002161 37 22 2
2002166 37 14 0
2002212 37 9 0
2002235 37 47 2
2002287 37 0 0
2002305 37 1 0
2002378 37 20 2
2002413 37 27 0
2002429 37 46 2
2002472 37 53 0
2002500 37 26 0
2002507 37 19 2
2002565 37 9 2
2002629 37 39 0
2002647 37 55 2
2002682 37 51 0
2002706 37 13 0
2002750 37 39 2
2002781 37 8 0
2002792 37 54 2
2002842 37 15 2
2002911 37 26 2
2002913 37 49 0
2002970 37 13 2
2002989 37 13 0
2003022 37 8 2
2003064 37 12 0
2003065 37 12 2
2003066 37 18 0
2003077 37 36 2
2003114 37 27 2
2003164 37 49 2
2003192 37 17 0
2003237 37 7 2
2003253 37 34 2
2003291 37 63 0
2003291 37 63 0
2003313 37 24 2
2003326 37 16 0
2003349 37 63 2
2003374 37 63 2
2003387 37 45 2
2003423 37 51 2
2003450 37 41 0
2003481 37 41 2
2003509 37 43 0
2003546 37 58 2
2003578 37 58 0
2003578 37 58 0
2003609 37 36 2
2003620 37 43 2
2003625 37 53 0
2003644 37 58 2
2003661 37 58 2
2003669 37 4 0
2003673 37 17 2
2003723 37 36 2
2003745 37 46 0
2003750 37 4 2
2003765 37 6 0
2003816 37 1 2
2003818 37 46 2
2003836 37 34 2
2003884 37 62 0
2003915 37 62 2
2003951 37 42 0
2003976 37 53 2
2004018 37 59 0
2004019 37 59 2
2004086 37 6 2
2004126 37 0 0
2004152 37 42 2
2004217 37 48 2
2004226 37 12 0
2004307 37 14 2
2004319 37 3 0
2004367 37 18 2
2004437 37 16 2
2004456 37 47 0
2004520 37 3 2
2004576 37 56 0
2004597 37 0 2
2004661 37 2 0
2004697 37 12 2
2004757 37 47 2
2004810 37 56 2
2004912 37 2 2
2004990 37 3 0
2005075 37 3 2
2005083 37 19 0
2005148 37 35 2
2005150 37 19 2
2005154 37 3 0
2005347 37 3 2
2005544 37 31 2
2005551 37 3 0
2005679 37 3 2
2005749 37 31 2
2005850 37 38 2
2005943 37 35 2
2006034 37 28 2
2006039 37 3 0
2006136 37 2 0
2006137 37 2 2
2006599 37 3 2
2006853 37 36 2
2006863 37 3 0
2007375 37 3 2
2007442 37 35 2
2007526 37 52 2
2007531 37 3 0
2007812 37 3 2
2007879 37 28 2
2007963 37 21 2
2007968 37 3 0
2008500 37 2 2
2008873 37 3 2
2008941 37 52 2
2009041 37 28 2
2009124 37 21 2
2009210 37 40 2
2009221 37 3 0
2010261 37 3 2
2010328 37 26 2
2010333 37 3 0
2014625 37 3 2
2014769 37 3 0
2014769 37 17 2
2018961 37 3 2
2019042 37 2 0
2019043 37 0 0
2019951 37 2 0
2019952 37 2 2
2020415 37 39 2
2020425 37 3 0
2023541 37 2 0
2023542 37 7 1
2023751 37 2 2
2023832 37 7 2
2023957 37 3 2
2024024 37 57 2
2024147 37 18 2
2024238 37 5 2
2024321 37 20 2
2024404 37 16 2
2024516 37 43 2
2024521 37 3 0
2028021 37 3 2
2032994 37 2 0
2032995 37 2 2
2045787 37 2 0
2045788 37 7 1
2045992 37 2 2
2046074 37 7 2
2069177 37 2 0
2069178 37 7 1
2069382 37 2 2
2069464 37 7 2
2089136 37 2 0
2089137 37 2 2
2109962 37 2 0
2109963 37 7 1
2110174 37 2 2
2110256 37 7 2
2133292 37 2 0
2133293 37 7 1
2133504 37 2 2
2133586 37 7 2
2169328 37 2 0
2169329 37 7 1
2169540 37 2 2
2169622 37 7 2
2192728 37 2 0
2192729 37 7 1
2192940 37 2 2
2193022 37 7 2
2228664 37 2 0
2228665 37 7 1
2228876 37 2 2
2228958 37 7 2
2252074 37 2 0
2252075 37 7 1
2252286 37 2 2
2252368 37 7 2
2272680 37 2 0
2272681 37 2 2
2292216 37 7 1
2292217 37 2 0
2292425 37 2 2
2292506 37 7 2
2531996 37 2 0
2531997 37 2 2
2963612 37 2 0
2963613 37 2 2
2972609 37 38 0
2972609 37 38 0
2972892 37 2 0
2972893 37 60 0
2973038 37 38 2
2973145 37 38 2
2973744 37 2 0
2973745 37 2 2
2973832 37 2 0
2973833 37 2 2
2974934 37 15 0
2974934 37 15 0
2975153 37 15 2
2975234 37 15 2
2975322 37 38 0
2975322 37 38 0
2975348 37 38 2
2975523 37 2 0
2975524 37 2 2
2976656 37 38 2
2977169 37 2 2
2978600 37 38 0
2978600 37 38 0
2978626 37 38 2
2978634 37 38 2
2978821 37 0 2
2980160 37 0 2
2980161 37 0 0
2983521 37 2 0
2983522 37 2 2
2988300 37 2 2
2988302 37 3 0
2991386 37 3 2
3949196 37 38 0
3949196 37 38 0
3949435 37 38 2
3949572 37 38 2
3950851 37 7 0
3951003 37 7 2
3951571 37 38 0
3951571 37 38 0
3951597 37 38 2
3951615 37 38 2
3953559 37 38 0
3953559 37 38 0
3953585 37 38 2
3953595 37 38 2
3954649 37 0 2
3961977 37 2 0
3961978 37 0 0
4925779 37 38 0
4925779 37 38 0
4926939 37 38 2
4927248 37 38 2
4928355 37 7 0
4928477 37 7 2
4929045 37 38 0
4929045 37 38 0
4929071 37 38 2
4929489 37 38 2
4931433 37 38 0
4931433 37 38 0
4931468 37 38 2
4931469 37 38 2
5902325 37 38 0
5902325 37 38 0
5902533 37 38 2
5905281 37 38 2
5907265 37 38 0
5907265 37 38 0
5907291 37 38 2
5907672 37 0 2
5909499 37 38 2
5909783 37 7 0
5911673 37 7 2
5913333 37 38 0
5913333 37 38 0
5913359 37 38 2
5913366 37 38 2
6878881 37 38 0
6878881 37 38 0
6879370 37 38 2
6879878 37 38 2
6881862 37 38 0
6881862 37 38 0
6881888 37 38 2
6882496 37 38 2
6884440 37 38 0
6884440 37 38 0
6884469 37 38 2
6884478 37 38 2
