0 8 51 0
2414 8 51 2
2418 8 22 0
5410 8 22 2
5422 8 1 0
6270 8 1 2
6290 8 24 0
6488 8 24 2
6579 8 0 1
6742 8 2 2
6791 8 0 2
29333 8 0 1
29502 8 2 2
29551 8 0 2
42177 8 0 1
42343 8 2 2
42393 8 0 2
88983 8 0 1
89152 8 2 2
89201 8 0 2
100511 8 0 1
100683 8 2 2
100733 8 0 2
123821 8 2 0
123822 8 0 1
123993 8 2 2
124043 8 0 2
125255 8 0 1
125422 8 0 2
125455 8 0 2
143560 8 4 0
148452 8 4 2
148504 8 44 0
150465 8 44 2
150477 8 5 0
150559 8 5 2
150571 8 45 0
150765 8 0 1
150932 8 13 2
150997 8 0 2
151004 8 45 2
151072 8 24 0
151636 8 13 0
151663 8 24 2
151695 8 25 0
151826 8 25 2
151834 8 26 0
151948 8 26 2
151988 8 27 0
152089 8 27 2
152109 8 33 0
152597 8 13 0
152748 8 13 0
152859 8 33 2
152879 8 35 0
153008 8 35 2
153016 8 41 0
153427 8 0 1
153592 8 4 2
153611 8 13 0
153654 8 41 2
153664 8 0 2
153665 8 4 0
153670 8 42 0
153718 8 13 0
153764 8 4 0
153855 8 4 0
153966 8 4 0
154057 8 4 0
154060 8 42 2
154092 8 1 0
154137 8 4 0
154152 8 1 2
154188 8 36 0
154218 8 4 0
154235 8 13 0
154303 8 4 0
154344 8 36 2
154356 8 43 0
154404 8 4 0
154505 8 4 0
154603 8 4 0
154699 8 4 0
154805 8 4 0
154891 8 4 0
154981 8 4 0
155064 8 43 2
155065 8 4 0
155080 8 17 0
155156 8 17 2
155159 8 4 0
155248 8 27 0
155271 8 4 0
155371 8 4 0
155388 8 27 2
155392 8 37 0
155475 8 4 0
155561 8 37 2
155573 8 17 0
155608 8 4 0
155746 8 4 0
155802 8 17 2
155810 8 15 0
155880 8 4 0
155955 8 4 0
156047 8 15 2
156071 8 4 0
156087 8 16 0
156121 8 0 1
156203 8 4 0
156292 8 47 2
156405 8 4 0
156405 8 0 2
156435 8 16 2
156475 8 18 0
156525 8 4 0
156577 8 18 2
156601 8 4 0
156601 8 61 0
156719 8 4 0
156849 8 4 0
156953 8 4 0
157030 8 4 0
157146 8 4 0
157189 8 0 1
157207 8 61 2
157219 8 54 0
157243 8 4 0
157351 8 4 0
157352 8 7 2
157441 8 0 2
157484 8 4 0
157564 8 54 2
157584 8 8 0
157593 8 13 0
157606 8 4 0
157658 8 8 2
157666 8 19 0
157693 8 4 0
157825 8 4 0
157839 8 19 2
157843 8 35 0
157943 8 4 0
158036 8 4 0
158161 8 4 0
158212 8 35 2
158228 8 53 0
158313 8 4 0
158415 8 4 0
158544 8 53 2
158546 8 4 0
158584 8 33 0
158590 8 0 1
158666 8 4 0
158753 8 33 2
158762 8 25 2
158765 8 36 0
158795 8 4 0
158811 8 0 2
158864 8 36 2
158884 8 40 0
158897 8 4 0
159013 8 4 0
159037 8 0 1
159115 8 4 0
159202 8 61 2
159263 8 4 0
159281 8 40 2
159305 8 37 0
159316 8 0 2
159410 8 37 2
159426 8 4 0
159514 8 38 0
159638 8 38 2
159642 8 33 0
159661 8 4 0
159806 8 4 0
159934 8 33 2
159956 8 4 0
159958 8 8 0
160067 8 4 0
160085 8 0 1
160132 8 8 2
160140 8 29 0
160177 8 4 0
160252 8 43 2
160267 8 29 2
160307 8 0 0
160325 8 4 0
160333 8 0 2
160492 8 4 0
160494 8 0 2
160506 8 38 0
160603 8 4 0
160620 8 38 2
160636 8 39 0
160721 8 4 0
160786 8 39 2
160790 8 39 0
160822 8 4 0
161544 8 39 2
161600 8 36 0
161700 8 36 2
161732 8 38 0
161870 8 38 2
161886 8 51 0
162000 8 51 2
162056 8 39 0
162662 8 39 2
162670 8 52 0
163020 8 52 2
163056 8 47 0
163342 8 47 2
163362 8 53 0
164031 8 53 2
164055 8 54 0
164736 8 54 2
164752 8 11 0
165062 8 11 2
165074 8 56 0
166499 8 0 1
166543 8 56 2
166547 8 12 0
166663 8 3 2
166720 8 0 2
166803 8 12 2
166811 8 57 0
166957 8 57 2
166961 8 2 0
167275 8 2 2
167293 8 0 1
167327 8 37 0
167433 8 37 2
167449 8 40 0
167462 8 4 2
167534 8 0 2
167537 8 4 0
167540 8 0 1
167645 8 4 0
167654 8 40 2
167701 8 37 2
167710 8 58 0
167729 8 4 0
167790 8 0 2
167808 8 4 0
167835 8 58 2
167890 8 4 0
167895 8 35 0
167992 8 4 0
167996 8 35 2
168000 8 50 0
168066 8 4 0
168124 8 50 2
168144 8 62 0
168172 8 4 0
168270 8 4 0
168374 8 4 0
168454 8 4 0
168560 8 4 0
168713 8 4 0
168771 8 62 2
168794 8 4 0
168799 8 38 0
168905 8 4 0
169038 8 4 0
169142 8 38 2
169159 8 4 0
169214 8 63 0
169253 8 4 0
169363 8 4 0
169493 8 4 0
169614 8 4 0
169709 8 4 0
169802 8 4 0
169886 8 4 0
170043 8 4 0
170142 8 63 2
170168 8 4 0
170182 8 12 0
170277 8 4 0
170409 8 4 0
170479 8 12 2
170501 8 4 0
170503 8 2 0
170624 8 4 0
170639 8 2 2
170663 8 13 0
170746 8 4 0
170889 8 4 0
170942 8 13 2
171038 8 3 0
171082 8 4 0
171174 8 3 2
171214 8 23 0
171262 8 4 0
171385 8 4 0
171416 8 23 2
171432 8 24 0
171490 8 4 0
171539 8 24 2
171643 8 4 0
171647 8 43 0
171742 8 0 1
171749 8 4 0
171845 8 4 0
171912 8 4 2
171942 8 43 2
171950 8 25 0
171970 8 4 0
171980 8 0 2
171982 8 4 0
172078 8 4 0
172079 8 4 0
172115 8 25 2
172143 8 26 0
172168 8 4 0
172176 8 4 0
172240 8 26 2
172249 8 4 0
172272 8 4 0
172320 8 0 0
172339 8 4 0
172367 8 4 0
172392 8 0 2
172400 8 3 0
172444 8 4 0
172488 8 4 0
172530 8 4 0
172628 8 4 0
172632 8 3 2
172656 8 4 0
172676 8 4 0
172731 8 4 0
172783 8 4 2
172851 8 4 0
172864 8 4 0
172879 8 5 0
172930 8 4 0
172995 8 4 0
173037 8 5 2
173077 8 15 0
173093 8 4 0
173118 8 4 0
173212 8 4 0
173219 8 4 0
173303 8 4 0
173305 8 4 0
173382 8 15 2
173390 8 14 0
173424 8 4 0
173449 8 4 0
173536 8 4 0
173561 8 4 0
173661 8 4 0
173681 8 4 0
173730 8 14 2
173742 8 50 0
173778 8 4 0
173793 8 4 0
173895 8 4 0
173899 8 4 0
174012 8 4 0
174051 8 4 0
174125 8 4 0
174147 8 50 2
174175 8 6 0
174250 8 4 0
174255 8 4 0
174269 8 6 2
174289 8 4 0
174376 8 4 0
174401 8 4 0
174426 8 4 2
174434 8 8 0
174497 8 4 0
174569 8 4 0
174584 8 4 0
174672 8 4 0
174725 8 4 0
174797 8 4 0
174851 8 4 0
174913 8 4 0
174946 8 4 0
174980 8 8 2
174984 8 47 0
175095 8 4 0
175169 8 47 2
175177 8 49 0
175207 8 4 0
175304 8 4 0
175383 8 4 0
175505 8 4 0
175628 8 4 0
175767 8 4 0
175897 8 4 0
175972 8 49 2
175988 8 11 0
175989 8 4 0
176096 8 4 0
176101 8 11 2
176137 8 5 0
176207 8 4 0
176239 8 5 2
176263 8 37 0
176366 8 4 0
176499 8 4 0
176586 8 37 2
176618 8 4 0
176650 8 4 0
176746 8 4 2
176750 8 1 0
176768 8 4 0
176871 8 4 0
176945 8 1 2
176973 8 27 0
177000 8 4 0
177095 8 27 2
177096 8 4 0
177103 8 2 0
177199 8 4 0
177260 8 2 2
177272 8 11 0
177303 8 4 0
177383 8 11 2
177388 8 4 0
177391 8 7 0
177479 8 4 0
177532 8 7 2
177552 8 3 0
177587 8 4 0
177676 8 3 2
177710 8 4 0
177784 8 6 0
177844 8 4 0
177893 8 6 2
177913 8 9 0
177967 8 4 0
178007 8 9 2
178073 8 4 0
178179 8 8 0
178211 8 4 0
178308 8 4 0
178418 8 4 0
178485 8 8 2
178497 8 11 0
178499 8 4 0
178572 8 11 2
178592 8 12 0
178639 8 4 0
178713 8 12 2
178737 8 16 0
178762 8 4 0
178843 8 4 0
178943 8 4 0
179286 8 16 2
179294 8 13 0
179376 8 13 2
179424 8 2 0
179499 8 2 2
179535 8 14 0
179719 8 14 2
179723 8 17 0
180408 8 17 2
180416 8 15 0
181514 8 15 2
181534 8 18 0
181837 8 18 2
181861 8 4 0
181887 8 0 1
181984 8 4 2
182024 8 40 0
182052 8 4 2
182114 8 40 2
182117 8 0 2
182118 8 38 0
182118 8 38 0
182218 8 38 2
182232 8 0 1
182402 8 22 2
182482 8 0 2
182974 8 0 0
183124 8 0 0
183182 8 38 2
183190 8 27 0
183331 8 27 2
183351 8 35 0
183373 8 0 0
183470 8 0 0
183471 8 35 2
183527 8 28 0
183642 8 0 0
183710 8 28 2
183778 8 3 0
183849 8 0 0
183904 8 3 2
183908 8 46 0
183957 8 0 0
184037 8 0 1
184095 8 0 0
184202 8 58 2
184225 8 0 0
184242 8 46 2
184262 8 4 0
184291 8 0 2
184324 8 0 0
184376 8 4 2
184408 8 0 0
184429 8 0 0
184514 8 0 2
184518 8 29 0
184607 8 0 0
184712 8 0 0
184834 8 0 0
184850 8 29 2
184994 8 47 0
184994 8 47 0
185039 8 0 0
185100 8 47 2
185170 8 0 0
185316 8 0 0
185342 8 47 2
185414 8 30 0
185448 8 0 0
185534 8 30 2
185658 8 0 0
185835 8 0 0
185886 8 31 0
185937 8 0 0
186040 8 0 0
186154 8 0 0
186283 8 0 0
186300 8 31 2
186304 8 44 0
186432 8 44 2
186440 8 43 0
186449 8 0 0
186558 8 43 2
186576 8 0 0
186690 8 32 0
186830 8 0 0
186850 8 32 2
186922 8 33 0
186995 8 0 0
187065 8 33 2
187113 8 33 0
187160 8 0 0
187172 8 0 1
187295 8 0 0
187310 8 33 2
187318 8 27 0
187343 8 40 2
187401 8 0 2
187420 8 0 0
187502 8 27 2
187606 8 54 0
187708 8 0 0
187823 8 0 0
187920 8 54 2
187932 8 28 0
187991 8 0 0
188093 8 28 2
188109 8 48 0
188150 8 0 0
188276 8 0 0
188389 8 0 0
188398 8 48 2
188406 8 56 0
188560 8 56 2
188576 8 49 0
188581 8 0 0
188603 8 0 1
188756 8 0 0
188782 8 0 2
188832 8 0 2
188835 8 0 0
188901 8 49 2
188918 8 0 0
188998 8 0 0
189001 8 41 0
189009 8 0 0
189079 8 0 0
189116 8 41 2
189164 8 61 0
189197 8 0 0
189206 8 0 0
189290 8 0 0
189388 8 0 0
189394 8 61 2
189398 8 39 0
189487 8 0 0
189552 8 0 0
189681 8 0 0
189686 8 39 2
189698 8 7 0
189813 8 0 0
189817 8 7 2
189877 8 8 0
189886 8 0 0
189888 8 0 0
189978 8 8 2
190010 8 63 0
190090 8 0 0
190142 8 0 0
190253 8 0 0
190261 8 0 0
190389 8 0 0
190422 8 0 0
190575 8 0 0
190588 8 0 0
190740 8 0 0
190872 8 0 0
190913 8 0 0
191060 8 0 0
191119 8 63 2
191194 8 0 0
191195 8 0 0
191227 8 0 0
191370 8 0 0
191437 8 0 0
191491 8 0 0
191501 8 0 2
191529 8 57 0
191584 8 0 0
191647 8 0 0
191706 8 0 0
191721 8 57 2
191789 8 58 0
191929 8 58 2
191967 8 0 0
192013 8 46 0
192076 8 0 0
192088 8 0 0
192285 8 46 2
192297 8 59 0
192304 8 0 0
192360 8 0 0
192445 8 59 2
192477 8 32 0
192491 8 0 0
192514 8 0 0
192615 8 0 0
192636 8 32 2
192644 8 50 0
192648 8 0 0
192779 8 50 2
192787 8 0 0
192855 8 60 0
192881 8 0 0
193013 8 0 0
193075 8 60 2
193083 8 62 0
193113 8 0 0
193186 8 0 0
193321 8 0 0
193387 8 62 2
193391 8 3 0
193476 8 3 2
193488 8 5 0
193508 8 0 0
193629 8 0 0
193650 8 5 2
193678 8 17 0
193762 8 0 0
193778 8 17 2
193798 8 6 0
193892 8 0 0
194006 8 0 0
194058 8 6 2
194086 8 0 0
194150 8 11 0
194189 8 0 0
194308 8 0 0
194394 8 0 0
194442 8 11 2
194450 8 10 0
194556 8 10 2
194576 8 11 0
194691 8 11 2
194699 8 6 0
194775 8 0 0
194870 8 6 2
194906 8 36 0
194987 8 0 0
195101 8 0 0
195221 8 36 2
195263 8 0 0
195281 8 12 0
195499 8 12 2
195507 8 0 0
195618 8 0 2
195742 8 15 0
195742 8 15 0
195841 8 15 2
195897 8 15 2
195961 8 7 0
195978 8 0 0
196125 8 0 0
196127 8 7 2
196143 8 0 0
196228 8 0 0
196376 8 0 2
196398 8 0 0
196524 8 9 0
196547 8 0 0
196621 8 9 2
196653 8 8 0
196672 8 0 0
196710 8 8 2
196720 8 0 0
196738 8 47 0
196821 8 0 0
196991 8 0 0
197022 8 47 2
197130 8 14 0
197231 8 14 2
197340 8 0 0
197479 8 0 0
197503 8 61 0
197615 8 0 0
197637 8 61 2
197675 8 0 0
197709 8 54 0
197758 8 0 0
197841 8 54 2
197873 8 55 0
197960 8 0 0
198048 8 55 2
198227 8 0 0
198276 8 40 0
198389 8 40 2
198417 8 49 0
198539 8 0 0
198554 8 49 2
198566 8 51 0
198687 8 0 0
198702 8 51 2
198722 8 37 0
198756 8 0 0
198828 8 37 2
198832 8 20 0
198852 8 0 0
198915 8 20 2
198931 8 3 0
199030 8 0 0
199171 8 0 0
199231 8 0 0
199290 8 3 2
199349 8 0 0
199382 8 21 0
199473 8 21 2
199481 8 56 0
199627 8 56 2
199632 8 0 2
199647 8 57 0
199773 8 57 2
199861 8 58 0
199977 8 58 2
200057 8 59 0
200192 8 59 2
200216 8 63 0
200362 8 63 2
200380 8 2 2
200446 8 33 0
200543 8 33 2
216429 8 2 0
216430 8 2 2
222325 8 0 1
222493 8 16 2
222501 8 0 1
222527 8 0 2
222673 8 38 2
222737 8 0 1
222771 8 0 2
222903 8 50 2
222985 8 0 2
224951 8 0 1
225123 8 2 2
225173 8 0 2
248281 8 0 1
248453 8 2 2
248503 8 0 2
265725 8 0 1
265835 8 0 1
265893 8 16 2
265927 8 0 2
266003 8 38 2
266101 8 0 2
266463 8 0 1
266633 8 50 2
266715 8 0 2
270017 8 0 1
270182 8 2 2
270231 8 0 2
297463 8 0 1
297632 8 2 2
297681 8 0 2
299747 8 2 0
299748 8 0 1
299912 8 2 2
299961 8 0 2
305947 8 0 1
305948 8 2 0
306112 8 2 2
306161 8 0 2
340247 8 2 0
340248 8 0 1
340412 8 2 2
340461 8 0 2
355074 8 2 0
355075 8 0 1
355242 8 2 2
355291 8 0 2
362309 8 0 1
362472 8 2 2
362521 8 0 2
373200 8 2 0
373201 8 2 2
428865 8 2 0
428866 8 13 0
429050 8 2 2
429217 8 2 2
533982 8 2 0
533983 8 0 1
534151 8 2 2
534200 8 0 2
535546 8 0 1
535712 8 2 2
535762 8 0 2
549644 8 2 0
549645 8 0 1
549811 8 2 2
549860 8 0 2
571119 8 0 1
571281 8 3 2
571338 8 0 2
577652 8 2 0
577653 8 2 2
592430 8 3 2
592719 8 2 0
595234 8 2 0
595235 8 0 1
595402 8 2 2
595452 8 0 2
618634 8 2 0
618635 8 0 1
618802 8 2 2
618852 8 0 2
628455 8 2 0
638629 8 0 1
638791 8 3 2
638848 8 0 2
639727 8 3 0
646054 8 2 0
646055 8 0 1
646222 8 2 2
646272 8 0 2
656486 8 0 1
656652 8 3 2
656710 8 0 2
669395 8 2 0
669396 8 0 1
669562 8 2 2
669612 8 0 2
694461 8 15 0
694461 8 15 0
694535 8 15 2
694543 8 15 2
694631 8 30 0
694737 8 30 2
694749 8 24 0
694831 8 24 2
694931 8 25 0
695013 8 25 2
695021 8 8 0
695021 8 8 0
695030 8 8 0
695031 8 3 0
695031 8 8 2
695039 8 8 2
695088 8 8 2
695152 8 26 0
695234 8 26 2
695254 8 0 1
695298 8 27 0
695379 8 27 2
695411 8 34 0
695421 8 0 2
695458 8 0 2
695493 8 34 2
695505 8 26 0
695579 8 26 2
695675 8 55 0
695813 8 55 2
695821 8 27 0
695903 8 27 2
695951 8 61 0
696171 8 61 2
696175 8 28 0
696265 8 28 2
696281 8 7 2
696317 8 60 0
696435 8 5 2
696439 8 60 2
696455 8 61 0
696585 8 61 2
696605 8 43 0
696895 8 43 2
696931 8 34 0
697012 8 34 2
697064 8 61 0
697253 8 61 2
697289 8 29 0
697364 8 9 2
697387 8 29 2
697403 8 61 0
699483 8 61 2
699583 8 32 0
699594 8 7 2
699649 8 32 2
699733 8 28 0
699822 8 28 2
699874 8 2 0
699941 8 2 2
699953 8 29 0
700051 8 29 2
700083 8 4 0
700157 8 4 2
700165 8 35 0
700255 8 35 2
700342 8 0 1
700511 8 13 2
700576 8 0 2
709260 8 0 1
709432 8 31 2
709529 8 0 2
717722 8 0 1
717891 8 49 2
717964 8 0 2
725340 8 2 0
725341 8 0 1
725512 8 2 2
725562 8 0 2
736598 8 2 0
736599 8 3 0
744425 8 2 0
744426 8 2 2
746322 8 2 0
746323 8 2 2
753027 8 2 0
753028 8 3 0
768850 8 2 0
768851 8 0 1
769021 8 2 2
769070 8 0 2
779514 8 2 2
862585 8 5 2
867715 8 0 1
867883 8 3 2
867940 8 0 2
903026 8 2 0
903027 8 2 2
914264 8 3 0
914265 8 2 0
918283 8 2 0
918284 8 3 0
919001 8 2 0
919002 8 2 2
920461 8 3 0
920462 8 13 0
927198 8 2 0
927199 8 8 0
927199 8 2 2
927209 8 2 2
954137 8 8 0
954146 8 2 0
954146 8 8 2
954196 8 8 2
954464 8 55 0
954602 8 55 2
954658 8 23 0
955314 8 23 2
955370 8 56 0
955402 8 6 2
955460 8 56 2
955524 8 57 0
955622 8 57 2
955682 8 23 0
955808 8 23 2
955892 8 9 2
955900 8 23 0
956748 8 23 2
956831 8 11 2
1121028 8 8 0
1121028 8 8 0
1121037 8 8 0
1121038 8 4 0
1121046 8 8 2
1121103 8 8 2
1121271 8 38 0
1121271 8 38 0
1121409 8 38 2
1121411 8 38 2
1121525 8 47 0
1121525 8 47 0
1121631 8 47 2
1121639 8 47 2
1121715 8 12 0
1121749 8 2 0
1121750 8 4 0
1121772 8 12 2
1122824 8 47 0
1122954 8 47 2
1123162 8 7 0
1123378 8 7 2
1123810 8 2 0
1123900 8 2 2
1123936 8 25 0
1124042 8 25 2
1124058 8 31 0
1124172 8 31 2
1124208 8 33 0
1124342 8 33 2
1124346 8 36 0
1124444 8 36 2
1124452 8 4 0
1124542 8 4 2
1124634 8 5 0
1124724 8 5 2
1124756 8 34 0
1124873 8 34 2
1124893 8 35 0
1125007 8 35 2
1125031 8 32 0
1125155 8 32 2
1125519 8 38 0
1125519 8 38 0
1125610 8 38 2
1125634 8 38 2
1125790 8 46 0
1125897 8 46 2
1126020 8 2 0
1126021 8 4 0
1126097 8 47 0
1126097 8 47 0
1126203 8 47 2
1126211 8 47 2
1127218 8 2 0
1127219 8 4 0
1128915 8 48 0
1129190 8 48 2
1129766 8 49 0
1130136 8 49 2
1130712 8 50 0
1130999 8 50 2
1131575 8 51 0
1131873 8 51 2
1132449 8 52 0
1132783 8 52 2
1133359 8 53 0
1133687 8 53 2
1133952 8 2 0
1133953 8 0 0
1134263 8 54 0
1134591 8 54 2
1135167 8 55 0
1135454 8 55 2
1136030 8 56 0
1136319 8 56 2
1136880 8 0 0
1136881 8 2 0
1136895 8 57 0
1137245 8 57 2
1137821 8 58 0
1138088 8 58 2
1138664 8 59 0
1138964 8 59 2
1139540 8 60 0
1139891 8 60 2
1140467 8 61 0
1140815 8 61 2
1141391 8 62 0
1141722 8 62 2
1142298 8 63 0
1142583 8 63 2
1143159 8 0 0
1143159 8 0 0
1143185 8 0 2
1143350 8 0 2
1143458 8 2 0
1143459 8 0 1
1143618 8 2 0
1143623 8 2 2
1143672 8 0 2
1143684 8 2 2
1143740 8 3 0
1143814 8 3 2
1143818 8 7 0
1144120 8 7 2
1144208 8 4 0
1144208 8 4 0
1144266 8 4 2
1144291 8 4 2
1144679 8 1 0
1144927 8 1 2
1145503 8 2 0
1145787 8 2 2
1146363 8 3 0
1146672 8 3 2
1147248 8 4 0
1147503 8 4 2
1148079 8 5 0
1148327 8 5 2
1148903 8 6 0
1149249 8 6 2
1149825 8 7 0
1149897 8 0 1
1150037 8 0 1
1150064 8 6 2
1150132 8 7 2
1150146 8 0 2
1150204 8 4 2
1150270 8 0 2
1150377 8 0 1
1150544 8 5 2
1150618 8 0 2
1150708 8 8 0
1150708 8 8 0
1150717 8 8 0
1150718 8 0 1
1150726 8 8 2
1150827 8 0 1
1150884 8 8 2
1150900 8 8 2
1150909 8 0 2
1150937 8 11 0
1150938 8 0 1
1150994 8 1 2
1151036 8 0 2
1151104 8 11 2
1151154 8 0 2
1151476 8 9 0
1151727 8 9 2
1152303 8 10 0
1152569 8 10 2
1153145 8 11 0
1153145 8 11 0
1153187 8 11 2
1153434 8 11 2
1154010 8 12 0
1154263 8 12 2
1154839 8 13 0
1155087 8 13 2
1155663 8 14 0
1155991 8 14 2
1156567 8 15 0
1156854 8 15 2
1157430 8 16 0
1157639 8 16 2
1158215 8 17 0
1158485 8 17 2
1159061 8 18 0
1159329 8 18 2
1159905 8 19 0
1160194 8 19 2
1160770 8 20 0
1161041 8 20 2
1161617 8 21 0
1161885 8 21 2
1162461 8 22 0
1162791 8 22 2
1163367 8 23 0
1163654 8 23 2
1164230 8 24 0
1164457 8 24 2
1165033 8 25 0
1165313 8 25 2
1165889 8 26 0
1166159 8 26 2
1166735 8 27 0
1167024 8 27 2
1167600 8 28 0
1167797 8 0 1
1167889 8 28 2
1167964 8 2 2
1168014 8 0 2
1168465 8 29 0
1168743 8 29 2
1169319 8 30 0
1169651 8 30 2
1170227 8 31 0
1170514 8 31 2
1170570 8 0 1
1170734 8 0 2
1170768 8 0 2
1171090 8 32 0
1171335 8 32 2
1171911 8 33 0
1172211 8 33 2
1172787 8 34 0
1173049 8 34 2
1173625 8 35 0
1173914 8 35 2
1174490 8 36 0
1174797 8 36 2
1175373 8 37 0
1175681 8 37 2
1176257 8 38 0
1176591 8 38 2
1177167 8 39 0
1177454 8 39 2
1178030 8 40 0
1178283 8 40 2
1178859 8 41 0
1179169 8 41 2
1179745 8 42 0
1180010 8 42 2
1180586 8 43 0
1180874 8 43 2
1181450 8 44 0
1181775 8 44 2
1182351 8 45 0
1182669 8 45 2
1183245 8 46 0
1183630 8 46 2
1193652 8 0 1
1193782 8 0 1
1193824 8 6 2
1193906 8 0 2
1193954 8 4 2
1194002 8 0 1
1194020 8 0 2
1194174 8 5 2
1194248 8 0 2
1194334 8 8 0
1194343 8 0 1
1194482 8 0 1
1194514 8 8 2
1194530 8 8 2
1194539 8 0 2
1194583 8 0 1
1194654 8 1 2
1194696 8 0 2
1194764 8 11 2
1194814 8 0 2
1211382 8 2 0
1211383 8 0 1
1211547 8 2 2
1211597 8 0 2
1229950 8 31 0
1230064 8 31 2
1230108 8 35 0
1230395 8 35 2
1230455 8 32 0
1230609 8 32 2
1230709 8 33 0
1231143 8 33 2
1231235 8 34 0
1231499 8 34 2
1231531 8 1 0
1231531 8 1 0
1231565 8 1 2
1231573 8 1 2
1231617 8 32 0
1231719 8 32 2
1231727 8 35 0
1231727 8 35 0
1231793 8 35 2
1232022 8 35 2
1232026 8 60 0
1232228 8 60 2
1232244 8 61 0
1232374 8 61 2
1232434 8 48 0
1232813 8 48 2
1232853 8 49 0
1233463 8 49 2
1233499 8 36 0
1233499 8 36 0
1233573 8 36 2
1233614 8 36 2
1233678 8 37 0
1233678 8 37 0
1233760 8 37 2
1233933 8 37 2
1233981 8 58 0
1233981 8 58 0
1234063 8 58 2
1234111 8 58 2
1234123 8 31 0
1234455 8 31 2
1234467 8 30 0
1234804 8 30 2
1234812 8 59 0
1234812 8 59 0
1234902 8 59 2
1234910 8 59 2
1234962 8 34 0
1235232 8 34 2
1235272 8 0 0
1235468 8 0 2
1235476 8 33 0
1235795 8 33 2
1235811 8 60 0
1235916 8 60 2
1235936 8 32 0
1236185 8 32 2
1236261 8 61 0
1236401 8 61 2
1236525 8 62 0
1236684 8 62 2
1236772 8 12 0
1236850 8 12 2
1236862 8 39 0
1236983 8 39 2
1236995 8 13 0
1237076 8 13 2
1237080 8 48 0
1237178 8 48 2
1237190 8 59 0
1237303 8 59 2
1237331 8 54 0
1237331 8 54 0
1237437 8 54 2
1237461 8 54 2
1237501 8 55 0
1237622 8 55 2
1237646 8 56 0
1237646 8 56 0
1237712 8 56 2
1237720 8 56 2
1237748 8 57 0
1237748 8 57 0
1237822 8 57 2
1237863 8 57 2
1237927 8 58 0
1238041 8 58 2
1238077 8 49 0
1238175 8 49 2
1238215 8 63 0
1238410 8 63 2
1238458 8 15 0
1238556 8 15 2
1238572 8 44 0
1238661 8 44 2
1238681 8 45 0
1238681 8 2 0
1238795 8 45 2
1239043 8 0 0
1239108 8 0 2
1239200 8 1 0
1239266 8 1 2
1239366 8 2 0
1239431 8 2 2
1239451 8 41 0
1239541 8 41 2
1239613 8 3 0
1239631 8 2 0
1239679 8 3 2
1239739 8 2 0
1239930 8 2 0
1239939 8 5 0
1240005 8 2 0
1240012 8 5 2
1240060 8 6 0
1240106 8 2 0
1240141 8 6 2
1240229 8 7 0
1240318 8 7 2
1240426 8 8 0
1240435 8 2 0
1240484 8 8 2
1240540 8 1 0
1240581 8 1 2
1241029 8 46 0
1241134 8 46 2
1241142 8 4 0
1241216 8 4 2
1241240 8 47 0
1241278 8 6 2
1241353 8 47 2
1241497 8 12 0
1241554 8 12 2
1241793 8 6 0
1241794 8 13 0
1241918 8 10 0
1241941 8 6 2
1241976 8 10 2
1242096 8 1 0
1242096 8 1 0
1242104 8 6 2
1242130 8 1 2
1242138 8 1 2
1242338 8 6 2
1242586 8 46 0
1242691 8 46 2
1242723 8 47 0
1242723 8 47 0
1242829 8 47 2
1242832 8 5 2
1242837 8 47 2
1242912 8 6 2
1242981 8 12 0
1242981 8 12 0
1243031 8 12 2
1243039 8 12 2
1243337 8 5 0
1243338 8 13 0
1243483 8 6 2
1243523 8 1 0
1243589 8 1 2
1243645 8 6 2
1243879 8 6 2
1244037 8 46 0
1244037 8 46 0
1244135 8 46 2
1244152 8 46 2
1244184 8 47 0
1244306 8 47 2
1244337 8 5 2
1244450 8 12 0
1244454 8 6 2
1244516 8 12 2
1244609 8 4 2
1244908 8 5 2
1245000 8 1 0
1245000 8 1 0
1245023 8 6 2
1245034 8 1 2
1245067 8 1 2
1245070 8 5 2
1245106 8 4 0
1245107 8 13 0
1245185 8 6 2
1245296 8 5 2
1245419 8 6 2
1245515 8 46 0
1245629 8 46 2
1245661 8 47 0
1245783 8 47 2
1245863 8 5 2
1245927 8 12 0
1245993 8 12 2
1246125 8 4 2
1246434 8 5 2
1246477 8 1 0
1246477 8 1 0
1246511 8 1 2
1246539 8 6 2
1246544 8 1 2
1246597 8 5 2
1246696 8 4 2
1246701 8 6 2
1246826 8 5 2
1246859 8 4 2
1246935 8 6 2
1246992 8 46 0
1246992 8 46 0
1247078 8 4 2
1247091 8 46 2
1247106 8 46 2
1247138 8 47 0
1247138 8 47 0
1247244 8 47 2
1247261 8 47 2
1247405 8 12 0
1247405 8 12 0
1247455 8 12 2
1247472 8 12 2
1247637 8 4 2
1247937 8 5 2
1247956 8 1 0
1247956 8 1 0
1247990 8 1 2
1248023 8 1 2
1248100 8 5 2
1248208 8 4 2
1248327 8 5 2
1248371 8 4 2
1248471 8 46 0
1248471 8 46 0
1248569 8 46 2
1248586 8 46 2
1248590 8 4 2
1248618 8 47 0
1248618 8 47 0
1248724 8 47 2
1248741 8 47 2
1248885 8 12 0
1248885 8 12 0
1248935 8 12 2
1248952 8 12 2
1249436 8 1 0
1249436 8 1 0
1249470 8 1 2
1249503 8 1 2
1249696 8 4 2
1249859 8 4 2
1249951 8 46 0
1249951 8 46 0
1250050 8 46 2
1250065 8 46 2
1250078 8 4 2
1250097 8 47 0
1250097 8 47 0
1250203 8 47 2
1250220 8 47 2
1250364 8 12 0
1250364 8 12 0
1250414 8 12 2
1250431 8 12 2
1250915 8 1 0
1250915 8 1 0
1250949 8 1 2
1250982 8 1 2
1251128 8 1 0
1251129 8 13 0
1251278 8 0 0
1251279 8 13 0
1251414 8 9 0
1251488 8 9 2
1251504 8 46 0
1251504 8 46 0
1251602 8 46 2
1251619 8 46 2
1251651 8 47 0
1251651 8 47 0
1251757 8 47 2
1251774 8 47 2
1251918 8 12 0
1251918 8 12 0
1251968 8 12 2
1251985 8 12 2
1252469 8 1 0
1252469 8 1 0
1252503 8 1 2
1252536 8 1 2
1252984 8 46 0
1252984 8 46 0
1253082 8 46 2
1253099 8 46 2
1253131 8 47 0
1253131 8 47 0
1253237 8 47 2
1253255 8 47 2
1253399 8 12 0
1253399 8 12 0
1253452 8 12 2
1253487 8 12 2
1253971 8 1 0
1253971 8 1 0
1254005 8 1 2
1254024 8 1 2
1254472 8 46 0
1254472 8 46 0
1254570 8 46 2
1254599 8 46 2
1254631 8 47 0
1254631 8 47 0
1254737 8 47 2
1254745 8 47 2
1254889 8 12 0
1254889 8 12 0
1254939 8 12 2
1254947 8 12 2
1255245 8 6 2
1255431 8 1 0
1255431 8 1 0
1255465 8 1 2
1255473 8 1 2
1255820 8 6 2
1255921 8 46 0
1255921 8 46 0
1256019 8 46 2
1256027 8 46 2
1256059 8 47 0
1256059 8 47 0
1256165 8 47 2
1256173 8 47 2
1256317 8 12 0
1256317 8 12 0
1256367 8 12 2
1256375 8 12 2
1256391 8 6 2
1256554 8 6 2
1256631 8 5 2
1256789 8 6 2
1256859 8 1 0
1256859 8 1 0
1256893 8 1 2
1256901 8 1 2
1257198 8 5 2
1257349 8 46 0
1257349 8 46 0
1257364 8 6 2
1257447 8 46 2
1257455 8 46 2
1257487 8 47 0
1257487 8 47 0
1257593 8 47 2
1257601 8 47 2
1257745 8 12 0
1257745 8 12 0
1257769 8 5 2
1257795 8 12 2
1257803 8 12 2
1257932 8 5 2
1257935 8 6 2
1258099 8 6 2
1258159 8 5 2
1258287 8 1 0
1258287 8 1 0
1258321 8 1 2
1258329 8 1 2
1258334 8 6 2
1258377 8 4 2
1258726 8 5 2
1258777 8 46 0
1258777 8 46 0
1258875 8 46 2
1258882 8 46 2
1258909 8 6 2
1258914 8 47 0
1258914 8 47 0
1258936 8 4 2
1259020 8 47 2
1259028 8 47 2
1259172 8 12 0
1259172 8 12 0
1259222 8 12 2
1259230 8 12 2
1259296 8 5 2
1259459 8 5 2
1259481 8 6 2
1259507 8 4 2
1259644 8 6 2
1259670 8 4 2
1259686 8 5 2
1259714 8 1 0
1259714 8 1 0
1259748 8 1 2
1259756 8 1 2
1259879 8 6 2
1259889 8 4 2
1260204 8 46 0
1260204 8 46 0
1260253 8 5 2
1260302 8 46 2
1260310 8 46 2
1260342 8 47 0
1260342 8 47 0
1260448 8 4 2
1260449 8 47 2
1260454 8 6 2
1260456 8 47 2
1260600 8 12 0
1260600 8 12 0
1260650 8 12 2
1260658 8 12 2
1260824 8 5 2
1260987 8 5 2
1261019 8 4 2
1261029 8 6 2
1261142 8 1 0
1261142 8 1 0
1261176 8 1 2
1261182 8 4 2
1261184 8 1 2
1261192 8 6 2
1261214 8 5 2
1261328 8 2 0
1261329 8 13 0
1261402 8 4 2
1261426 8 6 2
1261632 8 46 0
1261632 8 46 0
1261730 8 46 2
1261738 8 46 2
1261770 8 47 0
1261770 8 47 0
1261781 8 5 2
1261876 8 47 2
1261884 8 47 2
1261961 8 4 2
1262001 8 6 2
1262028 8 12 0
1262028 8 12 0
1262078 8 12 2
1262086 8 12 2
1262352 8 5 2
1262515 8 5 2
1262532 8 4 2
1262570 8 1 0
1262570 8 1 0
1262572 8 6 2
1262604 8 1 2
1262612 8 1 2
1262695 8 4 2
1262735 8 6 2
1262742 8 5 2
1262914 8 4 2
1262970 8 6 2
1263044 8 10 0
1263110 8 10 2
1263126 8 46 0
1263126 8 46 0
1263224 8 46 2
1263232 8 46 2
1263264 8 47 0
1263264 8 47 0
1263310 8 5 2
1263370 8 47 2
1263378 8 47 2
1263473 8 4 2
1263522 8 12 0
1263522 8 12 0
1263545 8 6 2
1263572 8 12 2
1263580 8 12 2
1263880 8 5 2
1264044 8 4 2
1264045 8 5 2
1264064 8 1 0
1264064 8 1 0
1264099 8 1 2
1264104 8 1 2
1264116 8 6 2
1264206 8 4 2
1264275 8 5 2
1264279 8 6 2
1264424 8 4 2
1264513 8 6 2
1264552 8 46 0
1264552 8 46 0
1264650 8 46 2
1264658 8 46 2
1264690 8 47 0
1264690 8 47 0
1264796 8 47 2
1264804 8 47 2
1264842 8 5 2
1264948 8 12 0
1264948 8 12 0
1264983 8 4 2
1264998 8 12 2
1265006 8 12 2
1265088 8 6 2
1265413 8 5 2
1265490 8 1 0
1265490 8 1 0
1265524 8 1 2
1265532 8 1 2
1265554 8 4 2
1265576 8 5 2
1265717 8 4 2
1265749 8 6 2
1265803 8 5 2
1265912 8 6 2
1265936 8 4 2
1265980 8 46 0
1265980 8 46 0
1266078 8 46 2
1266086 8 46 2
1266118 8 47 0
1266118 8 47 0
1266147 8 6 2
1266224 8 47 2
1266232 8 47 2
1266371 8 5 2
1266376 8 12 0
1266376 8 12 0
1266426 8 12 2
1266434 8 12 2
1266495 8 4 2
1266722 8 6 2
1266918 8 1 0
1266918 8 1 0
1266952 8 1 2
1266960 8 1 2
1267024 8 5 2
1267066 8 4 2
1267187 8 5 2
1267231 8 4 2
1267292 8 6 2
1267408 8 46 0
1267408 8 46 0
1267413 8 5 2
1267449 8 4 2
1267455 8 6 2
1267506 8 46 2
1267514 8 46 2
1267546 8 47 0
1267546 8 47 0
1267652 8 47 2
1267660 8 47 2
1267692 8 6 2
1267804 8 12 0
1267804 8 12 0
1267854 8 12 2
1267862 8 12 2
1267979 8 5 2
1268008 8 4 2
1268267 8 6 2
1268346 8 1 0
1268346 8 1 0
1268380 8 1 2
1268388 8 1 2
1268550 8 5 2
1268653 8 4 2
1268714 8 5 2
1268816 8 4 2
1268836 8 46 0
1268836 8 46 0
1268838 8 6 2
1268934 8 46 2
1268941 8 5 2
1268942 8 46 2
1268974 8 47 0
1268974 8 47 0
1269001 8 6 2
1269035 8 4 2
1269080 8 47 2
1269088 8 47 2
1269232 8 12 0
1269232 8 12 0
1269236 8 6 2
1269282 8 12 2
1269290 8 12 2
1269507 8 5 2
1269594 8 4 2
1269774 8 1 0
1269774 8 1 0
1269810 8 6 2
1269811 8 1 2
1269815 8 1 2
1270078 8 5 2
1270165 8 4 2
1270241 8 5 2
1270263 8 46 0
1270263 8 46 0
1270328 8 4 2
1270361 8 46 2
1270369 8 46 2
1270379 8 6 2
1270401 8 47 0
1270401 8 47 0
1270467 8 5 2
1270507 8 47 2
1270515 8 47 2
1270542 8 6 2
1270547 8 4 2
1270659 8 12 0
1270659 8 12 0
1270709 8 12 2
1270717 8 12 2
1270777 8 6 2
1271034 8 5 2
1271105 8 4 2
1271201 8 1 0
1271201 8 1 0
1271235 8 1 2
1271243 8 1 2
1271352 8 6 2
1271605 8 5 2
1271676 8 4 2
1271691 8 46 0
1271691 8 46 0
1271768 8 5 2
1271797 8 46 2
1271799 8 46 2
1271829 8 47 0
1271829 8 47 0
1271839 8 4 2
1271923 8 6 2
1271943 8 47 2
1271975 8 47 2
1271994 8 5 2
1272058 8 4 2
1272086 8 6 2
1272087 8 12 0
1272087 8 12 0
1272137 8 12 2
1272145 8 12 2
1272320 8 6 2
1272561 8 5 2
1272617 8 4 2
1272629 8 1 0
1272629 8 1 0
1272670 8 1 2
1272694 8 1 2
1272895 8 6 2
1273118 8 46 0
1273118 8 46 0
1273132 8 5 2
1273188 8 4 2
1273224 8 46 2
1273256 8 47 0
1273256 8 47 0
1273295 8 5 2
1273316 8 46 2
1273351 8 4 2
1273370 8 47 2
1273465 8 6 2
1273482 8 47 2
1273514 8 12 0
1273514 8 12 0
1273521 8 5 2
1273564 8 12 2
1273572 8 12 2
1273628 8 6 2
1273863 8 6 2
1274056 8 1 0
1274056 8 1 0
1274088 8 5 2
1274091 8 1 2
1274096 8 1 2
1274438 8 6 2
1274528 8 11 0
1274528 8 11 0
1274570 8 11 2
1274643 8 11 2
1274658 8 5 2
1274659 8 46 0
1274659 8 46 0
1274694 8 4 2
1274765 8 46 2
1274797 8 47 0
1274797 8 47 0
1274817 8 46 2
1274820 8 5 2
1274857 8 4 2
1274911 8 47 2
1274993 8 47 2
1275009 8 6 2
1275048 8 5 2
1275055 8 12 0
1275055 8 12 0
1275076 8 4 2
1275113 8 12 2
1275155 8 12 2
1275172 8 6 2
1275407 8 6 2
1275597 8 1 0
1275597 8 1 0
1275617 8 5 2
1275631 8 1 2
1275639 8 1 2
1275982 8 6 2
1276087 8 46 0
1276087 8 46 0
1276185 8 46 2
1276187 8 5 2
1276195 8 46 2
1276227 8 47 0
1276227 8 47 0
1276333 8 47 2
1276341 8 47 2
1276352 8 5 2
1276485 8 12 0
1276485 8 12 0
1276535 8 12 2
1276543 8 12 2
1276552 8 6 2
1276578 8 5 2
1276714 8 6 2
1276949 8 6 2
1277027 8 1 0
1277027 8 1 0
1277061 8 1 2
1277069 8 1 2
1277148 8 5 2
1277517 8 46 0
1277517 8 46 0
1277525 8 6 2
1277615 8 46 2
1277623 8 46 2
1277655 8 47 0
1277655 8 47 0
1277719 8 5 2
1277761 8 47 2
1277769 8 47 2
1277882 8 5 2
1277913 8 12 0
1277913 8 12 0
1277964 8 12 2
1277969 8 12 2
1278109 8 5 2
1278195 8 6 2
1278357 8 6 2
1278453 8 1 0
1278453 8 1 0
1278487 8 1 2
1278495 8 1 2
1278592 8 6 2
1278676 8 5 2
1278943 8 46 0
1278943 8 46 0
1279041 8 46 2
1279049 8 46 2
1279081 8 47 0
1279081 8 47 0
1279166 8 6 2
1279187 8 47 2
1279195 8 47 2
1279339 8 12 0
1279339 8 12 0
1279346 8 5 2
1279389 8 12 2
1279397 8 12 2
1279508 8 5 2
1279735 8 5 2
1279737 8 6 2
1279881 8 1 0
1279881 8 1 0
1279902 8 6 2
1279915 8 1 2
1279923 8 1 2
1280136 8 6 2
1280302 8 5 2
1280371 8 46 0
1280371 8 46 0
1280469 8 46 2
1280477 8 46 2
1280509 8 47 0
1280509 8 47 0
1280615 8 47 2
1280623 8 47 2
1280711 8 6 2
1280767 8 12 0
1280767 8 12 0
1280821 8 12 2
1280823 8 12 2
1280873 8 5 2
1281036 8 5 2
1281263 8 5 2
1281282 8 6 2
1281307 8 1 0
1281307 8 1 0
1281341 8 1 2
1281349 8 1 2
1281445 8 6 2
1281680 8 6 2
1281797 8 46 0
1281797 8 46 0
1281832 8 5 2
1281895 8 46 2
1281903 8 46 2
1281935 8 47 0
1281935 8 47 0
1282041 8 47 2
1282049 8 47 2
1282193 8 12 0
1282193 8 12 0
1282243 8 12 2
1282251 8 12 2
1282254 8 6 2
1282403 8 5 2
1282565 8 5 2
1282735 8 1 0
1282735 8 1 0
1282769 8 1 2
1282777 8 1 2
1282792 8 5 2
1282825 8 6 2
1282988 8 6 2
1283223 8 6 2
1283225 8 46 0
1283225 8 46 0
1283323 8 46 2
1283331 8 46 2
1283359 8 5 2
1283363 8 47 0
1283363 8 47 0
1283469 8 47 2
1283477 8 47 2
1283621 8 12 0
1283621 8 12 0
1283672 8 12 2
1283677 8 12 2
1283798 8 6 2
1283930 8 5 2
1284093 8 5 2
1284161 8 1 0
1284161 8 1 0
1284195 8 1 2
1284203 8 1 2
1284320 8 5 2
1284369 8 6 2
1284532 8 6 2
1284651 8 46 0
1284651 8 46 0
1284749 8 46 2
1284757 8 46 2
1284767 8 6 2
1284789 8 47 0
1284789 8 47 0
1284887 8 5 2
1284895 8 47 2
1284904 8 47 2
1285048 8 12 0
1285048 8 12 0
1285100 8 12 2
1285108 8 12 2
1285342 8 6 2
1285458 8 5 2
1285592 8 1 0
1285592 8 1 0
1285620 8 5 2
1285626 8 1 2
1285634 8 1 2
1285847 8 5 2
1285913 8 6 2
1286066 8 12 0
1286066 8 12 0
1286076 8 6 2
1286116 8 12 2
1286189 8 12 2
1286205 8 46 0
1286205 8 46 0
1286259 8 4 2
1286311 8 6 2
1286312 8 46 2
1286344 8 47 0
1286344 8 47 0
1286383 8 46 2
1286414 8 5 2
1286422 8 4 2
1286457 8 47 2
1286561 8 47 2
1286601 8 12 0
1286601 8 12 0
1286651 8 12 2
1286658 8 12 2
1286885 8 6 2
1286985 8 5 2
1287142 8 1 0
1287142 8 1 0
1287149 8 5 2
1287159 8 4 2
1287184 8 1 2
1287236 8 1 2
1287376 8 5 2
1287456 8 6 2
1287619 8 6 2
1287632 8 46 0
1287632 8 46 0
1287730 8 4 2
1287739 8 46 2
1287771 8 47 0
1287771 8 47 0
1287861 8 46 2
1287878 8 47 2
1287888 8 47 2
1287943 8 5 2
1288032 8 12 0
1288032 8 12 0
1288082 8 12 2
1288090 8 12 2
1288387 8 6 2
1288514 8 5 2
1288574 8 1 0
1288574 8 1 0
1288608 8 1 2
1288616 8 1 2
1288676 8 5 2
1288958 8 6 2
1289064 8 46 0
1289064 8 46 0
1289121 8 6 2
1289162 8 46 2
1289170 8 46 2
1289202 8 47 0
1289202 8 47 0
1289312 8 47 2
1289314 8 47 2
1289356 8 6 2
1289446 8 5 2
1289458 8 12 0
1289458 8 12 0
1289508 8 12 2
1289516 8 12 2
1289931 8 6 2
1290000 8 1 0
1290000 8 1 0
1290017 8 5 2
1290034 8 1 2
1290042 8 1 2
1290180 8 5 2
1290407 8 5 2
1290490 8 46 0
1290490 8 46 0
1290588 8 46 2
1290596 8 46 2
1290602 8 6 2
1290628 8 47 0
1290628 8 47 0
1290734 8 47 2
1290742 8 47 2
1290765 8 6 2
1290886 8 12 0
1290886 8 12 0
1290936 8 12 2
1290944 8 12 2
1290977 8 5 2
1291428 8 1 0
1291428 8 1 0
1291462 8 1 2
1291470 8 1 2
1291532 8 6 2
1291646 8 5 2
1291811 8 5 2
1291918 8 46 0
1291918 8 46 0
1292016 8 46 2
1292024 8 46 2
1292056 8 47 0
1292056 8 47 0
1292103 8 6 2
1292163 8 47 2
1292168 8 47 2
1292266 8 6 2
1292312 8 12 0
1292312 8 12 0
1292362 8 12 2
1292370 8 12 2
1292500 8 6 2
1292581 8 5 2
1292854 8 1 0
1292854 8 1 0
1292888 8 1 2
1292896 8 1 2
1293075 8 6 2
1293152 8 5 2
1293315 8 5 2
1293344 8 46 0
1293344 8 46 0
1293442 8 46 2
1293450 8 46 2
1293482 8 47 0
1293482 8 47 0
1293542 8 5 2
1293588 8 47 2
1293596 8 47 2
1293646 8 6 2
1293740 8 12 0
1293740 8 12 0
1293790 8 12 2
1293798 8 12 2
1293809 8 6 2
1294109 8 5 2
1294282 8 1 0
1294282 8 1 0
1294316 8 1 2
1294324 8 1 2
1294576 8 6 2
1294679 8 5 2
1294772 8 46 0
1294772 8 46 0
1294842 8 5 2
1294870 8 46 2
1294878 8 46 2
1294910 8 47 0
1294910 8 47 0
1295020 8 47 2
1295022 8 47 2
1295148 8 6 2
1295166 8 12 0
1295166 8 12 0
1295216 8 12 2
1295224 8 12 2
1295311 8 6 2
1295546 8 6 2
1295613 8 5 2
1295708 8 1 0
1295708 8 1 0
1295742 8 1 2
1295750 8 1 2
1296120 8 6 2
1296184 8 5 2
1296198 8 46 0
1296198 8 46 0
1296304 8 46 2
1296316 8 46 2
1296336 8 47 0
1296336 8 47 0
1296347 8 5 2
1296450 8 47 2
1296482 8 47 2
1296574 8 5 2
1296594 8 12 0
1296594 8 12 0
1296652 8 12 2
1296664 8 12 2
1296691 8 6 2
1296854 8 6 2
1297136 8 1 0
1297136 8 1 0
1297141 8 5 2
1297178 8 1 2
1297230 8 1 2
1297610 8 13 0
1297621 8 6 2
1297710 8 5 2
1297724 8 13 2
1297740 8 46 0
1297740 8 46 0
1297838 8 46 2
1297846 8 46 2
1297873 8 5 2
1297878 8 47 0
1297878 8 47 0
1297994 8 47 2
1298004 8 47 2
1298138 8 12 0
1298138 8 12 0
1298188 8 12 2
1298192 8 6 2
1298196 8 12 2
1298354 8 6 2
1298589 8 6 2
1298643 8 5 2
1298680 8 1 0
1298680 8 1 0
1298722 8 1 2
1298734 8 1 2
1299166 8 6 2
1299170 8 46 0
1299170 8 46 0
1299214 8 5 2
1299276 8 46 2
1299308 8 47 0
1299308 8 47 0
1299338 8 46 2
1299377 8 5 2
1299422 8 47 2
1299514 8 47 2
1299566 8 12 0
1299566 8 12 0
1299604 8 5 2
1299624 8 12 2
1299686 8 12 2
1299737 8 6 2
1299900 8 6 2
1300108 8 1 0
1300108 8 1 0
1300142 8 1 2
1300150 8 1 2
1300598 8 46 0
1300598 8 46 0
1300667 8 6 2
1300696 8 46 2
1300704 8 46 2
1300736 8 47 0
1300736 8 47 0
1300842 8 47 2
1300850 8 47 2
1300994 8 12 0
1300994 8 12 0
1301044 8 12 2
1301051 8 12 2
1301238 8 6 2
1301401 8 6 2
1301535 8 1 0
1301535 8 1 0
1301569 8 1 2
1301577 8 1 2
1301636 8 6 2
1302025 8 46 0
1302025 8 46 0
1302123 8 46 2
1302131 8 46 2
1302163 8 47 0
1302163 8 47 0
1302211 8 6 2
1302269 8 47 2
1302277 8 47 2
1302421 8 12 0
1302421 8 12 0
1302471 8 12 2
1302479 8 12 2
1302880 8 6 2
1302963 8 1 0
1302963 8 1 0
1302997 8 1 2
1303004 8 1 2
1303043 8 6 2
1303277 8 6 2
1303452 8 46 0
1303452 8 46 0
1303550 8 46 2
1303558 8 46 2
1303590 8 47 0
1303590 8 47 0
1303696 8 47 2
1303704 8 47 2
1303848 8 12 0
1303848 8 12 0
1303852 8 6 2
1303898 8 12 2
1303906 8 12 2
1304390 8 1 0
1304390 8 1 0
1304422 8 6 2
1304424 8 1 2
1304432 8 1 2
1304584 8 6 2
1304819 8 6 2
1304880 8 46 0
1304880 8 46 0
1304978 8 46 2
1304986 8 46 2
1305018 8 47 0
1305018 8 47 0
1305124 8 47 2
1305132 8 47 2
1305276 8 12 0
1305276 8 12 0
1305326 8 12 2
1305334 8 12 2
1305394 8 6 2
1305818 8 1 0
1305818 8 1 0
1305853 8 1 2
1305865 8 1 2
1305965 8 6 2
1306128 8 6 2
1306313 8 46 0
1306313 8 46 0
1306363 8 6 2
1306411 8 46 2
1306419 8 46 2
1306451 8 47 0
1306451 8 47 0
1306557 8 47 2
1306565 8 47 2
1306709 8 12 0
1306709 8 12 0
1306759 8 12 2
1306767 8 12 2
1306938 8 6 2
1307251 8 1 0
1307251 8 1 0
1307285 8 1 2
1307293 8 1 2
1307509 8 6 2
1307672 8 6 2
1307741 8 46 0
1307741 8 46 0
1307839 8 46 2
1307847 8 46 2
1307879 8 47 0
1307879 8 47 0
1307907 8 6 2
1307985 8 47 2
1307993 8 47 2
1308137 8 12 0
1308137 8 12 0
1308187 8 12 2
1308194 8 12 2
1308482 8 6 2
1308678 8 1 0
1308678 8 1 0
1308712 8 1 2
1308720 8 1 2
1309053 8 6 2
1309152 8 14 0
1309216 8 6 2
1309282 8 14 2
1309298 8 46 0
1309298 8 46 0
1309356 8 5 2
1309408 8 46 2
1309440 8 47 0
1309440 8 47 0
1309451 8 6 2
1309480 8 46 2
1309519 8 5 2
1309554 8 47 2
1309656 8 47 2
1309698 8 12 0
1309698 8 12 0
1309746 8 5 2
1309755 8 12 2
1309838 8 12 2
1310026 8 6 2
1310239 8 1 0
1310239 8 1 0
1310273 8 1 2
1310281 8 1 2
1310597 8 6 2
1310729 8 46 0
1310729 8 46 0
1310760 8 6 2
1310827 8 46 2
1310835 8 46 2
1310867 8 47 0
1310867 8 47 0
1310973 8 47 2
1310980 8 47 2
1310995 8 6 2
1311124 8 12 0
1311124 8 12 0
1311174 8 12 2
1311181 8 12 2
1311570 8 6 2
1311665 8 1 0
1311665 8 1 0
1311699 8 1 2
1311707 8 1 2
1312141 8 6 2
1312155 8 46 0
1312155 8 46 0
1312260 8 46 2
1312264 8 46 2
1312292 8 47 0
1312292 8 47 0
1312304 8 6 2
1312406 8 47 2
1312438 8 47 2
1312539 8 6 2
1312550 8 12 0
1312550 8 12 0
1312608 8 12 2
1312630 8 12 2
1313092 8 1 0
1313092 8 1 0
1313114 8 6 2
1313134 8 1 2
1313206 8 1 2
1313582 8 46 0
1313582 8 46 0
1313680 8 46 2
1313688 8 46 2
1313720 8 47 0
1313720 8 47 0
1313826 8 47 2
1313834 8 47 2
1313978 8 12 0
1313978 8 12 0
1314028 8 12 2
1314036 8 12 2
1314520 8 1 0
1314520 8 1 0
1314554 8 1 2
1314562 8 1 2
1315010 8 46 0
1315010 8 46 0
1315109 8 46 2
1315114 8 46 2
1315146 8 47 0
1315146 8 47 0
1315252 8 47 2
1315260 8 47 2
1315404 8 12 0
1315404 8 12 0
1315454 8 12 2
1315462 8 12 2
1315946 8 1 0
1315946 8 1 0
1315980 8 1 2
1315988 8 1 2
1316436 8 46 0
1316436 8 46 0
1316534 8 46 2
1316542 8 46 2
1316574 8 47 0
1316574 8 47 0
1316680 8 47 2
1316688 8 47 2
1316832 8 12 0
1316832 8 12 0
1316882 8 12 2
1316890 8 12 2
1317374 8 1 0
1317374 8 1 0
1317408 8 1 2
1317416 8 1 2
1317864 8 46 0
1317864 8 46 0
1317963 8 46 2
1317968 8 46 2
1318000 8 47 0
1318000 8 47 0
1318106 8 47 2
1318115 8 47 2
1318259 8 12 0
1318259 8 12 0
1318309 8 12 2
1318317 8 12 2
1318801 8 1 0
1318801 8 1 0
1318835 8 1 2
1318843 8 1 2
1319291 8 46 0
1319291 8 46 0
1319394 8 46 2
1319397 8 46 2
1319429 8 47 0
1319429 8 47 0
1319535 8 47 2
1319543 8 47 2
1319687 8 12 0
1319687 8 12 0
1319737 8 12 2
1319762 8 12 2
1320150 8 1 0
1320150 8 1 0
1320184 8 1 2
1320192 8 1 2
1320624 8 7 0
1320721 8 7 2
1320737 8 46 0
1320737 8 46 0
1320835 8 46 2
1320843 8 46 2
1320875 8 47 0
1320875 8 47 0
1320981 8 47 2
1320989 8 47 2
1321133 8 12 0
1321133 8 12 0
1321183 8 12 2
1321191 8 12 2
1321675 8 1 0
1321675 8 1 0
1321709 8 1 2
1321717 8 1 2
1322165 8 46 0
1322165 8 46 0
1322263 8 46 2
1322271 8 46 2
1322303 8 47 0
1322303 8 47 0
1322409 8 47 2
1322417 8 47 2
1322561 8 12 0
1322561 8 12 0
1322611 8 12 2
1322619 8 12 2
1323103 8 1 0
1323103 8 1 0
1323137 8 1 2
1323170 8 1 2
1323618 8 46 0
1323618 8 46 0
1323716 8 46 2
1323724 8 46 2
1323756 8 47 0
1323756 8 47 0
1323862 8 47 2
1323870 8 47 2
1324014 8 5 0
1324096 8 5 2
1324104 8 61 0
1324104 8 61 0
1324156 8 6 2
1324210 8 61 2
1324218 8 61 2
1324226 8 29 0
1324248 8 5 2
1324434 8 4 2
1324512 8 29 2
1324528 8 62 0
1324528 8 62 0
1324642 8 62 2
1324650 8 62 2
1324731 8 6 2
1324825 8 5 2
1324926 8 63 0
1324926 8 63 0
1324993 8 4 2
1325048 8 63 2
1325056 8 63 2
1325302 8 6 2
1325425 8 5 2
1325465 8 6 2
1325480 8 12 0
1325480 8 12 0
1325530 8 12 2
1325539 8 12 2
1325565 8 4 2
1325598 8 5 2
1325729 8 4 2
1325979 8 11 0
1326045 8 11 2
1326155 8 6 2
1326257 8 1 0
1326257 8 1 0
1326271 8 5 2
1326292 8 1 2
1326297 8 1 2
1326387 8 4 2
1326726 8 6 2
1326745 8 46 0
1326745 8 46 0
1326843 8 46 2
1326850 8 46 2
1326851 8 5 2
1326882 8 47 0
1326882 8 47 0
1326888 8 6 2
1326978 8 4 2
1326988 8 47 2
1326996 8 47 2
1327024 8 5 2
1327123 8 6 2
1327140 8 12 0
1327140 8 12 0
1327161 8 4 2
1327190 8 12 2
1327198 8 12 2
1327251 8 5 2
1327380 8 4 2
1327682 8 1 0
1327682 8 1 0
1327716 8 1 2
1327724 8 1 2
1328172 8 46 0
1328172 8 46 0
1328244 8 6 2
1328270 8 46 2
1328278 8 46 2
1328310 8 47 0
1328310 8 47 0
1328374 8 5 2
1328407 8 6 2
1328416 8 47 2
1328424 8 47 2
1328505 8 4 2
1328538 8 5 2
1328568 8 12 0
1328568 8 12 0
1328622 8 12 2
1328624 8 12 2
1328642 8 6 2
1328669 8 4 2
1328765 8 5 2
1328888 8 4 2
1329108 8 1 0
1329108 8 1 0
1329143 8 1 2
1329148 8 1 2
1329596 8 46 0
1329596 8 46 0
1329694 8 46 2
1329701 8 46 2
1329733 8 47 0
1329733 8 47 0
1329772 8 6 2
1329839 8 47 2
1329847 8 47 2
1329896 8 5 2
1329934 8 6 2
1329991 8 12 0
1329991 8 12 0
1330022 8 4 2
1330041 8 12 2
1330049 8 12 2
1330069 8 5 2
1330205 8 4 2
1330533 8 1 0
1330533 8 1 0
1330567 8 1 2
1330575 8 1 2
1331023 8 46 0
1331023 8 46 0
1331121 8 46 2
1331129 8 46 2
1331161 8 47 0
1331161 8 47 0
1331267 8 47 2
1331275 8 47 2
1331419 8 12 0
1331419 8 12 0
1331469 8 12 2
1331476 8 12 2
1331960 8 1 0
1331960 8 1 0
1331995 8 1 2
1332000 8 1 2
1332448 8 46 0
1332448 8 46 0
1332546 8 46 2
1332563 8 46 2
1332595 8 47 0
1332595 8 47 0
1332701 8 47 2
1332718 8 47 2
1332862 8 12 0
1332862 8 12 0
1332912 8 12 2
1332929 8 12 2
1333405 8 9 0
1333463 8 9 2
1333587 8 55 0
1333667 8 6 2
1333717 8 55 2
1333721 8 1 0
1333721 8 1 0
1333764 8 1 2
1333765 8 1 2
1333788 8 56 0
1333894 8 56 2
1333914 8 45 0
1334020 8 45 2
1334076 8 46 0
1334193 8 46 2
1334238 8 6 2
1334269 8 63 0
1334364 8 5 2
1334401 8 6 2
1334537 8 5 2
1334561 8 63 2
1334569 8 47 0
1334635 8 6 2
1334690 8 47 2
1334764 8 5 2
1334794 8 62 0
1334794 8 62 0
1334908 8 62 2
1334916 8 62 2
1334984 8 29 0
1335073 8 29 2
1335113 8 30 0
1335212 8 30 2
1335256 8 17 0
1335283 8 6 2
1335322 8 17 2
1335378 8 18 0
1335444 8 18 2
1335492 8 19 0
1335558 8 19 2
1335594 8 21 0
1335676 8 21 2
1335708 8 22 0
1335713 8 5 2
1335806 8 22 2
1335854 8 6 2
1336016 8 6 2
1336162 8 61 0
1336162 8 61 0
1336252 8 6 2
1336268 8 61 2
1336276 8 61 2
1336812 8 1 0
1336812 8 1 0
1336846 8 1 2
1336854 8 1 2
1336938 8 58 0
1336938 8 58 0
1337020 8 58 2
1337028 8 58 2
1337108 8 59 0
1337108 8 59 0
1337199 8 59 2
1337204 8 59 2
1338042 8 5 2
2097414 8 36 0
2097414 8 36 0
2097616 8 36 2
2097660 8 37 0
2097660 8 37 0
2097728 8 36 2
2097734 8 11 0
2097735 8 11 2
2097742 8 37 2
2097750 8 37 2
2097817 8 6 0
2097818 8 6 2
2097882 8 8 0
2097882 8 8 0
2097891 8 8 0
2097900 8 8 2
2097902 8 8 2
2097917 8 8 2
2097965 8 0 0
2097965 8 0 0
2097993 8 2 0
2097994 8 2 2
2098031 8 0 2
2098042 8 0 2
2098076 8 4 0
2098077 8 4 2
2098130 8 36 0
2098130 8 36 0
2098224 8 36 2
2098232 8 36 2
2098248 8 5 0
2098249 8 5 2
2098264 8 38 0
2098264 8 38 0
2098312 8 1 0
2098323 8 1 2
2098354 8 38 2
2098362 8 38 2
2098478 8 47 0
2098478 8 47 0
2098559 8 6 2
2098584 8 47 2
2098592 8 47 2
2098636 8 54 0
2098636 8 54 0
2098842 8 54 2
2098860 8 54 2
2098892 8 12 0
2098892 8 12 0
2098942 8 12 2
2098959 8 12 2
2099023 8 37 0
2099023 8 37 0
2099105 8 37 2
2099113 8 37 2
2099362 8 5 2
2100101 8 47 0
2100101 8 47 0
2100207 8 47 2
2100225 8 47 2
2100249 8 11 0
2100249 8 11 0
2100291 8 11 2
2100299 8 11 2
2100427 8 1 0
2100427 8 1 0
2100461 8 1 2
2100469 8 1 2
2100957 8 2 0
2101047 8 2 2
2101159 8 4 0
2101159 8 4 0
2101217 8 4 2
2101234 8 4 2
2101620 8 6 2
2101766 8 38 0
2101766 8 38 0
2101856 8 38 2
2101881 8 38 2
2102037 8 46 0
2102037 8 46 0
2102135 8 46 2
2102153 8 46 2
2102167 8 6 2
2102173 8 4 0
2102173 8 4 0
2102232 8 4 2
2102249 8 4 2
2102281 8 0 0
2102281 8 0 0
2102307 8 0 2
2102324 8 0 2
2102472 8 47 0
2102472 8 47 0
2102578 8 47 2
2102586 8 47 2
2102587 8 5 2
2102602 8 12 0
2102669 8 12 2
2102993 8 5 2
2103092 8 5 2
2103260 8 5 2
2103761 8 63 0
2103761 8 63 0
2103883 8 63 2
2103890 8 63 2
2104094 8 58 0
2104094 8 58 0
2104179 8 58 2
2104187 8 58 2
2104271 8 46 0
2104376 8 46 2
2105548 8 3 0
2105638 8 3 2
2105646 8 19 0
2105691 8 6 2
2105728 8 19 2
2105732 8 3 0
2105832 8 3 2
2105892 8 3 0
2105892 8 1 2
2106514 8 3 2
2106567 8 1 2
2106637 8 0 2
2106711 8 5 2
2106802 8 4 2
2106883 8 6 2
3074322 8 38 0
3074322 8 38 0
3074592 8 38 2
3074710 8 38 2
3074826 8 47 0
3074826 8 47 0
3074932 8 47 2
3074940 8 47 2
3076032 8 47 0
3076032 8 47 0
3076138 8 47 2
3076146 8 47 2
3076834 8 15 0
3076834 8 15 0
3076908 8 15 2
3076933 8 15 2
3077021 8 38 0
3077021 8 38 0
3077112 8 38 2
3077137 8 38 2
3077493 8 47 0
3077493 8 47 0
3077599 8 47 2
3077607 8 47 2
3079195 8 38 0
3079195 8 38 0
3079285 8 38 2
3079293 8 38 2
3079852 8 0 2
4050885 8 38 0
4050885 8 38 0
4051165 8 38 2
4051264 8 38 2
4051380 8 47 0
4051380 8 47 0
4051486 8 47 2
4051494 8 47 2
4052586 8 47 0
4052586 8 47 0
4052692 8 47 2
4052700 8 47 2
4052908 8 7 0
4053006 8 7 2
4053574 8 38 0
4053574 8 38 0
4053664 8 38 2
4053689 8 38 2
4054045 8 47 0
4054045 8 47 0
4054151 8 47 2
4054159 8 47 2
4055747 8 38 0
4055747 8 38 0
4055837 8 38 2
4055845 8 38 2
4056345 8 0 2
5027442 8 38 0
5027442 8 38 0
5027650 8 38 2
5027766 8 47 0
5027766 8 47 0
5027782 8 38 2
5027873 8 47 2
5027878 8 47 2
5028970 8 47 0
5028970 8 47 0
5029076 8 47 2
5029144 8 47 2
5029352 8 7 0
5029450 8 7 2
5030018 8 38 0
5030018 8 38 0
5030108 8 38 2
5030173 8 38 2
5030529 8 47 0
5030529 8 47 0
5030635 8 47 2
5030643 8 47 2
5032231 8 38 0
5032231 8 38 0
5032321 8 38 2
5032329 8 38 2
6004008 8 38 0
6004008 8 38 0
6004227 8 38 2
6004238 8 38 2
6004343 8 47 0
6004343 8 47 0
6004449 8 47 2
6004457 8 47 2
6005549 8 47 0
6005549 8 47 0
6005655 8 47 2
6005703 8 47 2
6006479 8 38 0
6006479 8 38 0
6006569 8 38 2
6006664 8 38 2
6007020 8 47 0
6007020 8 47 0
6007126 8 47 2
6007134 8 47 2
6008722 8 38 0
6008722 8 38 0
6008812 8 38 2
6008820 8 38 2
6009241 8 0 2
