0 22 51 0
270 22 56 1
516 22 51 2
597 22 56 2
599 22 51 0
690 22 51 0
792 22 51 0
898 22 51 0
993 22 51 0
1084 22 51 0
1195 22 51 0
1285 22 51 0
1375 22 51 0
1475 22 51 0
1575 22 51 0
1693 22 51 0
1801 22 51 0
1906 22 51 0
1997 22 51 0
2088 22 51 0
2187 22 51 0
2310 22 51 0
2401 22 51 0
2516 22 51 0
2622 22 51 0
2714 22 51 0
2822 22 51 0
2915 22 51 0
3005 22 51 0
3007 22 51 2
3011 22 22 0
3120 22 51 0
3201 22 22 2
3211 22 51 0
3213 22 1 0
3311 22 51 0
3406 22 51 0
3521 22 51 0
3628 22 51 0
3719 22 51 0
3834 22 51 0
3925 22 51 0
3970 22 1 2
3990 22 24 0
4032 22 51 0
4104 22 24 2
4132 22 51 0
4232 22 51 0
4331 22 51 0
4446 22 51 0
4569 22 51 0
4684 22 51 0
4792 22 51 0
4892 22 51 0
4999 22 51 0
5106 22 51 0
5223 22 51 0
5325 22 51 0
5448 22 51 0
5538 22 51 0
5637 22 51 0
5737 22 51 0
5845 22 51 0
5937 22 56 1
5945 22 51 0
6057 22 51 0
6148 22 51 0
6186 22 2 2
6247 22 51 0
6259 22 56 2
6338 22 51 0
6437 22 51 0
6547 22 51 0
6647 22 51 0
6748 22 51 0
16631 22 56 1
16876 22 0 2
16965 22 56 2
19507 22 56 1
19756 22 2 2
19829 22 56 2
23713 22 56 1
23956 22 2 2
24029 22 56 2
96878 22 56 1
97126 22 2 2
97199 22 56 2
105329 22 56 1
105577 22 2 2
105651 22 56 2
128689 22 56 1
128937 22 2 2
129013 22 56 2
143560 22 4 0
144590 22 4 2
144642 22 44 0
145582 22 44 2
145594 22 5 0
145660 22 5 2
145672 22 45 0
146114 22 45 2
146182 22 24 0
146337 22 24 2
146369 22 25 0
146467 22 25 2
146475 22 26 0
146786 22 26 2
146826 22 27 0
147108 22 27 2
147128 22 33 0
147514 22 33 2
147534 22 35 0
147687 22 35 2
147695 22 41 0
148296 22 41 2
148312 22 42 0
148624 22 42 2
148656 22 1 0
148758 22 1 2
148794 22 36 0
148940 22 36 2
148952 22 43 0
149570 22 43 2
149586 22 17 0
149679 22 17 2
149771 22 27 0
149855 22 27 2
149859 22 37 0
149987 22 37 2
149999 22 17 0
150141 22 17 2
150149 22 15 0
150224 22 15 2
150264 22 16 0
150522 22 16 2
150562 22 18 0
150693 22 18 2
150717 22 61 0
150891 22 61 2
150903 22 54 0
151271 22 54 2
151291 22 9 0
151445 22 9 2
151453 22 19 0
151536 22 19 2
151540 22 35 0
151948 22 35 2
151964 22 53 0
152215 22 53 2
152255 22 33 0
152491 22 33 2
152503 22 36 0
152645 22 36 2
152665 22 40 0
152962 22 40 2
152986 22 37 0
153270 22 37 2
153374 22 38 0
153518 22 38 2
153522 22 47 0
153764 22 47 2
153788 22 8 0
153922 22 8 2
153930 22 29 0
154066 22 29 2
154106 22 0 0
154310 22 0 2
154322 22 38 0
154507 22 38 2
154523 22 39 0
154738 22 39 2
154742 22 39 0
154986 22 39 2
155042 22 36 0
155325 22 36 2
155357 22 38 0
155681 22 38 2
155697 22 51 0
155784 22 56 1
155984 22 51 2
156026 22 61 2
156040 22 62 0
156099 22 56 2
156321 22 62 2
156329 22 52 0
156799 22 52 2
156835 22 6 0
157138 22 6 2
157158 22 53 0
157608 22 53 2
157632 22 54 0
158060 22 54 2
158076 22 11 0
158406 22 11 2
158418 22 56 0
158815 22 56 2
158819 22 12 0
159066 22 12 2
159074 22 57 0
159256 22 57 2
159260 22 2 0
159638 22 2 2
159690 22 37 0
159781 22 37 2
159797 22 40 0
160320 22 40 2
160376 22 58 0
160777 22 58 2
160837 22 35 0
161027 22 35 2
161031 22 50 0
161715 22 50 2
161735 22 62 0
162081 22 62 2
162109 22 38 0
162393 22 38 2
162465 22 63 0
162838 22 63 2
162878 22 12 0
163142 22 12 2
163166 22 2 0
163250 22 2 2
163274 22 13 0
163718 22 13 2
163814 22 3 0
163892 22 3 2
163932 22 23 0
164055 22 23 2
164071 22 24 0
164498 22 24 2
164606 22 57 0
164981 22 57 2
164989 22 25 0
165216 22 25 2
165244 22 26 0
165629 22 26 2
165709 22 0 0
165808 22 0 2
165816 22 3 0
165910 22 3 2
165954 22 4 0
166069 22 4 2
166165 22 5 0
166361 22 5 2
166401 22 15 0
166963 22 15 2
166971 22 14 0
167310 22 14 2
167322 22 50 0
167733 22 50 2
167761 22 6 0
167827 22 6 2
167847 22 4 0
167951 22 4 2
167959 22 8 0
168128 22 8 2
168132 22 47 0
168624 22 47 2
168632 22 49 0
169154 22 49 2
169170 22 11 0
169243 22 11 2
169279 22 5 0
169370 22 5 2
169394 22 37 0
169887 22 37 2
169951 22 4 0
170022 22 4 2
170026 22 1 0
170290 22 1 2
170318 22 27 0
170430 22 27 2
170433 22 56 1
170438 22 2 0
170583 22 2 2
170595 22 11 0
170686 22 51 2
170766 22 56 2
170814 22 11 2
170822 22 7 0
170907 22 7 2
170927 22 3 0
171270 22 3 2
171378 22 6 0
171955 22 6 2
171975 22 9 0
172090 22 9 2
172262 22 8 0
172404 22 8 2
172416 22 11 0
172639 22 11 2
172659 22 12 0
172774 22 12 2
172798 22 16 0
173206 22 16 2
173214 22 13 0
173298 22 13 2
173346 22 2 0
173435 22 2 2
173471 22 14 0
173842 22 14 2
173846 22 17 0
174201 22 17 2
174209 22 15 0
174464 22 15 2
174484 22 18 0
174762 22 18 2
174786 22 4 0
175094 22 4 2
175134 22 40 0
175270 22 40 2
175274 22 38 0
175274 22 38 0
175308 22 38 2
175929 22 38 2
175937 22 27 0
176102 22 27 2
176122 22 35 0
176260 22 35 2
176316 22 28 0
176482 22 28 2
176550 22 3 0
176649 22 3 2
176653 22 46 0
176944 22 46 2
176964 22 4 0
177072 22 4 2
177104 22 0 0
177215 22 0 2
177219 22 29 0
177365 22 29 2
177509 22 47 0
177764 22 47 2
177836 22 30 0
178494 22 30 2
178846 22 31 0
179082 22 31 2
179086 22 44 0
179387 22 44 2
179395 22 43 0
179679 22 43 2
179811 22 32 0
180004 22 32 2
180076 22 33 0
180272 22 33 2
180320 22 33 0
180724 22 33 2
180732 22 27 0
181197 22 27 2
181301 22 54 0
181610 22 54 2
181622 22 28 0
181729 22 28 2
181745 22 7 0
182030 22 7 2
182038 22 56 0
182179 22 56 2
182195 22 8 0
182445 22 8 2
182545 22 41 0
182897 22 41 2
182945 22 61 0
183144 22 61 2
183148 22 39 0
183419 22 39 2
183431 22 7 0
183545 22 7 2
183605 22 8 0
183709 22 8 2
183741 22 63 0
183901 22 63 2
184009 22 0 0
184106 22 0 2
184134 22 57 0
184277 22 57 2
184345 22 58 0
184502 22 58 2
184586 22 46 0
184948 22 46 2
184960 22 59 0
185179 22 59 2
185211 22 32 0
185349 22 32 2
185357 22 50 0
185647 22 50 2
185723 22 60 0
185878 22 60 2
185886 22 62 0
186025 22 62 2
186029 22 3 0
186127 22 3 2
186139 22 5 0
186241 22 5 2
186269 22 17 0
186377 22 17 2
186397 22 6 0
186515 22 6 2
186607 22 11 0
186906 22 11 2
186914 22 10 0
186996 22 10 2
187016 22 11 0
187115 22 11 2
187123 22 6 0
187223 22 6 2
187259 22 36 0
187548 22 36 2
187608 22 12 0
187709 22 12 2
187717 22 0 0
187822 22 0 2
187946 22 15 0
187946 22 15 0
187980 22 15 2
188062 22 15 2
188182 22 7 0
188311 22 7 2
188327 22 0 0
188584 22 0 2
188732 22 9 0
188829 22 9 2
188861 22 8 0
189153 22 8 2
189181 22 47 0
189475 22 47 2
189583 22 14 0
190132 22 14 2
190404 22 61 0
190713 22 61 2
190785 22 54 0
191215 22 54 2
191247 22 55 0
191601 22 55 2
191829 22 40 0
191952 22 40 2
191980 22 49 0
192102 22 49 2
192114 22 51 0
192245 22 51 2
192265 22 37 0
192347 22 37 2
192351 22 20 0
192416 22 20 2
192432 22 3 0
192757 22 56 1
192933 22 3 2
193006 22 0 2
193025 22 21 0
193092 22 21 2
193100 22 56 0
193113 22 56 2
193467 22 56 2
193487 22 57 0
193624 22 57 2
193712 22 58 0
193835 22 58 2
193915 22 59 0
194037 22 59 2
194061 22 63 0
194211 22 63 2
194295 22 33 0
194420 22 33 2
195932 22 56 1
196176 22 0 2
196271 22 56 2
199562 22 0 2
200399 22 2 2
202809 22 56 1
203056 22 2 2
203129 22 56 2
207679 22 56 1
207926 22 2 2
207999 22 56 2
209107 22 51 0
229779 22 56 1
230027 22 2 2
230101 22 56 2
234135 22 56 1
234397 22 16 2
234471 22 56 2
234501 22 56 1
234747 22 38 2
234789 22 56 2
234971 22 56 1
235217 22 50 2
235307 22 56 2
253099 22 2 0
253100 22 56 1
253347 22 2 2
253421 22 56 2
271577 22 56 1
271827 22 2 2
271901 22 56 2
292663 22 2 0
292664 22 56 1
292907 22 2 2
292981 22 56 2
315423 22 2 0
315424 22 2 2
325597 22 56 1
325846 22 2 2
325919 22 56 2
334491 22 56 1
334736 22 2 2
334809 22 56 2
363461 22 56 1
363736 22 2 2
363809 22 56 2
447139 22 2 2
447290 22 2 2
517494 22 56 1
517744 22 2 2
517817 22 56 2
537372 22 2 0
537373 22 56 1
537625 22 2 2
537699 22 56 2
537767 22 56 1
538014 22 2 2
538087 22 56 2
567191 22 56 1
567434 22 2 2
567507 22 56 2
573271 22 2 0
573272 22 2 2
573964 22 56 1
574214 22 3 2
574279 22 56 2
592625 22 2 0
600139 22 2 0
600140 22 56 1
600385 22 2 2
600459 22 56 2
609396 22 2 0
619991 22 56 1
620234 22 3 2
620299 22 56 2
621790 22 56 1
622034 22 3 2
622099 22 56 2
623385 22 56 1
623478 22 2 0
623479 22 56 1
623634 22 3 2
623699 22 56 2
623725 22 2 2
623799 22 56 2
624771 22 56 1
625014 22 3 2
625079 22 56 2
650869 22 2 0
650870 22 56 1
651115 22 2 2
651189 22 56 2
664793 22 56 1
665045 22 3 2
665111 22 56 2
674209 22 2 0
674210 22 56 1
674455 22 2 2
674529 22 56 2
691043 22 2 0
691044 22 2 2
699557 22 15 0
699557 22 15 0
699591 22 15 2
699599 22 15 2
699687 22 30 0
699769 22 30 2
699781 22 24 0
699887 22 24 2
699987 22 25 0
700085 22 25 2
700093 22 22 0
700102 22 3 0
700102 22 22 2
700170 22 22 2
700234 22 26 0
700323 22 26 2
700387 22 27 0
700469 22 27 2
700501 22 34 0
700615 22 34 2
700627 22 26 0
700733 22 26 2
700829 22 55 0
700967 22 55 2
700975 22 27 0
701081 22 27 2
701129 22 61 0
702953 22 61 2
702957 22 28 0
703021 22 4 2
703063 22 28 2
703115 22 60 0
703128 22 27 2
703229 22 12 2
703259 22 60 2
703275 22 61 0
703413 22 61 2
703433 22 2 0
703736 22 2 2
703772 22 35 0
703870 22 35 2
703922 22 61 0
704367 22 61 2
704375 22 19 0
704434 22 2 2
704449 22 19 2
704453 22 61 0
707377 22 61 2
707555 22 23 2
707557 22 61 0
710649 22 61 2
710719 22 24 2
710721 22 61 0
718057 22 61 2
719136 22 53 2
719137 22 61 0
726179 22 61 2
726773 22 62 2
726779 22 61 0
727485 22 61 2
727644 22 50 2
727653 22 61 0
733433 22 61 2
733504 22 59 2
733505 22 61 0
740296 22 2 2
742436 22 61 2
742503 22 17 2
742618 22 53 2
742701 22 1 2
742832 22 37 2
742915 22 43 2
743014 22 39 2
743105 22 63 2
743196 22 62 2
743279 22 61 2
743362 22 42 2
743469 22 54 2
743552 22 52 2
743643 22 36 2
743734 22 47 2
743825 22 4 2
743932 22 19 2
744031 22 27 2
744130 22 60 2
744221 22 35 2
744320 22 55 2
744411 22 49 2
744526 22 26 2
744633 22 38 2
744716 22 50 2
744823 22 34 2
744930 22 58 2
745037 22 46 2
745120 22 48 2
745243 22 57 2
745358 22 45 2
745441 22 56 2
745564 22 25 2
745679 22 51 2
745778 22 31 2
745869 22 30 2
745954 22 20 2
746046 22 5 2
746173 22 29 2
746180 22 61 0
749831 22 61 2
750301 22 29 2
750311 22 61 0
755936 22 61 2
758947 22 36 2
758948 22 61 0
761070 22 61 2
762531 22 51 2
762534 22 61 0
766046 22 61 2
767027 22 54 2
767030 22 61 0
767772 22 61 2
770896 22 60 2
770904 22 61 0
773181 22 61 2
775202 22 1 2
775209 22 61 0
781988 22 61 2
784678 22 14 2
784688 22 61 0
786381 22 61 2
787864 22 50 2
787869 22 61 0
789818 22 61 2
792305 22 50 2
792314 22 61 0
796030 22 61 2
797195 22 31 2
797206 22 61 0
799319 22 2 2
799349 22 61 2
800006 22 30 2
800009 22 61 0
805491 22 61 2
806406 22 35 2
806415 22 61 0
807335 22 61 2
809609 22 26 2
809615 22 61 0
811477 22 61 2
812737 22 61 0
812737 22 39 2
814830 22 61 2
815269 22 15 2
815274 22 61 0
815432 22 61 2
815484 22 29 0
815499 22 43 2
815590 22 29 2
815606 22 61 0
817925 22 61 2
817992 22 11 2
818025 22 32 0
818139 22 32 2
818223 22 28 0
818305 22 28 2
818357 22 2 0
818439 22 2 2
818451 22 29 0
818533 22 29 2
818565 22 4 0
818640 22 4 2
818648 22 35 0
818738 22 35 2
862509 22 5 2
866018 22 2 0
866019 22 3 0
868987 22 56 1
869346 22 3 2
869411 22 56 2
872280 22 3 0
872281 22 56 1
872546 22 3 2
872611 22 56 2
876444 22 2 0
876445 22 51 0
885563 22 56 1
885806 22 3 2
885871 22 56 2
890656 22 3 0
890657 22 2 0
902883 22 2 0
902884 22 3 0
906929 22 2 0
906930 22 56 1
907177 22 2 2
907251 22 56 2
908122 22 2 0
908123 22 2 2
932739 22 2 0
932740 22 22 0
932740 22 2 2
932749 22 2 2
959233 22 22 0
959242 22 2 0
959242 22 22 2
959316 22 22 2
959584 22 55 0
959722 22 55 2
959778 22 23 0
960278 22 23 2
960334 22 56 0
960377 22 20 2
960552 22 56 2
960616 22 57 0
960754 22 57 2
960814 22 23 0
963554 22 23 2
963612 22 27 2
963614 22 23 0
967514 22 23 2
967545 22 32 2
967550 22 23 0
968600 22 23 2
969111 22 31 2
969116 22 23 0
971236 22 23 2
971786 22 43 2
971788 22 23 0
976125 22 23 2
976182 22 23 2
976224 22 43 2
976317 22 23 0
976317 22 53 2
979854 22 23 2
979892 22 63 2
979902 22 23 0
995352 22 23 2
997761 22 59 2
997764 22 23 0
1002996 22 23 2
1005558 22 3 2
1005559 22 3 0
1014426 22 3 2
1014432 22 23 0
1015152 22 23 2
1161776 22 56 1
1161894 22 56 1
1162026 22 6 2
1162068 22 56 2
1162146 22 4 2
1162166 22 56 1
1162204 22 56 2
1162416 22 5 2
1162466 22 56 2
1162498 22 56 1
1162628 22 56 1
1162714 22 56 1
1162746 22 8 2
1162828 22 56 2
1162876 22 1 2
1162958 22 56 2
1162986 22 11 2
1163044 22 56 2
1179620 22 2 0
1179621 22 56 1
1179866 22 2 2
1179940 22 56 2
1182536 22 56 1
1182786 22 0 2
1182876 22 56 2
1331163 22 2 0
1335310 22 2 0
1335454 22 2 0
1335745 22 2 0
1336113 22 2 0
1338361 22 2 0
1339182 22 2 0
