0 42 51 0
711 42 51 2
715 42 22 0
2343 42 22 2
2355 42 1 0
2909 42 1 2
2929 42 24 0
3041 42 24 2
29662 42 56 1
29856 42 0 2
29938 42 56 2
38163 42 56 1
38355 42 2 2
38420 42 56 2
61414 42 56 1
61605 42 2 2
61670 42 56 2
72455 42 4 0
75752 42 56 1
75886 42 56 1
75946 42 19 2
76004 42 56 2
76076 42 13 2
76104 42 56 1
76158 42 56 2
76197 42 56 1
76296 42 4 2
76333 42 56 1
76382 42 56 2
76406 42 11 2
76449 42 56 1
76472 42 56 2
76522 42 56 1
76526 42 5 2
76615 42 56 2
76629 42 56 1
76636 42 6 2
76734 42 56 2
76746 42 37 2
76747 42 56 1
76803 42 56 2
76841 42 56 1
76856 42 28 2
76914 42 56 2
76966 42 20 2
76975 42 56 1
77032 42 56 2
77071 42 56 1
77076 42 17 2
77134 42 56 2
77170 42 4 2
77174 42 56 1
77186 42 12 2
77222 42 44 0
77262 42 56 2
77292 42 56 1
77296 42 10 2
77353 42 56 2
77406 42 18 2
77412 42 56 1
77456 42 56 2
77509 42 56 1
77516 42 9 2
77583 42 56 2
77626 42 1 2
77644 42 56 1
77700 42 56 2
77736 42 53 2
77745 42 56 1
77795 42 56 2
77846 42 25 2
77895 42 56 2
77896 42 56 1
77956 42 34 2
77990 42 56 2
77998 42 56 1
78086 42 3 2
78102 42 56 1
78160 42 56 2
78196 42 8 2
78236 42 56 1
78270 42 56 2
78306 42 52 2
78356 42 56 2
78369 42 56 1
78414 42 56 1
78426 42 55 2
78502 42 56 2
78558 42 56 1
78566 42 15 2
78644 42 56 1
78665 42 56 2
78676 42 49 2
78718 42 56 2
78777 42 56 1
78816 42 29 2
78876 42 56 1
78884 42 56 2
78926 42 35 2
78968 42 56 2
78998 42 56 1
79036 42 38 2
79084 42 56 1
79102 42 56 2
79146 42 45 2
79172 42 44 2
79184 42 5 0
79196 42 56 2
79225 42 56 1
79256 42 61 2
79293 42 5 2
79304 42 56 1
79305 42 45 0
79322 42 56 2
79366 42 58 2
79406 42 56 1
79408 42 56 2
79476 42 39 2
79535 42 56 1
79551 42 56 2
79586 42 57 2
79635 42 56 2
79696 42 50 2
79707 42 56 1
79730 42 56 2
79733 42 45 2
79744 42 56 1
79801 42 24 0
79806 42 51 2
79849 42 56 2
79898 42 56 1
79916 42 7 2
79941 42 24 2
79973 42 25 0
79982 42 56 1
80023 42 56 2
80026 42 40 2
80068 42 56 2
80111 42 56 1
80146 42 30 2
80167 42 25 2
80175 42 26 0
80219 42 56 2
80256 42 27 2
80261 42 56 1
80306 42 56 2
80307 42 56 1
80326 42 26 2
80366 42 27 0
80367 42 24 2
80425 42 56 2
80433 42 56 1
80476 42 14 2
80543 42 56 1
80566 42 56 2
80586 42 41 2
80620 42 56 2
80648 42 27 2
80668 42 33 0
80668 42 56 1
80696 42 26 2
80737 42 56 2
80772 42 33 2
80792 42 35 0
80802 42 56 1
80806 42 32 2
80855 42 56 2
80905 42 56 1
80916 42 60 2
80974 42 56 2
80999 42 56 1
81040 42 35 2
81046 42 31 2
81048 42 41 0
81117 42 56 1
81127 42 56 2
81156 42 62 2
81212 42 56 1
81231 42 56 2
81266 42 46 2
81305 42 56 1
81324 42 56 2
81376 42 47 2
81381 42 41 2
81397 42 42 0
81406 42 56 1
81442 42 56 2
81486 42 36 2
81533 42 56 1
81536 42 56 2
81616 42 43 2
81643 42 56 1
81650 42 56 2
81726 42 42 2
81742 42 42 2
81751 42 56 2
81774 42 1 0
81785 42 56 1
81836 42 44 2
81878 42 56 2
81924 42 56 1
81946 42 48 2
81970 42 1 2
81996 42 56 2
82006 42 36 0
82010 42 56 1
82056 42 21 2
82130 42 56 2
82157 42 56 1
82186 42 63 2
82263 42 56 1
82268 42 56 2
82326 42 16 2
82349 42 36 2
82361 42 43 0
82372 42 56 1
82392 42 56 2
82436 42 54 2
82502 42 56 2
82543 42 56 1
82546 42 59 2
82597 42 56 2
82600 42 43 2
82616 42 17 0
82666 42 56 2
82682 42 56 1
82724 42 56 2
82735 42 56 1
82749 42 17 2
82776 42 22 2
82841 42 27 0
82858 42 56 2
82861 42 56 1
82886 42 23 2
82977 42 56 2
82996 42 33 2
83038 42 56 2
83040 42 27 2
83044 42 37 0
83055 42 17 2
83112 42 56 2
83497 42 37 2
83509 42 17 0
83612 42 17 2
83620 42 15 0
83795 42 15 2
83835 42 16 0
83947 42 16 2
83987 42 18 0
84081 42 18 2
84105 42 61 0
84257 42 61 2
84269 42 54 0
84435 42 54 2
84455 42 12 0
84544 42 12 2
84552 42 19 0
84651 42 19 2
84655 42 35 0
84916 42 35 2
84932 42 53 0
85326 42 53 2
85366 42 33 0
85477 42 33 2
85489 42 36 0
85599 42 36 2
85619 42 40 0
85898 42 40 2
85922 42 37 0
86087 42 37 2
86191 42 38 0
86323 42 38 2
86327 42 3 0
86648 42 3 2
86672 42 8 0
86774 42 8 2
86782 42 29 0
86898 42 29 2
86938 42 0 0
87030 42 0 2
87042 42 38 0
87270 42 38 2
87286 42 39 0
87727 42 39 2
87731 42 39 0
88118 42 39 2
88174 42 36 0
88362 42 36 2
88394 42 38 0
88528 42 38 2
88544 42 51 0
88652 42 51 2
88708 42 25 0
89000 42 25 2
89008 42 52 0
89193 42 52 2
89229 42 33 0
89511 42 33 2
89531 42 53 0
90419 42 53 2
90443 42 54 0
90548 42 54 2
90564 42 11 0
90869 42 11 2
90881 42 56 0
91028 42 56 2
91032 42 12 0
91303 42 12 2
91311 42 57 0
91866 42 57 2
91870 42 2 0
92182 42 2 2
92234 42 37 0
92368 42 37 2
92384 42 40 0
92525 42 40 2
92581 42 58 0
92797 42 58 2
92857 42 35 0
92955 42 35 2
92959 42 50 0
93138 42 50 2
93158 42 62 0
96493 42 56 1
96685 42 7 2
96791 42 56 2
96876 42 62 2
96904 42 38 0
97213 42 38 2
97285 42 63 0
97395 42 63 2
97435 42 12 0
97704 42 12 2
97728 42 2 0
97808 42 2 2
97832 42 13 0
98105 42 13 2
98201 42 3 0
98327 42 3 2
98367 42 23 0
98555 42 23 2
98571 42 24 0
98646 42 24 2
98754 42 13 0
99023 42 13 2
99031 42 25 0
99099 42 25 2
99127 42 26 0
99227 42 26 2
99307 42 0 0
99497 42 0 2
99505 42 3 0
99657 42 3 2
99701 42 4 0
99833 42 4 2
99929 42 5 0
100058 42 5 2
100098 42 15 0
100439 42 15 2
100447 42 14 0
100794 42 14 2
100806 42 50 0
100856 42 50 2
100884 42 6 0
101429 42 6 2
101449 42 4 0
101548 42 4 2
101556 42 8 0
101688 42 8 2
101692 42 47 0
101815 42 47 2
101823 42 49 0
101913 42 49 2
101929 42 11 0
102044 42 11 2
102080 42 5 0
102907 42 5 2
102931 42 37 0
103444 42 37 2
103508 42 4 0
103766 42 4 2
103770 42 1 0
103902 42 1 2
103930 42 27 0
104406 42 27 2
104414 42 2 0
104585 42 2 2
104597 42 11 0
104765 42 11 2
104773 42 7 0
105176 42 7 2
105196 42 3 0
105295 42 3 2
105403 42 6 0
105672 42 6 2
105692 42 9 0
105832 42 9 2
106004 42 8 0
106156 42 8 2
106168 42 11 0
106316 42 11 2
106336 42 12 0
106492 42 12 2
106516 42 16 0
106806 42 16 2
106814 42 13 0
107152 42 13 2
107200 42 2 0
107333 42 2 2
107369 42 14 0
107673 42 14 2
107677 42 17 0
107974 42 17 2
107982 42 15 0
108351 42 15 2
108371 42 18 0
108645 42 18 2
108669 42 4 0
108815 42 4 2
108855 42 40 0
109035 42 40 2
109039 42 38 0
109039 42 38 0
109097 42 38 2
109430 42 38 2
109438 42 27 0
109575 42 27 2
109595 42 35 0
109732 42 35 2
109788 42 28 0
109918 42 28 2
109986 42 3 0
110130 42 3 2
110134 42 46 0
110435 42 46 2
110455 42 4 0
110562 42 4 2
110594 42 0 0
110693 42 0 2
110697 42 29 0
110803 42 29 2
110947 42 47 0
111188 42 47 2
111260 42 30 0
111443 42 30 2
111795 42 31 0
112670 42 31 2
112674 42 44 0
112807 42 44 2
112815 42 43 0
112985 42 43 2
113117 42 32 0
113260 42 32 2
113332 42 33 0
113454 42 33 2
113502 42 33 0
113615 42 33 2
113623 42 27 0
113725 42 27 2
113829 42 54 0
113847 42 56 1
113957 42 56 1
114035 42 53 2
114092 42 56 2
114145 42 17 2
114202 42 56 2
115102 42 54 2
115114 42 28 0
115211 42 28 2
115227 42 34 0
115459 42 34 2
115467 42 56 0
116294 42 56 2
116310 42 35 0
116551 42 56 1
116566 42 35 2
116666 42 41 0
116745 42 35 2
116755 42 41 2
116786 42 56 2
116803 42 61 0
118655 42 61 2
118659 42 39 0
118870 42 39 2
118882 42 7 0
119032 42 7 2
119092 42 8 0
119096 42 0 2
119233 42 8 2
119265 42 63 0
119501 42 63 2
119609 42 0 0
119711 42 0 2
119739 42 57 0
119877 42 57 2
119945 42 58 0
120055 42 58 2
120139 42 46 0
120354 42 46 2
120366 42 59 0
120526 42 59 2
120558 42 32 0
120674 42 32 2
120682 42 50 0
120797 42 50 2
120873 42 60 0
121022 42 60 2
121030 42 62 0
121680 42 56 1
121769 42 56 1
121876 42 1 2
121953 42 56 2
121954 42 56 1
121972 42 62 2
121976 42 3 0
121986 42 51 2
122028 42 56 2
122072 42 3 2
122073 42 56 1
122084 42 5 0
122146 42 58 2
122188 42 56 2
122197 42 5 2
122225 42 17 0
122266 42 24 2
122307 42 17 2
122324 42 56 2
122327 42 6 0
122335 42 56 1
122461 42 6 2
122463 42 56 1
122526 42 39 2
122549 42 56 1
122553 42 11 0
122602 42 56 2
122643 42 56 1
122656 42 4 2
122738 42 56 2
122762 42 56 1
122766 42 37 2
122823 42 56 2
122860 42 11 2
122868 42 10 0
122876 42 25 2
122926 42 56 2
122950 42 10 2
122951 42 56 1
122970 42 11 0
122986 42 18 2
123036 42 56 2
123077 42 56 1
123085 42 11 2
123093 42 6 0
123146 42 28 2
123204 42 56 2
123223 42 56 1
123266 42 11 2
123277 42 6 2
123301 42 56 1
123313 42 36 0
123332 42 56 2
123416 42 13 2
123419 42 56 1
123498 42 56 2
123526 42 27 2
123537 42 56 1
123576 42 56 2
123586 42 36 2
123623 42 56 1
123636 42 19 2
123646 42 12 0
123694 42 56 2
123746 42 38 2
123756 42 12 2
123764 42 0 0
123791 42 56 1
123812 42 56 2
123856 42 32 2
123870 42 0 2
123887 42 56 1
123906 42 56 2
123986 42 5 2
123987 42 56 1
123994 42 15 0
123994 42 15 0
124076 42 56 2
124094 42 15 2
124096 42 12 2
124131 42 56 1
124170 42 56 2
124182 42 15 2
124206 42 20 2
124247 42 56 1
124272 42 56 2
124302 42 7 0
124336 42 60 2
124359 42 56 1
124394 42 56 2
124436 42 56 1
124446 42 8 2
124520 42 56 2
124556 42 29 2
124621 42 56 2
124625 42 56 1
124666 42 43 2
124694 42 7 2
124698 42 7 0
124700 42 56 2
124708 42 56 1
124816 42 31 2
124859 42 56 1
124898 42 56 2
124900 42 7 2
124912 42 0 0
124926 42 10 2
124936 42 56 1
124984 42 56 2
125046 42 62 2
125062 42 56 1
125120 42 56 2
125156 42 56 1
125156 42 48 2
125207 42 56 2
125266 42 52 2
125316 42 56 2
125350 42 56 1
125376 42 49 2
125418 42 56 2
125465 42 0 2
125546 42 36 2
125596 42 56 2
125613 42 9 0
125635 42 56 1
125695 42 9 2
125715 42 56 1
125727 42 8 0
125818 42 8 2
125826 42 30 2
125846 42 40 0
125893 42 56 1
125900 42 56 2
125936 42 57 2
125986 42 56 2
126086 42 14 2
126087 42 56 1
126116 42 56 1
126136 42 40 2
126175 42 56 2
126236 42 56 1
126286 42 7 2
126292 42 41 0
126391 42 56 2
126396 42 41 2
126416 42 56 1
126429 42 56 2
126506 42 34 2
126519 42 56 1
126540 42 56 2
126616 42 47 2
126644 42 41 2
126682 42 56 2
126693 42 56 1
126736 42 16 2
126755 42 56 1
126802 42 56 2
126865 42 56 1
126896 42 22 2
126978 42 56 2
127016 42 56 1
127016 42 33 2
127059 42 56 2
127136 42 50 2
127169 42 56 2
127190 42 56 1
127220 42 42 0
127229 42 56 1
127246 42 3 2
127320 42 56 2
127396 42 15 2
127409 42 56 1
127494 42 56 2
127506 42 42 2
127522 42 42 2
127531 42 56 2
127581 42 56 1
127616 42 53 2
127674 42 56 2
127761 42 56 1
127776 42 23 2
127866 42 56 2
127870 42 56 1
127956 42 59 2
127965 42 56 1
128006 42 56 2
128066 42 56 2
128098 42 43 0
128124 42 56 2
128127 42 56 1
128212 42 56 1
128286 42 40 2
128327 42 56 2
128331 42 56 1
128396 42 61 2
128440 42 43 2
128449 42 56 1
128462 42 56 2
128506 42 35 2
128548 42 56 2
128616 42 17 2
128674 42 56 2
128722 42 56 1
128726 42 46 2
128784 42 56 2
128805 42 56 1
128915 42 56 1
128926 42 6 2
129001 42 56 1
129016 42 44 0
129024 42 56 2
129036 42 55 2
129103 42 56 1
129110 42 56 2
129156 42 21 2
129230 42 56 2
129236 42 56 1
129266 42 45 2
129316 42 56 2
129333 42 44 2
129363 42 56 1
129376 42 44 2
129418 42 56 2
129496 42 54 2
129503 42 56 1
129562 42 56 2
129606 42 63 2
129649 42 56 1
129688 42 56 2
129716 42 26 2
129758 42 56 2
129836 42 9 2
129902 42 56 2
129909 42 45 0
130234 42 45 2
130810 42 46 0
131135 42 46 2
131711 42 47 0
131981 42 47 2
132557 42 48 0
132856 42 48 2
133432 42 49 0
133800 42 49 2
134376 42 50 0
134662 42 50 2
135238 42 51 0
135540 42 51 2
136116 42 52 0
136452 42 52 2
137028 42 53 0
137342 42 53 2
137787 42 56 1
137918 42 54 0
137986 42 2 2
138052 42 56 2
138216 42 54 2
138792 42 55 0
139071 42 55 2
139647 42 56 0
139954 42 56 2
140530 42 57 0
140917 42 57 2
141493 42 58 0
141782 42 58 2
142358 42 59 0
142670 42 59 2
143246 42 60 0
143600 42 60 2
144176 42 61 0
144509 42 61 2
145085 42 62 0
145385 42 62 2
145961 42 63 0
146364 42 63 2
146940 42 0 0
146940 42 0 0
147016 42 0 2
147177 42 0 2
147445 42 2 0
147527 42 2 2
147583 42 3 0
147672 42 3 2
147676 42 7 0
148078 42 7 2
148166 42 4 0
148264 42 4 2
148652 42 1 0
148942 42 1 2
149518 42 2 0
149843 42 2 2
150419 42 3 0
150740 42 3 2
151316 42 4 0
151595 42 4 2
152171 42 5 0
152444 42 5 2
153020 42 6 0
153385 42 6 2
153961 42 7 0
154291 42 7 2
154867 42 8 0
155238 42 8 2
155814 42 9 0
156092 42 9 2
156668 42 10 0
156945 42 10 2
157521 42 11 0
157521 42 11 0
157580 42 11 2
157832 42 11 2
158408 42 12 0
158408 42 12 0
158474 42 12 2
158683 42 12 2
159259 42 13 0
159544 42 13 2
160120 42 14 0
160507 42 14 2
161083 42 15 0
161402 42 15 2
161978 42 16 0
162288 42 16 2
162864 42 17 0
163212 42 17 2
163788 42 18 0
164097 42 18 2
164673 42 19 0
164994 42 19 2
165570 42 20 0
165864 42 20 2
166440 42 21 0
166714 42 21 2
167290 42 22 0
167630 42 22 2
168206 42 23 0
168505 42 23 2
169081 42 24 0
169358 42 24 2
169934 42 25 0
170292 42 25 2
170868 42 26 0
171159 42 26 2
171735 42 27 0
172066 42 27 2
172642 42 28 0
173044 42 28 2
173620 42 29 0
173884 42 29 2
174460 42 30 0
174781 42 30 2
175357 42 31 0
175625 42 31 2
176201 42 32 0
176438 42 32 2
177014 42 33 0
177302 42 33 2
177878 42 34 0
178191 42 34 2
178767 42 35 0
179078 42 35 2
179654 42 36 0
179954 42 36 2
180530 42 37 0
180836 42 37 2
181412 42 38 0
181733 42 38 2
182309 42 39 0
182578 42 39 2
197314 42 8 0
197568 42 8 2
212866 42 56 1
213056 42 0 2
213138 42 56 2
230676 42 14 0
230790 42 14 2
231062 42 61 0
231375 42 61 2
231447 42 54 0
231609 42 54 2
231641 42 55 0
231976 42 55 2
232204 42 40 0
232324 42 40 2
232352 42 49 0
232479 42 49 2
232491 42 51 0
232633 42 51 2
232653 42 37 0
232767 42 37 2
232771 42 20 0
232876 42 20 2
232892 42 3 0
233208 42 3 2
233300 42 21 0
233414 42 21 2
233422 42 56 0
233648 42 56 2
233668 42 57 0
233786 42 57 2
233874 42 58 0
233994 42 58 2
234074 42 59 0
234192 42 59 2
234216 42 63 0
234477 42 63 2
234561 42 33 0
234661 42 33 2
236404 42 63 2
247359 42 56 1
247545 42 2 2
247610 42 56 2
252307 42 56 1
252495 42 2 2
252560 42 56 2
267190 42 56 1
267385 42 2 2
267450 42 56 2
284517 42 56 1
284705 42 2 2
284770 42 56 2
291145 42 2 0
291146 42 56 1
291335 42 2 2
291400 42 56 2
308353 42 56 1
308545 42 2 2
308610 42 56 2
328201 42 2 0
328202 42 56 1
328396 42 2 2
328462 42 56 2
351611 42 56 1
351806 42 2 2
351872 42 56 2
388391 42 56 1
388586 42 2 2
388652 42 56 2
411721 42 56 1
411916 42 2 2
411982 42 56 2
422199 42 2 0
422200 42 56 1
422395 42 2 2
422460 42 56 2
431713 42 56 1
431905 42 2 2
431970 42 56 2
441541 42 2 0
441542 42 2 2
462843 42 56 1
463036 42 2 2
463102 42 56 2
476823 42 56 1
477015 42 2 2
477080 42 56 2
481701 42 56 1
481895 42 2 2
481960 42 56 2
532333 42 2 0
532334 42 56 1
532526 42 2 2
532592 42 56 2
627377 42 2 2
627528 42 2 2
661411 42 2 0
661412 42 56 1
661611 42 2 2
661676 42 56 2
661819 42 2 0
661820 42 56 1
662011 42 2 2
662076 42 56 2
701045 42 2 0
701046 42 56 1
701241 42 2 2
701306 42 56 2
704559 42 56 1
704751 42 2 2
704816 42 56 2
709459 42 2 0
709460 42 56 1
709651 42 2 2
709716 42 56 2
720708 42 2 0
720709 42 56 1
720901 42 2 2
720966 42 56 2
729511 42 2 2
729512 42 2 0
732651 42 56 1
732841 42 3 2
732914 42 56 2
734835 42 2 0
734836 42 2 2
739706 42 2 0
739707 42 2 2
744987 42 56 1
745181 42 3 2
745254 42 56 2
745597 42 2 0
745598 42 2 2
762521 42 56 1
762522 42 2 0
762712 42 2 2
762778 42 56 2
771698 42 2 0
775237 42 3 2
785941 42 2 0
785942 42 56 1
786132 42 2 2
786198 42 56 2
813461 42 2 0
813462 42 56 1
813652 42 2 2
813718 42 56 2
818351 42 56 1
818542 42 3 2
818616 42 56 2
848059 42 15 0
848059 42 15 0
848149 42 15 2
848157 42 15 2
848245 42 30 0
848351 42 30 2
848363 42 24 0
848461 42 24 2
848561 42 25 0
848651 42 25 2
848659 42 42 0
848668 42 3 0
848668 42 42 2
848742 42 42 2
848806 42 26 0
848888 42 26 2
848952 42 27 0
849034 42 27 2
849066 42 34 0
849155 42 34 2
849167 42 26 0
849257 42 26 2
849353 42 55 0
849495 42 55 2
849503 42 27 0
849602 42 27 2
849650 42 61 0
853734 42 61 2
853738 42 28 0
853854 42 28 2
853906 42 60 0
854039 42 60 2
854055 42 61 0
854195 42 61 2
854215 42 29 0
854482 42 29 2
854518 42 38 0
854561 42 37 2
854624 42 38 2
854676 42 61 0
864194 42 61 2
864202 42 19 0
864253 42 23 2
864292 42 19 2
864296 42 61 0
871560 42 61 2
872004 42 61 0
872004 42 6 2
874109 42 61 2
874168 42 24 2
874275 42 2 2
874392 42 23 2
874507 42 13 2
874614 42 58 2
874689 42 7 2
874822 42 38 2
874913 42 17 2
875022 42 1 2
875145 42 35 2
875228 42 52 2
875303 42 21 2
875403 42 50 2
875479 42 26 2
875573 42 55 2
875664 42 39 2
875769 42 27 2
875777 42 61 0
884111 42 61 2
884995 42 62 2
884999 42 61 0
885998 42 61 2
891243 42 20 2
891254 42 61 0
893777 42 61 2
894875 42 21 2
894881 42 61 0
895749 42 61 2
899925 42 61 0
899925 42 7 2
902347 42 61 2
904217 42 52 2
904219 42 61 0
904746 42 61 2
908081 42 38 2
908082 42 61 0
909672 42 61 2
911726 42 38 2
911736 42 61 0
916464 42 61 2
916661 42 58 2
916668 42 61 0
917278 42 61 2
921475 42 51 2
921478 42 61 0
924559 42 61 2
925188 42 31 2
925195 42 61 0
925985 42 61 2
928584 42 6 2
928589 42 61 0
932691 42 61 2
935135 42 29 2
935139 42 61 0
937128 42 61 2
938664 42 61 0
938664 42 37 2
939305 42 61 2
942220 42 54 2
942221 42 61 0
944216 42 61 2
945430 42 43 2
945440 42 61 0
946212 42 61 2
947262 42 43 2
947268 42 61 0
949876 42 61 2
950885 42 35 2
950896 42 61 0
951949 42 61 2
954901 42 61 0
954901 42 44 2
955065 42 61 2
955117 42 29 0
955124 42 53 2
955231 42 29 2
955247 42 61 0
956941 42 61 2
957000 42 63 2
957005 42 61 0
960305 42 61 2
960341 42 32 0
960374 42 63 2
960431 42 32 2
960515 42 28 0
960605 42 28 2
960657 42 2 0
960739 42 2 2
960751 42 29 0
960849 42 29 2
960881 42 4 0
960971 42 4 2
960979 42 35 0
961061 42 35 2
989789 42 2 0
989790 42 56 1
989979 42 2 2
990045 42 56 2
999359 42 2 0
999360 42 2 2
1001328 42 2 0
1001329 42 2 2
1014373 42 2 0
1014374 42 2 2
1022609 42 25 2
1024370 42 56 1
1024563 42 25 2
1024612 42 56 2
1050100 42 0 0
1050100 42 0 0
1052073 42 0 2
1054210 42 0 2
1054330 42 38 0
1054330 42 38 0
1054388 42 38 2
1055433 42 38 2
1055625 42 12 0
1055625 42 12 0
1055691 42 12 2
1055699 42 12 2
1056775 42 11 0
1056775 42 11 0
1056833 42 11 2
1056841 42 11 2
1057457 42 2 0
1057613 42 2 2
1057649 42 25 0
1057783 42 25 2
1057799 42 31 0
1057915 42 31 2
1057951 42 33 0
1058137 42 33 2
1058141 42 36 0
1058262 42 36 2
1058270 42 4 0
1058270 42 4 0
1058345 42 4 2
1058722 42 4 2
1058814 42 5 0
1058983 42 5 2
1059015 42 34 0
1059114 42 34 2
1059134 42 35 0
1059262 42 35 2
1059286 42 32 0
1059633 42 32 2
1059997 42 38 0
1059997 42 38 0
1060063 42 38 2
1060095 42 38 2
1060219 42 46 0
1060278 42 46 2
1060330 42 0 0
1060330 42 0 0
1060404 42 0 2
1060412 42 0 2
1060560 42 47 0
1060625 42 47 2
1063197 42 31 0
1063361 42 31 2
1063405 42 35 0
1063668 42 35 2
1063728 42 32 0
1063862 42 32 2
1063962 42 33 0
1064107 42 33 2
1064199 42 34 0
1064323 42 34 2
1064355 42 1 0
1064355 42 1 0
1064421 42 1 2
1064432 42 1 2
1064476 42 32 0
1064620 42 32 2
1064628 42 35 0
1064628 42 35 0
1064662 42 35 2
1064783 42 35 2
1064787 42 60 0
1064912 42 60 2
1064928 42 61 0
1065208 42 61 2
1065268 42 48 0
1065388 42 48 2
1065428 42 49 0
1065585 42 49 2
1065621 42 36 0
1065621 42 36 0
1065663 42 36 2
1065955 42 36 2
1066019 42 37 0
1066019 42 37 0
1066069 42 37 2
1066231 42 37 2
1066279 42 58 0
1066279 42 58 0
1066343 42 58 2
1066419 42 58 2
1066431 42 31 0
1066826 42 31 2
1066838 42 30 0
1067204 42 30 2
1067212 42 59 0
1067212 42 59 0
1067265 42 59 2
1067362 42 59 2
1067414 42 34 0
1067674 42 34 2
1067714 42 0 0
1067971 42 0 2
1067979 42 33 0
1068300 42 33 2
1068316 42 60 0
1068523 42 60 2
1068543 42 32 0
1068785 42 32 2
1068861 42 61 0
1069036 42 61 2
1069160 42 62 0
1069321 42 62 2
1069409 42 12 0
1069477 42 41 2
1069500 42 12 2
1069512 42 39 0
1069707 42 39 2
1069719 42 13 0
1069841 42 13 2
1069845 42 48 0
1069942 42 48 2
1069954 42 59 0
1069998 42 41 2
1070065 42 59 2
1070093 42 54 0
1070093 42 54 0
1070152 42 54 2
1070240 42 54 2
1070273 42 41 2
1070280 42 55 0
1070354 42 55 2
1070378 42 56 0
1070492 42 56 2
1070507 42 41 2
1070520 42 57 0
1070627 42 57 2
1070691 42 58 0
1070809 42 58 2
1070845 42 49 0
1070947 42 49 2
1070987 42 63 0
1071736 42 63 2
1071784 42 15 0
1071798 42 40 2
1071934 42 15 2
1071950 42 44 0
1071991 42 44 2
1072011 42 45 0
1072166 42 45 2
1072414 42 0 0
1072508 42 0 2
1072600 42 1 0
1072683 42 1 2
1072687 42 46 0
1072763 42 46 2
1072859 42 2 0
1072974 42 2 2
1072982 42 47 0
1073064 42 47 2
1073076 42 41 0
1073157 42 41 2
1073229 42 3 0
1073313 42 3 2
1073321 42 12 0
1073412 42 12 2
1073664 42 5 0
1073763 42 5 2
1073811 42 6 0
1073917 42 6 2
1074005 42 7 0
1074121 42 7 2
1074229 42 8 0
1074321 42 8 2
1074377 42 1 0
1074467 42 1 2
1074915 42 46 0
1074989 42 46 2
1074997 42 4 0
1075091 42 4 2
1075115 42 47 0
1075198 42 47 2
1075342 42 12 0
1075432 42 12 2
1075796 42 10 0
1075869 42 10 2
1075989 42 1 0
1075989 42 1 0
1076055 42 1 2
1076087 42 1 2
1076535 42 46 0
1076609 42 46 2
1076641 42 47 0
1076641 42 47 0
1076700 42 47 2
1076723 42 47 2
1076867 42 12 0
1076867 42 12 0
1076933 42 12 2
1076941 42 12 2
1077425 42 1 0
1077530 42 1 2
1077700 42 37 2
1077978 42 46 0
1077978 42 46 0
1078053 42 46 2
1078068 42 46 2
1078085 42 47 0
1078167 42 47 2
1078311 42 12 0
1078400 42 12 2
1078884 42 1 0
1078884 42 1 0
1078950 42 1 2
1078957 42 1 2
1079405 42 46 0
1079405 42 46 0
1079455 42 46 2
1079472 42 46 2
1079504 42 47 0
1079504 42 47 0
1079563 42 47 2
1079579 42 47 2
1079723 42 12 0
1079723 42 12 0
1079789 42 12 2
1079806 42 12 2
1080290 42 1 0
1080290 42 1 0
1080357 42 1 2
1080416 42 1 2
1080864 42 46 0
1080864 42 46 0
1080914 42 46 2
1080935 42 46 2
1080967 42 47 0
1080967 42 47 0
1081025 42 47 2
1081033 42 47 2
1081177 42 12 0
1081177 42 12 0
1081243 42 12 2
1081250 42 12 2
1081734 42 1 0
1081734 42 1 0
1081801 42 1 2
1081810 42 1 2
1082242 42 13 0
1082356 42 13 2
1082372 42 46 0
1082372 42 46 0
1082428 42 46 2
1082429 42 46 2
1082461 42 47 0
1082461 42 47 0
1082519 42 47 2
1082526 42 47 2
1082670 42 12 0
1082670 42 12 0
1082737 42 12 2
1082743 42 12 2
1083227 42 1 0
1083227 42 1 0
1083294 42 1 2
1083316 42 1 2
1083764 42 46 0
1083764 42 46 0
1083823 42 46 2
1083828 42 46 2
1083860 42 47 0
1083860 42 47 0
1083918 42 47 2
1083925 42 47 2
1084069 42 12 0
1084069 42 12 0
1084136 42 12 2
1084145 42 12 2
1084629 42 1 0
1084629 42 1 0
1084695 42 1 2
1084707 42 1 2
1085155 42 46 0
1085155 42 46 0
1085205 42 46 2
1085217 42 46 2
1085249 42 47 0
1085249 42 47 0
1085309 42 47 2
1085314 42 47 2
1085458 42 12 0
1085458 42 12 0
1085525 42 12 2
1085530 42 12 2
1086014 42 1 0
1086014 42 1 0
1086080 42 1 2
1086087 42 1 2
1086535 42 46 0
1086535 42 46 0
1086585 42 46 2
1086592 42 46 2
1086624 42 47 0
1086624 42 47 0
1086682 42 47 2
1086698 42 47 2
1086842 42 12 0
1086842 42 12 0
1086908 42 12 2
1086915 42 12 2
1087399 42 1 0
1087399 42 1 0
1087470 42 1 2
1087474 42 1 2
1087922 42 46 0
1087922 42 46 0
1087972 42 46 2
1087982 42 46 2
1088014 42 47 0
1088014 42 47 0
1088074 42 47 2
1088084 42 47 2
1088228 42 12 0
1088228 42 12 0
1088301 42 12 2
1088311 42 12 2
1088785 42 1 0
1088785 42 1 0
1088851 42 1 2
1088861 42 1 2
1089309 42 46 0
1089309 42 46 0
1089375 42 46 2
1089381 42 46 2
1089407 42 47 0
1089407 42 47 0
1089465 42 47 2
1089477 42 47 2
1089621 42 12 0
1089621 42 12 0
1089687 42 12 2
1089695 42 12 2
1090179 42 1 0
1090179 42 1 0
1090247 42 1 2
1090257 42 1 2
1090705 42 46 0
1090705 42 46 0
1090755 42 46 2
1090763 42 46 2
1090795 42 47 0
1090795 42 47 0
1090853 42 47 2
1090861 42 47 2
1091005 42 12 0
1091005 42 12 0
1091075 42 12 2
1091077 42 12 2
1091561 42 1 0
1091561 42 1 0
1091627 42 1 2
1091637 42 1 2
1092085 42 46 0
1092085 42 46 0
1092136 42 46 2
1092150 42 46 2
1092182 42 47 0
1092182 42 47 0
1092240 42 47 2
1092255 42 47 2
1092399 42 12 0
1092399 42 12 0
1092465 42 12 2
1092474 42 12 2
1092958 42 1 0
1092958 42 1 0
1093024 42 1 2
1093038 42 1 2
1093470 42 14 0
1093584 42 14 2
1093600 42 46 0
1093600 42 46 0
1093650 42 46 2
1093661 42 46 2
1093693 42 47 0
1093693 42 47 0
1093751 42 47 2
1093761 42 47 2
1093905 42 12 0
1093905 42 12 0
1093972 42 12 2
1093980 42 12 2
1094464 42 1 0
1094464 42 1 0
1094530 42 1 2
1094537 42 1 2
1094985 42 46 0
1094985 42 46 0
1095035 42 46 2
1095050 42 46 2
1095082 42 47 0
1095082 42 47 0
1095141 42 47 2
1095149 42 47 2
1095293 42 12 0
1095293 42 12 0
1095360 42 12 2
1095437 42 12 2
1095921 42 1 0
1095921 42 1 0
1095989 42 1 2
1096051 42 1 2
1096499 42 46 0
1096499 42 46 0
1096549 42 46 2
1096557 42 46 2
1096589 42 47 0
1096589 42 47 0
1096647 42 47 2
1096661 42 47 2
1096805 42 12 0
1096805 42 12 0
1096872 42 12 2
1096882 42 12 2
1097366 42 1 0
1097366 42 1 0
1097442 42 1 2
1097446 42 1 2
1097890 42 46 0
1097890 42 46 0
1097941 42 46 2
1097953 42 46 2
1097985 42 47 0
1097985 42 47 0
1098046 42 47 2
1098050 42 47 2
1098194 42 12 0
1098194 42 12 0
1098260 42 12 2
1098268 42 12 2
1098752 42 1 0
1098752 42 1 0
1098824 42 1 2
1098826 42 1 2
1099274 42 46 0
1099274 42 46 0
1099324 42 46 2
1099333 42 46 2
1099365 42 47 0
1099365 42 47 0
1099424 42 47 2
1099432 42 47 2
1099576 42 12 0
1099576 42 12 0
1099643 42 12 2
1099651 42 12 2
1100135 42 1 0
1100135 42 1 0
1100201 42 1 2
1100208 42 1 2
1100656 42 46 0
1100656 42 46 0
1100716 42 46 2
1100717 42 46 2
1100748 42 47 0
1100748 42 47 0
1100806 42 47 2
1100815 42 47 2
1100959 42 12 0
1100959 42 12 0
1101025 42 12 2
1101032 42 12 2
1101516 42 1 0
1101516 42 1 0
1101582 42 1 2
1101590 42 1 2
1102038 42 46 0
1102038 42 46 0
1102089 42 46 2
1102099 42 46 2
1102131 42 47 0
1102131 42 47 0
1102189 42 47 2
1102197 42 47 2
1102341 42 12 0
1102341 42 12 0
1102407 42 12 2
1102416 42 12 2
1102900 42 1 0
1102900 42 1 0
1102966 42 1 2
1102973 42 1 2
1103421 42 46 0
1103421 42 46 0
1103471 42 46 2
1103481 42 46 2
1103513 42 47 0
1103513 42 47 0
1103571 42 47 2
1103579 42 47 2
1103723 42 12 0
1103723 42 12 0
1103789 42 12 2
1103798 42 12 2
1104186 42 1 0
1104186 42 1 0
1104262 42 1 2
1104330 42 1 2
1104762 42 7 0
1104892 42 7 2
1104908 42 46 0
1104908 42 46 0
1104959 42 46 2
1104970 42 46 2
1105002 42 47 0
1105002 42 47 0
1105061 42 47 2
1105086 42 47 2
1105230 42 12 0
1105230 42 12 0
1105297 42 12 2
1105377 42 12 2
1105861 42 1 0
1105861 42 1 0
1105927 42 1 2
1106073 42 1 2
1106521 42 46 0
1106521 42 46 0
1106571 42 46 2
1106602 42 46 2
1106634 42 47 0
1106634 42 47 0
1106692 42 47 2
1106700 42 47 2
1106844 42 12 0
1106844 42 12 0
1106910 42 12 2
1106918 42 12 2
1107402 42 1 0
1107402 42 1 0
1107468 42 1 2
1107550 42 1 2
1107998 42 46 0
1107998 42 46 0
1108048 42 46 2
1108058 42 46 2
1108090 42 47 0
1108090 42 47 0
1108150 42 47 2
1108159 42 47 2
1108303 42 12 0
1108303 42 12 0
1108369 42 12 2
1108377 42 12 2
1108861 42 1 0
1108861 42 1 0
1108927 42 1 2
1109016 42 1 2
1109464 42 46 0
1109464 42 46 0
1109517 42 46 2
1109525 42 46 2
1109557 42 47 0
1109557 42 47 0
1109615 42 47 2
1109627 42 47 2
1109771 42 5 0
1109869 42 5 2
1109877 42 61 0
1109877 42 61 0
1109935 42 61 2
1110012 42 61 2
1110020 42 29 0
1110281 42 29 2
1110297 42 62 0
1110297 42 62 0
1110363 42 62 2
1110420 42 62 2
1110696 42 63 0
1110696 42 63 0
1110771 42 63 2
1110836 42 63 2
1111260 42 12 0
1111260 42 12 0
1111335 42 12 2
1111348 42 12 2
1111840 42 1 0
1111840 42 1 0
1111906 42 1 2
1111913 42 1 2
1112361 42 46 0
1112361 42 46 0
1112411 42 46 2
1112425 42 46 2
1112457 42 47 0
1112457 42 47 0
1112515 42 47 2
1112522 42 47 2
1112666 42 12 0
1112666 42 12 0
1112732 42 12 2
1112741 42 12 2
1113225 42 1 0
1113225 42 1 0
1113291 42 1 2
1113301 42 1 2
1113749 42 46 0
1113749 42 46 0
1113799 42 46 2
1113807 42 46 2
1113839 42 47 0
1113839 42 47 0
1113899 42 47 2
1113904 42 47 2
1114048 42 12 0
1114048 42 12 0
1114114 42 12 2
1114121 42 12 2
1114605 42 1 0
1114605 42 1 0
1114682 42 1 2
1114731 42 1 2
1115130 42 46 0
1115130 42 46 0
1115180 42 46 2
1115197 42 46 2
1115203 42 37 2
1115229 42 47 0
1115229 42 47 0
1115287 42 47 2
1115296 42 47 2
1115440 42 12 0
1115440 42 12 0
1115506 42 12 2
1115514 42 12 2
1115998 42 1 0
1115998 42 1 0
1116072 42 1 2
1116168 42 1 2
1116520 42 46 0
1116520 42 46 0
1116582 42 46 2
1116614 42 47 0
1116614 42 47 0
1116621 42 46 2
1116679 42 47 2
1116683 42 47 2
1116823 42 12 0
1116896 42 12 2
1117380 42 1 0
1117380 42 1 0
1117446 42 1 2
1117454 42 1 2
1117886 42 8 0
1117886 42 8 0
1117952 42 8 2
1117979 42 8 2
1117995 42 46 0
1117995 42 46 0
1118048 42 46 2
1118067 42 46 2
1118099 42 47 0
1118099 42 47 0
1118157 42 47 2
1118165 42 47 2
1118309 42 12 0
1118309 42 12 0
1118375 42 12 2
1118383 42 12 2
1118867 42 1 0
1118867 42 1 0
1118933 42 1 2
1118941 42 1 2
1119389 42 46 0
1119389 42 46 0
1119441 42 46 2
1119452 42 46 2
1119484 42 47 0
1119484 42 47 0
1119542 42 47 2
1119551 42 47 2
1119695 42 12 0
1119695 42 12 0
1119761 42 12 2
1119773 42 12 2
1120257 42 1 0
1120257 42 1 0
1120353 42 1 2
1120372 42 1 2
1120820 42 46 0
1120820 42 46 0
1120870 42 46 2
1120893 42 46 2
1120925 42 47 0
1120925 42 47 0
1120983 42 47 2
1121000 42 47 2
1121144 42 12 0
1121144 42 12 0
1121217 42 12 2
1121219 42 12 2
1121703 42 1 0
1121703 42 1 0
1121799 42 1 2
1121818 42 1 2
1122266 42 46 0
1122266 42 46 0
1122316 42 46 2
1122326 42 46 2
1122358 42 47 0
1122358 42 47 0
1122416 42 47 2
1122425 42 47 2
1122569 42 12 0
1122569 42 12 0
1122635 42 12 2
1122643 42 12 2
1123127 42 1 0
1123127 42 1 0
1123223 42 1 2
1123231 42 1 2
1123679 42 46 0
1123679 42 46 0
1123729 42 46 2
1123737 42 46 2
1123769 42 47 0
1123769 42 47 0
1123827 42 47 2
1123836 42 47 2
1123980 42 12 0
1123980 42 12 0
1124046 42 12 2
1124065 42 12 2
1124549 42 1 0
1124549 42 1 0
1124658 42 1 2
1124673 42 1 2
1125121 42 46 0
1125121 42 46 0
1125186 42 46 2
1125192 42 46 2
1125224 42 47 0
1125224 42 47 0
1125282 42 47 2
1125293 42 47 2
1125437 42 12 0
1125437 42 12 0
1125505 42 12 2
1125512 42 12 2
1125996 42 1 0
1125996 42 1 0
1126082 42 1 2
1126100 42 1 2
1126548 42 46 0
1126548 42 46 0
1126599 42 46 2
1126606 42 46 2
1126638 42 47 0
1126638 42 47 0
1126696 42 47 2
1126707 42 47 2
1126851 42 12 0
1126851 42 12 0
1126917 42 12 2
1126935 42 12 2
1127419 42 1 0
1127419 42 1 0
1127518 42 1 2
1127534 42 1 2
1127982 42 46 0
1127982 42 46 0
1128033 42 46 2
1128042 42 46 2
1128074 42 47 0
1128074 42 47 0
1128132 42 47 2
1128140 42 47 2
1128284 42 12 0
1128284 42 12 0
1128350 42 12 2
1128358 42 12 2
1128842 42 1 0
1128842 42 1 0
1128938 42 1 2
1128968 42 1 2
1129400 42 9 0
1129492 42 9 2
1129508 42 46 0
1129508 42 46 0
1129558 42 46 2
1129573 42 46 2
1129605 42 47 0
1129605 42 47 0
1129665 42 47 2
1129673 42 47 2
1129817 42 12 0
1129817 42 12 0
1129883 42 12 2
1129891 42 12 2
1130375 42 1 0
1130375 42 1 0
1130461 42 1 2
1130491 42 1 2
1130939 42 46 0
1130939 42 46 0
1130990 42 46 2
1131008 42 46 2
1131040 42 47 0
1131040 42 47 0
1131098 42 47 2
1131105 42 47 2
1131249 42 12 0
1131249 42 12 0
1131315 42 12 2
1131322 42 12 2
1131806 42 1 0
1131806 42 1 0
1131892 42 1 2
1131910 42 1 2
1132358 42 46 0
1132358 42 46 0
1132408 42 46 2
1132417 42 46 2
1132449 42 47 0
1132449 42 47 0
1132508 42 47 2
1132517 42 47 2
1132661 42 12 0
1132661 42 12 0
1132727 42 12 2
1132755 42 12 2
1133239 42 1 0
1133239 42 1 0
1133336 42 1 2
1133354 42 1 2
1133802 42 46 0
1133802 42 46 0
1133853 42 46 2
1133865 42 46 2
1133897 42 47 0
1133897 42 47 0
1133955 42 47 2
1133963 42 47 2
1134107 42 12 0
1134107 42 12 0
1134178 42 12 2
1134180 42 12 2
1134664 42 1 0
1134664 42 1 0
1134760 42 1 2
1134778 42 1 2
1135226 42 46 0
1135226 42 46 0
1135276 42 46 2
1135287 42 46 2
1135319 42 47 0
1135319 42 47 0
1135378 42 47 2
1135385 42 47 2
1135529 42 12 0
1135529 42 12 0
1135595 42 12 2
1135603 42 12 2
1136087 42 1 0
1136087 42 1 0
1136183 42 1 2
1136201 42 1 2
1136649 42 46 0
1136649 42 46 0
1136703 42 46 2
1136707 42 46 2
1136739 42 47 0
1136739 42 47 0
1136777 42 2 0
1136778 42 56 1
1136797 42 47 2
1136806 42 47 2
1136950 42 12 0
1136950 42 12 0
1136965 42 2 2
1137016 42 12 2
1137024 42 12 2
1137030 42 56 2
1137508 42 1 0
1137508 42 1 0
1137614 42 1 2
1137622 42 1 2
1138070 42 46 0
1138070 42 46 0
1138120 42 46 2
1138130 42 46 2
1138162 42 47 0
1138162 42 47 0
1138220 42 47 2
1138230 42 47 2
1138374 42 12 0
1138374 42 12 0
1138440 42 12 2
1138459 42 12 2
1138943 42 1 0
1138943 42 1 0
1139039 42 1 2
1139057 42 1 2
1139505 42 46 0
1139505 42 46 0
1139558 42 46 2
1139571 42 46 2
1139603 42 47 0
1139603 42 47 0
1139662 42 47 2
1139670 42 47 2
1139814 42 12 0
1139814 42 12 0
1139880 42 12 2
1139898 42 12 2
1140382 42 1 0
1140382 42 1 0
1140488 42 1 2
1140496 42 1 2
1140928 42 10 0
1141030 42 10 2
1141046 42 46 0
1141046 42 46 0
1141098 42 46 2
1141106 42 46 2
1141138 42 47 0
1141138 42 47 0
1141196 42 47 2
1141204 42 47 2
1141348 42 12 0
1141348 42 12 0
1141414 42 12 2
1141421 42 12 2
1141905 42 1 0
1141905 42 1 0
1142011 42 1 2
1142039 42 1 2
1142487 42 46 0
1142487 42 46 0
1142537 42 46 2
1142550 42 46 2
1142582 42 47 0
1142582 42 47 0
1142640 42 47 2
1142649 42 47 2
1142793 42 12 0
1142793 42 12 0
1142859 42 12 2
1142867 42 12 2
1143351 42 1 0
1143351 42 1 0
1143437 42 1 2
1143466 42 1 2
1143914 42 46 0
1143914 42 46 0
1143964 42 46 2
1143980 42 46 2
1144012 42 47 0
1144012 42 47 0
1144070 42 47 2
1144078 42 47 2
1144222 42 12 0
1144222 42 12 0
1144288 42 12 2
1144300 42 12 2
1144784 42 1 0
1144784 42 1 0
1144870 42 1 2
1144888 42 1 2
1145336 42 46 0
1145336 42 46 0
1145390 42 46 2
1145399 42 46 2
1145431 42 47 0
1145431 42 47 0
1145489 42 47 2
1145497 42 47 2
1145641 42 12 0
1145641 42 12 0
1145707 42 12 2
1145715 42 12 2
1146199 42 1 0
1146199 42 1 0
1146295 42 1 2
1146332 42 1 2
1146780 42 46 0
1146780 42 46 0
1146830 42 46 2
1146837 42 46 2
1146869 42 47 0
1146869 42 47 0
1146927 42 47 2
1146935 42 47 2
1147079 42 12 0
1147079 42 12 0
1147145 42 12 2
1147154 42 12 2
1147638 42 1 0
1147638 42 1 0
1147734 42 1 2
1147833 42 1 2
1148281 42 46 0
1148281 42 46 0
1148335 42 46 2
1148340 42 46 2
1148372 42 47 0
1148372 42 47 0
1148430 42 47 2
1148458 42 47 2
1148602 42 12 0
1148602 42 12 0
1148688 42 12 2
1148707 42 12 2
1149191 42 1 0
1149191 42 1 0
1149260 42 1 2
1149307 42 1 2
1149755 42 46 0
1149755 42 46 0
1149827 42 46 2
1149830 42 46 2
1149859 42 47 0
1149859 42 47 0
1149922 42 47 2
1149927 42 47 2
1150071 42 12 0
1150071 42 12 0
1150147 42 12 2
1150176 42 12 2
1150660 42 1 0
1150660 42 1 0
1150736 42 1 2
1150774 42 1 2
1151052 42 2 0
1151222 42 46 0
1151222 42 46 0
1151273 42 46 2
1151281 42 46 2
1151313 42 47 0
1151313 42 47 0
1151371 42 47 2
1151379 42 47 2
1151523 42 12 0
1151523 42 12 0
1151609 42 12 2
1151628 42 12 2
1152112 42 1 0
1152112 42 1 0
1152188 42 1 2
1152239 42 1 2
1152671 42 11 0
1152671 42 11 0
1152729 42 11 2
1152803 42 11 2
1152819 42 46 0
1152819 42 46 0
1152869 42 46 2
1152876 42 46 2
1152908 42 47 0
1152908 42 47 0
1152974 42 47 2
1152976 42 47 2
1153118 42 12 0
1153118 42 12 0
1153184 42 12 2
1153214 42 12 2
1153698 42 1 0
1153698 42 1 0
1153766 42 1 2
1153784 42 1 2
1154208 42 3 0
1154209 42 2 0
1154232 42 46 0
1154232 42 46 0
1154282 42 46 2
1154294 42 46 2
1154326 42 47 0
1154326 42 47 0
1154384 42 47 2
1154391 42 47 2
1154535 42 12 0
1154535 42 12 0
1154611 42 12 2
1154639 42 12 2
1155123 42 1 0
1155123 42 1 0
1155200 42 1 2
1155209 42 1 2
1155657 42 46 0
1155657 42 46 0
1155707 42 46 2
1155716 42 46 2
1155748 42 47 0
1155748 42 47 0
1155806 42 47 2
1155814 42 47 2
1155958 42 12 0
1155958 42 12 0
1156044 42 12 2
1156072 42 12 2
1156556 42 1 0
1156556 42 1 0
1156632 42 1 2
1156670 42 1 2
1157118 42 46 0
1157118 42 46 0
1157168 42 46 2
1157176 42 46 2
1157208 42 47 0
1157208 42 47 0
1157278 42 47 2
1157296 42 47 2
1157440 42 12 0
1157440 42 12 0
1157516 42 12 2
1157546 42 12 2
1158030 42 1 0
1158030 42 1 0
1158106 42 1 2
1158114 42 1 2
1158562 42 46 0
1158562 42 46 0
1158614 42 46 2
1158622 42 46 2
1158654 42 47 0
1158654 42 47 0
1158712 42 47 2
1158720 42 47 2
1158864 42 12 0
1158864 42 12 0
1158950 42 12 2
1158977 42 12 2
1159461 42 1 0
1159461 42 1 0
1159537 42 1 2
1159604 42 1 2
1160052 42 46 0
1160052 42 46 0
1160102 42 46 2
1160111 42 46 2
1160143 42 47 0
1160143 42 47 0
1160201 42 47 2
1160208 42 47 2
1160352 42 12 0
1160352 42 12 0
1160418 42 12 2
1160428 42 12 2
1160814 42 36 2
1160912 42 1 0
1160912 42 1 0
1160979 42 1 2
1161036 42 1 2
1161085 42 37 2
1161484 42 46 0
1161484 42 46 0
1161534 42 46 2
1161556 42 46 2
1161588 42 47 0
1161588 42 47 0
1161656 42 47 2
1161674 42 47 2
1161818 42 12 0
1161818 42 12 0
1161894 42 12 2
1161933 42 12 2
1162417 42 1 0
1162417 42 1 0
1162483 42 1 2
1162511 42 1 2
1162959 42 46 0
1162959 42 46 0
1163009 42 46 2
1163027 42 46 2
1163059 42 47 0
1163059 42 47 0
1163138 42 47 2
1163145 42 47 2
1163289 42 12 0
1163289 42 12 0
1163375 42 12 2
1163393 42 12 2
1163877 42 1 0
1163950 42 1 2
1164193 42 40 2
1164382 42 12 0
1164382 42 12 0
1164449 42 12 2
1164465 42 12 2
1164481 42 46 0
1164481 42 46 0
1164534 42 46 2
1164543 42 46 2
1164575 42 47 0
1164575 42 47 0
1164633 42 47 2
1164641 42 47 2
1164785 42 12 0
1164785 42 12 0
1164852 42 12 2
1164857 42 12 2
1164989 42 1 0
1165177 42 1 2
1165529 42 1 0
1165627 42 1 2
1166075 42 46 0
1166075 42 46 0
1166125 42 46 2
1166133 42 46 2
1166165 42 47 0
1166165 42 47 0
1166231 42 47 2
1166232 42 47 2
1166375 42 12 0
1166375 42 12 0
1166441 42 12 2
1166449 42 12 2
1166698 42 0 2
1166925 42 9 0
1166947 42 25 2
1167006 42 9 2
1167130 42 55 0
1167220 42 55 2
1167224 42 1 0
1167224 42 1 0
1167290 42 1 2
1167330 42 1 2
1167354 42 56 0
1167443 42 56 2
1167463 42 45 0
1167529 42 45 2
1167573 42 7 0
1167607 42 44 2
1168347 42 7 2
1168355 42 1 0
1168454 42 1 2
1168458 42 46 0
1168531 42 46 2
1168607 42 63 0
1168638 42 39 2
1168898 42 63 2
1168906 42 47 0
1169008 42 47 2
1169112 42 62 0
1169112 42 62 0
1169178 42 62 2
1169186 42 62 2
1169254 42 29 0
1169419 42 29 2
1169459 42 30 0
1169585 42 30 2
1169629 42 17 0
1169771 42 17 2
1169827 42 18 0
1169951 42 18 2
1169975 42 2 0
1170057 42 2 2
1170081 42 19 0
1170255 42 19 2
1170291 42 21 0
1170430 42 21 2
1170462 42 22 0
1170585 42 22 2
1170941 42 61 0
1170941 42 61 0
1170999 42 61 2
1171024 42 61 2
1171560 42 1 0
1171560 42 1 0
1171626 42 1 2
1171634 42 1 2
1171718 42 58 0
1171718 42 58 0
1171752 42 58 2
1171760 42 58 2
1171840 42 59 0
1171840 42 59 0
1171882 42 59 2
1171893 42 59 2
1177935 42 56 1
1178126 42 3 2
1178200 42 56 2
1231903 42 2 2
1275207 42 2 0
1275208 42 3 0
1278314 42 2 0
1279972 42 2 0
1279973 42 2 2
1293255 42 3 2
1293256 42 3 0
1298483 42 2 0
1298484 42 2 2
1318717 42 2 0
1318718 42 42 0
1318718 42 2 2
1318727 42 2 2
1344226 42 42 0
1344235 42 2 0
1344235 42 42 2
1344301 42 42 2
1344569 42 55 0
1344707 42 55 2
1344763 42 23 0
1345745 42 23 2
1345801 42 56 0
1345801 42 56 0
1345851 42 56 2
1345908 42 56 2
1345972 42 57 0
1345972 42 57 0
1346014 42 57 2
1346079 42 57 2
1346139 42 23 0
1346446 42 29 2
1350584 42 23 2
1350667 42 8 2
1350668 42 23 0
1356386 42 23 2
1356757 42 54 2
1356758 42 23 0
1364402 42 23 2
1364760 42 44 2
1364762 42 23 0
1371090 42 23 2
1401697 42 3 2
1401702 42 23 0
1404898 42 23 2
3002631 42 2 0
3002632 42 2 2
3008793 42 0 2
