0 50 51 0
955 50 51 2
959 50 22 0
2148 50 22 2
2160 50 1 0
2695 50 1 2
2715 50 24 0
2799 50 24 2
8867 50 56 1
9051 50 2 2
9124 50 56 2
15157 50 56 1
15341 50 2 2
15414 50 56 2
17689 50 56 1
17871 50 0 2
17960 50 56 2
23003 50 56 1
23182 50 2 2
23256 50 56 2
40583 50 0 0
51059 50 56 1
51241 50 2 2
51314 50 56 2
72455 50 4 0
74794 50 4 2
74846 50 44 0
76318 50 44 2
76330 50 5 0
76436 50 5 2
76448 50 45 0
76858 50 45 2
76926 50 24 0
77094 50 24 2
77126 50 25 0
77240 50 25 2
77248 50 26 0
77380 50 26 2
77420 50 27 0
77828 50 27 2
77848 50 33 0
78311 50 33 2
78331 50 35 0
78860 50 35 2
78868 50 41 0
79377 50 41 2
79393 50 42 0
79717 50 42 2
79749 50 1 0
80097 50 1 2
80133 50 36 0
80408 50 36 2
80420 50 43 0
80673 50 43 2
80689 50 17 0
80779 50 17 2
80871 50 27 0
81158 50 27 2
81162 50 37 0
81805 50 37 2
81817 50 17 0
81918 50 17 2
81926 50 15 0
82428 50 56 1
82611 50 25 2
82668 50 56 2
83098 50 15 2
83138 50 16 0
83236 50 16 2
83276 50 18 0
83358 50 18 2
83382 50 61 0
84409 50 61 2
84421 50 54 0
84571 50 54 2
84591 50 13 0
84704 50 13 2
84712 50 19 0
84820 50 19 2
84824 50 35 0
85090 50 35 2
85106 50 53 0
85593 50 53 2
85633 50 33 0
85761 50 33 2
85773 50 36 0
85957 50 36 2
85977 50 40 0
86231 50 40 2
86255 50 37 0
86450 50 37 2
86554 50 38 0
86688 50 38 2
86692 50 11 0
87015 50 11 2
87039 50 8 0
87158 50 8 2
87166 50 29 0
87287 50 29 2
87327 50 0 0
87371 50 56 1
87434 50 0 2
87446 50 38 0
87581 50 0 2
87646 50 38 2
87662 50 39 0
87670 50 56 2
87676 50 0 0
87795 50 0 0
87934 50 0 0
88001 50 39 2
88005 50 39 0
88064 50 0 0
88292 50 39 2
88331 50 0 0
88348 50 36 0
88467 50 0 0
88492 50 36 2
88524 50 38 0
88612 50 0 0
88670 50 38 2
88686 50 51 0
88743 50 0 0
88792 50 51 2
88848 50 43 0
88904 50 0 0
89092 50 0 0
89112 50 43 2
89120 50 52 0
89212 50 0 0
89316 50 52 2
89352 50 51 0
89355 50 0 0
89466 50 0 0
89584 50 51 2
89604 50 53 0
89656 50 0 0
89808 50 0 0
89887 50 53 2
89911 50 54 0
89918 50 0 0
90020 50 54 2
90036 50 11 0
90054 50 0 0
90181 50 0 0
90311 50 0 0
90339 50 56 1
90344 50 11 2
90356 50 56 0
90467 50 0 0
90473 50 56 2
90477 50 12 0
90521 50 2 2
90594 50 56 2
90627 50 0 0
90734 50 0 0
90758 50 12 2
90766 50 57 0
90850 50 0 0
91014 50 0 0
91132 50 57 2
91136 50 2 0
91158 50 0 0
91287 50 0 0
91393 50 0 0
91465 50 2 2
91502 50 0 0
91517 50 37 0
91610 50 0 0
91652 50 37 2
91668 50 40 0
91709 50 0 0
91780 50 40 2
91834 50 0 0
91836 50 58 0
91942 50 58 2
91977 50 0 0
92002 50 35 0
92113 50 0 0
92120 50 35 2
92124 50 50 0
92233 50 0 0
92326 50 50 2
92345 50 0 0
92346 50 62 0
92450 50 0 0
92564 50 0 0
92666 50 0 0
92811 50 0 0
92914 50 0 0
93034 50 62 2
93052 50 0 0
93062 50 38 0
93164 50 0 0
93310 50 0 0
93396 50 38 2
93411 50 0 0
93468 50 63 0
93542 50 0 0
93566 50 63 2
93606 50 12 0
93676 50 0 0
93750 50 56 1
93796 50 0 0
93942 50 0 0
93958 50 12 2
93961 50 34 2
93982 50 2 0
94002 50 56 2
94006 50 34 0
94065 50 2 2
94087 50 0 0
94089 50 13 0
94130 50 34 0
94208 50 0 0
94210 50 34 0
94300 50 34 0
94318 50 0 0
94390 50 34 0
94406 50 13 2
94450 50 0 0
94488 50 34 0
94502 50 3 0
94554 50 0 0
94591 50 34 0
94591 50 3 2
94631 50 23 0
94656 50 0 0
94681 50 34 0
94740 50 23 2
94756 50 24 0
94795 50 56 1
94798 50 34 0
94815 50 0 0
94830 50 24 2
94928 50 34 0
94938 50 21 0
94965 50 0 0
94991 50 15 2
95059 50 34 0
95096 50 56 2
95143 50 0 0
95178 50 34 0
95207 50 21 2
95215 50 25 0
95288 50 34 0
95293 50 0 0
95351 50 25 2
95379 50 26 0
95410 50 34 0
95433 50 0 0
95467 50 26 2
95528 50 34 0
95547 50 0 0
95559 50 0 0
95640 50 34 0
95665 50 0 0
95695 50 0 2
95703 50 3 0
95751 50 34 0
95783 50 0 0
95801 50 3 2
95845 50 4 0
95860 50 34 0
95914 50 0 0
95946 50 4 2
95988 50 34 0
96042 50 5 0
96106 50 34 0
96208 50 34 0
96229 50 5 2
96269 50 15 0
96318 50 34 0
96430 50 34 0
96539 50 34 0
96667 50 34 0
96782 50 34 0
96901 50 34 0
97007 50 34 0
97043 50 15 2
97051 50 14 0
97100 50 34 0
97219 50 34 0
97412 50 14 2
97424 50 50 0
97433 50 34 0
97476 50 50 2
97504 50 6 0
97570 50 34 0
97663 50 6 2
97683 50 4 0
97699 50 34 0
97801 50 4 2
97809 50 8 0
97810 50 34 0
97936 50 34 0
97988 50 8 2
97992 50 47 0
98058 50 34 0
98161 50 34 0
98286 50 34 0
98388 50 34 0
98472 50 47 2
98480 50 49 0
98490 50 34 0
98608 50 34 0
98638 50 49 2
98654 50 11 0
98710 50 34 0
98836 50 34 0
98909 50 11 2
98945 50 5 0
98970 50 34 0
99040 50 34 0
99166 50 34 0
99260 50 34 0
99341 50 34 0
99440 50 34 0
99508 50 34 0
99590 50 34 0
99758 50 34 0
99910 50 34 0
100018 50 34 0
100080 50 5 2
100104 50 37 0
100175 50 34 0
100268 50 34 0
100379 50 34 0
100496 50 34 0
100528 50 37 2
100592 50 4 0
100603 50 34 0
100729 50 34 0
100819 50 34 0
100898 50 4 2
100902 50 1 0
100930 50 34 0
101011 50 1 2
101039 50 27 0
101049 50 34 0
101184 50 27 2
101192 50 2 0
101321 50 2 2
101333 50 11 0
101470 50 11 2
101478 50 7 0
101770 50 7 2
101790 50 3 0
101896 50 3 2
102004 50 6 0
102543 50 6 2
102563 50 9 0
102691 50 9 2
102863 50 8 0
103001 50 8 2
103013 50 11 0
103185 50 11 2
103205 50 12 0
103711 50 12 2
103735 50 16 0
104273 50 16 2
104281 50 13 0
104529 50 13 2
104577 50 2 0
104729 50 2 2
104765 50 14 0
105511 50 14 2
105515 50 17 0
105804 50 17 2
105812 50 15 0
106950 50 15 2
106970 50 18 0
107238 50 18 2
107262 50 4 0
107378 50 4 2
107418 50 40 0
107975 50 40 2
107979 50 38 0
107979 50 38 0
108045 50 38 2
108348 50 38 2
108356 50 27 0
108461 50 27 2
108481 50 35 0
108638 50 35 2
108694 50 28 0
108829 50 28 2
108897 50 3 0
109023 50 3 2
109027 50 46 0
109339 50 46 2
109359 50 4 0
109481 50 4 2
109513 50 0 0
109623 50 0 2
109627 50 29 0
109771 50 29 2
109915 50 47 0
110193 50 47 2
110265 50 30 0
110470 50 30 2
110822 50 31 0
111092 50 56 1
111097 50 31 2
111101 50 44 0
111252 50 44 2
111260 50 43 0
111271 50 29 2
111333 50 56 1
111344 50 56 2
111413 50 43 2
111512 50 11 2
111545 50 32 0
111585 50 56 2
111663 50 32 2
111735 50 33 0
111789 50 56 1
111869 50 33 2
111917 50 33 0
111971 50 2 2
112044 50 56 2
112046 50 33 2
112054 50 27 0
112185 50 27 2
112289 50 54 0
114334 50 0 0
114563 50 0 0
114692 50 0 0
114791 50 56 1
114826 50 0 0
114954 50 0 0
114971 50 47 2
115044 50 56 2
115062 50 0 0
115185 50 0 0
115297 50 0 0
115416 50 0 0
115545 50 0 0
115709 50 0 0
115863 50 0 0
115993 50 0 0
116004 50 54 2
116016 50 28 0
116092 50 0 0
116099 50 56 1
116124 50 28 2
116140 50 52 0
116233 50 0 0
116281 50 0 2
116371 50 56 2
116373 50 0 0
116437 50 52 2
116445 50 56 0
116477 50 0 0
116605 50 0 0
116684 50 56 2
116700 50 53 0
116721 50 0 0
116842 50 0 0
116958 50 0 0
116976 50 53 2
117067 50 0 0
117076 50 41 0
117189 50 0 0
117194 50 41 2
117242 50 61 0
117333 50 0 0
117417 50 61 2
117421 50 39 0
117483 50 0 0
117591 50 0 0
117705 50 39 2
117717 50 7 0
117765 50 0 0
117871 50 7 2
117931 50 8 0
117935 50 0 0
118048 50 8 2
118063 50 0 0
118080 50 63 0
118173 50 0 0
118278 50 0 0
118386 50 0 0
118534 50 0 0
118681 50 0 0
118806 50 0 0
118912 50 0 0
119057 50 0 0
119109 50 0 2
119162 50 0 0
119204 50 63 2
119268 50 0 0
119312 50 0 0
119382 50 0 0
119517 50 0 2
119531 50 0 0
119545 50 57 0
119639 50 0 0
119661 50 57 2
119729 50 58 0
119816 50 0 0
119827 50 58 2
119911 50 46 0
119971 50 0 0
120035 50 46 2
120047 50 59 0
120210 50 0 0
120297 50 59 2
120329 50 32 0
120353 50 0 0
120429 50 32 2
120437 50 50 0
120496 50 0 0
120546 50 56 1
120584 50 50 2
120603 50 0 0
120660 50 60 0
120705 50 0 0
120731 50 0 2
120814 50 0 0
120822 50 56 2
121023 50 0 0
121164 50 0 0
121277 50 0 0
121339 50 60 2
121347 50 62 0
121419 50 0 0
121537 50 0 0
121667 50 0 0
121843 50 62 2
121847 50 3 0
121853 50 56 1
121906 50 0 0
121944 50 3 2
121956 50 5 0
122031 50 0 2
122073 50 5 2
122101 50 17 0
122106 50 0 0
122120 50 56 2
122194 50 17 2
122214 50 6 0
122259 50 0 0
122338 50 6 2
122387 50 0 0
122430 50 11 0
122620 50 0 0
122745 50 11 2
122753 50 10 0
122806 50 0 0
122843 50 10 2
122863 50 11 0
122978 50 11 2
122986 50 6 0
123150 50 6 2
123186 50 36 0
123478 50 36 2
123538 50 12 0
123643 50 12 2
123651 50 0 0
123770 50 0 2
123894 50 15 0
123894 50 15 0
123992 50 15 2
124030 50 15 2
124150 50 7 0
124390 50 7 2
124394 50 7 0
124573 50 7 2
124585 50 0 0
125079 50 0 2
125227 50 9 0
125317 50 9 2
125349 50 8 0
125446 50 8 2
125474 50 40 0
125780 50 40 2
125936 50 41 0
126276 50 41 2
126852 50 42 0
127156 50 42 2
127732 50 43 0
128114 50 43 2
128690 50 44 0
128780 50 56 1
128849 50 56 1
128958 50 56 1
128982 50 1 2
129008 50 44 2
129011 50 56 1
129064 50 56 2
129092 50 51 2
129093 50 56 1
129125 50 56 2
129221 50 0 2
129277 50 56 1
129310 50 56 2
129312 50 58 2
129346 50 56 2
129422 50 24 2
129491 50 56 2
129495 50 56 1
129532 50 39 2
129584 50 45 0
129614 50 56 2
129682 50 4 2
129690 50 56 1
129774 50 56 2
129785 50 56 1
129868 50 45 2
129872 50 37 2
129903 50 56 1
129938 50 56 2
129982 50 25 2
130021 50 56 1
130040 50 56 2
130102 50 18 2
130139 50 56 1
130160 50 56 2
130212 50 28 2
130265 50 56 1
130278 50 56 2
130322 50 11 2
130343 50 56 1
130396 50 56 2
130444 50 46 0
130452 50 13 2
130461 50 56 1
130542 50 56 2
130579 50 56 1
130592 50 27 2
130650 50 56 2
130665 50 56 1
130702 50 19 2
130739 50 46 2
130768 50 56 2
130812 50 38 2
130885 50 56 2
130922 50 32 2
130953 50 56 1
130980 50 56 2
131046 50 56 1
131142 50 5 2
131149 50 56 1
131236 50 56 1
131241 50 56 2
131252 50 12 2
131315 50 47 0
131333 50 56 2
131362 50 20 2
131369 50 56 1
131437 50 56 2
131472 50 60 2
131489 50 56 1
131522 50 56 2
131567 50 56 1
131582 50 8 2
131595 50 47 2
131665 50 56 2
131712 50 29 2
131735 50 56 1
131786 50 56 2
131822 50 56 1
131822 50 43 2
131865 50 56 2
131932 50 56 1
131932 50 31 2
132009 50 56 1
132023 50 56 2
132042 50 10 2
132108 50 56 2
132127 50 56 1
132152 50 62 2
132171 50 48 0
132218 50 56 2
132220 50 56 1
132262 50 48 2
132305 50 56 2
132372 50 52 2
132414 50 56 2
132423 50 48 2
132483 50 56 1
132492 50 49 2
132526 50 56 2
132617 50 56 1
132672 50 36 2
132689 50 56 1
132730 50 56 2
132802 50 30 2
132884 50 56 2
132912 50 57 2
132954 50 56 2
132972 50 56 1
132999 50 49 0
133152 50 14 2
133189 50 56 1
133219 50 56 1
133250 50 56 2
133339 50 56 1
133346 50 49 2
133392 50 7 2
133403 50 56 1
133480 50 56 1
133502 50 41 2
133505 50 56 2
133545 50 56 2
133601 50 56 1
133612 50 34 2
133654 50 56 2
133721 50 2 2
133775 50 56 1
133794 50 56 2
133838 50 56 1
133842 50 47 2
133916 50 56 2
133922 50 50 0
133931 50 56 1
133952 50 16 2
134026 50 56 2
134062 50 22 2
134152 50 56 2
134172 50 33 2
134197 50 56 1
134222 50 56 2
134282 50 50 2
134298 50 50 2
134307 50 56 2
134351 50 56 1
134389 50 56 1
134392 50 3 2
134474 50 56 2
134516 50 56 1
134532 50 15 2
134638 50 56 2
134642 50 42 2
134674 50 56 1
134675 50 56 2
134727 50 56 1
134752 50 53 2
134802 50 56 2
134837 50 56 1
134862 50 23 2
134874 50 51 0
134947 50 56 1
134960 50 56 2
134972 50 59 2
135014 50 56 2
135073 50 56 1
135082 50 56 2
135136 50 56 2
135166 50 51 2
135175 50 56 1
135192 50 40 2
135243 50 56 2
135302 50 61 2
135343 50 56 1
135360 50 56 2
135412 50 35 2
135463 50 56 2
135471 50 56 1
135532 50 17 2
135598 50 56 2
135652 50 46 2
135719 50 56 2
135742 50 52 0
135781 50 56 1
135851 50 56 1
135961 50 6 2
135977 50 56 1
136063 50 56 1
136068 50 56 2
136072 50 55 2
136078 50 52 2
136138 50 56 2
136165 50 56 1
136182 50 21 2
136266 50 56 2
136284 50 56 1
136292 50 45 2
136350 50 56 2
136402 50 44 2
136409 50 56 1
136455 50 56 2
136495 50 56 1
136522 50 54 2
136581 50 56 2
136632 50 63 2
136654 50 53 0
136671 50 56 1
136706 50 56 2
136742 50 26 2
136792 50 56 2
136852 50 9 2
136926 50 56 2
136959 50 53 2
137535 50 54 0
137851 50 54 2
138427 50 55 0
138706 50 55 2
139282 50 56 0
139580 50 56 2
140156 50 57 0
140524 50 57 2
141100 50 58 0
141379 50 58 2
141955 50 59 0
142246 50 59 2
142822 50 60 0
143186 50 60 2
143762 50 61 0
144107 50 61 2
144683 50 62 0
144819 50 2 0
144820 50 56 1
145002 50 2 2
145021 50 62 2
145076 50 56 2
145597 50 63 0
146026 50 63 2
146602 50 0 0
146602 50 0 0
146685 50 0 2
146851 50 0 2
147119 50 2 0
147209 50 2 2
147265 50 3 0
147364 50 3 2
147368 50 7 0
147742 50 7 2
147830 50 4 0
147936 50 4 2
148324 50 1 0
148615 50 1 2
149191 50 2 0
149496 50 2 2
150072 50 3 0
150404 50 3 2
150980 50 4 0
151258 50 4 2
151834 50 5 0
152109 50 5 2
152685 50 6 0
153060 50 6 2
153636 50 7 0
153964 50 7 2
154540 50 8 0
154801 50 8 2
155377 50 9 0
155666 50 9 2
156242 50 10 0
156549 50 10 2
157125 50 11 0
157125 50 11 0
157192 50 11 2
157476 50 11 2
158052 50 12 0
158358 50 12 2
158934 50 13 0
159218 50 13 2
159794 50 14 0
160181 50 14 2
160757 50 15 0
161076 50 15 2
161652 50 16 0
161961 50 16 2
162537 50 17 0
162886 50 17 2
163462 50 18 0
163771 50 18 2
164347 50 19 0
164668 50 19 2
165244 50 20 0
165541 50 20 2
166117 50 21 0
166387 50 21 2
166963 50 22 0
167303 50 22 2
167879 50 23 0
168178 50 23 2
168754 50 24 0
169032 50 24 2
169608 50 25 0
169966 50 25 2
170542 50 26 0
170823 50 26 2
171399 50 27 0
171731 50 27 2
172307 50 28 0
172588 50 28 2
173164 50 29 0
173478 50 29 2
174054 50 30 0
174376 50 30 2
174952 50 31 0
175230 50 31 2
175806 50 32 0
176052 50 32 2
176628 50 33 0
176976 50 33 2
177552 50 34 0
177855 50 34 2
178431 50 35 0
178742 50 35 2
178757 50 56 1
178941 50 0 2
179030 50 56 2
179318 50 36 0
179627 50 36 2
180203 50 37 0
180509 50 37 2
181085 50 38 0
181397 50 38 2
181973 50 39 0
182252 50 39 2
196988 50 8 0
197242 50 8 2
219957 50 0 0
219958 50 56 1
220142 50 0 2
220232 50 56 2
230350 50 14 0
230472 50 14 2
230744 50 61 0
230996 50 61 2
231068 50 54 0
231230 50 54 2
231262 50 55 0
231712 50 55 2
231940 50 40 0
232038 50 40 2
232066 50 49 0
232166 50 49 2
232178 50 51 0
232346 50 51 2
232366 50 37 0
232488 50 37 2
232492 50 20 0
232613 50 20 2
232629 50 3 0
232961 50 3 2
233053 50 21 0
233175 50 21 2
233183 50 56 0
233389 50 56 2
233409 50 57 0
233526 50 57 2
233614 50 58 0
233724 50 58 2
233804 50 59 0
233942 50 59 2
233966 50 63 0
234207 50 63 2
234291 50 33 0
234390 50 33 2
236416 50 63 2
268587 50 56 1
268771 50 2 2
268844 50 56 2
280001 50 56 1
280181 50 2 2
280254 50 56 2
280977 50 2 0
280978 50 56 1
281161 50 2 2
281234 50 56 2
292668 50 2 0
292669 50 2 2
331253 50 56 1
331432 50 2 2
331506 50 56 2
354673 50 2 0
354674 50 56 1
354862 50 2 2
354936 50 56 2
391443 50 2 0
391444 50 56 1
391632 50 2 2
391706 50 56 2
414773 50 56 1
414952 50 2 2
415026 50 56 2
456591 50 2 0
456592 50 56 1
456771 50 2 2
456844 50 56 2
540217 50 2 0
540218 50 2 2
540889 50 2 0
540890 50 56 1
541072 50 2 2
541146 50 56 2
637831 50 2 2
637990 50 2 2
663836 50 2 0
663837 50 56 1
664017 50 2 2
664090 50 56 2
698971 50 2 0
698972 50 56 1
699157 50 2 2
699230 50 56 2
708471 50 56 1
708657 50 2 2
708730 50 56 2
725707 50 56 1
725887 50 2 2
725960 50 56 2
735319 50 2 0
735320 50 2 2
736117 50 2 0
741572 50 2 0
741573 50 2 2
746129 50 56 1
746130 50 2 0
746308 50 2 2
746382 50 56 2
760035 50 2 0
762072 50 3 0
762073 50 2 0
765583 50 56 1
765741 50 56 1
765768 50 2 2
765842 50 56 2
765928 50 3 2
766010 50 56 2
784599 50 3 0
784600 50 56 1
784788 50 3 2
784870 50 56 2
788983 50 2 0
788984 50 56 1
789168 50 2 2
789242 50 56 2
816503 50 2 0
816504 50 56 1
816688 50 2 2
816762 50 56 2
823393 50 56 1
823394 50 3 0
823578 50 3 2
823660 50 56 2
839307 50 2 0
839308 50 0 0
850971 50 15 0
850971 50 15 0
851070 50 15 2
851075 50 15 2
851163 50 30 0
851277 50 30 2
851289 50 24 0
851395 50 24 2
851495 50 25 0
851593 50 25 2
851601 50 50 0
851610 50 3 0
851610 50 50 2
851692 50 50 2
851756 50 26 0
851846 50 26 2
851910 50 27 0
852000 50 27 2
852032 50 34 0
852130 50 34 2
852142 50 26 0
852240 50 26 2
852336 50 55 0
852473 50 55 2
852481 50 27 0
852591 50 27 2
852639 50 61 0
853854 50 61 2
853858 50 28 0
853971 50 28 2
854023 50 60 0
854175 50 60 2
854191 50 61 0
854331 50 61 2
854351 50 47 0
854559 50 37 2
854600 50 47 2
854636 50 39 0
854759 50 39 2
854811 50 61 0
866499 50 61 2
866507 50 19 0
866550 50 55 2
866605 50 19 2
866609 50 61 0
875423 50 61 2
875771 50 61 0
875771 50 27 2
884035 50 61 2
884998 50 62 2
885007 50 61 0
889965 50 61 2
891246 50 20 2
891249 50 61 0
894336 50 61 2
894878 50 21 2
894888 50 61 0
897490 50 61 2
899927 50 7 2
899938 50 61 0
905133 50 61 2
908081 50 38 2
908085 50 61 0
909775 50 61 2
911703 50 38 2
911707 50 61 0
913115 50 61 2
916664 50 58 2
916667 50 61 0
918085 50 61 2
921486 50 51 2
921493 50 61 0
924190 50 61 2
925191 50 31 2
925198 50 61 0
928422 50 61 2
928585 50 6 2
928590 50 61 0
930946 50 61 2
932011 50 29 2
932014 50 61 0
932438 50 61 2
935136 50 29 2
935138 50 61 0
936843 50 61 2
938666 50 37 2
938667 50 61 0
940510 50 61 2
942223 50 54 2
942226 50 61 0
947766 50 61 2
950887 50 35 2
950898 50 61 0
954393 50 61 2
954902 50 44 2
954909 50 61 0
955426 50 61 2
956873 50 42 2
956878 50 61 0
960904 50 61 2
963271 50 57 2
963280 50 61 0
965386 50 61 2
966360 50 57 2
966370 50 61 0
966514 50 61 2
966565 50 10 2
966566 50 29 0
966691 50 29 2
966707 50 61 0
969902 50 61 2
969953 50 25 2
969954 50 61 0
971314 50 61 2
971362 50 32 0
971365 50 23 2
971460 50 32 2
971544 50 28 0
971642 50 28 2
971694 50 2 0
971784 50 2 2
971796 50 29 0
971902 50 29 2
971934 50 4 0
972032 50 4 2
972040 50 35 0
972130 50 35 2
992831 50 2 0
992832 50 56 1
993015 50 2 2
993089 50 56 2
1006040 50 2 0
1006041 50 2 2
1017209 50 56 1
1017210 50 2 0
1017389 50 2 2
1017462 50 56 2
1020648 50 2 0
1020649 50 2 2
1021485 50 2 0
1021486 50 56 1
1021669 50 2 2
1021742 50 56 2
1022613 50 25 2
1024266 50 2 0
1050092 50 0 0
1050092 50 0 0
1052060 50 0 0
1052061 50 34 0
1052637 50 0 2
1053877 50 0 2
1053997 50 38 0
1053997 50 38 0
1054063 50 38 2
1059278 50 38 2
1060546 50 11 0
1060546 50 11 0
1060612 50 11 2
1060620 50 11 2
1061236 50 2 0
1061344 50 2 2
1061380 50 25 0
1061494 50 25 2
1061510 50 31 0
1061616 50 31 2
1061652 50 33 0
1061767 50 33 2
1061771 50 36 0
1061869 50 36 2
1061877 50 4 0
1061877 50 4 0
1061960 50 4 2
1062009 50 4 2
1062101 50 5 0
1062231 50 5 2
1062263 50 34 0
1062361 50 34 2
1062381 50 35 0
1062481 50 35 2
1062505 50 32 0
1062619 50 32 2
1062983 50 38 0
1062983 50 38 0
1063049 50 38 2
1063057 50 38 2
1063213 50 46 0
1063279 50 46 2
1063331 50 0 0
1063331 50 0 0
1063413 50 0 2
1063421 50 0 2
1063569 50 47 0
1063642 50 47 2
1066214 50 31 0
1066366 50 31 2
1066410 50 35 0
1066672 50 35 2
1066732 50 32 0
1066806 50 32 2
1066906 50 33 0
1066985 50 33 2
1067077 50 34 0
1067154 50 34 2
1067186 50 1 0
1067186 50 1 0
1067260 50 1 2
1067268 50 1 2
1067312 50 32 0
1067401 50 32 2
1067409 50 35 0
1067409 50 35 0
1067451 50 35 2
1067522 50 35 2
1067526 50 60 0
1067600 50 60 2
1067616 50 61 0
1067708 50 61 2
1067768 50 48 0
1067866 50 48 2
1067906 50 49 0
1068018 50 49 2
1068054 50 36 0
1068054 50 36 0
1068105 50 36 2
1068344 50 36 2
1068408 50 37 0
1068408 50 37 0
1068466 50 37 2
1069027 50 37 2
1069075 50 58 0
1069075 50 58 0
1069101 50 58 2
1069254 50 58 2
1069266 50 31 0
1069550 50 31 2
1069562 50 30 0
1069898 50 30 2
1069906 50 59 0
1069906 50 59 0
1069940 50 59 2
1070241 50 59 2
1070293 50 34 0
1070627 50 34 2
1070667 50 0 0
1070938 50 0 2
1070946 50 33 0
1071234 50 33 2
1071250 50 60 0
1071300 50 49 2
1071508 50 60 2
1071528 50 32 0
1071789 50 32 2
1071830 50 49 2
1071865 50 61 0
1072098 50 49 2
1072340 50 49 2
1072551 50 61 2
1072675 50 62 0
1073073 50 62 2
1073161 50 12 0
1073261 50 12 2
1073273 50 39 0
1073400 50 39 2
1073412 50 13 0
1073518 50 13 2
1073522 50 48 0
1073705 50 48 2
1073717 50 59 0
1073826 50 59 2
1073854 50 54 0
1073854 50 54 0
1073904 50 54 2
1073968 50 54 2
1074008 50 55 0
1074073 50 55 2
1074097 50 56 0
1074270 50 56 2
1074298 50 57 0
1074424 50 57 2
1074488 50 58 0
1074596 50 58 2
1074632 50 49 0
1074767 50 49 2
1074807 50 63 0
1074979 50 63 2
1075027 50 15 0
1075161 50 15 2
1075177 50 44 0
1075227 50 44 2
1075247 50 45 0
1075389 50 45 2
1075437 50 48 2
1075637 50 0 0
1075815 50 0 2
1075907 50 1 0
1076026 50 1 2
1076030 50 46 0
1076112 50 46 2
1076208 50 2 0
1076319 50 2 2
1076327 50 47 0
1076417 50 47 2
1076429 50 41 0
1076531 50 41 2
1076603 50 3 0
1076714 50 3 2
1076722 50 12 0
1076820 50 12 2
1077072 50 5 0
1077177 50 5 2
1077225 50 6 0
1077339 50 6 2
1077427 50 7 0
1077548 50 7 2
1077656 50 8 0
1077712 50 46 2
1077793 50 8 2
1077849 50 1 0
1077949 50 1 2
1078397 50 46 0
1078482 50 46 2
1078490 50 4 0
1078698 50 4 2
1078722 50 47 0
1078812 50 47 2
1078956 50 12 0
1079053 50 12 2
1079273 50 47 2
1079417 50 10 0
1079519 50 10 2
1079639 50 1 0
1079639 50 1 0
1079713 50 1 2
1079747 50 1 2
1080195 50 46 0
1080277 50 46 2
1080309 50 47 0
1080309 50 47 0
1080375 50 47 2
1080400 50 47 2
1080544 50 12 0
1080544 50 12 0
1080620 50 12 2
1080644 50 12 2
1081128 50 1 0
1081171 50 45 2
1081212 50 1 2
1081653 50 41 2
1081660 50 46 0
1081660 50 46 0
1081720 50 46 2
1081745 50 46 2
1081777 50 47 0
1081777 50 47 0
1081843 50 47 2
1081868 50 47 2
1082012 50 12 0
1082110 50 12 2
1082594 50 1 0
1082594 50 1 0
1082668 50 1 2
1082675 50 1 2
1083123 50 46 0
1083123 50 46 0
1083181 50 46 2
1083193 50 46 2
1083225 50 47 0
1083225 50 47 0
1083291 50 47 2
1083301 50 47 2
1083445 50 12 0
1083445 50 12 0
1083519 50 12 2
1083526 50 12 2
1084010 50 1 0
1084010 50 1 0
1084084 50 1 2
1084093 50 1 2
1084541 50 46 0
1084541 50 46 0
1084599 50 46 2
1084607 50 46 2
1084639 50 47 0
1084639 50 47 0
1084705 50 47 2
1084713 50 47 2
1084857 50 12 0
1084857 50 12 0
1084931 50 12 2
1084939 50 12 2
1085423 50 1 0
1085423 50 1 0
1085500 50 1 2
1085518 50 1 2
1085950 50 14 0
1086063 50 14 2
1086079 50 46 0
1086079 50 46 0
1086137 50 46 2
1086148 50 46 2
1086180 50 47 0
1086180 50 47 0
1086246 50 47 2
1086254 50 47 2
1086398 50 12 0
1086398 50 12 0
1086472 50 12 2
1086479 50 12 2
1086963 50 1 0
1086963 50 1 0
1087038 50 1 2
1087043 50 1 2
1087491 50 46 0
1087491 50 46 0
1087549 50 46 2
1087556 50 46 2
1087588 50 47 0
1087588 50 47 0
1087654 50 47 2
1087664 50 47 2
1087808 50 12 0
1087808 50 12 0
1087887 50 12 2
1087890 50 12 2
1088374 50 1 0
1088374 50 1 0
1088448 50 1 2
1088456 50 1 2
1088904 50 46 0
1088904 50 46 0
1088962 50 46 2
1088970 50 46 2
1089002 50 47 0
1089002 50 47 0
1089068 50 47 2
1089076 50 47 2
1089220 50 12 0
1089220 50 12 0
1089294 50 12 2
1089302 50 12 2
1089786 50 1 0
1089786 50 1 0
1089861 50 1 2
1089866 50 1 2
1090314 50 46 0
1090314 50 46 0
1090372 50 46 2
1090380 50 46 2
1090412 50 47 0
1090412 50 47 0
1090478 50 47 2
1090486 50 47 2
1090630 50 12 0
1090630 50 12 0
1090704 50 12 2
1090711 50 12 2
1091195 50 1 0
1091195 50 1 0
1091269 50 1 2
1091277 50 1 2
1091725 50 46 0
1091725 50 46 0
1091783 50 46 2
1091790 50 46 2
1091822 50 47 0
1091822 50 47 0
1091888 50 47 2
1091897 50 47 2
1092041 50 12 0
1092041 50 12 0
1092115 50 12 2
1092123 50 12 2
1092607 50 1 0
1092607 50 1 0
1092682 50 1 2
1092687 50 1 2
1093135 50 46 0
1093135 50 46 0
1093193 50 46 2
1093201 50 46 2
1093233 50 47 0
1093233 50 47 0
1093300 50 47 2
1093308 50 47 2
1093452 50 12 0
1093452 50 12 0
1093526 50 12 2
1093534 50 12 2
1094018 50 1 0
1094018 50 1 0
1094092 50 1 2
1094100 50 1 2
1094548 50 46 0
1094548 50 46 0
1094610 50 46 2
1094618 50 46 2
1094650 50 47 0
1094650 50 47 0
1094716 50 47 2
1094724 50 47 2
1094868 50 12 0
1094868 50 12 0
1094942 50 12 2
1094950 50 12 2
1095434 50 1 0
1095434 50 1 0
1095509 50 1 2
1095514 50 1 2
1095962 50 46 0
1095962 50 46 0
1096020 50 46 2
1096028 50 46 2
1096060 50 47 0
1096060 50 47 0
1096133 50 47 2
1096134 50 47 2
1096278 50 12 0
1096278 50 12 0
1096352 50 12 2
1096359 50 12 2
1096747 50 1 0
1096747 50 1 0
1096821 50 1 2
1096829 50 1 2
1097261 50 7 0
1097400 50 7 2
1097416 50 46 0
1097416 50 46 0
1097474 50 46 2
1097481 50 46 2
1097513 50 47 0
1097513 50 47 0
1097579 50 47 2
1097588 50 47 2
1097732 50 12 0
1097732 50 12 0
1097806 50 12 2
1097814 50 12 2
1098298 50 1 0
1098298 50 1 0
1098382 50 1 2
1098383 50 1 2
1098831 50 46 0
1098831 50 46 0
1098889 50 46 2
1098899 50 46 2
1098931 50 47 0
1098931 50 47 0
1098997 50 47 2
1099014 50 47 2
1099158 50 12 0
1099158 50 12 0
1099242 50 12 2
1099260 50 12 2
1099744 50 1 0
1099744 50 1 0
1099818 50 1 2
1099827 50 1 2
1100275 50 46 0
1100275 50 46 0
1100333 50 46 2
1100342 50 46 2
1100374 50 47 0
1100374 50 47 0
1100460 50 47 2
1100470 50 47 2
1100614 50 12 0
1100614 50 12 0
1100708 50 12 2
1100728 50 12 2
1101212 50 1 0
1101212 50 1 0
1101287 50 1 2
1101295 50 1 2
1101743 50 46 0
1101743 50 46 0
1101808 50 46 2
1101810 50 46 2
1101842 50 47 0
1101842 50 47 0
1101918 50 47 2
1101946 50 47 2
1102090 50 5 0
1102356 50 5 2
1102364 50 61 0
1102364 50 61 0
1102414 50 61 2
1102520 50 61 2
1102528 50 29 0
1102805 50 29 2
1102821 50 62 0
1102821 50 62 0
1102879 50 62 2
1102989 50 62 2
1103265 50 63 0
1103265 50 63 0
1103331 50 63 2
1103425 50 63 2
1103849 50 12 0
1103849 50 12 0
1103943 50 12 2
1103971 50 12 2
1104463 50 1 0
1104463 50 1 0
1104538 50 1 2
1104546 50 1 2
1104994 50 46 0
1104994 50 46 0
1105052 50 46 2
1105060 50 46 2
1105092 50 47 0
1105092 50 47 0
1105120 50 47 2
1105158 50 47 2
1105174 50 47 2
1105318 50 12 0
1105318 50 12 0
1105399 50 12 2
1105452 50 12 2
1105883 50 1 0
1105883 50 1 0
1105964 50 1 2
1105977 50 1 2
1106412 50 46 0
1106412 50 46 0
1106471 50 46 2
1106482 50 46 2
1106514 50 47 0
1106514 50 47 0
1106580 50 47 2
1106590 50 47 2
1106734 50 12 0
1106734 50 12 0
1106816 50 12 2
1106838 50 12 2
1107300 50 1 0
1107300 50 1 0
1107400 50 1 2
1107455 50 1 2
1107848 50 46 0
1107848 50 46 0
1107913 50 46 2
1107926 50 46 2
1107945 50 47 0
1107945 50 47 0
1108019 50 47 2
1108034 50 47 2
1108163 50 12 0
1108163 50 12 0
1108246 50 12 2
1108297 50 12 2
1108730 50 1 0
1108730 50 1 0
1108834 50 1 2
1108843 50 1 2
1109291 50 46 0
1109291 50 46 0
1109349 50 46 2
1109357 50 46 2
1109389 50 47 0
1109389 50 47 0
1109455 50 47 2
1109464 50 47 2
1109608 50 12 0
1109714 50 12 2
1110198 50 1 0
1110198 50 1 0
1110296 50 1 2
1110319 50 1 2
1110751 50 8 0
1110751 50 8 0
1110825 50 8 2
1110880 50 8 2
1110896 50 46 0
1110896 50 46 0
1110954 50 46 2
1110962 50 46 2
1110994 50 47 0
1110994 50 47 0
1111062 50 47 2
1111070 50 47 2
1111214 50 12 0
1111214 50 12 0
1111288 50 12 2
1111296 50 12 2
1111780 50 1 0
1111780 50 1 0
1111864 50 1 2
1111891 50 1 2
1112339 50 46 0
1112339 50 46 0
1112397 50 46 2
1112405 50 46 2
1112437 50 47 0
1112437 50 47 0
1112503 50 47 2
1112511 50 47 2
1112655 50 12 0
1112655 50 12 0
1112730 50 12 2
1112737 50 12 2
1113221 50 1 0
1113221 50 1 0
1113337 50 1 2
1113355 50 1 2
1113803 50 46 0
1113803 50 46 0
1113862 50 46 2
1113869 50 46 2
1113901 50 47 0
1113901 50 47 0
1113967 50 47 2
1113975 50 47 2
1114119 50 12 0
1114119 50 12 0
1114193 50 12 2
1114221 50 12 2
1114705 50 1 0
1114705 50 1 0
1114809 50 1 2
1114826 50 1 2
1115274 50 46 0
1115274 50 46 0
1115333 50 46 2
1115346 50 46 2
1115378 50 47 0
1115378 50 47 0
1115444 50 47 2
1115455 50 47 2
1115599 50 12 0
1115599 50 12 0
1115677 50 12 2
1115680 50 12 2
1116164 50 1 0
1116164 50 1 0
1116263 50 1 2
1116280 50 1 2
1116728 50 46 0
1116728 50 46 0
1116788 50 46 2
1116796 50 46 2
1116828 50 47 0
1116828 50 47 0
1116894 50 47 2
1116902 50 47 2
1117046 50 12 0
1117046 50 12 0
1117120 50 12 2
1117138 50 12 2
1117622 50 1 0
1117622 50 1 0
1117727 50 1 2
1117747 50 1 2
1118195 50 46 0
1118195 50 46 0
1118254 50 46 2
1118269 50 46 2
1118301 50 47 0
1118301 50 47 0
1118367 50 47 2
1118376 50 47 2
1118520 50 12 0
1118520 50 12 0
1118597 50 12 2
1118612 50 12 2
1119096 50 1 0
1119096 50 1 0
1119210 50 1 2
1119239 50 1 2
1119687 50 46 0
1119687 50 46 0
1119745 50 46 2
1119753 50 46 2
1119785 50 47 0
1119785 50 47 0
1119852 50 47 2
1119859 50 47 2
1120003 50 12 0
1120003 50 12 0
1120077 50 12 2
1120102 50 12 2
1120586 50 1 0
1120586 50 1 0
1120670 50 1 2
1120688 50 1 2
1121136 50 46 0
1121136 50 46 0
1121194 50 46 2
1121202 50 46 2
1121234 50 47 0
1121234 50 47 0
1121300 50 47 2
1121308 50 47 2
1121452 50 12 0
1121452 50 12 0
1121531 50 12 2
1121546 50 12 2
1122030 50 1 0
1122030 50 1 0
1122154 50 1 2
1122167 50 1 2
1122599 50 9 0
1122709 50 9 2
1122725 50 46 0
1122725 50 46 0
1122783 50 46 2
1122790 50 46 2
1122822 50 47 0
1122822 50 47 0
1122888 50 47 2
1122899 50 47 2
1123043 50 12 0
1123043 50 12 0
1123117 50 12 2
1123125 50 12 2
1123609 50 1 0
1123609 50 1 0
1123713 50 1 2
1123730 50 1 2
1124178 50 46 0
1124178 50 46 0
1124236 50 46 2
1124243 50 46 2
1124275 50 47 0
1124275 50 47 0
1124341 50 47 2
1124349 50 47 2
1124493 50 12 0
1124493 50 12 0
1124567 50 12 2
1124579 50 12 2
1125063 50 1 0
1125063 50 1 0
1125177 50 1 2
1125197 50 1 2
1125645 50 46 0
1125645 50 46 0
1125703 50 46 2
1125711 50 46 2
1125743 50 47 0
1125743 50 47 0
1125811 50 47 2
1125818 50 47 2
1125962 50 12 0
1125962 50 12 0
1126036 50 12 2
1126043 50 12 2
1126527 50 1 0
1126527 50 1 0
1126642 50 1 2
1126650 50 1 2
1127098 50 46 0
1127098 50 46 0
1127156 50 46 2
1127164 50 46 2
1127196 50 47 0
1127196 50 47 0
1127263 50 47 2
1127274 50 47 2
1127418 50 12 0
1127418 50 12 0
1127493 50 12 2
1127521 50 12 2
1128005 50 1 0
1128005 50 1 0
1128109 50 1 2
1128118 50 1 2
1128566 50 46 0
1128566 50 46 0
1128624 50 46 2
1128640 50 46 2
1128672 50 47 0
1128672 50 47 0
1128738 50 47 2
1128747 50 47 2
1128891 50 12 0
1128891 50 12 0
1128969 50 12 2
1128993 50 12 2
1129477 50 1 0
1129477 50 1 0
1129581 50 1 2
1129598 50 1 2
1130046 50 46 0
1130046 50 46 0
1130104 50 46 2
1130114 50 46 2
1130146 50 47 0
1130146 50 47 0
1130212 50 47 2
1130222 50 47 2
1130366 50 12 0
1130366 50 12 0
1130440 50 12 2
1130448 50 12 2
1130932 50 1 0
1130932 50 1 0
1131036 50 1 2
1131067 50 1 2
1131515 50 46 0
1131515 50 46 0
1131573 50 46 2
1131581 50 46 2
1131613 50 47 0
1131613 50 47 0
1131687 50 47 2
1131714 50 47 2
1131858 50 12 0
1131858 50 12 0
1131953 50 12 2
1131956 50 12 2
1132440 50 1 0
1132440 50 1 0
1132514 50 1 2
1132521 50 1 2
1132969 50 46 0
1132969 50 46 0
1133027 50 46 2
1133038 50 46 2
1133070 50 47 0
1133070 50 47 0
1133136 50 47 2
1133146 50 47 2
1133290 50 12 0
1133290 50 12 0
1133364 50 12 2
1133372 50 12 2
1133856 50 1 0
1133856 50 1 0
1133970 50 1 2
1133978 50 1 2
1134410 50 10 0
1134519 50 10 2
1134535 50 46 0
1134535 50 46 0
1134593 50 46 2
1134600 50 46 2
1134632 50 47 0
1134632 50 47 0
1134699 50 47 2
1134707 50 47 2
1134851 50 12 0
1134851 50 12 0
1134926 50 12 2
1134945 50 12 2
1135429 50 1 0
1135429 50 1 0
1135533 50 1 2
1135552 50 1 2
1136000 50 46 0
1136000 50 46 0
1136058 50 46 2
1136066 50 46 2
1136098 50 47 0
1136098 50 47 0
1136165 50 47 2
1136171 50 47 2
1136315 50 12 0
1136315 50 12 0
1136389 50 12 2
1136407 50 12 2
1136891 50 1 0
1136891 50 1 0
1136995 50 1 2
1137013 50 1 2
1137461 50 46 0
1137461 50 46 0
1137522 50 46 2
1137534 50 46 2
1137566 50 47 0
1137566 50 47 0
1137632 50 47 2
1137640 50 47 2
1137784 50 12 0
1137784 50 12 0
1137860 50 12 2
1137867 50 12 2
1138351 50 1 0
1138351 50 1 0
1138476 50 1 2
1138495 50 1 2
1138943 50 46 0
1138943 50 46 0
1139001 50 46 2
1139009 50 46 2
1139041 50 47 0
1139041 50 47 0
1139107 50 47 2
1139116 50 47 2
1139260 50 12 0
1139260 50 12 0
1139334 50 12 2
1139342 50 12 2
1139826 50 1 0
1139826 50 1 0
1139930 50 1 2
1139947 50 1 2
1140395 50 46 0
1140395 50 46 0
1140453 50 46 2
1140460 50 46 2
1140492 50 47 0
1140492 50 47 0
1140558 50 47 2
1140565 50 47 2
1140709 50 12 0
1140709 50 12 0
1140783 50 12 2
1140811 50 12 2
1141295 50 1 0
1141295 50 1 0
1141409 50 1 2
1141421 50 1 2
1141869 50 46 0
1141869 50 46 0
1141927 50 46 2
1141936 50 46 2
1141968 50 47 0
1141968 50 47 0
1142035 50 47 2
1142043 50 47 2
1142187 50 12 0
1142187 50 12 0
1142262 50 12 2
1142273 50 12 2
1142757 50 1 0
1142757 50 1 0
1142873 50 1 2
1142881 50 1 2
1143329 50 46 0
1143329 50 46 0
1143387 50 46 2
1143394 50 46 2
1143426 50 47 0
1143426 50 47 0
1143492 50 47 2
1143500 50 47 2
1143644 50 12 0
1143644 50 12 0
1143718 50 12 2
1143746 50 12 2
1144230 50 1 0
1144230 50 1 0
1144334 50 1 2
1144352 50 1 2
1144800 50 46 0
1144800 50 46 0
1144859 50 46 2
1144869 50 46 2
1144901 50 47 0
1144901 50 47 0
1144969 50 47 2
1144982 50 47 2
1145019 50 2 0
1145020 50 0 0
1145126 50 12 0
1145126 50 12 0
1145201 50 12 2
1145210 50 12 2
1145694 50 1 0
1145694 50 1 0
1145808 50 1 2
1145816 50 1 2
1146248 50 11 0
1146248 50 11 0
1146314 50 11 2
1146356 50 11 2
1146372 50 46 0
1146372 50 46 0
1146430 50 46 2
1146437 50 46 2
1146469 50 47 0
1146469 50 47 0
1146535 50 47 2
1146544 50 47 2
1146688 50 12 0
1146688 50 12 0
1146762 50 12 2
1146790 50 12 2
1147274 50 1 0
1147274 50 1 0
1147380 50 1 2
1147390 50 2 0
1147391 50 34 0
1147397 50 1 2
1147845 50 46 0
1147845 50 46 0
1147906 50 46 2
1147913 50 46 2
1147945 50 47 0
1147945 50 47 0
1148011 50 47 2
1148019 50 47 2
1148163 50 12 0
1148163 50 12 0
1148237 50 12 2
1148244 50 12 2
1148728 50 1 0
1148728 50 1 0
1148842 50 1 2
1148861 50 1 2
1149309 50 46 0
1149309 50 46 0
1149367 50 46 2
1149375 50 46 2
1149407 50 47 0
1149407 50 47 0
1149477 50 47 2
1149492 50 47 2
1149636 50 12 0
1149636 50 12 0
1149710 50 12 2
1149718 50 12 2
1150202 50 1 0
1150202 50 1 0
1150306 50 1 2
1150323 50 1 2
1150729 50 3 2
1150771 50 46 0
1150771 50 46 0
1150831 50 46 2
1150836 50 46 2
1150868 50 47 0
1150868 50 47 0
1150934 50 47 2
1150942 50 47 2
1151086 50 12 0
1151086 50 12 0
1151160 50 12 2
1151178 50 12 2
1151662 50 1 0
1151662 50 1 0
1151776 50 1 2
1151785 50 1 2
1152074 50 2 0
1152075 50 3 0
1152233 50 46 0
1152233 50 46 0
1152291 50 46 2
1152299 50 46 2
1152331 50 47 0
1152331 50 47 0
1152397 50 47 2
1152408 50 47 2
1152552 50 12 0
1152552 50 12 0
1152626 50 12 2
1152643 50 12 2
1152986 50 3 2
1153127 50 1 0
1153127 50 1 0
1153241 50 1 2
1153259 50 1 2
1153707 50 46 0
1153707 50 46 0
1153766 50 46 2
1153771 50 46 2
1153803 50 47 0
1153803 50 47 0
1153869 50 47 2
1153878 50 47 2
1154022 50 12 0
1154022 50 12 0
1154096 50 12 2
1154108 50 12 2
1154592 50 1 0
1154592 50 1 0
1154696 50 1 2
1154704 50 1 2
1155152 50 46 0
1155152 50 46 0
1155210 50 46 2
1155221 50 46 2
1155253 50 47 0
1155253 50 47 0
1155320 50 47 2
1155329 50 47 2
1155473 50 12 0
1155473 50 12 0
1155548 50 12 2
1155566 50 12 2
1156050 50 1 0
1156050 50 1 0
1156154 50 1 2
1156171 50 1 2
1156619 50 46 0
1156619 50 46 0
1156678 50 46 2
1156690 50 46 2
1156722 50 47 0
1156722 50 47 0
1156788 50 47 2
1156805 50 47 2
1156949 50 12 0
1156949 50 12 0
1157023 50 12 2
1157030 50 12 2
1157514 50 1 0
1157514 50 1 0
1157618 50 1 2
1157646 50 1 2
1158078 50 12 0
1158078 50 12 0
1158152 50 12 2
1158160 50 12 2
1158176 50 46 0
1158176 50 46 0
1158234 50 46 2
1158242 50 46 2
1158274 50 47 0
1158274 50 47 0
1158340 50 47 2
1158348 50 47 2
1158492 50 12 0
1158492 50 12 0
1158569 50 12 2
1158578 50 12 2
1159062 50 1 0
1159062 50 1 0
1159139 50 1 2
1159143 50 1 2
1159591 50 46 0
1159591 50 46 0
1159649 50 46 2
1159666 50 46 2
1159698 50 47 0
1159698 50 47 0
1159764 50 47 2
1159773 50 47 2
1159917 50 12 0
1159917 50 12 0
1159991 50 12 2
1159999 50 12 2
1160483 50 1 0
1160483 50 1 0
1160557 50 1 2
1160564 50 1 2
1161012 50 46 0
1161012 50 46 0
1161070 50 46 2
1161079 50 46 2
1161111 50 47 0
1161111 50 47 0
1161197 50 47 2
1161204 50 47 2
1161348 50 12 0
1161348 50 12 0
1161442 50 12 2
1161485 50 12 2
1161652 50 41 2
1161969 50 1 0
1161969 50 1 0
1162062 50 1 2
1162125 50 1 2
1162510 50 46 0
1162510 50 46 0
1162579 50 46 2
1162588 50 46 2
1162611 50 47 0
1162611 50 47 0
1162696 50 47 2
1162717 50 47 2
1162840 50 12 0
1162840 50 12 0
1162923 50 12 2
1163044 50 12 2
1163407 50 1 0
1163407 50 1 0
1163489 50 1 2
1163561 50 1 2
1163937 50 46 0
1163937 50 46 0
1163995 50 46 2
1164003 50 46 2
1164035 50 47 0
1164035 50 47 0
1164121 50 47 2
1164128 50 47 2
1164272 50 12 0
1164272 50 12 0
1164376 50 12 2
1164409 50 12 2
1164893 50 1 0
1164977 50 1 2
1165425 50 46 0
1165425 50 46 0
1165490 50 46 2
1165497 50 46 2
1165529 50 47 0
1165529 50 47 0
1165595 50 47 2
1165602 50 47 2
1165746 50 12 0
1165746 50 12 0
1165830 50 12 2
1165838 50 12 2
1166322 50 1 0
1166322 50 1 0
1166396 50 1 2
1166410 50 1 2
1166458 50 45 2
1166710 50 0 2
1166858 50 46 0
1166858 50 46 0
1166916 50 46 2
1166924 50 46 2
1166956 50 47 0
1166956 50 47 0
1166960 50 25 2
1166974 50 46 2
1167032 50 47 2
1167050 50 47 2
1167157 50 0 0
1167159 50 0 2
1167194 50 12 0
1167194 50 12 0
1167298 50 12 2
1167331 50 12 2
1167463 50 1 0
1167571 50 1 2
1167831 50 46 2
1167839 50 1 0
1168022 50 1 2
1168101 50 46 2
1168106 50 1 0
1168106 50 1 0
1168180 50 1 2
1168190 50 1 2
1168233 50 47 2
1168638 50 46 0
1168638 50 46 0
1168696 50 46 2
1168705 50 46 2
1168737 50 47 0
1168737 50 47 0
1168803 50 47 2
1168811 50 47 2
1168865 50 47 2
1168955 50 12 0
1168955 50 12 0
1169030 50 12 2
1169038 50 12 2
1169170 50 1 0
1169408 50 1 2
1169500 50 47 2
1169584 50 1 0
1169714 50 1 2
1169890 50 1 0
1169890 50 1 0
1169916 50 44 2
1169989 50 1 2
1170175 50 48 2
1170437 50 46 0
1170437 50 46 0
1170495 50 46 2
1170503 50 46 2
1170507 50 48 2
1170535 50 47 0
1170535 50 47 0
1170602 50 47 2
1170609 50 47 2
1170753 50 12 0
1170753 50 12 0
1170827 50 12 2
1170835 50 12 2
1170967 50 1 0
1171065 50 1 2
1171417 50 1 0
1171515 50 1 2
1171963 50 46 0
1171963 50 46 0
1172025 50 46 2
1172027 50 46 2
1172059 50 47 0
1172059 50 47 0
1172125 50 47 2
1172133 50 47 2
1172277 50 12 0
1172277 50 12 0
1172351 50 12 2
1172358 50 12 2
1172834 50 9 0
1172924 50 9 2
1173048 50 55 0
1173138 50 55 2
1173142 50 1 0
1173142 50 1 0
1173216 50 1 2
1173244 50 1 2
1173268 50 56 0
1173358 50 56 2
1173378 50 45 0
1173452 50 45 2
1173496 50 7 0
1173618 50 7 2
1173630 50 46 0
1173712 50 46 2
1173788 50 63 0
1174014 50 63 2
1174022 50 47 0
1174112 50 47 2
1174216 50 62 0
1174216 50 62 0
1174274 50 62 2
1174282 50 62 2
1174350 50 29 0
1174456 50 29 2
1174496 50 30 0
1174602 50 30 2
1174646 50 17 0
1174768 50 17 2
1174824 50 18 0
1174938 50 18 2
1174962 50 2 0
1175052 50 2 2
1175076 50 19 0
1175190 50 19 2
1175226 50 21 0
1175340 50 21 2
1175372 50 22 0
1175486 50 22 2
1175842 50 61 0
1175842 50 61 0
1175892 50 61 2
1175925 50 61 2
1176461 50 1 0
1176461 50 1 0
1176535 50 1 2
1176543 50 1 2
1176627 50 58 0
1176627 50 58 0
1176653 50 58 2
1176661 50 58 2
1176741 50 59 0
1176741 50 59 0
1176775 50 59 2
1176783 50 59 2
1239234 50 2 2
1243524 50 3 2
1243544 50 2 2
1276194 50 3 0
1288147 50 2 0
1288148 50 3 0
1289135 50 2 0
1293969 50 3 2
1296008 50 2 0
1297652 50 2 0
1322145 50 2 0
1322146 50 50 0
1322146 50 2 2
1322156 50 2 2
1347138 50 50 0
1347147 50 2 0
1347147 50 50 2
1347222 50 50 2
1347490 50 55 0
1347632 50 55 2
1347688 50 23 0
1349734 50 23 2
1349790 50 56 0
1349790 50 56 0
1349832 50 56 2
1349897 50 56 2
1349933 50 47 0
1349933 50 47 0
1349999 50 47 2
1350007 50 47 2
1350035 50 57 0
1350035 50 57 0
1350069 50 57 2
1350142 50 57 2
1350202 50 23 0
1350227 50 45 2
1359028 50 23 2
1359119 50 39 2
1359124 50 23 0
1362433 50 3 2
1369310 50 23 2
1401709 50 3 2
1401710 50 23 0
1406604 50 23 2
3008804 50 0 2
