0 43 51 0
512 43 51 2
516 43 22 0
756 43 22 2
768 43 1 0
1094 43 1 2
1114 43 24 0
1336 43 24 2
2375 43 63 1
2578 43 0 2
2667 43 63 2
11067 43 63 1
11278 43 2 2
11351 43 63 2
21816 43 63 1
22019 43 0 2
22109 43 63 2
39135 43 63 1
39338 43 2 2
39411 43 63 2
72455 43 4 0
76641 43 63 1
76668 43 4 2
76720 43 44 0
76754 43 63 1
76849 43 19 2
76875 43 63 1
76899 43 63 2
76959 43 11 2
76978 43 63 1
77017 43 63 2
77079 43 13 2
77081 43 63 1
77153 43 63 2
77189 43 4 2
77198 43 63 1
77264 43 63 2
77299 43 5 2
77300 43 63 1
77380 43 63 2
77403 43 63 1
77409 43 6 2
77499 43 63 2
77514 43 63 1
77519 43 28 2
77569 43 63 2
77610 43 63 1
77629 43 20 2
77687 43 63 2
77705 43 63 1
77739 43 37 2
77789 43 63 2
77807 43 63 1
77859 43 12 2
77909 43 63 1
77925 43 63 2
77979 43 10 2
78013 43 63 1
78046 43 63 2
78089 43 17 2
78115 43 63 1
78155 43 63 2
78199 43 18 2
78228 43 63 1
78257 43 63 2
78309 43 1 2
78328 43 63 1
78391 43 63 2
78419 43 9 2
78455 43 63 1
78493 43 63 2
78529 43 25 2
78572 43 63 1
78587 43 63 2
78621 43 44 2
78633 43 5 0
78639 43 34 2
78674 43 63 1
78681 43 63 2
78733 43 5 2
78745 43 45 0
78749 43 53 2
78789 43 63 1
78799 43 63 2
78859 43 8 2
78936 43 63 1
78941 43 63 2
78969 43 3 2
79035 43 63 2
79072 43 63 1
79079 43 52 2
79120 43 63 2
79180 43 45 2
79186 43 63 1
79189 43 55 2
79248 43 24 0
79255 43 63 2
79292 43 63 1
79299 43 15 2
79389 43 63 2
79419 43 29 2
79428 43 63 1
79477 43 63 2
79529 43 49 2
79540 43 63 1
79579 43 63 2
79639 43 38 2
79647 43 63 1
79697 43 63 2
79715 43 24 2
79747 43 25 0
79749 43 45 2
79791 43 63 2
79798 43 63 1
79859 43 35 2
79893 43 63 2
79916 43 63 1
79937 43 25 2
79945 43 26 0
80009 43 61 2
80065 43 63 1
80066 43 63 2
80083 43 26 2
80119 43 58 2
80123 43 27 0
80169 43 63 2
80172 43 63 1
80269 43 39 2
80310 43 63 1
80320 43 27 2
80335 43 63 2
80340 43 33 0
80379 43 51 2
80413 43 63 2
80437 43 63 1
80519 43 57 2
80576 43 63 2
80649 43 50 2
80672 43 33 2
80689 43 63 1
80690 43 63 2
80692 43 35 0
80781 43 63 1
80883 43 63 1
80899 43 7 2
80941 43 35 2
80949 43 41 0
80992 43 63 1
80997 43 63 2
81009 43 27 2
81051 43 63 2
81104 43 63 1
81119 43 40 2
81169 43 63 2
81229 43 41 2
81233 43 63 1
81273 43 63 2
81276 43 41 2
81292 43 42 0
81326 43 63 1
81339 43 26 2
81389 43 63 2
81424 43 63 1
81449 43 30 2
81515 43 63 2
81559 43 24 2
81588 43 63 1
81625 43 63 2
81637 43 42 2
81669 43 1 0
81669 43 32 2
81724 43 63 1
81727 43 63 2
81819 43 60 2
81869 43 63 2
81879 43 63 1
81929 43 14 2
82004 43 63 1
82011 43 63 2
82089 43 62 2
82124 43 63 1
82155 43 63 2
82209 43 46 2
82259 43 63 2
82264 43 63 1
82301 43 1 2
82337 43 36 0
82339 43 36 2
82374 43 63 1
82381 43 63 2
82469 43 47 2
82527 43 63 2
82528 43 63 1
82579 43 42 2
82613 43 63 2
82627 43 63 1
82708 43 63 1
82738 43 63 1
82740 43 31 2
82814 43 63 2
82846 43 63 1
82859 43 44 2
82893 43 63 2
82918 43 18 2
82969 43 48 2
82975 43 63 2
82996 43 63 1
83027 43 63 2
83099 43 16 2
83145 43 63 1
83173 43 63 2
83209 43 63 2
83224 43 36 2
83236 43 43 0
83245 43 63 1
83282 43 63 2
83349 43 54 2
83376 43 63 1
83407 43 63 2
83459 43 43 2
83475 43 43 2
83484 43 63 2
83491 43 17 0
83503 43 63 1
83579 43 59 2
83620 43 63 2
83632 43 63 1
83651 43 17 2
83729 43 63 1
83743 43 27 0
83799 43 21 2
83855 43 63 1
83866 43 63 2
83909 43 23 2
83926 43 27 2
83930 43 37 0
83967 43 63 1
83990 43 63 2
84059 43 33 2
84103 43 37 2
84109 43 63 2
84115 43 17 0
84179 43 22 2
84214 43 17 2
84222 43 15 0
84253 43 63 2
84289 43 56 2
84354 43 63 2
84602 43 15 2
84642 43 16 0
84734 43 16 2
84774 43 18 0
84822 43 63 1
84848 43 18 2
84872 43 61 0
85028 43 20 2
85085 43 63 2
86817 43 61 2
86829 43 54 0
87219 43 54 2
87239 43 12 0
87245 43 63 1
87320 43 12 2
87328 43 19 0
87439 43 19 2
87443 43 35 0
87548 43 38 2
87605 43 63 2
87822 43 35 2
87838 43 53 0
88020 43 53 2
88060 43 33 0
88184 43 33 2
88196 43 36 0
88384 43 36 2
88404 43 40 0
88490 43 63 1
88605 43 63 1
88672 43 40 2
88696 43 37 0
88698 43 14 2
88779 43 63 2
88838 43 32 2
88865 43 63 1
88886 43 37 2
88895 43 63 2
88990 43 38 0
89088 43 50 2
89112 43 38 2
89116 43 4 0
89129 43 63 2
89378 43 4 2
89402 43 8 0
89580 43 8 2
89588 43 29 0
89705 43 29 2
89745 43 0 0
89880 43 0 2
89892 43 38 0
90024 43 38 2
90040 43 39 0
90457 43 39 2
90461 43 39 0
90785 43 39 2
90841 43 36 0
90967 43 36 2
90999 43 38 0
91130 43 38 2
91146 43 51 0
91356 43 51 2
91412 43 0 0
91659 43 0 2
91667 43 52 0
91851 43 52 2
91887 43 8 0
92139 43 8 2
92159 43 53 0
92281 43 53 2
92305 43 54 0
92403 43 54 2
92419 43 11 0
92736 43 11 2
92748 43 56 0
92759 43 63 1
92877 43 56 2
92881 43 12 0
92978 43 56 2
93043 43 63 2
93178 43 12 2
93186 43 57 0
93530 43 57 2
93534 43 2 0
93865 43 2 2
93917 43 37 0
94071 43 37 2
94087 43 40 0
94134 43 63 1
94185 43 40 2
94241 43 58 0
94338 43 3 2
94346 43 63 1
94402 43 63 2
94457 43 58 2
94517 43 35 0
94548 43 8 2
94630 43 63 2
94635 43 35 2
94639 43 50 0
94744 43 50 2
94764 43 62 0
95012 43 62 2
95040 43 38 0
95329 43 38 2
95401 43 63 0
95530 43 63 2
95570 43 12 0
95839 43 12 2
95863 43 2 0
95969 43 2 2
95993 43 13 0
96277 43 13 2
96373 43 3 0
96495 43 3 2
96535 43 23 0
96686 43 23 2
96702 43 24 0
96776 43 24 2
96884 43 14 0
97292 43 14 2
97300 43 25 0
97369 43 25 2
97397 43 26 0
97459 43 26 2
97539 43 0 0
97637 43 0 2
97645 43 3 0
97728 43 3 2
97772 43 4 0
97881 43 4 2
97977 43 5 0
98114 43 5 2
98154 43 15 0
98849 43 15 2
98857 43 14 0
99231 43 14 2
99243 43 50 0
99302 43 50 2
99330 43 6 0
99587 43 6 2
99607 43 4 0
99717 43 4 2
99725 43 8 0
99816 43 8 2
99820 43 47 0
99993 43 47 2
100001 43 49 0
100107 43 49 2
100123 43 11 0
100257 43 11 2
100293 43 5 0
100402 43 5 2
100426 43 37 0
100881 43 37 2
100945 43 4 0
101143 43 4 2
101147 43 1 0
101283 43 1 2
101311 43 27 0
101519 43 27 2
101527 43 2 0
101656 43 2 2
101668 43 11 0
101836 43 11 2
101844 43 7 0
102116 43 7 2
102136 43 3 0
102234 43 3 2
102342 43 6 0
102674 43 6 2
102694 43 9 0
102794 43 9 2
102966 43 8 0
103106 43 8 2
103118 43 11 0
103297 43 11 2
103317 43 12 0
103572 43 12 2
103596 43 16 0
104150 43 16 2
104158 43 13 0
104402 43 13 2
104450 43 2 0
104609 43 2 2
104645 43 14 0
104870 43 14 2
104874 43 17 0
105164 43 17 2
105172 43 15 0
105462 43 15 2
105482 43 18 0
105749 43 18 2
105773 43 4 0
105947 43 4 2
105987 43 40 0
106209 43 40 2
106213 43 38 0
106213 43 38 0
106263 43 38 2
106431 43 38 2
106439 43 27 0
106559 43 27 2
106579 43 35 0
106759 43 35 2
106815 43 28 0
106957 43 28 2
107025 43 3 0
107122 43 63 1
107145 43 3 2
107149 43 46 0
107328 43 1 2
107409 43 63 2
107416 43 1 0
107525 43 1 0
107541 43 46 2
107561 43 4 0
107629 43 1 0
107699 43 4 2
107722 43 1 0
107731 43 0 0
107731 43 0 0
107814 43 0 2
107821 43 1 0
107860 43 0 2
107864 43 29 0
107923 43 1 0
107990 43 29 2
108014 43 1 0
108124 43 1 0
108134 43 47 0
108269 43 1 0
108373 43 1 0
108374 43 47 2
108446 43 30 0
108465 43 1 0
108570 43 1 0
108670 43 1 0
108729 43 30 2
108781 43 1 0
108923 43 1 0
109050 43 1 0
109081 43 31 0
109163 43 1 0
109285 43 1 0
109323 43 31 2
109327 43 44 0
109376 43 1 0
109446 43 44 2
109454 43 43 0
109473 43 1 0
109577 43 43 2
109596 43 1 0
109699 43 1 0
109709 43 32 0
109816 43 1 0
109878 43 32 2
109949 43 1 0
109950 43 33 0
110054 43 1 0
110072 43 33 2
110120 43 33 0
110179 43 1 0
110294 43 1 0
110410 43 1 0
110510 43 33 2
110518 43 27 0
110527 43 1 0
110635 43 1 0
110772 43 1 0
110820 43 27 2
110924 43 54 0
110934 43 1 0
111084 43 1 0
111223 43 1 0
111326 43 54 2
111327 43 1 0
111338 43 28 0
111435 43 1 0
111435 43 28 2
111451 43 9 0
111544 43 1 0
111676 43 1 0
111733 43 9 2
111741 43 56 0
111767 43 1 0
111876 43 1 0
111979 43 1 0
112098 43 1 0
112224 43 56 2
112240 43 10 0
112268 43 1 0
112444 43 1 0
112537 43 10 2
112586 43 1 0
112637 43 41 0
112681 43 1 0
112746 43 41 2
112794 43 61 0
112801 43 1 0
112908 43 1 0
113006 43 1 0
113120 43 1 0
113315 43 1 0
113443 43 1 0
113554 43 1 0
113678 43 1 0
113776 43 1 0
113912 43 1 0
114030 43 1 0
114075 43 61 2
114079 43 39 0
114205 43 1 0
114243 43 63 1
114327 43 1 0
114368 43 39 2
114380 43 7 0
114458 43 53 2
114507 43 63 2
114522 43 7 2
114558 43 1 0
114582 43 8 0
114682 43 8 2
114694 43 63 1
114705 43 1 0
114714 43 63 0
114822 43 1 0
114898 43 17 2
114965 43 63 2
114991 43 63 2
115099 43 0 0
115207 43 0 2
115235 43 57 0
115380 43 57 2
115448 43 58 0
115703 43 58 2
115787 43 46 0
115914 43 46 2
115926 43 59 0
116400 43 59 2
116432 43 32 0
116550 43 32 2
116558 43 50 0
116696 43 50 2
116772 43 60 0
116886 43 60 2
116894 43 62 0
116983 43 63 1
117143 43 62 2
117147 43 3 0
117188 43 35 2
117221 43 63 2
117240 43 3 2
117252 43 5 0
117374 43 5 2
117402 43 17 0
117492 43 17 2
117512 43 6 0
118073 43 6 2
118165 43 11 0
118506 43 11 2
118514 43 10 0
118596 43 10 2
118616 43 11 0
118726 43 11 2
118734 43 6 0
119093 43 0 2
120130 43 6 2
120166 43 36 0
120647 43 36 2
120707 43 12 0
120854 43 12 2
120862 43 0 0
121010 43 0 2
121134 43 15 0
121134 43 15 0
121216 43 15 2
121378 43 15 2
121498 43 7 0
122131 43 7 2
122135 43 7 0
122297 43 7 2
122309 43 0 0
122531 43 63 1
122589 43 0 2
122600 43 63 1
122737 43 9 0
122739 43 1 2
122768 43 63 1
122824 43 63 2
122832 43 9 2
122849 43 51 2
122864 43 8 0
122882 43 63 2
122904 43 63 1
122979 43 58 2
123002 43 8 2
123029 43 63 2
123030 43 40 0
123119 43 24 2
123174 43 63 1
123185 43 63 2
123310 43 63 1
123379 43 39 2
123380 43 40 2
123395 43 63 1
123446 43 63 2
123506 43 63 1
123519 43 4 2
123536 43 41 0
123593 43 63 2
123616 43 63 1
123629 43 37 2
123679 43 63 2
123759 43 25 2
123776 43 63 1
123817 43 63 2
123847 43 41 2
123869 43 18 2
123904 43 63 1
123928 43 63 2
123979 43 28 2
124029 43 63 2
124070 43 63 1
124109 43 11 2
124148 43 63 1
124167 43 63 2
124266 43 63 1
124279 43 13 2
124355 43 63 2
124385 43 63 1
124389 43 27 2
124423 43 42 0
124430 43 63 2
124486 43 63 1
124499 43 19 2
124548 43 63 2
124609 43 38 2
124648 43 63 1
124667 43 63 2
124687 43 42 2
124719 43 32 2
124742 43 63 1
124776 43 63 2
124844 43 63 1
124859 43 5 2
124941 43 63 2
124966 43 63 1
124969 43 12 2
125035 43 63 2
125079 43 20 2
125100 43 63 1
125137 43 63 2
125189 43 60 2
125193 43 63 1
125238 43 63 2
125263 43 43 0
125272 43 63 1
125309 43 8 2
125391 43 63 2
125419 43 29 2
125470 43 63 1
125477 43 63 2
125529 43 43 2
125545 43 43 2
125554 43 63 2
125564 43 63 1
125679 43 31 2
125692 43 63 1
125753 43 63 2
125787 43 63 1
125789 43 10 2
125855 43 63 2
125888 43 63 1
125899 43 62 2
125965 43 63 2
125998 43 63 1
126009 43 48 2
126066 43 63 2
126119 43 52 2
126121 43 44 0
126161 43 63 2
126170 43 63 1
126229 43 49 2
126279 43 63 2
126379 43 36 2
126421 43 63 2
126472 43 63 1
126473 43 44 2
126566 43 63 1
126679 43 30 2
126744 43 63 2
126747 43 63 1
126789 43 57 2
126848 43 63 2
126959 43 14 2
126963 43 63 1
127009 43 63 1
127040 43 63 2
127049 43 45 0
127120 43 63 1
127169 43 7 2
127254 43 63 1
127267 43 63 2
127279 43 41 2
127321 43 63 2
127331 43 45 2
127384 43 63 1
127389 43 34 2
127431 43 63 2
127499 43 47 2
127550 43 63 1
127557 43 63 2
127609 43 16 2
127639 43 63 1
127683 43 63 2
127749 43 63 1
127759 43 22 2
127834 43 63 2
127869 43 33 2
127892 43 63 1
127907 43 46 0
127919 43 63 2
128066 43 63 1
128089 43 50 2
128111 43 63 1
128131 43 63 2
128199 43 3 2
128240 43 46 2
128246 43 63 1
128264 43 63 2
128309 43 15 2
128400 43 63 2
128419 43 42 2
128438 43 63 1
128453 43 63 2
128529 43 53 2
128578 43 63 1
128579 43 63 2
128648 43 23 2
128704 43 63 1
128730 43 63 2
128789 43 59 2
128816 43 47 0
128831 43 63 2
128907 43 63 1
128910 43 56 2
128976 43 63 2
129034 43 63 1
129119 43 40 2
129120 43 63 1
129166 43 47 2
129168 43 63 2
129239 43 61 2
129254 43 63 1
129296 43 63 2
129349 43 35 2
129356 43 63 1
129384 43 63 2
129459 43 17 2
129525 43 63 2
129569 43 46 2
129596 43 63 1
129619 43 63 2
129682 43 63 1
129742 43 48 0
129799 43 6 2
129802 43 63 1
129888 43 63 1
129889 43 63 2
129909 43 55 2
129975 43 63 2
129990 43 63 1
130019 43 21 2
130049 43 48 2
130085 43 63 2
130129 43 45 2
130134 43 63 1
130171 43 63 2
130239 43 44 2
130260 43 63 1
130273 43 63 2
130338 43 63 1
130349 43 54 2
130407 43 63 2
130469 43 63 2
130482 43 63 1
130543 43 63 2
130579 43 26 2
130625 43 49 0
130629 43 63 2
130689 43 9 2
130763 43 63 2
130974 43 49 2
131550 43 50 0
131848 43 50 2
132424 43 51 0
132706 43 51 2
133282 43 52 0
133608 43 52 2
134089 43 63 1
134184 43 53 0
134298 43 2 2
134371 43 63 2
134519 43 53 2
135095 43 54 0
135431 43 54 2
136007 43 55 0
136296 43 55 2
136872 43 56 0
137187 43 56 2
137763 43 57 0
138115 43 57 2
138632 43 63 1
138691 43 58 0
138839 43 2 2
138913 43 63 2
138947 43 58 2
139523 43 59 0
139807 43 59 2
140383 43 60 0
140738 43 60 2
141314 43 61 0
141656 43 61 2
142232 43 62 0
142561 43 62 2
143137 43 63 0
143434 43 63 2
144010 43 0 0
144010 43 0 0
144092 43 0 2
144284 43 0 2
144552 43 2 0
144642 43 2 2
144698 43 3 0
144788 43 3 2
144792 43 7 0
145234 43 7 2
145322 43 4 0
145420 43 4 2
145808 43 1 0
146247 43 1 2
146823 43 2 0
147207 43 2 2
147783 43 3 0
148126 43 3 2
148702 43 4 0
148990 43 4 2
149566 43 5 0
149879 43 5 2
150455 43 6 0
150821 43 6 2
151397 43 7 0
151747 43 7 2
152323 43 8 0
152591 43 8 2
153167 43 9 0
153506 43 9 2
154082 43 10 0
154410 43 10 2
154986 43 11 0
155417 43 11 2
155993 43 12 0
156271 43 12 2
156847 43 13 0
157130 43 13 2
157706 43 14 0
158063 43 14 2
158639 43 15 0
158958 43 15 2
159534 43 16 0
159802 43 16 2
160378 43 17 0
160706 43 17 2
161282 43 18 0
161591 43 18 2
162167 43 19 0
162460 43 19 2
163036 43 20 0
163320 43 20 2
163896 43 21 0
164160 43 21 2
164736 43 22 0
165065 43 22 2
165641 43 23 0
165930 43 23 2
166506 43 24 0
166802 43 24 2
167378 43 25 0
167666 43 25 2
168242 43 26 0
168533 43 26 2
169109 43 27 0
169402 43 27 2
169978 43 28 0
170270 43 28 2
170846 43 29 0
171133 43 29 2
171709 43 30 0
172048 43 30 2
172624 43 31 0
172972 43 31 2
173548 43 32 0
173852 43 32 2
174428 43 33 0
174756 43 33 2
175332 43 34 0
175624 43 34 2
176200 43 35 0
176483 43 35 2
177059 43 36 0
177400 43 36 2
177976 43 37 0
178270 43 37 2
178846 43 38 0
179160 43 38 2
179736 43 39 0
180024 43 39 2
194760 43 8 0
195012 43 8 2
213718 43 63 1
213929 43 0 2
214019 43 63 2
228120 43 14 0
228234 43 14 2
228506 43 61 0
228628 43 61 2
228700 43 54 0
228842 43 54 2
228874 43 55 0
229104 43 55 2
229332 43 40 0
229430 43 40 2
229458 43 49 0
229555 43 49 2
229567 43 51 0
229683 43 51 2
229703 43 37 0
229828 43 37 2
229832 43 20 0
229939 43 20 2
229955 43 3 0
230284 43 3 2
230376 43 21 0
230499 43 21 2
230507 43 56 0
230672 43 56 2
230692 43 57 0
230800 43 57 2
230888 43 58 0
230987 43 58 2
231067 43 59 0
231185 43 59 2
231209 43 63 0
231629 43 63 2
231713 43 33 0
231821 43 33 2
236409 43 63 2
254509 43 63 1
254718 43 2 2
254791 43 63 2
265913 43 63 1
266138 43 2 2
266211 43 63 2
266219 43 63 1
266428 43 2 2
266501 43 63 2
273235 43 63 1
273438 43 2 2
273511 43 63 2
284794 43 63 1
284998 43 2 2
285071 43 63 2
286988 43 2 0
286989 43 3 0
289786 43 63 1
289988 43 2 2
290061 43 63 2
308658 43 2 0
308659 43 63 1
308868 43 2 2
308941 43 63 2
328546 43 2 0
328547 43 63 1
328759 43 2 2
328833 43 63 2
351956 43 63 1
352159 43 2 2
352233 43 63 2
368039 43 63 1
368248 43 2 2
368321 43 63 2
388736 43 2 0
388737 43 63 1
388949 43 2 2
389023 43 63 2
412066 43 63 1
412269 43 2 2
412343 43 63 2
423124 43 2 0
423125 43 63 1
423328 43 2 2
423401 43 63 2
432106 43 2 0
432107 43 63 1
432319 43 2 2
432393 43 63 2
457627 43 63 1
457839 43 2 2
457913 43 63 2
466189 43 2 0
466190 43 63 1
466398 43 2 2
466471 43 63 2
477216 43 2 0
477217 43 63 1
477428 43 2 2
477501 43 63 2
510791 43 2 0
510792 43 3 0
515619 43 2 0
515620 43 63 1
515828 43 2 2
515901 43 63 2
531379 43 2 0
531380 43 63 1
531589 43 2 2
531663 43 63 2
561599 43 2 0
561600 43 63 1
561818 43 2 2
561891 43 63 2
566819 43 2 0
566820 43 63 1
567028 43 2 2
567101 43 63 2
628653 43 2 2
628804 43 2 2
683034 43 2 0
683035 43 63 1
683246 43 2 2
683319 43 63 2
706789 43 63 1
706996 43 2 2
707069 43 63 2
726578 43 63 1
726786 43 3 2
726851 43 63 2
729639 43 2 0
729640 43 2 2
734631 43 2 0
734632 43 2 2
734713 43 2 0
734714 43 2 2
737275 43 2 0
737276 43 2 2
739224 43 2 0
739225 43 2 2
745711 43 2 0
745712 43 2 2
760446 43 2 0
762862 43 2 0
762863 43 63 1
763067 43 2 2
763141 43 63 2
771860 43 2 0
772591 43 63 1
772796 43 3 2
772861 43 63 2
786282 43 2 0
786283 43 63 1
786487 43 2 2
786561 43 63 2
813802 43 2 0
813803 43 63 1
814007 43 2 2
814081 43 63 2
818944 43 3 0
818945 43 63 1
819157 43 3 2
819223 43 63 2
839347 43 63 1
839556 43 8 2
839637 43 63 2
848423 43 15 0
848423 43 15 0
848506 43 15 2
848511 43 15 2
848599 43 30 0
848697 43 30 2
848709 43 24 0
848807 43 24 2
848907 43 25 0
848997 43 25 2
849005 43 43 0
849014 43 3 0
849014 43 43 2
849080 43 43 2
849144 43 26 0
849226 43 26 2
849290 43 27 0
849363 43 27 2
849395 43 34 0
849492 43 34 2
849504 43 26 0
849602 43 26 2
849698 43 55 0
849836 43 55 2
849844 43 27 0
849942 43 27 2
849990 43 61 0
851521 43 61 2
851525 43 28 0
851575 43 33 2
851630 43 28 2
851650 43 61 0
852437 43 63 1
852646 43 44 2
852679 43 63 2
853216 43 63 1
853426 43 26 2
853475 43 63 2
856876 43 61 2
856908 43 60 0
856927 43 5 2
857030 43 60 2
857036 43 49 2
857046 43 61 0
857176 43 61 2
857196 43 4 0
857457 43 4 2
857493 43 38 0
857599 43 38 2
857651 43 61 0
867600 43 63 1
867806 43 62 2
867871 43 63 2
870043 43 61 2
870051 43 19 0
870094 43 61 2
870133 43 19 2
870137 43 61 0
871293 43 61 2
871995 43 6 2
872001 43 61 0
882617 43 61 2
884992 43 62 2
884993 43 61 0
889849 43 61 2
891240 43 20 2
891241 43 61 0
891874 43 61 2
894872 43 21 2
894874 43 61 0
897812 43 61 2
899922 43 7 2
899924 43 61 0
900326 43 61 2
904214 43 61 0
904214 43 52 2
904900 43 61 2
908078 43 38 2
908080 43 61 0
915290 43 61 2
916658 43 61 0
916658 43 58 2
918580 43 61 2
921480 43 51 2
921484 43 61 0
923775 43 61 2
925185 43 31 2
925191 43 61 0
930017 43 61 2
932005 43 29 2
932009 43 61 0
932513 43 61 2
935132 43 29 2
935141 43 61 0
937978 43 61 2
938661 43 37 2
938662 43 61 0
940336 43 61 2
942217 43 54 2
942220 43 61 0
942404 43 61 2
942455 43 45 2
942456 43 29 0
942570 43 29 2
942586 43 61 0
945510 43 61 2
945561 43 35 2
945562 43 61 0
947303 43 61 2
947351 43 32 0
947354 43 35 2
947449 43 32 2
947533 43 28 0
947615 43 28 2
947667 43 2 0
947749 43 2 2
947761 43 29 0
947851 43 29 2
947883 43 4 0
947965 43 4 2
947973 43 35 0
948047 43 35 2
990129 43 2 0
990130 43 63 1
990334 43 2 2
990408 43 63 2
999580 43 2 0
999581 43 2 2
1004636 43 2 0
1004637 43 2 2
1010146 43 2 0
1010147 43 2 2
1022606 43 25 2
1024871 43 63 1
1025073 43 25 2
1025130 43 63 2
1050099 43 0 0
1050099 43 0 0
1050222 43 0 2
1053655 43 0 2
1053775 43 38 0
1053775 43 38 0
1053825 43 38 2
1056728 43 38 2
1056800 43 0 0
1056800 43 0 0
1056882 43 0 2
1056896 43 0 2
1058708 43 2 0
1058822 43 2 2
1058858 43 25 0
1058972 43 25 2
1058988 43 31 0
1059086 43 31 2
1059122 43 33 0
1059228 43 33 2
1059232 43 36 0
1059322 43 36 2
1059330 43 4 0
1059330 43 4 0
1059396 43 4 2
1059612 43 4 2
1059704 43 5 0
1059886 43 5 2
1059918 43 34 0
1060018 43 34 2
1060038 43 35 0
1060138 43 35 2
1060162 43 32 0
1060546 43 32 2
1060910 43 38 0
1060910 43 38 0
1060960 43 38 2
1060968 43 38 2
1061124 43 46 0
1061174 43 46 2
1061226 43 0 0
1061226 43 0 0
1061308 43 0 2
1061316 43 0 2
1061464 43 47 0
1061520 43 47 2
1064092 43 31 0
1064433 43 31 2
1064477 43 35 0
1064734 43 35 2
1064794 43 32 0
1064887 43 32 2
1064987 43 33 0
1065069 43 33 2
1065161 43 34 0
1065278 43 34 2
1065310 43 1 0
1065391 43 1 2
1065435 43 32 0
1065517 43 32 2
1065525 43 35 0
1065525 43 35 0
1065551 43 35 2
1065623 43 35 2
1065627 43 60 0
1065768 43 60 2
1065784 43 61 0
1065876 43 61 2
1065936 43 48 0
1066022 43 48 2
1066062 43 49 0
1066157 43 49 2
1066193 43 36 0
1066193 43 36 0
1066227 43 36 2
1066384 43 36 2
1066448 43 37 0
1066448 43 37 0
1066490 43 37 2
1067258 43 37 2
1067306 43 58 0
1067306 43 58 0
1067348 43 58 2
1067435 43 58 2
1067447 43 31 0
1067813 43 31 2
1067825 43 30 0
1068223 43 30 2
1068231 43 59 0
1068231 43 59 0
1068265 43 59 2
1068396 43 59 2
1068448 43 34 0
1068708 43 34 2
1068748 43 0 0
1068748 43 0 0
1068830 43 0 2
1069083 43 0 2
1069091 43 33 0
1069385 43 33 2
1069401 43 60 0
1069618 43 60 2
1069638 43 32 0
1069899 43 32 2
1069975 43 61 0
1070296 43 61 2
1070420 43 62 0
1070969 43 62 2
1071057 43 12 0
1071148 43 12 2
1071160 43 39 0
1071234 43 41 2
1071292 43 39 2
1071304 43 13 0
1071427 43 13 2
1071431 43 48 0
1071649 43 48 2
1071661 43 59 0
1071757 43 41 2
1071770 43 59 2
1071798 43 54 0
1071798 43 54 0
1071848 43 54 2
1071871 43 41 2
1071907 43 54 2
1071947 43 55 0
1072012 43 55 2
1072036 43 56 0
1072105 43 41 2
1072180 43 56 2
1072208 43 57 0
1072333 43 57 2
1072397 43 58 0
1072525 43 58 2
1072561 43 49 0
1072694 43 49 2
1072734 43 63 0
1072886 43 63 2
1072934 43 15 0
1073050 43 15 2
1073066 43 44 0
1073099 43 44 2
1073119 43 45 0
1073272 43 40 2
1073286 43 45 2
1073534 43 0 0
1073634 43 0 2
1073726 43 1 0
1073818 43 1 2
1073822 43 46 0
1073926 43 46 2
1074022 43 2 0
1074104 43 2 2
1074112 43 47 0
1074193 43 47 2
1074205 43 41 0
1074344 43 41 2
1074416 43 3 0
1074447 43 42 2
1074503 43 3 2
1074511 43 12 0
1074601 43 12 2
1074853 43 5 0
1074951 43 5 2
1074999 43 6 0
1075107 43 6 2
1075195 43 7 0
1075331 43 7 2
1075439 43 8 0
1075537 43 8 2
1075593 43 1 0
1075593 43 1 0
1075667 43 1 2
1075698 43 1 2
1076146 43 46 0
1076220 43 46 2
1076228 43 4 0
1076350 43 4 2
1076374 43 47 0
1076456 43 47 2
1076600 43 12 0
1076600 43 12 0
1076658 43 12 2
1076669 43 12 2
1077033 43 10 0
1077145 43 10 2
1077265 43 1 0
1077371 43 1 2
1077819 43 46 0
1077819 43 46 0
1077861 43 46 2
1077894 43 46 2
1077926 43 47 0
1078008 43 47 2
1078152 43 12 0
1078242 43 12 2
1078726 43 1 0
1078726 43 1 0
1078808 43 1 2
1078870 43 1 2
1079070 43 37 2
1079256 43 46 0
1079315 43 46 2
1079347 43 47 0
1079347 43 47 0
1079416 43 47 2
1079439 43 47 2
1079560 43 12 0
1079560 43 12 0
1079620 43 12 2
1079650 43 12 2
1080134 43 1 0
1080134 43 1 0
1080208 43 1 2
1080258 43 1 2
1080706 43 46 0
1080706 43 46 0
1080748 43 46 2
1080756 43 46 2
1080788 43 47 0
1080788 43 47 0
1080838 43 47 2
1080846 43 47 2
1080990 43 12 0
1080990 43 12 0
1081049 43 12 2
1081057 43 12 2
1081541 43 1 0
1081541 43 1 0
1081616 43 1 2
1081624 43 1 2
1082056 43 13 0
1082163 43 13 2
1082179 43 46 0
1082179 43 46 0
1082221 43 46 2
1082231 43 46 2
1082263 43 47 0
1082263 43 47 0
1082314 43 47 2
1082320 43 47 2
1082464 43 12 0
1082464 43 12 0
1082522 43 12 2
1082531 43 12 2
1083015 43 1 0
1083015 43 1 0
1083089 43 1 2
1083096 43 1 2
1083544 43 46 0
1083544 43 46 0
1083586 43 46 2
1083595 43 46 2
1083627 43 47 0
1083627 43 47 0
1083677 43 47 2
1083685 43 47 2
1083829 43 12 0
1083829 43 12 0
1083887 43 12 2
1083895 43 12 2
1084379 43 1 0
1084379 43 1 0
1084455 43 1 2
1084463 43 1 2
1084911 43 46 0
1084911 43 46 0
1084954 43 46 2
1084963 43 46 2
1084995 43 47 0
1084995 43 47 0
1085051 43 47 2
1085053 43 47 2
1085197 43 12 0
1085197 43 12 0
1085255 43 12 2
1085263 43 12 2
1085747 43 1 0
1085747 43 1 0
1085821 43 1 2
1085829 43 1 2
1086277 43 46 0
1086277 43 46 0
1086325 43 46 2
1086326 43 46 2
1086358 43 47 0
1086358 43 47 0
1086408 43 47 2
1086416 43 47 2
1086560 43 12 0
1086560 43 12 0
1086618 43 12 2
1086626 43 12 2
1087110 43 1 0
1087110 43 1 0
1087184 43 1 2
1087192 43 1 2
1087640 43 46 0
1087640 43 46 0
1087682 43 46 2
1087691 43 46 2
1087723 43 47 0
1087723 43 47 0
1087774 43 47 2
1087779 43 47 2
1087923 43 12 0
1087923 43 12 0
1087981 43 12 2
1087988 43 12 2
1088472 43 1 0
1088472 43 1 0
1088546 43 1 2
1088560 43 1 2
1089008 43 46 0
1089008 43 46 0
1089050 43 46 2
1089058 43 46 2
1089090 43 47 0
1089090 43 47 0
1089140 43 47 2
1089149 43 47 2
1089293 43 12 0
1089293 43 12 0
1089351 43 12 2
1089359 43 12 2
1089843 43 1 0
1089843 43 1 0
1089917 43 1 2
1089924 43 1 2
1090372 43 46 0
1090372 43 46 0
1090414 43 46 2
1090421 43 46 2
1090453 43 47 0
1090453 43 47 0
1090504 43 47 2
1090510 43 47 2
1090654 43 12 0
1090654 43 12 0
1090716 43 12 2
1090720 43 12 2
1091204 43 1 0
1091204 43 1 0
1091278 43 1 2
1091286 43 1 2
1091734 43 46 0
1091734 43 46 0
1091784 43 46 2
1091787 43 46 2
1091819 43 47 0
1091819 43 47 0
1091869 43 47 2
1091877 43 47 2
1092021 43 12 0
1092021 43 12 0
1092079 43 12 2
1092087 43 12 2
1092571 43 1 0
1092571 43 1 0
1092652 43 1 2
1092665 43 1 2
1093084 43 14 0
1093228 43 14 2
1093244 43 46 0
1093244 43 46 0
1093286 43 46 2
1093298 43 46 2
1093330 43 47 0
1093330 43 47 0
1093380 43 47 2
1093388 43 47 2
1093532 43 12 0
1093532 43 12 0
1093590 43 12 2
1093603 43 12 2
1094087 43 1 0
1094087 43 1 0
1094161 43 1 2
1094168 43 1 2
1094616 43 46 0
1094616 43 46 0
1094658 43 46 2
1094666 43 46 2
1094698 43 47 0
1094698 43 47 0
1094750 43 47 2
1094758 43 47 2
1094902 43 12 0
1094902 43 12 0
1094980 43 12 2
1094998 43 12 2
1095482 43 1 0
1095482 43 1 0
1095586 43 1 2
1095594 43 1 2
1096042 43 46 0
1096042 43 46 0
1096084 43 46 2
1096092 43 46 2
1096124 43 47 0
1096124 43 47 0
1096174 43 47 2
1096182 43 47 2
1096326 43 12 0
1096326 43 12 0
1096406 43 12 2
1096422 43 12 2
1096906 43 1 0
1096906 43 1 0
1097010 43 1 2
1097028 43 1 2
1097476 43 46 0
1097476 43 46 0
1097518 43 46 2
1097526 43 46 2
1097558 43 47 0
1097558 43 47 0
1097610 43 47 2
1097618 43 47 2
1097762 43 12 0
1097762 43 12 0
1097830 43 12 2
1097849 43 12 2
1098333 43 1 0
1098333 43 1 0
1098437 43 1 2
1098455 43 1 2
1098903 43 46 0
1098903 43 46 0
1098949 43 46 2
1098954 43 46 2
1098986 43 47 0
1098986 43 47 0
1099036 43 47 2
1099044 43 47 2
1099188 43 12 0
1099188 43 12 0
1099266 43 12 2
1099286 43 12 2
1099770 43 1 0
1099770 43 1 0
1099864 43 1 2
1099882 43 1 2
1100330 43 46 0
1100330 43 46 0
1100372 43 46 2
1100385 43 46 2
1100417 43 47 0
1100417 43 47 0
1100475 43 47 2
1100476 43 47 2
1100620 43 12 0
1100620 43 12 0
1100688 43 12 2
1100716 43 12 2
1101200 43 1 0
1101200 43 1 0
1101294 43 1 2
1101312 43 1 2
1101760 43 46 0
1101760 43 46 0
1101807 43 46 2
1101810 43 46 2
1101842 43 47 0
1101842 43 47 0
1101893 43 47 2
1101900 43 47 2
1102044 43 12 0
1102044 43 12 0
1102122 43 12 2
1102140 43 12 2
1102624 43 1 0
1102624 43 1 0
1102739 43 1 2
1102746 43 1 2
1103194 43 46 0
1103194 43 46 0
1103236 43 46 2
1103244 43 46 2
1103276 43 47 0
1103276 43 47 0
1103326 43 47 2
1103334 43 47 2
1103478 43 12 0
1103478 43 12 0
1103556 43 12 2
1103574 43 12 2
1103962 43 1 0
1103962 43 1 0
1104066 43 1 2
1104077 43 1 2
1104509 43 7 0
1104739 43 7 2
1104755 43 46 0
1104755 43 46 0
1104798 43 46 2
1104844 43 46 2
1104876 43 47 0
1104876 43 47 0
1104926 43 47 2
1104986 43 47 2
1105130 43 12 0
1105130 43 12 0
1105188 43 12 2
1105225 43 12 2
1105709 43 1 0
1105709 43 1 0
1105785 43 1 2
1105793 43 1 2
1106241 43 46 0
1106241 43 46 0
1106283 43 46 2
1106312 43 46 2
1106344 43 47 0
1106344 43 47 0
1106397 43 47 2
1106462 43 47 2
1106606 43 12 0
1106606 43 12 0
1106666 43 12 2
1106762 43 12 2
1107246 43 1 0
1107246 43 1 0
1107320 43 1 2
1107378 43 1 2
1107826 43 46 0
1107826 43 46 0
1107869 43 46 2
1107874 43 46 2
1107906 43 47 0
1107906 43 47 0
1107958 43 47 2
1107966 43 47 2
1108110 43 12 0
1108110 43 12 0
1108168 43 12 2
1108226 43 12 2
1108710 43 1 0
1108710 43 1 0
1108785 43 1 2
1108930 43 1 2
1109378 43 46 0
1109378 43 46 0
1109420 43 46 2
1109429 43 46 2
1109461 43 47 0
1109461 43 47 0
1109511 43 47 2
1109528 43 47 2
1109672 43 5 0
1109770 43 5 2
1109778 43 61 0
1109778 43 61 0
1109828 43 61 2
1109893 43 61 2
1109901 43 29 0
1110159 43 29 2
1110175 43 62 0
1110175 43 62 0
1110234 43 62 2
1110297 43 62 2
1110573 43 63 0
1110573 43 63 0
1110639 43 63 2
1110705 43 63 2
1111129 43 12 0
1111129 43 12 0
1111187 43 12 2
1111205 43 12 2
1111327 43 42 2
1111697 43 1 0
1111697 43 1 0
1111771 43 1 2
1111778 43 1 2
1112226 43 46 0
1112226 43 46 0
1112268 43 46 2
1112278 43 46 2
1112310 43 47 0
1112310 43 47 0
1112368 43 47 2
1112369 43 47 2
1112513 43 12 0
1112513 43 12 0
1112577 43 12 2
1112578 43 12 2
1113062 43 1 0
1113062 43 1 0
1113144 43 1 2
1113176 43 1 2
1113592 43 46 0
1113592 43 46 0
1113635 43 46 2
1113640 43 46 2
1113672 43 47 0
1113672 43 47 0
1113722 43 47 2
1113731 43 47 2
1113875 43 12 0
1113875 43 12 0
1113933 43 12 2
1113941 43 12 2
1114425 43 1 0
1114425 43 1 0
1114507 43 1 2
1114659 43 1 2
1114955 43 46 0
1114955 43 46 0
1114998 43 46 2
1115005 43 46 2
1115037 43 47 0
1115037 43 47 0
1115088 43 47 2
1115095 43 47 2
1115239 43 12 0
1115239 43 12 0
1115309 43 12 2
1115409 43 12 2
1115793 43 1 0
1115793 43 1 0
1115877 43 1 2
1115898 43 1 2
1116346 43 46 0
1116346 43 46 0
1116389 43 46 2
1116423 43 46 2
1116455 43 47 0
1116455 43 47 0
1116505 43 47 2
1116513 43 47 2
1116657 43 12 0
1116741 43 12 2
1117225 43 1 0
1117225 43 1 0
1117319 43 1 2
1117337 43 1 2
1117769 43 8 0
1117769 43 8 0
1117843 43 8 2
1117880 43 8 2
1117896 43 46 0
1117896 43 46 0
1117938 43 46 2
1117957 43 46 2
1117989 43 47 0
1117989 43 47 0
1118040 43 47 2
1118048 43 47 2
1118192 43 12 0
1118192 43 12 0
1118250 43 12 2
1118257 43 12 2
1118741 43 1 0
1118741 43 1 0
1118835 43 1 2
1118853 43 1 2
1119301 43 46 0
1119301 43 46 0
1119343 43 46 2
1119351 43 46 2
1119383 43 47 0
1119383 43 47 0
1119433 43 47 2
1119442 43 47 2
1119586 43 12 0
1119586 43 12 0
1119676 43 12 2
1119693 43 12 2
1120177 43 1 0
1120177 43 1 0
1120281 43 1 2
1120289 43 1 2
1120737 43 46 0
1120737 43 46 0
1120779 43 46 2
1120787 43 46 2
1120819 43 47 0
1120819 43 47 0
1120869 43 47 2
1120880 43 47 2
1121024 43 12 0
1121024 43 12 0
1121102 43 12 2
1121129 43 12 2
1121613 43 1 0
1121613 43 1 0
1121727 43 1 2
1121735 43 1 2
1122183 43 46 0
1122183 43 46 0
1122225 43 46 2
1122233 43 46 2
1122265 43 47 0
1122265 43 47 0
1122315 43 47 2
1122325 43 47 2
1122469 43 12 0
1122469 43 12 0
1122527 43 12 2
1122555 43 12 2
1123039 43 1 0
1123039 43 1 0
1123143 43 1 2
1123150 43 1 2
1123598 43 46 0
1123598 43 46 0
1123640 43 46 2
1123649 43 46 2
1123681 43 47 0
1123681 43 47 0
1123731 43 47 2
1123738 43 47 2
1123882 43 12 0
1123882 43 12 0
1123970 43 12 2
1123987 43 12 2
1124471 43 1 0
1124471 43 1 0
1124575 43 1 2
1124593 43 1 2
1125041 43 46 0
1125041 43 46 0
1125085 43 46 2
1125092 43 46 2
1125124 43 47 0
1125124 43 47 0
1125178 43 47 2
1125196 43 47 2
1125340 43 12 0
1125340 43 12 0
1125399 43 12 2
1125440 43 12 2
1125924 43 1 0
1125924 43 1 0
1126008 43 1 2
1126019 43 1 2
1126467 43 46 0
1126467 43 46 0
1126509 43 46 2
1126519 43 46 2
1126551 43 47 0
1126551 43 47 0
1126603 43 47 2
1126614 43 47 2
1126758 43 12 0
1126758 43 12 0
1126827 43 12 2
1126857 43 12 2
1127341 43 1 0
1127341 43 1 0
1127437 43 1 2
1127455 43 1 2
1127903 43 46 0
1127903 43 46 0
1127945 43 46 2
1127953 43 46 2
1127985 43 47 0
1127985 43 47 0
1128035 43 47 2
1128042 43 47 2
1128186 43 12 0
1128186 43 12 0
1128254 43 12 2
1128282 43 12 2
1128766 43 1 0
1128766 43 1 0
1128860 43 1 2
1128878 43 1 2
1129310 43 9 0
1129402 43 9 2
1129418 43 46 0
1129418 43 46 0
1129460 43 46 2
1129471 43 46 2
1129503 43 47 0
1129503 43 47 0
1129553 43 47 2
1129563 43 47 2
1129707 43 12 0
1129707 43 12 0
1129775 43 12 2
1129794 43 12 2
1130278 43 1 0
1130278 43 1 0
1130386 43 1 2
1130399 43 1 2
1130847 43 46 0
1130847 43 46 0
1130889 43 46 2
1130906 43 46 2
1130938 43 47 0
1130938 43 47 0
1130988 43 47 2
1130996 43 47 2
1131140 43 12 0
1131140 43 12 0
1131208 43 12 2
1131226 43 12 2
1131710 43 1 0
1131710 43 1 0
1131814 43 1 2
1131831 43 1 2
1132279 43 46 0
1132279 43 46 0
1132321 43 46 2
1132332 43 46 2
1132364 43 47 0
1132364 43 47 0
1132414 43 47 2
1132421 43 47 2
1132565 43 12 0
1132565 43 12 0
1132647 43 12 2
1132678 43 12 2
1132719 43 2 0
1132720 43 3 0
1133162 43 1 0
1133162 43 1 0
1133257 43 1 2
1133273 43 1 2
1133721 43 46 0
1133721 43 46 0
1133763 43 46 2
1133773 43 46 2
1133805 43 47 0
1133805 43 47 0
1133856 43 47 2
1133864 43 47 2
1134008 43 12 0
1134008 43 12 0
1134076 43 12 2
1134103 43 12 2
1134587 43 1 0
1134587 43 1 0
1134681 43 1 2
1134699 43 1 2
1135147 43 46 0
1135147 43 46 0
1135189 43 46 2
1135212 43 46 2
1135244 43 47 0
1135244 43 47 0
1135294 43 47 2
1135304 43 47 2
1135448 43 12 0
1135448 43 12 0
1135506 43 12 2
1135515 43 12 2
1135999 43 1 0
1135999 43 1 0
1136103 43 1 2
1136121 43 1 2
1136569 43 46 0
1136569 43 46 0
1136611 43 46 2
1136618 43 46 2
1136650 43 47 0
1136650 43 47 0
1136700 43 47 2
1136708 43 47 2
1136852 43 12 0
1136852 43 12 0
1136920 43 12 2
1136948 43 12 2
1137432 43 1 0
1137432 43 1 0
1137536 43 1 2
1137544 43 1 2
1137992 43 46 0
1137992 43 46 0
1138034 43 46 2
1138042 43 46 2
1138074 43 47 0
1138074 43 47 0
1138127 43 47 2
1138134 43 47 2
1138278 43 12 0
1138278 43 12 0
1138356 43 12 2
1138384 43 12 2
1138868 43 1 0
1138868 43 1 0
1138963 43 1 2
1138979 43 1 2
1139427 43 46 0
1139427 43 46 0
1139469 43 46 2
1139477 43 46 2
1139509 43 47 0
1139509 43 47 0
1139559 43 47 2
1139571 43 47 2
1139715 43 12 0
1139715 43 12 0
1139793 43 12 2
1139821 43 12 2
1140305 43 1 0
1140305 43 1 0
1140409 43 1 2
1140416 43 1 2
1140848 43 10 0
1140940 43 10 2
1140956 43 46 0
1140956 43 46 0
1140998 43 46 2
1141005 43 46 2
1141037 43 47 0
1141037 43 47 0
1141087 43 47 2
1141106 43 47 2
1141250 43 12 0
1141250 43 12 0
1141338 43 12 2
1141346 43 12 2
1141830 43 1 0
1141830 43 1 0
1141934 43 1 2
1141952 43 1 2
1142400 43 46 0
1142400 43 46 0
1142442 43 46 2
1142453 43 46 2
1142485 43 47 0
1142485 43 47 0
1142535 43 47 2
1142543 43 47 2
1142687 43 12 0
1142687 43 12 0
1142755 43 12 2
1142782 43 12 2
1143239 43 2 0
1143240 43 63 1
1143266 43 1 0
1143266 43 1 0
1143363 43 1 2
1143379 43 1 2
1143449 43 2 2
1143522 43 63 2
1143827 43 46 0
1143827 43 46 0
1143869 43 46 2
1143876 43 46 2
1143908 43 47 0
1143908 43 47 0
1143961 43 47 2
1143975 43 47 2
1144119 43 12 0
1144119 43 12 0
1144187 43 12 2
1144206 43 12 2
1144690 43 1 0
1144690 43 1 0
1144794 43 1 2
1144802 43 1 2
1145250 43 46 0
1145250 43 46 0
1145298 43 46 2
1145300 43 46 2
1145332 43 47 0
1145332 43 47 0
1145382 43 47 2
1145391 43 47 2
1145535 43 12 0
1145535 43 12 0
1145613 43 12 2
1145642 43 12 2
1146126 43 1 0
1146126 43 1 0
1146220 43 1 2
1146241 43 1 2
1146689 43 46 0
1146689 43 46 0
1146731 43 46 2
1146749 43 46 2
1146781 43 47 0
1146781 43 47 0
1146831 43 47 2
1146838 43 47 2
1146982 43 12 0
1146982 43 12 0
1147040 43 12 2
1147078 43 12 2
1147562 43 1 0
1147562 43 1 0
1147656 43 1 2
1147754 43 1 2
1148202 43 46 0
1148202 43 46 0
1148245 43 46 2
1148263 43 46 2
1148295 43 47 0
1148295 43 47 0
1148365 43 47 2
1148386 43 47 2
1148530 43 12 0
1148530 43 12 0
1148618 43 12 2
1148625 43 12 2
1149109 43 1 0
1149109 43 1 0
1149183 43 1 2
1149221 43 1 2
1149669 43 46 0
1149669 43 46 0
1149721 43 46 2
1149738 43 46 2
1149770 43 47 0
1149770 43 47 0
1149842 43 47 2
1149861 43 47 2
1150005 43 12 0
1150005 43 12 0
1150083 43 12 2
1150101 43 12 2
1150585 43 1 0
1150585 43 1 0
1150660 43 1 2
1150687 43 1 2
1151135 43 46 0
1151135 43 46 0
1151178 43 46 2
1151193 43 46 2
1151225 43 47 0
1151225 43 47 0
1151296 43 47 2
1151315 43 47 2
1151459 43 12 0
1151459 43 12 0
1151538 43 12 2
1151556 43 12 2
1152040 43 1 0
1152040 43 1 0
1152115 43 1 2
1152152 43 1 2
1152584 43 11 0
1152584 43 11 0
1152634 43 11 2
1152707 43 11 2
1152723 43 46 0
1152723 43 46 0
1152776 43 46 2
1152808 43 47 0
1152808 43 47 0
1152809 43 46 2
1152878 43 47 2
1152897 43 47 2
1153041 43 12 0
1153041 43 12 0
1153119 43 12 2
1153137 43 12 2
1153621 43 1 0
1153621 43 1 0
1153695 43 1 2
1153702 43 1 2
1154150 43 46 0
1154150 43 46 0
1154192 43 46 2
1154200 43 46 2
1154232 43 47 0
1154232 43 47 0
1154303 43 47 2
1154322 43 47 2
1154466 43 12 0
1154466 43 12 0
1154544 43 12 2
1154562 43 12 2
1155046 43 1 0
1155046 43 1 0
1155120 43 1 2
1155127 43 1 2
1155575 43 46 0
1155575 43 46 0
1155617 43 46 2
1155626 43 46 2
1155658 43 47 0
1155658 43 47 0
1155738 43 47 2
1155746 43 47 2
1155890 43 12 0
1155890 43 12 0
1155978 43 12 2
1155996 43 12 2
1156480 43 1 0
1156480 43 1 0
1156554 43 1 2
1156592 43 1 2
1157040 43 46 0
1157040 43 46 0
1157082 43 46 2
1157100 43 46 2
1157132 43 47 0
1157132 43 47 0
1157212 43 47 2
1157230 43 47 2
1157374 43 12 0
1157374 43 12 0
1157452 43 12 2
1157470 43 12 2
1157954 43 1 0
1157954 43 1 0
1158028 43 1 2
1158035 43 1 2
1158483 43 46 0
1158483 43 46 0
1158526 43 46 2
1158534 43 46 2
1158566 43 47 0
1158566 43 47 0
1158646 43 47 2
1158653 43 47 2
1158797 43 12 0
1158797 43 12 0
1158885 43 12 2
1158903 43 12 2
1159084 43 2 0
1159085 43 1 0
1159387 43 1 0
1159387 43 1 0
1159464 43 1 2
1159683 43 1 2
1160131 43 46 0
1160131 43 46 0
1160184 43 46 2
1160194 43 46 2
1160216 43 47 0
1160216 43 47 0
1160277 43 47 2
1160308 43 47 2
1160421 43 12 0
1160421 43 12 0
1160499 43 12 2
1160549 43 12 2
1160813 43 36 2
1160983 43 1 0
1160983 43 1 0
1161090 43 37 2
1161116 43 1 2
1161157 43 1 2
1161564 43 46 0
1161564 43 46 0
1161614 43 46 2
1161626 43 46 2
1161646 43 47 0
1161646 43 47 0
1161716 43 47 2
1161743 43 47 2
1161887 43 12 0
1161887 43 12 0
1161966 43 12 2
1162012 43 12 2
1162496 43 1 0
1162496 43 1 0
1162570 43 1 2
1162597 43 1 2
1163045 43 46 0
1163045 43 46 0
1163087 43 46 2
1163095 43 46 2
1163127 43 47 0
1163127 43 47 0
1163197 43 47 2
1163216 43 47 2
1163360 43 12 0
1163360 43 12 0
1163438 43 12 2
1163466 43 12 2
1163950 43 1 0
1164031 43 1 2
1164198 43 40 2
1164211 43 1 0
1164340 43 1 2
1164551 43 40 2
1164592 43 12 0
1164592 43 12 0
1164651 43 12 2
1164658 43 44 2
1164659 43 12 2
1164675 43 46 0
1164675 43 46 0
1164717 43 46 2
1164724 43 46 2
1164756 43 47 0
1164756 43 47 0
1164758 43 40 2
1164806 43 47 2
1164815 43 47 2
1164959 43 12 0
1164959 43 12 0
1165028 43 12 2
1165031 43 12 2
1165160 43 1 0
1165279 43 1 2
1165631 43 1 0
1165728 43 1 2
1166176 43 46 0
1166176 43 46 0
1166218 43 46 2
1166229 43 46 2
1166261 43 47 0
1166261 43 47 0
1166319 43 47 2
1166331 43 47 2
1166463 43 12 0
1166463 43 12 0
1166529 43 12 2
1166581 43 12 2
1166695 43 0 2
1166952 43 25 2
1167013 43 1 0
1167013 43 1 0
1167087 43 1 2
1167097 43 1 2
1167298 43 42 2
1167545 43 46 0
1167545 43 46 0
1167587 43 46 2
1167595 43 46 2
1167627 43 47 0
1167627 43 47 0
1167682 43 47 2
1167685 43 47 2
1167829 43 12 0
1167829 43 12 0
1167887 43 12 2
1167903 43 12 2
1168035 43 1 0
1168133 43 1 2
1168425 43 42 2
1168477 43 9 0
1168643 43 39 2
1168677 43 9 2
1168801 43 55 0
1168884 43 55 2
1168888 43 1 0
1168999 43 1 2
1169023 43 56 0
1169080 43 44 2
1169153 43 56 2
1169173 43 45 0
1169231 43 45 2
1169247 43 1 0
1169347 43 1 2
1169375 43 7 0
1169501 43 7 2
1169509 43 1 0
1169610 43 1 2
1169614 43 46 0
1169690 43 46 2
1169766 43 63 0
1170024 43 63 2
1170032 43 47 0
1170106 43 47 2
1170210 43 62 0
1170210 43 62 0
1170268 43 62 2
1170278 43 62 2
1170346 43 29 0
1170447 43 29 2
1170487 43 30 0
1170589 43 30 2
1170633 43 17 0
1170758 43 17 2
1170814 43 18 0
1170932 43 18 2
1170956 43 2 0
1171039 43 2 2
1171063 43 19 0
1171170 43 19 2
1171206 43 21 0
1171312 43 21 2
1171344 43 22 0
1171450 43 22 2
1171806 43 61 0
1171806 43 61 0
1171857 43 61 2
1171882 43 61 2
1172418 43 1 0
1172418 43 1 0
1172492 43 1 2
1172510 43 1 2
1172594 43 58 0
1172594 43 58 0
1172636 43 58 2
1172644 43 58 2
1172724 43 59 0
1172724 43 59 0
1172778 43 59 2
1172796 43 59 2
1177215 43 63 1
1177420 43 3 2
1177486 43 63 2
1233392 43 2 2
1280054 43 2 0
1280055 43 2 2
1297420 43 3 0
1319129 43 2 0
1319130 43 43 0
1319130 43 2 2
1319139 43 2 2
1344590 43 43 0
1344599 43 2 0
1344599 43 43 2
1344673 43 43 2
1344941 43 55 0
1345079 43 55 2
1345135 43 23 0
1352163 43 23 2
1352219 43 56 0
1352219 43 56 0
1352277 43 56 2
1352334 43 56 2
1352398 43 57 0
1352398 43 57 0
1352448 43 57 2
1352513 43 57 2
1352573 43 23 0
1353152 43 49 2
1357083 43 23 2
1357158 43 47 2
1357167 43 23 0
1359777 43 23 2
1360367 43 51 2
1360377 43 23 0
1360823 43 23 2
1360898 43 16 2
1361014 43 61 2
1361015 43 23 0
1363545 43 23 2
1363848 43 60 2
1363857 43 23 0
1365247 43 23 2
1367484 43 58 2
1367491 43 23 0
1370781 43 23 2
1401694 43 3 2
1401705 43 23 0
1405103 43 23 2
2036592 43 2 0
2036593 43 2 2
3008790 43 0 2
