0 34 51 0
2062 34 51 2
2066 34 22 0
3401 34 56 1
3600 34 2 2
3658 34 56 2
4035 34 56 1
4054 34 22 2
4066 34 1 0
4229 34 2 2
4286 34 56 2
4762 34 1 2
4782 34 24 0
4894 34 24 2
12140 34 56 1
12339 34 0 2
12412 34 56 2
35964 34 56 1
36159 34 2 2
36216 34 56 2
37479 34 56 1
37679 34 2 2
37736 34 56 2
87849 34 56 1
88049 34 0 2
88122 34 56 2
89855 34 56 1
90049 34 0 2
90122 34 56 2
109507 34 56 1
109709 34 2 2
109766 34 56 2
113521 34 4 0
117967 34 4 2
118019 34 44 0
119956 34 44 2
119968 34 5 0
120080 34 5 2
120092 34 45 0
120674 34 45 2
120742 34 24 0
120910 34 24 2
120942 34 25 0
121082 34 25 2
121090 34 26 0
121200 34 26 2
121240 34 27 0
121329 34 27 2
121349 34 33 0
121940 34 33 2
121960 34 35 0
122093 34 35 2
122101 34 41 0
122782 34 41 2
122798 34 42 0
123077 34 42 2
123109 34 1 0
123211 34 1 2
123247 34 36 0
123398 34 36 2
123410 34 43 0
123897 34 56 1
124094 34 43 2
124101 34 9 2
124110 34 17 0
124158 34 56 2
124194 34 17 2
124286 34 27 0
124438 34 27 2
124442 34 37 0
124582 34 37 2
124594 34 17 0
124714 34 17 2
124722 34 15 0
124918 34 15 2
124958 34 16 0
125207 34 16 2
125247 34 18 0
125349 34 18 2
125373 34 61 0
125916 34 61 2
125928 34 54 0
126082 34 54 2
126102 34 11 0
126176 34 11 2
126184 34 19 0
126356 34 19 2
126360 34 35 0
126762 34 35 2
126778 34 53 0
127084 34 53 2
127124 34 33 0
127237 34 33 2
127249 34 36 0
127378 34 36 2
127398 34 40 0
127661 34 40 2
127685 34 37 0
127861 34 37 2
127965 34 38 0
128134 34 38 2
128138 34 59 0
128402 34 59 2
128426 34 8 0
128632 34 8 2
128640 34 29 0
128800 34 29 2
128840 34 0 0
128952 34 0 2
128964 34 38 0
129130 34 38 2
129146 34 39 0
129775 34 39 2
129779 34 39 0
130103 34 39 2
130159 34 36 0
130335 34 36 2
130367 34 38 0
130521 34 38 2
130537 34 51 0
130696 34 51 2
130752 34 6 0
131111 34 6 2
131119 34 52 0
131356 34 52 2
131392 34 14 0
131741 34 14 2
131761 34 53 0
132122 34 53 2
132146 34 54 0
132274 34 56 1
132499 34 2 2
132556 34 56 2
132848 34 54 2
132864 34 11 0
133156 34 11 2
133168 34 56 0
133316 34 56 2
133320 34 12 0
133596 34 12 2
133604 34 57 0
133747 34 57 2
133751 34 2 0
134047 34 2 2
134099 34 37 0
134325 34 56 1
134355 34 37 2
134371 34 40 0
134463 34 40 2
134519 34 58 0
134559 34 63 2
134648 34 56 2
134726 34 58 2
134786 34 35 0
134919 34 35 2
134923 34 50 0
135412 34 50 2
135432 34 62 0
135782 34 62 2
135810 34 38 0
136109 34 38 2
136181 34 63 0
136558 34 63 2
136598 34 12 0
136871 34 12 2
136895 34 2 0
137017 34 2 2
137041 34 13 0
137344 34 13 2
137440 34 3 0
137558 34 3 2
137598 34 23 0
137740 34 23 2
137756 34 24 0
137897 34 24 2
138005 34 5 0
138264 34 5 2
138272 34 25 0
138439 34 25 2
138467 34 26 0
138589 34 26 2
138669 34 0 0
138845 34 0 2
138853 34 3 0
139003 34 3 2
139047 34 4 0
139180 34 4 2
139276 34 5 0
139851 34 5 2
139891 34 15 0
140185 34 15 2
140193 34 14 0
140541 34 14 2
140553 34 50 0
140888 34 50 2
140916 34 6 0
141044 34 6 2
141064 34 4 0
141202 34 4 2
141210 34 8 0
141313 34 8 2
141317 34 47 0
141951 34 47 2
141959 34 49 0
142063 34 49 2
142079 34 11 0
142079 34 11 0
142132 34 11 2
142298 34 11 2
142334 34 5 0
142469 34 5 2
142493 34 37 0
142766 34 37 2
142830 34 4 0
143157 34 4 2
143161 34 1 0
143398 34 1 2
143426 34 27 0
143500 34 27 2
143508 34 2 0
143589 34 2 2
143601 34 11 0
143708 34 11 2
143716 34 7 0
144160 34 7 2
144180 34 3 0
144274 34 3 2
144382 34 6 0
144586 34 6 2
144606 34 9 0
144696 34 9 2
144868 34 8 0
144958 34 8 2
144970 34 11 0
145080 34 11 2
145100 34 12 0
145268 34 12 2
145292 34 16 0
145520 34 16 2
145528 34 13 0
145982 34 13 2
146030 34 2 0
146232 34 2 2
146268 34 14 0
146418 34 14 2
146422 34 17 0
146711 34 17 2
146719 34 15 0
146949 34 15 2
146969 34 18 0
147223 34 18 2
147247 34 4 0
147435 34 4 2
147475 34 40 0
147671 34 40 2
147675 34 38 0
147675 34 38 0
147726 34 38 2
147848 34 38 2
147856 34 27 0
147974 34 27 2
147994 34 35 0
148117 34 35 2
148173 34 28 0
148342 34 28 2
148402 34 11 0
148402 34 11 0
148452 34 11 2
148460 34 11 2
148468 34 3 0
148557 34 3 2
148561 34 46 0
148869 34 46 2
148889 34 4 0
148996 34 4 2
149028 34 0 0
149129 34 0 2
149133 34 29 0
149287 34 29 2
149431 34 47 0
149682 34 47 2
149754 34 30 0
149907 34 30 2
150259 34 31 0
150728 34 31 2
150732 34 44 0
150934 34 44 2
150942 34 43 0
151474 34 43 2
151606 34 32 0
151749 34 32 2
152073 34 33 0
152209 34 33 2
152257 34 33 0
152349 34 33 2
152357 34 27 0
152452 34 27 2
152556 34 54 0
152719 34 54 2
152731 34 28 0
152859 34 28 2
152875 34 15 0
153166 34 15 2
153174 34 56 0
153400 34 56 2
153416 34 16 0
153651 34 16 2
153751 34 41 0
153777 34 56 1
153972 34 41 2
153979 34 42 2
154012 34 56 2
154020 34 61 0
154499 34 56 1
154699 34 60 2
154764 34 56 2
154844 34 61 2
154848 34 39 0
155018 34 39 2
155030 34 7 0
155232 34 7 2
155292 34 8 0
155382 34 8 2
155414 34 63 0
155614 34 63 2
155722 34 0 0
155821 34 0 2
155849 34 57 0
155995 34 57 2
156063 34 58 0
156191 34 58 2
156275 34 46 0
156399 34 46 2
156411 34 59 0
156608 34 59 2
156640 34 32 0
156833 34 32 2
156841 34 50 0
157013 34 50 2
157089 34 60 0
157255 34 60 2
157263 34 62 0
157467 34 62 2
157471 34 3 0
157637 34 3 2
157649 34 5 0
157762 34 5 2
157790 34 17 0
157947 34 17 2
157967 34 6 0
158114 34 6 2
158206 34 11 0
158527 34 11 2
158535 34 10 0
158611 34 10 2
158631 34 11 0
158720 34 11 2
158728 34 6 0
159004 34 56 1
159017 34 6 2
159053 34 36 0
159092 34 56 1
159199 34 6 2
159289 34 56 2
159309 34 24 2
159321 34 36 2
159358 34 56 2
159381 34 12 0
159546 34 12 2
159554 34 0 0
159650 34 0 2
159774 34 15 0
159774 34 15 0
159856 34 15 2
159948 34 15 2
160068 34 7 0
160082 34 56 1
160275 34 7 2
160279 34 0 2
160291 34 0 0
160354 34 56 2
160366 34 0 0
160539 34 0 2
160548 34 0 0
160674 34 0 0
160687 34 9 0
160797 34 0 0
160891 34 0 0
160893 34 9 2
160925 34 8 0
161039 34 0 0
161203 34 0 0
161330 34 0 0
161367 34 8 2
161395 34 51 0
161482 34 0 0
161645 34 0 0
161662 34 51 2
161770 34 14 0
161779 34 0 0
161887 34 14 2
161898 34 0 0
162183 34 31 0
162332 34 0 0
162525 34 0 0
162598 34 31 2
162642 34 35 0
162800 34 0 0
162894 34 35 2
162931 34 0 0
162954 34 32 0
163041 34 0 0
163251 34 32 2
163302 34 0 0
163351 34 33 0
163438 34 33 2
163500 34 0 0
163530 34 34 0
163699 34 0 0
163785 34 34 2
163795 34 0 0
163817 34 1 0
163817 34 1 0
163875 34 1 2
163886 34 0 0
164010 34 0 0
164092 34 1 2
164131 34 0 0
164136 34 32 0
164237 34 0 0
164409 34 0 0
164419 34 32 2
164427 34 35 0
164524 34 35 2
164528 34 60 0
164609 34 0 0
164737 34 0 0
164840 34 56 1
164890 34 60 2
164906 34 61 0
165005 34 56 1
165031 34 0 0
165040 34 13 2
165114 34 56 2
165156 34 56 1
165182 34 0 0
165201 34 22 2
165206 34 61 2
165266 34 48 0
165276 34 56 2
165324 34 56 1
165326 34 0 0
165390 34 4 2
165392 34 48 2
165432 34 49 0
165464 34 56 2
165482 34 0 0
165520 34 45 2
165551 34 49 2
165559 34 56 1
165578 34 56 2
165587 34 36 0
165587 34 36 0
165618 34 0 0
165621 34 36 2
165710 34 56 1
165719 34 0 0
165736 34 36 2
165760 34 63 2
165800 34 37 0
165800 34 37 0
165842 34 37 2
165850 34 56 2
165858 34 56 1
165867 34 0 0
165910 34 30 2
165943 34 37 2
165977 34 56 2
165991 34 58 0
166007 34 56 1
166069 34 0 0
166100 34 38 2
166126 34 56 1
166158 34 56 2
166210 34 48 2
166216 34 0 0
166219 34 58 2
166231 34 31 0
166263 34 56 1
166268 34 56 2
166331 34 19 2
166332 34 0 0
166376 34 56 1
166380 34 56 2
166460 34 36 2
166501 34 56 2
166512 34 31 2
166524 34 30 0
166556 34 56 1
166557 34 0 0
166580 34 8 2
166646 34 56 2
166739 34 56 1
166760 34 7 2
166789 34 0 0
166847 34 30 2
166855 34 59 0
166855 34 56 1
166858 34 56 2
166882 34 0 0
166940 34 62 2
166975 34 56 1
167022 34 56 2
167034 34 59 2
167060 34 20 2
167086 34 34 0
167095 34 56 1
167119 34 56 2
167181 34 11 2
167215 34 56 1
167239 34 56 2
167290 34 34 2
167306 34 34 2
167315 34 56 2
167346 34 0 0
167378 34 56 1
167430 34 10 2
167444 34 0 0
167480 34 56 2
167512 34 56 1
167580 34 50 2
167594 34 0 0
167619 34 0 2
167621 34 56 1
167622 34 56 2
167627 34 33 0
167710 34 14 2
167734 34 0 0
167757 34 56 1
167793 34 56 2
167820 34 26 2
167822 34 0 0
167854 34 56 2
167895 34 56 1
167942 34 0 0
167954 34 33 2
167970 34 60 0
167990 34 42 2
168006 34 56 1
168023 34 56 2
168100 34 28 2
168115 34 0 0
168150 34 56 2
168153 34 56 1
168210 34 9 2
168233 34 0 0
168268 34 56 2
168292 34 56 1
168350 34 57 2
168408 34 56 2
168434 34 56 1
168462 34 0 0
168500 34 5 2
168553 34 60 2
168553 34 56 1
168573 34 32 0
168586 34 56 2
168630 34 29 2
168662 34 0 0
168688 34 56 2
168729 34 56 1
168750 34 0 0
168770 34 33 2
168806 34 56 2
168812 34 32 2
168852 34 56 1
168878 34 0 0
168888 34 61 0
168930 34 49 2
168980 34 56 2
169006 34 56 1
169019 34 0 0
169080 34 12 2
169131 34 0 0
169146 34 56 2
169158 34 61 2
169230 34 39 2
169232 34 56 1
169234 34 0 0
169282 34 62 0
169296 34 56 2
169344 34 0 0
169398 34 56 1
169440 34 23 2
169482 34 62 2
169522 34 56 2
169542 34 56 1
169570 34 12 0
169600 34 60 2
169666 34 56 2
169669 34 12 2
169679 34 56 1
169681 34 39 0
169740 34 15 2
169801 34 56 1
169830 34 56 2
169865 34 39 2
169877 34 13 0
169900 34 37 2
169911 34 56 1
169950 34 56 2
169997 34 13 2
170001 34 48 0
170009 34 41 2
170052 34 56 2
170080 34 56 1
170083 34 0 0
170110 34 48 2
170120 34 17 2
170122 34 59 0
170170 34 56 2
170237 34 56 1
170272 34 0 0
170280 34 52 2
170299 34 59 2
170327 34 54 0
170327 34 54 0
170337 34 56 2
170378 34 56 1
170393 34 54 2
170397 34 0 0
170440 34 54 2
170514 34 56 2
170540 34 54 2
170580 34 55 0
170580 34 21 2
170608 34 0 0
170647 34 56 2
170675 34 56 1
170830 34 0 0
170831 34 56 1
170870 34 61 2
170914 34 0 0
170944 34 56 2
171030 34 18 2
171072 34 56 2
171077 34 55 2
171081 34 56 1
171101 34 56 0
171220 34 56 2
171225 34 56 1
171248 34 57 0
171280 34 25 2
171322 34 56 2
171362 34 56 1
171398 34 57 2
171421 34 56 2
171462 34 58 0
171483 34 56 1
171487 34 56 2
171570 34 31 2
171644 34 56 2
171645 34 56 1
171680 34 1 2
171746 34 56 2
171778 34 56 1
171860 34 59 2
171918 34 56 2
171963 34 56 1
171980 34 46 2
172028 34 58 2
172048 34 56 2
172064 34 49 0
172072 34 56 1
172190 34 51 2
172204 34 56 1
172240 34 56 2
172265 34 49 2
172300 34 3 2
172305 34 63 0
172359 34 56 1
172366 34 56 2
172410 34 58 2
172460 34 56 2
172483 34 56 1
172560 34 53 2
172593 34 56 1
172626 34 56 2
172690 34 44 2
172724 34 56 1
172741 34 56 2
172820 34 27 2
172834 34 56 1
172862 34 56 2
172930 34 35 2
172964 34 56 2
172971 34 56 1
173040 34 16 2
173097 34 56 2
173170 34 40 2
173206 34 56 1
173222 34 56 2
173410 34 55 2
173466 34 56 1
173492 34 56 2
173597 34 56 1
173670 34 6 2
173715 34 63 2
173756 34 56 1
173760 34 56 2
173763 34 15 0
173800 34 43 2
173842 34 56 2
173896 34 56 1
173903 34 15 2
173919 34 44 0
173960 34 47 2
174025 34 56 1
174028 34 44 2
174034 34 56 2
174048 34 45 0
174100 34 32 2
174142 34 56 2
174171 34 45 2
174220 34 24 2
174270 34 56 2
174419 34 0 0
174515 34 0 2
174607 34 1 0
174700 34 1 2
174800 34 2 0
174899 34 2 2
174919 34 41 0
175000 34 41 2
175072 34 3 0
175373 34 3 2
175633 34 5 0
176040 34 5 2
176088 34 6 0
177042 34 6 2
177047 34 33 2
177130 34 7 0
177577 34 33 2
177847 34 33 2
177865 34 7 2
177973 34 8 0
178055 34 8 2
178073 34 33 2
178111 34 1 0
178193 34 1 2
178641 34 46 0
178715 34 46 2
178723 34 4 0
178850 34 4 2
178874 34 47 0
178955 34 47 2
179099 34 12 0
179173 34 12 2
179302 34 33 2
179424 34 33 2
179537 34 10 0
179650 34 33 2
179678 34 10 2
179798 34 1 0
179798 34 1 0
179856 34 1 2
179889 34 1 2
180265 34 35 2
180337 34 46 0
180415 34 46 2
180447 34 47 0
180447 34 47 0
180513 34 47 2
180530 34 47 2
180551 34 35 2
180674 34 12 0
180748 34 12 2
180756 34 33 2
180879 34 33 2
180936 34 35 2
181106 34 33 2
181232 34 1 0
181235 34 30 2
181331 34 1 2
181779 34 46 0
181779 34 46 0
181837 34 46 2
181858 34 46 2
181890 34 47 0
181972 34 47 2
182116 34 12 0
182192 34 12 2
182636 34 35 2
182676 34 1 0
182676 34 1 0
182734 34 1 2
182741 34 1 2
182849 34 35 2
183067 34 35 2
183189 34 46 0
183266 34 46 2
183270 34 30 2
183298 34 47 0
183382 34 47 2
183392 34 30 2
183526 34 12 0
183591 34 12 2
183627 34 30 2
183988 34 33 2
184075 34 1 0
184075 34 1 0
184133 34 1 2
184141 34 1 2
184589 34 46 0
184589 34 46 0
184647 34 46 2
184655 34 46 2
184687 34 47 0
184687 34 47 0
184732 34 30 2
184761 34 47 2
184767 34 47 2
184861 34 30 2
184911 34 12 0
184911 34 12 0
184969 34 12 2
184979 34 12 2
185096 34 30 2
185463 34 1 0
185463 34 1 0
185521 34 1 2
185554 34 1 2
185897 34 35 2
185986 34 12 0
185986 34 12 0
186044 34 12 2
186112 34 12 2
186128 34 46 0
186128 34 46 0
186186 34 46 2
186195 34 46 2
186227 34 47 0
186227 34 47 0
186296 34 47 2
186304 34 47 2
186448 34 12 0
186448 34 12 0
186506 34 12 2
186513 34 12 2
186893 34 33 2
186997 34 1 0
186997 34 1 0
187055 34 1 2
187062 34 1 2
187510 34 46 0
187510 34 46 0
187569 34 46 2
187583 34 46 2
187615 34 47 0
187615 34 47 0
187681 34 47 2
187691 34 47 2
187835 34 12 0
187835 34 12 0
187893 34 12 2
187902 34 12 2
188386 34 1 0
188386 34 1 0
188444 34 1 2
188456 34 1 2
188710 34 35 2
188904 34 46 0
188904 34 46 0
188971 34 46 2
188974 34 46 2
189006 34 47 0
189006 34 47 0
189072 34 47 2
189079 34 47 2
189223 34 12 0
189223 34 12 0
189281 34 12 2
189292 34 12 2
189712 34 33 2
189776 34 1 0
189776 34 1 0
189834 34 1 2
189842 34 1 2
190290 34 46 0
190290 34 46 0
190353 34 46 2
190360 34 46 2
190392 34 47 0
190392 34 47 0
190458 34 47 2
190469 34 47 2
190613 34 12 0
190613 34 12 0
190671 34 12 2
190678 34 12 2
191162 34 1 0
191162 34 1 0
191220 34 1 2
191228 34 1 2
191486 34 35 2
191676 34 46 0
191676 34 46 0
191735 34 46 2
191748 34 46 2
191780 34 47 0
191780 34 47 0
191846 34 47 2
191857 34 47 2
192001 34 12 0
192001 34 12 0
192059 34 12 2
192068 34 12 2
192518 34 33 2
192552 34 1 0
192552 34 1 0
192610 34 1 2
192619 34 1 2
193067 34 46 0
193067 34 46 0
193125 34 46 2
193135 34 46 2
193167 34 47 0
193167 34 47 0
193235 34 47 2
193244 34 47 2
193388 34 12 0
193388 34 12 0
193446 34 12 2
193453 34 12 2
193937 34 1 0
193937 34 1 0
193995 34 1 2
194004 34 1 2
194245 34 35 2
194452 34 46 0
194452 34 46 0
194519 34 46 2
194520 34 46 2
194552 34 47 0
194552 34 47 0
194618 34 47 2
194629 34 47 2
194773 34 12 0
194773 34 12 0
194839 34 12 2
194848 34 12 2
195332 34 1 0
195332 34 1 0
195334 34 33 2
195391 34 1 2
195406 34 1 2
195705 34 56 1
195854 34 46 0
195854 34 46 0
195902 34 2 2
195916 34 46 2
195929 34 46 2
195960 34 56 2
195961 34 47 0
195961 34 47 0
196037 34 47 2
196038 34 47 2
196181 34 12 0
196181 34 12 0
196239 34 12 2
196248 34 12 2
196732 34 1 0
196732 34 1 0
196790 34 1 2
196798 34 1 2
197023 34 35 2
197230 34 13 0
197343 34 13 2
197359 34 46 0
197359 34 46 0
197417 34 46 2
197424 34 46 2
197456 34 47 0
197456 34 47 0
197522 34 47 2
197529 34 47 2
197673 34 12 0
197673 34 12 0
197731 34 12 2
197738 34 12 2
198222 34 1 0
198222 34 1 0
198280 34 1 2
198289 34 1 2
198737 34 46 0
198737 34 46 0
198796 34 46 2
198809 34 46 2
198841 34 47 0
198841 34 47 0
198907 34 47 2
198915 34 47 2
199059 34 12 0
199059 34 12 0
199118 34 12 2
199123 34 12 2
199607 34 1 0
199607 34 1 0
199665 34 1 2
199674 34 1 2
200122 34 46 0
200122 34 46 0
200180 34 46 2
200188 34 46 2
200220 34 47 0
200220 34 47 0
200286 34 47 2
200295 34 47 2
200439 34 12 0
200439 34 12 0
200497 34 12 2
200506 34 12 2
200990 34 1 0
200990 34 1 0
201048 34 1 2
201055 34 1 2
201503 34 46 0
201503 34 46 0
201561 34 46 2
201574 34 46 2
201606 34 47 0
201606 34 47 0
201672 34 47 2
201680 34 47 2
201824 34 12 0
201824 34 12 0
201883 34 12 2
201889 34 12 2
202373 34 1 0
202373 34 1 0
202431 34 1 2
202440 34 1 2
202888 34 46 0
202888 34 46 0
202946 34 46 2
202954 34 46 2
202986 34 47 0
202986 34 47 0
203052 34 47 2
203060 34 47 2
203204 34 12 0
203204 34 12 0
203262 34 12 2
203272 34 12 2
203756 34 1 0
203756 34 1 0
203814 34 1 2
203821 34 1 2
204269 34 46 0
204269 34 46 0
204327 34 46 2
204338 34 46 2
204370 34 47 0
204370 34 47 0
204436 34 47 2
204445 34 47 2
204589 34 12 0
204589 34 12 0
204649 34 12 2
204657 34 12 2
205141 34 1 0
205141 34 1 0
205199 34 1 2
205208 34 1 2
205656 34 46 0
205656 34 46 0
205714 34 46 2
205722 34 46 2
205754 34 47 0
205754 34 47 0
205822 34 47 2
205844 34 47 2
205988 34 12 0
205988 34 12 0
206046 34 12 2
206053 34 12 2
206537 34 1 0
206537 34 1 0
206601 34 1 2
206603 34 1 2
207051 34 46 0
207051 34 46 0
207110 34 46 2
207128 34 46 2
207160 34 47 0
207160 34 47 0
207226 34 47 2
207234 34 47 2
207378 34 12 0
207378 34 12 0
207437 34 12 2
207442 34 12 2
207926 34 1 0
207926 34 1 0
207984 34 1 2
207992 34 1 2
208424 34 14 0
208547 34 14 2
208563 34 46 0
208563 34 46 0
208621 34 46 2
208630 34 46 2
208662 34 47 0
208662 34 47 0
208728 34 47 2
208737 34 47 2
208881 34 12 0
208881 34 12 0
208939 34 12 2
208948 34 12 2
209432 34 1 0
209432 34 1 0
209490 34 1 2
209497 34 1 2
209945 34 46 0
209945 34 46 0
210006 34 46 2
210014 34 46 2
210046 34 47 0
210046 34 47 0
210112 34 47 2
210120 34 47 2
210264 34 12 0
210264 34 12 0
210322 34 12 2
210330 34 12 2
210814 34 1 0
210814 34 1 0
210877 34 1 2
210880 34 1 2
211328 34 46 0
211328 34 46 0
211386 34 46 2
211400 34 46 2
211432 34 47 0
211432 34 47 0
211498 34 47 2
211507 34 47 2
211651 34 12 0
211651 34 12 0
211709 34 12 2
211717 34 12 2
212201 34 1 0
212201 34 1 0
212259 34 1 2
212270 34 1 2
212718 34 46 0
212718 34 46 0
212776 34 46 2
212784 34 46 2
212816 34 47 0
212816 34 47 0
212882 34 47 2
212890 34 47 2
213034 34 12 0
213034 34 12 0
213092 34 12 2
213101 34 12 2
213585 34 1 0
213585 34 1 0
213643 34 1 2
213651 34 1 2
214099 34 46 0
214099 34 46 0
214157 34 46 2
214169 34 46 2
214201 34 47 0
214201 34 47 0
214267 34 47 2
214281 34 47 2
214425 34 12 0
214425 34 12 0
214483 34 12 2
214496 34 12 2
214980 34 1 0
214980 34 1 0
215038 34 1 2
215047 34 1 2
215495 34 46 0
215495 34 46 0
215553 34 46 2
215562 34 46 2
215594 34 47 0
215594 34 47 0
215660 34 47 2
215674 34 47 2
215818 34 12 0
215818 34 12 0
215876 34 12 2
215886 34 12 2
216370 34 1 0
216370 34 1 0
216428 34 1 2
216437 34 1 2
216885 34 46 0
216885 34 46 0
216944 34 46 2
216975 34 46 2
217007 34 47 0
217007 34 47 0
217089 34 47 2
217090 34 47 2
217233 34 12 0
217233 34 12 0
217297 34 12 2
217298 34 12 2
217782 34 1 0
217782 34 1 0
217840 34 1 2
217847 34 1 2
218295 34 46 0
218295 34 46 0
218353 34 46 2
218361 34 46 2
218393 34 47 0
218393 34 47 0
218469 34 47 2
218474 34 47 2
218618 34 12 0
218618 34 12 0
218676 34 12 2
218684 34 12 2
219072 34 1 0
219072 34 1 0
219125 34 56 1
219131 34 1 2
219138 34 1 2
219320 34 2 2
219378 34 56 2
219570 34 7 0
219676 34 7 2
219692 34 46 0
219692 34 46 0
219750 34 46 2
219759 34 46 2
219791 34 47 0
219791 34 47 0
219857 34 47 2
219869 34 47 2
220013 34 12 0
220013 34 12 0
220071 34 12 2
220079 34 12 2
220563 34 1 0
220563 34 1 0
220621 34 1 2
220629 34 1 2
221077 34 46 0
221077 34 46 0
221136 34 46 2
221151 34 46 2
221183 34 47 0
221183 34 47 0
221251 34 47 2
221271 34 47 2
221415 34 12 0
221415 34 12 0
221473 34 12 2
221481 34 12 2
221965 34 1 0
221965 34 1 0
222028 34 1 2
222034 34 1 2
222482 34 46 0
222482 34 46 0
222540 34 46 2
222550 34 46 2
222582 34 47 0
222582 34 47 0
222648 34 47 2
222656 34 47 2
222800 34 5 0
222906 34 5 2
222914 34 61 0
223045 34 61 2
223053 34 29 0
223306 34 29 2
223322 34 62 0
223322 34 62 0
223396 34 62 2
223461 34 62 2
223737 34 63 0
223737 34 63 0
223819 34 63 2
223886 34 63 2
224310 34 12 0
224310 34 12 0
224368 34 12 2
224395 34 12 2
224835 34 11 0
224930 34 11 2
225142 34 1 0
225142 34 1 0
225200 34 1 2
225208 34 1 2
225221 34 33 2
225656 34 46 0
225656 34 46 0
225721 34 46 2
225722 34 46 2
225754 34 47 0
225754 34 47 0
225820 34 47 2
225831 34 47 2
225975 34 12 0
225975 34 12 0
226033 34 12 2
226042 34 12 2
226526 34 1 0
226526 34 1 0
226584 34 1 2
226594 34 1 2
227042 34 46 0
227042 34 46 0
227100 34 46 2
227109 34 46 2
227141 34 47 0
227141 34 47 0
227208 34 47 2
227214 34 47 2
227358 34 12 0
227358 34 12 0
227416 34 12 2
227424 34 12 2
227908 34 1 0
227908 34 1 0
227966 34 1 2
227973 34 1 2
228421 34 46 0
228421 34 46 0
228480 34 46 2
228493 34 46 2
228525 34 47 0
228525 34 47 0
228591 34 47 2
228603 34 47 2
228747 34 12 0
228747 34 12 0
228805 34 12 2
228816 34 12 2
229300 34 1 0
229300 34 1 0
229364 34 1 2
229366 34 1 2
229814 34 46 0
229814 34 46 0
229872 34 46 2
229889 34 46 2
229921 34 47 0
229921 34 47 0
229992 34 47 2
229994 34 47 2
230138 34 12 0
230203 34 12 2
230687 34 1 0
230687 34 1 0
230746 34 1 2
230753 34 1 2
231201 34 46 0
231201 34 46 0
231262 34 46 2
231270 34 46 2
231302 34 47 0
231302 34 47 0
231368 34 47 2
231379 34 47 2
231523 34 12 0
231523 34 12 0
231581 34 12 2
231590 34 12 2
232074 34 1 0
232074 34 1 0
232132 34 1 2
232139 34 1 2
232571 34 8 0
232669 34 8 2
232685 34 46 0
232685 34 46 0
232743 34 46 2
232751 34 46 2
232783 34 47 0
232783 34 47 0
232852 34 47 2
232856 34 47 2
233000 34 12 0
233000 34 12 0
233058 34 12 2
233068 34 12 2
233552 34 1 0
233552 34 1 0
233610 34 1 2
233617 34 1 2
234065 34 46 0
234065 34 46 0
234124 34 46 2
234133 34 46 2
234165 34 47 0
234165 34 47 0
234231 34 47 2
234241 34 47 2
234385 34 12 0
234385 34 12 0
234443 34 12 2
234452 34 12 2
234936 34 1 0
234936 34 1 0
234994 34 1 2
235003 34 1 2
235451 34 46 0
235451 34 46 0
235511 34 46 2
235518 34 46 2
235550 34 47 0
235550 34 47 0
235617 34 47 2
235622 34 47 2
235766 34 12 0
235766 34 12 0
235824 34 12 2
235831 34 12 2
236315 34 1 0
236315 34 1 0
236374 34 1 2
236385 34 1 2
236833 34 46 0
236833 34 46 0
236891 34 46 2
236899 34 46 2
236931 34 47 0
236931 34 47 0
236997 34 47 2
237009 34 47 2
237153 34 12 0
237153 34 12 0
237211 34 12 2
237221 34 12 2
237705 34 1 0
237705 34 1 0
237763 34 1 2
237771 34 1 2
238219 34 46 0
238219 34 46 0
238277 34 46 2
238295 34 46 2
238327 34 47 0
238327 34 47 0
238395 34 47 2
238404 34 47 2
238548 34 12 0
238548 34 12 0
238606 34 12 2
238617 34 12 2
239101 34 1 0
239101 34 1 0
239160 34 1 2
239168 34 1 2
239616 34 46 0
239616 34 46 0
239674 34 46 2
239682 34 46 2
239714 34 47 0
239714 34 47 0
239780 34 47 2
239788 34 47 2
239932 34 12 0
239932 34 12 0
239990 34 12 2
239998 34 12 2
240482 34 1 0
240482 34 1 0
240540 34 1 2
240547 34 1 2
240995 34 46 0
240995 34 46 0
241053 34 46 2
241061 34 46 2
241093 34 47 0
241093 34 47 0
241160 34 47 2
241165 34 47 2
241309 34 12 0
241309 34 12 0
241368 34 12 2
241376 34 12 2
241860 34 1 0
241860 34 1 0
241918 34 1 2
241929 34 1 2
242377 34 46 0
242377 34 46 0
242436 34 46 2
242444 34 46 2
242476 34 47 0
242476 34 47 0
242542 34 47 2
242549 34 47 2
242693 34 12 0
242693 34 12 0
242751 34 12 2
242759 34 12 2
243243 34 1 0
243243 34 1 0
243301 34 1 2
243310 34 1 2
243742 34 9 0
243823 34 9 2
243839 34 46 0
243839 34 46 0
243897 34 46 2
243914 34 46 2
243946 34 47 0
243946 34 47 0
244012 34 47 2
244022 34 47 2
244166 34 12 0
244166 34 12 0
244224 34 12 2
244233 34 12 2
244717 34 1 0
244717 34 1 0
244775 34 1 2
244783 34 1 2
245231 34 46 0
245231 34 46 0
245291 34 46 2
245299 34 46 2
245331 34 47 0
245331 34 47 0
245399 34 47 2
245411 34 47 2
245555 34 12 0
245555 34 12 0
245613 34 12 2
245627 34 12 2
246111 34 1 0
246111 34 1 0
246169 34 1 2
246177 34 1 2
246625 34 46 0
246625 34 46 0
246686 34 46 2
246696 34 46 2
246728 34 47 0
246728 34 47 0
246806 34 47 2
246809 34 47 2
246953 34 12 0
246953 34 12 0
247011 34 12 2
247019 34 12 2
247503 34 1 0
247503 34 1 0
247562 34 1 2
247571 34 1 2
248019 34 46 0
248019 34 46 0
248077 34 46 2
248088 34 46 2
248120 34 47 0
248120 34 47 0
248186 34 47 2
248198 34 47 2
248342 34 12 0
248342 34 12 0
248400 34 12 2
248407 34 12 2
248891 34 1 0
248891 34 1 0
248949 34 1 2
248958 34 1 2
249406 34 46 0
249406 34 46 0
249464 34 46 2
249472 34 46 2
249504 34 47 0
249504 34 47 0
249570 34 47 2
249578 34 47 2
249722 34 12 0
249722 34 12 0
249780 34 12 2
249788 34 12 2
250272 34 1 0
250272 34 1 0
250330 34 1 2
250338 34 1 2
250786 34 46 0
250786 34 46 0
250845 34 46 2
250854 34 46 2
250886 34 47 0
250886 34 47 0
250952 34 47 2
250961 34 47 2
251105 34 12 0
251105 34 12 0
251163 34 12 2
251171 34 12 2
251655 34 1 0
251655 34 1 0
251713 34 1 2
251720 34 1 2
252168 34 46 0
252168 34 46 0
252227 34 46 2
252243 34 46 2
252275 34 47 0
252275 34 47 0
252341 34 47 2
252349 34 47 2
252493 34 12 0
252493 34 12 0
252552 34 12 2
252563 34 12 2
253047 34 1 0
253047 34 1 0
253105 34 1 2
253113 34 1 2
253561 34 46 0
253561 34 46 0
253619 34 46 2
253626 34 46 2
253658 34 47 0
253658 34 47 0
253724 34 47 2
253733 34 47 2
253877 34 12 0
253877 34 12 0
253936 34 12 2
253944 34 12 2
254428 34 1 0
254428 34 1 0
254486 34 1 2
254494 34 1 2
254926 34 10 0
255008 34 10 2
255024 34 46 0
255024 34 46 0
255083 34 46 2
255089 34 46 2
255121 34 47 0
255121 34 47 0
255188 34 47 2
255197 34 47 2
255341 34 12 0
255341 34 12 0
255399 34 12 2
255407 34 12 2
255891 34 1 0
255891 34 1 0
255949 34 1 2
255956 34 1 2
256404 34 46 0
256404 34 46 0
256463 34 46 2
256472 34 46 2
256504 34 47 0
256504 34 47 0
256570 34 47 2
256587 34 47 2
256731 34 12 0
256731 34 12 0
256797 34 12 2
256798 34 12 2
257281 34 1 0
257281 34 1 0
257339 34 1 2
257377 34 1 2
257825 34 46 0
257825 34 46 0
257887 34 46 2
257901 34 46 2
257933 34 47 0
257933 34 47 0
258016 34 47 2
258024 34 47 2
258168 34 12 0
258168 34 12 0
258226 34 12 2
258233 34 12 2
258717 34 1 0
258717 34 1 0
258775 34 1 2
258812 34 1 2
259245 34 56 1
259260 34 46 0
259260 34 46 0
259318 34 46 2
259326 34 46 2
259358 34 47 0
259358 34 47 0
259424 34 47 2
259433 34 47 2
259440 34 2 2
259498 34 56 2
259577 34 12 0
259577 34 12 0
259635 34 12 2
259645 34 12 2
260129 34 1 0
260129 34 1 0
260187 34 1 2
260196 34 1 2
260644 34 46 0
260644 34 46 0
260707 34 46 2
260723 34 46 2
260755 34 47 0
260755 34 47 0
260821 34 47 2
260833 34 47 2
260977 34 12 0
260977 34 12 0
261035 34 12 2
261044 34 12 2
261528 34 1 0
261528 34 1 0
261586 34 1 2
261593 34 1 2
262041 34 46 0
262041 34 46 0
262099 34 46 2
262106 34 46 2
262138 34 47 0
262138 34 47 0
262207 34 47 2
262265 34 47 2
262409 34 12 0
262409 34 12 0
262467 34 12 2
262475 34 12 2
262959 34 1 0
262959 34 1 0
263017 34 1 2
263036 34 1 2
263484 34 46 0
263484 34 46 0
263548 34 46 2
263550 34 46 2
263582 34 47 0
263582 34 47 0
263649 34 47 2
263665 34 47 2
263809 34 12 0
263809 34 12 0
263867 34 12 2
263874 34 12 2
264358 34 1 0
264358 34 1 0
264416 34 1 2
264424 34 1 2
264872 34 46 0
264872 34 46 0
264930 34 46 2
264937 34 46 2
264969 34 47 0
264969 34 47 0
265035 34 47 2
265047 34 47 2
265191 34 12 0
265191 34 12 0
265249 34 12 2
265258 34 12 2
265742 34 1 0
265742 34 1 0
265800 34 1 2
265808 34 1 2
266256 34 46 0
266256 34 46 0
266319 34 46 2
266321 34 46 2
266332 34 30 2
266353 34 47 0
266353 34 47 0
266419 34 47 2
266427 34 47 2
266571 34 12 0
266571 34 12 0
266584 34 29 2
266630 34 12 2
266638 34 12 2
267122 34 1 0
267189 34 1 2
267637 34 46 0
267637 34 46 0
267695 34 46 2
267702 34 46 2
267734 34 47 0
267734 34 47 0
267800 34 47 2
267810 34 47 2
267954 34 12 0
267954 34 12 0
268012 34 12 2
268020 34 12 2
268496 34 9 0
268666 34 9 2
268771 34 33 2
268790 34 55 0
268924 34 55 2
268928 34 1 0
269021 34 1 2
269045 34 56 0
269231 34 56 2
269251 34 45 0
269343 34 45 2
269399 34 46 0
269499 34 46 2
269575 34 63 0
269830 34 63 2
269838 34 47 0
269964 34 47 2
270068 34 62 0
270068 34 62 0
270142 34 62 2
270150 34 62 2
270274 34 61 0
270274 34 61 0
270340 34 61 2
270409 34 61 2
270481 34 54 0
270632 34 54 2
270664 34 55 0
270826 34 55 2
270856 34 35 2
271054 34 40 0
271149 34 40 2
271177 34 49 0
271287 34 49 2
271299 34 51 0
271429 34 51 2
271449 34 37 0
271550 34 37 2
271554 34 20 0
271636 34 20 2
271652 34 3 0
271986 34 3 2
272078 34 21 0
272169 34 21 2
272177 34 56 0
272345 34 56 2
272365 34 57 0
272483 34 57 2
272487 34 1 0
272487 34 1 0
272545 34 1 2
272553 34 1 2
272637 34 58 0
272637 34 58 0
272679 34 58 2
272803 34 58 2
272883 34 59 0
272883 34 59 0
272933 34 59 2
273013 34 59 2
273037 34 63 0
273206 34 63 2
273290 34 33 0
273372 34 33 2
274853 34 31 2
281951 34 0 2
283155 34 2 0
283156 34 56 1
283360 34 2 2
283418 34 56 2
327093 34 56 1
327289 34 2 2
327346 34 56 2
364887 34 2 0
364888 34 56 1
365089 34 2 2
365146 34 56 2
366653 34 2 0
366654 34 56 1
366849 34 2 2
366906 34 56 2
373664 34 56 1
373859 34 2 2
373916 34 56 2
435081 34 2 0
435082 34 56 1
435279 34 2 2
435336 34 56 2
512615 34 56 1
512812 34 2 2
512869 34 56 2
542142 34 2 0
542143 34 56 1
542342 34 2 2
542399 34 56 2
574990 34 2 0
574991 34 2 2
582140 34 2 0
582141 34 2 2
587591 34 3 2
600321 34 2 0
600321 34 3 2
600416 34 56 1
600612 34 3 2
600677 34 56 2
607007 34 56 1
607203 34 2 2
607261 34 56 2
623574 34 56 1
623772 34 3 2
623837 34 56 2
625459 34 56 1
625732 34 3 2
625797 34 56 2
630317 34 56 1
630513 34 2 2
630571 34 56 2
633686 34 56 1
633882 34 3 2
633947 34 56 2
658707 34 2 0
658708 34 56 1
658903 34 2 2
658961 34 56 2
682097 34 56 1
682098 34 2 0
682293 34 2 2
682351 34 56 2
698770 34 2 0
698771 34 2 2
725126 34 2 0
725127 34 3 0
726598 34 56 1
726792 34 2 2
726849 34 56 2
752968 34 2 0
752969 34 56 1
753173 34 2 2
753231 34 56 2
773573 34 56 1
773772 34 0 2
773845 34 56 2
773954 34 0 0
774682 34 3 0
774683 34 0 0
774811 34 0 0
775146 34 0 0
775552 34 0 0
775967 34 0 0
776168 34 0 0
776505 34 0 0
776859 34 0 0
777246 34 0 0
777573 34 2 0
777654 34 0 0
777992 34 2 0
778064 34 0 0
778466 34 0 0
778678 34 2 0
778882 34 0 0
779088 34 0 0
779432 34 0 0
779663 34 2 0
779782 34 0 0
780166 34 0 0
780247 34 2 0
780366 34 2 0
780505 34 2 0
780576 34 0 0
780645 34 2 0
780992 34 0 0
781391 34 0 0
781806 34 0 0
782011 34 0 0
782358 34 0 0
782709 34 0 0
783092 34 0 0
783500 34 0 0
783916 34 0 0
784314 34 0 0
784686 34 15 0
784686 34 15 0
784731 34 0 0
784768 34 15 2
784793 34 15 2
784881 34 30 0
784975 34 0 0
784979 34 30 2
784991 34 24 0
785073 34 24 2
785173 34 25 0
785255 34 25 2
785263 34 34 0
785272 34 2 0
785272 34 34 2
785324 34 0 0
785330 34 34 2
785394 34 26 0
785477 34 26 2
785541 34 27 0
785631 34 27 2
785663 34 34 0
785672 34 0 0
785745 34 34 2
785757 34 26 0
785838 34 26 2
785934 34 55 0
786055 34 0 0
786075 34 55 2
786083 34 27 0
786172 34 27 2
786220 34 23 0
786465 34 0 0
786875 34 0 0
787278 34 0 0
787310 34 23 2
787314 34 28 0
787389 34 21 2
787411 34 28 2
787431 34 23 0
787696 34 0 0
787900 34 23 2
787932 34 56 0
787932 34 56 0
787950 34 0 0
787975 34 28 2
787990 34 56 2
788039 34 56 2
788066 34 32 2
788075 34 10 0
788174 34 38 2
788266 34 29 2
788295 34 0 0
788342 34 10 2
788357 34 11 2
788370 34 57 0
788370 34 57 0
788420 34 57 2
788456 34 17 2
788479 34 57 2
788487 34 37 0
788563 34 20 2
788576 34 37 2
788628 34 23 0
788645 34 0 0
788976 34 23 2
788984 34 19 0
789027 34 0 0
789051 34 22 2
789066 34 19 2
789070 34 23 0
789434 34 0 0
789530 34 23 2
789611 34 38 2
789614 34 23 0
789840 34 0 0
790250 34 0 0
790665 34 0 0
790921 34 0 0
791004 34 23 2
791262 34 0 0
791620 34 0 0
791775 34 41 2
791784 34 23 0
791999 34 0 0
792411 34 0 0
792574 34 23 2
792818 34 0 0
792878 34 37 2
792886 34 23 0
793228 34 0 0
793637 34 0 0
793890 34 0 0
794233 34 0 0
794590 34 0 0
794970 34 0 0
795380 34 0 0
795787 34 0 0
796194 34 0 0
796615 34 0 0
802886 34 23 2
803440 34 52 2
803450 34 23 0
809710 34 23 2
809798 34 43 2
809806 34 23 0
818324 34 23 2
820223 34 25 2
820232 34 23 0
823922 34 23 2
824504 34 22 2
824510 34 23 0
826218 34 23 2
828224 34 21 2
828234 34 23 0
829832 34 23 2
832316 34 23 0
832316 34 19 2
833406 34 23 2
835636 34 19 2
835638 34 23 0
836517 34 23 2
839564 34 39 2
839565 34 23 0
840506 34 23 2
842669 34 16 2
842678 34 23 0
844298 34 23 2
844739 34 44 2
844742 34 23 0
846082 34 23 2
846547 34 23 2
846550 34 23 0
846780 34 23 2
848244 34 23 0
848244 34 23 2
850608 34 23 2
853555 34 51 2
853560 34 23 0
856831 34 23 2
858249 34 31 2
858259 34 23 0
867123 34 23 2
867209 34 52 2
867219 34 23 0
869787 34 23 2
870472 34 35 2
870483 34 23 0
872407 34 23 2
874618 34 18 2
874627 34 23 0
877811 34 23 2
878141 34 50 2
878147 34 23 0
882445 34 23 2
883122 34 37 2
883129 34 23 0
885903 34 23 2
887703 34 23 0
887703 34 14 2
890091 34 23 2
891720 34 63 2
891723 34 23 0
895257 34 23 2
897507 34 46 2
897513 34 23 0
897813 34 23 2
899913 34 23 0
899913 34 46 2
903557 34 23 2
904236 34 12 2
904241 34 23 0
905487 34 23 2
906900 34 11 2
906903 34 23 0
907269 34 23 2
909378 34 26 2
909381 34 23 0
911097 34 23 2
911595 34 30 2
911601 34 23 0
912772 34 23 2
913416 34 28 2
913420 34 23 0
914098 34 23 2
914174 34 28 2
914182 34 23 0
917226 34 23 2
917995 34 38 2
918006 34 23 0
918262 34 23 2
918278 34 23 0
918486 34 23 2
918522 34 29 0
918561 34 59 2
918628 34 29 2
918644 34 23 0
921726 34 23 2
921801 34 47 2
921826 34 32 0
921908 34 32 2
921992 34 28 0
922090 34 28 2
922142 34 2 0
922216 34 2 2
922228 34 29 0
922285 34 29 2
922317 34 4 0
922399 34 4 2
922407 34 35 0
922407 34 35 0
922433 34 35 2
922482 34 35 2
922522 34 36 0
922522 34 36 0
922556 34 36 2
922605 34 36 2
941311 34 40 2
967159 34 2 0
967160 34 56 1
967362 34 2 2
967420 34 56 2
979338 34 2 0
979339 34 2 2
1061853 34 2 0
1061854 34 2 2
1069187 34 2 0
1069188 34 2 2
1074607 34 2 2
1074608 34 2 0
1081782 34 2 0
1081783 34 2 2
1081824 34 2 0
1081824 34 3 2
1090997 34 37 0
1090997 34 37 0
1092291 34 37 2
1094469 34 37 2
1094737 34 36 0
1094737 34 36 0
1094811 34 36 2
1094930 34 36 2
1094962 34 38 0
1094962 34 38 0
1095012 34 38 2
1095672 34 38 2
1095832 34 54 0
1095832 34 54 0
1095923 34 54 2
1095951 34 56 0
1095951 34 56 0
1095998 34 54 2
1096009 34 56 2
1096049 34 56 2
1096053 34 12 0
1096053 34 12 0
1096111 34 12 2
1096119 34 12 2
1096127 34 57 0
1096127 34 57 0
1096177 34 57 2
1096218 34 57 2
1096274 34 37 0
1096274 34 37 0
1096316 34 37 2
1098134 34 37 2
1098266 34 35 0
1098266 34 35 0
1098302 34 35 2
1098661 34 35 2
1099517 34 47 0
1099517 34 47 0
1099583 34 47 2
1099601 34 47 2
1099625 34 11 0
1099625 34 11 0
1099675 34 11 2
1099683 34 11 2
1099811 34 1 0
1099965 34 1 2
1100021 34 7 0
1100337 34 7 2
1100817 34 15 0
1100817 34 15 0
1100900 34 15 2
1100917 34 15 2
1101005 34 38 0
1101005 34 38 0
1101055 34 38 2
1101880 34 38 2
1102024 34 11 0
1102024 34 11 0
1102074 34 11 2
1102082 34 11 2
1102094 34 46 0
1102094 34 46 0
1102153 34 46 2
1102167 34 46 2
1102367 34 47 0
1102367 34 47 0
1102433 34 47 2
1102441 34 47 2
1102457 34 12 0
1102535 34 12 2
1102571 34 47 0
1102651 34 47 2
1103461 34 33 2
1103780 34 32 2
1103828 34 31 2
1103959 34 63 0
1103959 34 63 0
1104051 34 63 2
1104052 34 33 2
1104079 34 63 2
1104173 34 32 2
1104179 34 33 2
1104283 34 58 0
1104283 34 58 0
1104312 34 31 2
1104345 34 58 2
1104458 34 31 2
1104476 34 56 1
1104532 34 58 2
1104616 34 46 0
1104670 34 40 2
1104698 34 46 2
1104719 34 56 2
1105254 34 15 0
1105254 34 15 0
1105336 34 15 2
1105424 34 15 2
1105924 34 52 0
1106508 34 52 2
1107084 34 53 0
1107429 34 53 2
1108005 34 54 0
1108330 34 54 2
1108906 34 55 0
1109179 34 55 2
1109755 34 56 0
1109885 34 56 1
1110060 34 56 2
1110091 34 0 2
1110165 34 56 2
1110636 34 57 0
1111005 34 57 2
1111581 34 58 0
1111878 34 58 2
1112454 34 59 0
1112454 34 59 0
1112506 34 59 2
1112730 34 59 2
1113306 34 60 0
1113696 34 60 2
1114272 34 61 0
1114607 34 61 2
1115183 34 62 0
1115499 34 62 2
1116075 34 63 0
1116398 34 63 2
1116974 34 0 0
1116974 34 0 0
1117040 34 0 2
1117285 34 0 2
1117553 34 2 0
1117779 34 2 2
1117835 34 3 0
1117952 34 3 2
1117956 34 7 0
1118380 34 7 2
1118468 34 4 0
1118593 34 4 2
1118981 34 1 0
1119251 34 1 2
1119827 34 2 0
1120121 34 2 2
1120697 34 3 0
1121082 34 3 2
1121658 34 4 0
1121941 34 4 2
1122517 34 5 0
1122794 34 5 2
1123370 34 6 0
1123732 34 6 2
1124308 34 7 0
1124633 34 7 2
1125209 34 8 0
1125209 34 8 0
1125267 34 8 2
1125445 34 8 2
1126021 34 9 0
1126344 34 9 2
1126920 34 10 0
1127242 34 10 2
1127818 34 11 0
1127818 34 11 0
1127868 34 11 2
1128184 34 11 2
1128760 34 12 0
1129042 34 12 2
1129618 34 13 0
1129903 34 13 2
1130479 34 14 0
1130824 34 14 2
1131400 34 15 0
1131733 34 15 2
1132309 34 16 0
1132547 34 16 2
1133123 34 17 0
1133421 34 17 2
1133997 34 18 0
1134315 34 18 2
1134891 34 19 0
1135226 34 19 2
1135802 34 20 0
1136114 34 20 2
1136690 34 21 0
1137003 34 21 2
1137579 34 22 0
1137896 34 22 2
1138472 34 23 0
1138766 34 23 2
1139342 34 24 0
1139586 34 24 2
1140162 34 25 0
1140451 34 25 2
1140906 34 56 1
1141027 34 26 0
1141131 34 39 2
1141197 34 56 2
1141326 34 26 2
1141515 34 56 1
1141601 34 56 1
1141741 34 60 2
1141772 34 56 1
1141807 34 56 2
1141851 34 36 2
1141858 34 56 1
1141893 34 56 2
1141902 34 27 0
1141971 34 14 2
1141976 34 56 1
1142053 34 56 2
1142081 34 38 2
1142139 34 56 2
1142191 34 12 2
1142219 34 27 2
1142257 34 56 2
1142795 34 28 0
1143084 34 56 1
1143122 34 28 2
1143268 34 56 1
1143281 34 54 2
1143355 34 56 2
1143491 34 20 2
1143549 34 56 2
1143634 34 56 1
1143698 34 29 0
1143818 34 56 1
1143851 34 61 2
1143904 34 56 1
1143925 34 56 2
1143973 34 29 2
1144051 34 56 2
1144117 34 56 2
1144121 34 56 1
1144171 34 35 2
1144202 34 56 1
1144205 34 56 2
1144321 34 55 2
1144322 34 56 1
1144402 34 56 2
1144431 34 49 2
1144481 34 56 2
1144511 34 56 1
1144541 34 27 2
1144549 34 30 0
1144583 34 56 2
1144630 34 56 1
1144721 34 48 2
1144779 34 56 2
1144831 34 10 2
1144858 34 30 2
1144881 34 56 2
1144950 34 56 1
1145134 34 56 1
1145171 34 57 2
1145220 34 56 1
1145229 34 56 2
1145330 34 56 1
1145332 34 4 2
1145406 34 56 2
1145433 34 56 1
1145434 34 31 0
1145442 34 44 2
1145492 34 56 2
1145550 34 56 1
1145552 34 28 2
1145603 34 56 2
1145661 34 43 2
1145705 34 56 2
1145708 34 31 2
1145771 34 19 2
1145790 34 56 1
1145821 34 56 2
1145926 34 56 1
1145991 34 58 2
1146036 34 56 1
1146041 34 56 2
1146138 34 56 1
1146211 34 53 2
1146266 34 56 1
1146277 34 56 2
1146284 34 32 0
1146321 34 21 2
1146388 34 56 2
1146441 34 8 2
1146507 34 56 2
1146536 34 32 2
1146551 34 46 2
1146617 34 56 2
1146630 34 56 1
1146732 34 56 1
1146817 34 56 1
1146831 34 6 2
1146919 34 56 1
1146921 34 56 2
1146941 34 5 2
1147023 34 56 2
1147051 34 52 2
1147108 34 56 2
1147112 34 33 0
1147112 34 56 1
1147161 34 16 2
1147213 34 56 1
1147219 34 56 2
1147321 34 23 2
1147322 34 56 1
1147403 34 56 2
1147431 34 22 2
1147491 34 33 2
1147508 34 56 2
1147541 34 50 2
1147583 34 56 2
1147782 34 56 1
1147896 34 56 1
1147981 34 62 2
1147982 34 56 1
1148062 34 56 2
1148067 34 34 0
1148076 34 56 1
1148091 34 47 2
1148165 34 56 2
1148201 34 24 2
1148218 34 56 1
1148251 34 56 2
1148311 34 34 2
1148327 34 34 2
1148328 34 56 1
1148336 34 56 2
1148421 34 29 2
1148447 34 56 1
1148479 34 56 2
1148531 34 59 2
1148539 34 56 1
1148589 34 56 2
1148651 34 30 2
1148690 34 56 1
1148717 34 56 2
1148761 34 9 2
1148768 34 56 1
1148819 34 56 2
1148891 34 15 2
1148903 34 35 0
1148981 34 56 2
1148985 34 56 1
1149001 34 45 2
1149059 34 56 2
1149062 34 56 1
1149191 34 13 2
1149230 34 35 2
1149265 34 56 2
1149268 34 56 1
1149301 34 17 2
1149321 34 56 1
1149351 34 56 2
1149471 34 7 2
1149569 34 56 2
1149581 34 18 2
1149623 34 56 2
1149700 34 56 1
1149745 34 56 1
1149806 34 36 0
1149864 34 56 1
1149901 34 63 2
1149975 34 56 1
1149991 34 56 2
1150011 34 33 2
1150045 34 56 2
1150112 34 36 2
1150122 34 32 2
1150155 34 56 1
1150164 34 56 2
1150231 34 41 2
1150248 34 56 1
1150273 34 56 2
1150351 34 31 2
1150390 34 56 1
1150425 34 56 2
1150461 34 11 2
1150499 34 56 1
1150519 34 56 2
1150594 34 56 1
1150611 34 51 2
1150660 34 56 2
1150688 34 37 0
1150721 34 37 2
1150728 34 56 1
1150772 34 56 2
1150814 34 56 1
1150831 34 26 2
1150865 34 56 2
1150924 34 56 1
1150941 34 1 2
1150972 34 37 2
1151007 34 56 2
1151042 34 56 1
1151051 34 42 2
1151084 34 56 2
1151161 34 25 2
1151203 34 56 2
1151226 34 56 1
1151271 34 40 2
1151321 34 56 2
1151432 34 3 2
1151499 34 56 2
1151548 34 38 0
1151860 34 38 2
1152436 34 39 0
1152710 34 39 2
1153286 34 40 0
1153544 34 40 2
1153837 34 56 1
1154041 34 2 2
1154099 34 56 2
1154120 34 41 0
1154449 34 41 2
1155025 34 42 0
1155289 34 42 2
1155865 34 43 0
1156150 34 43 2
1156726 34 44 0
1157031 34 44 2
1157607 34 45 0
1157911 34 45 2
1158487 34 46 0
1158800 34 46 2
1159376 34 47 0
1159650 34 47 2
1160226 34 48 0
1160502 34 48 2
1161078 34 49 0
1161388 34 49 2
1161964 34 50 0
1162208 34 50 2
1170608 34 8 0
1170866 34 8 2
1207766 34 1 0
1207766 34 1 0
1207835 34 1 2
1207874 34 1 2
1207887 34 35 0
1207887 34 35 0
1207963 34 35 2
1208102 34 35 2
1208258 34 36 0
1208258 34 36 0
1208292 34 36 2
1208363 34 36 2
1208427 34 37 0
1208427 34 37 0
1208469 34 37 2
1208527 34 37 2
1208575 34 58 0
1208575 34 58 0
1208617 34 58 2
1208713 34 58 2
1208745 34 59 0
1208745 34 59 0
1208795 34 59 2
1208875 34 59 2
1209087 34 61 0
1209087 34 61 0
1209154 34 61 2
1209244 34 61 2
1209496 34 59 0
1209496 34 59 0
1209547 34 59 2
1209631 34 59 2
1209659 34 54 0
1209659 34 54 0
1209751 34 54 2
1209755 34 54 2
1209815 34 56 0
1209815 34 56 0
1209875 34 56 2
1209882 34 56 2
1209910 34 57 0
1209910 34 57 0
1209960 34 57 2
1210067 34 57 2
1210659 34 11 0
1210659 34 11 0
1210709 34 11 2
1210717 34 11 2
1211441 34 1 0
1211506 34 1 2
1211612 34 3 0
1211613 34 0 0
1211954 34 46 0
1212019 34 46 2
1212051 34 47 0
1212126 34 47 2
1212270 34 12 0
1212335 34 12 2
1212819 34 1 0
1212819 34 1 0
1212884 34 1 2
1212928 34 1 2
1212973 34 33 2
1213332 34 46 0
1213397 34 46 2
1213429 34 47 0
1213429 34 47 0
1213503 34 33 2
1213506 34 47 2
1213525 34 47 2
1213625 34 33 2
1213650 34 12 0
1213650 34 12 0
1213710 34 12 2
1213719 34 12 2
1213851 34 33 2
1214158 34 0 0
1214203 34 1 0
1214217 34 56 1
1214268 34 1 2
1214409 34 33 2
1214420 34 3 2
1214486 34 56 2
1214630 34 32 2
1214716 34 46 0
1214716 34 46 0
1214782 34 46 2
1214814 34 47 0
1214845 34 46 2
1214886 34 47 2
1214940 34 33 2
1215030 34 12 0
1215062 34 33 2
1215094 34 12 2
1215288 34 33 2
1215578 34 1 0
1215578 34 1 0
1215637 34 1 2
1215646 34 1 2
1215847 34 33 2
1216094 34 46 0
1216105 34 32 2
1216160 34 46 2
1216192 34 47 0
1216266 34 47 2
1216378 34 33 2
1216410 34 12 0
1216492 34 12 2
1216502 34 33 2
1216644 34 32 2
1216729 34 33 2
1216775 34 32 2
1216976 34 1 0
1216976 34 1 0
1217009 34 32 2
1217035 34 1 2
1217043 34 1 2
1217491 34 46 0
1217491 34 46 0
1217549 34 46 2
1217561 34 46 2
1217578 34 32 2
1217593 34 47 0
1217593 34 47 0
1217659 34 47 2
1217668 34 47 2
1217812 34 12 0
1217812 34 12 0
1217870 34 12 2
1217878 34 12 2
1218117 34 32 2
1218247 34 32 2
1218362 34 1 0
1218362 34 1 0
1218420 34 1 2
1218429 34 1 2
1218481 34 32 2
1218861 34 12 0
1218861 34 12 0
1218919 34 12 2
1218926 34 12 2
1218942 34 46 0
1218942 34 46 0
1219001 34 46 2
1219014 34 46 2
1219046 34 47 0
1219046 34 47 0
1219112 34 47 2
1219134 34 47 2
1219278 34 12 0
1219278 34 12 0
1219336 34 12 2
1219361 34 12 2
1219845 34 1 0
1219845 34 1 0
1219907 34 1 2
1219912 34 1 2
1220360 34 46 0
1220360 34 46 0
1220420 34 46 2
1220429 34 46 2
1220461 34 47 0
1220461 34 47 0
1220533 34 47 2
1220538 34 47 2
1220682 34 12 0
1220682 34 12 0
1220740 34 12 2
1220752 34 12 2
1221236 34 1 0
1221236 34 1 0
1221294 34 1 2
1221302 34 1 2
1221750 34 46 0
1221750 34 46 0
1221810 34 46 2
1221820 34 46 2
1221852 34 47 0
1221852 34 47 0
1221924 34 47 2
1221926 34 47 2
1222070 34 12 0
1222070 34 12 0
1222128 34 12 2
1222153 34 12 2
1222637 34 1 0
1222637 34 1 0
1222695 34 1 2
1222704 34 1 2
1223152 34 46 0
1223152 34 46 0
1223210 34 46 2
1223228 34 46 2
1223260 34 47 0
1223260 34 47 0
1223326 34 47 2
1223334 34 47 2
1223478 34 12 0
1223478 34 12 0
1223536 34 12 2
1223545 34 12 2
1224029 34 1 0
1224029 34 1 0
1224087 34 1 2
1224095 34 1 2
1224543 34 46 0
1224543 34 46 0
1224601 34 46 2
1224609 34 46 2
1224641 34 47 0
1224641 34 47 0
1224707 34 47 2
1224716 34 47 2
1224860 34 12 0
1224860 34 12 0
1224920 34 12 2
1224945 34 12 2
1225429 34 1 0
1225429 34 1 0
1225487 34 1 2
1225495 34 1 2
1225943 34 46 0
1225943 34 46 0
1226001 34 46 2
1226012 34 46 2
1226044 34 47 0
1226044 34 47 0
1226110 34 47 2
1226117 34 47 2
1226261 34 12 0
1226261 34 12 0
1226319 34 12 2
1226327 34 12 2
1226811 34 1 0
1226811 34 1 0
1226869 34 1 2
1226877 34 1 2
1227325 34 46 0
1227325 34 46 0
1227383 34 46 2
1227391 34 46 2
1227423 34 47 0
1227423 34 47 0
1227495 34 47 2
1227499 34 47 2
1227643 34 12 0
1227643 34 12 0
1227701 34 12 2
1227726 34 12 2
1228210 34 1 0
1228210 34 1 0
1228268 34 1 2
1228275 34 1 2
1228723 34 46 0
1228723 34 46 0
1228782 34 46 2
1228792 34 46 2
1228824 34 47 0
1228824 34 47 0
1228890 34 47 2
1228899 34 47 2
1229043 34 12 0
1229043 34 12 0
1229101 34 12 2
1229109 34 12 2
1229593 34 1 0
1229593 34 1 0
1229651 34 1 2
1229660 34 1 2
1230108 34 46 0
1230108 34 46 0
1230166 34 46 2
1230173 34 46 2
1230205 34 47 0
1230205 34 47 0
1230271 34 47 2
1230279 34 47 2
1230423 34 12 0
1230423 34 12 0
1230481 34 12 2
1230489 34 12 2
1230973 34 1 0
1230973 34 1 0
1231031 34 1 2
1231041 34 1 2
1231489 34 46 0
1231489 34 46 0
1231547 34 46 2
1231554 34 46 2
1231586 34 47 0
1231586 34 47 0
1231658 34 47 2
1231660 34 47 2
1231804 34 12 0
1231804 34 12 0
1231862 34 12 2
1231870 34 12 2
1232354 34 1 0
1232354 34 1 0
1232412 34 1 2
1232420 34 1 2
1232868 34 46 0
1232868 34 46 0
1232926 34 46 2
1232934 34 46 2
1232966 34 47 0
1232966 34 47 0
1233033 34 47 2
1233042 34 47 2
1233186 34 12 0
1233186 34 12 0
1233244 34 12 2
1233251 34 12 2
1233735 34 1 0
1233735 34 1 0
1233793 34 1 2
1233801 34 1 2
1234249 34 46 0
1234249 34 46 0
1234307 34 46 2
1234316 34 46 2
1234348 34 47 0
1234348 34 47 0
1234415 34 47 2
1234424 34 47 2
1234568 34 12 0
1234568 34 12 0
1234626 34 12 2
1234637 34 12 2
1235121 34 1 0
1235121 34 1 0
1235179 34 1 2
1235187 34 1 2
1235635 34 46 0
1235635 34 46 0
1235693 34 46 2
1235702 34 46 2
1235734 34 47 0
1235734 34 47 0
1235800 34 47 2
1235811 34 47 2
1235955 34 12 0
1235955 34 12 0
1236013 34 12 2
1236021 34 12 2
1236505 34 1 0
1236505 34 1 0
1236563 34 1 2
1236572 34 1 2
1237020 34 46 0
1237020 34 46 0
1237078 34 46 2
1237087 34 46 2
1237119 34 47 0
1237119 34 47 0
1237185 34 47 2
1237194 34 47 2
1237338 34 12 0
1237338 34 12 0
1237396 34 12 2
1237405 34 12 2
1237889 34 1 0
1237889 34 1 0
1237947 34 1 2
1237955 34 1 2
1238403 34 46 0
1238403 34 46 0
1238461 34 46 2
1238471 34 46 2
1238503 34 47 0
1238503 34 47 0
1238570 34 47 2
1238576 34 47 2
1238720 34 12 0
1238720 34 12 0
1238778 34 12 2
1238789 34 12 2
1239273 34 1 0
1239273 34 1 0
1239331 34 1 2
1239339 34 1 2
1239787 34 46 0
1239787 34 46 0
1239853 34 46 2
1239855 34 46 2
1239885 34 47 0
1239885 34 47 0
1239959 34 47 2
1239991 34 47 2
1240103 34 12 0
1240103 34 12 0
1240169 34 12 2
1240211 34 12 2
1240653 34 1 0
1240653 34 1 0
1240719 34 1 2
1240753 34 1 2
1241167 34 46 0
1241167 34 46 0
1241234 34 46 2
1241266 34 47 0
1241266 34 47 0
1241295 34 46 2
1241349 34 47 2
1241442 34 47 2
1241493 34 12 0
1241493 34 12 0
1241551 34 12 2
1241559 34 12 2
1242043 34 1 0
1242043 34 1 0
1242110 34 1 2
1242116 34 1 2
1242558 34 46 0
1242558 34 46 0
1242617 34 46 2
1242623 34 46 2
1242655 34 47 0
1242655 34 47 0
1242721 34 47 2
1242729 34 47 2
1242873 34 12 0
1242873 34 12 0
1242931 34 12 2
1242939 34 12 2
1243423 34 1 0
1243423 34 1 0
1243481 34 1 2
1243489 34 1 2
1243937 34 46 0
1243937 34 46 0
1243996 34 46 2
1244004 34 46 2
1244036 34 47 0
1244036 34 47 0
1244102 34 47 2
1244110 34 47 2
1244254 34 12 0
1244254 34 12 0
1244312 34 12 2
1244320 34 12 2
1244804 34 1 0
1244804 34 1 0
1244862 34 1 2
1244870 34 1 2
1245318 34 46 0
1245318 34 46 0
1245378 34 46 2
1245386 34 46 2
1245418 34 47 0
1245418 34 47 0
1245484 34 47 2
1245492 34 47 2
1245636 34 12 0
1245636 34 12 0
1245694 34 12 2
1245714 34 12 2
1246198 34 1 0
1246198 34 1 0
1246256 34 1 2
1246264 34 1 2
1246712 34 46 0
1246712 34 46 0
1246775 34 46 2
1246779 34 46 2
1246811 34 47 0
1246811 34 47 0
1246877 34 47 2
1246886 34 47 2
1247030 34 12 0
1247030 34 12 0
1247088 34 12 2
1247095 34 12 2
1247579 34 1 0
1247579 34 1 0
1247637 34 1 2
1247645 34 1 2
1248093 34 46 0
1248093 34 46 0
1248151 34 46 2
1248168 34 46 2
1248200 34 47 0
1248200 34 47 0
1248266 34 47 2
1248274 34 47 2
1248418 34 12 0
1248418 34 12 0
1248476 34 12 2
1248483 34 12 2
1248967 34 1 0
1248967 34 1 0
1249025 34 1 2
1249032 34 1 2
1249480 34 46 0
1249480 34 46 0
1249544 34 46 2
1249546 34 46 2
1249578 34 47 0
1249578 34 47 0
1249646 34 47 2
1249657 34 47 2
1249801 34 12 0
1249801 34 12 0
1249859 34 12 2
1249901 34 12 2
1250385 34 1 0
1250385 34 1 0
1250444 34 1 2
1250451 34 1 2
1250899 34 46 0
1250899 34 46 0
1250957 34 46 2
1250968 34 46 2
1251000 34 47 0
1251000 34 47 0
1251066 34 47 2
1251073 34 47 2
1251217 34 12 0
1251217 34 12 0
1251275 34 12 2
1251283 34 12 2
1251671 34 1 0
1251671 34 1 0
1251729 34 1 2
1251736 34 1 2
1252184 34 46 0
1252184 34 46 0
1252242 34 46 2
1252251 34 46 2
1252283 34 47 0
1252283 34 47 0
1252349 34 47 2
1252357 34 47 2
1252501 34 12 0
1252501 34 12 0
1252559 34 12 2
1252567 34 12 2
1253051 34 1 0
1253051 34 1 0
1253109 34 1 2
1253117 34 1 2
1253565 34 46 0
1253565 34 46 0
1253625 34 46 2
1253632 34 46 2
1253664 34 47 0
1253664 34 47 0
1253730 34 47 2
1253738 34 47 2
1253882 34 12 0
1253882 34 12 0
1253940 34 12 2
1253948 34 12 2
1254432 34 1 0
1254432 34 1 0
1254490 34 1 2
1254498 34 1 2
1254946 34 46 0
1254946 34 46 0
1255004 34 46 2
1255012 34 46 2
1255044 34 47 0
1255044 34 47 0
1255110 34 47 2
1255118 34 47 2
1255270 34 61 0
1255270 34 61 0
1255341 34 61 2
1255344 34 61 2
1255368 34 62 0
1255368 34 62 0
1255442 34 62 2
1255451 34 62 2
1255727 34 63 0
1255727 34 63 0
1255810 34 63 2
1255826 34 63 2
1256250 34 12 0
1256250 34 12 0
1256308 34 12 2
1256334 34 12 2
1256986 34 1 0
1256986 34 1 0
1257044 34 1 2
1257083 34 1 2
1257531 34 46 0
1257531 34 46 0
1257589 34 46 2
1257597 34 46 2
1257629 34 47 0
1257629 34 47 0
1257697 34 47 2
1257705 34 47 2
1258581 34 12 0
1258581 34 12 0
1258639 34 12 2
1258665 34 12 2
1259317 34 1 0
1259317 34 1 0
1259377 34 1 2
1259387 34 1 2
1259835 34 46 0
1259835 34 46 0
1259841 34 33 2
1259899 34 46 2
1259909 34 46 2
1259941 34 47 0
1259941 34 47 0
1260007 34 47 2
1260015 34 47 2
1260159 34 12 0
1260159 34 12 0
1260217 34 12 2
1260224 34 12 2
1260708 34 1 0
1260708 34 1 0
1260766 34 1 2
1260774 34 1 2
1261222 34 46 0
1261222 34 46 0
1261280 34 46 2
1261289 34 46 2
1261321 34 47 0
1261321 34 47 0
1261387 34 47 2
1261397 34 47 2
1261541 34 12 0
1261541 34 12 0
1261599 34 12 2
1261608 34 12 2
1262092 34 1 0
1262092 34 1 0
1262150 34 33 2
1262151 34 1 2
1262159 34 1 2
1262607 34 46 0
1262607 34 46 0
1262666 34 46 2
1262673 34 46 2
1262705 34 47 0
1262705 34 47 0
1262771 34 47 2
1262779 34 47 2
1262923 34 12 0
1262988 34 12 2
1263472 34 1 0
1263472 34 1 0
1263539 34 1 2
1263581 34 1 2
1263987 34 46 0
1263987 34 46 0
1264056 34 46 2
1264088 34 47 0
1264088 34 47 0
1264095 34 46 2
1264162 34 47 2
1264214 34 47 2
1264306 34 12 0
1264371 34 12 2
1264855 34 1 0
1264855 34 1 0
1264913 34 1 2
1264921 34 1 2
1265353 34 8 0
1265353 34 8 0
1265411 34 8 2
1265453 34 8 2
1265469 34 46 0
1265469 34 46 0
1265527 34 46 2
1265535 34 46 2
1265567 34 47 0
1265567 34 47 0
1265633 34 47 2
1265641 34 47 2
1265785 34 12 0
1265785 34 12 0
1265843 34 12 2
1265851 34 12 2
1266335 34 1 0
1266335 34 1 0
1266393 34 1 2
1266400 34 1 2
1266848 34 46 0
1266848 34 46 0
1266906 34 46 2
1266914 34 46 2
1266946 34 47 0
1266946 34 47 0
1267012 34 47 2
1267020 34 47 2
1267164 34 12 0
1267164 34 12 0
1267222 34 12 2
1267229 34 12 2
1267713 34 1 0
1267713 34 1 0
1267775 34 1 2
1267780 34 1 2
1268228 34 46 0
1268228 34 46 0
1268292 34 46 2
1268295 34 46 2
1268327 34 47 0
1268327 34 47 0
1268393 34 47 2
1268401 34 47 2
1268545 34 12 0
1268545 34 12 0
1268603 34 12 2
1268611 34 12 2
1269095 34 1 0
1269095 34 1 0
1269153 34 1 2
1269161 34 1 2
1269609 34 46 0
1269609 34 46 0
1269667 34 46 2
1269676 34 46 2
1269708 34 47 0
1269708 34 47 0
1269774 34 47 2
1269784 34 47 2
1269928 34 12 0
1269928 34 12 0
1269986 34 12 2
1269996 34 12 2
1270480 34 1 0
1270480 34 1 0
1270539 34 1 2
1270546 34 1 2
1270994 34 46 0
1270994 34 46 0
1271052 34 46 2
1271062 34 46 2
1271094 34 47 0
1271094 34 47 0
1271161 34 47 2
1271173 34 47 2
1271317 34 12 0
1271317 34 12 0
1271376 34 12 2
1271383 34 12 2
1271867 34 1 0
1271867 34 1 0
1271925 34 1 2
1271933 34 1 2
1272381 34 46 0
1272381 34 46 0
1272453 34 46 2
1272454 34 46 2
1272486 34 47 0
1272486 34 47 0
1272552 34 47 2
1272560 34 47 2
1272704 34 12 0
1272704 34 12 0
1272762 34 12 2
1272775 34 12 2
1273259 34 1 0
1273259 34 1 0
1273317 34 1 2
1273325 34 1 2
1273773 34 46 0
1273773 34 46 0
1273831 34 46 2
1273841 34 46 2
1273873 34 47 0
1273873 34 47 0
1273941 34 47 2
1273953 34 47 2
1274097 34 12 0
1274097 34 12 0
1274156 34 12 2
1274163 34 12 2
1274647 34 1 0
1274647 34 1 0
1274705 34 1 2
1274713 34 1 2
1275161 34 46 0
1275161 34 46 0
1275219 34 46 2
1275232 34 46 2
1275264 34 47 0
1275264 34 47 0
1275330 34 47 2
1275338 34 47 2
1275482 34 12 0
1275482 34 12 0
1275540 34 12 2
1275547 34 12 2
1276031 34 1 0
1276031 34 1 0
1276089 34 1 2
1276096 34 1 2
1276544 34 46 0
1276544 34 46 0
1276605 34 46 2
1276621 34 46 2
1276653 34 47 0
1276653 34 47 0
1276719 34 47 2
1276727 34 47 2
1276871 34 12 0
1276871 34 12 0
1276929 34 12 2
1276939 34 12 2
1277423 34 1 0
1277423 34 1 0
1277481 34 1 2
1277489 34 1 2
1277937 34 46 0
1277937 34 46 0
1277999 34 46 2
1278013 34 46 2
1278045 34 47 0
1278045 34 47 0
1278118 34 47 2
1278122 34 47 2
1278266 34 12 0
1278266 34 12 0
1278325 34 12 2
1278339 34 12 2
1278823 34 1 0
1278823 34 1 0
1278881 34 1 2
1278895 34 1 2
1279343 34 46 0
1279343 34 46 0
1279406 34 46 2
1279409 34 46 2
1279441 34 47 0
1279441 34 47 0
1279507 34 47 2
1279515 34 47 2
1279659 34 12 0
1279659 34 12 0
1279718 34 12 2
1279725 34 12 2
1280209 34 1 0
1280209 34 1 0
1280267 34 1 2
1280276 34 1 2
1280724 34 46 0
1280724 34 46 0
1280782 34 46 2
1280790 34 46 2
1280822 34 47 0
1280822 34 47 0
1280889 34 47 2
1280904 34 47 2
1281048 34 12 0
1281048 34 12 0
1281106 34 12 2
1281114 34 12 2
1281598 34 1 0
1281598 34 1 0
1281657 34 1 2
1281671 34 1 2
1282119 34 46 0
1282119 34 46 0
1282178 34 46 2
1282186 34 46 2
1282218 34 47 0
1282218 34 47 0
1282285 34 47 2
1282295 34 47 2
1282439 34 12 0
1282439 34 12 0
1282497 34 12 2
1282508 34 12 2
1282992 34 1 0
1282992 34 1 0
1283050 34 1 2
1283058 34 1 2
1283506 34 46 0
1283506 34 46 0
1283564 34 46 2
1283573 34 46 2
1283605 34 47 0
1283605 34 47 0
1283672 34 47 2
1283680 34 47 2
1283824 34 12 0
1283824 34 12 0
1283882 34 12 2
1283889 34 12 2
1284373 34 1 0
1284373 34 1 0
1284431 34 1 2
1284439 34 1 2
1284887 34 46 0
1284887 34 46 0
1284945 34 46 2
1284953 34 46 2
1284985 34 47 0
1284985 34 47 0
1285051 34 47 2
1285061 34 47 2
1285205 34 12 0
1285205 34 12 0
1285263 34 12 2
1285271 34 12 2
1285755 34 1 0
1285755 34 1 0
1285813 34 1 2
1285821 34 1 2
1286269 34 46 0
1286269 34 46 0
1286327 34 46 2
1286334 34 46 2
1286366 34 47 0
1286366 34 47 0
1286432 34 47 2
1286440 34 47 2
1286584 34 12 0
1286584 34 12 0
1286644 34 12 2
1286659 34 12 2
1287143 34 1 0
1287143 34 1 0
1287201 34 1 2
1287210 34 1 2
1287658 34 46 0
1287658 34 46 0
1287716 34 46 2
1287725 34 46 2
1287757 34 47 0
1287757 34 47 0
1287823 34 47 2
1287831 34 47 2
1287975 34 12 0
1287975 34 12 0
1288033 34 12 2
1288043 34 12 2
1288527 34 1 0
1288527 34 1 0
1288585 34 1 2
1288593 34 1 2
1289041 34 46 0
1289041 34 46 0
1289099 34 46 2
1289108 34 46 2
1289140 34 47 0
1289140 34 47 0
1289211 34 47 2
1289216 34 47 2
1289360 34 12 0
1289360 34 12 0
1289418 34 12 2
1289426 34 12 2
1289910 34 1 0
1289910 34 1 0
1289968 34 1 2
1289979 34 1 2
1290427 34 46 0
1290427 34 46 0
1290492 34 46 2
1290495 34 46 2
1290527 34 47 0
1290527 34 47 0
1290593 34 47 2
1290601 34 47 2
1290745 34 12 0
1290745 34 12 0
1290803 34 12 2
1290811 34 12 2
1291295 34 1 0
1291295 34 1 0
1291353 34 1 2
1291361 34 1 2
1291809 34 46 0
1291809 34 46 0
1291868 34 46 2
1291878 34 46 2
1291910 34 47 0
1291910 34 47 0
1291977 34 47 2
1291985 34 47 2
1292129 34 12 0
1292129 34 12 0
1292187 34 12 2
1292196 34 12 2
1292680 34 1 0
1292680 34 1 0
1292739 34 1 2
1292755 34 1 2
1293203 34 46 0
1293203 34 46 0
1293261 34 46 2
1293272 34 46 2
1293304 34 47 0
1293304 34 47 0
1293371 34 47 2
1293381 34 47 2
1293525 34 12 0
1293525 34 12 0
1293590 34 12 2
1293594 34 12 2
1294078 34 1 0
1294078 34 1 0
1294136 34 1 2
1294145 34 1 2
1294593 34 46 0
1294593 34 46 0
1294651 34 46 2
1294658 34 46 2
1294690 34 47 0
1294690 34 47 0
1294756 34 47 2
1294764 34 47 2
1294908 34 12 0
1294908 34 12 0
1294966 34 12 2
1294975 34 12 2
1295459 34 1 0
1295459 34 1 0
1295517 34 1 2
1295525 34 1 2
1295973 34 46 0
1295973 34 46 0
1296031 34 46 2
1296039 34 46 2
1296071 34 47 0
1296071 34 47 0
1296137 34 47 2
1296145 34 47 2
1296289 34 12 0
1296289 34 12 0
1296347 34 12 2
1296355 34 12 2
1296839 34 1 0
1296839 34 1 0
1296897 34 1 2
1296904 34 1 2
1297352 34 46 0
1297352 34 46 0
1297410 34 46 2
1297417 34 46 2
1297449 34 47 0
1297449 34 47 0
1297515 34 47 2
1297524 34 47 2
1297668 34 12 0
1297668 34 12 0
1297726 34 12 2
1297735 34 12 2
1298219 34 1 0
1298219 34 1 0
1298277 34 1 2
1298285 34 1 2
1298733 34 46 0
1298733 34 46 0
1298791 34 46 2
1298799 34 46 2
1298831 34 47 0
1298831 34 47 0
1298897 34 47 2
1298905 34 47 2
1299049 34 12 0
1299049 34 12 0
1299111 34 12 2
1299115 34 12 2
1299599 34 1 0
1299599 34 1 0
1299657 34 1 2
1299665 34 1 2
1300113 34 46 0
1300113 34 46 0
1300173 34 46 2
1300181 34 46 2
1300213 34 47 0
1300213 34 47 0
1300280 34 47 2
1300292 34 47 2
1300436 34 12 0
1300436 34 12 0
1300494 34 12 2
1300501 34 12 2
1301105 34 1 0
1301105 34 1 0
1301163 34 1 2
1301208 34 1 2
1301496 34 62 0
1301496 34 62 0
1301572 34 62 2
1301580 34 62 2
1301704 34 61 0
1301704 34 61 0
1301770 34 61 2
1301778 34 61 2
1302314 34 1 0
1302314 34 1 0
1302372 34 1 2
1302405 34 1 2
1302489 34 58 0
1302489 34 58 0
1302531 34 58 2
1302564 34 58 2
1302644 34 59 0
1302644 34 59 0
1302694 34 59 2
1302718 34 59 2
1303700 34 33 2
1305163 34 31 2
1310719 34 40 2
1323015 34 3 0
1323016 34 3 2
1339411 34 56 1
1339606 34 2 2
1339664 34 56 2
1362741 34 2 0
1362742 34 56 1
1362946 34 2 2
1363004 34 56 2
1374739 34 3 2
1391311 34 56 1
1391516 34 2 2
1391574 34 56 2
1414661 34 2 0
1414662 34 56 1
1414866 34 2 2
1414924 34 56 2
1434168 34 2 0
1434169 34 56 1
1434366 34 2 2
1434424 34 56 2
1458996 34 2 0
1458997 34 3 0
1476721 34 2 0
1476722 34 34 0
1476722 34 2 2
1476731 34 2 2
1492219 34 3 0
1492220 34 0 0
1502334 34 15 0
1502334 34 15 0
1502417 34 15 2
1502425 34 15 2
1502633 34 34 0
1502642 34 2 0
1502642 34 34 2
1502700 34 34 2
1502968 34 55 0
1503106 34 55 2
1503162 34 19 0
1504530 34 19 2
1504586 34 56 0
1504586 34 56 0
1504644 34 56 2
1504693 34 56 2
1504757 34 57 0
1504757 34 57 0
1504780 34 27 2
1504807 34 57 2
1504894 34 57 2
1504954 34 19 0
1507401 34 19 2
1507454 34 33 2
1507461 34 19 0
1508899 34 19 2
1509179 34 37 2
1509187 34 19 0
1514427 34 19 2
1515243 34 19 0
1515243 34 59 2
1517715 34 19 2
1517835 34 19 0
1517835 34 56 2
1524985 34 19 2
1525705 34 19 0
1525705 34 62 2
1528087 34 19 2
1528140 34 2 2
1528215 34 16 2
1528290 34 55 2
1528397 34 48 2
1528488 34 25 2
1528555 34 40 2
1528638 34 59 2
1528721 34 14 2
1528812 34 3 2
1528888 34 19 2
1528948 34 18 2
1529008 34 53 2
1529099 34 22 2
1529182 34 27 2
1529241 34 39 2
1529332 34 33 2
1529399 34 20 2
1529466 34 50 2
1529549 34 47 2
1529551 34 19 0
1530609 34 19 2
2071849 34 40 0
2071983 34 40 0
2072262 34 40 0
2072371 34 40 0
2072526 34 40 0
2072728 34 40 0
2074041 34 2 0
2074042 34 40 0
2079624 34 0 2
