0 31 51 0
1786 31 51 2
1790 31 22 0
3943 31 63 1
4130 31 0 2
4235 31 63 2
4268 31 22 2
4280 31 1 0
4998 31 1 2
5018 31 24 0
5132 31 24 2
5493 31 63 1
5680 31 0 2
5785 31 63 2
13505 31 63 1
13700 31 0 2
13805 31 63 2
18427 31 63 1
18640 31 2 2
18729 31 63 2
33900 31 63 1
34090 31 2 2
34179 31 63 2
49627 31 63 1
49820 31 2 2
49909 31 63 2
86240 31 63 1
86450 31 0 2
86555 31 63 2
93003 31 63 1
93190 31 2 2
93279 31 63 2
108488 31 63 1
108690 31 2 2
108779 31 63 2
113521 31 4 0
117436 31 4 2
117488 31 44 0
119307 31 44 2
119319 31 5 0
119410 31 5 2
119422 31 45 0
119894 31 45 2
119962 31 24 0
120128 31 24 2
120160 31 25 0
120291 31 25 2
120299 31 26 0
120406 31 26 2
120446 31 27 0
120535 31 27 2
120555 31 33 0
120919 31 33 2
120939 31 35 0
121093 31 35 2
121101 31 41 0
121806 31 41 2
121822 31 42 0
122101 31 42 2
122133 31 1 0
122248 31 1 2
122284 31 36 0
122388 31 36 2
122400 31 43 0
122980 31 43 2
122996 31 17 0
123102 31 17 2
123194 31 27 0
123292 31 27 2
123296 31 37 0
123411 31 37 2
123423 31 17 0
123623 31 17 2
123631 31 15 0
123972 31 15 2
124012 31 16 0
124157 31 16 2
124197 31 18 0
124302 31 18 2
124326 31 61 0
124536 31 63 1
124730 31 2 2
124818 31 63 2
125033 31 61 2
125045 31 54 0
125160 31 54 2
125180 31 10 0
125270 31 10 2
125278 31 19 0
125374 31 19 2
125378 31 35 0
125868 31 35 2
125884 31 53 0
126032 31 53 2
126072 31 33 0
126198 31 33 2
126210 31 36 0
126336 31 36 2
126356 31 40 0
126585 31 63 1
126654 31 40 2
126678 31 37 0
126780 31 6 2
126801 31 37 2
126837 31 63 2
126905 31 38 0
127071 31 38 2
127075 31 56 0
127398 31 56 2
127422 31 8 0
127540 31 8 2
127548 31 29 0
127620 31 63 1
127667 31 29 2
127707 31 0 0
127736 31 63 1
127820 31 3 2
127822 31 0 2
127834 31 38 0
127901 31 63 2
127980 31 21 2
127988 31 38 2
128004 31 39 0
128029 31 63 2
128397 31 63 1
128630 31 15 2
128656 31 39 2
128660 31 39 0
128672 31 63 2
129058 31 39 2
129114 31 36 0
129124 31 63 1
129246 31 36 2
129278 31 38 0
129317 31 63 1
129320 31 33 2
129401 31 63 2
129422 31 38 2
129438 31 51 0
129520 31 39 2
129553 31 63 2
129576 31 51 2
129632 31 4 0
129709 31 63 1
129899 31 4 2
129900 31 57 2
129907 31 52 0
130005 31 63 2
130412 31 52 2
130448 31 12 0
130721 31 12 2
130741 31 53 0
130892 31 53 2
130916 31 54 0
131406 31 54 2
131422 31 11 0
131734 31 11 2
131746 31 56 0
131895 31 56 2
131899 31 12 0
132168 31 12 2
132176 31 57 0
132354 31 57 2
132358 31 2 0
132706 31 2 2
132758 31 37 0
132942 31 37 2
132958 31 40 0
133091 31 40 2
133142 31 63 1
133147 31 58 0
133330 31 51 2
133411 31 63 2
134061 31 58 2
134121 31 35 0
134259 31 35 2
134263 31 50 0
134523 31 50 2
134543 31 62 0
136991 31 62 2
137019 31 38 0
137291 31 38 2
137363 31 63 0
138192 31 63 2
138232 31 12 0
138500 31 12 2
138524 31 2 0
138645 31 2 2
138669 31 13 0
138916 31 13 2
139012 31 3 0
139132 31 3 2
139172 31 23 0
139351 31 23 2
139367 31 24 0
139484 31 24 2
139592 31 2 0
139913 31 2 2
139921 31 25 0
140052 31 25 2
140080 31 26 0
140107 31 63 1
140204 31 26 2
140284 31 0 0
140300 31 60 2
140381 31 63 2
140447 31 0 2
140455 31 3 0
140573 31 3 2
140617 31 4 0
140941 31 4 2
141037 31 5 0
141253 31 5 2
141293 31 15 0
141542 31 15 2
141550 31 14 0
141855 31 14 2
141867 31 50 0
142151 31 50 2
142179 31 6 0
142353 31 6 2
142373 31 4 0
142490 31 4 2
142498 31 8 0
142702 31 8 2
142706 31 47 0
143177 31 47 2
143185 31 49 0
143403 31 49 2
143419 31 11 0
143677 31 11 2
143713 31 5 0
143845 31 5 2
143869 31 37 0
144126 31 37 2
144190 31 4 0
144303 31 4 2
144307 31 1 0
144423 31 1 2
144451 31 27 0
144549 31 27 2
144557 31 2 0
144670 31 2 2
144682 31 11 0
144803 31 11 2
144811 31 7 0
145233 31 7 2
145253 31 3 0
145372 31 3 2
145480 31 6 0
145594 31 6 2
145614 31 9 0
145841 31 9 2
146013 31 8 0
146458 31 8 2
146470 31 11 0
146613 31 11 2
146633 31 12 0
146862 31 63 1
147050 31 0 2
147158 31 12 2
147163 31 63 2
147166 31 0 0
147182 31 16 0
147291 31 0 0
147435 31 0 0
147446 31 16 2
147454 31 13 0
147551 31 0 0
147627 31 13 2
147675 31 2 0
147717 31 0 0
147806 31 2 2
147842 31 14 0
147866 31 0 0
147997 31 0 0
148167 31 0 0
148309 31 0 0
148424 31 0 0
148559 31 0 0
148714 31 0 0
148834 31 0 0
148948 31 0 0
149062 31 0 0
149179 31 0 0
149296 31 0 0
149420 31 0 0
149561 31 0 0
149680 31 0 0
149830 31 0 0
149951 31 0 0
150091 31 0 0
150210 31 0 0
150260 31 14 2
150264 31 17 0
150341 31 0 0
150492 31 0 0
150573 31 17 2
150581 31 15 0
150622 31 0 0
150762 31 0 0
150884 31 0 0
151000 31 0 0
151073 31 15 2
151093 31 18 0
151164 31 0 0
151311 31 0 0
151377 31 18 2
151401 31 4 0
151442 31 0 0
151534 31 4 2
151574 31 40 0
151579 31 0 0
151725 31 0 0
151761 31 40 2
151765 31 38 0
151765 31 38 0
151799 31 38 2
151865 31 0 0
152005 31 0 0
152058 31 63 1
152160 31 38 2
152168 31 27 0
152172 31 0 0
152250 31 36 2
152303 31 27 2
152308 31 63 2
152323 31 35 0
152331 31 0 0
152456 31 0 0
152464 31 35 2
152520 31 28 0
152582 31 0 0
152692 31 28 2
152710 31 0 0
152760 31 3 0
152874 31 0 0
152891 31 3 2
152895 31 46 0
152997 31 0 0
153139 31 0 0
153181 31 46 2
153201 31 4 0
153286 31 0 0
153317 31 4 2
153349 31 0 0
153434 31 0 0
153462 31 0 2
153466 31 29 0
153581 31 0 0
153582 31 29 2
153725 31 0 0
153726 31 47 0
153872 31 0 0
153946 31 47 2
153992 31 0 0
154018 31 30 0
154122 31 0 0
154132 31 30 2
154267 31 0 0
154405 31 0 0
154484 31 31 0
154553 31 0 0
154661 31 31 2
154665 31 44 0
154671 31 0 0
154796 31 0 0
154817 31 63 1
154835 31 44 2
154843 31 43 0
154938 31 0 0
154975 31 43 2
155010 31 54 2
155067 31 63 2
155077 31 0 0
155107 31 32 0
155204 31 0 0
155237 31 32 2
155347 31 0 0
155467 31 0 0
155561 31 33 0
155799 31 33 2
155847 31 33 0
156121 31 33 2
156129 31 27 0
156354 31 27 2
156458 31 54 0
156946 31 54 2
156958 31 28 0
157072 31 28 2
157088 31 13 0
157194 31 63 1
157327 31 13 2
157335 31 56 0
157380 31 18 2
157453 31 63 2
157872 31 56 2
157888 31 14 0
158195 31 14 2
158295 31 41 0
158425 31 41 2
158473 31 61 0
158876 31 63 1
158919 31 61 2
158923 31 39 0
159120 31 0 2
159167 31 39 2
159179 31 7 0
159229 31 63 2
159234 31 0 0
159353 31 0 0
159393 31 7 2
159453 31 8 0
159525 31 0 0
159596 31 8 2
159628 31 63 0
159656 31 0 0
159787 31 0 0
159799 31 63 2
159907 31 0 0
159907 31 0 0
160044 31 0 0
160062 31 0 2
160090 31 57 0
160183 31 0 0
160306 31 57 2
160363 31 0 0
160374 31 58 0
160517 31 0 0
160520 31 58 2
160604 31 46 0
160637 31 0 0
160822 31 0 0
160883 31 46 2
160895 31 59 0
161050 31 59 2
161082 31 32 0
161108 31 0 0
161232 31 32 2
161240 31 50 0
161424 31 0 0
161431 31 50 2
161507 31 60 0
161555 31 0 0
161698 31 60 2
161706 31 62 0
161878 31 0 0
161952 31 62 2
161956 31 3 0
162077 31 3 2
162089 31 5 0
162098 31 0 0
162202 31 5 2
162225 31 0 0
162230 31 17 0
162373 31 0 0
162382 31 17 2
162402 31 6 0
162496 31 0 0
162583 31 6 2
162636 31 0 0
162675 31 11 0
162758 31 0 0
162879 31 0 0
162994 31 11 2
163002 31 10 0
163040 31 0 0
163099 31 10 2
163119 31 11 0
163292 31 11 2
163300 31 6 0
163388 31 0 0
163482 31 6 2
163518 31 0 0
163518 31 36 0
163661 31 0 0
163780 31 0 0
163811 31 36 2
163871 31 12 0
163904 31 0 0
164069 31 12 2
164071 31 0 0
164077 31 0 0
164078 31 63 1
164195 31 0 0
164202 31 0 2
164228 31 63 1
164271 31 13 2
164326 31 0 0
164326 31 15 0
164326 31 15 0
164330 31 63 2
164360 31 15 2
164376 31 63 1
164441 31 22 2
164479 31 0 0
164483 31 63 2
164523 31 63 1
164535 31 15 2
164571 31 4 2
164605 31 0 0
164647 31 63 2
164655 31 7 0
164696 31 63 1
164711 31 45 2
164761 31 0 0
164769 31 63 2
164815 31 63 1
164893 31 7 2
164909 31 0 0
164912 31 0 0
164943 31 63 2
165001 31 63 2
165019 31 63 1
165091 31 30 2
165123 31 0 0
165125 31 63 2
165175 31 0 2
165193 31 63 1
165211 31 38 2
165253 31 63 2
165264 31 0 0
165288 31 63 1
165323 31 9 0
165391 31 48 2
165419 31 63 1
165458 31 9 2
165490 31 8 0
165498 31 63 2
165501 31 19 2
165537 31 63 1
165567 31 63 2
165611 31 36 2
165631 31 0 0
165662 31 63 1
165668 31 63 2
165670 31 8 2
165698 31 51 0
165731 31 8 2
165790 31 0 0
165829 31 63 2
165851 31 7 2
165856 31 63 1
165901 31 63 2
165943 31 0 0
165987 31 63 1
165998 31 51 2
166061 31 62 2
166106 31 14 0
166127 31 63 2
166137 31 63 1
166191 31 20 2
166220 31 14 2
166248 31 63 2
166264 31 63 1
166361 31 11 2
166366 31 63 1
166388 31 0 0
166435 31 63 2
166471 31 34 2
166503 31 63 1
166516 31 31 0
166545 31 0 0
166545 31 63 2
166581 31 10 2
166607 31 63 1
166653 31 31 2
166663 31 63 2
166682 31 0 0
166691 31 50 2
166697 31 35 0
166755 31 63 1
166781 31 63 2
166851 31 0 0
166851 31 14 2
166901 31 63 2
166903 31 63 1
166961 31 26 2
167004 31 63 1
167017 31 0 0
167026 31 63 2
167040 31 35 2
167091 31 42 2
167100 31 32 0
167146 31 63 1
167161 31 0 0
167173 31 63 2
167201 31 28 2
167230 31 32 2
167251 31 63 2
167301 31 63 1
167330 31 33 0
167334 31 0 0
167341 31 9 2
167390 31 63 1
167431 31 63 2
167469 31 33 2
167474 31 0 0
167491 31 57 2
167521 31 63 1
167561 31 34 0
167599 31 63 2
167601 31 5 2
167617 31 0 0
167665 31 63 1
167667 31 63 2
167698 31 34 2
167730 31 1 0
167739 31 0 0
167741 31 29 2
167771 31 0 0
167783 31 63 2
167801 31 63 1
167861 31 33 2
167891 31 0 0
167900 31 63 1
167943 31 63 2
167991 31 49 2
168039 31 1 2
168044 31 0 0
168051 31 63 1
168083 31 32 0
168089 31 63 2
168101 31 39 2
168135 31 63 2
168186 31 0 0
168208 31 32 2
168215 31 63 1
168216 31 35 0
168241 31 12 2
168303 31 0 0
168307 31 63 2
168351 31 35 2
168352 31 63 1
168355 31 60 0
168431 31 60 2
168438 31 0 0
168501 31 60 2
168514 31 63 2
168515 31 63 1
168517 31 61 0
168561 31 23 2
168595 31 63 2
168661 31 63 1
168731 31 41 2
168784 31 61 2
168821 31 63 2
168844 31 48 0
168863 31 63 1
168871 31 15 2
168913 31 63 2
169013 31 0 0
169024 31 48 2
169029 31 63 1
169061 31 37 2
169064 31 49 0
169111 31 63 2
169137 31 63 1
169165 31 0 0
169207 31 49 2
169221 31 52 2
169243 31 36 0
169243 31 36 0
169293 31 36 2
169295 31 63 2
169297 31 0 0
169331 31 17 2
169367 31 63 1
169414 31 63 2
169481 31 36 2
169483 31 0 0
169491 31 63 1
169545 31 37 0
169545 31 37 0
169581 31 54 2
169587 31 37 2
169620 31 0 0
169639 31 63 2
169691 31 21 2
169702 31 63 1
169705 31 37 2
169741 31 63 2
169753 31 58 0
169761 31 0 0
169829 31 63 1
169921 31 58 2
169933 31 31 0
169941 31 61 2
169942 31 63 1
170015 31 63 2
170051 31 18 2
170103 31 63 1
170125 31 63 2
170161 31 31 2
170177 31 31 2
170186 31 63 2
170189 31 30 0
170211 31 63 1
170291 31 25 2
170365 31 63 2
170373 31 63 1
170401 31 1 2
170499 31 63 2
170511 31 30 2
170519 31 59 0
170561 31 56 2
170634 31 63 1
170675 31 63 2
170750 31 63 1
170821 31 59 2
170891 31 63 1
170911 31 63 2
170941 31 3 2
171022 31 63 2
171043 31 63 1
171091 31 46 2
171141 31 63 2
171177 31 63 1
171231 31 51 2
171277 31 59 2
171291 31 63 1
171314 31 63 2
171329 31 34 0
171371 31 58 2
171411 31 63 1
171470 31 63 2
171482 31 53 2
171545 31 63 1
171551 31 63 2
171601 31 16 2
171611 31 34 2
171651 31 0 0
171651 31 0 0
171668 31 63 1
171691 31 63 2
171741 31 44 2
171749 31 0 2
171807 31 63 2
171810 31 63 1
171861 31 27 2
171918 31 63 2
171919 31 63 1
171935 31 0 2
171943 31 33 0
172001 31 40 2
172100 31 63 2
172112 31 35 2
172178 31 63 2
172268 31 33 2
172284 31 60 0
172417 31 63 1
172430 31 60 2
172450 31 32 0
172611 31 55 2
172661 31 63 2
172663 31 63 1
172736 31 32 2
172812 31 61 0
172831 31 63 1
172851 31 6 2
172909 31 63 2
172979 31 63 1
173021 31 43 2
173028 31 61 2
173095 31 63 2
173126 31 63 1
173152 31 62 0
173171 31 47 2
173213 31 63 2
173253 31 63 1
173321 31 32 2
173357 31 62 2
173411 31 63 2
173441 31 24 2
173445 31 12 0
173523 31 63 2
173577 31 12 2
173589 31 39 0
173728 31 39 2
173740 31 13 0
173856 31 13 2
173860 31 48 0
174003 31 48 2
174015 31 59 0
174224 31 59 2
174252 31 54 0
174252 31 54 0
174302 31 54 2
174433 31 54 2
174473 31 55 0
175080 31 55 2
175104 31 56 0
175250 31 56 2
175278 31 57 0
175428 31 57 2
175492 31 58 0
175646 31 58 2
175682 31 49 0
175837 31 49 2
175877 31 63 0
176339 31 30 2
176845 31 30 2
177043 31 30 2
177261 31 30 2
177933 31 63 2
177981 31 15 0
178115 31 15 2
178131 31 44 0
178294 31 44 2
178314 31 45 0
178445 31 45 2
178693 31 0 0
178849 31 0 2
178898 31 29 2
178941 31 1 0
179085 31 1 2
179089 31 46 0
179147 31 46 2
179243 31 2 0
179357 31 2 2
179365 31 47 0
179423 31 47 2
179435 31 41 0
179556 31 41 2
179628 31 3 0
179744 31 3 2
179752 31 12 0
179826 31 12 2
180078 31 5 0
180195 31 5 2
180243 31 6 0
180360 31 6 2
180448 31 7 0
180483 31 28 2
180663 31 7 2
180771 31 8 0
180905 31 8 2
180961 31 1 0
180961 31 1 0
181051 31 1 2
181084 31 1 2
181516 31 11 0
181606 31 11 2
181622 31 46 0
181681 31 46 2
181689 31 4 0
182162 31 4 2
182186 31 47 0
182243 31 47 2
182387 31 12 0
182461 31 12 2
182825 31 10 0
183029 31 10 2
183149 31 1 0
183247 31 1 2
183433 31 26 2
183695 31 46 0
183695 31 46 0
183737 31 46 2
183754 31 46 2
183786 31 47 0
183845 31 47 2
183989 31 12 0
184064 31 12 2
184548 31 1 0
184548 31 1 0
184645 31 1 2
184678 31 1 2
185093 31 46 0
185152 31 46 2
185184 31 47 0
185184 31 47 0
185225 31 47 2
185238 31 47 2
185369 31 12 0
185437 31 12 2
185700 31 27 2
185921 31 1 0
185921 31 1 0
186011 31 1 2
186036 31 1 2
186484 31 46 0
186484 31 46 0
186526 31 46 2
186534 31 46 2
186566 31 47 0
186566 31 47 0
186600 31 47 2
186608 31 47 2
186752 31 12 0
186752 31 12 0
186810 31 12 2
186819 31 12 2
187303 31 1 0
187303 31 1 0
187396 31 1 2
187414 31 1 2
187862 31 46 0
187862 31 46 0
187906 31 46 2
187915 31 46 2
187947 31 47 0
187947 31 47 0
187987 31 47 2
187996 31 47 2
188131 31 12 0
188131 31 12 0
188189 31 12 2
188197 31 12 2
188681 31 1 0
188681 31 1 0
188782 31 1 2
188784 31 1 2
189232 31 46 0
189232 31 46 0
189274 31 46 2
189283 31 46 2
189315 31 47 0
189315 31 47 0
189349 31 47 2
189356 31 47 2
189500 31 12 0
189500 31 12 0
189558 31 12 2
189572 31 12 2
190056 31 1 0
190056 31 1 0
190147 31 1 2
190161 31 1 2
190609 31 46 0
190609 31 46 0
190651 31 46 2
190658 31 46 2
190690 31 47 0
190690 31 47 0
190728 31 47 2
190731 31 47 2
190875 31 12 0
190875 31 12 0
190933 31 12 2
190940 31 12 2
191424 31 1 0
191424 31 1 0
191514 31 1 2
191522 31 1 2
191970 31 46 0
191970 31 46 0
192013 31 46 2
192047 31 46 2
192079 31 47 0
192079 31 47 0
192113 31 47 2
192121 31 47 2
192265 31 12 0
192265 31 12 0
192323 31 12 2
192332 31 12 2
192816 31 1 0
192816 31 1 0
192906 31 1 2
192914 31 1 2
193346 31 12 0
193346 31 12 0
193404 31 12 2
193411 31 12 2
193427 31 46 0
193427 31 46 0
193473 31 46 2
193475 31 46 2
193507 31 47 0
193507 31 47 0
193550 31 47 2
193561 31 47 2
193694 31 12 0
193694 31 12 0
193782 31 12 2
193791 31 12 2
194275 31 1 0
194275 31 1 0
194365 31 1 2
194372 31 1 2
194626 31 63 1
194820 31 46 0
194820 31 46 0
194821 31 2 2
194862 31 46 2
194877 31 46 2
194909 31 47 0
194909 31 47 0
194911 31 63 2
194973 31 47 2
194983 31 47 2
195127 31 12 0
195127 31 12 0
195205 31 12 2
195226 31 12 2
195710 31 1 0
195710 31 1 0
195800 31 1 2
195809 31 1 2
196257 31 46 0
196257 31 46 0
196303 31 46 2
196305 31 46 2
196337 31 47 0
196337 31 47 0
196401 31 47 2
196418 31 47 2
196562 31 12 0
196562 31 12 0
196632 31 12 2
196648 31 12 2
197132 31 1 0
197132 31 1 0
197222 31 1 2
197230 31 1 2
197678 31 46 0
197678 31 46 0
197720 31 46 2
197728 31 46 2
197760 31 47 0
197760 31 47 0
197834 31 47 2
197863 31 47 2
198007 31 12 0
198007 31 12 0
198085 31 12 2
198105 31 12 2
198589 31 1 0
198589 31 1 0
198679 31 1 2
198688 31 1 2
199136 31 46 0
199136 31 46 0
199179 31 46 2
199184 31 46 2
199216 31 47 0
199216 31 47 0
199280 31 47 2
199298 31 47 2
199442 31 12 0
199442 31 12 0
199510 31 12 2
199529 31 12 2
200013 31 1 0
200013 31 1 0
200104 31 1 2
200116 31 1 2
200564 31 46 0
200564 31 46 0
200606 31 46 2
200614 31 46 2
200646 31 47 0
200646 31 47 0
200710 31 47 2
200727 31 47 2
200871 31 12 0
200871 31 12 0
200949 31 12 2
200957 31 12 2
201441 31 1 0
201441 31 1 0
201531 31 1 2
201541 31 1 2
201989 31 46 0
201989 31 46 0
202032 31 46 2
202037 31 46 2
202069 31 47 0
202069 31 47 0
202144 31 47 2
202162 31 47 2
202306 31 12 0
202306 31 12 0
202394 31 12 2
202402 31 12 2
202886 31 1 0
202886 31 1 0
202977 31 1 2
202982 31 1 2
203430 31 46 0
203430 31 46 0
203472 31 46 2
203480 31 46 2
203512 31 47 0
203512 31 47 0
203586 31 47 2
203605 31 47 2
203749 31 12 0
203749 31 12 0
203827 31 12 2
203845 31 12 2
204329 31 1 0
204329 31 1 0
204419 31 1 2
204427 31 1 2
204859 31 13 0
205019 31 13 2
205035 31 46 0
205035 31 46 0
205077 31 46 2
205088 31 46 2
205120 31 47 0
205120 31 47 0
205154 31 47 2
205162 31 47 2
205306 31 12 0
205306 31 12 0
205392 31 12 2
205416 31 12 2
205876 31 1 0
205876 31 1 0
205966 31 1 2
205976 31 1 2
206424 31 46 0
206424 31 46 0
206466 31 46 2
206477 31 46 2
206509 31 47 0
206509 31 47 0
206573 31 47 2
206592 31 47 2
206736 31 12 0
206736 31 12 0
206804 31 12 2
206824 31 12 2
207308 31 1 0
207308 31 1 0
207399 31 1 2
207409 31 1 2
207857 31 46 0
207857 31 46 0
207899 31 46 2
207906 31 46 2
207938 31 47 0
207938 31 47 0
208012 31 47 2
208029 31 47 2
208173 31 12 0
208173 31 12 0
208251 31 12 2
208268 31 12 2
208752 31 1 0
208752 31 1 0
208848 31 1 2
208851 31 1 2
209299 31 46 0
209299 31 46 0
209342 31 46 2
209356 31 46 2
209388 31 47 0
209388 31 47 0
209452 31 47 2
209470 31 47 2
209614 31 12 0
209614 31 12 0
209692 31 12 2
209700 31 12 2
210184 31 1 0
210184 31 1 0
210274 31 1 2
210282 31 1 2
210730 31 46 0
210730 31 46 0
210772 31 46 2
210781 31 46 2
210813 31 47 0
210813 31 47 0
210887 31 47 2
210904 31 47 2
211048 31 12 0
211048 31 12 0
211116 31 12 2
211144 31 12 2
211628 31 1 0
211628 31 1 0
211718 31 1 2
211727 31 1 2
212175 31 46 0
212175 31 46 0
212217 31 46 2
212225 31 46 2
212257 31 47 0
212257 31 47 0
212321 31 47 2
212340 31 47 2
212484 31 12 0
212484 31 12 0
212552 31 12 2
212570 31 12 2
213054 31 1 0
213054 31 1 0
213144 31 1 2
213152 31 1 2
213600 31 46 0
213600 31 46 0
213642 31 46 2
213650 31 46 2
213682 31 47 0
213682 31 47 0
213756 31 47 2
213775 31 47 2
213919 31 12 0
213919 31 12 0
213997 31 12 2
214007 31 12 2
214491 31 1 0
214491 31 1 0
214581 31 1 2
214589 31 1 2
215037 31 46 0
215037 31 46 0
215079 31 46 2
215087 31 46 2
215119 31 47 0
215119 31 47 0
215193 31 47 2
215212 31 47 2
215356 31 12 0
215356 31 12 0
215424 31 12 2
215442 31 12 2
215926 31 1 0
215926 31 1 0
216016 31 1 2
216023 31 1 2
216455 31 14 0
216605 31 14 2
216621 31 46 0
216621 31 46 0
216671 31 46 2
216676 31 46 2
216708 31 47 0
216708 31 47 0
216762 31 47 2
216780 31 47 2
216924 31 12 0
216924 31 12 0
216992 31 12 2
217010 31 12 2
217494 31 1 0
217494 31 1 0
217584 31 1 2
217592 31 1 2
218040 31 46 0
218040 31 46 0
218046 31 63 1
218082 31 46 2
218090 31 46 2
218122 31 47 0
218122 31 47 0
218186 31 47 2
218204 31 47 2
218242 31 2 2
218332 31 63 2
218348 31 12 0
218348 31 12 0
218426 31 12 2
218445 31 12 2
218929 31 1 0
218929 31 1 0
219020 31 1 2
219029 31 1 2
219477 31 46 0
219477 31 46 0
219519 31 46 2
219527 31 46 2
219559 31 47 0
219559 31 47 0
219623 31 47 2
219651 31 47 2
219795 31 12 0
219795 31 12 0
219873 31 12 2
219891 31 12 2
220375 31 1 0
220375 31 1 0
220465 31 1 2
220475 31 1 2
220923 31 46 0
220923 31 46 0
220965 31 46 2
220974 31 46 2
221006 31 47 0
221006 31 47 0
221071 31 47 2
221092 31 47 2
221236 31 12 0
221236 31 12 0
221305 31 12 2
221335 31 12 2
221819 31 1 0
221819 31 1 0
221910 31 1 2
221917 31 1 2
222365 31 46 0
222365 31 46 0
222407 31 46 2
222415 31 46 2
222447 31 47 0
222447 31 47 0
222521 31 47 2
222538 31 47 2
222682 31 12 0
222682 31 12 0
222760 31 12 2
222768 31 12 2
223252 31 1 0
223252 31 1 0
223342 31 1 2
223350 31 1 2
223798 31 46 0
223798 31 46 0
223840 31 46 2
223848 31 46 2
223880 31 47 0
223880 31 47 0
223944 31 47 2
223962 31 47 2
224106 31 12 0
224106 31 12 0
224190 31 12 2
224192 31 12 2
224676 31 1 0
224676 31 1 0
224766 31 1 2
224774 31 1 2
225222 31 46 0
225222 31 46 0
225264 31 46 2
225272 31 46 2
225304 31 47 0
225304 31 47 0
225378 31 47 2
225395 31 47 2
225539 31 12 0
225539 31 12 0
225617 31 12 2
225628 31 12 2
226112 31 1 0
226112 31 1 0
226202 31 1 2
226209 31 1 2
226657 31 46 0
226657 31 46 0
226699 31 46 2
226707 31 46 2
226739 31 47 0
226739 31 47 0
226817 31 47 2
226831 31 47 2
226975 31 12 0
226975 31 12 0
227053 31 12 2
227064 31 12 2
227452 31 1 0
227452 31 1 0
227543 31 1 2
227588 31 1 2
228020 31 7 0
228127 31 7 2
228143 31 46 0
228143 31 46 0
228193 31 46 2
228210 31 46 2
228242 31 47 0
228242 31 47 0
228277 31 47 2
228286 31 47 2
228430 31 12 0
228430 31 12 0
228509 31 12 2
228515 31 12 2
228999 31 1 0
228999 31 1 0
229089 31 1 2
229096 31 1 2
229544 31 46 0
229544 31 46 0
229586 31 46 2
229593 31 46 2
229625 31 47 0
229625 31 47 0
229699 31 47 2
229717 31 47 2
229861 31 12 0
229861 31 12 0
229929 31 12 2
229949 31 12 2
230433 31 1 0
230433 31 1 0
230523 31 1 2
230530 31 1 2
230978 31 46 0
230978 31 46 0
231020 31 46 2
231028 31 46 2
231060 31 47 0
231060 31 47 0
231134 31 47 2
231162 31 47 2
231306 31 5 0
231482 31 5 2
231490 31 61 0
231636 31 61 2
231644 31 29 0
231888 31 29 2
231904 31 62 0
231904 31 62 0
231963 31 62 2
232092 31 62 2
232368 31 63 0
232368 31 63 0
232418 31 63 2
232515 31 63 2
232939 31 12 0
232939 31 12 0
233002 31 12 2
233060 31 12 2
233127 31 28 2
233500 31 11 0
233615 31 11 2
233827 31 1 0
233827 31 1 0
233918 31 1 2
233927 31 1 2
234375 31 46 0
234375 31 46 0
234417 31 46 2
234425 31 46 2
234457 31 47 0
234457 31 47 0
234498 31 47 2
234499 31 47 2
234643 31 12 0
234643 31 12 0
234701 31 12 2
234708 31 12 2
235192 31 1 0
235192 31 1 0
235282 31 1 2
235290 31 1 2
235738 31 46 0
235738 31 46 0
235781 31 46 2
235789 31 46 2
235821 31 47 0
235821 31 47 0
235863 31 47 2
235875 31 47 2
236007 31 12 0
236007 31 12 0
236076 31 12 2
236115 31 12 2
236560 31 1 0
236560 31 1 0
236658 31 1 2
236730 31 1 2
237106 31 46 0
237106 31 46 0
237155 31 46 2
237187 31 47 0
237187 31 47 0
237198 31 46 2
237251 31 47 2
237268 31 47 2
237412 31 12 0
237412 31 12 0
237490 31 12 2
237498 31 12 2
237982 31 1 0
237982 31 1 0
238072 31 1 2
238080 31 1 2
238528 31 46 0
238528 31 46 0
238570 31 46 2
238588 31 46 2
238620 31 47 0
238620 31 47 0
238694 31 47 2
238717 31 47 2
238861 31 12 0
238948 31 12 2
239432 31 1 0
239432 31 1 0
239524 31 1 2
239538 31 1 2
239986 31 46 0
239986 31 46 0
240028 31 46 2
240037 31 46 2
240069 31 47 0
240069 31 47 0
240133 31 47 2
240141 31 47 2
240285 31 12 0
240285 31 12 0
240363 31 12 2
240382 31 12 2
240866 31 1 0
240866 31 1 0
240956 31 1 2
240969 31 1 2
241401 31 8 0
241510 31 8 2
241526 31 46 0
241526 31 46 0
241568 31 46 2
241584 31 46 2
241616 31 47 0
241616 31 47 0
241660 31 47 2
241668 31 47 2
241812 31 12 0
241812 31 12 0
241890 31 12 2
241908 31 12 2
242392 31 1 0
242392 31 1 0
242482 31 1 2
242490 31 1 2
242938 31 46 0
242938 31 46 0
242980 31 46 2
242987 31 46 2
243019 31 47 0
243019 31 47 0
243101 31 47 2
243103 31 47 2
243247 31 12 0
243247 31 12 0
243325 31 12 2
243338 31 12 2
243822 31 1 0
243822 31 1 0
243912 31 1 2
243920 31 1 2
244368 31 46 0
244368 31 46 0
244410 31 46 2
244417 31 46 2
244449 31 47 0
244449 31 47 0
244513 31 47 2
244531 31 47 2
244675 31 12 0
244675 31 12 0
244754 31 12 2
244775 31 12 2
245259 31 1 0
245259 31 1 0
245349 31 1 2
245360 31 1 2
245808 31 46 0
245808 31 46 0
245850 31 46 2
245859 31 46 2
245891 31 47 0
245891 31 47 0
245955 31 47 2
245973 31 47 2
246117 31 12 0
246117 31 12 0
246196 31 12 2
246206 31 12 2
246690 31 1 0
246690 31 1 0
246780 31 1 2
246788 31 1 2
247236 31 46 0
247236 31 46 0
247278 31 46 2
247286 31 46 2
247318 31 47 0
247318 31 47 0
247392 31 47 2
247410 31 47 2
247554 31 12 0
247554 31 12 0
247624 31 12 2
247642 31 12 2
248126 31 1 0
248126 31 1 0
248216 31 1 2
248224 31 1 2
248672 31 46 0
248672 31 46 0
248714 31 46 2
248722 31 46 2
248754 31 47 0
248754 31 47 0
248826 31 47 2
248837 31 47 2
248981 31 12 0
248981 31 12 0
249059 31 12 2
249067 31 12 2
249551 31 1 0
249551 31 1 0
249646 31 1 2
249650 31 1 2
250098 31 46 0
250098 31 46 0
250140 31 46 2
250149 31 46 2
250181 31 47 0
250181 31 47 0
250255 31 47 2
250263 31 47 2
250407 31 12 0
250407 31 12 0
250485 31 12 2
250496 31 12 2
250980 31 1 0
250980 31 1 0
251072 31 1 2
251089 31 1 2
251537 31 46 0
251537 31 46 0
251579 31 46 2
251590 31 46 2
251622 31 47 0
251622 31 47 0
251695 31 47 2
251697 31 47 2
251841 31 12 0
251841 31 12 0
251919 31 12 2
251933 31 12 2
252417 31 1 0
252417 31 1 0
252507 31 1 2
252519 31 1 2
252951 31 9 0
253050 31 9 2
253066 31 46 0
253066 31 46 0
253108 31 46 2
253135 31 46 2
253167 31 47 0
253167 31 47 0
253201 31 47 2
253229 31 47 2
253373 31 12 0
253373 31 12 0
253442 31 12 2
253468 31 12 2
253952 31 1 0
253952 31 1 0
254042 31 1 2
254052 31 1 2
254500 31 46 0
254500 31 46 0
254543 31 46 2
254551 31 46 2
254583 31 47 0
254583 31 47 0
254647 31 47 2
254664 31 47 2
254808 31 12 0
254808 31 12 0
254887 31 12 2
254902 31 12 2
255386 31 1 0
255386 31 1 0
255476 31 1 2
255487 31 1 2
255935 31 46 0
255935 31 46 0
255977 31 46 2
255989 31 46 2
256021 31 47 0
256021 31 47 0
256075 31 47 2
256092 31 47 2
256236 31 12 0
256236 31 12 0
256315 31 12 2
256335 31 12 2
256819 31 1 0
256819 31 1 0
256909 31 1 2
256916 31 1 2
257364 31 46 0
257364 31 46 0
257406 31 46 2
257413 31 46 2
257445 31 47 0
257445 31 47 0
257509 31 47 2
257517 31 47 2
257661 31 12 0
257661 31 12 0
257739 31 12 2
257759 31 12 2
258166 31 2 0
258167 31 63 1
258243 31 1 0
258243 31 1 0
258333 31 1 2
258340 31 1 2
258361 31 2 2
258452 31 63 2
258788 31 46 0
258788 31 46 0
258839 31 46 2
258845 31 46 2
258877 31 47 0
258877 31 47 0
258944 31 47 2
258958 31 47 2
259102 31 12 0
259102 31 12 0
259172 31 12 2
259186 31 12 2
259670 31 1 0
259670 31 1 0
259760 31 1 2
259767 31 1 2
260215 31 46 0
260215 31 46 0
260257 31 46 2
260264 31 46 2
260296 31 47 0
260296 31 47 0
260370 31 47 2
260390 31 47 2
260534 31 12 0
260534 31 12 0
260603 31 12 2
260620 31 12 2
261104 31 1 0
261104 31 1 0
261195 31 1 2
261202 31 1 2
261650 31 46 0
261650 31 46 0
261692 31 46 2
261700 31 46 2
261732 31 47 0
261732 31 47 0
261806 31 47 2
261814 31 47 2
261958 31 12 0
261958 31 12 0
262037 31 12 2
262053 31 12 2
262537 31 1 0
262537 31 1 0
262628 31 1 2
262639 31 1 2
263087 31 46 0
263087 31 46 0
263129 31 46 2
263137 31 46 2
263169 31 47 0
263169 31 47 0
263233 31 47 2
263261 31 47 2
263405 31 12 0
263405 31 12 0
263473 31 12 2
263491 31 12 2
263975 31 1 0
263975 31 1 0
264076 31 1 2
264080 31 1 2
264524 31 46 0
264524 31 46 0
264646 31 46 2
264673 31 46 2
264705 31 47 0
264705 31 47 0
264769 31 47 2
264800 31 47 2
264944 31 12 0
264944 31 12 0
265014 31 12 2
265030 31 12 2
265514 31 1 0
265514 31 1 0
265604 31 1 2
265616 31 1 2
266064 31 46 0
266064 31 46 0
266106 31 46 2
266114 31 46 2
266146 31 47 0
266146 31 47 0
266210 31 47 2
266219 31 47 2
266363 31 12 0
266363 31 12 0
266441 31 12 2
266459 31 12 2
266943 31 1 0
266943 31 1 0
267033 31 1 2
267044 31 1 2
267492 31 46 0
267492 31 46 0
267534 31 46 2
267544 31 46 2
267576 31 47 0
267576 31 47 0
267640 31 47 2
267649 31 47 2
267793 31 12 0
267793 31 12 0
267872 31 12 2
267887 31 12 2
268072 31 26 2
268195 31 1 0
268382 31 1 2
268558 31 1 0
268558 31 1 0
268594 31 26 2
268688 31 1 2
268696 31 1 2
269144 31 46 0
269144 31 46 0
269186 31 46 2
269194 31 46 2
269226 31 47 0
269226 31 47 0
269310 31 47 2
269338 31 47 2
269482 31 12 0
269482 31 12 0
269540 31 12 2
269549 31 12 2
270033 31 1 0
270033 31 1 0
270123 31 1 2
270150 31 1 2
270464 31 28 2
270598 31 46 0
270598 31 46 0
270640 31 46 2
270648 31 46 2
270680 31 47 0
270680 31 47 0
270715 31 47 2
270724 31 47 2
270868 31 12 0
270868 31 12 0
270883 31 27 2
270926 31 12 2
270934 31 12 2
271066 31 1 0
271198 31 1 2
271550 31 1 0
271550 31 1 0
271640 31 1 2
271673 31 1 2
272121 31 46 0
272121 31 46 0
272163 31 46 2
272171 31 46 2
272203 31 47 0
272203 31 47 0
272257 31 47 2
272274 31 47 2
272418 31 12 0
272418 31 12 0
272496 31 12 2
272504 31 12 2
272988 31 1 0
273140 31 1 2
273588 31 46 0
273588 31 46 0
273630 31 46 2
273637 31 46 2
273669 31 47 0
273669 31 47 0
273733 31 47 2
273751 31 47 2
273895 31 12 0
273895 31 12 0
273963 31 12 2
273981 31 12 2
274457 31 9 0
274554 31 9 2
274678 31 55 0
274768 31 55 2
274772 31 1 0
274892 31 1 2
274916 31 56 0
275054 31 56 2
275074 31 45 0
275157 31 45 2
275213 31 46 0
275365 31 46 2
275441 31 63 0
275534 31 32 2
275675 31 63 2
275683 31 47 0
275769 31 47 2
275873 31 62 0
275873 31 62 0
275931 31 62 2
275940 31 62 2
276064 31 61 0
276064 31 61 0
276130 31 61 2
276197 31 61 2
276269 31 54 0
276424 31 54 2
276456 31 55 0
276594 31 55 2
276822 31 40 0
276952 31 40 2
276980 31 49 0
277109 31 49 2
277121 31 51 0
277246 31 51 2
277266 31 37 0
277372 31 37 2
277376 31 20 0
277475 31 20 2
277491 31 3 0
277822 31 3 2
277914 31 21 0
278015 31 21 2
278023 31 56 0
278169 31 56 2
278189 31 57 0
278327 31 57 2
278331 31 1 0
278331 31 1 0
278421 31 1 2
278431 31 1 2
278515 31 58 0
278515 31 58 0
278605 31 58 2
278645 31 58 2
278725 31 59 0
278725 31 59 0
278807 31 59 2
278860 31 59 2
278884 31 63 0
279014 31 63 2
279098 31 33 0
279220 31 33 2
281919 31 0 2
282076 31 2 0
282077 31 63 1
282271 31 2 2
282361 31 63 2
287791 31 63 1
287980 31 0 2
288085 31 63 2
311298 31 63 1
311491 31 2 2
311581 31 63 2
321611 31 2 0
321612 31 63 1
321810 31 2 2
321899 31 63 2
330205 31 63 1
330400 31 2 2
330489 31 63 2
359607 31 63 1
359608 31 2 0
359800 31 2 2
359889 31 63 2
397130 31 2 0
397131 31 2 2
431000 31 63 1
431190 31 2 2
431279 31 63 2
515283 31 2 0
515284 31 2 2
515767 31 2 0
515768 31 63 1
515966 31 2 2
516056 31 63 2
540053 31 2 0
540054 31 63 1
540245 31 2 2
540334 31 63 2
578166 31 2 0
578167 31 2 2
581528 31 2 0
581529 31 2 2
597197 31 63 1
597385 31 3 2
597466 31 63 2
599411 31 63 1
599605 31 3 2
599686 31 63 2
605939 31 63 1
606126 31 2 2
606216 31 63 2
629249 31 63 1
629436 31 2 2
629526 31 63 2
632521 31 63 1
632715 31 3 2
632796 31 63 2
657629 31 2 0
657630 31 63 1
657826 31 2 2
657916 31 63 2
681029 31 63 1
681216 31 2 2
681306 31 63 2
700551 31 2 0
700552 31 2 2
723581 31 2 0
723582 31 2 2
751131 31 2 0
751132 31 63 1
751326 31 2 2
751416 31 63 2
779263 31 63 1
779455 31 9 2
779544 31 63 2
783594 31 15 0
783594 31 15 0
783628 31 15 2
783685 31 15 2
783773 31 30 0
783862 31 30 2
783874 31 24 0
783988 31 24 2
784088 31 25 0
784202 31 25 2
784210 31 31 0
784219 31 2 0
784219 31 31 2
784310 31 31 2
784374 31 26 0
784488 31 26 2
784552 31 27 0
784666 31 27 2
784698 31 34 0
784820 31 34 2
784832 31 26 0
784946 31 26 2
785042 31 55 0
785086 31 63 1
785180 31 55 2
785188 31 27 0
785275 31 27 2
785301 31 27 2
785332 31 63 2
785349 31 23 0
791951 31 23 2
791955 31 28 0
792008 31 23 2
792050 31 17 2
792070 31 28 2
792122 31 56 0
792122 31 56 0
792143 31 35 2
792229 31 56 2
792270 31 56 2
792306 31 8 0
792570 31 8 2
792598 31 57 0
792598 31 57 0
792696 31 57 2
792745 31 57 2
792753 31 37 0
792853 31 63 1
792859 31 37 2
792911 31 23 0
793045 31 45 2
793102 31 63 2
793546 31 23 2
793554 31 19 0
793603 31 21 2
793660 31 19 2
793664 31 23 0
797382 31 23 2
797439 31 14 2
797499 31 54 2
797577 31 58 2
797586 31 23 0
798999 31 63 1
799050 31 23 2
799172 31 53 2
799182 31 23 0
799185 31 63 2
799242 31 63 2
800774 31 23 2
801046 31 63 2
801050 31 23 0
806718 31 23 2
807738 31 23 0
807738 31 54 2
808474 31 23 2
809772 31 43 2
809782 31 23 0
810274 31 23 2
810495 31 46 2
810502 31 23 0
811784 31 23 2
811918 31 62 2
811928 31 23 0
813504 31 23 2
813537 31 57 2
813540 31 23 0
818934 31 23 2
820198 31 25 2
820206 31 23 0
821081 31 23 2
824477 31 23 0
824477 31 22 2
825455 31 23 2
828217 31 21 2
828227 31 23 0
835240 31 23 2
835611 31 19 2
835612 31 23 0
836600 31 23 2
839567 31 39 2
839576 31 23 0
840332 31 23 2
842673 31 16 2
842684 31 23 0
843102 31 23 2
844713 31 44 2
844722 31 23 0
845330 31 23 2
846522 31 23 2
846530 31 23 0
852366 31 23 2
853528 31 51 2
853530 31 23 0
854376 31 23 2
855905 31 27 2
855912 31 23 0
856046 31 23 2
856098 31 29 0
856103 31 37 2
856212 31 29 2
856228 31 23 0
858329 31 23 2
858386 31 33 2
858393 31 23 0
859561 31 23 2
859597 31 32 0
859719 31 32 2
859745 31 33 2
859803 31 28 0
859917 31 28 2
859969 31 2 0
860067 31 2 2
860079 31 29 0
860120 31 29 2
860152 31 4 0
860242 31 4 2
860250 31 35 0
860250 31 35 0
860308 31 35 2
860349 31 35 2
860389 31 36 0
860389 31 36 0
860439 31 36 2
860488 31 36 2
941292 31 40 2
941633 31 63 1
941820 31 40 2
941917 31 63 2
965356 31 2 0
965357 31 63 1
965550 31 2 2
965640 31 63 2
977344 31 2 0
977345 31 2 2
1061123 31 2 0
1061124 31 2 2
1077614 31 2 0
1077615 31 2 2
1081114 31 2 0
1081115 31 2 2
1091000 31 37 0
1091000 31 37 0
1092095 31 37 2
1096428 31 37 2
1096608 31 0 0
1096608 31 0 0
1096706 31 0 2
1096773 31 0 2
1096861 31 36 0
1096861 31 36 0
1096911 31 36 2
1097323 31 36 2
1097355 31 38 0
1097355 31 38 0
1097459 31 38 2
1099237 31 27 2
1099498 31 38 2
1099658 31 54 0
1099658 31 54 0
1099691 31 27 2
1099708 31 54 2
1099742 31 54 2
1099770 31 56 0
1099770 31 56 0
1099803 31 27 2
1099876 31 56 2
1099893 31 56 2
1099897 31 12 0
1099962 31 12 2
1099970 31 57 0
1099970 31 57 0
1100068 31 57 2
1100116 31 57 2
1100172 31 37 0
1100172 31 37 0
1100214 31 37 2
1100222 31 37 2
1100240 31 28 2
1100354 31 35 0
1100354 31 35 0
1100412 31 35 2
1100617 31 28 2
1100723 31 28 2
1100769 31 35 2
1101625 31 47 0
1101721 31 29 2
1101745 31 47 2
1101897 31 1 0
1101897 31 1 0
1101987 31 1 2
1102037 31 1 2
1102093 31 7 0
1102203 31 29 2
1102331 31 29 2
1102475 31 30 2
1102794 31 7 2
1102850 31 30 2
1102896 31 63 1
1102979 31 30 2
1103090 31 40 2
1103187 31 63 2
1103274 31 15 0
1103274 31 15 0
1103363 31 15 2
1103451 31 38 0
1103451 31 38 0
1103496 31 38 2
1103622 31 38 2
1103778 31 46 0
1103818 31 15 2
1103879 31 46 2
1103931 31 0 0
1103931 31 0 0
1104031 31 0 2
1104046 31 0 2
1104194 31 47 0
1104235 31 47 2
1104251 31 12 0
1104360 31 12 2
1104396 31 47 0
1104505 31 47 2
1105813 31 63 0
1105813 31 63 0
1105893 31 63 2
1105921 31 63 2
1106125 31 58 0
1106125 31 58 0
1106215 31 58 2
1106262 31 58 2
1106346 31 46 0
1106424 31 46 2
1106469 31 2 0
1106470 31 0 0
1106980 31 15 0
1106980 31 15 0
1107074 31 15 2
1107092 31 15 2
1107259 31 63 1
1107477 31 0 2
1107583 31 63 2
1107592 31 52 0
1107763 31 2 0
1108176 31 52 2
1108752 31 53 0
1109089 31 53 2
1109665 31 54 0
1109993 31 54 2
1110569 31 55 0
1110834 31 55 2
1111410 31 56 0
1111924 31 56 2
1112500 31 57 0
1112959 31 57 2
1113535 31 58 0
1113831 31 58 2
1114407 31 59 0
1114767 31 59 2
1115343 31 60 0
1115675 31 60 2
1116251 31 61 0
1116630 31 61 2
1117206 31 62 0
1117502 31 62 2
1118078 31 63 0
1118363 31 63 2
1118939 31 0 0
1118939 31 0 0
1119037 31 0 2
1119211 31 0 2
1119479 31 2 0
1119584 31 2 2
1119640 31 3 0
1119768 31 3 2
1119772 31 7 0
1120126 31 7 2
1120214 31 4 0
1120384 31 4 2
1120772 31 1 0
1121177 31 1 2
1121753 31 2 0
1122076 31 2 2
1122652 31 3 0
1122990 31 3 2
1123566 31 4 0
1123842 31 4 2
1124418 31 5 0
1124695 31 5 2
1125271 31 6 0
1125635 31 6 2
1126211 31 7 0
1126539 31 7 2
1127115 31 8 0
1127115 31 8 0
1127205 31 8 2
1127392 31 8 2
1127968 31 9 0
1128277 31 9 2
1128853 31 10 0
1129178 31 10 2
1129754 31 11 0
1129754 31 11 0
1129820 31 11 2
1130072 31 11 2
1130648 31 12 0
1130942 31 12 2
1131518 31 13 0
1131795 31 13 2
1132371 31 14 0
1132718 31 14 2
1133294 31 15 0
1133710 31 15 2
1134286 31 16 0
1134572 31 16 2
1135148 31 17 0
1135456 31 17 2
1136032 31 18 0
1136330 31 18 2
1136906 31 19 0
1137204 31 19 2
1137780 31 20 0
1138041 31 20 2
1138255 31 63 1
1138487 31 39 2
1138521 31 63 2
1138617 31 21 0
1138915 31 63 1
1138965 31 21 2
1139001 31 63 1
1139103 31 63 1
1139107 31 60 2
1139191 31 63 2
1139217 31 36 2
1139235 31 63 1
1139277 31 63 2
1139327 31 14 2
1139377 31 63 2
1139388 31 63 1
1139437 31 38 2
1139479 31 63 2
1139541 31 22 0
1139577 31 12 2
1139643 31 63 2
1139870 31 22 2
1140446 31 23 0
1140491 31 63 1
1140670 31 63 1
1140687 31 54 2
1140742 31 23 2
1140745 31 63 2
1140867 31 20 2
1140925 31 63 2
1140987 31 63 1
1141177 31 61 2
1141217 31 63 1
1141251 31 63 2
1141278 31 63 1
1141318 31 24 0
1141437 31 56 2
1141511 31 63 1
1141547 31 35 2
1141551 31 63 2
1141612 31 24 2
1141612 31 63 2
1141681 31 63 1
1141707 31 55 2
1141752 31 63 1
1141757 31 63 2
1141877 31 49 2
1141939 31 63 1
1141975 31 63 2
1141987 31 27 2
1142025 31 63 1
1142045 31 63 2
1142137 31 48 2
1142188 31 25 0
1142243 31 63 2
1142247 31 10 2
1142329 31 63 2
1142409 31 63 1
1142487 31 63 1
1142527 31 25 2
1142588 31 63 1
1142597 31 57 2
1142683 31 63 1
1142703 31 63 2
1142707 31 4 2
1142780 31 63 2
1142817 31 63 1
1142817 31 44 2
1142884 31 63 2
1142927 31 28 2
1142929 31 63 1
1142977 31 63 2
1143037 31 43 2
1143103 31 26 0
1143111 31 63 2
1143147 31 19 2
1143202 31 63 1
1143213 31 63 2
1143279 31 63 1
1143373 31 63 1
1143392 31 26 2
1143397 31 58 2
1143495 31 63 2
1143507 31 53 2
1143561 31 63 1
1143573 31 63 2
1143617 31 21 2
1143667 31 63 2
1143683 31 63 1
1143757 31 8 2
1143855 31 63 2
1143877 31 46 2
1143927 31 63 2
1143961 31 63 1
1143968 31 27 0
1144079 31 63 1
1144157 31 6 2
1144197 31 63 1
1144215 31 63 2
1144267 31 5 2
1144285 31 27 2
1144333 31 63 2
1144387 31 52 2
1144393 31 63 1
1144455 31 63 1
1144463 31 63 2
1144565 31 63 1
1144597 31 16 2
1144687 31 63 2
1144707 31 23 2
1144741 31 63 2
1144763 31 63 1
1144817 31 22 2
1144859 31 63 2
1144861 31 28 0
1144957 31 50 2
1145047 31 63 2
1145129 31 63 1
1145162 31 28 2
1145223 31 63 1
1145317 31 62 2
1145365 31 63 1
1145383 31 63 2
1145427 31 47 2
1145467 31 63 1
1145469 31 63 2
1145545 31 63 1
1145557 31 24 2
1145639 31 63 2
1145667 31 34 2
1145713 31 63 1
1145738 31 29 0
1145741 31 63 2
1145766 31 63 1
1145777 31 29 2
1145819 31 63 2
1145907 31 59 2
1145953 31 63 1
1145999 31 63 2
1146014 31 29 2
1146017 31 30 2
1146023 31 63 1
1146051 31 63 2
1146141 31 63 1
1146147 31 9 2
1146237 31 63 2
1146257 31 15 2
1146299 31 63 2
1146363 31 63 1
1146368 31 45 2
1146426 31 63 2
1146495 31 63 1
1146577 31 13 2
1146581 31 63 1
1146590 31 30 0
1146634 31 63 2
1146687 31 17 2
1146707 31 63 1
1146769 31 63 2
1146797 31 7 2
1146847 31 63 2
1146917 31 18 2
1146942 31 30 2
1146991 31 63 2
1147069 31 63 1
1147195 31 63 1
1147257 31 63 2
1147316 31 63 2
1147323 31 63 1
1147397 31 33 2
1147463 31 63 1
1147479 31 63 2
1147517 31 32 2
1147518 31 31 0
1147527 31 63 1
1147609 31 63 2
1147657 31 41 2
1147677 31 63 1
1147747 31 63 2
1147767 31 31 2
1147783 31 31 2
1147792 31 63 2
1147795 31 63 1
1147872 31 63 1
1147877 31 11 2
1147951 31 63 2
1147987 31 51 2
1148009 31 63 1
1148069 31 63 2
1148097 31 37 2
1148147 31 63 2
1148161 31 63 1
1148207 31 26 2
1148266 31 63 1
1148273 31 63 2
1148357 31 1 2
1148359 31 32 0
1148366 31 63 1
1148455 31 63 2
1148477 31 42 2
1148513 31 63 1
1148559 31 63 2
1148587 31 25 2
1148615 31 63 1
1148650 31 32 2
1148661 31 63 2
1148707 31 40 2
1148805 31 63 2
1148837 31 3 2
1148919 31 63 2
1149226 31 33 0
1149546 31 33 2
1150122 31 34 0
1150392 31 34 2
1150968 31 35 0
1151256 31 35 2
1151263 31 63 1
1151457 31 2 2
1151547 31 63 2
1151832 31 36 0
1152131 31 36 2
1152707 31 37 0
1152993 31 37 2
1153569 31 38 0
1153872 31 38 2
1154448 31 39 0
1154704 31 39 2
1155280 31 40 0
1155588 31 40 2
1156164 31 41 0
1156613 31 41 2
1157189 31 42 0
1157462 31 42 2
1158038 31 43 0
1158316 31 43 2
1158892 31 44 0
1159188 31 44 2
1159764 31 45 0
1160041 31 45 2
1160617 31 46 0
1160892 31 46 2
1161468 31 47 0
1161684 31 47 2
1162260 31 48 0
1162576 31 48 2
1163152 31 49 0
1163500 31 49 2
1164076 31 50 0
1164352 31 50 2
1172752 31 8 0
1173022 31 8 2
1209922 31 1 0
1210044 31 1 2
1210096 31 35 0
1210096 31 35 0
1210194 31 35 2
1210261 31 35 2
1210417 31 36 0
1210417 31 36 0
1210467 31 36 2
1210503 31 36 2
1210567 31 37 0
1210567 31 37 0
1210609 31 37 2
1210665 31 37 2
1210713 31 58 0
1210713 31 58 0
1210804 31 58 2
1210830 31 58 2
1210862 31 59 0
1210862 31 59 0
1210945 31 59 2
1210971 31 59 2
1211063 31 0 0
1211063 31 0 0
1211161 31 0 2
1211169 31 0 2
1211289 31 61 0
1211289 31 61 0
1211355 31 61 2
1211372 31 61 2
1211652 31 54 0
1211652 31 54 0
1211702 31 54 2
1211738 31 54 2
1211802 31 56 0
1211802 31 56 0
1211865 31 28 2
1211908 31 56 2
1211916 31 56 2
1211944 31 57 0
1211944 31 57 0
1211971 31 28 2
1212042 31 57 2
1212059 31 57 2
1212189 31 28 2
1212627 31 46 0
1212701 31 46 2
1212805 31 47 0
1212879 31 47 2
1212971 31 12 0
1213045 31 12 2
1213371 31 0 0
1213597 31 1 0
1213597 31 1 0
1213687 31 1 2
1213720 31 1 2
1214152 31 11 0
1214152 31 11 0
1214219 31 11 2
1214242 31 11 2
1214258 31 46 0
1214332 31 46 2
1214364 31 47 0
1214438 31 47 2
1214582 31 12 0
1214656 31 12 2
1215140 31 1 0
1215140 31 1 0
1215231 31 1 2
1215255 31 1 2
1215703 31 46 0
1215703 31 46 0
1215747 31 46 2
1215810 31 46 2
1215842 31 47 0
1215948 31 47 2
1216092 31 12 0
1216207 31 12 2
1216691 31 1 0
1216691 31 1 0
1216788 31 1 2
1216901 31 1 2
1217236 31 46 0
1217338 31 46 2
1217370 31 47 0
1217370 31 47 0
1217464 31 47 2
1217479 31 47 2
1217623 31 12 0
1217623 31 12 0
1217683 31 12 2
1217730 31 12 2
1218214 31 1 0
1218214 31 1 0
1218304 31 1 2
1218311 31 1 2
1218759 31 46 0
1218759 31 46 0
1218801 31 46 2
1218809 31 46 2
1218841 31 47 0
1218841 31 47 0
1218876 31 47 2
1218889 31 47 2
1219033 31 12 0
1219033 31 12 0
1219091 31 12 2
1219100 31 12 2
1219584 31 1 0
1219584 31 1 0
1219674 31 1 2
1219685 31 1 2
1220133 31 46 0
1220133 31 46 0
1220187 31 46 2
1220188 31 46 2
1220219 31 47 0
1220219 31 47 0
1220253 31 47 2
1220263 31 47 2
1220407 31 12 0
1220407 31 12 0
1220466 31 12 2
1220471 31 12 2
1220955 31 1 0
1220955 31 1 0
1221045 31 1 2
1221054 31 1 2
1221502 31 46 0
1221502 31 46 0
1221544 31 46 2
1221551 31 46 2
1221583 31 47 0
1221583 31 47 0
1221617 31 47 2
1221626 31 47 2
1221770 31 12 0
1221770 31 12 0
1221828 31 12 2
1221837 31 12 2
1222321 31 1 0
1222321 31 1 0
1222417 31 1 2
1222418 31 1 2
1222866 31 46 0
1222866 31 46 0
1222908 31 46 2
1222919 31 46 2
1222951 31 47 0
1222951 31 47 0
1222985 31 47 2
1223007 31 47 2
1223151 31 12 0
1223151 31 12 0
1223209 31 12 2
1223216 31 12 2
1223700 31 1 0
1223700 31 1 0
1223790 31 1 2
1223799 31 1 2
1224247 31 46 0
1224247 31 46 0
1224289 31 46 2
1224297 31 46 2
1224329 31 47 0
1224329 31 47 0
1224371 31 47 2
1224372 31 47 2
1224516 31 12 0
1224516 31 12 0
1224574 31 12 2
1224581 31 12 2
1225065 31 1 0
1225065 31 1 0
1225155 31 1 2
1225164 31 1 2
1225596 31 12 0
1225596 31 12 0
1225654 31 12 2
1225662 31 12 2
1225678 31 46 0
1225678 31 46 0
1225720 31 46 2
1225730 31 46 2
1225762 31 47 0
1225762 31 47 0
1225800 31 47 2
1225803 31 47 2
1225947 31 12 0
1225947 31 12 0
1226005 31 12 2
1226013 31 12 2
1226497 31 1 0
1226497 31 1 0
1226587 31 1 2
1226595 31 1 2
1227043 31 46 0
1227043 31 46 0
1227085 31 46 2
1227093 31 46 2
1227125 31 47 0
1227125 31 47 0
1227160 31 47 2
1227167 31 47 2
1227311 31 12 0
1227311 31 12 0
1227369 31 12 2
1227377 31 12 2
1227861 31 1 0
1227861 31 1 0
1227951 31 1 2
1227960 31 1 2
1228408 31 46 0
1228408 31 46 0
1228450 31 46 2
1228469 31 46 2
1228501 31 47 0
1228501 31 47 0
1228536 31 47 2
1228542 31 47 2
1228686 31 12 0
1228686 31 12 0
1228746 31 12 2
1228751 31 12 2
1229235 31 1 0
1229235 31 1 0
1229326 31 1 2
1229333 31 1 2
1229781 31 46 0
1229781 31 46 0
1229823 31 46 2
1229830 31 46 2
1229862 31 47 0
1229862 31 47 0
1229896 31 47 2
1229903 31 47 2
1230047 31 12 0
1230047 31 12 0
1230105 31 12 2
1230112 31 12 2
1230596 31 1 0
1230596 31 1 0
1230686 31 1 2
1230693 31 1 2
1231141 31 46 0
1231141 31 46 0
1231183 31 46 2
1231191 31 46 2
1231223 31 47 0
1231223 31 47 0
1231258 31 47 2
1231263 31 47 2
1231407 31 12 0
1231407 31 12 0
1231465 31 12 2
1231473 31 12 2
1231957 31 1 0
1231957 31 1 0
1232047 31 1 2
1232054 31 1 2
1232502 31 46 0
1232502 31 46 0
1232544 31 46 2
1232551 31 46 2
1232583 31 47 0
1232583 31 47 0
1232617 31 47 2
1232625 31 47 2
1232769 31 12 0
1232769 31 12 0
1232832 31 12 2
1232835 31 12 2
1233319 31 1 0
1233319 31 1 0
1233409 31 1 2
1233416 31 1 2
1233864 31 46 0
1233864 31 46 0
1233906 31 46 2
1233913 31 46 2
1233945 31 47 0
1233945 31 47 0
1233980 31 47 2
1233988 31 47 2
1234132 31 12 0
1234132 31 12 0
1234191 31 12 2
1234200 31 12 2
1234684 31 1 0
1234684 31 1 0
1234774 31 1 2
1234782 31 1 2
1235230 31 46 0
1235230 31 46 0
1235272 31 46 2
1235287 31 46 2
1235319 31 47 0
1235319 31 47 0
1235353 31 47 2
1235361 31 47 2
1235505 31 12 0
1235505 31 12 0
1235563 31 12 2
1235571 31 12 2
1236055 31 1 0
1236055 31 1 0
1236145 31 1 2
1236154 31 1 2
1236602 31 46 0
1236602 31 46 0
1236644 31 46 2
1236653 31 46 2
1236685 31 47 0
1236685 31 47 0
1236721 31 47 2
1236726 31 47 2
1236870 31 12 0
1236870 31 12 0
1236928 31 12 2
1236935 31 12 2
1237419 31 1 0
1237419 31 1 0
1237519 31 1 2
1237520 31 1 2
1237967 31 46 0
1237967 31 46 0
1238009 31 46 2
1238017 31 46 2
1238049 31 47 0
1238049 31 47 0
1238083 31 47 2
1238090 31 47 2
1238234 31 12 0
1238234 31 12 0
1238292 31 12 2
1238300 31 12 2
1238784 31 1 0
1238784 31 1 0
1238875 31 1 2
1238883 31 1 2
1239331 31 46 0
1239331 31 46 0
1239374 31 46 2
1239382 31 46 2
1239414 31 47 0
1239414 31 47 0
1239452 31 47 2
1239454 31 47 2
1239598 31 12 0
1239598 31 12 0
1239656 31 12 2
1239664 31 12 2
1240148 31 1 0
1240148 31 1 0
1240238 31 1 2
1240247 31 1 2
1240695 31 46 0
1240695 31 46 0
1240737 31 46 2
1240746 31 46 2
1240778 31 47 0
1240778 31 47 0
1240812 31 47 2
1240821 31 47 2
1240965 31 12 0
1240965 31 12 0
1241023 31 12 2
1241031 31 12 2
1241515 31 1 0
1241515 31 1 0
1241605 31 1 2
1241621 31 1 2
1242069 31 46 0
1242069 31 46 0
1242112 31 46 2
1242120 31 46 2
1242152 31 47 0
1242152 31 47 0
1242187 31 47 2
1242192 31 47 2
1242336 31 12 0
1242336 31 12 0
1242394 31 12 2
1242404 31 12 2
1242888 31 1 0
1242888 31 1 0
1242978 31 1 2
1242986 31 1 2
1243434 31 46 0
1243434 31 46 0
1243476 31 46 2
1243484 31 46 2
1243516 31 47 0
1243516 31 47 0
1243550 31 47 2
1243558 31 47 2
1243702 31 12 0
1243702 31 12 0
1243760 31 12 2
1243767 31 12 2
1244251 31 1 0
1244251 31 1 0
1244341 31 1 2
1244348 31 1 2
1244796 31 46 0
1244796 31 46 0
1244838 31 46 2
1244846 31 46 2
1244878 31 47 0
1244878 31 47 0
1244913 31 47 2
1244919 31 47 2
1245063 31 12 0
1245063 31 12 0
1245121 31 12 2
1245132 31 12 2
1245616 31 1 0
1245616 31 1 0
1245706 31 1 2
1245715 31 1 2
1246163 31 46 0
1246163 31 46 0
1246205 31 46 2
1246213 31 46 2
1246245 31 47 0
1246245 31 47 0
1246279 31 47 2
1246287 31 47 2
1246431 31 12 0
1246431 31 12 0
1246489 31 12 2
1246497 31 12 2
1246981 31 1 0
1246981 31 1 0
1247071 31 1 2
1247080 31 1 2
1247528 31 46 0
1247528 31 46 0
1247570 31 46 2
1247584 31 46 2
1247616 31 47 0
1247616 31 47 0
1247652 31 47 2
1247660 31 47 2
1247804 31 12 0
1247804 31 12 0
1247862 31 12 2
1247879 31 12 2
1248363 31 1 0
1248363 31 1 0
1248454 31 1 2
1248462 31 1 2
1248910 31 46 0
1248910 31 46 0
1248958 31 46 2
1248960 31 46 2
1248992 31 47 0
1248992 31 47 0
1249026 31 47 2
1249035 31 47 2
1249179 31 12 0
1249179 31 12 0
1249237 31 12 2
1249245 31 12 2
1249729 31 1 0
1249729 31 1 0
1249819 31 1 2
1249826 31 1 2
1250274 31 46 0
1250274 31 46 0
1250316 31 46 2
1250324 31 46 2
1250356 31 47 0
1250356 31 47 0
1250394 31 47 2
1250396 31 47 2
1250540 31 12 0
1250540 31 12 0
1250598 31 12 2
1250605 31 12 2
1251089 31 1 0
1251089 31 1 0
1251179 31 1 2
1251188 31 1 2
1251636 31 46 0
1251636 31 46 0
1251681 31 46 2
1251689 31 46 2
1251721 31 47 0
1251721 31 47 0
1251755 31 47 2
1251772 31 47 2
1251916 31 12 0
1251916 31 12 0
1251974 31 12 2
1251982 31 12 2
1252466 31 1 0
1252466 31 1 0
1252557 31 1 2
1252569 31 1 2
1253017 31 46 0
1253017 31 46 0
1253059 31 46 2
1253067 31 46 2
1253099 31 47 0
1253099 31 47 0
1253133 31 47 2
1253141 31 47 2
1253285 31 12 0
1253285 31 12 0
1253343 31 12 2
1253351 31 12 2
1253835 31 1 0
1253835 31 1 0
1253925 31 1 2
1253943 31 1 2
1254391 31 46 0
1254391 31 46 0
1254433 31 46 2
1254457 31 46 2
1254489 31 47 0
1254489 31 47 0
1254523 31 47 2
1254553 31 47 2
1254697 31 12 0
1254697 31 12 0
1254755 31 12 2
1254773 31 12 2
1255257 31 1 0
1255257 31 1 0
1255357 31 1 2
1255375 31 1 2
1255823 31 46 0
1255823 31 46 0
1255865 31 46 2
1255873 31 46 2
1255905 31 47 0
1255905 31 47 0
1255940 31 47 2
1255986 31 47 2
1256130 31 12 0
1256130 31 12 0
1256198 31 12 2
1256209 31 12 2
1256693 31 1 0
1256693 31 1 0
1256803 31 1 2
1256815 31 1 2
1257263 31 46 0
1257263 31 46 0
1257305 31 46 2
1257312 31 46 2
1257344 31 47 0
1257344 31 47 0
1257378 31 47 2
1257407 31 47 2
1257551 31 12 0
1257551 31 12 0
1257609 31 12 2
1257626 31 12 2
1258014 31 1 0
1258014 31 1 0
1258124 31 1 2
1258152 31 1 2
1258600 31 46 0
1258600 31 46 0
1258642 31 46 2
1258650 31 46 2
1258682 31 47 0
1258682 31 47 0
1258717 31 47 2
1258752 31 47 2
1258896 31 12 0
1258896 31 12 0
1258954 31 12 2
1258972 31 12 2
1259456 31 1 0
1259456 31 1 0
1259566 31 1 2
1259588 31 1 2
1260036 31 46 0
1260036 31 46 0
1260088 31 46 2
1260093 31 46 2
1260125 31 47 0
1260125 31 47 0
1260161 31 47 2
1260181 31 47 2
1260325 31 12 0
1260325 31 12 0
1260383 31 12 2
1260391 31 12 2
1260875 31 1 0
1260875 31 1 0
1260985 31 1 2
1261013 31 1 2
1261461 31 46 0
1261461 31 46 0
1261503 31 46 2
1261511 31 46 2
1261543 31 47 0
1261543 31 47 0
1261577 31 47 2
1261608 31 47 2
1261760 31 61 0
1261760 31 61 0
1261846 31 61 2
1261887 31 61 2
1261911 31 62 0
1261911 31 62 0
1261969 31 62 2
1262007 31 62 2
1262283 31 63 0
1262283 31 63 0
1262373 31 63 2
1262405 31 63 2
1262829 31 12 0
1262829 31 12 0
1262887 31 12 2
1262913 31 12 2
1262979 31 29 2
1263565 31 1 0
1263565 31 1 0
1263655 31 1 2
1263664 31 1 2
1264112 31 46 0
1264112 31 46 0
1264154 31 46 2
1264162 31 46 2
1264194 31 47 0
1264194 31 47 0
1264228 31 47 2
1264276 31 47 2
1265152 31 12 0
1265152 31 12 0
1265211 31 12 2
1265235 31 12 2
1265305 31 29 2
1265887 31 1 0
1265887 31 1 0
1265979 31 1 2
1265984 31 1 2
1266432 31 46 0
1266432 31 46 0
1266474 31 46 2
1266484 31 46 2
1266516 31 47 0
1266516 31 47 0
1266550 31 47 2
1266558 31 47 2
1266702 31 12 0
1266702 31 12 0
1266760 31 12 2
1266768 31 12 2
1267252 31 1 0
1267252 31 1 0
1267342 31 1 2
1267356 31 1 2
1267804 31 46 0
1267804 31 46 0
1267853 31 46 2
1267860 31 46 2
1267892 31 47 0
1267892 31 47 0
1267939 31 47 2
1267974 31 47 2
1268118 31 12 0
1268118 31 12 0
1268177 31 12 2
1268196 31 12 2
1268680 31 1 0
1268680 31 1 0
1268770 31 1 2
1268778 31 1 2
1269226 31 46 0
1269226 31 46 0
1269268 31 46 2
1269276 31 46 2
1269308 31 47 0
1269308 31 47 0
1269392 31 47 2
1269420 31 47 2
1269564 31 12 0
1269632 31 12 2
1270116 31 1 0
1270116 31 1 0
1270206 31 1 2
1270214 31 1 2
1270662 31 46 0
1270662 31 46 0
1270704 31 46 2
1270713 31 46 2
1270745 31 47 0
1270745 31 47 0
1270829 31 47 2
1270847 31 47 2
1270991 31 12 0
1271055 31 12 2
1271539 31 1 0
1271539 31 1 0
1271632 31 1 2
1271647 31 1 2
1272079 31 8 0
1272079 31 8 0
1272170 31 8 2
1272215 31 8 2
1272231 31 46 0
1272231 31 46 0
1272273 31 46 2
1272280 31 46 2
1272312 31 47 0
1272312 31 47 0
1272356 31 47 2
1272375 31 47 2
1272519 31 12 0
1272519 31 12 0
1272577 31 12 2
1272585 31 12 2
1273069 31 1 0
1273069 31 1 0
1273159 31 1 2
1273177 31 1 2
1273625 31 46 0
1273625 31 46 0
1273667 31 46 2
1273675 31 46 2
1273707 31 47 0
1273707 31 47 0
1273772 31 47 2
1273813 31 47 2
1273957 31 12 0
1273957 31 12 0
1274039 31 12 2
1274040 31 12 2
1274523 31 1 0
1274523 31 1 0
1274613 31 1 2
1274621 31 1 2
1275069 31 46 0
1275069 31 46 0
1275117 31 46 2
1275127 31 46 2
1275159 31 47 0
1275159 31 47 0
1275224 31 47 2
1275235 31 47 2
1275379 31 12 0
1275379 31 12 0
1275437 31 12 2
1275445 31 12 2
1275929 31 1 0
1275929 31 1 0
1276020 31 1 2
1276049 31 1 2
1276497 31 46 0
1276497 31 46 0
1276547 31 46 2
1276552 31 46 2
1276579 31 47 0
1276579 31 47 0
1276663 31 47 2
1276671 31 47 2
1276815 31 12 0
1276815 31 12 0
1276874 31 12 2
1276879 31 12 2
1277363 31 1 0
1277363 31 1 0
1277453 31 1 2
1277460 31 1 2
1277908 31 46 0
1277908 31 46 0
1277950 31 46 2
1277963 31 46 2
1277995 31 47 0
1277995 31 47 0
1278069 31 47 2
1278097 31 47 2
1278241 31 12 0
1278241 31 12 0
1278299 31 12 2
1278310 31 12 2
1278794 31 1 0
1278794 31 1 0
1278887 31 1 2
1278906 31 1 2
1279354 31 46 0
1279354 31 46 0
1279399 31 46 2
1279408 31 46 2
1279440 31 47 0
1279440 31 47 0
1279504 31 47 2
1279541 31 47 2
1279685 31 12 0
1279685 31 12 0
1279744 31 12 2
1279749 31 12 2
1280233 31 1 0
1280233 31 1 0
1280323 31 1 2
1280330 31 1 2
1280778 31 46 0
1280778 31 46 0
1280820 31 46 2
1280829 31 46 2
1280861 31 47 0
1280861 31 47 0
1280935 31 47 2
1280973 31 47 2
1281117 31 12 0
1281117 31 12 0
1281175 31 12 2
1281182 31 12 2
1281666 31 1 0
1281666 31 1 0
1281756 31 1 2
1281780 31 1 2
1282228 31 46 0
1282228 31 46 0
1282271 31 46 2
1282295 31 46 2
1282327 31 47 0
1282327 31 47 0
1282361 31 47 2
1282398 31 47 2
1282542 31 12 0
1282542 31 12 0
1282601 31 12 2
1282607 31 12 2
1283091 31 1 0
1283091 31 1 0
1283181 31 1 2
1283199 31 1 2
1283647 31 46 0
1283647 31 46 0
1283689 31 46 2
1283696 31 46 2
1283728 31 47 0
1283728 31 47 0
1283802 31 47 2
1283830 31 47 2
1283974 31 12 0
1283974 31 12 0
1284032 31 12 2
1284040 31 12 2
1284524 31 1 0
1284524 31 1 0
1284614 31 1 2
1284632 31 1 2
1285080 31 46 0
1285080 31 46 0
1285122 31 46 2
1285143 31 46 2
1285175 31 47 0
1285175 31 47 0
1285229 31 47 2
1285256 31 47 2
1285400 31 12 0
1285400 31 12 0
1285462 31 12 2
1285467 31 12 2
1285951 31 1 0
1285951 31 1 0
1286044 31 1 2
1286070 31 1 2
1286518 31 46 0
1286518 31 46 0
1286560 31 46 2
1286568 31 46 2
1286600 31 47 0
1286600 31 47 0
1286664 31 47 2
1286692 31 47 2
1286836 31 12 0
1286836 31 12 0
1286894 31 12 2
1286902 31 12 2
1287386 31 1 0
1287386 31 1 0
1287476 31 1 2
1287484 31 1 2
1287932 31 46 0
1287932 31 46 0
1287974 31 46 2
1287991 31 46 2
1288023 31 47 0
1288023 31 47 0
1288097 31 47 2
1288115 31 47 2
1288259 31 12 0
1288259 31 12 0
1288318 31 12 2
1288323 31 12 2
1288807 31 1 0
1288807 31 1 0
1288908 31 1 2
1288916 31 1 2
1289364 31 46 0
1289364 31 46 0
1289408 31 46 2
1289416 31 46 2
1289448 31 47 0
1289448 31 47 0
1289537 31 47 2
1289539 31 47 2
1289683 31 12 0
1289683 31 12 0
1289749 31 12 2
1289752 31 12 2
1290236 31 1 0
1290236 31 1 0
1290326 31 1 2
1290344 31 1 2
1290792 31 46 0
1290792 31 46 0
1290834 31 46 2
1290852 31 46 2
1290884 31 47 0
1290884 31 47 0
1290958 31 47 2
1290986 31 47 2
1291130 31 12 0
1291130 31 12 0
1291190 31 12 2
1291201 31 12 2
1291685 31 1 0
1291685 31 1 0
1291775 31 1 2
1291794 31 1 2
1292242 31 46 0
1292242 31 46 0
1292287 31 46 2
1292298 31 46 2
1292330 31 47 0
1292330 31 47 0
1292394 31 47 2
1292421 31 47 2
1292565 31 12 0
1292565 31 12 0
1292623 31 12 2
1292634 31 12 2
1293118 31 1 0
1293118 31 1 0
1293208 31 1 2
1293217 31 1 2
1293665 31 46 0
1293665 31 46 0
1293707 31 46 2
1293715 31 46 2
1293747 31 47 0
1293747 31 47 0
1293831 31 47 2
1293849 31 47 2
1293993 31 12 0
1293993 31 12 0
1294052 31 12 2
1294057 31 12 2
1294541 31 1 0
1294541 31 1 0
1294631 31 1 2
1294648 31 1 2
1295096 31 46 0
1295096 31 46 0
1295138 31 46 2
1295158 31 46 2
1295190 31 47 0
1295190 31 47 0
1295254 31 47 2
1295291 31 47 2
1295435 31 12 0
1295435 31 12 0
1295493 31 12 2
1295501 31 12 2
1295985 31 1 0
1295985 31 1 0
1296075 31 1 2
1296083 31 1 2
1296531 31 46 0
1296531 31 46 0
1296573 31 46 2
1296581 31 46 2
1296613 31 47 0
1296613 31 47 0
1296687 31 47 2
1296715 31 47 2
1296859 31 12 0
1296859 31 12 0
1296918 31 12 2
1296923 31 12 2
1297407 31 1 0
1297407 31 1 0
1297497 31 1 2
1297515 31 1 2
1297963 31 46 0
1297963 31 46 0
1298005 31 46 2
1298013 31 46 2
1298045 31 47 0
1298045 31 47 0
1298129 31 47 2
1298147 31 47 2
1298291 31 12 0
1298291 31 12 0
1298349 31 12 2
1298357 31 12 2
1298841 31 1 0
1298841 31 1 0
1298931 31 1 2
1298942 31 1 2
1299125 31 27 2
1299390 31 46 0
1299390 31 46 0
1299432 31 46 2
1299440 31 46 2
1299472 31 47 0
1299472 31 47 0
1299506 31 47 2
1299514 31 47 2
1299658 31 12 0
1299658 31 12 0
1299717 31 12 2
1299733 31 12 2
1299865 31 1 0
1300037 31 1 2
1300389 31 1 0
1300389 31 1 0
1300550 31 1 2
1300585 31 1 2
1300682 31 28 2
1300765 31 1 0
1300911 31 1 2
1301179 31 46 0
1301179 31 46 0
1301221 31 46 2
1301229 31 46 2
1301261 31 47 0
1301261 31 47 0
1301295 31 47 2
1301303 31 47 2
1301447 31 12 0
1301447 31 12 0
1301505 31 12 2
1301513 31 12 2
1301997 31 1 0
1301997 31 1 0
1302087 31 1 2
1302095 31 1 2
1302496 31 29 2
1302543 31 46 0
1302543 31 46 0
1302585 31 46 2
1302593 31 46 2
1302625 31 47 0
1302625 31 47 0
1302660 31 47 2
1302665 31 47 2
1302809 31 12 0
1302809 31 12 0
1302867 31 12 2
1302875 31 12 2
1303007 31 1 0
1303129 31 1 2
1303481 31 1 0
1303481 31 1 0
1303571 31 1 2
1303578 31 1 2
1303812 31 30 2
1304026 31 46 0
1304026 31 46 0
1304068 31 46 2
1304075 31 46 2
1304107 31 47 0
1304107 31 47 0
1304141 31 47 2
1304149 31 47 2
1304293 31 12 0
1304293 31 12 0
1304352 31 12 2
1304360 31 12 2
1304492 31 1 0
1304614 31 1 2
1305086 31 1 0
1305086 31 1 0
1305176 31 1 2
1305203 31 1 2
1305491 31 62 0
1305491 31 62 0
1305553 31 62 2
1305555 31 62 2
1305679 31 61 0
1305679 31 61 0
1305745 31 61 2
1305753 31 61 2
1305961 31 32 2
1306289 31 1 0
1306289 31 1 0
1306379 31 1 2
1306404 31 1 2
1306488 31 58 0
1306488 31 58 0
1306578 31 58 2
1306595 31 58 2
1306675 31 59 0
1306675 31 59 0
1306757 31 59 2
1306774 31 59 2
1310732 31 40 2
1338332 31 2 0
1338333 31 63 1
1338528 31 2 2
1338618 31 63 2
1361662 31 2 0
1361663 31 63 1
1361858 31 2 2
1361948 31 63 2
1390232 31 2 0
1390233 31 63 1
1390428 31 2 2
1390518 31 63 2
1413582 31 2 0
1413583 31 63 1
1413778 31 2 2
1413868 31 63 2
1435418 31 2 0
1435419 31 63 1
1435608 31 2 2
1435698 31 63 2
1436670 31 2 0
1436671 31 2 2
1457480 31 2 0
1457481 31 2 2
1475490 31 2 0
1475491 31 31 0
1475491 31 2 2
1475500 31 2 2
1501242 31 15 0
1501242 31 15 0
1501276 31 15 2
1501284 31 15 2
1501492 31 31 0
1501501 31 2 0
1501501 31 31 2
1501591 31 31 2
1501859 31 55 0
1501997 31 55 2
1502053 31 19 0
1504345 31 19 2
1504401 31 56 0
1504401 31 56 0
1504507 31 56 2
1504548 31 56 2
1504612 31 57 0
1504612 31 57 0
1504710 31 57 2
1504759 31 57 2
1504787 31 27 2
1504819 31 19 0
1508668 31 19 2
1508727 31 27 2
1508728 31 19 0
1512240 31 19 2
1512302 31 44 2
1512312 31 19 0
1512604 31 19 2
1512663 31 35 2
1512746 31 59 2
1512854 31 52 2
1512856 31 19 0
1520270 31 19 2
1520418 31 46 2
1520426 31 19 0
1524364 31 19 2
1525737 31 62 2
1525744 31 19 0
1526978 31 19 2
1527945 31 60 2
1527950 31 19 0
1532534 31 19 2
2071163 31 40 0
2071301 31 40 0
2071594 31 40 0
2071727 31 40 0
2071855 31 40 0
2071994 31 40 0
2073369 31 40 0
2073370 31 2 0
2076084 31 2 0
2076085 31 0 0
2079597 31 0 2
