0 51 51 0
9 51 63 1
214 51 51 2
229 51 51 2
233 51 22 0
238 51 63 2
239 51 51 0
288 51 44 2
330 51 51 0
339 51 49 2
381 51 51 0
390 51 53 2
432 51 51 0
441 51 58 2
483 51 51 0
492 51 43 2
526 51 51 0
535 51 59 2
567 51 22 2
569 51 51 0
578 51 45 2
579 51 1 0
627 51 51 0
636 51 35 2
642 51 44 2
678 51 51 0
687 51 42 2
729 51 51 0
736 51 43 2
738 51 57 2
789 51 51 0
798 51 7 2
827 51 59 2
874 51 1 2
894 51 24 0
904 51 51 0
913 51 50 2
926 51 7 2
947 51 51 0
956 51 55 2
1014 51 51 0
1023 51 41 2
1041 51 58 2
1073 51 51 0
1082 51 27 2
1132 51 51 0
1141 51 54 2
1148 51 55 2
1152 51 24 2
1190 51 51 0
1199 51 37 2
1220 51 44 2
1246 51 27 2
1257 51 51 0
1266 51 18 2
1312 51 43 2
1332 51 51 0
1337 51 57 2
1341 51 20 2
1398 51 59 2
1406 51 51 0
1415 51 48 2
1453 51 41 2
1465 51 51 0
1474 51 52 2
1498 51 7 2
1508 51 51 0
1517 51 56 2
1559 51 49 2
1575 51 51 0
1584 51 40 2
1640 51 58 2
1642 51 51 0
1651 51 4 2
1668 51 18 2
1732 51 51 0
1734 51 55 2
1741 51 31 2
1768 51 52 2
1824 51 51 0
1833 51 60 2
1852 51 57 2
1859 51 42 2
1875 51 51 0
1884 51 46 2
1942 51 51 0
1946 51 27 2
1951 51 10 2
1960 51 35 2
2025 51 51 0
2034 51 34 2
2036 51 41 2
2050 51 4 2
2084 51 51 0
2093 51 22 2
2124 51 49 2
2158 51 46 2
2175 51 51 0
2184 51 17 2
2208 51 18 2
2251 51 45 2
2258 51 51 0
2267 51 61 2
2308 51 52 2
2317 51 51 0
2326 51 19 2
2342 51 40 2
2384 51 51 0
2393 51 12 2
2404 51 42 2
2457 51 22 2
2467 51 51 0
2476 51 8 2
2504 51 35 2
2549 51 61 2
2566 51 51 0
2575 51 38 2
2614 51 4 2
2641 51 51 0
2650 51 47 2
2651 51 19 2
2715 51 51 0
2724 51 33 2
2745 51 50 2
2776 51 46 2
2783 51 51 0
2792 51 63 2
2844 51 53 2
2858 51 51 0
2867 51 1 2
2888 51 45 2
2935 51 60 2
2957 51 51 0
2966 51 26 2
2996 51 40 2
3024 51 51 0
3033 51 13 2
3034 51 54 2
3090 51 22 2
3116 51 51 0
3125 51 36 2
3128 51 26 2
3176 51 51 0
3185 51 16 2
3224 51 61 2
3229 51 38 2
3268 51 51 0
3277 51 23 2
3319 51 36 2
3336 51 19 2
3368 51 51 0
3377 51 29 2
3411 51 10 2
3432 51 50 2
3443 51 51 0
3452 51 3 2
3519 51 23 2
3526 51 51 0
3535 51 32 2
3545 51 53 2
3601 51 51 0
3610 51 28 2
3621 51 47 2
3656 51 60 2
3669 51 51 0
3678 51 25 2
3721 51 29 2
3749 51 51 0
3758 51 39 2
3773 51 54 2
3812 51 8 2
3831 51 51 0
3840 51 9 2
3888 51 26 2
3923 51 51 0
3932 51 5 2
3934 51 20 2
3978 51 38 2
4023 51 51 0
4026 51 34 2
4032 51 15 2
4092 51 36 2
4125 51 12 2
4133 51 51 0
4142 51 14 2
4188 51 10 2
4224 51 31 2
4240 51 51 0
4249 51 62 2
4310 51 51 0
4318 51 23 2
4319 51 6 2
4323 51 37 2
4413 51 48 2
4430 51 51 0
4439 51 24 2
4444 51 47 2
4520 51 51 0
4528 51 25 2
4529 51 11 2
4561 51 29 2
4601 51 51 0
4610 51 21 2
4634 51 17 2
4660 51 8 2
4691 51 51 0
4700 51 30 2
4741 51 62 2
4764 51 20 2
4842 51 63 2
4866 51 34 2
4949 51 39 2
4954 51 12 2
5052 51 3 2
5088 51 31 2
5162 51 5 2
5210 51 37 2
5273 51 56 2
5314 51 48 2
5397 51 24 2
5400 51 25 2
5500 51 17 2
5513 51 1 2
5638 51 9 2
5682 51 62 2
5753 51 16 2
5800 51 63 2
5873 51 32 2
5926 51 39 2
5994 51 33 2
6045 51 3 2
6104 51 13 2
6152 51 5 2
6204 51 28 2
6280 51 24 2
6295 51 6 2
6362 51 56 2
6404 51 15 2
6459 51 1 2
6514 51 14 2
6570 51 9 2
6614 51 11 2
6672 51 16 2
6714 51 21 2
6768 51 32 2
6814 51 30 2
6858 51 33 2
6972 51 13 2
7094 51 28 2
7200 51 6 2
7338 51 15 2
7470 51 14 2
7596 51 11 2
7702 51 21 2
7810 51 30 2
17213 51 63 1
17414 51 2 2
17495 51 63 2
22296 51 63 1
22494 51 2 2
22575 51 63 2
53065 51 63 1
53264 51 2 2
53345 51 63 2
57961 51 63 1
58164 51 2 2
58245 51 63 2
62943 51 63 1
63144 51 2 2
63225 51 63 2
75380 51 63 1
75574 51 2 2
75655 51 63 2
81487 51 63 1
81684 51 0 2
81781 51 63 2
84234 51 63 1
84435 51 2 2
84517 51 63 2
85950 51 63 1
86144 51 2 2
86225 51 63 2
98052 51 63 1
98254 51 2 2
98335 51 63 2
99718 51 51 0
99727 51 0 2
99862 51 0 2
100000 51 0 2
113521 51 4 0
118359 51 4 2
118411 51 44 0
120402 51 44 2
120414 51 5 0
120523 51 5 2
120535 51 45 0
121240 51 45 2
121308 51 24 0
121444 51 24 2
121476 51 25 0
121592 51 25 2
121600 51 26 0
121750 51 26 2
121790 51 27 0
121881 51 27 2
121901 51 33 0
122829 51 33 2
122849 51 35 0
122949 51 35 2
122957 51 41 0
123668 51 41 2
123684 51 42 0
123961 51 42 2
123993 51 1 0
124177 51 1 2
124213 51 36 0
124315 51 36 2
124327 51 43 0
124662 51 63 1
124864 51 0 2
124961 51 63 2
124965 51 0 0
125080 51 43 2
125085 51 0 0
125096 51 17 0
125203 51 0 0
125244 51 17 2
125317 51 0 0
125336 51 27 0
125436 51 27 2
125440 51 37 0
125460 51 0 0
125537 51 37 2
125549 51 17 0
125604 51 0 0
125705 51 17 2
125713 51 15 0
125738 51 0 0
125826 51 15 2
125866 51 16 0
125867 51 0 0
125992 51 0 0
126107 51 0 0
126213 51 0 0
126339 51 16 2
126348 51 0 0
126379 51 18 0
126459 51 0 0
126477 51 18 2
126501 51 61 0
126571 51 0 0
126690 51 0 0
126844 51 0 0
126896 51 61 2
126908 51 54 0
126956 51 63 1
126971 51 0 0
127013 51 54 2
127033 51 13 0
127094 51 0 0
127177 51 13 2
127185 51 19 0
127221 51 0 0
127224 51 26 2
127283 51 63 2
127285 51 19 2
127289 51 35 0
127364 51 0 0
127476 51 0 0
127614 51 0 0
127728 51 0 0
127786 51 35 2
127802 51 53 0
127860 51 0 0
127976 51 0 0
128084 51 0 0
128231 51 0 0
128378 51 0 0
128387 51 63 1
128500 51 0 0
128584 51 14 2
128647 51 0 0
128673 51 63 2
128782 51 0 0
128901 51 0 0
129071 51 0 0
129192 51 0 0
129194 51 53 2
129234 51 33 0
129341 51 33 2
129342 51 0 0
129353 51 36 0
129475 51 0 0
129545 51 36 2
129565 51 40 0
129623 51 0 0
129746 51 0 0
129843 51 40 2
129853 51 0 0
129867 51 37 0
130000 51 37 2
130018 51 0 0
130104 51 38 0
130155 51 0 0
130291 51 0 0
130298 51 38 2
130302 51 12 0
130454 51 0 0
130574 51 12 2
130598 51 0 0
130598 51 8 0
130720 51 8 2
130723 51 63 1
130725 51 0 0
130728 51 29 0
130843 51 0 0
130904 51 29 2
130924 51 50 2
130944 51 0 0
130957 51 63 2
130966 51 0 0
131057 51 0 2
131069 51 38 0
131103 51 0 0
131221 51 0 0
131269 51 38 2
131285 51 39 0
131346 51 0 0
131491 51 0 0
131608 51 0 0
131736 51 0 0
131799 51 63 1
131873 51 0 0
132014 51 32 2
132031 51 0 0
132079 51 63 2
132208 51 0 0
132222 51 39 2
132226 51 39 0
132327 51 0 0
132448 51 0 0
132510 51 39 2
132566 51 36 0
132587 51 0 0
132683 51 36 2
132715 51 38 0
132718 51 0 0
132831 51 0 0
132885 51 38 2
132901 51 51 0
132950 51 0 0
133049 51 51 2
133105 51 31 0
133374 51 31 2
133382 51 52 0
133539 51 52 2
133575 51 39 0
133836 51 39 2
133856 51 53 0
134191 51 53 2
134215 51 54 0
134515 51 54 2
134531 51 11 0
134841 51 11 2
134853 51 56 0
134972 51 56 2
134976 51 12 0
135250 51 12 2
135258 51 57 0
135378 51 57 2
135382 51 2 0
135698 51 2 2
135750 51 37 0
135879 51 37 2
135895 51 40 0
136006 51 40 2
136062 51 58 0
136663 51 58 2
136723 51 35 0
136856 51 35 2
136860 51 50 0
137007 51 50 2
137027 51 62 0
137989 51 62 2
138017 51 38 0
138333 51 38 2
138405 51 63 0
139152 51 63 2
139192 51 12 0
139469 51 12 2
139493 51 2 0
139609 51 2 2
139633 51 13 0
139899 51 13 2
139995 51 3 0
140149 51 3 2
140189 51 23 0
140515 51 23 2
140531 51 24 0
140637 51 24 2
140745 51 22 0
140872 51 63 1
141074 51 16 2
141077 51 22 2
141085 51 25 0
141155 51 63 2
141200 51 25 2
141228 51 26 0
141347 51 26 2
141427 51 0 0
141573 51 0 2
141581 51 3 0
141716 51 3 2
141760 51 4 0
142140 51 4 2
142236 51 5 0
142569 51 5 2
142609 51 15 0
142910 51 15 2
142918 51 14 0
143265 51 14 2
143277 51 50 0
143387 51 50 2
143415 51 6 0
143557 51 6 2
143577 51 4 0
143695 51 4 2
143703 51 8 0
143849 51 8 2
143853 51 47 0
144023 51 47 2
144031 51 49 0
144154 51 49 2
144170 51 11 0
144292 51 11 2
144328 51 5 0
144490 51 5 2
144514 51 37 0
144780 51 37 2
144844 51 4 0
144992 51 4 2
144996 51 1 0
145149 51 1 2
145177 51 27 0
145267 51 27 2
145275 51 2 0
145422 51 2 2
145434 51 11 0
145555 51 11 2
145563 51 7 0
145912 51 7 2
145932 51 3 0
146040 51 3 2
146148 51 6 0
146375 51 6 2
146395 51 9 0
146504 51 9 2
146676 51 8 0
146839 51 8 2
146851 51 11 0
147005 51 11 2
147025 51 12 0
147279 51 12 2
147303 51 16 0
147563 51 16 2
147571 51 13 0
147742 51 13 2
147790 51 2 0
147930 51 2 2
147966 51 14 0
148184 51 14 2
148188 51 17 0
148528 51 17 2
148536 51 15 0
149027 51 15 2
149047 51 18 0
149323 51 18 2
149347 51 4 0
149466 51 4 2
149506 51 40 0
149673 51 40 2
149677 51 38 0
149677 51 38 0
149735 51 38 2
149837 51 38 2
149845 51 27 0
149952 51 27 2
149972 51 35 0
150109 51 35 2
150165 51 28 0
150318 51 28 2
150386 51 3 0
150491 51 3 2
150495 51 46 0
150785 51 46 2
150805 51 4 0
150941 51 4 2
150973 51 0 0
151138 51 0 2
151142 51 29 0
151727 51 29 2
151871 51 47 0
152118 51 47 2
152190 51 30 0
152402 51 30 2
152754 51 31 0
153318 51 63 1
153514 51 29 2
153579 51 63 2
153686 51 31 2
153690 51 44 0
153754 51 63 1
153805 51 44 2
153813 51 43 0
153954 51 11 2
153966 51 43 2
154019 51 63 2
154098 51 32 0
154204 51 32 2
154528 51 33 0
154644 51 33 2
154692 51 33 0
154799 51 33 2
154807 51 27 0
154829 51 2 0
154830 51 0 0
154998 51 27 2
155102 51 54 0
155480 51 54 2
155492 51 28 0
155699 51 28 2
155715 51 40 0
155972 51 40 2
155980 51 56 0
156319 51 56 2
156335 51 41 0
156634 51 41 2
156734 51 41 0
156873 51 41 2
156921 51 61 0
157905 51 63 1
158020 51 63 1
158097 51 63 1
158105 51 4 2
158186 51 63 2
158214 51 13 2
158230 51 63 1
158295 51 63 2
158324 51 19 2
158358 51 63 1
158381 51 63 2
158434 51 38 2
158498 51 63 2
158550 51 63 1
158564 51 7 2
158621 51 61 2
158625 51 39 0
158659 51 63 1
158669 51 63 2
158754 51 45 2
158803 51 63 2
158854 51 39 2
158862 51 63 1
158864 51 10 2
158865 51 63 1
158866 51 7 0
158937 51 63 2
159064 51 22 2
159090 51 7 2
159145 51 63 2
159150 51 8 0
159154 51 47 2
159219 51 63 2
159297 51 8 2
159329 51 63 0
159546 51 63 1
159680 51 63 1
159744 51 63 2
159806 51 63 1
159809 51 63 2
159884 51 30 2
159897 51 63 1
159957 51 63 2
160004 51 48 2
160053 51 63 2
160104 51 63 2
160114 51 8 2
160203 51 63 2
160212 51 0 0
160318 51 0 2
160334 51 63 1
160346 51 57 0
160438 51 63 1
160525 51 63 1
160544 51 14 2
160572 51 57 2
160630 51 63 1
160634 51 63 2
160640 51 58 0
160654 51 20 2
160719 51 63 2
160764 51 36 2
160783 51 58 2
160813 51 63 2
160867 51 46 0
160874 51 57 2
160923 51 63 2
161071 51 63 1
161173 51 46 2
161185 51 59 0
161187 51 63 1
161274 51 62 2
161331 51 63 2
161334 51 59 2
161366 51 32 0
161383 51 9 2
161416 51 63 1
161464 51 63 2
161487 51 32 2
161495 51 50 0
161506 51 63 1
161601 51 63 1
161634 51 34 2
161683 51 63 2
161702 51 63 1
161754 51 11 2
161797 51 63 1
161819 51 63 2
161864 51 26 2
161912 51 63 1
161921 51 63 2
161974 51 29 2
162039 51 63 2
162050 51 63 1
162084 51 42 2
162115 51 50 2
162125 51 63 2
162132 51 63 1
162191 51 60 0
162194 51 50 2
162227 51 63 2
162304 51 28 2
162312 51 60 2
162320 51 62 0
162361 51 63 2
162387 51 63 1
162414 51 33 2
162471 51 63 2
162515 51 63 1
162584 51 49 2
162606 51 62 2
162610 51 3 0
162624 51 63 2
162698 51 63 1
162714 51 41 2
162737 51 3 2
162749 51 5 0
162763 51 63 2
162833 51 63 1
162894 51 5 2
162963 51 5 2
162983 51 63 2
162991 51 17 0
163034 51 21 2
163101 51 17 2
163107 51 63 2
163121 51 6 0
163124 51 63 1
163239 51 63 1
163324 51 39 2
163333 51 6 2
163347 51 63 1
163397 51 63 2
163425 51 11 0
163435 51 12 2
163508 51 63 2
163544 51 15 2
163641 51 63 2
163696 51 63 1
163729 51 11 2
163737 51 10 0
163827 51 10 2
163847 51 11 0
163924 51 54 2
163931 51 63 1
163957 51 11 2
163965 51 6 0
163974 51 63 2
164088 51 63 1
164110 51 6 2
164134 51 60 2
164146 51 36 0
164175 51 63 2
164182 51 63 1
164294 51 63 1
164304 51 23 2
164393 51 63 2
164414 51 37 2
164424 51 36 2
164471 51 63 2
164484 51 12 0
164524 51 17 2
164598 51 63 2
164650 51 12 2
164658 51 0 0
164772 51 0 2
164846 51 63 1
164896 51 15 0
164896 51 15 0
164977 51 63 1
164986 51 15 2
165044 51 52 2
165063 51 15 2
165076 51 63 2
165130 51 63 1
165174 51 18 2
165183 51 7 0
165239 51 63 2
165330 51 7 2
165334 51 25 2
165346 51 0 0
165399 51 63 2
165543 51 63 1
165606 51 0 2
165735 51 63 1
165754 51 9 0
165764 51 61 2
165813 51 63 2
165828 51 63 1
165863 51 9 2
165895 51 8 0
165896 51 63 1
165954 51 31 2
166006 51 8 2
166034 51 51 0
166035 51 63 2
166043 51 63 1
166094 51 1 2
166183 51 63 2
166224 51 56 2
166281 51 63 2
166334 51 51 2
166335 51 63 1
166349 51 51 2
166358 51 63 2
166448 51 63 1
166457 51 14 0
166544 51 59 2
166577 51 63 2
166605 51 63 1
166654 51 3 2
166664 51 14 2
166722 51 63 1
166727 51 63 2
166824 51 46 2
166844 51 63 1
166881 51 63 2
166934 51 16 2
166960 51 31 0
167015 51 63 2
167044 51 58 2
167067 51 63 1
167085 51 63 2
167118 51 31 2
167162 51 35 0
167190 51 63 1
167274 51 53 2
167308 51 63 1
167315 51 63 2
167414 51 44 2
167418 51 35 2
167433 51 63 1
167454 51 63 2
167478 51 32 0
167524 51 27 2
167573 51 63 2
167612 51 32 2
167634 51 40 2
167638 51 63 1
167692 51 63 2
167712 51 33 0
167819 51 33 2
167834 51 35 2
167875 51 63 2
167911 51 34 0
168048 51 34 2
168080 51 1 0
168200 51 63 1
168333 51 63 1
168374 51 1 2
168404 51 55 2
168418 51 32 0
168432 51 63 1
168461 51 63 2
168534 51 6 2
168540 51 32 2
168548 51 35 0
168602 51 63 1
168631 51 63 2
168644 51 43 2
168677 51 63 2
168696 51 35 2
168700 51 60 0
168725 51 63 1
168810 51 63 1
168814 51 47 2
168878 51 63 2
168924 51 32 2
168940 51 60 2
168956 51 61 0
168989 51 63 2
169034 51 24 2
169107 51 63 2
169839 51 61 2
169899 51 48 0
170030 51 48 2
170070 51 49 0
170208 51 49 2
170244 51 36 0
170244 51 36 0
170286 51 36 2
170432 51 36 2
170496 51 37 0
170496 51 37 0
170546 51 37 2
170767 51 37 2
170815 51 58 0
170994 51 58 2
171006 51 31 0
171277 51 31 2
171289 51 30 0
171602 51 30 2
171610 51 59 0
171890 51 59 2
171942 51 34 0
172219 51 34 2
172259 51 0 0
172259 51 0 0
172349 51 0 2
172513 51 0 2
172521 51 33 0
172816 51 33 2
172832 51 60 0
173057 51 60 2
173077 51 32 0
173334 51 32 2
173410 51 61 0
173688 51 61 2
173812 51 62 0
174257 51 62 2
174345 51 12 0
174458 51 12 2
174470 51 39 0
174695 51 39 2
174707 51 13 0
174851 51 13 2
174855 51 48 0
174980 51 48 2
174992 51 59 0
175126 51 59 2
175154 51 54 0
175154 51 54 0
175196 51 54 2
175318 51 54 2
175358 51 55 0
175676 51 55 2
175700 51 56 0
175829 51 56 2
175857 51 57 0
175987 51 57 2
176051 51 58 0
176256 51 58 2
176292 51 49 0
176423 51 49 2
176463 51 63 0
176545 51 50 2
177067 51 50 2
177354 51 50 2
177588 51 50 2
178080 51 63 2
178128 51 15 0
178269 51 15 2
178285 51 44 0
178434 51 44 2
178454 51 45 0
178577 51 45 2
178825 51 0 0
178963 51 0 2
179055 51 1 0
179201 51 1 2
179205 51 46 0
179219 51 48 2
179279 51 46 2
179375 51 2 0
179481 51 2 2
179489 51 47 0
179571 51 47 2
179583 51 41 0
179680 51 41 2
179752 51 3 0
179765 51 49 2
179857 51 3 2
179865 51 12 0
179951 51 63 1
179956 51 12 2
180154 51 2 2
180208 51 5 0
180236 51 63 2
180330 51 5 2
180378 51 6 0
180508 51 6 2
180596 51 7 0
180774 51 7 2
180882 51 8 0
181018 51 8 2
181074 51 1 0
181074 51 1 0
181157 51 1 2
181182 51 1 2
181630 51 46 0
181704 51 46 2
181712 51 4 0
181835 51 4 2
181859 51 47 0
181940 51 47 2
182084 51 12 0
182174 51 12 2
182538 51 10 0
182654 51 10 2
182774 51 1 0
182978 51 1 2
183121 51 45 2
183426 51 46 0
183426 51 46 0
183501 51 46 2
183506 51 46 2
183533 51 47 0
183625 51 47 2
183769 51 12 0
183869 51 12 2
184353 51 1 0
184353 51 1 0
184443 51 1 2
184585 51 1 2
184891 51 46 0
184965 51 46 2
184997 51 47 0
184997 51 47 0
185076 51 47 2
185080 51 47 2
185224 51 12 0
185344 51 12 2
185828 51 1 0
185828 51 1 0
185910 51 1 2
185957 51 1 2
186405 51 46 0
186405 51 46 0
186456 51 46 2
186466 51 46 2
186498 51 47 0
186498 51 47 0
186576 51 47 2
186595 51 47 2
186739 51 12 0
186739 51 12 0
186815 51 12 2
186839 51 12 2
187323 51 1 0
187323 51 1 0
187405 51 1 2
187417 51 1 2
187849 51 14 0
187993 51 14 2
188009 51 46 0
188009 51 46 0
188059 51 46 2
188066 51 46 2
188098 51 47 0
188098 51 47 0
188157 51 47 2
188163 51 47 2
188307 51 12 0
188307 51 12 0
188373 51 12 2
188390 51 12 2
188874 51 1 0
188874 51 1 0
188956 51 1 2
188963 51 1 2
189411 51 46 0
189411 51 46 0
189461 51 46 2
189478 51 46 2
189510 51 47 0
189510 51 47 0
189578 51 47 2
189597 51 47 2
189741 51 12 0
189741 51 12 0
189827 51 12 2
189839 51 12 2
190323 51 1 0
190323 51 1 0
190405 51 1 2
190413 51 1 2
190861 51 46 0
190861 51 46 0
190911 51 46 2
190928 51 46 2
190960 51 47 0
190960 51 47 0
191021 51 47 2
191027 51 47 2
191171 51 12 0
191171 51 12 0
191271 51 12 2
191275 51 12 2
191759 51 1 0
191759 51 1 0
191841 51 1 2
191848 51 1 2
192296 51 46 0
192296 51 46 0
192346 51 46 2
192367 51 46 2
192399 51 47 0
192399 51 47 0
192457 51 47 2
192465 51 47 2
192609 51 12 0
192609 51 12 0
192675 51 12 2
192693 51 12 2
193177 51 1 0
193177 51 1 0
193259 51 1 2
193266 51 1 2
193714 51 46 0
193714 51 46 0
193764 51 46 2
193772 51 46 2
193804 51 47 0
193804 51 47 0
193864 51 47 2
193881 51 47 2
194025 51 12 0
194025 51 12 0
194111 51 12 2
194121 51 12 2
194605 51 1 0
194605 51 1 0
194687 51 1 2
194697 51 1 2
195145 51 46 0
195145 51 46 0
195195 51 46 2
195203 51 46 2
195235 51 47 0
195235 51 47 0
195303 51 47 2
195312 51 47 2
195456 51 12 0
195456 51 12 0
195542 51 12 2
195558 51 12 2
196042 51 1 0
196042 51 1 0
196124 51 1 2
196131 51 1 2
196579 51 46 0
196579 51 46 0
196630 51 46 2
196637 51 46 2
196669 51 47 0
196669 51 47 0
196730 51 47 2
196744 51 47 2
196888 51 12 0
196888 51 12 0
196984 51 12 2
197013 51 12 2
197497 51 1 0
197497 51 1 0
197579 51 1 2
197647 51 1 2
198095 51 46 0
198095 51 46 0
198145 51 46 2
198166 51 46 2
198198 51 47 0
198198 51 47 0
198266 51 47 2
198316 51 47 2
198460 51 12 0
198460 51 12 0
198586 51 12 2
198708 51 12 2
198974 51 1 0
198974 51 1 0
199058 51 1 2
199135 51 1 2
199567 51 7 0
199690 51 7 2
199706 51 46 0
199706 51 46 0
199759 51 46 2
199777 51 46 2
199809 51 47 0
199809 51 47 0
199872 51 47 2
199874 51 47 2
200018 51 12 0
200018 51 12 0
200091 51 12 2
200154 51 12 2
200575 51 1 0
200575 51 1 0
200657 51 1 2
200665 51 1 2
201113 51 46 0
201113 51 46 0
201163 51 46 2
201171 51 46 2
201203 51 47 0
201203 51 47 0
201261 51 47 2
201309 51 47 2
201453 51 12 0
201453 51 12 0
201577 51 12 2
201629 51 12 2
202061 51 1 0
202061 51 1 0
202100 51 63 1
202151 51 1 2
202253 51 1 2
202295 51 2 2
202377 51 63 2
202599 51 46 0
202599 51 46 0
202657 51 46 2
202669 51 46 2
202689 51 47 0
202689 51 47 0
202777 51 47 2
202795 51 47 2
202939 51 5 0
203121 51 5 2
203129 51 61 0
203269 51 61 2
203277 51 29 0
203540 51 29 2
203556 51 62 0
203556 51 62 0
203606 51 62 2
203716 51 62 2
203992 51 63 0
203992 51 63 0
204050 51 63 2
204140 51 63 2
204564 51 12 0
204564 51 12 0
204630 51 12 2
204664 51 12 2
205104 51 11 0
205210 51 11 2
205422 51 1 0
205422 51 1 0
205505 51 1 2
205513 51 1 2
205961 51 46 0
205961 51 46 0
206016 51 46 2
206029 51 46 2
206061 51 47 0
206061 51 47 0
206119 51 47 2
206127 51 47 2
206271 51 12 0
206271 51 12 0
206338 51 12 2
206346 51 12 2
206830 51 1 0
206830 51 1 0
206912 51 1 2
206921 51 1 2
206923 51 45 2
207369 51 46 0
207369 51 46 0
207419 51 46 2
207426 51 46 2
207458 51 47 0
207458 51 47 0
207516 51 47 2
207541 51 47 2
207685 51 12 0
207685 51 12 0
207761 51 12 2
207769 51 12 2
208253 51 1 0
208253 51 1 0
208335 51 1 2
208343 51 1 2
208791 51 46 0
208791 51 46 0
208841 51 46 2
208850 51 46 2
208882 51 47 0
208882 51 47 0
208950 51 47 2
208958 51 47 2
209102 51 12 0
209102 51 12 0
209188 51 12 2
209216 51 12 2
209700 51 1 0
209700 51 1 0
209787 51 1 2
209790 51 1 2
210238 51 46 0
210238 51 46 0
210288 51 46 2
210296 51 46 2
210328 51 47 0
210328 51 47 0
210386 51 47 2
210405 51 47 2
210549 51 12 0
210642 51 12 2
211126 51 1 0
211126 51 1 0
211219 51 1 2
211222 51 1 2
211670 51 46 0
211670 51 46 0
211722 51 46 2
211734 51 46 2
211766 51 47 0
211766 51 47 0
211834 51 47 2
211844 51 47 2
211988 51 12 0
211988 51 12 0
212092 51 12 2
212134 51 12 2
212576 51 1 0
212576 51 1 0
212665 51 1 2
212668 51 1 2
213097 51 8 0
213231 51 8 2
213247 51 46 0
213247 51 46 0
213298 51 46 2
213306 51 46 2
213338 51 47 0
213338 51 47 0
213396 51 47 2
213404 51 47 2
213548 51 12 0
213548 51 12 0
213634 51 12 2
213662 51 12 2
214146 51 1 0
214146 51 1 0
214228 51 1 2
214236 51 1 2
214684 51 46 0
214684 51 46 0
214734 51 46 2
214748 51 46 2
214780 51 47 0
214780 51 47 0
214840 51 47 2
214867 51 47 2
215011 51 12 0
215011 51 12 0
215097 51 12 2
215125 51 12 2
215609 51 1 0
215609 51 1 0
215691 51 1 2
215699 51 1 2
216147 51 46 0
216147 51 46 0
216200 51 46 2
216210 51 46 2
216242 51 47 0
216242 51 47 0
216311 51 47 2
216327 51 47 2
216471 51 12 0
216471 51 12 0
216567 51 12 2
216585 51 12 2
217069 51 1 0
217069 51 1 0
217151 51 1 2
217163 51 1 2
217611 51 46 0
217611 51 46 0
217661 51 46 2
217669 51 46 2
217701 51 47 0
217701 51 47 0
217759 51 47 2
217788 51 47 2
217932 51 12 0
217932 51 12 0
218028 51 12 2
218046 51 12 2
218530 51 1 0
218530 51 1 0
218615 51 1 2
218623 51 1 2
219071 51 46 0
219071 51 46 0
219121 51 46 2
219130 51 46 2
219162 51 47 0
219162 51 47 0
219230 51 47 2
219266 51 47 2
219410 51 12 0
219410 51 12 0
219497 51 12 2
219515 51 12 2
219999 51 1 0
219999 51 1 0
220081 51 1 2
220089 51 1 2
220537 51 46 0
220537 51 46 0
220587 51 46 2
220594 51 46 2
220626 51 47 0
220626 51 47 0
220694 51 47 2
220725 51 47 2
220869 51 12 0
220869 51 12 0
220975 51 12 2
220982 51 12 2
221466 51 1 0
221466 51 1 0
221548 51 1 2
221556 51 1 2
222004 51 46 0
222004 51 46 0
222054 51 46 2
222062 51 46 2
222094 51 47 0
222094 51 47 0
222162 51 47 2
222179 51 47 2
222323 51 12 0
222323 51 12 0
222419 51 12 2
222448 51 12 2
222932 51 1 0
222932 51 1 0
223016 51 1 2
223023 51 1 2
223471 51 46 0
223471 51 46 0
223521 51 46 2
223530 51 46 2
223562 51 47 0
223562 51 47 0
223620 51 47 2
223648 51 47 2
223792 51 12 0
223792 51 12 0
223878 51 12 2
223906 51 12 2
224390 51 1 0
224390 51 1 0
224472 51 1 2
224480 51 1 2
224912 51 9 0
225020 51 9 2
225036 51 46 0
225036 51 46 0
225087 51 46 2
225095 51 46 2
225127 51 47 0
225127 51 47 0
225205 51 47 2
225212 51 47 2
225356 51 12 0
225356 51 12 0
225452 51 12 2
225460 51 12 2
225520 51 63 1
225715 51 2 2
225797 51 63 2
225944 51 1 0
225944 51 1 0
226029 51 1 2
226034 51 1 2
226482 51 46 0
226482 51 46 0
226533 51 46 2
226550 51 46 2
226582 51 47 0
226582 51 47 0
226650 51 47 2
226681 51 47 2
226825 51 12 0
226825 51 12 0
226911 51 12 2
226941 51 12 2
227425 51 1 0
227425 51 1 0
227507 51 1 2
227515 51 1 2
227963 51 46 0
227963 51 46 0
228013 51 46 2
228021 51 46 2
228053 51 47 0
228053 51 47 0
228121 51 47 2
228139 51 47 2
228283 51 12 0
228283 51 12 0
228369 51 12 2
228397 51 12 2
228881 51 1 0
228881 51 1 0
228963 51 1 2
228971 51 1 2
229419 51 46 0
229419 51 46 0
229471 51 46 2
229479 51 46 2
229511 51 47 0
229511 51 47 0
229569 51 47 2
229597 51 47 2
229741 51 12 0
229741 51 12 0
229837 51 12 2
229855 51 12 2
230339 51 1 0
230339 51 1 0
230421 51 1 2
230428 51 1 2
230876 51 46 0
230876 51 46 0
230934 51 46 2
230936 51 46 2
230968 51 47 0
230968 51 47 0
231056 51 47 2
231074 51 47 2
231218 51 12 0
231218 51 12 0
231304 51 12 2
231312 51 12 2
231796 51 1 0
231796 51 1 0
231878 51 1 2
231885 51 1 2
232333 51 46 0
232333 51 46 0
232385 51 46 2
232389 51 46 2
232421 51 47 0
232421 51 47 0
232509 51 47 2
232527 51 47 2
232671 51 12 0
232671 51 12 0
232757 51 12 2
232785 51 12 2
233269 51 1 0
233269 51 1 0
233353 51 1 2
233366 51 1 2
233814 51 46 0
233814 51 46 0
233867 51 46 2
233875 51 46 2
233907 51 47 0
233907 51 47 0
233975 51 47 2
234005 51 47 2
234149 51 12 0
234149 51 12 0
234235 51 12 2
234252 51 12 2
234736 51 1 0
234736 51 1 0
234818 51 1 2
234826 51 1 2
235274 51 46 0
235274 51 46 0
235325 51 46 2
235330 51 46 2
235362 51 47 0
235362 51 47 0
235430 51 47 2
235458 51 47 2
235602 51 12 0
235602 51 12 0
235698 51 12 2
235716 51 12 2
236200 51 1 0
236200 51 1 0
236282 51 1 2
236289 51 1 2
236721 51 10 0
236870 51 10 2
236886 51 46 0
236886 51 46 0
236944 51 46 2
236966 51 46 2
236976 51 47 0
236976 51 47 0
237034 51 47 2
237052 51 47 2
237196 51 12 0
237196 51 12 0
237288 51 12 2
237291 51 12 2
237775 51 1 0
237775 51 1 0
237857 51 1 2
237871 51 1 2
238319 51 46 0
238319 51 46 0
238369 51 46 2
238377 51 46 2
238409 51 47 0
238409 51 47 0
238477 51 47 2
238500 51 47 2
238644 51 12 0
238644 51 12 0
238730 51 12 2
238758 51 12 2
239242 51 1 0
239242 51 1 0
239324 51 1 2
239332 51 1 2
239780 51 46 0
239780 51 46 0
239830 51 46 2
239837 51 46 2
239869 51 47 0
239869 51 47 0
239937 51 47 2
239954 51 47 2
240098 51 12 0
240098 51 12 0
240194 51 12 2
240222 51 12 2
240706 51 1 0
240706 51 1 0
240788 51 1 2
240797 51 1 2
241245 51 46 0
241245 51 46 0
241295 51 46 2
241303 51 46 2
241335 51 47 0
241335 51 47 0
241393 51 47 2
241412 51 47 2
241556 51 12 0
241556 51 12 0
241652 51 12 2
241669 51 12 2
242153 51 1 0
242153 51 1 0
242235 51 1 2
242243 51 1 2
242691 51 46 0
242691 51 46 0
242741 51 46 2
242750 51 46 2
242782 51 47 0
242782 51 47 0
242850 51 47 2
242869 51 47 2
243013 51 12 0
243013 51 12 0
243109 51 12 2
243137 51 12 2
243621 51 1 0
243621 51 1 0
243703 51 1 2
243711 51 1 2
244159 51 46 0
244159 51 46 0
244209 51 46 2
244216 51 46 2
244248 51 47 0
244248 51 47 0
244306 51 47 2
244334 51 47 2
244478 51 12 0
244478 51 12 0
244564 51 12 2
244592 51 12 2
245076 51 1 0
245076 51 1 0
245158 51 1 2
245166 51 1 2
245614 51 46 0
245614 51 46 0
245664 51 46 2
245672 51 46 2
245704 51 47 0
245704 51 47 0
245764 51 47 2
245790 51 47 2
245934 51 12 0
245934 51 12 0
246030 51 12 2
246049 51 12 2
246533 51 1 0
246533 51 1 0
246615 51 1 2
246625 51 1 2
247073 51 46 0
247073 51 46 0
247123 51 46 2
247132 51 46 2
247164 51 47 0
247164 51 47 0
247232 51 47 2
247253 51 47 2
247397 51 12 0
247397 51 12 0
247483 51 12 2
247511 51 12 2
247995 51 1 0
247995 51 1 0
248077 51 1 2
248084 51 1 2
248516 51 11 0
248638 51 11 2
248654 51 46 0
248654 51 46 0
248704 51 46 2
248715 51 46 2
248747 51 47 0
248747 51 47 0
248805 51 47 2
248836 51 47 2
248980 51 12 0
248980 51 12 0
249066 51 12 2
249094 51 12 2
249578 51 1 0
249578 51 1 0
249661 51 1 2
249666 51 1 2
250114 51 46 0
250114 51 46 0
250164 51 46 2
250176 51 46 2
250208 51 47 0
250208 51 47 0
250277 51 47 2
250295 51 47 2
250439 51 12 0
250439 51 12 0
250525 51 12 2
250553 51 12 2
251037 51 1 0
251037 51 1 0
251119 51 1 2
251127 51 1 2
251575 51 46 0
251575 51 46 0
251626 51 46 2
251634 51 46 2
251666 51 47 0
251666 51 47 0
251734 51 47 2
251753 51 47 2
251897 51 12 0
251897 51 12 0
251994 51 12 2
252026 51 12 2
252510 51 1 0
252510 51 1 0
252596 51 1 2
252631 51 1 2
253079 51 46 0
253079 51 46 0
253129 51 46 2
253159 51 46 2
253191 51 47 0
253191 51 47 0
253269 51 47 2
253288 51 47 2
253432 51 12 0
253432 51 12 0
253522 51 12 2
253540 51 12 2
254024 51 1 0
254024 51 1 0
254106 51 1 2
254115 51 1 2
254563 51 46 0
254563 51 46 0
254613 51 46 2
254620 51 46 2
254652 51 47 0
254652 51 47 0
254721 51 47 2
254757 51 47 2
254901 51 12 0
254901 51 12 0
254994 51 12 2
255007 51 12 2
255491 51 1 0
255491 51 1 0
255574 51 1 2
255794 51 1 2
256242 51 46 0
256242 51 46 0
256301 51 46 2
256322 51 46 2
256333 51 47 0
256333 51 47 0
256401 51 47 2
256432 51 47 2
256545 51 12 0
256545 51 12 0
256639 51 12 2
256761 51 12 2
257123 51 1 0
257123 51 1 0
257225 51 1 2
257255 51 1 2
257703 51 46 0
257703 51 46 0
257753 51 46 2
257761 51 46 2
257793 51 47 0
257793 51 47 0
257851 51 47 2
257858 51 47 2
258002 51 12 0
258002 51 12 0
258098 51 12 2
258109 51 12 2
258593 51 1 0
258593 51 1 0
258677 51 1 2
258735 51 1 2
259183 51 46 0
259183 51 46 0
259233 51 46 2
259242 51 46 2
259274 51 47 0
259274 51 47 0
259342 51 47 2
259365 51 47 2
259509 51 12 0
259509 51 12 0
259594 51 12 2
259603 51 12 2
260087 51 1 0
260087 51 1 0
260171 51 1 2
260181 51 1 2
260613 51 12 0
260613 51 12 0
260679 51 12 2
260687 51 12 2
260703 51 46 0
260703 51 46 0
260753 51 46 2
260761 51 46 2
260793 51 47 0
260793 51 47 0
260872 51 47 2
260889 51 47 2
261033 51 12 0
261033 51 12 0
261130 51 12 2
261209 51 12 2
261693 51 1 0
261693 51 1 0
261782 51 1 2
261915 51 1 2
262230 51 46 0
262230 51 46 0
262287 51 46 2
262290 51 46 2
262319 51 47 0
262319 51 47 0
262407 51 47 2
262427 51 47 2
262551 51 12 0
262551 51 12 0
262627 51 12 2
262655 51 12 2
263139 51 1 0
263139 51 1 0
263221 51 1 2
263232 51 1 2
263680 51 46 0
263680 51 46 0
263730 51 46 2
263739 51 46 2
263771 51 47 0
263771 51 47 0
263849 51 47 2
263856 51 47 2
264000 51 12 0
264000 51 12 0
264096 51 12 2
264177 51 12 2
264661 51 1 0
264661 51 1 0
264744 51 1 2
264761 51 1 2
265209 51 46 0
265209 51 46 0
265259 51 46 2
265272 51 46 2
265304 51 47 0
265304 51 47 0
265382 51 47 2
265400 51 47 2
265544 51 12 0
265544 51 12 0
265630 51 12 2
265657 51 12 2
265709 51 2 0
265711 51 63 1
265915 51 2 2
265997 51 63 2
266141 51 1 0
266141 51 1 0
266223 51 1 2
266290 51 1 2
266738 51 46 0
266738 51 46 0
266789 51 46 2
266797 51 46 2
266829 51 47 0
266829 51 47 0
266927 51 47 2
266948 51 47 2
267092 51 12 0
267092 51 12 0
267189 51 12 2
267393 51 12 2
267877 51 1 0
267877 51 1 0
267959 51 1 2
267967 51 1 2
268174 51 2 0
268296 51 2 0
268414 51 45 2
268415 51 46 0
268415 51 46 0
268438 51 2 0
268466 51 46 2
268475 51 46 2
268507 51 47 0
268507 51 47 0
268565 51 47 2
268574 51 47 2
268580 51 2 0
268718 51 12 0
268718 51 12 0
268775 51 2 0
268784 51 12 2
268793 51 12 2
268902 51 2 0
268925 51 1 0
269091 51 1 2
269178 51 45 2
269267 51 1 0
269398 51 2 0
269477 51 1 2
269653 51 1 0
269653 51 1 0
269736 51 1 2
269826 51 2 0
269838 51 1 2
269958 51 2 0
270263 51 2 0
270286 51 46 0
270286 51 46 0
270336 51 46 2
270344 51 46 2
270376 51 47 0
270376 51 47 0
270419 51 2 0
270436 51 47 2
270446 51 47 2
270575 51 2 0
270590 51 12 0
270590 51 12 0
270658 51 12 2
270699 51 12 2
270707 51 2 0
270915 51 2 0
271125 51 2 0
271183 51 1 0
271183 51 1 0
271253 51 2 0
271265 51 1 2
271273 51 1 2
271360 51 2 0
271374 51 46 2
271504 51 2 0
271618 51 2 0
271721 51 46 0
271721 51 46 0
271771 51 46 2
271778 51 46 2
271810 51 47 0
271810 51 47 0
271831 51 2 0
271872 51 47 2
271881 51 47 2
271963 51 2 0
272025 51 12 0
272025 51 12 0
272091 51 12 2
272099 51 12 2
272110 51 2 0
272237 51 2 0
272348 51 2 0
272515 51 2 0
272583 51 1 0
272583 51 1 0
272627 51 47 2
272665 51 1 2
272690 51 1 2
272772 51 2 0
272905 51 2 0
272991 51 48 2
273027 51 2 0
273134 51 48 2
273138 51 46 0
273138 51 46 0
273142 51 2 0
273193 51 46 2
273195 51 46 2
273227 51 47 0
273227 51 47 0
273233 51 2 0
273286 51 47 2
273291 51 47 2
273330 51 2 0
273427 51 2 0
273435 51 12 0
273435 51 12 0
273501 51 12 2
273509 51 12 2
273641 51 1 0
273663 51 2 0
273739 51 1 2
274091 51 1 0
274091 51 1 0
274156 51 2 0
274169 51 63 1
274175 51 1 2
274280 51 1 2
274360 51 2 0
274364 51 0 2
274464 51 63 2
274495 51 2 0
274547 51 49 2
274604 51 2 0
274681 51 49 2
274714 51 2 0
274728 51 46 0
274728 51 46 0
274778 51 46 2
274786 51 46 2
274818 51 47 0
274818 51 47 0
274876 51 47 2
274884 51 47 2
274907 51 2 0
275028 51 12 0
275028 51 12 0
275068 51 2 0
275100 51 12 2
275102 51 12 2
275199 51 2 0
275234 51 1 0
275308 51 2 0
275332 51 1 2
275427 51 2 0
275674 51 2 0
275684 51 1 0
275803 51 1 2
275822 51 2 0
275938 51 2 0
276048 51 2 0
276183 51 2 0
276251 51 46 0
276251 51 46 0
276301 51 46 2
276309 51 46 2
276341 51 47 0
276341 51 47 0
276355 51 2 0
276399 51 47 2
276407 51 47 2
276522 51 2 0
276551 51 12 0
276551 51 12 0
276617 51 12 2
276625 51 12 2
276638 51 2 0
276958 51 2 0
277101 51 9 0
277159 51 2 0
277207 51 9 2
277331 51 55 0
277437 51 55 2
277441 51 1 0
277559 51 1 2
277583 51 56 0
277611 51 2 0
277705 51 56 2
277725 51 45 0
277815 51 45 2
277844 51 2 0
277871 51 46 0
277969 51 46 2
278045 51 63 0
278178 51 2 0
278269 51 63 2
278277 51 47 0
278362 51 2 0
278383 51 47 2
278487 51 62 0
278487 51 62 0
278537 51 62 2
278543 51 2 0
278544 51 62 2
278668 51 61 0
278668 51 61 0
278696 51 2 0
278710 51 61 2
278785 51 61 2
278857 51 54 0
278987 51 54 2
279019 51 55 0
279149 51 2 0
279157 51 55 2
279284 51 63 1
279385 51 40 0
279405 51 2 0
279484 51 0 2
279496 51 40 2
279524 51 49 0
279581 51 63 2
279622 51 49 2
279634 51 51 0
279643 51 2 0
279724 51 51 2
279744 51 37 0
279850 51 37 2
279854 51 20 0
279952 51 20 2
279968 51 3 0
280288 51 3 2
280380 51 21 0
280485 51 21 2
280493 51 56 0
280647 51 56 2
280667 51 57 0
280803 51 57 2
280807 51 1 0
280807 51 1 0
280889 51 1 2
280907 51 1 2
280991 51 58 0
280991 51 58 0
281009 51 2 0
281025 51 58 2
281130 51 58 2
281210 51 59 0
281210 51 59 0
281237 51 59 2
281338 51 59 2
281362 51 63 0
281492 51 63 2
281576 51 33 0
281722 51 33 2
281968 51 0 2
283749 51 63 1
283944 51 0 2
284041 51 63 2
289540 51 2 0
289541 51 63 1
289745 51 2 2
289827 51 63 2
328842 51 2 0
328843 51 63 1
329044 51 2 2
329125 51 63 2
336420 51 2 0
336421 51 2 2
402026 51 2 0
402027 51 63 1
402225 51 2 2
402307 51 63 2
486040 51 2 2
488220 51 2 2
522758 51 63 1
522759 51 2 0
522959 51 2 2
523040 51 63 2
546833 51 2 0
546834 51 63 1
547029 51 2 2
547110 51 63 2
556999 51 63 1
557199 51 2 2
557280 51 63 2
563902 51 2 0
563903 51 63 1
564099 51 2 2
564180 51 63 2
571166 51 63 1
571369 51 3 2
571442 51 63 2
577894 51 2 0
577895 51 2 2
589483 51 2 0
589484 51 2 2
592067 51 2 0
592068 51 2 2
613363 51 63 1
613560 51 2 2
613642 51 63 2
621283 51 63 1
621480 51 3 2
621554 51 63 2
636673 51 63 1
636870 51 2 2
636952 51 63 2
644495 51 63 1
644699 51 3 2
644772 51 63 2
665063 51 2 0
665064 51 63 1
665260 51 2 2
665342 51 63 2
688473 51 2 0
688474 51 63 1
688670 51 2 2
688752 51 63 2
706196 51 2 0
706197 51 2 2
714312 51 3 2
725321 51 2 0
725322 51 0 0
745918 51 3 2
763655 51 2 0
763656 51 63 1
763860 51 2 2
763942 51 63 2
790874 51 15 0
790874 51 15 0
790964 51 15 2
790989 51 15 2
791077 51 30 0
791183 51 30 2
791195 51 24 0
791301 51 24 2
791401 51 25 0
791507 51 25 2
791515 51 51 0
791524 51 2 0
791524 51 51 2
791606 51 51 2
791670 51 26 0
791776 51 26 2
791840 51 27 0
791946 51 27 2
791978 51 34 0
792084 51 34 2
792096 51 26 0
792202 51 26 2
792298 51 55 0
792436 51 55 2
792444 51 27 0
792550 51 27 2
792598 51 23 0
794956 51 23 2
794960 51 28 0
795043 51 33 2
795074 51 28 2
795094 51 23 0
795932 51 23 2
795964 51 56 0
795964 51 56 0
796014 51 56 2
796079 51 56 2
796115 51 35 0
796371 51 35 2
796399 51 57 0
796399 51 57 0
796441 51 57 2
796514 51 57 2
796522 51 39 0
796644 51 39 2
796696 51 23 0
797248 51 47 2
805412 51 23 2
805420 51 19 0
805495 51 30 2
805518 51 19 2
805522 51 23 0
813024 51 23 2
813570 51 57 2
813576 51 23 0
819152 51 23 2
820207 51 25 2
820208 51 23 0
822398 51 23 2
824525 51 22 2
824534 51 23 0
827010 51 23 2
828255 51 21 2
828258 51 23 0
831390 51 23 2
832306 51 19 2
832314 51 23 0
833881 51 23 2
835624 51 19 2
835633 51 23 0
838761 51 23 2
839580 51 39 2
839589 51 23 0
846338 51 23 2
846543 51 23 2
846554 51 23 0
847413 51 23 2
848256 51 23 2
848265 51 23 0
848423 51 23 2
848475 51 29 0
848506 51 8 2
848597 51 29 2
848613 51 23 0
853604 51 23 2
853687 51 27 2
853704 51 32 0
853810 51 32 2
853894 51 28 0
854008 51 28 2
854060 51 2 0
854150 51 2 2
854162 51 29 0
854227 51 29 2
854259 51 4 0
854349 51 4 2
854357 51 35 0
854357 51 35 0
854391 51 35 2
854440 51 35 2
854480 51 36 0
854480 51 36 0
854522 51 36 2
854571 51 36 2
941315 51 40 2
942189 51 63 1
942384 51 40 2
942441 51 63 2
943077 51 2 0
943078 51 2 2
943763 51 63 1
943964 51 40 2
944021 51 63 2
1028901 51 2 2
1051446 51 2 0
1051447 51 2 2
1069297 51 2 2
1088254 51 2 2
1088255 51 2 0
1088781 51 63 1
1088977 51 3 2
1089051 51 63 2
1090980 51 37 0
1090980 51 37 0
1093486 51 37 2
1095236 51 2 0
1095237 51 0 0
1096334 51 37 2
1096514 51 0 0
1096514 51 0 0
1096606 51 0 2
1096661 51 0 2
1096749 51 36 0
1096749 51 36 0
1096791 51 36 2
1097403 51 36 2
1097435 51 38 0
1097435 51 38 0
1097583 51 38 2
1099108 51 49 2
1099368 51 48 2
1099599 51 49 2
1099722 51 49 2
1099788 51 48 2
1099918 51 48 2
1100606 51 38 2
1100766 51 54 0
1100766 51 54 0
1100808 51 54 2
1100833 51 54 2
1100860 51 50 2
1100861 51 56 0
1100861 51 56 0
1100912 51 56 2
1100945 51 56 2
1100949 51 12 0
1100949 51 12 0
1101015 51 12 2
1101023 51 12 2
1101031 51 57 0
1101031 51 57 0
1101073 51 57 2
1101106 51 57 2
1101162 51 37 0
1101162 51 37 0
1101212 51 37 2
1101220 51 37 2
1101238 51 50 2
1101352 51 35 0
1101352 51 35 0
1101360 51 50 2
1101386 51 35 2
1101434 51 35 2
1101966 51 47 2
1102290 51 47 0
1102393 51 47 2
1102545 51 1 0
1102545 51 1 0
1102595 51 47 2
1102627 51 1 2
1102635 51 1 2
1102691 51 7 0
1102893 51 7 2
1103373 51 15 0
1103373 51 15 0
1103480 51 15 2
1103568 51 38 0
1103568 51 38 0
1103626 51 38 2
1103859 51 38 2
1104015 51 46 0
1104080 51 46 2
1104132 51 0 0
1104132 51 0 0
1104183 51 15 2
1104222 51 0 2
1104240 51 0 2
1104388 51 47 0
1104452 51 47 2
1104468 51 12 0
1104566 51 12 2
1104602 51 47 0
1104673 51 47 2
1105981 51 63 0
1105981 51 63 0
1106079 51 63 2
1106097 51 63 2
1106301 51 58 0
1106301 51 58 0
1106365 51 58 2
1106530 51 58 2
1106614 51 46 0
1106696 51 46 2
1107252 51 15 0
1107252 51 15 0
1107342 51 15 2
1107350 51 15 2
1107850 51 52 0
1108396 51 52 2
1108972 51 53 0
1109297 51 53 2
1109873 51 54 0
1110218 51 54 2
1110794 51 55 0
1111058 51 55 2
1111634 51 56 0
1112116 51 56 2
1112692 51 57 0
1112762 51 2 0
1112763 51 63 1
1112960 51 2 2
1113041 51 63 2
1113151 51 57 2
1113727 51 58 0
1114024 51 58 2
1114600 51 59 0
1114978 51 59 2
1115554 51 60 0
1115884 51 60 2
1116460 51 61 0
1116855 51 61 2
1117431 51 62 0
1117738 51 62 2
1118314 51 63 0
1118587 51 63 2
1119163 51 0 0
1119163 51 0 0
1119253 51 0 2
1119427 51 0 2
1119695 51 2 0
1119828 51 2 2
1119884 51 3 0
1119998 51 3 2
1120002 51 7 0
1120414 51 7 2
1120502 51 4 0
1120616 51 4 2
1121004 51 1 0
1121394 51 1 2
1121970 51 2 0
1122312 51 2 2
1122888 51 3 0
1123205 51 3 2
1123781 51 4 0
1124065 51 4 2
1124641 51 5 0
1124927 51 5 2
1125503 51 6 0
1125876 51 6 2
1125963 51 63 1
1126161 51 0 2
1126259 51 63 2
1126452 51 7 0
1126786 51 7 2
1127362 51 8 0
1127362 51 8 0
1127444 51 8 2
1127618 51 8 2
1128194 51 9 0
1128492 51 9 2
1129068 51 10 0
1129394 51 10 2
1129970 51 11 0
1129970 51 11 0
1130028 51 11 2
1130288 51 11 2
1130864 51 12 0
1131166 51 12 2
1131742 51 13 0
1132028 51 13 2
1132604 51 14 0
1132958 51 14 2
1133534 51 15 0
1133968 51 15 2
1134544 51 16 0
1134798 51 16 2
1135374 51 17 0
1135673 51 17 2
1136249 51 18 0
1136556 51 18 2
1137132 51 19 0
1137420 51 19 2
1137996 51 20 0
1138267 51 20 2
1138843 51 21 0
1139197 51 21 2
1139773 51 22 0
1140110 51 22 2
1140686 51 23 0
1140990 51 23 2
1141566 51 24 0
1141828 51 24 2
1142404 51 25 0
1142743 51 25 2
1143319 51 26 0
1143608 51 26 2
1144184 51 27 0
1144512 51 27 2
1145088 51 28 0
1145386 51 28 2
1145962 51 29 0
1146267 51 29 2
1146843 51 30 0
1147182 51 30 2
1147758 51 31 0
1148032 51 31 2
1148608 51 32 0
1148898 51 32 2
1149474 51 33 0
1149793 51 33 2
1150369 51 34 0
1150639 51 34 2
1151215 51 35 0
1151574 51 35 2
1152150 51 36 0
1152436 51 36 2
1153012 51 37 0
1153287 51 37 2
1153863 51 38 0
1154174 51 38 2
1154750 51 39 0
1155014 51 39 2
1155590 51 40 0
1155590 51 40 0
1155641 51 40 2
1155877 51 40 2
1156453 51 41 0
1156813 51 41 2
1157389 51 42 0
1157662 51 42 2
1158238 51 43 0
1158516 51 43 2
1159092 51 44 0
1159396 51 44 2
1159972 51 45 0
1160268 51 45 2
1160844 51 46 0
1161186 51 46 2
1161762 51 47 0
1162026 51 47 2
1162602 51 48 0
1162898 51 48 2
1163474 51 49 0
1163813 51 49 2
1164389 51 50 0
1164653 51 50 2
1173053 51 8 0
1173308 51 8 2
1204034 51 49 2
1207625 51 48 2
1209303 51 49 2
1209425 51 49 2
1209667 51 49 2
1210040 51 46 0
1210122 51 46 2
1210154 51 12 0
1210251 51 12 2
1210387 51 1 0
1210485 51 1 2
1210537 51 35 0
1210537 51 35 0
1210571 51 35 2
1210620 51 35 2
1210776 51 36 0
1210776 51 36 0
1210821 51 36 2
1210870 51 36 2
1210934 51 37 0
1210934 51 37 0
1210984 51 37 2
1211017 51 37 2
1211065 51 58 0
1211065 51 58 0
1211099 51 58 2
1211163 51 58 2
1211195 51 59 0
1211195 51 59 0
1211221 51 59 2
1211286 51 59 2
1211378 51 0 0
1211378 51 0 0
1211468 51 0 2
1211476 51 0 2
1211596 51 61 0
1211596 51 61 0
1211639 51 61 2
1211686 51 61 2
1211966 51 54 0
1211966 51 54 0
1212008 51 54 2
1212048 51 54 2
1212112 51 56 0
1212112 51 56 0
1212162 51 56 2
1212170 51 56 2
1212198 51 57 0
1212198 51 57 0
1212260 51 57 2
1212374 51 57 2
1212505 51 46 2
1212846 51 47 2
1213046 51 47 0
1213136 51 47 2
1213780 51 1 0
1213780 51 1 0
1213862 51 1 2
1213887 51 1 2
1214068 51 44 2
1214335 51 46 0
1214418 51 46 2
1214450 51 47 0
1214539 51 47 2
1214683 51 12 0
1214781 51 12 2
1215265 51 1 0
1215265 51 1 0
1215351 51 1 2
1215364 51 1 2
1215812 51 46 0
1215812 51 46 0
1215870 51 46 2
1215884 51 46 2
1215916 51 47 0
1215991 51 47 2
1216135 51 12 0
1216217 51 12 2
1216701 51 1 0
1216701 51 1 0
1216808 51 1 2
1216813 51 1 2
1217256 51 46 0
1217318 51 46 2
1217350 51 47 0
1217350 51 47 0
1217409 51 47 2
1217416 51 47 2
1217560 51 12 0
1217560 51 12 0
1217627 51 12 2
1217641 51 12 2
1218125 51 1 0
1218125 51 1 0
1218207 51 1 2
1218219 51 1 2
1218667 51 46 0
1218667 51 46 0
1218717 51 46 2
1218724 51 46 2
1218756 51 47 0
1218756 51 47 0
1218814 51 47 2
1218821 51 47 2
1218965 51 12 0
1218965 51 12 0
1219031 51 12 2
1219038 51 12 2
1219522 51 1 0
1219522 51 1 0
1219604 51 1 2
1219611 51 1 2
1220059 51 46 0
1220059 51 46 0
1220110 51 46 2
1220117 51 46 2
1220149 51 47 0
1220149 51 47 0
1220207 51 47 2
1220215 51 47 2
1220359 51 12 0
1220359 51 12 0
1220425 51 12 2
1220434 51 12 2
1220918 51 1 0
1220918 51 1 0
1221000 51 1 2
1221008 51 1 2
1221456 51 46 0
1221456 51 46 0
1221514 51 46 2
1221515 51 46 2
1221547 51 47 0
1221547 51 47 0
1221605 51 47 2
1221613 51 47 2
1221757 51 12 0
1221757 51 12 0
1221826 51 12 2
1221834 51 12 2
1222318 51 1 0
1222318 51 1 0
1222400 51 1 2
1222407 51 1 2
1222855 51 46 0
1222855 51 46 0
1222905 51 46 2
1222915 51 46 2
1222947 51 47 0
1222947 51 47 0
1223005 51 47 2
1223012 51 47 2
1223156 51 12 0
1223156 51 12 0
1223222 51 12 2
1223237 51 12 2
1223721 51 1 0
1223721 51 1 0
1223803 51 1 2
1223811 51 1 2
1224259 51 46 0
1224259 51 46 0
1224311 51 46 2
1224322 51 46 2
1224354 51 47 0
1224354 51 47 0
1224413 51 47 2
1224423 51 47 2
1224567 51 12 0
1224567 51 12 0
1224633 51 12 2
1224641 51 12 2
1225125 51 1 0
1225125 51 1 0
1225207 51 1 2
1225215 51 1 2
1225663 51 46 0
1225663 51 46 0
1225713 51 46 2
1225726 51 46 2
1225758 51 47 0
1225758 51 47 0
1225816 51 47 2
1225824 51 47 2
1225968 51 12 0
1225968 51 12 0
1226034 51 12 2
1226041 51 12 2
1226525 51 1 0
1226525 51 1 0
1226607 51 1 2
1226615 51 1 2
1227063 51 46 0
1227063 51 46 0
1227113 51 46 2
1227121 51 46 2
1227153 51 47 0
1227153 51 47 0
1227211 51 47 2
1227219 51 47 2
1227363 51 12 0
1227363 51 12 0
1227430 51 12 2
1227437 51 12 2
1227921 51 1 0
1227921 51 1 0
1228003 51 1 2
1228011 51 1 2
1228459 51 46 0
1228459 51 46 0
1228509 51 46 2
1228517 51 46 2
1228549 51 47 0
1228549 51 47 0
1228607 51 47 2
1228615 51 47 2
1228759 51 12 0
1228759 51 12 0
1228825 51 12 2
1228833 51 12 2
1229317 51 1 0
1229317 51 1 0
1229399 51 1 2
1229407 51 1 2
1229855 51 46 0
1229855 51 46 0
1229906 51 46 2
1229914 51 46 2
1229946 51 47 0
1229946 51 47 0
1230004 51 47 2
1230012 51 47 2
1230156 51 12 0
1230156 51 12 0
1230222 51 12 2
1230230 51 12 2
1230618 51 1 0
1230618 51 1 0
1230700 51 1 2
1230709 51 1 2
1231157 51 46 0
1231157 51 46 0
1231207 51 46 2
1231215 51 46 2
1231247 51 47 0
1231247 51 47 0
1231312 51 47 2
1231315 51 47 2
1231459 51 12 0
1231459 51 12 0
1231533 51 12 2
1231538 51 12 2
1232017 51 1 0
1232017 51 1 0
1232099 51 1 2
1232106 51 1 2
1232554 51 46 0
1232554 51 46 0
1232604 51 46 2
1232613 51 46 2
1232645 51 47 0
1232645 51 47 0
1232703 51 47 2
1232714 51 47 2
1232858 51 12 0
1232858 51 12 0
1232924 51 12 2
1232937 51 12 2
1233421 51 1 0
1233421 51 1 0
1233503 51 1 2
1233511 51 1 2
1233959 51 46 0
1233959 51 46 0
1234009 51 46 2
1234017 51 46 2
1234049 51 47 0
1234049 51 47 0
1234107 51 47 2
1234115 51 47 2
1234267 51 61 0
1234267 51 61 0
1234309 51 61 2
1234317 51 61 2
1234341 51 62 0
1234341 51 62 0
1234391 51 62 2
1234399 51 62 2
1234675 51 63 0
1234675 51 63 0
1234733 51 63 2
1234750 51 63 2
1235174 51 12 0
1235174 51 12 0
1235240 51 12 2
1235266 51 12 2
1235918 51 1 0
1235918 51 1 0
1236010 51 1 2
1236070 51 1 2
1236458 51 46 0
1236458 51 46 0
1236518 51 46 2
1236524 51 46 2
1236550 51 47 0
1236550 51 47 0
1236608 51 47 2
1236617 51 47 2
1237493 51 12 0
1237493 51 12 0
1237563 51 12 2
1237590 51 12 2
1237705 51 46 2
1238242 51 1 0
1238242 51 1 0
1238324 51 1 2
1238336 51 1 2
1238784 51 46 0
1238784 51 46 0
1238834 51 46 2
1238845 51 46 2
1238877 51 47 0
1238877 51 47 0
1238935 51 47 2
1238942 51 47 2
1239086 51 12 0
1239086 51 12 0
1239152 51 12 2
1239159 51 12 2
1239643 51 1 0
1239643 51 1 0
1239725 51 1 2
1239734 51 1 2
1239985 51 46 2
1240182 51 46 0
1240182 51 46 0
1240232 51 46 2
1240239 51 46 2
1240271 51 47 0
1240271 51 47 0
1240329 51 47 2
1240337 51 47 2
1240481 51 12 0
1240481 51 12 0
1240548 51 12 2
1240556 51 12 2
1241040 51 1 0
1241040 51 1 0
1241123 51 1 2
1241131 51 1 2
1241579 51 46 0
1241579 51 46 0
1241629 51 46 2
1241638 51 46 2
1241670 51 47 0
1241670 51 47 0
1241728 51 47 2
1241737 51 47 2
1241881 51 12 0
1241954 51 12 2
1242438 51 1 0
1242438 51 1 0
1242526 51 1 2
1242581 51 1 2
1242974 51 46 0
1242974 51 46 0
1243024 51 46 2
1243033 51 46 2
1243065 51 47 0
1243065 51 47 0
1243123 51 47 2
1243134 51 47 2
1243278 51 12 0
1243353 51 12 2
1243837 51 1 0
1243837 51 1 0
1243919 51 1 2
1243927 51 1 2
1244359 51 8 0
1244359 51 8 0
1244441 51 8 2
1244475 51 8 2
1244491 51 46 0
1244491 51 46 0
1244541 51 46 2
1244550 51 46 2
1244582 51 47 0
1244582 51 47 0
1244647 51 47 2
1244651 51 47 2
1244795 51 12 0
1244795 51 12 0
1244861 51 12 2
1244871 51 12 2
1245355 51 1 0
1245355 51 1 0
1245437 51 1 2
1245444 51 1 2
1245892 51 46 0
1245892 51 46 0
1245942 51 46 2
1245952 51 46 2
1245984 51 47 0
1245984 51 47 0
1246042 51 47 2
1246050 51 47 2
1246194 51 12 0
1246194 51 12 0
1246260 51 12 2
1246268 51 12 2
1246752 51 1 0
1246752 51 1 0
1246834 51 1 2
1246842 51 1 2
1247290 51 46 0
1247290 51 46 0
1247340 51 46 2
1247347 51 46 2
1247379 51 47 0
1247379 51 47 0
1247444 51 47 2
1247445 51 47 2
1247589 51 12 0
1247589 51 12 0
1247655 51 12 2
1247662 51 12 2
1248146 51 1 0
1248146 51 1 0
1248236 51 1 2
1248248 51 1 2
1248684 51 46 0
1248684 51 46 0
1248734 51 46 2
1248741 51 46 2
1248773 51 47 0
1248773 51 47 0
1248831 51 47 2
1248839 51 47 2
1248983 51 12 0
1248983 51 12 0
1249057 51 12 2
1249109 51 12 2
1249541 51 1 0
1249541 51 1 0
1249632 51 1 2
1249694 51 1 2
1250080 51 46 0
1250080 51 46 0
1250141 51 46 2
1250144 51 46 2
1250176 51 47 0
1250176 51 47 0
1250234 51 47 2
1250262 51 47 2
1250406 51 12 0
1250406 51 12 0
1250502 51 12 2
1250520 51 12 2
1251004 51 1 0
1251004 51 1 0
1251086 51 1 2
1251094 51 1 2
1251542 51 46 0
1251542 51 46 0
1251592 51 46 2
1251606 51 46 2
1251638 51 47 0
1251638 51 47 0
1251706 51 47 2
1251735 51 47 2
1251879 51 12 0
1251879 51 12 0
1251965 51 12 2
1251997 51 12 2
1252481 51 1 0
1252481 51 1 0
1252563 51 1 2
1252574 51 1 2
1253022 51 46 0
1253022 51 46 0
1253072 51 46 2
1253079 51 46 2
1253111 51 47 0
1253111 51 47 0
1253169 51 47 2
1253187 51 47 2
1253331 51 12 0
1253331 51 12 0
1253437 51 12 2
1253450 51 12 2
1253934 51 1 0
1253934 51 1 0
1254016 51 1 2
1254026 51 1 2
1254474 51 46 0
1254474 51 46 0
1254524 51 46 2
1254533 51 46 2
1254565 51 47 0
1254565 51 47 0
1254634 51 47 2
1254662 51 47 2
1254806 51 12 0
1254806 51 12 0
1254892 51 12 2
1254919 51 12 2
1255403 51 1 0
1255403 51 1 0
1255486 51 1 2
1255496 51 1 2
1255944 51 46 0
1255944 51 46 0
1255994 51 46 2
1256003 51 46 2
1256035 51 47 0
1256035 51 47 0
1256103 51 47 2
1256120 51 47 2
1256264 51 12 0
1256264 51 12 0
1256370 51 12 2
1256388 51 12 2
1256872 51 1 0
1256872 51 1 0
1256954 51 1 2
1256962 51 1 2
1257410 51 46 0
1257410 51 46 0
1257467 51 46 2
1257468 51 46 2
1257500 51 47 0
1257500 51 47 0
1257578 51 47 2
1257616 51 47 2
1257760 51 12 0
1257760 51 12 0
1257846 51 12 2
1257863 51 12 2
1258347 51 1 0
1258347 51 1 0
1258429 51 1 2
1258440 51 1 2
1258888 51 46 0
1258888 51 46 0
1258938 51 46 2
1258951 51 46 2
1258983 51 47 0
1258983 51 47 0
1259055 51 47 2
1259079 51 47 2
1259223 51 12 0
1259223 51 12 0
1259309 51 12 2
1259332 51 12 2
1259816 51 1 0
1259816 51 1 0
1259898 51 1 2
1259907 51 1 2
1260355 51 46 0
1260355 51 46 0
1260405 51 46 2
1260412 51 46 2
1260444 51 47 0
1260444 51 47 0
1260502 51 47 2
1260532 51 47 2
1260676 51 12 0
1260676 51 12 0
1260772 51 12 2
1260800 51 12 2
1261284 51 1 0
1261284 51 1 0
1261366 51 1 2
1261373 51 1 2
1261821 51 46 0
1261821 51 46 0
1261874 51 46 2
1261890 51 46 2
1261922 51 47 0
1261922 51 47 0
1261981 51 47 2
1262008 51 47 2
1262152 51 12 0
1262152 51 12 0
1262248 51 12 2
1262276 51 12 2
1262760 51 1 0
1262760 51 1 0
1262851 51 1 2
1262853 51 1 2
1263301 51 46 0
1263301 51 46 0
1263351 51 46 2
1263359 51 46 2
1263391 51 47 0
1263391 51 47 0
1263459 51 47 2
1263478 51 47 2
1263622 51 12 0
1263622 51 12 0
1263718 51 12 2
1263727 51 12 2
1264211 51 1 0
1264211 51 1 0
1264293 51 1 2
1264304 51 1 2
1264752 51 46 0
1264752 51 46 0
1264802 51 46 2
1264820 51 46 2
1264852 51 47 0
1264852 51 47 0
1264931 51 47 2
1264949 51 47 2
1265093 51 12 0
1265093 51 12 0
1265189 51 12 2
1265218 51 12 2
1265702 51 1 0
1265702 51 1 0
1265784 51 1 2
1265803 51 1 2
1266251 51 46 0
1266251 51 46 0
1266301 51 46 2
1266314 51 46 2
1266346 51 47 0
1266346 51 47 0
1266404 51 47 2
1266432 51 47 2
1266576 51 12 0
1266576 51 12 0
1266680 51 12 2
1266684 51 12 2
1267168 51 1 0
1267168 51 1 0
1267250 51 1 2
1267259 51 1 2
1267707 51 46 0
1267707 51 46 0
1267757 51 46 2
1267764 51 46 2
1267796 51 47 0
1267796 51 47 0
1267866 51 47 2
1267893 51 47 2
1268037 51 12 0
1268037 51 12 0
1268133 51 12 2
1268151 51 12 2
1268635 51 1 0
1268635 51 1 0
1268717 51 1 2
1268736 51 1 2
1269184 51 46 0
1269184 51 46 0
1269234 51 46 2
1269250 51 46 2
1269282 51 47 0
1269282 51 47 0
1269350 51 47 2
1269379 51 47 2
1269523 51 12 0
1269523 51 12 0
1269609 51 12 2
1269642 51 12 2
1270126 51 1 0
1270126 51 1 0
1270211 51 1 2
1270218 51 1 2
1270666 51 46 0
1270666 51 46 0
1270716 51 46 2
1270726 51 46 2
1270758 51 47 0
1270758 51 47 0
1270830 51 47 2
1270841 51 47 2
1270985 51 12 0
1270985 51 12 0
1271074 51 12 2
1271102 51 12 2
1271586 51 1 0
1271586 51 1 0
1271668 51 1 2
1271676 51 1 2
1272124 51 46 0
1272124 51 46 0
1272184 51 46 2
1272187 51 46 2
1272216 51 47 0
1272216 51 47 0
1272274 51 47 2
1272306 51 47 2
1272450 51 12 0
1272450 51 12 0
1272536 51 12 2
1272565 51 12 2
1273049 51 1 0
1273049 51 1 0
1273131 51 1 2
1273139 51 1 2
1273587 51 46 0
1273587 51 46 0
1273637 51 46 2
1273645 51 46 2
1273677 51 47 0
1273677 51 47 0
1273745 51 47 2
1273783 51 47 2
1273927 51 12 0
1273927 51 12 0
1274030 51 12 2
1274093 51 12 2
1274514 51 1 0
1274514 51 1 0
1274605 51 1 2
1274706 51 1 2
1275053 51 46 0
1275053 51 46 0
1275115 51 46 2
1275144 51 46 2
1275147 51 47 0
1275147 51 47 0
1275235 51 47 2
1275245 51 47 2
1275379 51 12 0
1275379 51 12 0
1275493 51 12 2
1275556 51 12 2
1275977 51 1 0
1275977 51 1 0
1276075 51 1 2
1276171 51 1 2
1276523 51 46 0
1276523 51 46 0
1276589 51 46 2
1276607 51 46 2
1276621 51 47 0
1276621 51 47 0
1276697 51 47 2
1276709 51 47 2
1276841 51 12 0
1276841 51 12 0
1276937 51 12 2
1276958 51 12 2
1277442 51 1 0
1277442 51 1 0
1277524 51 1 2
1277531 51 1 2
1277979 51 46 0
1277979 51 46 0
1278029 51 46 2
1278038 51 46 2
1278070 51 47 0
1278070 51 47 0
1278138 51 47 2
1278158 51 47 2
1278302 51 12 0
1278302 51 12 0
1278398 51 12 2
1278425 51 12 2
1278909 51 1 0
1278909 51 1 0
1278991 51 1 2
1279000 51 1 2
1279432 51 11 0
1279432 51 11 0
1279490 51 11 2
1279544 51 11 2
1279560 51 46 0
1279560 51 46 0
1279621 51 46 2
1279640 51 46 2
1279653 51 47 0
1279653 51 47 0
1279740 51 47 2
1279742 51 47 2
1279884 51 12 0
1279884 51 12 0
1279970 51 12 2
1279988 51 12 2
1280472 51 1 0
1280472 51 1 0
1280555 51 1 2
1280563 51 1 2
1281011 51 46 0
1281011 51 46 0
1281061 51 46 2
1281091 51 46 2
1281123 51 47 0
1281123 51 47 0
1281211 51 47 2
1281218 51 47 2
1281362 51 12 0
1281362 51 12 0
1281458 51 12 2
1281485 51 12 2
1281969 51 1 0
1281969 51 1 0
1282051 51 1 2
1282060 51 1 2
1282508 51 46 0
1282508 51 46 0
1282558 51 46 2
1282570 51 46 2
1282602 51 47 0
1282602 51 47 0
1282670 51 47 2
1282698 51 47 2
1282842 51 12 0
1282842 51 12 0
1282928 51 12 2
1282955 51 12 2
1283439 51 1 0
1283439 51 1 0
1283521 51 1 2
1283529 51 1 2
1283977 51 46 0
1283977 51 46 0
1284027 51 46 2
1284035 51 46 2
1284067 51 47 0
1284067 51 47 0
1284135 51 47 2
1284165 51 47 2
1284309 51 12 0
1284309 51 12 0
1284405 51 12 2
1284413 51 12 2
1284897 51 1 0
1284897 51 1 0
1284979 51 1 2
1284987 51 1 2
1285435 51 46 0
1285435 51 46 0
1285485 51 46 2
1285494 51 46 2
1285526 51 47 0
1285526 51 47 0
1285604 51 47 2
1285637 51 47 2
1285781 51 12 0
1285781 51 12 0
1285857 51 12 2
1285886 51 12 2
1286370 51 1 0
1286370 51 1 0
1286452 51 1 2
1286460 51 1 2
1286908 51 46 0
1286908 51 46 0
1286958 51 46 2
1286965 51 46 2
1286997 51 47 0
1286997 51 47 0
1287066 51 47 2
1287154 51 47 2
1287298 51 12 0
1287298 51 12 0
1287372 51 12 2
1287414 51 12 2
1287856 51 1 0
1287856 51 1 0
1287948 51 1 2
1288028 51 1 2
1288396 51 46 0
1288396 51 46 0
1288455 51 46 2
1288486 51 46 2
1288487 51 47 0
1288487 51 47 0
1288566 51 47 2
1288585 51 47 2
1288710 51 12 0
1288710 51 12 0
1288877 51 12 2
1288886 51 12 2
1289361 51 1 0
1289361 51 1 0
1289450 51 1 2
1289513 51 1 2
1289898 51 46 0
1289898 51 46 0
1289949 51 46 2
1289957 51 46 2
1289989 51 47 0
1289989 51 47 0
1290047 51 47 2
1290055 51 47 2
1290199 51 12 0
1290199 51 12 0
1290293 51 12 2
1290335 51 12 2
1290777 51 1 0
1290777 51 1 0
1290859 51 1 2
1290868 51 1 2
1291300 51 12 0
1291300 51 12 0
1291366 51 12 2
1291393 51 12 2
1291409 51 46 0
1291409 51 46 0
1291467 51 46 2
1291499 51 47 0
1291499 51 47 0
1291515 51 46 2
1291584 51 47 2
1291607 51 47 2
1291728 51 12 0
1291728 51 12 0
1291834 51 12 2
1292046 51 12 2
1292530 51 1 0
1292530 51 1 0
1292632 51 1 2
1292862 51 1 2
1293080 51 46 0
1293080 51 46 0
1293131 51 46 2
1293185 51 46 2
1293217 51 47 0
1293217 51 47 0
1293283 51 47 2
1293305 51 47 2
1293427 51 12 0
1293427 51 12 0
1293501 51 12 2
1293533 51 12 2
1293985 51 1 0
1293985 51 1 0
1294125 51 1 2
1294187 51 1 2
1294573 51 46 0
1294573 51 46 0
1294623 51 46 2
1294631 51 46 2
1294663 51 47 0
1294663 51 47 0
1294721 51 47 2
1294729 51 47 2
1294873 51 12 0
1294873 51 12 0
1294939 51 12 2
1294959 51 12 2
1295443 51 1 0
1295443 51 1 0
1295563 51 39 2
1295593 51 1 2
1296041 51 46 0
1296041 51 46 0
1296065 51 1 2
1296091 51 46 2
1296098 51 46 2
1296130 51 47 0
1296130 51 47 0
1296190 51 47 2
1296198 51 47 2
1296342 51 12 0
1296342 51 12 0
1296408 51 12 2
1296417 51 12 2
1296901 51 1 0
1296901 51 1 0
1296983 51 1 2
1296991 51 1 2
1297439 51 46 0
1297439 51 46 0
1297489 51 46 2
1297496 51 46 2
1297528 51 47 0
1297528 51 47 0
1297587 51 47 2
1297595 51 47 2
1297663 51 44 2
1297739 51 12 0
1297739 51 12 0
1297807 51 12 2
1297821 51 12 2
1297953 51 1 0
1298182 51 1 2
1298534 51 1 0
1298534 51 1 0
1298616 51 1 2
1298624 51 1 2
1299072 51 46 0
1299072 51 46 0
1299130 51 46 2
1299131 51 46 2
1299163 51 47 0
1299163 51 47 0
1299222 51 47 2
1299230 51 47 2
1299374 51 12 0
1299374 51 12 0
1299440 51 12 2
1299448 51 12 2
1299932 51 1 0
1299932 51 1 0
1300014 51 1 2
1300022 51 1 2
1300228 51 46 2
1300470 51 46 0
1300470 51 46 0
1300521 51 46 2
1300531 51 46 2
1300563 51 47 0
1300563 51 47 0
1300621 51 47 2
1300631 51 47 2
1300775 51 12 0
1300775 51 12 0
1300851 51 12 2
1301001 51 12 2
1301133 51 1 0
1301262 51 1 2
1301614 51 1 0
1301614 51 1 0
1301696 51 1 2
1301706 51 1 2
1301797 51 47 2
1301886 51 1 0
1302224 51 1 2
1302492 51 46 0
1302492 51 46 0
1302562 51 46 2
1302570 51 46 2
1302602 51 47 0
1302602 51 47 0
1302670 51 47 2
1302688 51 47 2
1302832 51 12 0
1302832 51 12 0
1302908 51 12 2
1302926 51 12 2
1303410 51 1 0
1303410 51 1 0
1303523 51 1 2
1303529 51 1 2
1303977 51 46 0
1303977 51 46 0
1304027 51 46 2
1304036 51 46 2
1304068 51 47 0
1304068 51 47 0
1304126 51 47 2
1304137 51 47 2
1304281 51 12 0
1304281 51 12 0
1304347 51 12 2
1304355 51 12 2
1304618 51 45 2
1304839 51 1 0
1304947 51 1 2
1305395 51 46 0
1305395 51 46 0
1305445 51 46 2
1305454 51 46 2
1305486 51 47 0
1305486 51 47 0
1305544 51 47 2
1305552 51 47 2
1305696 51 12 0
1305696 51 12 0
1305762 51 12 2
1305770 51 12 2
1306254 51 1 0
1306254 51 1 0
1306336 51 1 2
1306344 51 1 2
1306432 51 50 2
1306524 51 1 0
1306622 51 1 2
1306890 51 46 0
1306890 51 46 0
1306941 51 46 2
1306948 51 46 2
1306980 51 47 0
1306980 51 47 0
1307038 51 47 2
1307046 51 47 2
1307190 51 12 0
1307190 51 12 0
1307256 51 12 2
1307264 51 12 2
1307868 51 1 0
1307868 51 1 0
1307950 51 1 2
1307993 51 1 2
1308281 51 62 0
1308281 51 62 0
1308331 51 62 2
1308339 51 62 2
1308463 51 61 0
1308463 51 61 0
1308506 51 61 2
1308514 51 61 2
1309050 51 1 0
1309050 51 1 0
1309132 51 1 2
1309157 51 1 2
1309241 51 58 0
1309241 51 58 0
1309276 51 58 2
1309315 51 58 2
1309395 51 59 0
1309395 51 59 0
1309421 51 59 2
1309462 51 59 2
1310758 51 40 2
1322474 51 2 0
1322475 51 2 2
1324238 51 2 2
1324239 51 2 0
1345776 51 2 0
1345777 51 63 1
1345972 51 2 2
1346054 51 63 2
1369136 51 2 0
1369137 51 63 1
1369332 51 2 2
1369414 51 63 2
1397549 51 3 2
1397686 51 2 0
1397687 51 63 1
1397882 51 2 2
1397964 51 63 2
1398986 51 3 2
1421036 51 2 0
1421037 51 63 1
1421232 51 2 2
1421314 51 63 2
1438555 51 2 0
1438556 51 2 2
1442073 51 2 0
1442074 51 2 2
1451755 51 2 0
1451756 51 63 1
1451952 51 2 2
1452033 51 63 2
1459191 51 2 0
1459192 51 0 0
1483915 51 2 0
1483916 51 51 0
1483916 51 2 2
1483926 51 2 2
1508522 51 15 0
1508522 51 15 0
1508612 51 15 2
1508620 51 15 2
1508828 51 51 0
1508837 51 2 0
1508837 51 51 2
1508919 51 51 2
1509187 51 55 0
1509325 51 55 2
1509381 51 19 0
1519797 51 19 2
1519853 51 56 0
1519853 51 56 0
1519903 51 56 2
1519968 51 56 2
1520032 51 57 0
1520032 51 57 0
1520074 51 57 2
1520147 51 57 2
1520207 51 19 0
1520418 51 46 2
1520729 51 19 2
1520780 51 25 2
1520789 51 19 0
1520981 51 19 2
1521233 51 19 0
1521233 51 45 2
1525246 51 19 2
1525720 51 62 2
1525726 51 19 0
1530771 51 19 2
2069091 51 2 0
2069092 51 0 0
2079662 51 0 2
