0 8 51 0
2524 8 51 2
2528 8 22 0
3859 8 22 2
3871 8 1 0
4530 8 1 2
4550 8 24 0
4708 8 24 2
28550 8 0 1
28714 8 2 2
28763 8 0 2
41437 8 0 1
41605 8 2 2
41655 8 0 2
70202 8 0 1
70364 8 2 2
70413 8 0 2
71319 8 0 1
71484 8 2 2
71533 8 0 2
79185 8 0 1
79354 8 0 2
79387 8 0 2
91065 8 0 1
91234 8 2 2
91283 8 0 2
113521 8 4 0
114665 8 4 2
114717 8 44 0
115766 8 44 2
115778 8 5 0
115861 8 5 2
115873 8 45 0
116264 8 45 2
116332 8 24 0
116501 8 24 2
116533 8 25 0
116596 8 0 1
116764 8 2 2
116813 8 0 2
116822 8 25 2
116830 8 26 0
116979 8 26 2
117019 8 27 0
117193 8 27 2
117213 8 33 0
117953 8 33 2
117973 8 35 0
118095 8 35 2
118103 8 41 0
118654 8 41 2
118670 8 42 0
118989 8 42 2
119021 8 1 0
119071 8 1 2
119107 8 36 0
119210 8 36 2
119222 8 43 0
119894 8 43 2
119910 8 17 0
119976 8 17 2
120068 8 27 0
120159 8 27 2
120163 8 37 0
120322 8 37 2
120334 8 17 0
120641 8 17 2
120642 8 0 1
120649 8 15 0
120768 8 15 2
120808 8 16 0
120814 8 13 2
120879 8 0 2
121049 8 16 2
121089 8 18 0
121185 8 18 2
121209 8 61 0
121639 8 13 0
121962 8 13 0
122390 8 61 2
122402 8 54 0
122651 8 54 2
122671 8 8 0
122680 8 13 0
122745 8 8 2
122746 8 0 1
122753 8 19 0
122836 8 19 2
122840 8 35 0
122914 8 0 2
122946 8 0 2
122948 8 0 0
123054 8 13 0
123068 8 0 0
123143 8 35 2
123159 8 53 0
123161 8 13 0
123191 8 0 0
123250 8 13 0
123300 8 0 0
123405 8 0 0
123518 8 0 0
123610 8 0 0
123684 8 53 2
123724 8 33 0
123760 8 0 0
123820 8 13 0
123847 8 33 2
123859 8 36 0
123865 8 0 0
123979 8 0 0
124029 8 36 2
124049 8 40 0
124074 8 0 0
124190 8 0 0
124305 8 0 0
124344 8 40 2
124368 8 37 0
124461 8 0 0
124602 8 0 0
124684 8 37 2
124703 8 0 0
124788 8 38 0
124953 8 38 2
124957 8 33 0
124987 8 0 0
125142 8 0 0
125255 8 33 2
125270 8 0 0
125279 8 8 0
125388 8 0 0
125421 8 8 2
125429 8 29 0
125488 8 0 0
125576 8 29 2
125605 8 0 0
125616 8 0 0
125705 8 0 0
125741 8 0 2
125753 8 38 0
125824 8 0 0
125888 8 38 2
125904 8 39 0
125976 8 0 0
126066 8 0 1
126131 8 0 0
126238 8 0 0
126244 8 7 2
126333 8 0 2
126391 8 0 0
126475 8 39 2
126479 8 39 0
126520 8 0 0
126668 8 0 0
126783 8 0 0
126803 8 39 2
126859 8 36 0
126903 8 0 0
126957 8 36 2
126989 8 38 0
127001 8 0 0
127147 8 38 2
127163 8 51 0
127184 8 0 0
127305 8 0 0
127430 8 51 2
127467 8 0 0
127486 8 39 0
127524 8 0 1
127588 8 0 0
127676 8 0 0
127696 8 47 2
127809 8 0 2
127822 8 39 2
127830 8 52 0
127833 8 0 0
127975 8 0 0
128024 8 52 2
128060 8 47 0
128158 8 0 0
128220 8 0 0
128445 8 0 0
128522 8 47 2
128542 8 53 0
128575 8 0 0
128671 8 0 0
128773 8 53 2
128797 8 54 0
128816 8 0 0
128943 8 0 0
129007 8 0 0
129146 8 54 2
129152 8 0 0
129162 8 11 0
129311 8 0 0
129450 8 0 0
129462 8 11 2
129474 8 56 0
129564 8 0 0
129673 8 56 2
129677 8 12 0
129709 8 0 0
129858 8 0 0
129945 8 12 2
129953 8 57 0
130005 8 0 0
130088 8 0 0
130236 8 57 2
130240 8 2 0
130280 8 0 0
130449 8 0 0
130565 8 0 0
130640 8 0 0
130643 8 2 2
130695 8 37 0
130802 8 0 0
130803 8 37 2
130819 8 40 0
130903 8 40 2
130910 8 0 0
130959 8 58 0
131040 8 0 1
131223 8 61 2
131336 8 0 2
131473 8 58 2
131533 8 35 0
131634 8 35 2
131638 8 50 0
132185 8 50 2
132205 8 62 0
132457 8 62 2
132485 8 38 0
132848 8 38 2
132920 8 63 0
133064 8 0 1
133254 8 25 2
133303 8 0 2
133351 8 0 1
133515 8 43 2
133596 8 0 2
133749 8 63 2
133789 8 12 0
134055 8 12 2
134079 8 2 0
134136 8 2 2
134160 8 13 0
134420 8 13 2
134516 8 3 0
134581 8 3 2
134621 8 23 0
134905 8 23 2
134921 8 24 0
134979 8 24 2
135087 8 43 0
135373 8 43 2
135381 8 25 0
135498 8 25 2
135526 8 26 0
135647 8 26 2
135727 8 0 0
135783 8 0 1
135849 8 0 2
135857 8 3 0
135931 8 3 2
135954 8 0 2
135975 8 4 0
135991 8 0 2
136074 8 0 0
136116 8 4 2
136189 8 0 0
136212 8 5 0
136281 8 0 0
136366 8 5 2
136406 8 15 0
136406 8 0 0
136524 8 0 0
136606 8 0 0
136742 8 15 2
136750 8 14 0
136759 8 0 0
136849 8 0 0
137008 8 0 0
137028 8 0 1
137132 8 0 0
137137 8 14 2
137149 8 50 0
137194 8 3 2
137251 8 0 2
137306 8 0 0
137353 8 50 2
137381 8 6 0
137410 8 0 0
137486 8 6 2
137506 8 4 0
137533 8 0 0
137649 8 4 2
137657 8 8 0
137680 8 0 0
137766 8 0 0
137799 8 8 2
137803 8 47 0
137826 8 0 0
138003 8 0 0
138187 8 0 0
138197 8 47 2
138205 8 49 0
138364 8 49 2
138367 8 0 0
138380 8 11 0
138492 8 0 0
138569 8 0 0
138596 8 11 2
138632 8 5 0
138755 8 0 0
138804 8 5 2
138828 8 37 0
138859 8 0 0
138965 8 0 0
139112 8 0 0
139136 8 37 2
139200 8 4 0
139236 8 0 0
139354 8 0 0
139441 8 0 0
139487 8 0 1
139596 8 4 2
139600 8 1 0
139622 8 0 0
139654 8 37 2
139727 8 1 2
139735 8 0 0
139751 8 0 2
139755 8 27 0
139837 8 27 2
139845 8 2 0
139868 8 0 0
139972 8 2 2
139984 8 11 0
140049 8 11 2
140049 8 0 0
140057 8 7 0
140179 8 0 0
140239 8 0 1
140404 8 0 2
140438 8 0 2
140442 8 0 0
140454 8 7 2
140474 8 3 0
140557 8 3 2
140583 8 0 0
140586 8 0 0
140662 8 0 0
140665 8 6 0
140768 8 0 0
140853 8 0 0
140869 8 0 0
140971 8 0 0
141019 8 6 2
141039 8 9 0
141051 8 0 0
141052 8 0 0
141173 8 0 1
141183 8 0 0
141191 8 9 2
141239 8 0 0
141283 8 0 0
141351 8 0 0
141354 8 2 2
141363 8 8 0
141394 8 0 0
141411 8 0 2
141442 8 0 0
141488 8 8 2
141500 8 11 0
141510 8 0 0
141599 8 0 0
141635 8 0 0
141867 8 0 0
141981 8 0 0
141996 8 11 2
142016 8 12 0
142031 8 0 0
142148 8 0 0
142174 8 0 0
142281 8 0 0
142287 8 0 0
142289 8 12 2
142313 8 16 0
142413 8 0 0
142446 8 0 0
142539 8 0 0
142623 8 0 0
142651 8 0 0
142678 8 16 2
142686 8 13 0
142752 8 0 0
142752 8 0 0
142828 8 0 0
142858 8 0 0
142938 8 0 0
142967 8 13 2
143015 8 2 0
143074 8 0 0
143114 8 0 0
143202 8 0 0
143220 8 0 0
143279 8 2 2
143315 8 14 0
143361 8 0 0
143369 8 0 0
143454 8 14 2
143458 8 17 0
143465 8 0 0
143558 8 0 0
143610 8 0 0
143652 8 0 0
143769 8 0 0
143782 8 17 2
143784 8 0 0
143790 8 15 0
143839 8 0 0
143898 8 0 0
143942 8 15 2
143962 8 18 0
143994 8 0 0
144128 8 0 0
144195 8 0 0
144255 8 18 2
144262 8 0 0
144279 8 4 0
144338 8 0 0
144349 8 0 0
144395 8 4 2
144435 8 40 0
144477 8 0 0
144567 8 0 0
144603 8 0 0
144659 8 40 2
144663 8 38 0
144663 8 38 0
144685 8 0 0
144753 8 38 2
144764 8 0 0
144804 8 0 0
144897 8 0 0
144946 8 0 0
145010 8 38 2
145018 8 27 0
145056 8 0 0
145148 8 0 0
145240 8 0 0
145241 8 0 0
145445 8 0 0
145561 8 27 2
145581 8 35 0
145594 8 0 0
145725 8 0 0
145730 8 35 2
145786 8 28 0
145836 8 0 0
146012 8 28 2
146080 8 3 0
146127 8 0 0
146229 8 3 2
146233 8 46 0
146252 8 0 0
146388 8 0 0
146512 8 0 0
146559 8 46 2
146579 8 4 0
146638 8 0 0
146653 8 4 2
146685 8 0 0
146767 8 0 0
146817 8 0 2
146821 8 29 0
146881 8 0 0
146955 8 0 0
147007 8 29 2
147151 8 47 0
147151 8 47 0
147172 8 0 0
147257 8 47 2
147318 8 0 0
147442 8 47 2
147453 8 0 0
147514 8 30 0
147577 8 0 0
147653 8 30 2
147761 8 0 0
147938 8 0 0
148005 8 31 0
148084 8 0 0
148152 8 0 0
148275 8 0 0
148377 8 0 0
148483 8 0 0
149515 8 31 2
149519 8 44 0
149721 8 44 2
149729 8 43 0
150207 8 43 2
150339 8 32 0
150437 8 32 2
150681 8 0 1
150761 8 33 0
150796 8 0 1
150844 8 22 2
150865 8 33 2
150913 8 33 0
150924 8 0 2
150964 8 4 2
151029 8 0 2
151032 8 33 2
151040 8 27 0
151165 8 27 2
151269 8 54 0
151680 8 54 2
151692 8 28 0
151896 8 28 2
151912 8 48 0
151992 8 0 0
152134 8 0 0
152180 8 48 2
152188 8 56 0
152274 8 0 0
152424 8 56 2
152440 8 49 0
152449 8 0 0
152594 8 0 0
152770 8 49 2
152799 8 0 0
152870 8 41 0
152963 8 0 0
153110 8 0 0
153147 8 41 2
153195 8 61 0
153350 8 0 0
153357 8 61 2
153361 8 39 0
153483 8 39 2
153495 8 7 0
153503 8 0 0
153618 8 7 2
153619 8 0 0
153633 8 0 0
153678 8 8 0
153737 8 0 0
153770 8 8 2
153802 8 63 0
154019 8 0 0
154039 8 63 2
154146 8 0 0
154147 8 0 0
154201 8 0 2
154229 8 57 0
154317 8 0 0
154464 8 0 0
154541 8 57 2
154609 8 58 0
154717 8 0 0
154747 8 58 2
154831 8 46 0
154869 8 0 0
154976 8 0 0
155104 8 0 0
155138 8 46 2
155150 8 59 0
155221 8 0 0
155295 8 59 2
155321 8 0 0
155327 8 32 0
155444 8 0 0
155452 8 32 2
155460 8 50 0
155574 8 0 0
155676 8 50 2
155752 8 60 0
155795 8 0 0
155970 8 60 2
155978 8 62 0
156114 8 0 0
156215 8 62 2
156219 8 3 0
156244 8 0 0
156298 8 3 2
156310 8 5 0
156431 8 0 0
156473 8 5 2
156501 8 17 0
156619 8 0 1
156622 8 0 0
156655 8 17 2
156675 8 6 0
156762 8 0 0
156784 8 40 2
156841 8 0 2
156846 8 6 2
156863 8 0 0
156938 8 11 0
157045 8 0 0
157343 8 11 2
157351 8 10 0
157417 8 10 2
157437 8 11 0
157443 8 0 0
157549 8 0 1
157599 8 11 2
157607 8 6 0
157622 8 0 0
157734 8 0 2
157781 8 0 2
157783 8 0 0
157814 8 0 0
157879 8 0 0
157958 8 6 2
157990 8 0 0
157994 8 36 0
158097 8 0 0
158121 8 0 0
158201 8 0 1
158223 8 0 0
158271 8 0 0
158299 8 36 2
158359 8 12 0
158364 8 58 2
158402 8 0 0
158427 8 0 0
158437 8 12 2
158445 8 0 0
158454 8 0 2
158483 8 0 0
158486 8 0 2
158550 8 0 0
158610 8 15 0
158610 8 15 0
158634 8 0 0
158712 8 0 0
158724 8 15 2
158788 8 0 0
158817 8 15 2
158867 8 0 0
158937 8 7 0
159017 8 0 0
159191 8 0 0
159277 8 7 2
159293 8 0 0
159366 8 0 0
159400 8 0 0
159488 8 0 2
159518 8 0 0
159553 8 0 0
159636 8 9 0
159642 8 0 0
159666 8 0 0
159693 8 9 2
159725 8 8 0
159794 8 0 0
159828 8 8 2
159856 8 51 0
159919 8 0 0
160014 8 0 0
160058 8 0 0
160162 8 51 2
160197 8 0 0
160270 8 14 0
160299 8 0 0
160304 8 0 0
160391 8 14 2
160415 8 0 0
160431 8 0 0
160520 8 0 0
160561 8 0 0
160675 8 0 0
160687 8 31 0
160817 8 0 0
160852 8 0 0
161010 8 31 2
161018 8 0 0
161054 8 35 0
161078 8 0 0
161144 8 0 0
161299 8 0 0
161354 8 35 2
161397 8 0 0
161414 8 32 0
161437 8 0 0
161451 8 0 0
161474 8 0 0
161491 8 32 2
161578 8 0 0
161591 8 33 0
161687 8 33 2
161690 8 0 0
161779 8 34 0
161786 8 0 0
161791 8 0 0
161913 8 0 0
161949 8 0 0
162031 8 0 0
162048 8 34 2
162080 8 1 0
162080 8 1 0
162114 8 1 2
162195 8 0 0
162281 8 0 0
162330 8 1 2
162374 8 32 0
162413 8 0 0
162557 8 0 0
162571 8 0 0
162706 8 32 2
162712 8 0 0
162714 8 35 0
162811 8 35 2
162815 8 60 0
162990 8 0 0
163119 8 0 0
163211 8 0 0
163439 8 0 0
163530 8 0 0
163808 8 0 0
163938 8 0 0
164065 8 0 0
164173 8 0 0
164188 8 60 2
164204 8 61 0
164415 8 61 2
164475 8 48 0
164627 8 48 2
164667 8 49 0
164725 8 0 0
164773 8 49 2
164809 8 36 0
164809 8 36 0
164858 8 0 0
164883 8 36 2
164913 8 36 2
164947 8 0 0
164977 8 37 0
164977 8 37 0
165061 8 37 2
165175 8 37 2
165223 8 58 0
165418 8 0 0
165480 8 58 2
165492 8 31 0
165555 8 0 0
165722 8 0 0
165784 8 0 0
165784 8 31 2
165796 8 30 0
165937 8 0 0
166129 8 30 2
166137 8 59 0
166160 8 0 0
166294 8 59 2
166346 8 0 0
166346 8 34 0
166479 8 0 0
166605 8 0 0
166617 8 34 2
166657 8 0 0
166719 8 0 0
166869 8 0 2
166877 8 33 0
166948 8 0 0
167076 8 0 0
167187 8 0 0
167236 8 33 2
167252 8 60 0
167322 8 0 0
167429 8 60 2
167449 8 32 0
167535 8 0 0
167707 8 32 2
167783 8 61 0
167976 8 61 2
168065 8 0 0
168100 8 62 0
168206 8 0 0
168247 8 62 2
168299 8 0 0
168335 8 12 0
168419 8 12 2
168431 8 39 0
168459 8 0 0
168606 8 0 0
168627 8 39 2
168639 8 13 0
168699 8 0 0
168763 8 13 2
168767 8 48 0
168964 8 48 2
168976 8 59 0
169121 8 59 2
169149 8 54 0
169149 8 54 0
169255 8 54 2
169360 8 54 2
169400 8 55 0
170316 8 55 2
170340 8 56 0
170493 8 56 2
170521 8 57 0
170787 8 57 2
170851 8 58 0
171163 8 58 2
171199 8 49 0
171408 8 49 2
171448 8 63 0
171683 8 63 2
171731 8 15 0
171951 8 15 2
171967 8 44 0
172105 8 44 2
172125 8 45 0
172333 8 45 2
172581 8 0 0
172720 8 0 2
172812 8 1 0
173111 8 1 2
173211 8 2 0
173354 8 2 2
173374 8 41 0
174014 8 41 2
174086 8 3 0
174284 8 0 1
174415 8 3 2
174504 8 0 2
174544 8 0 2
174550 8 0 0
174675 8 5 0
174687 8 0 0
174796 8 5 2
174842 8 0 0
174844 8 6 0
174942 8 0 0
174950 8 0 0
175025 8 6 2
175075 8 0 0
175113 8 7 0
175156 8 0 0
175280 8 0 0
175324 8 7 2
175384 8 0 0
175432 8 8 0
175531 8 0 0
175569 8 8 2
175591 8 0 0
175625 8 1 0
175675 8 1 2
175744 8 0 0
175860 8 0 0
176013 8 0 0
176119 8 0 0
176123 8 46 0
176180 8 7 2
176237 8 46 2
176245 8 0 0
176245 8 4 0
176351 8 0 0
176501 8 0 0
176523 8 4 2
176547 8 47 0
176610 8 0 0
176669 8 47 2
176701 8 13 0
176742 8 0 0
176813 8 12 0
176856 8 7 2
176879 8 12 2
176882 8 0 0
177047 8 0 0
177150 8 0 0
177188 8 7 2
177243 8 10 0
177263 8 0 0
177363 8 0 0
177387 8 10 2
177430 8 7 2
177480 8 0 0
177507 8 1 0
177507 8 1 0
177566 8 1 2
177581 8 1 2
177653 8 0 0
177751 8 0 0
177865 8 0 0
178002 8 0 0
178014 8 46 0
178128 8 46 2
178160 8 47 0
178160 8 47 0
178172 8 0 0
178282 8 47 2
178306 8 47 2
178310 8 0 0
178426 8 12 0
178440 8 0 0
178492 8 12 2
178567 8 0 0
178705 8 0 0
178762 8 7 2
178798 8 0 0
178923 8 7 2
178940 8 0 0
178976 8 1 0
179043 8 1 2
179076 8 0 0
179165 8 7 2
179188 8 0 0
179301 8 0 0
179429 8 0 0
179491 8 46 0
179491 8 46 0
179540 8 0 0
179589 8 46 2
179606 8 46 2
179638 8 47 0
179655 8 0 0
179762 8 47 2
179771 8 0 0
179906 8 12 0
179909 8 0 0
179972 8 12 2
180042 8 0 0
180219 8 0 0
180234 8 4 2
180363 8 0 0
180456 8 1 0
180456 8 1 0
180491 8 1 2
180530 8 1 2
180538 8 0 0
180693 8 0 0
180731 8 13 0
180836 8 0 0
180953 8 0 0
180978 8 46 0
181069 8 0 0
181092 8 46 2
181124 8 47 0
181186 8 0 0
181246 8 47 2
181341 8 0 0
181390 8 12 0
181456 8 12 2
181476 8 0 0
181574 8 0 0
181809 8 0 0
181839 8 13 0
181940 8 1 0
181940 8 1 0
181947 8 0 0
181975 8 1 2
181982 8 1 2
182042 8 0 0
182163 8 0 0
182272 8 0 0
182308 8 4 2
182409 8 0 0
182430 8 46 0
182430 8 46 0
182471 8 4 2
182528 8 46 2
182545 8 46 2
182577 8 47 0
182577 8 47 0
182683 8 47 2
182690 8 4 2
182703 8 47 2
182847 8 12 0
182847 8 12 0
182897 8 12 2
182915 8 12 2
183399 8 1 0
183399 8 1 0
183433 8 1 2
183440 8 1 2
183888 8 46 0
183888 8 46 0
183985 8 13 0
183986 8 46 2
183994 8 46 2
184026 8 47 0
184026 8 47 0
184132 8 47 2
184141 8 47 2
184285 8 12 0
184285 8 12 0
184335 8 12 2
184343 8 12 2
184827 8 1 0
184827 8 1 0
184861 8 1 2
184872 8 1 2
185320 8 46 0
185320 8 46 0
185418 8 46 2
185428 8 46 2
185460 8 47 0
185460 8 47 0
185566 8 47 2
185574 8 47 2
185718 8 12 0
185718 8 12 0
185768 8 12 2
185775 8 12 2
186259 8 1 0
186259 8 1 0
186267 8 13 0
186293 8 1 2
186318 8 1 2
186482 8 2 0
186483 8 0 1
186655 8 2 2
186705 8 0 2
186750 8 9 0
186824 8 9 2
186840 8 46 0
186840 8 46 0
186939 8 46 2
186985 8 46 2
187017 8 47 0
187017 8 47 0
187129 8 47 2
187131 8 47 2
187275 8 12 0
187275 8 12 0
187325 8 12 2
187333 8 12 2
187817 8 1 0
187817 8 1 0
187851 8 1 2
187865 8 1 2
188313 8 46 0
188313 8 46 0
188412 8 46 2
188423 8 46 2
188455 8 47 0
188455 8 47 0
188561 8 47 2
188569 8 47 2
188693 8 13 0
188713 8 12 0
188713 8 12 0
188764 8 12 2
188772 8 12 2
189256 8 1 0
189256 8 1 0
189291 8 1 2
189298 8 1 2
189746 8 46 0
189746 8 46 0
189846 8 46 2
189852 8 46 2
189884 8 47 0
189884 8 47 0
189990 8 47 2
189998 8 47 2
190142 8 12 0
190142 8 12 0
190192 8 12 2
190201 8 12 2
190662 8 13 0
190685 8 1 0
190685 8 1 0
190719 8 1 2
190728 8 1 2
190928 8 13 0
191176 8 46 0
191176 8 46 0
191274 8 46 2
191282 8 46 2
191314 8 47 0
191314 8 47 0
191428 8 47 2
191430 8 47 2
191574 8 12 0
191574 8 12 0
191624 8 12 2
191632 8 12 2
192116 8 1 0
192116 8 1 0
192155 8 1 2
192159 8 1 2
192205 8 13 0
192607 8 46 0
192607 8 46 0
192706 8 46 2
192720 8 46 2
192752 8 47 0
192752 8 47 0
192858 8 47 2
192955 8 47 2
193099 8 12 0
193099 8 12 0
193149 8 12 2
193157 8 12 2
193641 8 1 0
193641 8 1 0
193675 8 1 2
193683 8 1 2
194131 8 46 0
194131 8 46 0
194230 8 46 2
194238 8 46 2
194270 8 47 0
194270 8 47 0
194378 8 47 2
194387 8 47 2
194531 8 12 0
194531 8 12 0
194581 8 12 2
194589 8 12 2
195073 8 1 0
195073 8 1 0
195107 8 1 2
195115 8 1 2
195563 8 46 0
195563 8 46 0
195665 8 46 2
195668 8 46 2
195700 8 47 0
195700 8 47 0
195806 8 47 2
195814 8 47 2
195958 8 12 0
195958 8 12 0
196008 8 12 2
196016 8 12 2
196448 8 13 0
196500 8 1 0
196500 8 1 0
196534 8 1 2
196542 8 1 2
196990 8 46 0
196990 8 46 0
197091 8 46 2
197103 8 46 2
197135 8 47 0
197135 8 47 0
197241 8 47 2
197248 8 47 2
197392 8 12 0
197392 8 12 0
197442 8 12 2
197450 8 12 2
197934 8 1 0
197934 8 1 0
197968 8 1 2
197976 8 1 2
198125 8 13 0
198408 8 10 0
198498 8 10 2
198514 8 46 0
198514 8 46 0
198612 8 46 2
198622 8 46 2
198654 8 47 0
198654 8 47 0
198760 8 47 2
198768 8 47 2
198912 8 12 0
198912 8 12 0
198962 8 12 2
198970 8 12 2
199454 8 1 0
199454 8 1 0
199488 8 1 2
199496 8 1 2
199944 8 46 0
199944 8 46 0
200042 8 46 2
200050 8 46 2
200082 8 47 0
200082 8 47 0
200188 8 47 2
200198 8 47 2
200272 8 13 0
200342 8 12 0
200342 8 12 0
200397 8 12 2
200401 8 12 2
200598 8 13 0
200885 8 1 0
200885 8 1 0
200919 8 1 2
200927 8 1 2
201375 8 46 0
201375 8 46 0
201474 8 46 2
201482 8 46 2
201514 8 47 0
201514 8 47 0
201620 8 47 2
201632 8 47 2
201776 8 12 0
201776 8 12 0
201787 8 13 0
201826 8 12 2
201834 8 12 2
202318 8 1 0
202318 8 1 0
202352 8 1 2
202360 8 1 2
202808 8 46 0
202808 8 46 0
202906 8 46 2
202915 8 46 2
202947 8 47 0
202947 8 47 0
203053 8 47 2
203061 8 47 2
203205 8 12 0
203205 8 12 0
203255 8 12 2
203263 8 12 2
203747 8 1 0
203747 8 1 0
203781 8 1 2
203789 8 1 2
204237 8 46 0
204237 8 46 0
204335 8 46 2
204352 8 46 2
204384 8 47 0
204384 8 47 0
204492 8 47 2
204508 8 47 2
204652 8 12 0
204652 8 12 0
204702 8 12 2
204709 8 12 2
205193 8 1 0
205193 8 1 0
205227 8 1 2
205234 8 1 2
205425 8 13 0
205654 8 13 0
205682 8 46 0
205682 8 46 0
205780 8 46 2
205788 8 46 2
205820 8 47 0
205820 8 47 0
205926 8 47 2
205934 8 47 2
206078 8 12 0
206078 8 12 0
206128 8 12 2
206136 8 12 2
206572 8 13 0
206620 8 1 0
206620 8 1 0
206655 8 1 2
206672 8 1 2
207120 8 46 0
207120 8 46 0
207218 8 46 2
207271 8 46 2
207303 8 47 0
207303 8 47 0
207409 8 47 2
207427 8 47 2
207571 8 12 0
207571 8 12 0
207623 8 12 2
207634 8 12 2
208118 8 1 0
208118 8 1 0
208152 8 1 2
208160 8 1 2
208608 8 46 0
208608 8 46 0
208707 8 46 2
208833 8 46 2
208865 8 47 0
208865 8 47 0
209011 8 47 2
209029 8 47 2
209173 8 12 0
209173 8 12 0
209223 8 12 2
209231 8 12 2
209715 8 1 0
209715 8 1 0
209750 8 1 2
209758 8 1 2
209820 8 13 0
209895 8 0 1
209941 8 13 0
210065 8 2 2
210115 8 0 2
210190 8 11 0
210190 8 11 0
210232 8 11 2
210281 8 11 2
210297 8 46 0
210297 8 46 0
210395 8 46 2
210404 8 46 2
210436 8 47 0
210436 8 47 0
210502 8 13 0
210542 8 47 2
210549 8 47 2
210693 8 12 0
210693 8 12 0
210743 8 12 2
210751 8 12 2
211235 8 1 0
211235 8 1 0
211270 8 1 2
211277 8 1 2
211725 8 46 0
211725 8 46 0
211823 8 46 2
211830 8 46 2
211862 8 47 0
211862 8 47 0
211968 8 47 2
211976 8 47 2
212120 8 12 0
212120 8 12 0
212170 8 12 2
212197 8 12 2
212681 8 1 0
212681 8 1 0
212715 8 1 2
212732 8 1 2
212926 8 13 0
213042 8 13 0
213158 8 13 0
213180 8 46 0
213180 8 46 0
213278 8 46 2
213316 8 46 2
213348 8 47 0
213348 8 47 0
213454 8 47 2
213461 8 47 2
213605 8 12 0
213605 8 12 0
213655 8 12 2
213670 8 12 2
214154 8 1 0
214154 8 1 0
214188 8 1 2
214195 8 1 2
214643 8 46 0
214643 8 46 0
214741 8 46 2
214748 8 46 2
214780 8 47 0
214780 8 47 0
214899 8 47 2
214900 8 47 2
215044 8 12 0
215044 8 12 0
215049 8 13 0
215094 8 12 2
215101 8 12 2
215585 8 1 0
215585 8 1 0
215619 8 1 2
215626 8 1 2
216074 8 46 0
216074 8 46 0
216172 8 46 2
216200 8 46 2
216232 8 47 0
216232 8 47 0
216340 8 47 2
216379 8 47 2
216523 8 12 0
216523 8 12 0
216576 8 12 2
216581 8 12 2
217065 8 1 0
217065 8 1 0
217099 8 1 2
217107 8 1 2
217555 8 46 0
217555 8 46 0
217653 8 46 2
217661 8 46 2
217693 8 47 0
217693 8 47 0
217799 8 47 2
217807 8 47 2
217951 8 12 0
217951 8 12 0
218001 8 12 2
218009 8 12 2
218257 8 13 0
218466 8 13 0
218493 8 1 0
218493 8 1 0
218527 8 1 2
218535 8 1 2
218983 8 46 0
218983 8 46 0
219081 8 46 2
219094 8 46 2
219126 8 47 0
219126 8 47 0
219232 8 47 2
219242 8 47 2
219386 8 12 0
219386 8 12 0
219441 8 12 2
219444 8 12 2
219593 8 13 0
219928 8 1 0
219928 8 1 0
219973 8 1 2
219975 8 1 2
220423 8 46 0
220423 8 46 0
220521 8 46 2
220528 8 46 2
220560 8 47 0
220560 8 47 0
220666 8 47 2
220674 8 47 2
220816 8 13 0
220818 8 12 0
220818 8 12 0
220868 8 12 2
220875 8 12 2
221359 8 1 0
221359 8 1 0
221393 8 1 2
221401 8 1 2
221833 8 12 0
221833 8 12 0
221884 8 12 2
221893 8 12 2
221909 8 46 0
221909 8 46 0
222011 8 46 2
222020 8 46 2
222052 8 47 0
222052 8 47 0
222158 8 47 2
222166 8 47 2
222310 8 12 0
222310 8 12 0
222360 8 12 2
222368 8 12 2
222852 8 1 0
222852 8 1 0
222886 8 1 2
222894 8 1 2
223342 8 46 0
223342 8 46 0
223440 8 46 2
223454 8 46 2
223486 8 47 0
223486 8 47 0
223592 8 47 2
223603 8 47 2
223747 8 12 0
223747 8 12 0
223806 8 12 2
223808 8 12 2
224090 8 13 0
224292 8 1 0
224292 8 1 0
224326 8 1 2
224333 8 1 2
224781 8 46 0
224781 8 46 0
224811 8 13 0
224879 8 46 2
224887 8 46 2
224919 8 47 0
224919 8 47 0
224939 8 13 0
225035 8 47 2
225037 8 47 2
225181 8 12 0
225181 8 12 0
225231 8 12 2
225238 8 12 2
225554 8 13 0
225722 8 1 0
225722 8 1 0
225756 8 1 2
225764 8 1 2
226212 8 46 0
226212 8 46 0
226310 8 46 2
226318 8 46 2
226350 8 47 0
226350 8 47 0
226456 8 47 2
226464 8 47 2
226608 8 12 0
226608 8 12 0
226658 8 12 2
226666 8 12 2
227150 8 1 0
227150 8 1 0
227184 8 1 2
227191 8 1 2
227343 8 13 0
227639 8 46 0
227639 8 46 0
227737 8 46 2
227746 8 46 2
227778 8 47 0
227778 8 47 0
227884 8 47 2
227892 8 47 2
228036 8 12 0
228036 8 12 0
228086 8 12 2
228098 8 12 2
228582 8 1 0
228582 8 1 0
228616 8 1 2
228643 8 1 2
229091 8 46 0
229091 8 46 0
229189 8 46 2
229227 8 46 2
229259 8 47 0
229259 8 47 0
229374 8 47 2
229376 8 47 2
229520 8 12 0
229520 8 12 0
229570 8 12 2
229579 8 12 2
230063 8 1 0
230063 8 1 0
230086 8 13 0
230097 8 1 2
230106 8 1 2
230203 8 13 0
230554 8 46 0
230554 8 46 0
230652 8 46 2
230660 8 46 2
230692 8 47 0
230692 8 47 0
230798 8 47 2
230806 8 47 2
230950 8 12 0
230950 8 12 0
231000 8 12 2
231009 8 12 2
231493 8 1 0
231493 8 1 0
231531 8 1 2
231538 8 1 2
231986 8 46 0
231986 8 46 0
232084 8 46 2
232096 8 46 2
232128 8 47 0
232128 8 47 0
232234 8 47 2
232242 8 47 2
232386 8 12 0
232386 8 12 0
232436 8 12 2
232444 8 12 2
232600 8 13 0
232928 8 1 0
232928 8 1 0
232962 8 1 2
232970 8 1 2
233402 8 13 0
233507 8 13 0
233516 8 13 2
233532 8 46 0
233532 8 46 0
233630 8 46 2
233638 8 46 2
233670 8 47 0
233670 8 47 0
233777 8 47 2
233791 8 47 2
233935 8 12 0
233935 8 12 0
233985 8 12 2
233992 8 12 2
234476 8 1 0
234476 8 1 0
234510 8 1 2
234522 8 1 2
234970 8 46 0
234970 8 46 0
235068 8 46 2
235081 8 46 2
235113 8 47 0
235113 8 47 0
235220 8 47 2
235225 8 47 2
235311 8 13 0
235369 8 12 0
235369 8 12 0
235419 8 12 2
235426 8 12 2
235871 8 2 0
235872 8 2 2
235910 8 1 0
235910 8 1 0
235944 8 1 2
235952 8 1 2
236146 8 13 0
236400 8 46 0
236400 8 46 0
236498 8 46 2
236506 8 46 2
236538 8 47 0
236538 8 47 0
236644 8 47 2
236651 8 47 2
236795 8 12 0
236795 8 12 0
236845 8 12 2
236852 8 12 2
237336 8 1 0
237336 8 1 0
237370 8 1 2
237377 8 1 2
237465 8 13 0
237825 8 46 0
237825 8 46 0
237934 8 46 2
237947 8 46 2
237979 8 47 0
237979 8 47 0
238086 8 47 2
238093 8 47 2
238237 8 12 0
238237 8 12 0
238287 8 12 2
238294 8 12 2
238778 8 1 0
238778 8 1 0
238812 8 1 2
238819 8 1 2
239267 8 46 0
239267 8 46 0
239368 8 46 2
239429 8 46 2
239461 8 47 0
239461 8 47 0
239572 8 47 2
239575 8 47 2
239719 8 12 0
239719 8 12 0
239769 8 12 2
239777 8 12 2
240261 8 1 0
240261 8 1 0
240295 8 1 2
240303 8 1 2
240751 8 46 0
240751 8 46 0
240849 8 46 2
240860 8 46 2
240892 8 47 0
240892 8 47 0
240999 8 47 2
241004 8 47 2
241148 8 12 0
241148 8 12 0
241198 8 12 2
241206 8 12 2
241302 8 13 0
241446 8 13 0
241563 8 13 0
241690 8 1 0
241690 8 1 0
241724 8 1 2
241732 8 1 2
242180 8 46 0
242180 8 46 0
242278 8 46 2
242285 8 46 2
242317 8 47 0
242317 8 47 0
242433 8 47 2
242434 8 47 2
242578 8 12 0
242578 8 12 0
242628 8 12 2
242636 8 12 2
243105 8 13 0
243120 8 1 0
243120 8 1 0
243154 8 1 2
243162 8 1 2
243610 8 46 0
243610 8 46 0
243709 8 46 2
243720 8 46 2
243752 8 47 0
243752 8 47 0
243860 8 47 2
243869 8 47 2
244013 8 12 0
244013 8 12 0
244063 8 12 2
244071 8 12 2
244555 8 1 0
244555 8 1 0
244589 8 1 2
244597 8 1 2
244642 8 13 0
245029 8 14 0
245167 8 14 2
245183 8 46 0
245183 8 46 0
245281 8 46 2
245288 8 46 2
245320 8 47 0
245320 8 47 0
245426 8 47 2
245439 8 47 2
245583 8 12 0
245583 8 12 0
245633 8 12 2
245641 8 12 2
246125 8 1 0
246125 8 1 0
246159 8 1 2
246169 8 1 2
246617 8 46 0
246617 8 46 0
246715 8 46 2
246724 8 46 2
246756 8 47 0
246756 8 47 0
246863 8 47 2
246875 8 47 2
247019 8 12 0
247019 8 12 0
247069 8 12 2
247077 8 12 2
247386 8 13 0
247483 8 13 0
247561 8 1 0
247561 8 1 0
247595 8 1 2
247603 8 1 2
248051 8 46 0
248051 8 46 0
248149 8 46 2
248156 8 46 2
248188 8 47 0
248188 8 47 0
248294 8 47 2
248303 8 47 2
248447 8 12 0
248447 8 12 0
248506 8 12 2
248510 8 12 2
248847 8 13 0
248994 8 1 0
248994 8 1 0
249008 8 13 0
249028 8 1 2
249037 8 1 2
249485 8 46 0
249485 8 46 0
249583 8 46 2
249591 8 46 2
249623 8 47 0
249623 8 47 0
249729 8 47 2
249736 8 47 2
249880 8 12 0
249880 8 12 0
249930 8 12 2
249937 8 12 2
250061 8 2 0
250062 8 0 1
250224 8 2 2
250274 8 0 2
250421 8 1 0
250421 8 1 0
250455 8 1 2
250463 8 1 2
250911 8 46 0
250911 8 46 0
251009 8 46 2
251016 8 46 2
251048 8 47 0
251048 8 47 0
251154 8 47 2
251162 8 47 2
251306 8 12 0
251306 8 12 0
251356 8 12 2
251364 8 12 2
251848 8 1 0
251848 8 1 0
251882 8 1 2
251890 8 1 2
252338 8 46 0
252338 8 46 0
252437 8 46 2
252447 8 46 2
252479 8 47 0
252479 8 47 0
252585 8 47 2
252595 8 47 2
252739 8 12 0
252739 8 12 0
252789 8 12 2
252797 8 12 2
252922 8 13 0
253019 8 13 0
253281 8 1 0
253281 8 1 0
253298 8 13 0
253315 8 1 2
253325 8 1 2
253773 8 46 0
253773 8 46 0
253872 8 46 2
253892 8 46 2
253924 8 47 0
253924 8 47 0
254030 8 47 2
254039 8 47 2
254183 8 12 0
254183 8 12 0
254233 8 12 2
254240 8 12 2
254724 8 1 0
254724 8 1 0
254758 8 1 2
254767 8 1 2
255215 8 46 0
255215 8 46 0
255313 8 46 2
255322 8 46 2
255354 8 47 0
255354 8 47 0
255460 8 47 2
255469 8 47 2
255613 8 12 0
255613 8 12 0
255664 8 12 2
255672 8 12 2
256060 8 1 0
256060 8 1 0
256094 8 1 2
256102 8 1 2
256534 8 7 0
256632 8 7 2
256648 8 46 0
256648 8 46 0
256742 8 13 0
256747 8 46 2
256754 8 46 2
256786 8 47 0
256786 8 47 0
256846 8 13 0
256892 8 47 2
256901 8 47 2
257045 8 12 0
257045 8 12 0
257095 8 12 2
257104 8 12 2
257588 8 1 0
257588 8 1 0
257622 8 1 2
257631 8 1 2
258079 8 46 0
258079 8 46 0
258180 8 46 2
258183 8 46 2
258215 8 47 0
258215 8 47 0
258322 8 47 2
258330 8 47 2
258474 8 12 0
258474 8 12 0
258524 8 12 2
258532 8 12 2
259016 8 1 0
259016 8 1 0
259050 8 1 2
259057 8 1 2
259505 8 46 0
259505 8 46 0
259605 8 46 2
259618 8 46 2
259650 8 47 0
259650 8 47 0
259756 8 47 2
259764 8 47 2
259908 8 5 0
259990 8 5 2
259998 8 61 0
260129 8 61 2
260137 8 29 0
260428 8 29 2
260444 8 62 0
260444 8 62 0
260558 8 62 2
260586 8 62 2
260862 8 63 0
260862 8 63 0
260984 8 63 2
261008 8 63 2
261432 8 12 0
261432 8 12 0
261482 8 12 2
261500 8 12 2
261662 8 7 2
261940 8 11 0
262008 8 11 2
262220 8 1 0
262220 8 1 0
262254 8 1 2
262264 8 1 2
262712 8 46 0
262712 8 46 0
262810 8 46 2
262820 8 46 2
262852 8 47 0
262852 8 47 0
262959 8 47 2
262976 8 47 2
263120 8 12 0
263120 8 12 0
263170 8 12 2
263178 8 12 2
263662 8 1 0
263662 8 1 0
263696 8 1 2
263703 8 1 2
263888 8 13 0
264151 8 46 0
264151 8 46 0
264249 8 46 2
264313 8 46 2
264345 8 47 0
264345 8 47 0
264453 8 47 2
264483 8 47 2
264627 8 12 0
264627 8 12 0
264686 8 12 2
264690 8 12 2
265170 8 1 0
265170 8 1 0
265204 8 1 2
265213 8 1 2
265661 8 46 0
265661 8 46 0
265759 8 46 2
265767 8 46 2
265799 8 47 0
265799 8 47 0
265905 8 47 2
265917 8 47 2
266061 8 12 0
266061 8 12 0
266068 8 4 2
266111 8 12 2
266120 8 12 2
266604 8 1 0
266604 8 1 0
266638 8 1 2
266645 8 1 2
267093 8 46 0
267093 8 46 0
267202 8 46 2
267208 8 46 2
267240 8 47 0
267240 8 47 0
267346 8 47 2
267357 8 47 2
267501 8 12 0
267558 8 12 2
268042 8 1 0
268042 8 1 0
268076 8 1 2
268084 8 1 2
268509 8 5 2
268532 8 46 0
268532 8 46 0
268626 8 7 2
268630 8 46 2
268705 8 46 2
268737 8 47 0
268737 8 47 0
268843 8 47 2
268852 8 47 2
268996 8 12 0
268996 8 12 0
269046 8 12 2
269060 8 12 2
269192 8 1 0
269290 8 1 2
269634 8 9 0
269752 8 9 2
269876 8 55 0
270006 8 55 2
270010 8 1 0
270072 8 1 2
270096 8 56 0
270288 8 56 2
270308 8 45 0
270420 8 45 2
270476 8 46 0
270590 8 46 2
270666 8 63 0
271031 8 63 2
271039 8 47 0
271160 8 47 2
271264 8 62 0
271264 8 62 0
271378 8 62 2
271386 8 62 2
271510 8 61 0
271510 8 61 0
271616 8 61 2
271644 8 61 2
271716 8 54 0
271846 8 54 2
271878 8 55 0
272016 8 55 2
272244 8 40 0
272277 8 6 2
272335 8 40 2
272363 8 49 0
272462 8 49 2
272474 8 51 0
272580 8 51 2
272600 8 37 0
272706 8 37 2
272710 8 20 0
272795 8 20 2
272811 8 3 0
273140 8 3 2
273232 8 21 0
273324 8 21 2
273332 8 56 0
273517 8 56 2
273537 8 57 0
273663 8 57 2
273667 8 1 0
273748 8 1 2
273832 8 58 0
273832 8 58 0
273871 8 2 0
273872 8 0 1
273914 8 58 2
273950 8 58 2
274030 8 59 0
274030 8 59 0
274035 8 2 2
274085 8 0 2
274120 8 59 2
274159 8 59 2
274183 8 63 0
274408 8 63 2
274492 8 33 0
274567 8 33 2
281933 8 0 2
295832 8 0 1
295994 8 2 2
296043 8 0 2
308265 8 2 0
308266 8 0 1
308484 8 2 2
308533 8 0 2
360807 8 0 1
360974 8 2 2
361023 8 0 2
376186 8 2 0
376187 8 0 1
376354 8 2 2
376403 8 0 2
381881 8 0 1
382044 8 2 2
382093 8 0 2
439401 8 2 2
440482 8 2 2
440919 8 2 0
440920 8 13 0
534894 8 0 1
535063 8 2 2
535112 8 0 2
536541 8 2 0
536542 8 0 1
536714 8 2 2
536764 8 0 2
550836 8 2 0
550837 8 0 1
551003 8 2 2
551052 8 0 2
572531 8 0 1
572693 8 3 2
572750 8 0 2
580004 8 2 0
580005 8 2 2
593715 8 3 2
594376 8 2 0
594640 8 3 0
594641 8 2 0
597826 8 2 0
597827 8 0 1
597994 8 2 2
598044 8 0 2
616740 8 3 0
616741 8 0 1
616903 8 3 2
616960 8 0 2
619899 8 3 0
619900 8 0 0
621146 8 2 0
621147 8 0 1
621314 8 2 2
621364 8 0 2
642753 8 3 0
642903 8 3 0
642903 8 2 2
649516 8 2 0
649517 8 0 1
649684 8 2 2
649734 8 0 2
655125 8 3 2
656994 8 13 0
672886 8 2 0
672887 8 0 1
673054 8 2 2
673104 8 0 2
694324 8 2 0
694325 8 2 2
699655 8 2 2
699656 8 2 0
709458 8 2 0
709459 8 2 2
737178 8 2 0
737179 8 0 1
737349 8 2 2
737399 8 0 2
775222 8 15 0
775222 8 15 0
775296 8 15 2
775321 8 15 2
775409 8 30 0
775485 8 0 0
775486 8 0 1
775514 8 30 2
775526 8 24 0
775584 8 24 2
775648 8 0 2
775680 8 0 2
775684 8 25 0
775753 8 25 2
775761 8 8 0
775761 8 8 0
775770 8 8 0
775771 8 2 0
775771 8 8 2
775779 8 8 2
775821 8 8 2
775885 8 26 0
775958 8 26 2
776022 8 27 0
776107 8 27 2
776139 8 34 0
776221 8 34 2
776233 8 26 0
776307 8 26 2
776403 8 55 0
776541 8 55 2
776549 8 27 0
776630 8 27 2
776678 8 23 0
776844 8 23 2
776848 8 28 0
776932 8 5 2
776958 8 28 2
776978 8 23 0
777384 8 23 2
777416 8 56 0
777416 8 56 0
777467 8 1 2
777483 8 56 2
777508 8 56 2
777544 8 43 0
777576 8 5 2
777688 8 3 2
777827 8 43 2
777855 8 57 0
777855 8 57 0
777929 8 57 2
777955 8 57 2
777963 8 34 0
778044 8 34 2
778096 8 23 0
778494 8 23 2
778502 8 19 0
778576 8 19 2
778577 8 1 2
778580 8 23 0
779738 8 23 2
779754 8 23 0
779902 8 10 2
780242 8 0 1
780408 8 13 2
780473 8 0 2
780783 8 23 2
780866 8 13 2
780867 8 23 0
781175 8 23 2
781258 8 12 2
781259 8 23 0
783040 8 23 2
783056 8 23 0
783581 8 1 2
784995 8 23 2
785078 8 12 2
785079 8 23 0
789997 8 23 2
790361 8 27 2
790369 8 23 0
792351 8 0 1
792518 8 31 2
792615 8 0 2
798717 8 23 2
799196 8 53 2
799197 8 23 0
801574 8 0 1
801738 8 49 2
801811 8 0 2
810345 8 23 2
810519 8 46 2
810525 8 23 0
819343 8 23 2
820199 8 25 2
820207 8 23 0
822975 8 23 2
824539 8 22 2
824547 8 23 0
827485 8 23 2
828248 8 21 2
828253 8 23 0
834311 8 23 2
835612 8 19 2
835619 8 23 0
839231 8 23 2
839598 8 39 2
839603 8 23 0
842051 8 23 2
842692 8 16 2
842699 8 23 0
844543 8 23 2
844754 8 44 2
844759 8 23 0
846453 8 23 2
846547 8 23 2
846549 8 23 0
848013 8 23 2
848245 8 23 2
848253 8 23 0
848554 8 23 2
848638 8 49 2
848770 8 35 2
848885 8 18 2
848984 8 33 2
849101 8 45 2
849224 8 61 2
849363 8 53 2
849494 8 40 2
849622 8 28 2
849732 8 55 2
849863 8 58 2
850002 8 26 2
850112 8 20 2
850212 8 54 2
850343 8 30 2
850452 8 36 2
850572 8 34 2
850693 8 12 2
850793 8 50 2
850924 8 48 2
851055 8 17 2
851154 8 14 2
851253 8 63 2
851393 8 43 2
851523 8 42 2
851653 8 46 2
851783 8 2 2
851893 8 56 2
852034 8 62 2
852174 8 60 2
852314 8 31 2
852424 8 11 2
852524 8 41 2
852654 8 38 2
852774 8 47 2
852904 8 52 2
853035 8 32 2
853155 8 27 2
853265 8 37 2
853385 8 59 2
853555 8 51 2
853558 8 23 0
860328 8 23 2
863253 8 20 2
863256 8 23 0
865165 8 23 2
867202 8 52 2
867205 8 23 0
867556 8 23 2
870455 8 35 2
870460 8 23 0
872288 8 23 2
874615 8 18 2
874616 8 23 0
879564 8 23 2
879975 8 37 2
879984 8 23 0
883568 8 23 2
884177 8 55 2
884180 8 23 0
885668 8 23 2
887693 8 14 2
887696 8 23 0
889864 8 23 2
891714 8 63 2
891724 8 23 0
894274 8 23 2
894499 8 58 2
894502 8 23 0
897422 8 23 2
897525 8 46 2
897530 8 23 0
897924 8 23 2
899925 8 46 2
899928 8 23 0
903176 8 23 2
904238 8 12 2
904244 8 23 0
905274 8 23 2
906921 8 11 2
906930 8 23 0
909284 8 23 2
909378 8 26 2
909380 8 23 0
910770 8 23 2
911594 8 30 2
911598 8 23 0
912883 8 23 2
913415 8 28 2
913423 8 23 0
914773 8 23 2
915692 8 53 2
915697 8 23 0
916845 8 23 2
917996 8 38 2
917997 8 23 0
919445 8 23 2
919902 8 43 2
919913 8 23 0
920075 8 23 2
920158 8 43 2
920281 8 47 2
920404 8 40 2
920529 8 2 2
920640 8 17 2
920740 8 60 2
920881 8 59 2
921022 8 54 2
921153 8 32 2
921272 8 62 2
921412 8 61 2
921552 8 41 2
921689 8 34 2
921695 8 23 0
922085 8 23 2
923452 8 47 2
923453 8 23 0
924659 8 23 2
925553 8 36 2
925559 8 23 0
927581 8 23 2
927664 8 60 2
927665 8 23 0
928095 8 23 2
929438 8 17 2
929439 8 23 0
930289 8 23 2
930456 8 56 2
930457 8 23 0
931029 8 23 2
932104 8 62 2
932109 8 23 0
932549 8 23 2
933630 8 48 2
933641 8 23 0
933927 8 23 2
933943 8 23 0
934774 8 59 2
936150 8 23 2
936235 8 54 2
936246 8 23 0
936636 8 23 2
936720 8 23 0
936720 8 61 2
937612 8 23 2
937820 8 32 2
937828 8 23 0
937982 8 23 2
938034 8 29 0
938065 8 54 2
938132 8 29 2
938148 8 23 0
938370 8 23 2
938453 8 49 2
938470 8 32 0
938536 8 32 2
938620 8 28 0
938710 8 28 2
938762 8 2 0
938828 8 2 2
938840 8 29 0
938921 8 29 2
938953 8 4 0
939027 8 4 2
939035 8 35 0
939035 8 35 0
939101 8 35 2
939126 8 35 2
939166 8 36 0
939166 8 36 0
939240 8 36 2
939265 8 36 2
941323 8 40 2
944311 8 2 0
944312 8 3 0
983227 8 2 2
984722 8 13 0
1079573 8 3 0
1079574 8 2 0
1079631 8 2 0
1079632 8 2 2
1086762 8 3 0
1087613 8 3 0
1087616 8 0 0
1091023 8 37 0
1091023 8 37 0
1093228 8 37 2
1093261 8 2 0
1093262 8 0 0
1093360 8 8 0
1093360 8 8 0
1093369 8 8 0
1093370 8 0 0
1093378 8 8 2
1093406 8 8 2
1093542 8 36 0
1093542 8 36 0
1093666 8 36 2
1093735 8 36 2
1093767 8 38 0
1093767 8 38 0
1093857 8 38 2
1094287 8 37 2
1095532 8 38 2
1095648 8 47 0
1095648 8 47 0
1095754 8 47 2
1095761 8 47 2
1095805 8 54 0
1095805 8 54 0
1095911 8 54 2
1096036 8 54 2
1096064 8 56 0
1096064 8 56 0
1096130 8 56 2
1096186 8 56 2
1096190 8 12 0
1096190 8 12 0
1096240 8 12 2
1096248 8 12 2
1096256 8 57 0
1096256 8 57 0
1096330 8 57 2
1096380 8 57 2
1096436 8 37 0
1096436 8 37 0
1096518 8 37 2
1097866 8 37 2
1097998 8 35 0
1097998 8 35 0
1098064 8 35 2
1098113 8 35 2
1098969 8 47 0
1098969 8 47 0
1099075 8 47 2
1099092 8 47 2
1099116 8 11 0
1099116 8 11 0
1099158 8 11 2
1099166 8 11 2
1099294 8 1 0
1099335 8 1 2
1099391 8 7 0
1099499 8 7 2
1099908 8 4 2
1099979 8 15 0
1099979 8 15 0
1100104 8 15 2
1100192 8 38 0
1100192 8 38 0
1100203 8 15 2
1100366 8 38 2
1100509 8 5 2
1100522 8 46 0
1100637 8 46 2
1100837 8 47 0
1100837 8 47 0
1100943 8 47 2
1100951 8 47 2
1100960 8 5 2
1100967 8 12 0
1101011 8 6 2
1101030 8 12 2
1101066 8 47 0
1101127 8 5 2
1101188 8 47 2
1101252 8 38 2
1101384 8 6 2
1101653 8 3 0
1101654 8 3 2
1102496 8 63 0
1102496 8 63 0
1102618 8 63 2
1102626 8 63 2
1102830 8 58 0
1102830 8 58 0
1102912 8 58 2
1102969 8 58 2
1102989 8 3 0
1102990 8 0 0
1103053 8 46 0
1103105 8 7 2
1103175 8 46 2
1103571 8 7 2
1103731 8 15 0
1103731 8 15 0
1103735 8 7 2
1103805 8 15 2
1103914 8 2 0
1103915 8 0 0
1104273 8 15 2
1104773 8 52 0
1105111 8 52 2
1105687 8 53 0
1106019 8 53 2
1106595 8 54 0
1106920 8 54 2
1107496 8 55 0
1107790 8 55 2
1108366 8 56 0
1108654 8 56 2
1109230 8 57 0
1109577 8 57 2
1110095 8 2 0
1110096 8 0 0
1110153 8 58 0
1110418 8 58 2
1110994 8 59 0
1111280 8 59 2
1111856 8 60 0
1112206 8 60 2
1112658 8 2 0
1112659 8 0 0
1112782 8 61 0
1113128 8 61 2
1113704 8 62 0
1114030 8 62 2
1114606 8 63 0
1114919 8 63 2
1115495 8 0 0
1115495 8 0 0
1115521 8 0 2
1115685 8 0 2
1115953 8 2 0
1116077 8 2 2
1116133 8 3 0
1116255 8 3 2
1116259 8 7 0
1116566 8 7 2
1116654 8 4 0
1116775 8 4 2
1117163 8 1 0
1117420 8 1 2
1117996 8 2 0
1118317 8 2 2
1118417 8 0 1
1118418 8 39 0
1118589 8 39 2
1118695 8 0 2
1118841 8 60 0
1118842 8 0 1
1118893 8 3 0
1118927 8 0 1
1118946 8 36 0
1119019 8 60 2
1119023 8 14 0
1119024 8 0 1
1119124 8 0 2
1119129 8 36 2
1119210 8 0 2
1119239 8 14 2
1119279 8 3 2
1119313 8 0 2
1119387 8 38 0
1119388 8 0 1
1119559 8 38 2
1119658 8 0 2
1119732 8 12 0
1119733 8 0 1
1119855 8 4 0
1119899 8 12 2
1119956 8 0 2
1120218 8 4 2
1120263 8 54 0
1120264 8 0 1
1120362 8 0 1
1120371 8 20 0
1120519 8 54 2
1120530 8 61 0
1120531 8 0 1
1120629 8 20 2
1120633 8 0 2
1120694 8 0 2
1120739 8 61 2
1120794 8 5 0
1120853 8 0 2
1120883 8 56 0
1120884 8 0 1
1120967 8 0 1
1120968 8 35 0
1121049 8 56 2
1121063 8 5 2
1121113 8 55 0
1121114 8 0 1
1121123 8 0 2
1121159 8 35 2
1121233 8 0 2
1121279 8 55 2
1121373 8 49 0
1121374 8 0 1
1121401 8 0 2
1121458 8 27 0
1121459 8 0 1
1121539 8 49 2
1121613 8 0 2
1121639 8 6 0
1121649 8 27 2
1121686 8 48 0
1121687 8 0 1
1121715 8 0 2
1121773 8 10 0
1121774 8 0 1
1121869 8 48 2
1121935 8 0 2
1121979 8 10 2
1121998 8 6 2
1122020 8 0 2
1122151 8 57 0
1122152 8 0 1
1122214 8 0 1
1122233 8 4 0
1122319 8 57 2
1122354 8 44 0
1122355 8 0 1
1122401 8 0 2
1122429 8 4 2
1122449 8 28 0
1122450 8 0 1
1122495 8 0 2
1122539 8 44 2
1122574 8 7 0
1122575 8 43 0
1122576 8 0 1
1122629 8 0 2
1122649 8 28 2
1122661 8 19 0
1122662 8 0 1
1122723 8 0 2
1122759 8 43 2
1122841 8 0 2
1122869 8 19 2
1122878 8 7 2
1122927 8 0 2
1123101 8 58 0
1123102 8 0 1
1123203 8 53 0
1123204 8 0 1
1123269 8 58 2
1123282 8 0 1
1123311 8 21 0
1123359 8 0 2
1123379 8 53 2
1123454 8 8 0
1123454 8 8 0
1123463 8 8 0
1123464 8 0 1
1123472 8 8 2
1123486 8 0 2
1123489 8 21 2
1123564 8 0 2
1123629 8 8 2
1123645 8 8 2
1123654 8 0 2
1123685 8 46 0
1123686 8 0 1
1123764 8 0 1
1123793 8 6 0
1123859 8 46 2
1123874 8 5 0
1123875 8 0 1
1123964 8 0 2
1123969 8 6 2
1124051 8 0 2
1124063 8 52 0
1124064 8 0 1
1124079 8 5 2
1124154 8 0 2
1124181 8 16 0
1124182 8 0 1
1124221 8 9 0
1124249 8 52 2
1124291 8 23 0
1124292 8 0 1
1124347 8 0 2
1124359 8 16 2
1124393 8 0 2
1124401 8 22 0
1124402 8 0 1
1124469 8 23 2
1124519 8 9 2
1124558 8 0 2
1124579 8 22 2
1124661 8 0 2
1124723 8 50 0
1124724 8 0 1
1124899 8 50 2
1124901 8 62 0
1124902 8 0 1
1124981 8 0 2
1124996 8 0 1
1125025 8 47 0
1125069 8 62 2
1125095 8 10 0
1125120 8 0 1
1125139 8 24 0
1125179 8 47 2
1125191 8 0 2
1125238 8 34 0
1125239 8 0 1
1125289 8 24 2
1125293 8 0 2
1125331 8 0 2
1125339 8 29 0
1125340 8 0 1
1125409 8 34 2
1125418 8 10 2
1125474 8 0 2
1125519 8 29 2
1125531 8 59 0
1125532 8 0 1
1125601 8 0 2
1125620 8 0 1
1125629 8 30 0
1125709 8 59 2
1125713 8 9 0
1125714 8 0 1
1125806 8 0 2
1125819 8 30 2
1125823 8 15 0
1125824 8 0 1
1125908 8 0 2
1125929 8 9 2
1125963 8 0 2
1125965 8 45 0
1125966 8 0 1
1125994 8 11 0
1125994 8 11 0
1126036 8 11 2
1126039 8 15 2
1126042 8 13 0
1126043 8 0 1
1126122 8 0 2
1126149 8 45 2
1126161 8 17 0
1126162 8 0 1
1126247 8 0 2
1126259 8 13 2
1126262 8 7 0
1126263 8 0 1
1126325 8 0 2
1126350 8 11 2
1126369 8 17 2
1126380 8 18 0
1126381 8 0 1
1126411 8 0 2
1126489 8 7 2
1126579 8 0 2
1126599 8 18 2
1126649 8 0 2
1126651 8 63 0
1126652 8 0 1
1126768 8 0 1
1126777 8 33 0
1126819 8 63 2
1126926 8 12 0
1126939 8 33 2
1126947 8 32 0
1126948 8 0 1
1126949 8 0 2
1126997 8 0 2
1127064 8 41 0
1127065 8 0 1
1127119 8 32 2
1127160 8 31 0
1127161 8 0 1
1127169 8 0 2
1127190 8 12 2
1127229 8 41 2
1127253 8 11 0
1127254 8 0 1
1127296 8 0 2
1127339 8 31 2
1127403 8 51 0
1127404 8 0 1
1127437 8 0 2
1127449 8 11 2
1127496 8 37 0
1127497 8 0 1
1127499 8 0 2
1127569 8 51 2
1127599 8 0 1
1127600 8 26 0
1127659 8 0 2
1127679 8 37 2
1127693 8 1 0
1127694 8 0 1
1127766 8 13 0
1127768 8 0 2
1127799 8 26 2
1127835 8 42 0
1127836 8 0 1
1127856 8 0 2
1127909 8 1 2
1127928 8 25 0
1127929 8 0 1
1127951 8 0 2
1128019 8 13 2
1128019 8 42 2
1128093 8 0 2
1128129 8 25 2
1128155 8 40 0
1128156 8 0 1
1128179 8 0 2
1128329 8 40 2
1128387 8 0 2
1128595 8 14 0
1128643 8 3 0
1128644 8 0 1
1128809 8 3 2
1128867 8 0 2
1128954 8 14 2
1129530 8 15 0
1129850 8 15 2
1130426 8 16 0
1130675 8 16 2
1131251 8 17 0
1131553 8 2 0
1131554 8 0 1
1131567 8 17 2
1131719 8 2 2
1131769 8 0 2
1132143 8 18 0
1132448 8 18 2
1133024 8 19 0
1133341 8 19 2
1133917 8 20 0
1134197 8 20 2
1134773 8 21 0
1135036 8 21 2
1135612 8 22 0
1135960 8 22 2
1136536 8 23 0
1136840 8 23 2
1137416 8 24 0
1137672 8 24 2
1138248 8 25 0
1138565 8 25 2
1139141 8 26 0
1139427 8 26 2
1140003 8 27 0
1140310 8 27 2
1140886 8 28 0
1141175 8 28 2
1141751 8 29 0
1142034 8 29 2
1142610 8 30 0
1142940 8 30 2
1143516 8 31 0
1143810 8 31 2
1144386 8 32 0
1144463 8 0 1
1144629 8 0 2
1144630 8 32 2
1144663 8 0 2
1145206 8 33 0
1145533 8 33 2
1146109 8 34 0
1146478 8 34 2
1147054 8 35 0
1147340 8 35 2
1147916 8 36 0
1148222 8 36 2
1148798 8 37 0
1149097 8 37 2
1149673 8 38 0
1150009 8 38 2
1150585 8 39 0
1150869 8 39 2
1151445 8 40 0
1151698 8 40 2
1152274 8 41 0
1152591 8 41 2
1153167 8 42 0
1153428 8 42 2
1154004 8 43 0
1154289 8 43 2
1154865 8 44 0
1155190 8 44 2
1155766 8 45 0
1156081 8 45 2
1156657 8 46 0
1156990 8 46 2
1157566 8 47 0
1157860 8 47 2
1158436 8 48 0
1158707 8 48 2
1159283 8 49 0
1159609 8 49 2
1160185 8 50 0
1160448 8 50 2
1163397 8 0 1
1163569 8 39 2
1163675 8 0 2
1163921 8 0 1
1164043 8 0 1
1164089 8 60 2
1164195 8 0 2
1164209 8 36 2
1164291 8 0 2
1164489 8 0 1
1164600 8 0 1
1164659 8 14 2
1164693 8 0 1
1164733 8 0 2
1164769 8 38 2
1164867 8 0 2
1164879 8 12 2
1164937 8 0 2
1165479 8 0 1
1165649 8 54 2
1165683 8 0 1
1165763 8 0 2
1165849 8 20 2
1165915 8 0 2
1166089 8 0 1
1166269 8 61 2
1166294 8 0 1
1166383 8 0 2
1166459 8 56 2
1166533 8 0 2
1166546 8 0 1
1166687 8 0 1
1166709 8 35 2
1166783 8 0 2
1166847 8 0 1
1166859 8 55 2
1166981 8 0 2
1166985 8 0 1
1167019 8 49 2
1167093 8 0 2
1167107 8 0 1
1167149 8 27 2
1167215 8 0 2
1167257 8 0 1
1167279 8 48 2
1167345 8 0 2
1167395 8 0 1
1167429 8 10 2
1167471 8 0 2
1167559 8 57 2
1167641 8 0 2
1167791 8 0 1
1167913 8 0 1
1167959 8 4 2
1168023 8 0 1
1168025 8 0 2
1168079 8 44 2
1168126 8 0 1
1168169 8 0 2
1168189 8 28 2
1168246 8 0 1
1168263 8 0 2
1168299 8 43 2
1168355 8 0 1
1168381 8 0 2
1168429 8 19 2
1168487 8 0 2
1168501 8 0 1
1168539 8 58 2
1168621 8 0 1
1168629 8 0 2
1168669 8 53 2
1168775 8 0 2
1168789 8 21 2
1168848 8 8 0
1168857 8 0 1
1168863 8 0 2
1168999 8 0 1
1169029 8 8 2
1169045 8 8 2
1169054 8 0 2
1169169 8 46 2
1169275 8 0 2
1169367 8 0 1
1169468 8 0 1
1169539 8 6 2
1169563 8 0 1
1169621 8 0 2
1169649 8 5 2
1169723 8 0 2
1169727 8 0 1
1169759 8 52 2
1169857 8 0 2
1169899 8 16 2
1169933 8 0 2
1169957 8 0 1
1170078 8 0 1
1170129 8 23 2
1170156 8 0 1
1170219 8 0 2
1170249 8 22 2
1170307 8 0 1
1170331 8 0 2
1170359 8 50 2
1170437 8 0 1
1170441 8 0 2
1170479 8 62 2
1170527 8 0 1
1170604 8 0 2
1170609 8 47 2
1170637 8 0 1
1170719 8 24 2
1170723 8 0 2
1170760 8 0 2
1170811 8 0 1
1170829 8 34 2
1170895 8 0 2
1170913 8 0 1
1170979 8 29 2
1171059 8 0 1
1171061 8 0 2
1171089 8 59 2
1171148 8 0 1
1171187 8 0 2
1171229 8 30 2
1171319 8 0 2
1171339 8 9 2
1171373 8 0 2
1171437 8 0 1
1171531 8 0 1
1171609 8 15 2
1171641 8 0 1
1171691 8 0 2
1171719 8 45 2
1171728 8 0 1
1171817 8 0 2
1171829 8 13 2
1171895 8 0 2
1171939 8 17 2
1171981 8 0 2
1172066 8 0 1
1172127 8 0 1
1172229 8 7 2
1172286 8 0 1
1172319 8 0 2
1172339 8 18 2
1172348 8 0 1
1172389 8 0 2
1172449 8 63 2
1172457 8 0 1
1172559 8 33 2
1172566 8 0 1
1172579 8 0 2
1172618 8 0 2
1172669 8 32 2
1172719 8 0 2
1172779 8 41 2
1172797 8 0 1
1172845 8 0 2
1172969 8 31 2
1172985 8 0 1
1173067 8 0 2
1173094 8 0 1
1173149 8 11 2
1173199 8 0 2
1173221 8 0 1
1173259 8 51 2
1173307 8 0 1
1173349 8 0 2
1173389 8 37 2
1173479 8 0 2
1173499 8 26 2
1173544 8 0 1
1173557 8 0 2
1173648 8 0 1
1173709 8 1 2
1173751 8 0 2
1173757 8 0 1
1173819 8 42 2
1173867 8 0 1
1173893 8 0 2
1173929 8 25 2
1173979 8 0 2
1174023 8 0 1
1174039 8 40 2
1174097 8 0 2
1174279 8 3 2
1174337 8 0 2
1176475 8 2 0
1176476 8 0 1
1176639 8 2 2
1176689 8 0 2
1205945 8 1 0
1205945 8 1 0
1205979 8 1 2
1205987 8 1 2
1206039 8 35 0
1206039 8 35 0
1206105 8 35 2
1206153 8 35 2
1206309 8 36 0
1206309 8 36 0
1206383 8 36 2
1206424 8 36 2
1206488 8 37 0
1206488 8 37 0
1206571 8 37 2
1206603 8 37 2
1206651 8 58 0
1206651 8 58 0
1206733 8 58 2
1206790 8 58 2
1206822 8 59 0
1206822 8 59 0
1206912 8 59 2
1206964 8 59 2
1207176 8 61 0
1207176 8 61 0
1207284 8 61 2
1207314 8 61 2
1207594 8 54 0
1207594 8 54 0
1207700 8 54 2
1207725 8 54 2
1207789 8 56 0
1207789 8 56 0
1207855 8 56 2
1207865 8 56 2
1207893 8 57 0
1207893 8 57 0
1207967 8 57 2
1208033 8 57 2
1209228 8 7 2
1209349 8 1 0
1209398 8 1 2
1209841 8 6 2
1209846 8 46 0
1209960 8 46 2
1209992 8 47 0
1210114 8 47 2
1210258 8 12 0
1210323 8 12 2
1210807 8 1 0
1210807 8 1 0
1210841 8 1 2
1210866 8 1 2
1211101 8 4 2
1211230 8 9 2
1211272 8 6 2
1211314 8 46 0
1211430 8 46 2
1211456 8 9 2
1211462 8 47 0
1211462 8 47 0
1211568 8 47 2
1211586 8 47 2
1211616 8 9 2
1211730 8 12 0
1211730 8 12 0
1211780 8 12 2
1211785 8 6 0
1211786 8 13 0
1211797 8 12 2
1211933 8 6 2
1212097 8 6 2
1212119 8 5 2
1212281 8 1 0
1212281 8 1 0
1212315 8 1 2
1212323 8 1 2
1212342 8 6 2
1212532 8 4 2
1212764 8 9 2
1212771 8 46 0
1212771 8 46 0
1212869 8 46 2
1212886 8 46 2
1212918 8 47 0
1212920 8 7 2
1212921 8 9 2
1213029 8 4 0
1213030 8 13 0
1213135 8 9 2
1213140 8 47 2
1213284 8 12 0
1213350 8 12 2
1213440 8 7 0
1213441 8 13 0
1213481 8 6 2
1213542 8 5 2
1213643 8 6 2
1213834 8 1 0
1213834 8 1 0
1213868 8 1 2
1213876 8 1 2
1213877 8 6 2
1214047 8 5 0
1214048 8 13 0
1214324 8 46 0
1214438 8 46 2
1214470 8 47 0
1214591 8 47 2
1214612 8 4 2
1214735 8 12 0
1214774 8 4 2
1214801 8 12 2
1214993 8 4 2
1214998 8 6 2
1215029 8 7 2
1215159 8 6 2
1215191 8 7 2
1215285 8 1 0
1215285 8 1 0
1215320 8 1 2
1215336 8 1 2
1215393 8 6 2
1215433 8 7 2
1215620 8 5 2
1215783 8 5 2
1215784 8 46 0
1215784 8 46 0
1215889 8 46 2
1215897 8 46 2
1215929 8 47 0
1215929 8 47 0
1216021 8 5 2
1216035 8 47 2
1216042 8 47 2
1216098 8 4 2
1216186 8 12 0
1216186 8 12 0
1216236 8 12 2
1216243 8 12 2
1216262 8 4 2
1216482 8 4 2
1216571 8 7 2
1216727 8 1 0
1216727 8 1 0
1216734 8 7 2
1216762 8 1 2
1216771 8 1 2
1216978 8 7 2
1217134 8 5 2
1217219 8 46 0
1217219 8 46 0
1217297 8 5 2
1217317 8 46 2
1217334 8 46 2
1217366 8 47 0
1217366 8 47 0
1217473 8 47 2
1217482 8 47 2
1217527 8 5 2
1217626 8 12 0
1217626 8 12 0
1217676 8 12 2
1217687 8 12 2
1218171 8 1 0
1218171 8 1 0
1218205 8 1 2
1218217 8 1 2
1218665 8 46 0
1218665 8 46 0
1218767 8 46 2
1218772 8 46 2
1218804 8 47 0
1218804 8 47 0
1218910 8 47 2
1218919 8 47 2
1219063 8 12 0
1219063 8 12 0
1219113 8 12 2
1219120 8 12 2
1219604 8 1 0
1219604 8 1 0
1219638 8 1 2
1219647 8 1 2
1220095 8 46 0
1220095 8 46 0
1220202 8 46 2
1220212 8 46 2
1220234 8 47 0
1220234 8 47 0
1220341 8 47 2
1220349 8 47 2
1220493 8 12 0
1220493 8 12 0
1220543 8 12 2
1220551 8 12 2
1221035 8 1 0
1221035 8 1 0
1221069 8 1 2
1221077 8 1 2
1221345 8 2 0
1221346 8 0 0
1221525 8 46 0
1221525 8 46 0
1221624 8 46 2
1221631 8 46 2
1221663 8 47 0
1221663 8 47 0
1221769 8 47 2
1221777 8 47 2
1221921 8 12 0
1221921 8 12 0
1221971 8 12 2
1221980 8 12 2
1222464 8 1 0
1222464 8 1 0
1222499 8 1 2
1222506 8 1 2
1222954 8 46 0
1222954 8 46 0
1223052 8 46 2
1223065 8 46 2
1223097 8 47 0
1223097 8 47 0
1223110 8 60 0
1223111 8 13 0
1223211 8 47 2
1223212 8 47 2
1223356 8 12 0
1223356 8 12 0
1223406 8 12 2
1223414 8 12 2
1223898 8 1 0
1223898 8 1 0
1223932 8 1 2
1223940 8 1 2
1224388 8 46 0
1224388 8 46 0
1224488 8 46 2
1224493 8 46 2
1224525 8 47 0
1224525 8 47 0
1224632 8 47 2
1224640 8 47 2
1224784 8 12 0
1224784 8 12 0
1224834 8 12 2
1224842 8 12 2
1225005 8 13 0
1225006 8 0 0
1225131 8 61 0
1225132 8 13 0
1225326 8 1 0
1225326 8 1 0
1225360 8 1 2
1225368 8 1 2
1225816 8 46 0
1225816 8 46 0
1225850 8 3 0
1225851 8 13 0
1225914 8 46 2
1225924 8 46 2
1225956 8 47 0
1225956 8 47 0
1226062 8 47 2
1226070 8 47 2
1226214 8 12 0
1226214 8 12 0
1226264 8 12 2
1226274 8 12 2
1226758 8 1 0
1226758 8 1 0
1226793 8 1 2
1226804 8 1 2
1226845 8 1 0
1226846 8 13 0
1227193 8 62 0
1227194 8 13 0
1227252 8 46 0
1227252 8 46 0
1227356 8 46 2
1227359 8 46 2
1227391 8 47 0
1227391 8 47 0
1227509 8 47 2
1227521 8 47 2
1227665 8 12 0
1227665 8 12 0
1227715 8 12 2
1227722 8 12 2
1228023 8 63 0
1228024 8 13 0
1228206 8 1 0
1228206 8 1 0
1228240 8 1 2
1228247 8 1 2
1228695 8 46 0
1228695 8 46 0
1228793 8 46 2
1228804 8 46 2
1228836 8 47 0
1228836 8 47 0
1228942 8 47 2
1228950 8 47 2
1229094 8 12 0
1229094 8 12 0
1229144 8 12 2
1229151 8 12 2
1229635 8 1 0
1229635 8 1 0
1229669 8 1 2
1229680 8 1 2
1230046 8 2 0
1230047 8 13 0
1230128 8 46 0
1230128 8 46 0
1230233 8 46 2
1230235 8 46 2
1230265 8 47 0
1230265 8 47 0
1230371 8 47 2
1230381 8 47 2
1230435 8 58 0
1230436 8 13 0
1230525 8 12 0
1230525 8 12 0
1230575 8 12 2
1230584 8 12 2
1231068 8 1 0
1231068 8 1 0
1231102 8 1 2
1231110 8 1 2
1231558 8 46 0
1231558 8 46 0
1231657 8 46 2
1231665 8 46 2
1231697 8 47 0
1231697 8 47 0
1231803 8 47 2
1231812 8 47 2
1231866 8 57 0
1231867 8 13 0
1231956 8 12 0
1231956 8 12 0
1232007 8 12 2
1232016 8 12 2
1232240 8 56 0
1232241 8 13 0
1232500 8 1 0
1232500 8 1 0
1232534 8 1 2
1232542 8 1 2
1232595 8 59 0
1232596 8 13 0
1232979 8 54 0
1232980 8 13 0
1232990 8 46 0
1232990 8 46 0
1233092 8 46 2
1233094 8 46 2
1233126 8 47 0
1233126 8 47 0
1233232 8 47 2
1233240 8 47 2
1233384 8 12 0
1233384 8 12 0
1233434 8 12 2
1233442 8 12 2
1233501 8 55 0
1233502 8 13 0
1233926 8 1 0
1233926 8 1 0
1233960 8 1 2
1233969 8 1 2
1234417 8 46 0
1234417 8 46 0
1234515 8 46 2
1234525 8 46 2
1234557 8 47 0
1234557 8 47 0
1234666 8 47 2
1234679 8 47 2
1234823 8 12 0
1234823 8 12 0
1234873 8 12 2
1234881 8 12 2
1235365 8 1 0
1235365 8 1 0
1235399 8 1 2
1235411 8 1 2
1235859 8 46 0
1235859 8 46 0
1235958 8 46 2
1235967 8 46 2
1235999 8 47 0
1235999 8 47 0
1236105 8 47 2
1236112 8 47 2
1236256 8 12 0
1236256 8 12 0
1236306 8 12 2
1236315 8 12 2
1236787 8 53 0
1236788 8 13 0
1236799 8 1 0
1236799 8 1 0
1236835 8 1 2
1236842 8 1 2
1237290 8 46 0
1237290 8 46 0
1237388 8 46 2
1237396 8 46 2
1237428 8 47 0
1237428 8 47 0
1237534 8 47 2
1237541 8 47 2
1237685 8 12 0
1237685 8 12 0
1237735 8 12 2
1237743 8 12 2
1238227 8 1 0
1238227 8 1 0
1238261 8 1 2
1238269 8 1 2
1238717 8 46 0
1238717 8 46 0
1238816 8 46 2
1238823 8 46 2
1238855 8 47 0
1238855 8 47 0
1238961 8 47 2
1238984 8 47 2
1239128 8 12 0
1239128 8 12 0
1239178 8 12 2
1239191 8 12 2
1239205 8 52 0
1239206 8 13 0
1239675 8 1 0
1239675 8 1 0
1239709 8 1 2
1239718 8 1 2
1240166 8 46 0
1240166 8 46 0
1240264 8 46 2
1240273 8 46 2
1240305 8 47 0
1240305 8 47 0
1240411 8 47 2
1240421 8 47 2
1240565 8 12 0
1240565 8 12 0
1240615 8 12 2
1240624 8 12 2
1241108 8 1 0
1241108 8 1 0
1241142 8 1 2
1241149 8 1 2
1241462 8 49 0
1241463 8 13 0
1241597 8 46 0
1241597 8 46 0
1241695 8 46 2
1241717 8 46 2
1241749 8 47 0
1241749 8 47 0
1241855 8 47 2
1241862 8 47 2
1242006 8 12 0
1242006 8 12 0
1242056 8 12 2
1242064 8 12 2
1242548 8 1 0
1242548 8 1 0
1242582 8 1 2
1242591 8 1 2
1243023 8 11 0
1243023 8 11 0
1243065 8 11 2
1243114 8 11 2
1243130 8 46 0
1243130 8 46 0
1243231 8 46 2
1243250 8 46 2
1243282 8 47 0
1243282 8 47 0
1243388 8 47 2
1243396 8 47 2
1243540 8 12 0
1243540 8 12 0
1243591 8 12 2
1243599 8 12 2
1243944 8 48 0
1243945 8 13 0
1244049 8 50 0
1244060 8 13 0
1244083 8 1 0
1244083 8 1 0
1244124 8 1 2
1244128 8 1 2
1244400 8 51 0
1244401 8 13 0
1244572 8 46 0
1244572 8 46 0
1244673 8 46 2
1244693 8 46 2
1244725 8 47 0
1244725 8 47 0
1244831 8 47 2
1244842 8 47 2
1244986 8 12 0
1244986 8 12 0
1245036 8 12 2
1245044 8 12 2
1245528 8 1 0
1245528 8 1 0
1245562 8 1 2
1245570 8 1 2
1246018 8 46 0
1246018 8 46 0
1246126 8 46 2
1246127 8 46 2
1246158 8 47 0
1246158 8 47 0
1246264 8 47 2
1246272 8 47 2
1246416 8 12 0
1246416 8 12 0
1246467 8 12 2
1246475 8 12 2
1246670 8 46 0
1246672 8 13 0
1246947 8 47 0
1246949 8 13 0
1246959 8 1 0
1246959 8 1 0
1246994 8 1 2
1247000 8 1 2
1247448 8 46 0
1247448 8 46 0
1247546 8 46 2
1247554 8 46 2
1247586 8 47 0
1247586 8 47 0
1247692 8 47 2
1247702 8 47 2
1247846 8 12 0
1247846 8 12 0
1247896 8 12 2
1247904 8 12 2
1248388 8 1 0
1248388 8 1 0
1248422 8 1 2
1248430 8 1 2
1248878 8 46 0
1248878 8 46 0
1248907 8 44 0
1248908 8 13 0
1248976 8 46 2
1248985 8 46 2
1249017 8 47 0
1249017 8 47 0
1249123 8 47 2
1249131 8 47 2
1249275 8 12 0
1249275 8 12 0
1249325 8 12 2
1249333 8 12 2
1249817 8 1 0
1249817 8 1 0
1249851 8 1 2
1249859 8 1 2
1250081 8 43 0
1250082 8 13 0
1250307 8 46 0
1250307 8 46 0
1250405 8 46 2
1250413 8 46 2
1250445 8 47 0
1250445 8 47 0
1250552 8 47 2
1250560 8 47 2
1250704 8 12 0
1250704 8 12 0
1250717 8 39 0
1250718 8 13 0
1250755 8 12 2
1250762 8 12 2
1250853 8 45 0
1250854 8 13 0
1251246 8 1 0
1251246 8 1 0
1251280 8 1 2
1251288 8 1 2
1251736 8 46 0
1251736 8 46 0
1251835 8 46 2
1251843 8 46 2
1251875 8 47 0
1251875 8 47 0
1251981 8 47 2
1251988 8 47 2
1252132 8 12 0
1252132 8 12 0
1252182 8 12 2
1252199 8 12 2
1252683 8 1 0
1252683 8 1 0
1252718 8 1 2
1252723 8 1 2
1252760 8 38 0
1252761 8 13 0
1253171 8 46 0
1253171 8 46 0
1253269 8 46 2
1253280 8 46 2
1253312 8 47 0
1253312 8 47 0
1253418 8 47 2
1253425 8 47 2
1253569 8 12 0
1253569 8 12 0
1253619 8 12 2
1253626 8 12 2
1254110 8 1 0
1254110 8 1 0
1254144 8 1 2
1254152 8 1 2
1254584 8 12 0
1254584 8 12 0
1254634 8 12 2
1254642 8 12 2
1254658 8 46 0
1254658 8 46 0
1254756 8 46 2
1254764 8 46 2
1254796 8 47 0
1254796 8 47 0
1254902 8 47 2
1255001 8 47 2
1255058 8 36 0
1255059 8 13 0
1255145 8 12 0
1255145 8 12 0
1255197 8 12 2
1255211 8 12 2
1255695 8 1 0
1255695 8 1 0
1255729 8 1 2
1255798 8 1 2
1256246 8 46 0
1256246 8 46 0
1256344 8 46 2
1256351 8 46 2
1256383 8 47 0
1256383 8 47 0
1256489 8 47 2
1256497 8 47 2
1256641 8 12 0
1256641 8 12 0
1256691 8 12 2
1256699 8 12 2
1257180 8 42 0
1257181 8 13 0
1257183 8 1 0
1257183 8 1 0
1257217 8 1 2
1257225 8 1 2
1257673 8 46 0
1257673 8 46 0
1257774 8 46 2
1257781 8 46 2
1257813 8 47 0
1257813 8 47 0
1257914 8 41 0
1257915 8 13 0
1257919 8 47 2
1257927 8 47 2
1258071 8 12 0
1258071 8 12 0
1258122 8 12 2
1258137 8 12 2
1258621 8 1 0
1258621 8 1 0
1258655 8 1 2
1258662 8 1 2
1258860 8 35 0
1258861 8 13 0
1259110 8 46 0
1259110 8 46 0
1259208 8 46 2
1259216 8 46 2
1259248 8 47 0
1259248 8 47 0
1259354 8 47 2
1259362 8 47 2
1259506 8 12 0
1259506 8 12 0
1259556 8 12 2
1259564 8 12 2
1260048 8 1 0
1260048 8 1 0
1260082 8 1 2
1260092 8 1 2
1260540 8 46 0
1260540 8 46 0
1260638 8 46 2
1260645 8 46 2
1260677 8 47 0
1260677 8 47 0
1260783 8 47 2
1260790 8 47 2
1260934 8 12 0
1260934 8 12 0
1260985 8 12 2
1261000 8 12 2
1261484 8 1 0
1261484 8 1 0
1261518 8 1 2
1261530 8 40 0
1261531 8 1 2
1261531 8 13 0
1261979 8 46 0
1261979 8 46 0
1262083 8 46 2
1262094 8 46 2
1262126 8 47 0
1262126 8 47 0
1262232 8 47 2
1262241 8 47 2
1262385 8 12 0
1262385 8 12 0
1262435 8 12 2
1262443 8 12 2
1262927 8 1 0
1262927 8 1 0
1262961 8 1 2
1262969 8 1 2
1263108 8 37 0
1263109 8 13 0
1263417 8 46 0
1263417 8 46 0
1263515 8 46 2
1263522 8 46 2
1263554 8 47 0
1263554 8 47 0
1263660 8 47 2
1263668 8 47 2
1263812 8 12 0
1263812 8 12 0
1263863 8 12 2
1263878 8 12 2
1264362 8 1 0
1264362 8 1 0
1264396 8 1 2
1264403 8 1 2
1264851 8 46 0
1264851 8 46 0
1264949 8 46 2
1264959 8 46 2
1264991 8 47 0
1264991 8 47 0
1265097 8 47 2
1265108 8 47 2
1265252 8 12 0
1265252 8 12 0
1265307 8 12 2
1265311 8 12 2
1265382 8 34 0
1265383 8 13 0
1265795 8 1 0
1265795 8 1 0
1265829 8 1 2
1265839 8 1 2
1266287 8 46 0
1266287 8 46 0
1266385 8 46 2
1266395 8 46 2
1266427 8 47 0
1266427 8 47 0
1266535 8 47 2
1266544 8 47 2
1266688 8 12 0
1266688 8 12 0
1266740 8 12 2
1266745 8 12 2
1267229 8 1 0
1267229 8 1 0
1267263 8 1 2
1267272 8 1 2
1267720 8 46 0
1267720 8 46 0
1267818 8 46 2
1267827 8 46 2
1267859 8 47 0
1267859 8 47 0
1267977 8 47 2
1267980 8 47 2
1268124 8 12 0
1268124 8 12 0
1268174 8 12 2
1268188 8 12 2
1268672 8 1 0
1268672 8 1 0
1268706 8 1 2
1268715 8 1 2
1268937 8 33 0
1268938 8 13 0
1269163 8 46 0
1269163 8 46 0
1269262 8 46 2
1269273 8 46 2
1269305 8 47 0
1269305 8 47 0
1269411 8 47 2
1269422 8 47 2
1269566 8 12 0
1269566 8 12 0
1269617 8 12 2
1269623 8 12 2
1270107 8 1 0
1270107 8 1 0
1270141 8 1 2
1270149 8 1 2
1270597 8 46 0
1270597 8 46 0
1270695 8 46 2
1270703 8 46 2
1270735 8 47 0
1270735 8 47 0
1270841 8 47 2
1270855 8 47 2
1270999 8 12 0
1270999 8 12 0
1271049 8 12 2
1271057 8 12 2
1271541 8 1 0
1271541 8 1 0
1271575 8 1 2
1271583 8 1 2
1271859 8 32 0
1271860 8 13 0
1271951 8 28 0
1271962 8 13 0
1272018 8 27 0
1272031 8 46 0
1272031 8 46 0
1272059 8 13 0
1272124 8 31 0
1272129 8 46 2
1272137 8 46 2
1272155 8 13 0
1272169 8 47 0
1272169 8 47 0
1272224 8 29 0
1272265 8 13 0
1272275 8 47 2
1272284 8 47 2
1272314 8 30 0
1272365 8 13 0
1272428 8 12 0
1272428 8 12 0
1272482 8 12 2
1272484 8 12 2
1272968 8 1 0
1272968 8 1 0
1273002 8 1 2
1273010 8 1 2
1273458 8 46 0
1273458 8 46 0
1273556 8 46 2
1273565 8 46 2
1273597 8 47 0
1273597 8 47 0
1273705 8 47 2
1273713 8 47 2
1273857 8 12 0
1273857 8 12 0
1273907 8 12 2
1273915 8 12 2
1274399 8 1 0
1274399 8 1 0
1274433 8 1 2
1274441 8 1 2
1274889 8 46 0
1274889 8 46 0
1274987 8 46 2
1274995 8 46 2
1275027 8 47 0
1275027 8 47 0
1275135 8 47 2
1275143 8 47 2
1275287 8 12 0
1275287 8 12 0
1275338 8 12 2
1275344 8 12 2
1275828 8 1 0
1275828 8 1 0
1275862 8 1 2
1275875 8 1 2
1276323 8 46 0
1276323 8 46 0
1276421 8 46 2
1276436 8 46 2
1276468 8 47 0
1276468 8 47 0
1276575 8 47 2
1276582 8 47 2
1276726 8 12 0
1276726 8 12 0
1276776 8 12 2
1276784 8 12 2
1277268 8 1 0
1277268 8 1 0
1277302 8 1 2
1277310 8 1 2
1277758 8 46 0
1277758 8 46 0
1277865 8 46 2
1277869 8 46 2
1277901 8 47 0
1277901 8 47 0
1278007 8 47 2
1278018 8 47 2
1278162 8 12 0
1278162 8 12 0
1278213 8 12 2
1278240 8 12 2
1278724 8 1 0
1278724 8 1 0
1278759 8 1 2
1278766 8 1 2
1278805 8 26 0
1278806 8 13 0
1279214 8 46 0
1279214 8 46 0
1279313 8 46 2
1279329 8 46 2
1279361 8 47 0
1279361 8 47 0
1279467 8 47 2
1279477 8 47 2
1279621 8 12 0
1279621 8 12 0
1279673 8 12 2
1279683 8 12 2
1280167 8 1 0
1280167 8 1 0
1280201 8 1 2
1280210 8 1 2
1280658 8 46 0
1280658 8 46 0
1280758 8 46 2
1280775 8 46 2
1280807 8 47 0
1280807 8 47 0
1280916 8 47 2
1280927 8 47 2
1281071 8 12 0
1281071 8 12 0
1281123 8 12 2
1281128 8 12 2
1281612 8 1 0
1281612 8 1 0
1281646 8 1 2
1281655 8 1 2
1282103 8 46 0
1282103 8 46 0
1282201 8 46 2
1282214 8 46 2
1282246 8 47 0
1282246 8 47 0
1282331 8 20 0
1282332 8 13 0
1282352 8 47 2
1282360 8 47 2
1282504 8 12 0
1282504 8 12 0
1282554 8 12 2
1282566 8 12 2
1283050 8 1 0
1283050 8 1 0
1283084 8 1 2
1283092 8 1 2
1283540 8 46 0
1283540 8 46 0
1283638 8 46 2
1283645 8 46 2
1283677 8 47 0
1283677 8 47 0
1283786 8 47 2
1283796 8 47 2
1283831 8 24 0
1283832 8 13 0
1283940 8 12 0
1283940 8 12 0
1283994 8 12 2
1283997 8 12 2
1284481 8 1 0
1284481 8 1 0
1284515 8 1 2
1284526 8 1 2
1284554 8 23 0
1284555 8 13 0
1284638 8 21 0
1284659 8 13 0
1284896 8 13 0
1284897 8 25 0
1284974 8 46 0
1284974 8 46 0
1285009 8 22 0
1285010 8 13 0
1285073 8 46 2
1285089 8 46 2
1285090 8 19 0
1285101 8 13 0
1285121 8 47 0
1285121 8 47 0
1285228 8 47 2
1285235 8 47 2
1285379 8 12 0
1285379 8 12 0
1285429 8 12 2
1285438 8 12 2
1285922 8 1 0
1285922 8 1 0
1285956 8 1 2
1285963 8 1 2
1286411 8 46 0
1286411 8 46 0
1286512 8 46 2
1286520 8 46 2
1286552 8 47 0
1286552 8 47 0
1286660 8 47 2
1286673 8 47 2
1286817 8 12 0
1286817 8 12 0
1286868 8 12 2
1286873 8 12 2
1287357 8 1 0
1287357 8 1 0
1287391 8 1 2
1287399 8 1 2
1287847 8 46 0
1287847 8 46 0
1287945 8 46 2
1287954 8 46 2
1287986 8 47 0
1287986 8 47 0
1288092 8 47 2
1288103 8 47 2
1288247 8 12 0
1288247 8 12 0
1288298 8 12 2
1288305 8 12 2
1288693 8 1 0
1288693 8 1 0
1288727 8 1 2
1288734 8 1 2
1289182 8 46 0
1289182 8 46 0
1289283 8 46 2
1289290 8 46 2
1289322 8 47 0
1289322 8 47 0
1289428 8 47 2
1289445 8 47 2
1289589 8 12 0
1289589 8 12 0
1289639 8 12 2
1289647 8 12 2
1290131 8 1 0
1290131 8 1 0
1290165 8 1 2
1290173 8 1 2
1290477 8 18 0
1290478 8 13 0
1290621 8 46 0
1290621 8 46 0
1290719 8 46 2
1290730 8 46 2
1290762 8 47 0
1290762 8 47 0
1290868 8 47 2
1290880 8 47 2
1291024 8 12 0
1291024 8 12 0
1291074 8 12 2
1291084 8 12 2
1291568 8 1 0
1291568 8 1 0
1291602 8 1 2
1291609 8 1 2
1292057 8 46 0
1292057 8 46 0
1292155 8 46 2
1292166 8 46 2
1292198 8 47 0
1292198 8 47 0
1292304 8 47 2
1292315 8 47 2
1292467 8 61 0
1292467 8 61 0
1292577 8 61 2
1292579 8 61 2
1292603 8 62 0
1292603 8 62 0
1292717 8 62 2
1292725 8 62 2
1292985 8 16 0
1292986 8 13 0
1293001 8 63 0
1293001 8 63 0
1293124 8 63 2
1293141 8 63 2
1293157 8 17 0
1293158 8 13 0
1293565 8 12 0
1293565 8 12 0
1293615 8 12 2
1293633 8 12 2
1293759 8 9 2
1294285 8 1 0
1294285 8 1 0
1294319 8 1 2
1294327 8 1 2
1294775 8 46 0
1294775 8 46 0
1294873 8 46 2
1294884 8 46 2
1294916 8 47 0
1294916 8 47 0
1295022 8 47 2
1295030 8 47 2
1295906 8 12 0
1295906 8 12 0
1295956 8 12 2
1295974 8 12 2
1296171 8 9 2
1296626 8 1 0
1296626 8 1 0
1296661 8 1 2
1296668 8 1 2
1297116 8 46 0
1297116 8 46 0
1297214 8 46 2
1297222 8 46 2
1297254 8 47 0
1297254 8 47 0
1297360 8 47 2
1297374 8 47 2
1297377 8 4 2
1297518 8 12 0
1297518 8 12 0
1297568 8 12 2
1297577 8 12 2
1297709 8 1 0
1297783 8 1 2
1297921 8 9 2
1298031 8 6 2
1298135 8 1 0
1298135 8 1 0
1298169 8 1 2
1298180 8 1 2
1298603 8 7 2
1298628 8 46 0
1298628 8 46 0
1298710 8 5 2
1298728 8 46 2
1298751 8 46 2
1298783 8 47 0
1298783 8 47 0
1298898 8 47 2
1298900 8 47 2
1299044 8 12 0
1299044 8 12 0
1299094 8 12 2
1299101 8 12 2
1299585 8 1 0
1299585 8 1 0
1299628 8 1 2
1299631 8 1 2
1299958 8 6 2
1300076 8 46 0
1300076 8 46 0
1300174 8 46 2
1300182 8 46 2
1300214 8 47 0
1300214 8 47 0
1300230 8 5 2
1300321 8 47 2
1300337 8 47 2
1300481 8 12 0
1300548 8 12 2
1300680 8 1 0
1300770 8 1 2
1300823 8 9 2
1301122 8 1 0
1301122 8 1 0
1301165 8 1 2
1301169 8 1 2
1301471 8 7 2
1301617 8 46 0
1301617 8 46 0
1301717 8 46 2
1301725 8 46 2
1301757 8 47 0
1301757 8 47 0
1301863 8 47 2
1301874 8 47 2
1302018 8 12 0
1302074 8 12 2
1302678 8 1 0
1302678 8 1 0
1302724 8 1 2
1302763 8 1 2
1302910 8 9 2
1302994 8 7 2
1303051 8 62 0
1303051 8 62 0
1303165 8 62 2
1303173 8 62 2
1303297 8 61 0
1303297 8 61 0
1303403 8 61 2
1303412 8 61 2
1303948 8 1 0
1303948 8 1 0
1303982 8 1 2
1304047 8 1 2
1304131 8 58 0
1304131 8 58 0
1304213 8 58 2
1304246 8 58 2
1304326 8 59 0
1304326 8 59 0
1304416 8 59 2
1304440 8 59 2
1310734 8 40 2
1330078 8 2 0
1330079 8 0 1
1330247 8 2 2
1330297 8 0 2
1353558 8 2 0
1353559 8 0 1
1353727 8 2 2
1353777 8 0 2
1375446 8 2 2
1375447 8 2 0
1378360 8 2 0
1378361 8 2 2
1382048 8 2 0
1382049 8 0 1
1382217 8 2 2
1382267 8 0 2
1405448 8 2 0
1405449 8 0 1
1405617 8 2 2
1405667 8 0 2
1426864 8 2 0
1426865 8 2 2
1431769 8 2 0
1431770 8 2 2
1442629 8 2 0
1442630 8 2 2
1457806 8 2 0
1457807 8 2 2
1466150 8 2 0
1466151 8 2 2
1491392 8 0 0
1491393 8 0 2
1492870 8 15 0
1492870 8 15 0
1492944 8 15 2
1492952 8 15 2
1493160 8 8 0
1493160 8 8 0
1493169 8 8 0
1493170 8 2 0
1493170 8 8 2
1493178 8 8 2
1493219 8 8 2
1493487 8 55 0
1493625 8 55 2
1493681 8 19 0
1493780 8 19 2
1493833 8 5 2
1493836 8 56 0
1493836 8 56 0
1493902 8 56 2
1493927 8 56 2
1493991 8 57 0
1493991 8 57 0
1494065 8 57 2
1494090 8 57 2
1494150 8 19 0
1494397 8 19 2
1494450 8 10 2
1494457 8 19 0
1494675 8 19 2
1494728 8 6 2
1494743 8 19 0
1495321 8 19 2
1495372 8 7 2
1495373 8 19 0
1495793 8 19 2
1495844 8 9 2
1496029 8 35 0
1496029 8 35 0
1496095 8 35 2
1496122 8 35 2
1496162 8 36 0
1496162 8 36 0
1496236 8 36 2
1496261 8 36 2
2067416 8 37 0
2067416 8 37 0
2067640 8 0 0
2067641 8 5 0
2067688 8 37 2
2067708 8 1 0
2067729 8 0 0
2067821 8 6 0
2067822 8 0 0
2067864 8 37 2
2067996 8 8 0
2067996 8 8 0
2068005 8 0 0
2068006 8 8 0
2068015 8 8 2
2068038 8 8 2
2068086 8 0 0
2068086 8 0 0
2068112 8 0 2
2068115 8 4 0
2068116 8 0 0
2068129 8 0 2
2068217 8 36 0
2068217 8 36 0
2068291 8 36 2
2068311 8 2 0
2068312 8 0 0
2068380 8 36 2
2068412 8 38 0
2068412 8 38 0
2068502 8 38 2
2068527 8 38 2
2068643 8 47 0
2068643 8 47 0
2068749 8 47 2
2068757 8 47 2
2068801 8 54 0
2068801 8 54 0
2068907 8 54 2
2068932 8 54 2
2068960 8 56 0
2068960 8 56 0
2069027 8 56 2
2069092 8 56 2
2069096 8 12 0
2069096 8 12 0
2069147 8 12 2
2069152 8 12 2
2069160 8 57 0
2069160 8 57 0
2069235 8 57 2
2069290 8 57 2
2069346 8 37 0
2069346 8 37 0
2069428 8 37 2
2069436 8 37 2
2069568 8 35 0
2069568 8 35 0
2069634 8 35 2
2069683 8 35 2
2070539 8 47 0
2070539 8 47 0
2070645 8 47 2
2070670 8 47 2
2070694 8 11 0
2070694 8 11 0
2070736 8 11 2
2070777 8 11 2
2070905 8 1 0
2070986 8 1 2
2071474 8 2 0
2071555 8 2 2
2071591 8 25 0
2071665 8 25 2
2071681 8 31 0
2071804 8 31 2
2071840 8 33 0
2071913 8 33 2
2071917 8 36 0
2072015 8 36 2
2072023 8 4 0
2072023 8 4 0
2072082 8 4 2
2072105 8 4 2
2072197 8 5 0
2072310 8 5 2
2072342 8 34 0
2072424 8 34 2
2072444 8 35 0
2072533 8 35 2
2072557 8 32 0
2072623 8 32 2
2072825 8 2 0
2072826 8 0 0
2072919 8 5 2
2072987 8 38 0
2072987 8 38 0
2073077 8 38 2
2073102 8 38 2
2073258 8 46 0
2073258 8 46 0
2073356 8 46 2
2073370 8 5 2
2073372 8 46 2
2073424 8 0 0
2073424 8 0 0
2073450 8 0 2
2073467 8 0 2
2073531 8 5 2
2073615 8 47 0
2073615 8 47 0
2073721 8 47 2
2073729 8 47 2
2073745 8 12 0
2073808 8 12 2
2073812 8 6 2
2073844 8 47 0
2073968 8 47 2
2074269 8 6 2
2075024 8 63 0
2075024 8 63 0
2075177 8 63 2
2075280 8 63 2
2075484 8 58 0
2075484 8 58 0
2075566 8 58 2
2075591 8 58 2
2075675 8 46 0
2075797 8 46 2
2076741 8 29 0
2076847 8 29 2
2076887 8 30 0
2077000 8 30 2
2077044 8 17 0
2077118 8 17 2
2077174 8 18 0
2077256 8 18 2
2077304 8 19 0
2077424 8 19 2
2077460 8 21 0
2077596 8 21 2
2077628 8 22 0
2077762 8 22 2
2079601 8 0 2
2081409 8 2 0
2081410 8 0 0
3044279 8 38 0
3044279 8 38 0
3044559 8 38 2
3044604 8 38 2
3044720 8 47 0
3044720 8 47 0
3044826 8 47 2
3044834 8 47 2
3045962 8 47 0
3045962 8 47 0
3046069 8 47 2
3046092 8 47 2
3046300 8 7 0
3046478 8 7 2
3047554 8 38 0
3047554 8 38 0
3047644 8 38 2
3047689 8 38 2
3048045 8 47 0
3048045 8 47 0
3048151 8 47 2
3048159 8 47 2
3051107 8 3 0
3051383 8 3 2
3051435 8 4 2
3051443 8 3 0
3051737 8 3 2
3051791 8 0 2
3051797 8 3 0
3051893 8 3 2
3051946 8 1 2
3052018 8 6 2
3052111 8 4 2
3052191 8 5 2
4020841 8 38 0
4020841 8 38 0
4021041 8 38 2
4021408 8 38 2
4021524 8 47 0
4021524 8 47 0
4021630 8 47 2
4021638 8 47 2
4022730 8 47 0
4022730 8 47 0
4022836 8 47 2
4022861 8 47 2
4023549 8 15 0
4023549 8 15 0
4023624 8 15 2
4023647 8 15 2
4023735 8 38 0
4023735 8 38 0
4023825 8 38 2
4023850 8 38 2
4024206 8 47 0
4024206 8 47 0
4024312 8 47 2
4024320 8 47 2
4025908 8 38 0
4025908 8 38 0
4025998 8 38 2
4026006 8 38 2
4997403 8 38 0
4997403 8 38 0
4997603 8 38 2
4997728 8 38 2
4997844 8 47 0
4997844 8 47 0
4997950 8 47 2
4997958 8 47 2
4999050 8 47 0
4999050 8 47 0
4999156 8 47 2
4999181 8 47 2
4999957 8 38 0
4999957 8 38 0
5000047 8 38 2
5000192 8 38 2
5000548 8 47 0
5000548 8 47 0
5000655 8 47 2
5000660 8 47 2
5002248 8 38 0
5002248 8 38 0
5002338 8 38 2
5002346 8 38 2
5973968 8 38 0
5973968 8 38 0
5974088 8 38 2
5974413 8 38 2
5974529 8 47 0
5974529 8 47 0
5974635 8 47 2
5974643 8 47 2
5975735 8 47 0
5975735 8 47 0
5975841 8 47 2
5975866 8 47 2
5976642 8 38 0
5976642 8 38 0
5976732 8 38 2
5976757 8 38 2
5977113 8 47 0
5977113 8 47 0
5977219 8 47 2
5977227 8 47 2
5978815 8 38 0
5978815 8 38 0
5978905 8 38 2
5978913 8 38 2
