0 18 51 0
1302 18 51 2
1306 18 22 0
1704 18 22 2
1716 18 1 0
2084 18 1 2
2104 18 24 0
2163 18 56 1
2244 18 24 2
2377 18 2 2
2418 18 56 2
8101 18 56 1
8317 18 2 2
8358 18 56 2
52011 18 56 1
52227 18 2 2
52268 18 56 2
66195 18 56 1
66407 18 0 2
66464 18 56 2
68591 18 56 1
68807 18 0 2
68864 18 56 2
75085 18 56 1
75297 18 0 2
75354 18 56 2
112073 18 56 1
112287 18 2 2
112328 18 56 2
113521 18 4 0
114042 18 4 2
114094 18 44 0
114654 18 44 2
114666 18 5 0
114739 18 5 2
114751 18 45 0
115152 18 45 2
115220 18 24 0
115550 18 24 2
115582 18 25 0
115964 18 25 2
115972 18 26 0
116465 18 26 2
116505 18 27 0
116950 18 27 2
116970 18 33 0
117570 18 33 2
117590 18 35 0
117715 18 35 2
117723 18 41 0
118319 18 41 2
118335 18 42 0
118645 18 42 2
118677 18 1 0
118743 18 1 2
118779 18 36 0
118941 18 36 2
118953 18 43 0
119542 18 43 2
119558 18 17 0
119616 18 17 2
119708 18 27 0
119753 18 56 1
119783 18 27 2
119787 18 37 0
119977 18 4 2
120043 18 56 2
120045 18 4 0
120116 18 37 2
120121 18 4 0
120128 18 17 0
120208 18 4 0
120303 18 4 0
120379 18 4 0
120454 18 4 0
120541 18 17 2
120549 18 15 0
120563 18 4 0
120636 18 4 0
120720 18 4 0
120792 18 4 0
120870 18 15 2
120875 18 4 0
120910 18 16 0
120954 18 4 0
121030 18 4 0
121120 18 4 0
121208 18 4 0
121231 18 16 2
121271 18 18 0
121300 18 4 0
121356 18 18 2
121380 18 61 0
121404 18 4 0
121525 18 4 0
121674 18 4 0
121765 18 61 2
121777 18 54 0
121830 18 4 0
121968 18 4 0
122099 18 4 0
122160 18 54 2
122180 18 9 0
122199 18 4 0
122245 18 9 2
122253 18 19 0
122299 18 4 0
122361 18 19 2
122365 18 35 0
122419 18 4 0
122557 18 4 0
122654 18 4 0
122731 18 35 2
122742 18 4 0
122747 18 53 0
122869 18 4 0
123000 18 4 0
123038 18 53 2
123078 18 33 0
123133 18 4 0
123159 18 33 2
123171 18 36 0
123208 18 4 0
123291 18 36 2
123311 18 40 0
123321 18 4 0
123435 18 4 0
123547 18 4 0
123611 18 40 2
123631 18 4 0
123635 18 37 0
123726 18 4 0
123750 18 37 2
123802 18 4 0
123854 18 38 0
123912 18 4 0
123997 18 38 2
124001 18 43 0
124017 18 4 0
124113 18 4 0
124230 18 4 0
124260 18 43 2
124284 18 8 0
124353 18 8 2
124361 18 29 0
124367 18 4 0
124489 18 29 2
124503 18 4 0
124529 18 0 0
124595 18 0 2
124607 18 38 0
124611 18 4 0
124728 18 4 0
124840 18 4 0
124978 18 4 0
125001 18 38 2
125017 18 39 0
125086 18 4 0
125183 18 4 0
125284 18 4 0
125375 18 4 0
125488 18 4 0
125547 18 39 2
125551 18 39 0
125610 18 4 0
125732 18 4 0
125812 18 39 2
125862 18 4 0
125868 18 36 0
125967 18 36 2
125999 18 38 0
126006 18 4 0
126138 18 4 0
126164 18 56 1
126204 18 38 2
126220 18 51 0
126230 18 4 0
126309 18 4 0
126377 18 57 2
126408 18 4 0
126460 18 56 2
126534 18 4 0
126537 18 51 2
126593 18 21 0
126836 18 21 2
126844 18 52 0
127017 18 52 2
127053 18 29 0
127303 18 29 2
127323 18 53 0
127455 18 53 2
127479 18 54 0
128139 18 54 2
128155 18 11 0
128448 18 11 2
128460 18 56 0
128777 18 56 2
128781 18 12 0
129030 18 12 2
129038 18 57 0
129388 18 57 2
129392 18 2 0
129660 18 2 2
129712 18 37 0
129933 18 37 2
129949 18 40 0
130109 18 40 2
130165 18 58 0
130336 18 58 2
130396 18 35 0
130574 18 35 2
130578 18 50 0
131565 18 50 2
131585 18 62 0
133035 18 62 2
133063 18 38 0
133367 18 38 2
133439 18 63 0
133605 18 63 2
133645 18 12 0
133889 18 12 2
133913 18 2 0
134030 18 2 2
134054 18 13 0
134305 18 13 2
134401 18 3 0
134508 18 3 2
134548 18 23 0
134785 18 23 2
134801 18 24 0
134896 18 24 2
135004 18 53 0
135308 18 53 2
135316 18 25 0
135420 18 25 2
135448 18 26 0
135563 18 26 2
135643 18 0 0
135788 18 0 2
135796 18 3 0
136015 18 3 2
136059 18 4 0
136225 18 4 2
136321 18 5 0
136487 18 5 2
136527 18 15 0
136848 18 15 2
136856 18 14 0
137243 18 14 2
137255 18 50 0
138044 18 50 2
138072 18 6 0
138199 18 6 2
138219 18 4 0
138433 18 4 2
138441 18 8 0
138538 18 8 2
138542 18 47 0
141223 18 47 2
141231 18 49 0
141418 18 49 2
141434 18 11 0
141526 18 56 1
141563 18 11 2
141599 18 5 0
141737 18 47 2
141826 18 56 2
141879 18 5 2
141903 18 37 0
142174 18 37 2
142238 18 4 0
142365 18 4 2
142369 18 1 0
142474 18 1 2
142502 18 27 0
142598 18 27 2
142606 18 2 0
142621 18 56 1
142743 18 2 2
142755 18 11 0
142837 18 0 2
142893 18 11 2
142901 18 7 0
142917 18 56 2
142922 18 56 1
143061 18 56 1
143117 18 7 2
143137 18 3 0
143137 18 38 2
143146 18 56 1
143209 18 56 2
143277 18 13 2
143296 18 56 1
143334 18 56 2
143363 18 3 2
143387 18 19 2
143396 18 56 1
143420 18 56 2
143471 18 6 0
143498 18 56 1
143507 18 7 2
143588 18 56 2
143601 18 56 1
143617 18 22 2
143674 18 56 2
143719 18 56 1
143727 18 4 2
143784 18 56 2
143837 18 11 2
143850 18 6 2
143870 18 9 0
143878 18 56 2
143889 18 56 1
143947 18 20 2
143983 18 56 1
143989 18 56 2
144019 18 9 2
144117 18 45 2
144189 18 56 2
144191 18 8 0
144212 18 56 1
144227 18 8 2
144276 18 56 2
144307 18 8 2
144319 18 11 0
144355 18 56 1
144427 18 48 2
144434 18 11 2
144454 18 12 0
144500 18 56 2
144554 18 56 1
144567 18 36 2
144624 18 56 2
144642 18 56 1
144717 18 12 2
144741 18 16 0
144767 18 63 2
144793 18 56 1
144874 18 56 2
144877 18 10 2
144910 18 56 2
144986 18 56 1
144991 18 16 2
144999 18 13 0
145017 18 26 2
145050 18 56 2
145122 18 56 1
145197 18 14 2
145198 18 56 1
145233 18 13 2
145261 18 56 2
145281 18 2 0
145337 18 30 2
145342 18 56 1
145402 18 56 2
145426 18 2 2
145462 18 14 0
145467 18 9 2
145508 18 56 2
145568 18 56 1
145577 18 21 2
145626 18 56 2
145728 18 56 1
145787 18 5 2
145852 18 56 2
145866 18 56 1
145947 18 57 2
146020 18 56 2
146077 18 29 2
146086 18 56 1
146134 18 56 2
146202 18 56 1
146297 18 15 2
146324 18 56 1
146370 18 56 2
146428 18 28 2
146480 18 56 2
146557 18 33 2
146606 18 56 2
146622 18 56 1
146760 18 56 1
146837 18 62 2
146855 18 56 1
146934 18 56 2
146977 18 39 2
146986 18 56 1
147058 18 56 2
147087 18 41 2
147119 18 56 1
147144 18 56 2
147199 18 34 2
147210 18 56 1
147240 18 56 2
147337 18 12 2
147362 18 56 1
147386 18 56 2
147447 18 17 2
147480 18 56 2
147503 18 56 1
147577 18 49 2
147642 18 56 2
147660 18 56 1
147717 18 50 2
147774 18 56 2
147816 18 56 1
147897 18 42 2
147925 18 56 1
147945 18 56 2
148027 18 59 2
148082 18 56 1
148100 18 56 2
148137 18 1 2
148186 18 56 2
148225 18 56 1
148297 18 46 2
148371 18 56 1
148378 18 56 2
148420 18 14 2
148424 18 17 0
148517 18 54 2
148525 18 56 1
148606 18 56 2
148627 18 37 2
148684 18 56 1
148692 18 56 2
148735 18 17 2
148737 18 52 2
148743 18 15 0
148807 18 56 1
148810 18 56 2
148897 18 60 2
148954 18 56 1
148978 18 56 2
149027 18 35 2
149076 18 56 2
149077 18 56 1
149159 18 15 2
149167 18 23 2
149179 18 18 0
149188 18 56 1
149232 18 56 2
149287 18 51 2
149340 18 56 1
149352 18 56 2
149407 18 18 2
149422 18 18 2
149431 18 56 2
149446 18 4 0
149471 18 56 1
149557 18 56 2
149576 18 4 2
149616 18 40 0
149638 18 56 2
149644 18 56 1
149688 18 40 2
149753 18 56 2
149765 18 40 2
149769 18 38 0
149769 18 38 0
149793 18 56 1
149835 18 38 2
149877 18 61 2
149955 18 38 2
149963 18 27 0
149964 18 56 1
149967 18 56 2
150027 18 58 2
150059 18 27 2
150079 18 35 0
150092 18 56 2
150146 18 56 1
150177 18 43 2
150203 18 35 2
150226 18 56 1
150233 18 56 2
150259 18 28 0
150328 18 56 1
150357 18 47 2
150418 18 28 2
150434 18 56 1
150447 18 56 2
150467 18 3 2
150486 18 3 0
150516 18 56 2
150562 18 56 1
150577 18 25 2
150598 18 3 2
150602 18 46 0
150617 18 56 2
150687 18 16 2
150703 18 56 1
150728 18 56 2
150827 18 27 2
150849 18 56 1
150868 18 56 2
150907 18 46 2
150927 18 4 0
150937 18 6 2
150987 18 56 1
151010 18 56 2
151040 18 4 2
151067 18 55 2
151072 18 0 0
151126 18 56 1
151164 18 56 2
151207 18 53 2
151209 18 56 1
151228 18 0 2
151232 18 29 0
151287 18 56 2
151337 18 31 2
151361 18 56 1
151410 18 56 2
151447 18 24 2
151456 18 29 2
151477 18 56 1
151496 18 56 2
151577 18 44 2
151600 18 47 0
151641 18 56 2
151697 18 32 2
151724 18 4 0
151754 18 56 2
151910 18 47 2
151982 18 30 0
152110 18 30 2
152462 18 31 0
154518 18 31 2
154522 18 44 0
154697 18 44 2
154705 18 43 0
154815 18 43 2
154947 18 32 0
155087 18 32 2
155411 18 33 0
155625 18 33 2
155673 18 33 0
155998 18 33 2
156006 18 27 0
156187 18 27 2
156291 18 54 0
156494 18 54 2
156506 18 28 0
156637 18 28 2
156653 18 30 0
156955 18 30 2
156963 18 56 0
157145 18 56 2
157161 18 31 0
157420 18 31 2
157520 18 41 0
157691 18 41 2
157739 18 61 0
158158 18 61 2
158162 18 39 0
158398 18 39 2
158410 18 7 0
158647 18 7 2
158707 18 8 0
158839 18 8 2
158871 18 63 0
159148 18 63 2
159256 18 0 0
159362 18 0 2
159390 18 57 0
159536 18 57 2
159604 18 58 0
159741 18 58 2
159825 18 46 0
160215 18 46 2
160227 18 59 0
160386 18 59 2
160418 18 32 0
160677 18 32 2
160685 18 50 0
160959 18 50 2
161035 18 60 0
161162 18 60 2
161170 18 62 0
161333 18 62 2
161337 18 3 0
161610 18 3 2
161622 18 5 0
161799 18 5 2
161827 18 17 0
161894 18 17 2
161914 18 6 0
162014 18 6 2
162106 18 11 0
162418 18 11 2
162426 18 10 0
162485 18 10 2
162505 18 11 0
162610 18 11 2
162618 18 6 0
162817 18 6 2
162853 18 36 0
163210 18 36 2
163270 18 12 0
163566 18 12 2
163574 18 0 0
163649 18 0 2
163773 18 15 0
163773 18 15 0
163839 18 15 2
163962 18 15 2
164082 18 7 0
164231 18 7 2
164247 18 0 0
164461 18 0 2
164609 18 9 0
164755 18 9 2
164787 18 8 0
164920 18 8 2
164948 18 51 0
165005 18 56 1
165210 18 51 2
165237 18 2 2
165278 18 56 2
165318 18 14 0
165461 18 14 2
165757 18 31 0
165874 18 31 2
165918 18 35 0
166184 18 35 2
166244 18 32 0
166339 18 32 2
166439 18 33 0
166533 18 33 2
166625 18 34 0
166948 18 34 2
166980 18 1 0
166980 18 1 0
167022 18 1 2
167294 18 1 2
167338 18 32 0
167450 18 32 2
167458 18 35 0
167588 18 35 2
167592 18 60 0
167736 18 60 2
167752 18 61 0
168626 18 61 2
168686 18 48 0
168845 18 48 2
168885 18 49 0
168995 18 49 2
169031 18 36 0
169031 18 36 0
169081 18 36 2
169349 18 36 2
169413 18 37 0
169413 18 37 0
169471 18 37 2
169520 18 37 2
169568 18 58 0
169784 18 58 2
169796 18 31 0
170092 18 31 2
170104 18 30 0
170408 18 30 2
170416 18 59 0
170762 18 59 2
170814 18 34 0
171055 18 34 2
171095 18 0 0
171316 18 0 2
171324 18 33 0
171652 18 33 2
171668 18 60 0
172004 18 60 2
172024 18 32 0
172270 18 32 2
172346 18 61 0
172574 18 61 2
172698 18 62 0
173025 18 62 2
173113 18 12 0
173212 18 12 2
173224 18 39 0
173415 18 39 2
173427 18 13 0
173551 18 13 2
173555 18 48 0
173715 18 48 2
173727 18 59 0
173918 18 59 2
173946 18 54 0
173946 18 54 0
174028 18 54 2
174111 18 54 2
174151 18 55 0
174562 18 55 2
174586 18 56 0
174706 18 56 2
174734 18 57 0
174852 18 57 2
174916 18 58 0
175053 18 58 2
175089 18 49 0
175212 18 49 2
175252 18 63 0
176681 18 63 2
176729 18 15 0
176848 18 15 2
176864 18 44 0
176969 18 44 2
176989 18 45 0
177105 18 45 2
177353 18 0 0
177419 18 0 2
177511 18 1 0
177582 18 1 2
177682 18 2 0
177790 18 2 2
177810 18 41 0
177892 18 41 2
177898 18 17 2
177964 18 3 0
178067 18 3 2
178327 18 5 0
178444 18 17 2
178646 18 5 2
178673 18 17 2
178694 18 6 0
178802 18 6 2
178883 18 17 2
178890 18 7 0
179009 18 7 2
179117 18 8 0
179235 18 8 2
179291 18 1 0
179358 18 1 2
179806 18 46 0
179895 18 46 2
179903 18 4 0
180048 18 17 2
180125 18 4 2
180149 18 47 0
180325 18 47 2
180469 18 12 0
180534 18 12 2
180898 18 10 0
180971 18 10 2
181091 18 1 0
181091 18 1 0
181133 18 1 2
181213 18 1 2
181269 18 13 2
181661 18 46 0
181751 18 46 2
181783 18 47 0
181783 18 47 0
181837 18 15 2
181865 18 47 2
181882 18 47 2
182026 18 12 0
182084 18 12 2
182315 18 14 2
182568 18 1 0
182650 18 1 2
183098 18 46 0
183098 18 46 0
183172 18 46 2
183240 18 46 2
183272 18 47 0
183286 18 13 2
183371 18 47 2
183403 18 16 2
183515 18 12 0
183565 18 12 2
183901 18 15 2
184049 18 1 0
184049 18 1 0
184096 18 1 2
184100 18 1 2
184355 18 14 2
184548 18 46 0
184639 18 46 2
184671 18 47 0
184782 18 47 2
184926 18 12 0
184978 18 12 2
185413 18 16 2
185462 18 1 0
185462 18 1 0
185504 18 1 2
185553 18 1 2
186001 18 46 0
186001 18 46 0
186075 18 46 2
186105 18 46 2
186137 18 47 0
186137 18 47 0
186219 18 47 2
186226 18 47 2
186370 18 12 0
186370 18 12 0
186412 18 12 2
186420 18 12 2
186904 18 1 0
186904 18 1 0
186946 18 1 2
186979 18 1 2
187411 18 10 0
187485 18 10 2
187501 18 46 0
187501 18 46 0
187575 18 46 2
187583 18 46 2
187615 18 47 0
187615 18 47 0
187698 18 47 2
187707 18 47 2
187851 18 12 0
187851 18 12 0
187893 18 12 2
187901 18 12 2
188385 18 1 0
188385 18 1 0
188427 18 1 2
188440 18 1 2
188888 18 46 0
188888 18 46 0
188962 18 46 2
188970 18 46 2
189002 18 47 0
189002 18 47 0
189084 18 47 2
189092 18 47 2
189236 18 12 0
189236 18 12 0
189279 18 12 2
189291 18 12 2
189775 18 1 0
189775 18 1 0
189817 18 1 2
189827 18 1 2
189910 18 56 1
190128 18 2 2
190170 18 56 2
190275 18 46 0
190275 18 46 0
190349 18 46 2
190357 18 46 2
190389 18 47 0
190389 18 47 0
190471 18 47 2
190479 18 47 2
190623 18 12 0
190623 18 12 0
190665 18 12 2
190676 18 12 2
191160 18 1 0
191160 18 1 0
191202 18 1 2
191210 18 1 2
191658 18 46 0
191658 18 46 0
191732 18 46 2
191745 18 46 2
191777 18 47 0
191777 18 47 0
191859 18 47 2
191866 18 47 2
192010 18 12 0
192010 18 12 0
192052 18 12 2
192064 18 12 2
192548 18 1 0
192548 18 1 0
192590 18 1 2
192597 18 1 2
193045 18 46 0
193045 18 46 0
193119 18 46 2
193129 18 46 2
193161 18 47 0
193161 18 47 0
193244 18 47 2
193258 18 47 2
193402 18 12 0
193402 18 12 0
193444 18 12 2
193453 18 12 2
193937 18 1 0
193937 18 1 0
193979 18 1 2
193988 18 1 2
194436 18 46 0
194436 18 46 0
194510 18 46 2
194518 18 46 2
194550 18 47 0
194550 18 47 0
194632 18 47 2
194645 18 47 2
194789 18 12 0
194789 18 12 0
194834 18 12 2
194843 18 12 2
195327 18 1 0
195327 18 1 0
195369 18 1 2
195376 18 1 2
195824 18 46 0
195824 18 46 0
195898 18 46 2
195906 18 46 2
195938 18 47 0
195938 18 47 0
196020 18 47 2
196039 18 47 2
196183 18 12 0
196183 18 12 0
196225 18 12 2
196232 18 12 2
196716 18 1 0
196716 18 1 0
196758 18 1 2
196766 18 1 2
197214 18 46 0
197214 18 46 0
197288 18 46 2
197295 18 46 2
197327 18 47 0
197327 18 47 0
197419 18 47 2
197427 18 47 2
197571 18 12 0
197571 18 12 0
197613 18 12 2
197621 18 12 2
198105 18 1 0
198105 18 1 0
198148 18 1 2
198156 18 1 2
198588 18 11 0
198588 18 11 0
198622 18 11 2
198663 18 11 2
198679 18 46 0
198679 18 46 0
198763 18 46 2
198771 18 46 2
198803 18 47 0
198803 18 47 0
198905 18 47 2
198913 18 47 2
199057 18 12 0
199057 18 12 0
199099 18 12 2
199107 18 12 2
199591 18 1 0
199591 18 1 0
199633 18 1 2
199642 18 1 2
200090 18 46 0
200090 18 46 0
200168 18 46 2
200185 18 46 2
200217 18 47 0
200217 18 47 0
200299 18 47 2
200317 18 47 2
200461 18 12 0
200461 18 12 0
200503 18 12 2
200511 18 12 2
200995 18 1 0
200995 18 1 0
201037 18 1 2
201049 18 1 2
201497 18 46 0
201497 18 46 0
201574 18 46 2
201588 18 46 2
201620 18 47 0
201620 18 47 0
201702 18 47 2
201720 18 47 2
201864 18 12 0
201864 18 12 0
201906 18 12 2
201914 18 12 2
202398 18 1 0
202398 18 1 0
202440 18 1 2
202448 18 1 2
202896 18 46 0
202896 18 46 0
202971 18 46 2
202987 18 46 2
203019 18 47 0
203019 18 47 0
203111 18 47 2
203118 18 47 2
203262 18 12 0
203262 18 12 0
203304 18 12 2
203312 18 12 2
203796 18 1 0
203796 18 1 0
203838 18 1 2
203846 18 1 2
204294 18 46 0
204294 18 46 0
204385 18 46 2
204417 18 47 0
204417 18 47 0
204430 18 46 2
204527 18 47 2
204589 18 47 2
204671 18 12 0
204671 18 12 0
204720 18 12 2
204723 18 12 2
205204 18 1 0
205204 18 1 0
205246 18 1 2
205254 18 1 2
205702 18 46 0
205702 18 46 0
205784 18 46 2
205816 18 47 0
205816 18 47 0
205866 18 46 2
205926 18 47 2
206018 18 47 2
206070 18 12 0
206070 18 12 0
206120 18 12 2
206152 18 12 2
206604 18 1 0
206604 18 1 0
206655 18 1 2
206680 18 1 2
207103 18 46 0
207103 18 46 0
207186 18 46 2
207218 18 47 0
207218 18 47 0
207267 18 46 2
207329 18 47 2
207420 18 47 2
207473 18 12 0
207473 18 12 0
207515 18 12 2
207540 18 12 2
208024 18 1 0
208024 18 1 0
208066 18 1 2
208073 18 1 2
208521 18 46 0
208521 18 46 0
208607 18 46 2
208609 18 46 2
208641 18 47 0
208641 18 47 0
208723 18 47 2
208735 18 47 2
208879 18 12 0
208879 18 12 0
208921 18 12 2
208930 18 12 2
209414 18 1 0
209414 18 1 0
209456 18 1 2
209464 18 1 2
209896 18 12 0
209896 18 12 0
209938 18 12 2
209946 18 12 2
209962 18 46 0
209962 18 46 0
210041 18 46 2
210048 18 46 2
210080 18 47 0
210080 18 47 0
210172 18 47 2
210180 18 47 2
210324 18 12 0
210324 18 12 0
210367 18 12 2
210392 18 12 2
210876 18 1 0
210876 18 1 0
210918 18 1 2
210926 18 1 2
211374 18 46 0
211374 18 46 0
211448 18 46 2
211455 18 46 2
211487 18 47 0
211487 18 47 0
211569 18 47 2
211592 18 47 2
211736 18 12 0
211736 18 12 0
211778 18 12 2
211786 18 12 2
212270 18 1 0
212270 18 1 0
212312 18 1 2
212320 18 1 2
212768 18 46 0
212768 18 46 0
212842 18 46 2
212850 18 46 2
212882 18 47 0
212882 18 47 0
212974 18 47 2
212982 18 47 2
213126 18 12 0
213126 18 12 0
213170 18 12 2
213192 18 12 2
213331 18 56 1
213549 18 2 2
213591 18 56 2
213676 18 1 0
213676 18 1 0
213718 18 1 2
213727 18 1 2
214175 18 46 0
214175 18 46 0
214249 18 46 2
214257 18 46 2
214289 18 47 0
214289 18 47 0
214371 18 47 2
214389 18 47 2
214533 18 12 0
214533 18 12 0
214575 18 12 2
214584 18 12 2
215068 18 1 0
215068 18 1 0
215110 18 1 2
215121 18 1 2
215569 18 46 0
215569 18 46 0
215643 18 46 2
215650 18 46 2
215682 18 47 0
215682 18 47 0
215764 18 47 2
215782 18 47 2
215926 18 12 0
215926 18 12 0
215968 18 12 2
215995 18 12 2
216479 18 1 0
216479 18 1 0
216521 18 1 2
216528 18 1 2
216976 18 46 0
216976 18 46 0
217050 18 46 2
217067 18 46 2
217099 18 47 0
217099 18 47 0
217191 18 47 2
217208 18 47 2
217352 18 12 0
217352 18 12 0
217394 18 12 2
217402 18 12 2
217886 18 1 0
217886 18 1 0
217928 18 1 2
217940 18 1 2
218388 18 46 0
218388 18 46 0
218466 18 46 2
218491 18 46 2
218523 18 47 0
218523 18 47 0
218609 18 47 2
218617 18 47 2
218761 18 12 0
218761 18 12 0
218832 18 12 2
218833 18 12 2
219316 18 1 0
219316 18 1 0
219365 18 1 2
219368 18 1 2
219813 18 46 0
219813 18 46 0
219887 18 46 2
219903 18 46 2
219935 18 47 0
219935 18 47 0
220032 18 47 2
220038 18 47 2
220176 18 12 0
220176 18 12 0
220218 18 12 2
220232 18 12 2
220716 18 1 0
220716 18 1 0
220758 18 1 2
220766 18 1 2
221198 18 13 0
221332 18 13 2
221348 18 46 0
221348 18 46 0
221422 18 46 2
221430 18 46 2
221462 18 47 0
221462 18 47 0
221544 18 47 2
221552 18 47 2
221696 18 12 0
221696 18 12 0
221745 18 12 2
221768 18 12 2
222229 18 1 0
222229 18 1 0
222271 18 1 2
222279 18 1 2
222727 18 46 0
222727 18 46 0
222801 18 46 2
222817 18 46 2
222849 18 47 0
222849 18 47 0
222934 18 47 2
222942 18 47 2
223086 18 12 0
223086 18 12 0
223132 18 12 2
223134 18 12 2
223618 18 1 0
223618 18 1 0
223660 18 1 2
223667 18 1 2
224115 18 46 0
224115 18 46 0
224190 18 46 2
224209 18 46 2
224241 18 47 0
224241 18 47 0
224323 18 47 2
224341 18 47 2
224485 18 12 0
224485 18 12 0
224529 18 12 2
224549 18 12 2
225033 18 1 0
225033 18 1 0
225075 18 1 2
225083 18 1 2
225531 18 46 0
225531 18 46 0
225605 18 46 2
225613 18 46 2
225645 18 47 0
225645 18 47 0
225727 18 47 2
225747 18 47 2
225891 18 12 0
225891 18 12 0
225933 18 12 2
225941 18 12 2
226425 18 1 0
226425 18 1 0
226467 18 1 2
226476 18 1 2
226924 18 46 0
226924 18 46 0
226998 18 46 2
227007 18 46 2
227039 18 47 0
227039 18 47 0
227132 18 47 2
227149 18 47 2
227293 18 12 0
227293 18 12 0
227335 18 12 2
227344 18 12 2
227828 18 1 0
227828 18 1 0
227870 18 1 2
227879 18 1 2
228327 18 46 0
228327 18 46 0
228412 18 46 2
228425 18 46 2
228457 18 47 0
228457 18 47 0
228539 18 47 2
228547 18 47 2
228691 18 12 0
228691 18 12 0
228736 18 12 2
228741 18 12 2
229225 18 1 0
229225 18 1 0
229267 18 1 2
229277 18 1 2
229725 18 46 0
229725 18 46 0
229811 18 46 2
229836 18 46 2
229868 18 47 0
229868 18 47 0
229950 18 47 2
229966 18 47 2
230110 18 12 0
230110 18 12 0
230152 18 12 2
230160 18 12 2
230644 18 1 0
230644 18 1 0
230686 18 1 2
230694 18 1 2
231142 18 46 0
231142 18 46 0
231216 18 46 2
231224 18 46 2
231256 18 47 0
231256 18 47 0
231349 18 47 2
231372 18 47 2
231516 18 12 0
231516 18 12 0
231559 18 12 2
231564 18 12 2
232048 18 1 0
232048 18 1 0
232090 18 1 2
232098 18 1 2
232530 18 14 0
232692 18 14 2
232708 18 46 0
232708 18 46 0
232783 18 46 2
232791 18 46 2
232823 18 47 0
232823 18 47 0
232905 18 47 2
232915 18 47 2
233059 18 12 0
233059 18 12 0
233101 18 12 2
233108 18 12 2
233592 18 1 0
233592 18 1 0
233634 18 1 2
233641 18 1 2
234089 18 46 0
234089 18 46 0
234163 18 46 2
234172 18 46 2
234204 18 47 0
234204 18 47 0
234287 18 47 2
234304 18 47 2
234448 18 12 0
234448 18 12 0
234490 18 12 2
234498 18 12 2
234982 18 1 0
234982 18 1 0
235024 18 1 2
235032 18 1 2
235037 18 56 1
235247 18 2 2
235288 18 56 2
235480 18 46 0
235480 18 46 0
235554 18 46 2
235573 18 46 2
235605 18 47 0
235605 18 47 0
235687 18 47 2
235705 18 47 2
235849 18 12 0
235849 18 12 0
235891 18 12 2
235899 18 12 2
236383 18 1 0
236383 18 1 0
236425 18 1 2
236433 18 1 2
236881 18 46 0
236881 18 46 0
236955 18 46 2
236964 18 46 2
236996 18 47 0
236996 18 47 0
237088 18 47 2
237109 18 47 2
237253 18 12 0
237253 18 12 0
237295 18 12 2
237305 18 12 2
237789 18 1 0
237789 18 1 0
237831 18 1 2
237839 18 1 2
238287 18 46 0
238287 18 46 0
238362 18 46 2
238370 18 46 2
238402 18 47 0
238402 18 47 0
238486 18 47 2
238506 18 47 2
238650 18 12 0
238650 18 12 0
238692 18 12 2
238700 18 12 2
239184 18 1 0
239184 18 1 0
239226 18 1 2
239234 18 1 2
239682 18 46 0
239682 18 46 0
239757 18 46 2
239769 18 46 2
239801 18 47 0
239801 18 47 0
239893 18 47 2
239911 18 47 2
240055 18 12 0
240055 18 12 0
240098 18 12 2
240117 18 12 2
240601 18 1 0
240601 18 1 0
240643 18 1 2
240654 18 1 2
241102 18 46 0
241102 18 46 0
241177 18 46 2
241186 18 46 2
241218 18 47 0
241218 18 47 0
241300 18 47 2
241310 18 47 2
241454 18 12 0
241454 18 12 0
241496 18 12 2
241504 18 12 2
241988 18 1 0
241988 18 1 0
242033 18 1 2
242041 18 1 2
242489 18 46 0
242489 18 46 0
242563 18 46 2
242572 18 46 2
242604 18 47 0
242604 18 47 0
242696 18 47 2
242714 18 47 2
242858 18 12 0
242858 18 12 0
242900 18 12 2
242908 18 12 2
243296 18 1 0
243296 18 1 0
243339 18 1 2
243357 18 1 2
243789 18 7 0
243880 18 7 2
243896 18 46 0
243896 18 46 0
243970 18 46 2
243978 18 46 2
244010 18 47 0
244010 18 47 0
244112 18 47 2
244119 18 47 2
244263 18 12 0
244263 18 12 0
244305 18 12 2
244313 18 12 2
244797 18 1 0
244797 18 1 0
244839 18 1 2
244846 18 1 2
245294 18 46 0
245294 18 46 0
245368 18 46 2
245376 18 46 2
245408 18 47 0
245408 18 47 0
245501 18 47 2
245517 18 47 2
245661 18 12 0
245661 18 12 0
245703 18 12 2
245710 18 12 2
246194 18 1 0
246194 18 1 0
246236 18 1 2
246245 18 1 2
246693 18 46 0
246693 18 46 0
246767 18 46 2
246775 18 46 2
246807 18 47 0
246807 18 47 0
246906 18 47 2
246909 18 47 2
247050 18 5 0
247140 18 5 2
247148 18 61 0
247321 18 61 2
247329 18 29 0
247586 18 29 2
247602 18 62 0
247602 18 62 0
247692 18 62 2
247771 18 62 2
248047 18 63 0
248047 18 63 0
248145 18 63 2
248195 18 63 2
248619 18 12 0
248619 18 12 0
248661 18 12 2
248687 18 12 2
249127 18 11 0
249201 18 11 2
249413 18 1 0
249413 18 1 0
249455 18 1 2
249464 18 1 2
249912 18 46 0
249912 18 46 0
249986 18 46 2
249994 18 46 2
250026 18 47 0
250026 18 47 0
250031 18 13 2
250108 18 47 2
250116 18 47 2
250260 18 12 0
250260 18 12 0
250302 18 12 2
250310 18 12 2
250794 18 1 0
250794 18 1 0
250836 18 1 2
250843 18 1 2
251291 18 46 0
251291 18 46 0
251366 18 46 2
251374 18 46 2
251406 18 47 0
251406 18 47 0
251489 18 47 2
251504 18 47 2
251648 18 12 0
251648 18 12 0
251690 18 12 2
251698 18 12 2
252182 18 1 0
252182 18 1 0
252224 18 1 2
252232 18 1 2
252680 18 46 0
252680 18 46 0
252754 18 46 2
252762 18 46 2
252794 18 47 0
252794 18 47 0
252877 18 47 2
252885 18 47 2
253029 18 12 0
253029 18 12 0
253071 18 12 2
253079 18 12 2
253461 18 2 0
253462 18 56 1
253563 18 1 0
253563 18 1 0
253605 18 1 2
253613 18 1 2
253678 18 2 2
253721 18 56 2
254061 18 46 0
254061 18 46 0
254135 18 46 2
254143 18 46 2
254175 18 47 0
254175 18 47 0
254258 18 47 2
254263 18 47 2
254407 18 12 0
254456 18 12 2
254940 18 1 0
254940 18 1 0
254982 18 1 2
254991 18 1 2
255439 18 46 0
255439 18 46 0
255514 18 46 2
255522 18 46 2
255554 18 47 0
255554 18 47 0
255646 18 47 2
255664 18 47 2
255808 18 12 0
255808 18 12 0
255850 18 12 2
255858 18 12 2
256342 18 1 0
256342 18 1 0
256384 18 1 2
256393 18 1 2
256825 18 8 0
256907 18 8 2
256923 18 46 0
256923 18 46 0
256997 18 46 2
257006 18 46 2
257038 18 47 0
257038 18 47 0
257134 18 47 2
257148 18 47 2
257292 18 12 0
257292 18 12 0
257335 18 12 2
257343 18 12 2
257827 18 1 0
257827 18 1 0
257869 18 1 2
257876 18 1 2
258324 18 46 0
258324 18 46 0
258398 18 46 2
258406 18 46 2
258438 18 47 0
258438 18 47 0
258530 18 47 2
258538 18 47 2
258682 18 12 0
258682 18 12 0
258724 18 12 2
258733 18 12 2
259217 18 1 0
259217 18 1 0
259259 18 1 2
259267 18 1 2
259715 18 46 0
259715 18 46 0
259789 18 46 2
259798 18 46 2
259830 18 47 0
259830 18 47 0
259925 18 47 2
259941 18 47 2
260085 18 12 0
260085 18 12 0
260127 18 12 2
260135 18 12 2
260619 18 1 0
260619 18 1 0
260661 18 1 2
260669 18 1 2
261117 18 46 0
261117 18 46 0
261192 18 46 2
261213 18 46 2
261245 18 47 0
261245 18 47 0
261337 18 47 2
261346 18 47 2
261490 18 12 0
261490 18 12 0
261532 18 12 2
261540 18 12 2
262024 18 1 0
262024 18 1 0
262066 18 1 2
262073 18 1 2
262521 18 46 0
262521 18 46 0
262595 18 46 2
262613 18 46 2
262645 18 47 0
262645 18 47 0
262738 18 47 2
262754 18 47 2
262898 18 12 0
262898 18 12 0
262940 18 12 2
262948 18 12 2
263432 18 1 0
263432 18 1 0
263474 18 1 2
263482 18 1 2
263930 18 46 0
263930 18 46 0
264004 18 46 2
264023 18 46 2
264055 18 47 0
264055 18 47 0
264137 18 47 2
264155 18 47 2
264299 18 12 0
264299 18 12 0
264341 18 12 2
264349 18 12 2
264833 18 1 0
264833 18 1 0
264875 18 1 2
264883 18 1 2
265008 18 13 2
265331 18 46 0
265331 18 46 0
265405 18 46 2
265417 18 46 2
265449 18 47 0
265449 18 47 0
265542 18 47 2
265565 18 47 2
265709 18 12 0
265709 18 12 0
265751 18 12 2
265761 18 12 2
266245 18 1 0
266245 18 1 0
266287 18 1 2
266303 18 1 2
266751 18 46 0
266751 18 46 0
266825 18 46 2
266833 18 46 2
266865 18 47 0
266865 18 47 0
266948 18 47 2
266956 18 47 2
267100 18 12 0
267100 18 12 0
267143 18 12 2
267150 18 12 2
267634 18 1 0
267634 18 1 0
267648 18 14 2
267676 18 1 2
267684 18 1 2
268132 18 46 0
268132 18 46 0
268206 18 46 2
268214 18 46 2
268246 18 47 0
268246 18 47 0
268339 18 47 2
268356 18 47 2
268500 18 12 0
268500 18 12 0
268542 18 12 2
268550 18 12 2
269034 18 1 0
269086 18 1 2
269210 18 15 2
269298 18 17 2
269534 18 46 0
269534 18 46 0
269609 18 46 2
269621 18 46 2
269653 18 47 0
269653 18 47 0
269736 18 47 2
269748 18 47 2
269892 18 12 0
269892 18 12 0
269934 18 12 2
269942 18 12 2
270074 18 1 0
270131 18 1 2
270475 18 9 0
270558 18 9 2
270682 18 55 0
270916 18 55 2
270920 18 1 0
270997 18 1 2
271021 18 56 0
271183 18 56 2
271203 18 45 0
271293 18 45 2
271349 18 46 0
271448 18 46 2
271524 18 63 0
271879 18 63 2
271887 18 47 0
272033 18 47 2
272137 18 62 0
272137 18 62 0
272228 18 62 2
272236 18 62 2
272360 18 61 0
272360 18 61 0
272452 18 61 2
272554 18 61 2
272626 18 54 0
272776 18 54 2
272808 18 55 0
272947 18 55 2
273175 18 40 0
273265 18 40 2
273293 18 49 0
273386 18 49 2
273398 18 51 0
273492 18 51 2
273512 18 37 0
273634 18 37 2
273638 18 20 0
273704 18 20 2
273720 18 3 0
273762 18 56 1
273978 18 0 2
274035 18 56 2
274087 18 3 2
274179 18 21 0
274263 18 21 2
274271 18 56 0
274421 18 56 2
274441 18 57 0
274538 18 57 2
274542 18 1 0
274542 18 1 0
274584 18 1 2
274592 18 1 2
274676 18 58 0
274676 18 58 0
274734 18 58 2
274778 18 58 2
274858 18 59 0
274858 18 59 0
274924 18 59 2
274973 18 59 2
274997 18 63 0
275260 18 63 2
275344 18 33 0
275426 18 33 2
277331 18 2 0
277332 18 56 1
277548 18 2 2
277590 18 56 2
281970 18 0 2
310657 18 56 1
310867 18 2 2
310908 18 56 2
318081 18 56 1
318297 18 2 2
318338 18 56 2
339205 18 56 1
339417 18 2 2
339458 18 56 2
342699 18 56 1
342917 18 2 2
342958 18 56 2
362815 18 2 0
362816 18 0 0
420373 18 2 0
420374 18 56 1
420587 18 2 2
420628 18 56 2
450425 18 2 2
451506 18 2 2
511151 18 2 0
511152 18 56 1
511370 18 2 2
511411 18 56 2
536013 18 2 0
536014 18 56 1
536230 18 2 2
536271 18 56 2
564755 18 2 0
564756 18 56 1
564970 18 2 2
565011 18 56 2
566689 18 2 0
566690 18 56 1
566900 18 2 2
566941 18 56 2
575751 18 56 1
575893 18 2 0
575894 18 2 2
575970 18 3 2
576019 18 56 2
584682 18 0 0
595640 18 56 1
595850 18 3 2
595899 18 56 2
597996 18 2 0
597997 18 3 0
601243 18 56 1
601461 18 2 2
601503 18 56 2
611003 18 56 1
611220 18 3 2
611269 18 56 2
624563 18 56 1
624781 18 2 2
624823 18 56 2
640366 18 56 1
640580 18 3 2
640629 18 56 2
641308 18 3 0
641309 18 56 1
641520 18 3 2
641569 18 56 2
642527 18 2 0
642528 18 2 2
652933 18 56 1
653151 18 2 2
653193 18 56 2
669184 18 3 2
676293 18 2 0
676294 18 56 1
676531 18 2 2
676573 18 56 2
702625 18 2 0
702626 18 2 2
710015 18 2 0
710016 18 2 2
711256 18 2 0
711257 18 2 2
743144 18 2 0
743145 18 56 1
743361 18 2 2
743403 18 56 2
773943 18 3 0
773944 18 4 0
778862 18 15 0
778862 18 15 0
778928 18 15 2
778953 18 15 2
779041 18 30 0
779131 18 30 2
779143 18 24 0
779217 18 24 2
779317 18 25 0
779391 18 25 2
779399 18 18 0
779408 18 2 0
779408 18 18 2
779450 18 18 2
779514 18 26 0
779587 18 26 2
779651 18 27 0
779733 18 27 2
779765 18 34 0
779847 18 34 2
779859 18 26 0
779932 18 26 2
780028 18 55 0
780165 18 55 2
780173 18 27 0
780255 18 27 2
780303 18 23 0
782346 18 23 2
782350 18 28 0
782410 18 7 2
782440 18 28 2
782460 18 23 0
783253 18 23 2
783285 18 56 0
783285 18 56 0
783359 18 56 2
783392 18 56 2
783428 18 25 0
783574 18 1 2
783703 18 25 2
783731 18 57 0
783731 18 57 0
783797 18 57 2
783917 18 57 2
783925 18 35 0
783998 18 35 2
784050 18 23 0
786749 18 23 2
786757 18 19 0
786809 18 19 2
786823 18 19 2
786827 18 23 0
786901 18 23 2
786960 18 26 2
787043 18 19 2
787118 18 30 2
787201 18 13 2
787286 18 34 2
787382 18 21 2
787393 18 23 0
793195 18 23 2
793507 18 23 0
793507 18 31 2
795404 18 23 2
795579 18 48 2
795584 18 23 0
804030 18 23 2
804089 18 22 2
804164 18 30 2
804249 18 55 2
804258 18 23 0
810090 18 23 2
810509 18 46 2
810510 18 23 0
812806 18 23 2
813550 18 23 0
813550 18 57 2
814512 18 23 2
816832 18 61 2
816840 18 23 0
817802 18 23 2
820208 18 25 2
820214 18 23 0
822888 18 23 2
824533 18 22 2
824544 18 23 0
828146 18 23 2
828209 18 21 2
828218 18 23 0
829428 18 23 2
832281 18 19 2
832284 18 23 0
832437 18 23 2
832496 18 14 2
832579 18 61 2
832694 18 23 2
832769 18 12 2
832852 18 11 2
832935 18 37 2
833026 18 20 2
833101 18 54 2
833208 18 38 2
833299 18 17 2
833382 18 34 2
833473 18 28 2
833556 18 46 2
833655 18 36 2
833746 18 45 2
833845 18 51 2
833953 18 44 2
834053 18 53 2
834160 18 48 2
834283 18 8 2
834383 18 39 2
834474 18 26 2
834557 18 58 2
834673 18 16 2
834764 18 41 2
834871 18 62 2
834986 18 43 2
835085 18 40 2
835200 18 31 2
835286 18 50 2
835396 18 2 2
835488 18 52 2
835619 18 19 2
835629 18 23 0
836137 18 23 2
839553 18 39 2
839557 18 23 0
839940 18 23 2
842683 18 16 2
842688 18 23 0
843269 18 23 2
844745 18 23 0
844745 18 44 2
848913 18 23 2
853513 18 51 2
853521 18 23 0
854087 18 23 2
855918 18 27 2
855923 18 23 0
865985 18 23 2
867194 18 52 2
867197 18 23 0
868189 18 23 2
870446 18 35 2
870457 18 23 0
872046 18 23 2
872098 18 29 0
872105 18 63 2
872196 18 29 2
872212 18 23 0
874664 18 23 2
874723 18 50 2
874728 18 23 0
879890 18 23 2
879926 18 32 0
879966 18 37 2
880008 18 32 2
880092 18 28 0
880182 18 28 2
880234 18 2 0
880292 18 2 2
880304 18 29 0
880361 18 29 2
880393 18 4 0
880459 18 4 2
880467 18 35 0
880467 18 35 0
880509 18 35 2
880542 18 35 2
880582 18 36 0
880582 18 36 0
880633 18 36 2
880664 18 36 2
941313 18 40 2
973797 18 2 0
973798 18 2 2
994086 18 2 2
1049513 18 2 0
1049514 18 2 2
1060310 18 2 0
1060311 18 56 1
1060527 18 2 2
1060569 18 56 2
1075411 18 2 0
1075412 18 2 2
1081204 18 2 0
1085213 18 3 0
1085214 18 3 2
1091013 18 37 0
1091013 18 37 0
1091378 18 2 0
1091379 18 4 0
1093431 18 37 2
1095782 18 37 2
1096050 18 36 0
1096050 18 36 0
1096100 18 36 2
1096248 18 36 2
1096280 18 38 0
1096280 18 38 0
1096346 18 38 2
1096595 18 38 2
1096755 18 54 0
1096755 18 54 0
1096837 18 54 2
1096882 18 54 2
1096910 18 56 0
1096910 18 56 0
1096984 18 56 2
1097198 18 56 2
1097202 18 12 0
1097202 18 12 0
1097238 18 14 2
1097244 18 12 2
1097252 18 12 2
1097260 18 57 0
1097260 18 57 0
1097326 18 57 2
1097387 18 57 2
1097443 18 37 0
1097443 18 37 0
1097502 18 37 2
1097754 18 14 2
1098828 18 37 2
1098960 18 35 0
1098960 18 35 0
1099042 18 35 2
1099932 18 35 2
1100788 18 47 0
1100906 18 47 2
1100930 18 11 0
1100930 18 11 0
1100964 18 11 2
1100975 18 11 2
1101103 18 1 0
1101172 18 1 2
1101228 18 7 0
1101374 18 16 2
1101774 18 16 2
1101897 18 7 2
1101925 18 16 2
1102375 18 15 2
1102377 18 15 0
1102377 18 15 0
1102495 18 15 2
1102583 18 38 0
1102583 18 38 0
1102649 18 38 2
1102840 18 15 2
1102970 18 17 2
1102978 18 38 2
1102990 18 15 2
1103134 18 46 0
1103221 18 46 2
1103416 18 17 2
1103421 18 47 0
1103510 18 47 2
1103526 18 12 0
1103557 18 17 2
1103590 18 12 2
1103626 18 47 0
1103722 18 47 2
1104367 18 3 0
1104368 18 3 2
1104463 18 15 2
1104576 18 2 2
1105030 18 63 0
1105030 18 63 0
1105128 18 63 2
1105136 18 63 2
1105340 18 58 0
1105340 18 58 0
1105398 18 58 2
1105715 18 58 2
1105799 18 46 0
1105897 18 46 2
1106453 18 15 0
1106453 18 15 0
1106519 18 15 2
1106527 18 15 2
1107027 18 52 0
1107626 18 52 2
1108202 18 53 0
1108547 18 53 2
1109123 18 54 0
1109452 18 54 2
1110028 18 55 0
1110308 18 55 2
1110884 18 56 0
1111328 18 56 2
1111904 18 57 0
1112393 18 57 2
1112969 18 58 0
1113265 18 58 2
1113841 18 59 0
1114178 18 59 2
1114754 18 60 0
1115098 18 60 2
1115674 18 61 0
1116015 18 61 2
1116591 18 62 0
1116898 18 62 2
1117474 18 63 0
1117737 18 63 2
1118313 18 0 0
1118313 18 0 0
1118367 18 0 2
1118537 18 0 2
1118805 18 2 0
1118971 18 2 2
1119027 18 3 0
1119133 18 3 2
1119137 18 7 0
1119552 18 7 2
1119640 18 4 0
1119746 18 4 2
1120134 18 1 0
1120432 18 1 2
1121008 18 2 0
1121312 18 2 2
1121888 18 3 0
1122234 18 3 2
1122810 18 4 0
1123064 18 4 2
1123640 18 5 0
1123914 18 5 2
1124490 18 6 0
1124863 18 6 2
1125439 18 7 0
1125783 18 7 2
1126359 18 8 0
1126359 18 8 0
1126401 18 8 2
1126628 18 8 2
1127104 18 56 1
1127204 18 9 0
1127339 18 39 2
1127421 18 56 2
1127503 18 9 2
1127634 18 56 1
1127721 18 56 1
1127838 18 56 1
1127849 18 60 2
1127931 18 56 2
1127959 18 36 2
1128017 18 56 2
1128046 18 56 1
1128069 18 14 2
1128079 18 10 0
1128132 18 56 1
1128135 18 56 2
1128269 18 38 2
1128343 18 56 2
1128379 18 12 2
1128429 18 56 2
1128493 18 10 2
1129069 18 11 0
1129069 18 11 0
1129103 18 11 2
1129202 18 56 1
1129284 18 56 1
1129406 18 11 2
1129419 18 54 2
1129504 18 56 1
1129509 18 56 2
1129529 18 20 2
1129571 18 56 2
1129716 18 56 1
1129719 18 61 2
1129802 18 56 1
1129809 18 56 2
1129929 18 56 2
1129982 18 12 0
1130000 18 56 1
1130011 18 56 2
1130059 18 35 2
1130069 18 56 1
1130108 18 56 2
1130184 18 56 1
1130219 18 55 2
1130254 18 12 2
1130317 18 56 2
1130329 18 49 2
1130395 18 56 2
1130439 18 56 1
1130439 18 27 2
1130484 18 56 2
1130516 18 56 1
1130669 18 48 2
1130743 18 56 2
1130779 18 10 2
1130813 18 56 2
1130830 18 13 0
1130947 18 56 1
1131052 18 56 1
1131075 18 13 2
1131159 18 57 2
1131168 18 56 1
1131233 18 56 2
1131269 18 4 2
1131272 18 56 1
1131327 18 56 2
1131389 18 44 2
1131390 18 56 1
1131454 18 56 2
1131476 18 56 1
1131499 18 28 2
1131549 18 56 2
1131609 18 43 2
1131651 18 14 0
1131667 18 56 2
1131729 18 19 2
1131763 18 56 2
1131858 18 56 1
1131984 18 56 1
1131986 18 14 2
1132065 18 56 1
1132069 18 58 2
1132134 18 56 2
1132164 18 56 1
1132199 18 53 2
1132281 18 56 2
1132309 18 21 2
1132359 18 56 2
1132374 18 56 1
1132419 18 8 2
1132469 18 56 2
1132476 18 56 1
1132562 18 15 0
1132578 18 56 1
1132589 18 46 2
1132670 18 56 2
1132699 18 6 2
1132773 18 56 2
1132786 18 56 1
1132809 18 5 2
1132856 18 56 1
1132875 18 56 2
1132877 18 15 2
1132998 18 56 1
1133019 18 52 2
1133093 18 56 2
1133100 18 56 1
1133129 18 16 2
1133170 18 56 2
1133239 18 23 2
1133305 18 56 2
1133349 18 22 2
1133389 18 56 1
1133407 18 56 2
1133453 18 16 0
1133639 18 50 2
1133678 18 16 2
1133697 18 56 2
1133740 18 56 1
1133842 18 56 1
1133905 18 56 1
1133959 18 62 2
1134015 18 56 1
1134057 18 56 2
1134069 18 47 2
1134140 18 56 1
1134159 18 56 2
1134179 18 24 2
1134229 18 56 2
1134254 18 17 0
1134289 18 34 2
1134296 18 56 1
1134332 18 56 2
1134399 18 56 1
1134399 18 29 2
1134458 18 56 2
1134476 18 56 1
1134509 18 59 2
1134563 18 17 2
1134583 18 56 2
1134619 18 30 2
1134626 18 56 1
1134685 18 56 2
1134729 18 9 2
1134736 18 56 1
1134773 18 56 2
1134830 18 56 1
1134849 18 15 2
1134907 18 56 1
1134923 18 56 2
1134959 18 45 2
1135033 18 56 2
1135069 18 13 2
1135093 18 56 1
1135128 18 56 2
1135139 18 18 0
1135148 18 56 1
1135179 18 17 2
1135213 18 56 2
1135319 18 7 2
1135401 18 56 2
1135429 18 18 2
1135445 18 18 2
1135454 18 56 2
1135558 18 56 1
1135603 18 56 1
1135724 18 56 1
1135769 18 63 2
1135875 18 56 2
1135879 18 33 2
1135891 18 56 1
1135928 18 56 2
1135989 18 32 2
1136021 18 19 0
1136047 18 56 2
1136065 18 56 1
1136110 18 41 2
1136144 18 56 1
1136168 18 56 2
1136278 18 56 1
1136289 18 31 2
1136338 18 19 2
1136363 18 56 2
1136392 18 56 1
1136399 18 11 2
1136441 18 56 2
1136467 18 56 1
1136519 18 51 2
1136584 18 56 1
1136585 18 56 2
1136629 18 37 2
1136695 18 56 2
1136712 18 56 1
1136739 18 26 2
1136773 18 56 2
1136806 18 56 1
1136849 18 1 2
1136901 18 56 2
1136914 18 20 0
1136939 18 56 1
1136959 18 42 2
1137009 18 56 2
1137042 18 56 1
1137069 18 25 2
1137111 18 56 2
1137189 18 40 2
1137216 18 20 2
1137255 18 56 2
1137299 18 3 2
1137349 18 56 2
1137792 18 21 0
1138095 18 21 2
1138671 18 22 0
1139028 18 22 2
1139604 18 23 0
1139898 18 23 2
1140004 18 56 1
1140219 18 2 2
1140261 18 56 2
1140474 18 24 0
1140735 18 24 2
1141311 18 25 0
1141641 18 25 2
1142217 18 26 0
1142516 18 26 2
1143092 18 27 0
1143409 18 27 2
1143985 18 28 0
1144282 18 28 2
1144858 18 29 0
1145133 18 29 2
1145709 18 30 0
1146098 18 30 2
1146674 18 31 0
1146958 18 31 2
1147534 18 32 0
1147793 18 32 2
1148369 18 33 0
1148728 18 33 2
1149304 18 34 0
1149606 18 34 2
1150182 18 35 0
1150498 18 35 2
1151074 18 36 0
1151390 18 36 2
1151966 18 37 0
1152251 18 37 2
1152827 18 38 0
1152962 18 56 1
1153129 18 38 2
1153189 18 0 2
1153247 18 56 2
1153705 18 39 0
1153968 18 39 2
1154544 18 40 0
1154812 18 40 2
1155388 18 41 0
1155736 18 41 2
1156312 18 42 0
1156606 18 42 2
1157182 18 43 0
1157498 18 43 2
1158074 18 44 0
1158418 18 44 2
1158994 18 45 0
1159309 18 45 2
1159885 18 46 0
1160188 18 46 2
1160764 18 47 0
1161028 18 47 2
1161604 18 48 0
1161890 18 48 2
1162466 18 49 0
1162835 18 49 2
1163411 18 50 0
1163706 18 50 2
1172106 18 8 0
1172368 18 8 2
1207826 18 14 2
1209090 18 17 2
1209268 18 1 0
1209268 18 1 0
1209310 18 1 2
1209318 18 1 2
1209369 18 14 2
1209370 18 35 0
1209370 18 35 0
1209482 18 35 2
1209541 18 35 2
1209697 18 36 0
1209697 18 36 0
1209747 18 36 2
1209791 18 36 2
1209855 18 37 0
1209855 18 37 0
1209913 18 37 2
1209914 18 14 2
1209946 18 37 2
1209994 18 58 0
1209994 18 58 0
1210051 18 14 2
1210092 18 58 2
1210175 18 58 2
1210207 18 59 0
1210207 18 59 0
1210269 18 14 2
1210273 18 59 2
1210322 18 59 2
1210534 18 61 0
1210534 18 61 0
1210656 18 61 2
1210708 18 61 2
1210834 18 12 2
1210988 18 54 0
1210988 18 54 0
1211070 18 54 2
1211095 18 54 2
1211098 18 16 2
1211159 18 56 0
1211159 18 56 0
1211253 18 56 2
1211271 18 56 2
1211299 18 57 0
1211299 18 57 0
1211405 18 57 2
1211481 18 57 2
1212049 18 46 0
1212147 18 46 2
1212246 18 12 2
1212251 18 47 0
1212357 18 47 2
1212449 18 12 0
1212523 18 12 2
1212599 18 16 2
1212674 18 17 2
1213075 18 1 0
1213123 18 1 2
1213571 18 46 0
1213669 18 46 2
1213701 18 47 0
1213794 18 15 2
1213807 18 47 2
1213951 18 12 0
1214025 18 12 2
1214509 18 1 0
1214509 18 1 0
1214551 18 1 2
1214560 18 1 2
1215008 18 46 0
1215093 18 46 2
1215125 18 47 0
1215125 18 47 0
1215174 18 15 2
1215207 18 47 2
1215215 18 47 2
1215359 18 12 0
1215359 18 12 0
1215401 18 12 2
1215409 18 12 2
1215893 18 1 0
1215893 18 1 0
1215935 18 1 2
1215942 18 1 2
1216390 18 46 0
1216390 18 46 0
1216464 18 46 2
1216473 18 46 2
1216505 18 47 0
1216596 18 47 2
1216740 18 12 0
1216788 18 12 2
1217272 18 1 0
1217272 18 1 0
1217314 18 1 2
1217323 18 1 2
1217771 18 46 0
1217771 18 46 0
1217845 18 46 2
1217853 18 46 2
1217885 18 47 0
1217885 18 47 0
1217967 18 47 2
1217986 18 47 2
1218130 18 12 0
1218130 18 12 0
1218172 18 12 2
1218179 18 12 2
1218663 18 1 0
1218663 18 1 0
1218706 18 1 2
1218713 18 1 2
1219161 18 46 0
1219161 18 46 0
1219235 18 46 2
1219255 18 46 2
1219287 18 47 0
1219287 18 47 0
1219370 18 47 2
1219397 18 47 2
1219541 18 12 0
1219541 18 12 0
1219583 18 12 2
1219591 18 12 2
1220075 18 1 0
1220075 18 1 0
1220117 18 1 2
1220135 18 1 2
1220583 18 46 0
1220583 18 46 0
1220657 18 46 2
1220707 18 46 2
1220739 18 47 0
1220739 18 47 0
1220821 18 47 2
1220839 18 47 2
1220983 18 12 0
1220983 18 12 0
1221025 18 12 2
1221033 18 12 2
1221517 18 1 0
1221517 18 1 0
1221559 18 1 2
1221577 18 1 2
1222025 18 46 0
1222025 18 46 0
1222099 18 46 2
1222137 18 46 2
1222169 18 47 0
1222169 18 47 0
1222252 18 47 2
1222280 18 47 2
1222424 18 12 0
1222424 18 12 0
1222467 18 12 2
1222475 18 12 2
1222959 18 1 0
1222959 18 1 0
1223001 18 1 2
1223020 18 1 2
1223468 18 46 0
1223468 18 46 0
1223542 18 46 2
1223580 18 46 2
1223612 18 47 0
1223612 18 47 0
1223694 18 47 2
1223722 18 47 2
1223866 18 12 0
1223866 18 12 0
1223909 18 12 2
1223914 18 12 2
1224398 18 1 0
1224398 18 1 0
1224440 18 1 2
1224458 18 1 2
1224906 18 46 0
1224906 18 46 0
1224981 18 46 2
1225017 18 46 2
1225049 18 47 0
1225049 18 47 0
1225131 18 47 2
1225169 18 47 2
1225313 18 12 0
1225313 18 12 0
1225355 18 12 2
1225362 18 12 2
1225846 18 1 0
1225846 18 1 0
1225888 18 1 2
1225906 18 1 2
1226354 18 46 0
1226354 18 46 0
1226428 18 46 2
1226436 18 46 2
1226468 18 47 0
1226468 18 47 0
1226552 18 47 2
1226561 18 47 2
1226705 18 12 0
1226705 18 12 0
1226748 18 12 2
1226756 18 12 2
1227240 18 1 0
1227240 18 1 0
1227282 18 1 2
1227290 18 1 2
1227738 18 46 0
1227738 18 46 0
1227812 18 46 2
1227822 18 46 2
1227854 18 47 0
1227854 18 47 0
1227936 18 47 2
1227944 18 47 2
1228088 18 12 0
1228088 18 12 0
1228130 18 12 2
1228142 18 12 2
1228626 18 1 0
1228626 18 1 0
1228668 18 1 2
1228676 18 1 2
1229124 18 46 0
1229124 18 46 0
1229198 18 46 2
1229207 18 46 2
1229239 18 47 0
1229239 18 47 0
1229321 18 47 2
1229328 18 47 2
1229472 18 12 0
1229472 18 12 0
1229514 18 12 2
1229522 18 12 2
1230006 18 1 0
1230006 18 1 0
1230048 18 1 2
1230057 18 1 2
1230505 18 46 0
1230505 18 46 0
1230579 18 46 2
1230590 18 46 2
1230622 18 47 0
1230622 18 47 0
1230704 18 47 2
1230713 18 47 2
1230857 18 12 0
1230857 18 12 0
1230899 18 12 2
1230907 18 12 2
1231391 18 1 0
1231391 18 1 0
1231433 18 1 2
1231441 18 1 2
1231873 18 11 0
1231873 18 11 0
1231907 18 11 2
1231947 18 11 2
1231963 18 46 0
1231963 18 46 0
1232037 18 46 2
1232045 18 46 2
1232077 18 47 0
1232077 18 47 0
1232159 18 47 2
1232167 18 47 2
1232311 18 12 0
1232311 18 12 0
1232353 18 12 2
1232362 18 12 2
1232846 18 1 0
1232846 18 1 0
1232896 18 1 2
1232902 18 1 2
1233350 18 46 0
1233350 18 46 0
1233424 18 46 2
1233436 18 46 2
1233468 18 47 0
1233468 18 47 0
1233550 18 47 2
1233559 18 47 2
1233703 18 12 0
1233703 18 12 0
1233745 18 12 2
1233753 18 12 2
1234237 18 1 0
1234237 18 1 0
1234279 18 1 2
1234287 18 1 2
1234735 18 46 0
1234735 18 46 0
1234809 18 46 2
1234816 18 46 2
1234848 18 47 0
1234848 18 47 0
1234931 18 47 2
1234940 18 47 2
1235084 18 12 0
1235084 18 12 0
1235126 18 12 2
1235134 18 12 2
1235618 18 1 0
1235618 18 1 0
1235660 18 1 2
1235671 18 1 2
1236119 18 46 0
1236119 18 46 0
1236196 18 46 2
1236204 18 46 2
1236236 18 47 0
1236236 18 47 0
1236318 18 47 2
1236327 18 47 2
1236471 18 12 0
1236471 18 12 0
1236514 18 12 2
1236521 18 12 2
1237005 18 1 0
1237005 18 1 0
1237047 18 1 2
1237055 18 1 2
1237503 18 46 0
1237503 18 46 0
1237577 18 46 2
1237586 18 46 2
1237618 18 47 0
1237618 18 47 0
1237700 18 47 2
1237708 18 47 2
1237852 18 12 0
1237852 18 12 0
1237894 18 12 2
1237932 18 12 2
1238416 18 1 0
1238416 18 1 0
1238458 18 1 2
1238465 18 1 2
1238913 18 46 0
1238913 18 46 0
1238987 18 46 2
1238997 18 46 2
1239029 18 47 0
1239029 18 47 0
1239111 18 47 2
1239119 18 47 2
1239263 18 12 0
1239263 18 12 0
1239305 18 12 2
1239313 18 12 2
1239797 18 1 0
1239797 18 1 0
1239843 18 1 2
1239851 18 1 2
1240299 18 46 0
1240299 18 46 0
1240373 18 46 2
1240380 18 46 2
1240412 18 47 0
1240412 18 47 0
1240494 18 47 2
1240502 18 47 2
1240646 18 12 0
1240646 18 12 0
1240688 18 12 2
1240721 18 12 2
1241205 18 1 0
1241205 18 1 0
1241247 18 1 2
1241255 18 1 2
1241703 18 46 0
1241703 18 46 0
1241777 18 46 2
1241784 18 46 2
1241816 18 47 0
1241816 18 47 0
1241898 18 47 2
1241906 18 47 2
1242050 18 12 0
1242050 18 12 0
1242092 18 12 2
1242110 18 12 2
1242594 18 1 0
1242594 18 1 0
1242636 18 1 2
1242644 18 1 2
1243076 18 12 0
1243076 18 12 0
1243118 18 12 2
1243131 18 12 2
1243147 18 46 0
1243147 18 46 0
1243225 18 46 2
1243248 18 46 2
1243280 18 47 0
1243280 18 47 0
1243362 18 47 2
1243369 18 47 2
1243513 18 12 0
1243513 18 12 0
1243555 18 12 2
1243590 18 12 2
1244074 18 1 0
1244074 18 1 0
1244117 18 1 2
1244124 18 1 2
1244572 18 46 0
1244572 18 46 0
1244649 18 46 2
1244668 18 46 2
1244700 18 47 0
1244700 18 47 0
1244782 18 47 2
1244792 18 47 2
1244936 18 12 0
1244936 18 12 0
1244978 18 12 2
1244985 18 12 2
1245469 18 1 0
1245469 18 1 0
1245511 18 1 2
1245518 18 1 2
1245966 18 46 0
1245966 18 46 0
1246040 18 46 2
1246047 18 46 2
1246079 18 47 0
1246079 18 47 0
1246161 18 47 2
1246169 18 47 2
1246313 18 12 0
1246313 18 12 0
1246355 18 12 2
1246388 18 12 2
1246872 18 1 0
1246872 18 1 0
1246914 18 1 2
1246922 18 1 2
1247370 18 46 0
1247370 18 46 0
1247445 18 46 2
1247458 18 46 2
1247490 18 47 0
1247490 18 47 0
1247572 18 47 2
1247579 18 47 2
1247723 18 12 0
1247723 18 12 0
1247765 18 12 2
1247773 18 12 2
1248257 18 1 0
1248257 18 1 0
1248299 18 1 2
1248307 18 1 2
1248755 18 46 0
1248755 18 46 0
1248829 18 46 2
1248837 18 46 2
1248869 18 47 0
1248869 18 47 0
1248951 18 47 2
1248959 18 47 2
1249103 18 12 0
1249103 18 12 0
1249145 18 12 2
1249178 18 12 2
1249662 18 1 0
1249662 18 1 0
1249713 18 1 2
1249715 18 1 2
1250163 18 46 0
1250163 18 46 0
1250237 18 46 2
1250244 18 46 2
1250276 18 47 0
1250276 18 47 0
1250358 18 47 2
1250366 18 47 2
1250510 18 12 0
1250510 18 12 0
1250552 18 12 2
1250561 18 12 2
1251045 18 1 0
1251045 18 1 0
1251087 18 1 2
1251094 18 1 2
1251542 18 46 0
1251542 18 46 0
1251620 18 46 2
1251626 18 46 2
1251658 18 47 0
1251658 18 47 0
1251748 18 47 2
1251751 18 47 2
1251895 18 12 0
1251895 18 12 0
1251937 18 12 2
1251970 18 12 2
1252454 18 1 0
1252454 18 1 0
1252496 18 1 2
1252504 18 1 2
1252952 18 46 0
1252952 18 46 0
1253033 18 46 2
1253034 18 46 2
1253065 18 47 0
1253065 18 47 0
1253147 18 47 2
1253155 18 47 2
1253299 18 12 0
1253299 18 12 0
1253342 18 12 2
1253355 18 12 2
1253839 18 1 0
1253839 18 1 0
1253881 18 1 2
1253889 18 1 2
1254337 18 46 0
1254337 18 46 0
1254411 18 46 2
1254419 18 46 2
1254451 18 47 0
1254451 18 47 0
1254533 18 47 2
1254540 18 47 2
1254684 18 12 0
1254684 18 12 0
1254727 18 12 2
1254736 18 12 2
1255220 18 1 0
1255220 18 1 0
1255262 18 1 2
1255269 18 1 2
1255717 18 46 0
1255717 18 46 0
1255791 18 46 2
1255802 18 46 2
1255834 18 47 0
1255834 18 47 0
1255916 18 47 2
1255924 18 47 2
1256068 18 12 0
1256068 18 12 0
1256110 18 12 2
1256117 18 12 2
1256601 18 1 0
1256601 18 1 0
1256643 18 1 2
1256650 18 1 2
1257098 18 46 0
1257098 18 46 0
1257176 18 46 2
1257185 18 46 2
1257217 18 47 0
1257217 18 47 0
1257299 18 47 2
1257313 18 47 2
1257457 18 12 0
1257457 18 12 0
1257499 18 12 2
1257506 18 12 2
1257990 18 1 0
1257990 18 1 0
1258032 18 1 2
1258039 18 1 2
1258487 18 46 0
1258487 18 46 0
1258561 18 46 2
1258570 18 46 2
1258602 18 47 0
1258602 18 47 0
1258685 18 47 2
1258695 18 47 2
1258839 18 12 0
1258839 18 12 0
1258881 18 12 2
1258909 18 12 2
1259393 18 1 0
1259393 18 1 0
1259444 18 1 2
1259523 18 1 2
1259971 18 46 0
1259971 18 46 0
1260045 18 46 2
1260059 18 46 2
1260091 18 47 0
1260091 18 47 0
1260173 18 47 2
1260200 18 47 2
1260344 18 12 0
1260344 18 12 0
1260386 18 12 2
1260404 18 12 2
1260888 18 1 0
1260888 18 1 0
1260930 18 1 2
1261010 18 1 2
1261458 18 46 0
1261458 18 46 0
1261532 18 46 2
1261552 18 46 2
1261584 18 47 0
1261584 18 47 0
1261667 18 47 2
1261695 18 47 2
1261839 18 12 0
1261839 18 12 0
1261881 18 12 2
1261898 18 12 2
1262382 18 1 0
1262382 18 1 0
1262424 18 1 2
1262432 18 1 2
1262880 18 46 0
1262880 18 46 0
1262958 18 46 2
1263002 18 46 2
1263034 18 47 0
1263034 18 47 0
1263116 18 47 2
1263144 18 47 2
1263288 18 12 0
1263288 18 12 0
1263330 18 12 2
1263338 18 12 2
1263822 18 1 0
1263822 18 1 0
1263864 18 1 2
1263903 18 1 2
1264351 18 46 0
1264351 18 46 0
1264434 18 46 2
1264435 18 46 2
1264466 18 47 0
1264466 18 47 0
1264548 18 47 2
1264555 18 47 2
1264699 18 12 0
1264699 18 12 0
1264741 18 12 2
1264748 18 12 2
1265232 18 1 0
1265232 18 1 0
1265277 18 1 2
1265361 18 1 2
1265809 18 46 0
1265809 18 46 0
1265883 18 46 2
1265890 18 46 2
1265922 18 47 0
1265922 18 47 0
1266008 18 47 2
1266079 18 47 2
1266223 18 12 0
1266223 18 12 0
1266265 18 12 2
1266273 18 12 2
1266757 18 1 0
1266757 18 1 0
1266799 18 1 2
1266827 18 1 2
1267275 18 46 0
1267275 18 46 0
1267349 18 46 2
1267357 18 46 2
1267389 18 47 0
1267389 18 47 0
1267471 18 47 2
1267479 18 47 2
1267623 18 12 0
1267623 18 12 0
1267665 18 12 2
1267672 18 12 2
1268156 18 1 0
1268156 18 1 0
1268198 18 1 2
1268217 18 1 2
1268665 18 46 0
1268665 18 46 0
1268739 18 46 2
1268747 18 46 2
1268779 18 47 0
1268779 18 47 0
1268862 18 47 2
1268870 18 47 2
1269014 18 12 0
1269014 18 12 0
1269056 18 12 2
1269064 18 12 2
1269548 18 1 0
1269548 18 1 0
1269590 18 1 2
1269628 18 1 2
1270076 18 46 0
1270076 18 46 0
1270150 18 46 2
1270187 18 46 2
1270219 18 47 0
1270219 18 47 0
1270302 18 47 2
1270332 18 47 2
1270476 18 12 0
1270476 18 12 0
1270519 18 12 2
1270530 18 12 2
1271014 18 1 0
1271014 18 1 0
1271056 18 1 2
1271094 18 1 2
1271542 18 46 0
1271542 18 46 0
1271616 18 46 2
1271656 18 46 2
1271688 18 47 0
1271688 18 47 0
1271770 18 47 2
1271838 18 47 2
1271982 18 12 0
1271982 18 12 0
1272024 18 12 2
1272034 18 12 2
1272518 18 1 0
1272518 18 1 0
1272560 18 1 2
1272614 18 1 2
1273062 18 46 0
1273062 18 46 0
1273136 18 46 2
1273146 18 46 2
1273178 18 47 0
1273178 18 47 0
1273261 18 47 2
1273339 18 47 2
1273483 18 12 0
1273483 18 12 0
1273534 18 12 2
1273555 18 12 2
1274018 18 1 0
1274018 18 1 0
1274075 18 1 2
1274122 18 1 2
1274523 18 46 0
1274523 18 46 0
1274608 18 46 2
1274640 18 47 0
1274640 18 47 0
1274657 18 46 2
1274743 18 47 2
1274772 18 47 2
1274887 18 12 0
1274887 18 12 0
1274929 18 12 2
1274939 18 12 2
1275423 18 1 0
1275423 18 1 0
1275474 18 1 2
1275486 18 1 2
1275922 18 46 0
1275922 18 46 0
1276007 18 46 2
1276016 18 46 2
1276039 18 47 0
1276039 18 47 0
1276129 18 47 2
1276135 18 47 2
1276273 18 12 0
1276273 18 12 0
1276315 18 12 2
1276322 18 12 2
1276710 18 1 0
1276710 18 1 0
1276753 18 1 2
1276761 18 1 2
1277209 18 46 0
1277209 18 46 0
1277283 18 46 2
1277296 18 46 2
1277328 18 47 0
1277328 18 47 0
1277410 18 47 2
1277417 18 47 2
1277561 18 12 0
1277561 18 12 0
1277603 18 12 2
1277610 18 12 2
1278094 18 1 0
1278094 18 1 0
1278136 18 1 2
1278146 18 1 2
1278594 18 46 0
1278594 18 46 0
1278668 18 46 2
1278676 18 46 2
1278708 18 47 0
1278708 18 47 0
1278790 18 47 2
1278798 18 47 2
1278942 18 12 0
1278942 18 12 0
1278984 18 12 2
1278992 18 12 2
1279476 18 1 0
1279476 18 1 0
1279521 18 1 2
1279525 18 1 2
1279973 18 46 0
1279973 18 46 0
1280047 18 46 2
1280054 18 46 2
1280086 18 47 0
1280086 18 47 0
1280168 18 47 2
1280176 18 47 2
1280328 18 61 0
1280328 18 61 0
1280410 18 61 2
1280418 18 61 2
1280442 18 62 0
1280442 18 62 0
1280532 18 62 2
1280540 18 62 2
1280816 18 63 0
1280816 18 63 0
1280914 18 63 2
1280932 18 63 2
1281356 18 12 0
1281356 18 12 0
1281398 18 12 2
1281436 18 12 2
1281509 18 12 2
1282088 18 1 0
1282088 18 1 0
1282130 18 1 2
1282138 18 1 2
1282586 18 46 0
1282586 18 46 0
1282660 18 46 2
1282668 18 46 2
1282700 18 47 0
1282700 18 47 0
1282782 18 47 2
1282793 18 47 2
1283669 18 12 0
1283669 18 12 0
1283714 18 12 2
1283750 18 12 2
1283806 18 12 2
1284402 18 1 0
1284402 18 1 0
1284445 18 1 2
1284487 18 1 2
1284935 18 46 0
1284935 18 46 0
1285009 18 46 2
1285018 18 46 2
1285050 18 47 0
1285050 18 47 0
1285132 18 47 2
1285147 18 47 2
1285291 18 12 0
1285291 18 12 0
1285333 18 12 2
1285342 18 12 2
1285826 18 1 0
1285826 18 1 0
1285869 18 1 2
1285882 18 1 2
1286330 18 46 0
1286330 18 46 0
1286411 18 46 2
1286413 18 46 2
1286445 18 47 0
1286445 18 47 0
1286527 18 47 2
1286535 18 47 2
1286679 18 12 0
1286679 18 12 0
1286721 18 12 2
1286728 18 12 2
1287212 18 1 0
1287212 18 1 0
1287254 18 1 2
1287263 18 1 2
1287711 18 46 0
1287711 18 46 0
1287788 18 46 2
1287795 18 46 2
1287827 18 47 0
1287827 18 47 0
1287909 18 47 2
1287917 18 47 2
1288061 18 12 0
1288109 18 12 2
1288593 18 1 0
1288593 18 1 0
1288635 18 1 2
1288643 18 1 2
1289091 18 46 0
1289091 18 46 0
1289166 18 46 2
1289174 18 46 2
1289206 18 47 0
1289206 18 47 0
1289288 18 47 2
1289297 18 47 2
1289441 18 12 0
1289491 18 12 2
1289975 18 1 0
1289975 18 1 0
1290017 18 1 2
1290024 18 1 2
1290456 18 8 0
1290456 18 8 0
1290498 18 8 2
1290538 18 8 2
1290554 18 46 0
1290554 18 46 0
1290628 18 46 2
1290641 18 46 2
1290673 18 47 0
1290673 18 47 0
1290755 18 47 2
1290765 18 47 2
1290909 18 12 0
1290909 18 12 0
1290951 18 12 2
1290960 18 12 2
1291444 18 1 0
1291444 18 1 0
1291486 18 1 2
1291494 18 1 2
1291942 18 46 0
1291942 18 46 0
1292016 18 46 2
1292024 18 46 2
1292056 18 47 0
1292056 18 47 0
1292138 18 47 2
1292146 18 47 2
1292290 18 12 0
1292290 18 12 0
1292332 18 12 2
1292339 18 12 2
1292823 18 1 0
1292823 18 1 0
1292866 18 1 2
1292873 18 1 2
1293321 18 46 0
1293321 18 46 0
1293395 18 46 2
1293403 18 46 2
1293435 18 47 0
1293435 18 47 0
1293517 18 47 2
1293525 18 47 2
1293669 18 12 0
1293669 18 12 0
1293711 18 12 2
1293718 18 12 2
1294202 18 1 0
1294202 18 1 0
1294244 18 1 2
1294251 18 1 2
1294699 18 46 0
1294699 18 46 0
1294773 18 46 2
1294786 18 46 2
1294818 18 47 0
1294818 18 47 0
1294900 18 47 2
1294909 18 47 2
1295053 18 12 0
1295053 18 12 0
1295095 18 12 2
1295112 18 12 2
1295596 18 1 0
1295596 18 1 0
1295638 18 1 2
1295645 18 1 2
1296038 18 12 2
1296093 18 46 0
1296093 18 46 0
1296167 18 46 2
1296174 18 46 2
1296206 18 47 0
1296206 18 47 0
1296288 18 47 2
1296296 18 47 2
1296440 18 12 0
1296440 18 12 0
1296483 18 12 2
1296491 18 12 2
1296623 18 1 0
1296699 18 1 2
1297051 18 1 0
1297051 18 1 0
1297093 18 1 2
1297101 18 1 2
1297549 18 46 0
1297549 18 46 0
1297626 18 46 2
1297638 18 46 2
1297670 18 47 0
1297670 18 47 0
1297752 18 47 2
1297765 18 47 2
1297909 18 12 0
1297909 18 12 0
1297957 18 12 2
1297960 18 12 2
1298336 18 16 2
1298421 18 15 2
1298441 18 1 0
1298441 18 1 0
1298483 18 1 2
1298528 18 17 2
1298534 18 1 2
1298982 18 46 0
1298982 18 46 0
1299056 18 46 2
1299133 18 46 2
1299165 18 47 0
1299165 18 47 0
1299247 18 47 2
1299316 18 47 2
1299460 18 12 0
1299460 18 12 0
1299502 18 12 2
1299509 18 12 2
1299993 18 1 0
1299993 18 1 0
1300035 18 1 2
1300083 18 1 2
1300531 18 46 0
1300531 18 46 0
1300605 18 46 2
1300613 18 46 2
1300645 18 47 0
1300645 18 47 0
1300732 18 47 2
1300768 18 13 2
1300789 18 47 2
1300933 18 12 0
1300933 18 12 0
1300976 18 12 2
1300982 18 12 2
1301214 18 16 2
1301298 18 15 2
1301406 18 17 2
1301466 18 1 0
1301466 18 1 0
1301508 18 1 2
1301516 18 1 2
1301964 18 46 0
1301964 18 46 0
1302039 18 46 2
1302050 18 46 2
1302082 18 47 0
1302082 18 47 0
1302164 18 47 2
1302222 18 47 2
1302256 18 13 2
1302366 18 12 0
1302366 18 12 0
1302408 18 12 2
1302426 18 12 2
1302861 18 15 2
1302910 18 1 0
1302969 18 1 2
1303417 18 46 0
1303417 18 46 0
1303491 18 46 2
1303499 18 46 2
1303531 18 47 0
1303531 18 47 0
1303613 18 47 2
1303620 18 47 2
1303764 18 12 0
1303764 18 12 0
1303806 18 12 2
1303814 18 12 2
1304276 18 16 2
1304418 18 1 0
1304418 18 1 0
1304460 18 1 2
1304575 18 1 2
1304863 18 62 0
1304863 18 62 0
1304983 18 62 2
1305001 18 62 2
1305125 18 61 0
1305125 18 61 0
1305207 18 61 2
1305235 18 61 2
1305771 18 1 0
1305946 18 17 2
1305951 18 1 2
1306035 18 58 0
1306035 18 58 0
1306093 18 58 2
1306126 18 58 2
1306206 18 59 0
1306206 18 59 0
1306272 18 59 2
1306297 18 59 2
1308985 18 56 1
1309204 18 40 2
1309269 18 56 2
1310695 18 40 2
1328284 18 3 0
1328285 18 3 2
1333637 18 2 0
1333638 18 56 1
1333854 18 2 2
1333896 18 56 2
1352008 18 3 2
1356977 18 2 0
1356978 18 56 1
1357194 18 2 2
1357236 18 56 2
1375094 18 2 0
1375095 18 2 2
1385477 18 2 0
1385478 18 56 1
1385694 18 2 2
1385736 18 56 2
1408907 18 2 0
1408908 18 56 1
1409124 18 2 2
1409166 18 56 2
1432607 18 2 0
1432608 18 2 2
1434676 18 2 0
1434677 18 2 2
1443299 18 2 0
1443300 18 2 2
1453386 18 2 0
1453387 18 56 1
1453606 18 2 2
1453648 18 56 2
1458212 18 2 0
1458213 18 0 0
1470203 18 2 0
1470204 18 18 0
1470204 18 2 2
1470213 18 2 2
1496510 18 15 0
1496510 18 15 0
1496576 18 15 2
1496584 18 15 2
1496792 18 18 0
1496801 18 2 0
1496801 18 18 2
1496842 18 18 2
1497110 18 55 0
1497248 18 55 2
1497304 18 19 0
1498826 18 19 2
1498882 18 56 0
1498882 18 56 0
1498996 18 56 2
1499059 18 56 2
1499123 18 57 0
1499123 18 57 0
1499192 18 57 2
1499206 18 21 2
1499253 18 57 2
1499313 18 19 0
1499596 18 19 2
1499653 18 23 2
1499656 18 19 0
1502664 18 19 2
1502757 18 22 2
1502760 18 19 0
1503354 18 19 2
1503829 18 32 2
1503834 18 19 0
1504248 18 19 2
1504305 18 31 2
1504388 18 12 2
1504447 18 25 2
1504506 18 34 2
1504565 18 21 2
1504624 18 11 2
1504675 18 7 2
1504773 18 27 2
1504776 18 19 0
1507862 18 19 2
1508231 18 26 2
1508234 18 19 0
1509094 18 19 2
1509167 18 37 2
1509178 18 19 0
1510264 18 19 2
1510321 18 40 2
1510405 18 27 2
1510456 18 15 2
1510539 18 30 2
1510614 18 54 2
1510713 18 12 2
1510772 18 28 2
1510838 18 36 2
1510840 18 19 0
1513470 18 19 2
1513824 18 41 2
1513830 18 19 0
1516038 18 19 2
1516202 18 48 2
1516206 18 19 0
1518754 18 19 2
1518920 18 50 2
1518922 18 19 0
1523792 18 19 2
1525714 18 62 2
1525724 18 19 0
1528972 18 19 2
1529548 18 19 0
1529548 18 47 2
1533249 18 19 2
2076736 18 40 0
2076975 18 40 0
2077068 18 0 0
2077099 18 40 0
2077195 18 40 0
2077407 18 40 0
2077758 18 40 0
2079118 18 0 0
2079119 18 0 2
2079599 18 0 2
2082597 18 2 0
2082598 18 40 0
2083391 18 2 0
2083392 18 2 2
3043829 18 0 0
3043830 18 4 0
3050226 18 0 0
3050227 18 40 0
