0 49 51 0
363 49 51 2
367 49 22 0
1583 49 22 2
1595 49 1 0
1986 49 1 2
2006 49 24 0
2148 49 24 2
43881 49 7 1
44140 49 2 2
44221 49 7 2
55713 49 7 1
55970 49 2 2
56051 49 7 2
71431 49 7 1
71690 49 0 2
71771 49 7 2
74676 49 7 1
74930 49 2 2
75011 49 7 2
76001 49 7 1
76260 49 2 2
76340 49 7 2
81911 49 7 1
82170 49 0 2
82251 49 7 2
88187 49 7 1
88441 49 2 2
88523 49 7 2
106133 49 7 1
106390 49 2 2
106471 49 7 2
113521 49 4 0
116775 49 4 2
116827 49 44 0
118520 49 44 2
118532 49 5 0
118646 49 5 2
118658 49 45 0
119098 49 45 2
119166 49 24 0
119339 49 24 2
119371 49 25 0
119479 49 25 2
119487 49 26 0
119593 49 26 2
119633 49 27 0
119741 49 27 2
119761 49 33 0
120299 49 33 2
120319 49 35 0
120345 49 7 1
120462 49 35 2
120470 49 41 0
120611 49 2 2
120694 49 7 2
121108 49 41 2
121124 49 42 0
121391 49 42 2
121423 49 1 0
121583 49 1 2
121619 49 36 0
121777 49 36 2
121789 49 43 0
122308 49 43 2
122324 49 17 0
122454 49 17 2
122546 49 27 0
122658 49 27 2
122662 49 37 0
122796 49 37 2
122808 49 17 0
122978 49 17 2
122986 49 15 0
123181 49 15 2
123221 49 16 0
123366 49 16 2
123406 49 18 0
123513 49 18 2
123537 49 61 0
123899 49 61 2
123911 49 54 0
124033 49 54 2
124053 49 13 0
124167 49 13 2
124175 49 19 0
124282 49 19 2
124286 49 35 0
124734 49 35 2
124750 49 53 0
125221 49 53 2
125261 49 33 0
125358 49 33 2
125370 49 36 0
125515 49 36 2
125535 49 40 0
125785 49 40 2
125809 49 37 0
126002 49 37 2
126106 49 38 0
126265 49 38 2
126269 49 10 0
126611 49 10 2
126635 49 8 0
126725 49 8 2
126733 49 29 0
126855 49 7 1
126856 49 29 2
126896 49 0 0
126985 49 0 2
126997 49 38 0
127110 49 11 2
127180 49 38 2
127191 49 7 2
127196 49 39 0
127364 49 7 1
127553 49 39 2
127557 49 39 0
127620 49 29 2
127701 49 7 2
127955 49 39 2
128011 49 36 0
128129 49 36 2
128161 49 38 0
128295 49 38 2
128311 49 51 0
128468 49 51 2
128524 49 4 0
128554 49 7 1
128810 49 24 2
128818 49 4 2
128826 49 52 0
128867 49 7 2
129389 49 52 2
129425 49 12 0
129754 49 12 2
129774 49 53 0
129916 49 53 2
129940 49 54 0
130282 49 54 2
130298 49 11 0
130618 49 11 2
130630 49 56 0
130814 49 56 2
130818 49 12 0
131110 49 12 2
131118 49 57 0
131309 49 7 1
131560 49 47 2
131641 49 7 2
131756 49 57 2
131760 49 2 0
132109 49 2 2
132161 49 37 0
132285 49 37 2
132301 49 40 0
132441 49 40 2
132497 49 58 0
133360 49 58 2
133420 49 35 0
133558 49 35 2
133562 49 50 0
133849 49 50 2
133869 49 62 0
134431 49 62 2
134459 49 38 0
134772 49 38 2
134844 49 63 0
135077 49 63 2
135117 49 12 0
135438 49 12 2
135462 49 2 0
135560 49 2 2
135584 49 13 0
135865 49 13 2
135961 49 3 0
136070 49 3 2
136110 49 23 0
136250 49 23 2
136266 49 24 0
136362 49 24 2
136381 49 7 1
136470 49 20 0
136641 49 0 2
136725 49 7 2
136728 49 0 0
136787 49 20 2
136794 49 7 1
136795 49 25 0
136858 49 0 0
136887 49 25 2
136915 49 26 0
136960 49 0 0
137013 49 26 2
137050 49 14 2
137093 49 0 0
137107 49 0 0
137155 49 7 2
137225 49 0 2
137233 49 3 0
137307 49 0 0
137338 49 3 2
137382 49 4 0
137415 49 0 0
137498 49 4 2
137530 49 0 0
137594 49 5 0
137651 49 0 0
137748 49 5 2
137788 49 15 0
137793 49 0 0
137925 49 0 0
138019 49 0 0
138117 49 15 2
138125 49 14 0
138169 49 0 0
138308 49 0 0
138406 49 0 0
138504 49 14 2
138516 49 50 0
138560 49 0 0
138694 49 0 0
138724 49 50 2
138752 49 6 0
138891 49 0 0
138901 49 6 2
138921 49 4 0
139056 49 0 0
139071 49 4 2
139079 49 8 0
139170 49 8 2
139174 49 47 0
139200 49 0 0
139312 49 0 0
139475 49 0 0
139634 49 0 0
139796 49 0 0
139929 49 0 0
140029 49 0 0
140121 49 47 2
140129 49 49 0
140138 49 0 0
140219 49 49 2
140235 49 11 0
140291 49 0 0
140410 49 11 2
140446 49 5 0
140458 49 0 0
140601 49 5 2
140625 49 37 0
140694 49 0 0
140883 49 0 0
140938 49 37 2
141002 49 4 0
141043 49 0 0
141140 49 4 2
141144 49 1 0
141201 49 0 0
141268 49 1 2
141296 49 27 0
141350 49 0 0
141406 49 27 2
141414 49 2 0
141451 49 0 0
141521 49 2 2
141533 49 11 0
141576 49 0 0
141725 49 0 0
141733 49 11 2
141741 49 7 0
141885 49 0 0
141981 49 0 0
142158 49 7 2
142178 49 3 0
142190 49 0 0
142330 49 3 2
142379 49 0 0
142438 49 6 0
142520 49 0 0
142681 49 0 0
142747 49 6 2
142767 49 9 0
142923 49 0 0
142930 49 9 2
143055 49 0 0
143102 49 8 0
143311 49 0 0
143454 49 0 0
143523 49 8 2
143535 49 11 0
143582 49 0 0
143710 49 0 0
143823 49 0 0
143958 49 0 0
144058 49 0 0
144192 49 0 0
144195 49 11 2
144215 49 12 0
144344 49 0 0
144478 49 12 2
144499 49 0 0
144502 49 16 0
144630 49 0 0
144754 49 16 2
144762 49 13 0
144799 49 0 0
144957 49 0 0
145014 49 13 2
145062 49 2 0
145071 49 0 0
145265 49 0 0
145387 49 0 0
145656 49 0 0
145837 49 0 0
146331 49 2 2
146367 49 14 0
146643 49 14 2
146647 49 17 0
146936 49 17 2
146944 49 15 0
147313 49 15 2
147333 49 18 0
147613 49 18 2
147637 49 4 0
147771 49 4 2
147811 49 40 0
147993 49 40 2
147997 49 38 0
147997 49 38 0
148071 49 38 2
148251 49 38 2
148259 49 27 0
148368 49 27 2
148388 49 35 0
148497 49 35 2
148553 49 28 0
148669 49 28 2
148737 49 3 0
148854 49 3 2
148858 49 46 0
149243 49 46 2
149263 49 4 0
149383 49 4 2
149415 49 0 0
149508 49 0 2
149512 49 29 0
149727 49 29 2
149871 49 47 0
150135 49 47 2
150207 49 30 0
150407 49 30 2
150759 49 31 0
151265 49 31 2
151269 49 44 0
151453 49 44 2
151461 49 43 0
151606 49 43 2
151738 49 32 0
151848 49 32 2
152172 49 33 0
152302 49 33 2
152350 49 33 0
152350 49 7 1
152473 49 7 1
152600 49 26 2
152625 49 33 2
152633 49 27 0
152657 49 7 2
152730 49 8 2
152803 49 7 2
153096 49 27 2
153196 49 7 1
153200 49 54 0
153450 49 62 2
153490 49 54 2
153502 49 28 0
153523 49 7 2
153616 49 28 2
153632 49 13 0
153916 49 13 2
153924 49 56 0
154102 49 56 2
154118 49 14 0
154472 49 14 2
154572 49 41 0
154685 49 41 2
154733 49 61 0
155112 49 61 2
155116 49 39 0
155284 49 39 2
155296 49 7 0
155481 49 7 2
155541 49 8 0
155649 49 8 2
155681 49 63 0
156380 49 63 2
156488 49 0 0
156578 49 0 2
156606 49 57 0
156786 49 57 2
156854 49 58 0
157467 49 58 2
157551 49 46 0
157749 49 46 2
157761 49 59 0
157882 49 59 2
157914 49 32 0
158005 49 32 2
158013 49 50 0
158206 49 50 2
158282 49 60 0
158470 49 60 2
158478 49 62 0
158628 49 62 2
158632 49 3 0
158738 49 3 2
158750 49 5 0
159113 49 5 2
159141 49 17 0
159154 49 7 1
159248 49 17 2
159268 49 6 0
159400 49 6 2
159410 49 44 2
159467 49 7 2
159492 49 11 0
159838 49 11 2
159846 49 10 0
159944 49 10 2
159964 49 11 0
160260 49 11 2
160268 49 6 0
160567 49 6 2
160603 49 36 0
160895 49 36 2
160955 49 12 0
161069 49 12 2
161077 49 0 0
161170 49 0 2
161294 49 15 0
161294 49 15 0
161400 49 15 2
161436 49 15 2
161556 49 7 0
161696 49 7 2
161697 49 0 0
161712 49 0 0
161971 49 0 2
162119 49 9 0
162216 49 9 2
162248 49 8 0
162342 49 8 2
162370 49 51 0
162400 49 7 1
162607 49 51 2
162650 49 0 2
162715 49 14 0
162732 49 7 2
162740 49 0 0
162876 49 0 0
162927 49 14 2
163010 49 0 0
163158 49 0 0
163223 49 31 0
163291 49 0 0
163409 49 0 0
163615 49 31 2
163659 49 35 0
163677 49 0 0
163936 49 35 2
163956 49 0 0
163996 49 32 0
164105 49 32 2
164185 49 0 0
164205 49 33 0
164296 49 33 2
164345 49 0 0
164388 49 34 0
164473 49 0 0
164499 49 34 2
164531 49 1 0
164598 49 0 0
164710 49 0 0
164815 49 1 2
164859 49 32 0
164867 49 0 0
165027 49 32 2
165035 49 35 0
165085 49 0 0
165224 49 35 2
165228 49 60 0
165240 49 0 0
165365 49 0 0
165473 49 0 0
165672 49 0 0
165814 49 0 0
166015 49 0 0
166136 49 0 0
166152 49 60 2
166168 49 61 0
166261 49 0 0
166392 49 0 0
166497 49 0 0
166691 49 0 0
166706 49 61 2
166766 49 48 0
166820 49 0 0
166876 49 48 2
166916 49 49 0
166945 49 0 0
167033 49 49 2
167069 49 36 0
167069 49 36 0
167127 49 36 2
167165 49 0 0
167185 49 36 2
167249 49 37 0
167249 49 37 0
167315 49 37 2
167331 49 0 0
167371 49 37 2
167419 49 58 0
167476 49 0 0
167643 49 0 0
167744 49 58 2
167756 49 31 0
167798 49 0 0
167938 49 0 0
168044 49 31 2
168056 49 30 0
168089 49 0 0
168214 49 0 0
168338 49 0 0
168389 49 30 2
168397 49 59 0
168495 49 0 0
168636 49 0 0
168656 49 59 2
168708 49 34 0
168789 49 0 0
168924 49 0 0
168959 49 34 2
168999 49 0 0
168999 49 0 0
169073 49 0 2
169110 49 0 0
169243 49 0 2
169251 49 33 0
169262 49 0 0
169319 49 7 1
169411 49 0 0
169520 49 0 0
169528 49 33 2
169544 49 60 0
169570 49 0 2
169695 49 7 2
169704 49 0 0
169743 49 0 0
169845 49 0 0
169863 49 0 0
169909 49 7 1
169976 49 0 0
169987 49 60 2
169996 49 0 0
170007 49 32 0
170117 49 0 0
170162 49 0 0
170170 49 2 2
170234 49 0 0
170247 49 32 2
170251 49 7 2
170300 49 0 0
170323 49 61 0
170398 49 0 0
170417 49 0 0
170496 49 61 2
170555 49 0 0
170555 49 0 0
170620 49 62 0
170669 49 0 0
170676 49 0 0
170791 49 0 0
170794 49 0 0
170853 49 62 2
170898 49 0 0
170921 49 0 0
170941 49 12 0
171039 49 0 0
171054 49 12 2
171056 49 0 0
171066 49 39 0
171196 49 0 0
171230 49 39 2
171242 49 13 0
171352 49 0 0
171367 49 13 2
171371 49 48 0
171449 49 0 0
171570 49 48 2
171572 49 0 0
171582 49 59 0
171649 49 7 1
171680 49 0 0
171690 49 0 0
171736 49 59 2
171764 49 54 0
171764 49 54 0
171802 49 0 0
171822 49 54 2
171900 49 2 2
171919 49 0 0
171945 49 54 2
171981 49 7 2
171985 49 55 0
171987 49 0 0
172033 49 0 0
172121 49 0 0
172165 49 0 0
172257 49 0 0
172291 49 0 0
172401 49 0 0
172431 49 0 0
172502 49 0 0
172536 49 0 0
172553 49 55 2
172577 49 56 0
172651 49 0 0
172705 49 56 2
172733 49 57 0
172841 49 0 0
172902 49 57 2
172966 49 58 0
172968 49 0 0
173103 49 0 0
173216 49 58 2
173252 49 49 0
173261 49 0 0
173343 49 49 2
173383 49 63 0
173441 49 0 0
173616 49 0 0
173741 49 0 0
173882 49 0 0
174058 49 0 0
174272 49 0 0
174370 49 0 0
174493 49 0 0
174519 49 63 2
174567 49 15 0
174589 49 0 0
174723 49 0 0
174725 49 15 2
174741 49 44 0
174861 49 0 0
174878 49 44 2
174898 49 45 0
174999 49 0 0
175025 49 45 2
175138 49 0 0
175253 49 0 0
175273 49 0 0
175371 49 0 2
175411 49 0 0
175463 49 1 0
175561 49 1 2
175661 49 2 0
175727 49 0 0
175758 49 2 2
175778 49 41 0
175782 49 48 2
175868 49 41 2
175927 49 0 0
175940 49 3 0
176070 49 0 0
176105 49 3 2
176195 49 0 0
176319 49 48 2
176329 49 0 0
176365 49 5 0
176450 49 0 0
176649 49 5 2
176671 49 0 0
176697 49 6 0
176728 49 48 2
176798 49 0 0
176916 49 0 0
176979 49 48 2
177221 49 0 0
177269 49 6 2
177357 49 7 0
177400 49 0 0
177546 49 0 0
177648 49 0 0
177724 49 7 2
177789 49 0 0
177832 49 8 0
177925 49 8 2
177931 49 0 0
177981 49 1 0
177981 49 1 0
178047 49 1 2
178071 49 0 0
178071 49 1 2
178184 49 0 0
178336 49 0 0
178479 49 0 0
178519 49 46 0
178609 49 46 2
178617 49 4 0
178732 49 4 2
178756 49 47 0
178854 49 47 2
178998 49 12 0
179106 49 12 2
179470 49 10 0
179571 49 10 2
179691 49 1 0
179789 49 1 2
180075 49 45 2
180237 49 46 0
180237 49 46 0
180321 49 46 2
180323 49 46 2
180353 49 47 0
180443 49 47 2
180587 49 12 0
180685 49 12 2
181169 49 1 0
181169 49 1 0
181235 49 1 2
181297 49 1 2
181745 49 46 0
181829 49 46 2
181861 49 47 0
181861 49 47 0
181945 49 47 2
182031 49 47 2
182175 49 12 0
182272 49 12 2
182756 49 1 0
182756 49 1 0
182823 49 1 2
182870 49 1 2
183318 49 46 0
183404 49 46 2
183436 49 47 0
183525 49 47 2
183669 49 12 0
183768 49 12 2
184252 49 1 0
184252 49 1 0
184318 49 1 2
184326 49 1 2
184774 49 46 0
184774 49 46 0
184841 49 46 2
184858 49 46 2
184890 49 47 0
184890 49 47 0
184964 49 47 2
184981 49 47 2
185125 49 12 0
185125 49 12 0
185209 49 12 2
185227 49 12 2
185711 49 1 0
185711 49 1 0
185777 49 1 2
185875 49 1 2
186323 49 46 0
186323 49 46 0
186389 49 46 2
186397 49 46 2
186429 49 47 0
186429 49 47 0
186503 49 47 2
186511 49 47 2
186655 49 12 0
186655 49 12 0
186737 49 12 2
186745 49 12 2
187229 49 1 0
187229 49 1 0
187295 49 1 2
187303 49 1 2
187735 49 14 0
187865 49 14 2
187881 49 46 0
187881 49 46 0
187947 49 46 2
187955 49 46 2
187987 49 47 0
187987 49 47 0
188061 49 47 2
188069 49 47 2
188213 49 12 0
188213 49 12 0
188295 49 12 2
188303 49 12 2
188787 49 1 0
188787 49 1 0
188853 49 1 2
188860 49 1 2
189308 49 46 0
189308 49 46 0
189375 49 46 2
189403 49 46 2
189435 49 47 0
189435 49 47 0
189509 49 47 2
189518 49 47 2
189662 49 12 0
189662 49 12 0
189744 49 12 2
189752 49 12 2
190236 49 1 0
190236 49 1 0
190302 49 1 2
190310 49 1 2
190758 49 46 0
190758 49 46 0
190824 49 46 2
190832 49 46 2
190864 49 47 0
190864 49 47 0
190938 49 47 2
190946 49 47 2
191090 49 12 0
191090 49 12 0
191172 49 12 2
191179 49 12 2
191663 49 1 0
191663 49 1 0
191729 49 1 2
191737 49 1 2
192185 49 46 0
192185 49 46 0
192255 49 46 2
192257 49 46 2
192289 49 47 0
192289 49 47 0
192371 49 47 2
192372 49 47 2
192515 49 12 0
192515 49 12 0
192597 49 12 2
192605 49 12 2
193089 49 1 0
193089 49 1 0
193155 49 1 2
193163 49 1 2
193611 49 46 0
193611 49 46 0
193677 49 46 2
193685 49 46 2
193717 49 47 0
193717 49 47 0
193794 49 47 2
193802 49 47 2
193946 49 12 0
193946 49 12 0
194028 49 12 2
194036 49 12 2
194520 49 1 0
194520 49 1 0
194586 49 1 2
194594 49 1 2
195042 49 46 0
195042 49 46 0
195114 49 46 2
195121 49 46 2
195153 49 47 0
195153 49 47 0
195227 49 47 2
195235 49 47 2
195379 49 12 0
195379 49 12 0
195461 49 12 2
195468 49 12 2
195952 49 1 0
195952 49 1 0
196018 49 1 2
196026 49 1 2
196474 49 46 0
196474 49 46 0
196542 49 46 2
196551 49 46 2
196583 49 47 0
196583 49 47 0
196657 49 47 2
196669 49 47 2
196813 49 12 0
196813 49 12 0
196905 49 12 2
196922 49 12 2
197406 49 1 0
197406 49 1 0
197474 49 1 2
197562 49 1 2
198010 49 46 0
198010 49 46 0
198077 49 46 2
198092 49 46 2
198124 49 47 0
198124 49 47 0
198198 49 47 2
198239 49 47 2
198383 49 12 0
198383 49 12 0
198465 49 12 2
198495 49 12 2
198883 49 1 0
198883 49 1 0
198949 49 1 2
198962 49 1 2
199394 49 7 0
199524 49 7 2
199540 49 46 0
199540 49 46 0
199613 49 46 2
199642 49 46 2
199674 49 47 0
199674 49 47 0
199750 49 47 2
199764 49 47 2
199908 49 12 0
199908 49 12 0
199990 49 12 2
200006 49 12 2
200490 49 1 0
200490 49 1 0
200556 49 1 2
200564 49 1 2
201012 49 46 0
201012 49 46 0
201078 49 46 2
201085 49 46 2
201117 49 47 0
201117 49 47 0
201191 49 47 2
201229 49 47 2
201341 49 7 1
201373 49 12 0
201373 49 12 0
201455 49 12 2
201486 49 12 2
201601 49 2 2
201683 49 7 2
201970 49 1 0
201970 49 1 0
202036 49 1 2
202044 49 1 2
202492 49 46 0
202492 49 46 0
202558 49 46 2
202575 49 46 2
202607 49 47 0
202607 49 47 0
202683 49 47 2
202720 49 47 2
202864 49 5 0
202986 49 5 2
202994 49 61 0
203123 49 61 2
203131 49 29 0
203408 49 29 2
203424 49 62 0
203424 49 62 0
203491 49 62 2
203562 49 62 2
203838 49 63 0
203838 49 63 0
203912 49 63 2
203984 49 63 2
204408 49 12 0
204408 49 12 0
204491 49 12 2
204519 49 12 2
204639 49 51 2
204959 49 11 0
205066 49 11 2
205278 49 1 0
205278 49 1 0
205344 49 1 2
205352 49 1 2
205800 49 46 0
205800 49 46 0
205866 49 46 2
205878 49 46 2
205910 49 47 0
205910 49 47 0
205984 49 47 2
205992 49 47 2
206136 49 12 0
206136 49 12 0
206218 49 12 2
206226 49 12 2
206710 49 1 0
206710 49 1 0
206776 49 1 2
206789 49 1 2
207237 49 46 0
207237 49 46 0
207311 49 46 2
207329 49 46 2
207361 49 47 0
207361 49 47 0
207438 49 47 2
207452 49 47 2
207596 49 12 0
207596 49 12 0
207679 49 12 2
207687 49 12 2
208171 49 1 0
208171 49 1 0
208237 49 1 2
208246 49 1 2
208694 49 46 0
208694 49 46 0
208760 49 46 2
208768 49 46 2
208800 49 47 0
208800 49 47 0
208875 49 47 2
208883 49 47 2
209027 49 12 0
209027 49 12 0
209110 49 12 2
209127 49 12 2
209611 49 1 0
209611 49 1 0
209677 49 1 2
209684 49 1 2
210132 49 46 0
210132 49 46 0
210199 49 46 2
210206 49 46 2
210238 49 47 0
210238 49 47 0
210312 49 47 2
210320 49 47 2
210464 49 12 0
210553 49 12 2
211037 49 1 0
211037 49 1 0
211121 49 1 2
211303 49 1 2
211569 49 46 0
211569 49 46 0
211636 49 46 2
211645 49 46 2
211677 49 47 0
211677 49 47 0
211759 49 47 2
211761 49 47 2
211903 49 12 0
211903 49 12 0
212003 49 12 2
212055 49 12 2
212487 49 1 0
212487 49 1 0
212567 49 1 2
212746 49 1 2
212999 49 8 0
213123 49 8 2
213139 49 46 0
213139 49 46 0
213205 49 46 2
213214 49 46 2
213246 49 47 0
213246 49 47 0
213320 49 47 2
213328 49 47 2
213472 49 12 0
213472 49 12 0
213555 49 12 2
213575 49 12 2
214059 49 1 0
214059 49 1 0
214125 49 1 2
214133 49 1 2
214581 49 46 0
214581 49 46 0
214654 49 46 2
214655 49 46 2
214686 49 47 0
214686 49 47 0
214771 49 47 2
214791 49 47 2
214935 49 12 0
214935 49 12 0
215018 49 12 2
215034 49 12 2
215518 49 1 0
215518 49 1 0
215589 49 1 2
215598 49 1 2
216046 49 46 0
216046 49 46 0
216112 49 46 2
216121 49 46 2
216153 49 47 0
216153 49 47 0
216237 49 47 2
216248 49 47 2
216392 49 12 0
216392 49 12 0
216484 49 12 2
216502 49 12 2
216986 49 1 0
216986 49 1 0
217052 49 1 2
217063 49 1 2
217511 49 46 0
217511 49 46 0
217577 49 46 2
217586 49 46 2
217618 49 47 0
217618 49 47 0
217692 49 47 2
217710 49 47 2
217854 49 12 0
217854 49 12 0
217946 49 12 2
217964 49 12 2
218448 49 1 0
218448 49 1 0
218514 49 1 2
218522 49 1 2
218970 49 46 0
218970 49 46 0
219036 49 46 2
219044 49 46 2
219076 49 47 0
219076 49 47 0
219160 49 47 2
219178 49 47 2
219322 49 12 0
219322 49 12 0
219415 49 12 2
219432 49 12 2
219916 49 1 0
219916 49 1 0
219990 49 1 2
219995 49 1 2
220443 49 46 0
220443 49 46 0
220510 49 46 2
220517 49 46 2
220549 49 47 0
220549 49 47 0
220623 49 47 2
220641 49 47 2
220785 49 12 0
220785 49 12 0
220896 49 12 2
220897 49 12 2
221380 49 1 0
221380 49 1 0
221446 49 1 2
221457 49 1 2
221905 49 46 0
221905 49 46 0
221971 49 46 2
221982 49 46 2
222014 49 47 0
222014 49 47 0
222088 49 47 2
222106 49 47 2
222250 49 12 0
222250 49 12 0
222342 49 12 2
222359 49 12 2
222843 49 1 0
222843 49 1 0
222909 49 1 2
222918 49 1 2
223366 49 46 0
223366 49 46 0
223432 49 46 2
223441 49 46 2
223473 49 47 0
223473 49 47 0
223548 49 47 2
223566 49 47 2
223710 49 12 0
223710 49 12 0
223803 49 12 2
223819 49 12 2
224303 49 1 0
224303 49 1 0
224369 49 1 2
224376 49 1 2
224761 49 2 0
224762 49 7 1
224808 49 9 0
224925 49 9 2
224941 49 46 0
224941 49 46 0
225007 49 46 2
225018 49 46 2
225021 49 2 2
225050 49 47 0
225050 49 47 0
225103 49 7 2
225133 49 47 2
225137 49 47 2
225277 49 12 0
225277 49 12 0
225369 49 12 2
225377 49 12 2
225861 49 1 0
225861 49 1 0
225927 49 1 2
225935 49 1 2
226383 49 46 0
226383 49 46 0
226449 49 46 2
226474 49 46 2
226506 49 47 0
226506 49 47 0
226580 49 47 2
226598 49 47 2
226742 49 12 0
226742 49 12 0
226834 49 12 2
226852 49 12 2
227336 49 1 0
227336 49 1 0
227404 49 1 2
227409 49 1 2
227857 49 46 0
227857 49 46 0
227923 49 46 2
227931 49 46 2
227963 49 47 0
227963 49 47 0
228047 49 47 2
228058 49 47 2
228202 49 12 0
228202 49 12 0
228294 49 12 2
228312 49 12 2
228796 49 1 0
228796 49 1 0
228862 49 1 2
228870 49 1 2
229318 49 46 0
229318 49 46 0
229384 49 46 2
229392 49 46 2
229424 49 47 0
229424 49 47 0
229499 49 47 2
229517 49 47 2
229661 49 12 0
229661 49 12 0
229753 49 12 2
229771 49 12 2
230255 49 1 0
230255 49 1 0
230322 49 1 2
230327 49 1 2
230775 49 46 0
230775 49 46 0
230841 49 46 2
230849 49 46 2
230881 49 47 0
230881 49 47 0
230983 49 47 2
230985 49 47 2
231127 49 12 0
231127 49 12 0
231222 49 12 2
231230 49 12 2
231714 49 1 0
231714 49 1 0
231780 49 1 2
231788 49 1 2
232236 49 46 0
232236 49 46 0
232302 49 46 2
232320 49 46 2
232352 49 47 0
232352 49 47 0
232436 49 47 2
232445 49 47 2
232589 49 12 0
232589 49 12 0
232682 49 12 2
232699 49 12 2
233183 49 1 0
233183 49 1 0
233250 49 1 2
233258 49 1 2
233706 49 46 0
233706 49 46 0
233773 49 46 2
233790 49 46 2
233822 49 47 0
233822 49 47 0
233906 49 47 2
233924 49 47 2
234068 49 12 0
234068 49 12 0
234160 49 12 2
234168 49 12 2
234652 49 1 0
234652 49 1 0
234718 49 1 2
234727 49 1 2
235175 49 46 0
235175 49 46 0
235241 49 46 2
235257 49 46 2
235289 49 47 0
235289 49 47 0
235363 49 47 2
235383 49 47 2
235527 49 12 0
235527 49 12 0
235619 49 12 2
235628 49 12 2
236112 49 1 0
236112 49 1 0
236179 49 1 2
236185 49 1 2
236617 49 10 0
236763 49 10 2
236779 49 46 0
236779 49 46 0
236846 49 46 2
236857 49 46 2
236889 49 47 0
236889 49 47 0
236965 49 47 2
236973 49 47 2
237117 49 12 0
237117 49 12 0
237199 49 12 2
237207 49 12 2
237691 49 1 0
237691 49 1 0
237757 49 1 2
237765 49 1 2
238213 49 46 0
238213 49 46 0
238279 49 46 2
238291 49 46 2
238323 49 47 0
238323 49 47 0
238400 49 47 2
238417 49 47 2
238561 49 12 0
238561 49 12 0
238653 49 12 2
238672 49 12 2
239156 49 1 0
239156 49 1 0
239223 49 1 2
239230 49 1 2
239678 49 46 0
239678 49 46 0
239745 49 46 2
239754 49 46 2
239786 49 47 0
239786 49 47 0
239870 49 47 2
239878 49 47 2
240022 49 12 0
240022 49 12 0
240114 49 12 2
240131 49 12 2
240615 49 1 0
240615 49 1 0
240681 49 1 2
240689 49 1 2
241137 49 46 0
241137 49 46 0
241203 49 46 2
241212 49 46 2
241244 49 47 0
241244 49 47 0
241318 49 47 2
241336 49 47 2
241480 49 12 0
241480 49 12 0
241572 49 12 2
241580 49 12 2
242064 49 1 0
242064 49 1 0
242130 49 1 2
242138 49 1 2
242586 49 46 0
242586 49 46 0
242652 49 46 2
242660 49 46 2
242692 49 47 0
242692 49 47 0
242776 49 47 2
242794 49 47 2
242938 49 12 0
242938 49 12 0
243030 49 12 2
243048 49 12 2
243532 49 1 0
243532 49 1 0
243598 49 1 2
243606 49 1 2
244054 49 46 0
244054 49 46 0
244120 49 46 2
244128 49 46 2
244160 49 47 0
244160 49 47 0
244236 49 47 2
244252 49 47 2
244396 49 12 0
244396 49 12 0
244488 49 12 2
244505 49 12 2
244989 49 1 0
244989 49 1 0
245055 49 1 2
245063 49 1 2
245511 49 46 0
245511 49 46 0
245577 49 46 2
245586 49 46 2
245618 49 47 0
245618 49 47 0
245692 49 47 2
245710 49 47 2
245854 49 12 0
245854 49 12 0
245946 49 12 2
245964 49 12 2
246448 49 1 0
246448 49 1 0
246514 49 1 2
246522 49 1 2
246970 49 46 0
246970 49 46 0
247036 49 46 2
247044 49 46 2
247076 49 47 0
247076 49 47 0
247160 49 47 2
247168 49 47 2
247312 49 12 0
247312 49 12 0
247404 49 12 2
247422 49 12 2
247906 49 1 0
247906 49 1 0
247972 49 1 2
247980 49 1 2
248412 49 11 0
248540 49 11 2
248556 49 46 0
248556 49 46 0
248622 49 46 2
248630 49 46 2
248662 49 47 0
248662 49 47 0
248736 49 47 2
248754 49 47 2
248898 49 12 0
248898 49 12 0
248990 49 12 2
249003 49 12 2
249487 49 1 0
249487 49 1 0
249553 49 1 2
249561 49 1 2
250009 49 46 0
250009 49 46 0
250075 49 46 2
250084 49 46 2
250116 49 47 0
250116 49 47 0
250200 49 47 2
250219 49 47 2
250363 49 12 0
250363 49 12 0
250446 49 12 2
250462 49 12 2
250946 49 1 0
250946 49 1 0
251012 49 1 2
251020 49 1 2
251468 49 46 0
251468 49 46 0
251534 49 46 2
251552 49 46 2
251584 49 47 0
251584 49 47 0
251658 49 47 2
251677 49 47 2
251821 49 12 0
251821 49 12 0
251913 49 12 2
251933 49 12 2
252417 49 1 0
252417 49 1 0
252483 49 1 2
252543 49 1 2
252991 49 46 0
252991 49 46 0
253057 49 46 2
253076 49 46 2
253108 49 47 0
253108 49 47 0
253192 49 47 2
253209 49 47 2
253353 49 12 0
253353 49 12 0
253439 49 12 2
253456 49 12 2
253940 49 1 0
253940 49 1 0
254006 49 1 2
254018 49 1 2
254466 49 46 0
254466 49 46 0
254534 49 46 2
254545 49 46 2
254577 49 47 0
254577 49 47 0
254653 49 47 2
254674 49 47 2
254818 49 12 0
254818 49 12 0
254900 49 12 2
254920 49 12 2
255404 49 1 0
255404 49 1 0
255471 49 1 2
255602 49 1 2
256050 49 46 0
256050 49 46 0
256127 49 46 2
256129 49 46 2
256159 49 47 0
256159 49 47 0
256233 49 47 2
256242 49 47 2
256386 49 12 0
256386 49 12 0
256470 49 12 2
256478 49 12 2
256962 49 1 0
256962 49 1 0
257029 49 1 2
257058 49 1 2
257506 49 46 0
257506 49 46 0
257574 49 46 2
257595 49 46 2
257627 49 47 0
257627 49 47 0
257701 49 47 2
257720 49 47 2
257864 49 12 0
257864 49 12 0
257957 49 12 2
257992 49 12 2
258476 49 1 0
258476 49 1 0
258542 49 1 2
258641 49 1 2
259089 49 46 0
259089 49 46 0
259156 49 46 2
259165 49 46 2
259197 49 47 0
259197 49 47 0
259271 49 47 2
259280 49 47 2
259424 49 12 0
259424 49 12 0
259507 49 12 2
259512 49 12 2
259996 49 1 0
259996 49 1 0
260062 49 1 2
260072 49 1 2
260504 49 12 0
260504 49 12 0
260586 49 12 2
260603 49 12 2
260619 49 46 0
260619 49 46 0
260685 49 46 2
260693 49 46 2
260725 49 47 0
260725 49 47 0
260799 49 47 2
260807 49 47 2
260951 49 12 0
260951 49 12 0
261053 49 12 2
261088 49 12 2
261572 49 1 0
261572 49 1 0
261638 49 1 2
261646 49 1 2
262094 49 46 0
262094 49 46 0
262162 49 46 2
262187 49 46 2
262219 49 47 0
262219 49 47 0
262294 49 47 2
262322 49 47 2
262466 49 12 0
262466 49 12 0
262548 49 12 2
262566 49 12 2
263050 49 1 0
263050 49 1 0
263117 49 1 2
263125 49 1 2
263573 49 46 0
263573 49 46 0
263646 49 46 2
263658 49 46 2
263690 49 47 0
263690 49 47 0
263774 49 47 2
263783 49 47 2
263927 49 12 0
263927 49 12 0
264019 49 12 2
264054 49 12 2
264538 49 1 0
264538 49 1 0
264604 49 1 2
264651 49 1 2
264951 49 2 0
264952 49 7 1
265099 49 46 0
265099 49 46 0
265165 49 46 2
265195 49 46 2
265213 49 2 2
265227 49 47 0
265227 49 47 0
265295 49 7 2
265312 49 47 2
265318 49 47 2
265462 49 12 0
265462 49 12 0
265554 49 12 2
265569 49 12 2
266053 49 1 0
266053 49 1 0
266119 49 1 2
266206 49 1 2
266654 49 46 0
266654 49 46 0
266720 49 46 2
266728 49 46 2
266760 49 47 0
266760 49 47 0
266854 49 47 2
266862 49 47 2
267006 49 12 0
267006 49 12 0
267109 49 12 2
267144 49 12 2
267628 49 1 0
267628 49 1 0
267695 49 1 2
267703 49 1 2
268051 49 2 0
268151 49 46 0
268151 49 46 0
268185 49 2 0
268217 49 46 2
268225 49 46 2
268257 49 47 0
268257 49 47 0
268328 49 2 0
268332 49 47 2
268347 49 47 2
268403 49 45 2
268470 49 2 0
268491 49 12 0
268491 49 12 0
268584 49 12 2
268601 49 12 2
268649 49 2 0
268733 49 1 0
268784 49 2 0
268856 49 1 2
269167 49 45 2
269208 49 1 0
269208 49 1 0
269271 49 2 0
269281 49 1 2
269354 49 1 2
269688 49 2 0
269729 49 46 0
269729 49 46 0
269804 49 46 2
269829 49 2 0
269836 49 47 0
269836 49 47 0
269838 49 46 2
269920 49 47 2
269940 49 47 2
270084 49 12 0
270084 49 12 0
270162 49 2 0
270176 49 12 2
270201 49 12 2
270316 49 2 0
270464 49 2 0
270596 49 2 0
270685 49 1 0
270685 49 1 0
270751 49 1 2
270759 49 1 2
270797 49 2 0
270991 49 2 0
271123 49 2 0
271207 49 46 0
271207 49 46 0
271218 49 2 0
271273 49 46 2
271281 49 46 2
271313 49 47 0
271313 49 47 0
271365 49 46 2
271386 49 2 0
271388 49 47 2
271399 49 47 2
271505 49 2 0
271543 49 12 0
271543 49 12 0
271626 49 12 2
271646 49 12 2
271698 49 2 0
271836 49 2 0
271977 49 2 0
272108 49 2 0
272130 49 1 0
272130 49 1 0
272197 49 1 2
272204 49 1 2
272222 49 2 0
272396 49 2 0
272484 49 48 2
272615 49 47 2
272632 49 2 0
272652 49 46 0
272652 49 46 0
272718 49 46 2
272725 49 46 2
272757 49 47 0
272757 49 47 0
272777 49 2 0
272831 49 47 2
272839 49 47 2
272910 49 2 0
272983 49 12 0
272983 49 12 0
273011 49 2 0
273065 49 12 2
273111 49 2 0
273146 49 12 2
273209 49 2 0
273278 49 1 0
273322 49 2 0
273368 49 1 2
273465 49 48 2
273532 49 2 0
273712 49 9 0
273715 49 51 2
273817 49 9 2
273941 49 55 0
274039 49 2 0
274063 49 55 2
274067 49 1 0
274182 49 1 2
274206 49 56 0
274224 49 2 0
274256 49 51 2
274328 49 56 2
274348 49 45 0
274364 49 2 0
274454 49 45 2
274470 49 1 0
274493 49 2 0
274571 49 1 2
274585 49 2 0
274607 49 1 0
274706 49 1 2
274710 49 46 0
274776 49 2 0
274894 49 46 2
274930 49 2 0
274970 49 63 0
275069 49 2 0
275180 49 2 0
275228 49 63 2
275236 49 47 0
275308 49 51 2
275317 49 2 0
275358 49 47 2
275462 49 62 0
275462 49 62 0
275528 49 62 2
275532 49 2 0
275536 49 62 2
275660 49 61 0
275660 49 61 0
275675 49 2 0
275718 49 61 2
275784 49 61 2
275822 49 2 0
275856 49 54 0
275930 49 2 0
275986 49 54 2
276018 49 55 0
276073 49 2 0
276156 49 55 2
276224 49 2 0
276384 49 40 0
276396 49 2 0
276481 49 40 2
276509 49 49 0
276519 49 2 0
276599 49 49 2
276611 49 51 0
276718 49 51 2
276738 49 37 0
276840 49 2 0
276866 49 37 2
276870 49 20 0
276980 49 20 2
276996 49 3 0
277025 49 2 0
277356 49 3 2
277448 49 21 0
277501 49 2 0
277562 49 21 2
277570 49 56 0
277731 49 2 0
277735 49 56 2
277755 49 57 0
277885 49 57 2
277889 49 1 0
277972 49 1 2
278056 49 58 0
278056 49 58 0
278058 49 2 0
278090 49 58 2
278195 49 58 2
278252 49 2 0
278275 49 59 0
278275 49 59 0
278317 49 59 2
278402 49 59 2
278421 49 2 0
278426 49 63 0
278578 49 2 0
278646 49 63 2
278730 49 33 0
278849 49 33 2
279031 49 2 0
279271 49 2 0
279541 49 2 0
280883 49 2 0
281974 49 0 2
288781 49 2 0
288782 49 7 1
289031 49 7 1
289041 49 2 2
289123 49 7 2
289290 49 0 2
289371 49 7 2
315095 49 2 0
315096 49 7 1
315350 49 2 2
315431 49 7 2
328031 49 2 0
328032 49 7 1
328290 49 2 2
328371 49 7 2
400205 49 2 0
400206 49 2 2
400919 49 2 0
400920 49 7 1
401171 49 2 2
401253 49 7 2
484796 49 2 2
520782 49 7 1
521033 49 2 2
521115 49 7 2
544432 49 7 1
544682 49 2 2
544763 49 7 2
550050 49 7 1
550302 49 2 2
550383 49 7 2
576881 49 7 1
577132 49 3 2
577221 49 7 2
577960 49 7 1
578212 49 3 2
578301 49 7 2
582845 49 2 0
589215 49 2 0
589216 49 2 2
589699 49 2 0
589700 49 2 2
607384 49 7 1
607642 49 3 2
607731 49 7 2
610665 49 7 1
610922 49 3 2
611011 49 7 2
612610 49 2 0
612611 49 7 1
612863 49 2 2
612945 49 7 2
619990 49 7 1
620243 49 3 2
620333 49 7 2
635920 49 7 1
636173 49 2 2
636255 49 7 2
636770 49 3 0
636771 49 7 1
637022 49 3 2
637111 49 7 2
642212 49 3 0
642213 49 3 2
644316 49 3 0
644317 49 2 0
664310 49 2 0
664311 49 7 1
664563 49 2 2
664645 49 7 2
687720 49 2 0
687721 49 7 1
687973 49 2 2
688055 49 7 2
701435 49 2 2
701436 49 2 0
705974 49 2 0
705975 49 2 2
712867 49 3 2
762397 49 2 0
762398 49 7 1
762652 49 2 2
762734 49 7 2
790146 49 15 0
790146 49 15 0
790252 49 15 2
790277 49 15 2
790365 49 30 0
790486 49 30 2
790498 49 24 0
790588 49 24 2
790688 49 25 0
790778 49 25 2
790786 49 49 0
790795 49 2 0
790795 49 49 2
790877 49 49 2
790941 49 26 0
791039 49 26 2
791103 49 27 0
791209 49 27 2
791241 49 34 0
791338 49 34 2
791350 49 26 0
791448 49 26 2
791544 49 55 0
791681 49 55 2
791689 49 27 0
791796 49 27 2
791844 49 23 0
801236 49 23 2
801240 49 28 0
801335 49 30 2
801354 49 28 2
801406 49 56 0
801406 49 56 0
801440 49 56 2
801449 49 27 2
801505 49 56 2
801541 49 8 0
801564 49 53 2
801682 49 40 2
801778 49 8 2
801806 49 57 0
801806 49 57 0
801832 49 57 2
801905 49 57 2
801913 49 39 0
802043 49 39 2
802095 49 23 0
803893 49 23 2
803901 49 19 0
803995 49 18 2
803999 49 19 2
804003 49 23 0
809457 49 23 2
809797 49 43 2
809805 49 23 0
820007 49 23 2
820214 49 25 2
820223 49 23 0
821817 49 23 2
824531 49 22 2
824541 49 23 0
827853 49 23 2
828262 49 21 2
828273 49 23 0
837277 49 23 2
839586 49 39 2
839593 49 23 0
841148 49 23 2
842692 49 16 2
842696 49 23 0
844650 49 23 2
844754 49 44 2
844758 49 23 0
845722 49 23 2
846550 49 23 0
846550 49 23 2
847704 49 23 2
848263 49 23 2
848268 49 23 0
848678 49 23 2
853550 49 23 0
853550 49 51 2
854455 49 23 2
855925 49 27 2
855931 49 23 0
857895 49 23 2
858276 49 31 2
858279 49 23 0
861403 49 23 2
863270 49 20 2
863275 49 23 0
864137 49 23 2
867225 49 52 2
867233 49 23 0
871205 49 23 2
871917 49 45 2
871925 49 23 0
874997 49 23 2
878172 49 50 2
878177 49 23 0
879679 49 23 2
879979 49 23 0
879979 49 37 2
881602 49 23 2
883141 49 37 2
883150 49 23 0
890202 49 23 2
891719 49 63 2
891726 49 23 0
894769 49 23 2
894868 49 48 2
894991 49 47 2
895106 49 60 2
895229 49 34 2
895344 49 38 2
895459 49 28 2
895574 49 36 2
895689 49 26 2
895804 49 2 2
895935 49 12 2
896058 49 56 2
896189 49 61 2
896312 49 11 2
896435 49 53 2
896550 49 62 2
896673 49 30 2
896790 49 32 2
896913 49 59 2
897036 49 43 2
897151 49 54 2
897267 49 17 2
897382 49 8 2
897526 49 46 2
897529 49 23 0
899703 49 23 2
899932 49 46 2
899943 49 23 0
900164 49 23 2
900263 49 28 2
900378 49 36 2
900493 49 41 2
900608 49 32 2
900732 49 38 2
900847 49 30 2
900962 49 47 2
901077 49 53 2
901192 49 62 2
901315 49 26 2
901432 49 60 2
901556 49 17 2
901674 49 2 2
901806 49 43 2
901924 49 11 2
902047 49 61 2
902176 49 40 2
902299 49 54 2
902424 49 12 2
902432 49 23 0
903935 49 23 2
904254 49 12 2
904259 49 23 0
905593 49 23 2
906927 49 11 2
906937 49 23 0
908789 49 23 2
909377 49 23 0
909377 49 26 2
910631 49 23 2
911595 49 30 2
911603 49 23 0
913097 49 23 2
913433 49 23 0
913433 49 28 2
916365 49 23 2
917996 49 38 2
917997 49 23 0
918819 49 23 2
919916 49 43 2
919923 49 23 0
923095 49 23 2
923465 49 47 2
923467 49 23 0
923827 49 23 2
925568 49 36 2
925579 49 23 0
926321 49 23 2
927679 49 60 2
927689 49 23 0
929333 49 23 2
929439 49 17 2
929441 49 23 0
931493 49 23 2
932117 49 23 0
932117 49 62 2
932409 49 23 2
932509 49 8 2
932642 49 54 2
932759 49 59 2
932882 49 43 2
933002 49 61 2
933126 49 2 2
933262 49 41 2
933382 49 40 2
933506 49 32 2
933636 49 48 2
933645 49 23 0
935889 49 23 2
936116 49 8 2
936117 49 23 0
937469 49 23 2
937572 49 8 2
937703 49 40 2
937830 49 32 2
937841 49 23 0
938225 49 23 2
938328 49 8 2
938333 49 23 0
938493 49 23 2
938545 49 29 0
938592 49 2 2
938667 49 29 2
938683 49 23 0
938885 49 23 2
938985 49 32 0
938985 49 54 2
939075 49 32 2
939159 49 28 0
939273 49 28 2
939325 49 2 0
939423 49 2 2
939435 49 29 0
939516 49 29 2
939548 49 4 0
939654 49 4 2
939662 49 35 0
939662 49 35 0
939712 49 35 2
939761 49 35 2
939801 49 36 0
939801 49 36 0
939859 49 36 2
939908 49 36 2
941321 49 40 2
959929 49 2 2
1027778 49 2 2
1050754 49 2 0
1050755 49 2 2
1084284 49 3 0
1084285 49 3 2
1085131 49 3 0
1085132 49 3 2
1087706 49 7 1
1087958 49 3 2
1087986 49 2 0
1087987 49 2 2
1088048 49 7 2
1090982 49 37 0
1090982 49 37 0
1091632 49 37 2
1093737 49 37 2
1093917 49 0 0
1093917 49 0 0
1093992 49 0 2
1094012 49 0 2
1094100 49 36 0
1094100 49 36 0
1094208 49 36 2
1094265 49 36 2
1094297 49 38 0
1094297 49 38 0
1094371 49 38 2
1094529 49 38 2
1094689 49 54 0
1094689 49 54 0
1094747 49 54 2
1094772 49 54 2
1094800 49 56 0
1094800 49 56 0
1094835 49 56 2
1094931 49 56 2
1094935 49 12 0
1094935 49 12 0
1095017 49 12 2
1095025 49 12 2
1095033 49 57 0
1095033 49 57 0
1095059 49 57 2
1095110 49 57 2
1095166 49 37 0
1095166 49 37 0
1095232 49 37 2
1095339 49 37 2
1095471 49 35 0
1095471 49 35 0
1095521 49 35 2
1095570 49 35 2
1096426 49 47 0
1096426 49 47 0
1096500 49 47 2
1096525 49 47 2
1096677 49 1 0
1096677 49 1 0
1096746 49 1 2
1096814 49 1 2
1096870 49 7 0
1097040 49 7 2
1097520 49 15 0
1097520 49 15 0
1097626 49 15 2
1097643 49 15 2
1097731 49 38 0
1097731 49 38 0
1098892 49 38 2
1099005 49 38 2
1099048 49 46 0
1099048 49 46 0
1099114 49 46 2
1099129 49 46 2
1099181 49 0 0
1099181 49 0 0
1099255 49 0 2
1099272 49 0 2
1099378 49 48 2
1099420 49 47 0
1099420 49 47 0
1099494 49 47 2
1099508 49 47 2
1099524 49 12 0
1099619 49 12 2
1099655 49 47 0
1099743 49 47 2
1099790 49 48 2
1099924 49 48 2
1101051 49 63 0
1101051 49 63 0
1101119 49 46 2
1101125 49 63 2
1101133 49 63 2
1101337 49 58 0
1101337 49 58 0
1101371 49 58 2
1101447 49 58 2
1101531 49 46 0
1101531 49 46 0
1101597 49 46 2
1101630 49 46 2
1102186 49 15 0
1102186 49 15 0
1102292 49 15 2
1102419 49 15 2
1102473 49 47 2
1102602 49 47 2
1102919 49 52 0
1103038 49 2 0
1103039 49 0 0
1103234 49 52 2
1103810 49 53 0
1104094 49 53 2
1104670 49 54 0
1104956 49 54 2
1105532 49 55 0
1105776 49 55 2
1106352 49 56 0
1106492 49 3 0
1106493 49 2 0
1106618 49 56 2
1107194 49 57 0
1107493 49 57 2
1108069 49 58 0
1108315 49 58 2
1108891 49 59 0
1109156 49 59 2
1109732 49 60 0
1110052 49 60 2
1110628 49 61 0
1110923 49 61 2
1111499 49 62 0
1111776 49 62 2
1112352 49 63 0
1112594 49 63 2
1113170 49 0 0
1113170 49 0 0
1113244 49 0 2
1113409 49 0 2
1113677 49 2 0
1113847 49 2 2
1113903 49 3 0
1114033 49 3 2
1114037 49 7 0
1114423 49 7 2
1114511 49 4 0
1114641 49 4 2
1115029 49 1 0
1115315 49 1 2
1115891 49 2 0
1116211 49 2 2
1116787 49 3 0
1117144 49 3 2
1117720 49 4 0
1118015 49 4 2
1118591 49 5 0
1118897 49 5 2
1119473 49 6 0
1119853 49 6 2
1120429 49 7 0
1120764 49 7 2
1121340 49 8 0
1121340 49 8 0
1121406 49 8 2
1121580 49 8 2
1122156 49 9 0
1122436 49 9 2
1123012 49 10 0
1123313 49 10 2
1123889 49 11 0
1123889 49 11 0
1123964 49 11 2
1124193 49 0 0
1124194 49 7 1
1124206 49 11 2
1124448 49 0 2
1124530 49 7 2
1124782 49 12 0
1124782 49 12 0
1124864 49 12 2
1125074 49 12 2
1125650 49 13 0
1125935 49 13 2
1126511 49 14 0
1126875 49 14 2
1127451 49 15 0
1127786 49 15 2
1128362 49 16 0
1128600 49 16 2
1129176 49 17 0
1129464 49 17 2
1130040 49 18 0
1130366 49 18 2
1130942 49 19 0
1131268 49 19 2
1131844 49 20 0
1132144 49 20 2
1132720 49 21 0
1133005 49 21 2
1133581 49 22 0
1133948 49 22 2
1134524 49 23 0
1134928 49 23 2
1135504 49 24 0
1135750 49 24 2
1136326 49 25 0
1136634 49 25 2
1137210 49 26 0
1137528 49 26 2
1138104 49 27 0
1138410 49 27 2
1138986 49 28 0
1139284 49 28 2
1139860 49 29 0
1140145 49 29 2
1140721 49 30 0
1141060 49 30 2
1141636 49 31 0
1141930 49 31 2
1142506 49 32 0
1142749 49 32 2
1143325 49 33 0
1143605 49 33 2
1144181 49 34 0
1144460 49 34 2
1145036 49 35 0
1145332 49 35 2
1145908 49 36 0
1146214 49 36 2
1146790 49 37 0
1147085 49 37 2
1147661 49 38 0
1147973 49 38 2
1148549 49 39 0
1148822 49 39 2
1149398 49 40 0
1149650 49 40 2
1150226 49 41 0
1150575 49 41 2
1151151 49 42 0
1151421 49 42 2
1151997 49 43 0
1152394 49 43 2
1152970 49 44 0
1153264 49 44 2
1153801 49 7 1
1153840 49 45 0
1154058 49 39 2
1154148 49 7 2
1154155 49 45 2
1154367 49 7 1
1154485 49 7 1
1154628 49 60 2
1154686 49 7 2
1154731 49 46 0
1154748 49 36 2
1154817 49 7 2
1154874 49 7 1
1154961 49 7 1
1155023 49 46 2
1155079 49 7 1
1155138 49 14 2
1155244 49 7 2
1155248 49 38 2
1155330 49 7 2
1155358 49 12 2
1155448 49 7 2
1155599 49 47 0
1155854 49 47 2
1155875 49 7 1
1156122 49 7 1
1156148 49 54 2
1156214 49 7 2
1156378 49 20 2
1156430 49 48 0
1156460 49 7 2
1156515 49 7 1
1156700 49 48 2
1156768 49 61 2
1156773 49 7 1
1156834 49 7 2
1156927 49 7 1
1157028 49 56 2
1157053 49 7 1
1157070 49 7 2
1157248 49 35 2
1157276 49 49 0
1157285 49 7 1
1157305 49 7 2
1157358 49 55 2
1157432 49 7 2
1157444 49 7 1
1157514 49 7 1
1157568 49 49 2
1157584 49 49 2
1157593 49 7 2
1157698 49 27 2
1157723 49 7 1
1157764 49 7 2
1157808 49 48 2
1157842 49 7 2
1157863 49 7 1
1157978 49 10 2
1158052 49 7 2
1158138 49 57 2
1158160 49 50 0
1158172 49 7 2
1158197 49 7 1
1158267 49 7 1
1158393 49 7 1
1158414 49 50 2
1158458 49 4 2
1158478 49 7 1
1158556 49 7 2
1158568 49 44 2
1158623 49 7 1
1158626 49 7 2
1158678 49 28 2
1158701 49 7 1
1158752 49 7 2
1158788 49 43 2
1158827 49 7 1
1158838 49 7 2
1158898 49 19 2
1158969 49 7 1
1158972 49 7 2
1159008 49 58 2
1159050 49 7 2
1159118 49 53 2
1159176 49 7 2
1159228 49 21 2
1159317 49 7 1
1159318 49 7 2
1159433 49 7 1
1159568 49 8 2
1159642 49 7 2
1159688 49 46 2
1159753 49 7 1
1159765 49 7 2
1159865 49 7 1
1159969 49 7 1
1160008 49 6 2
1160118 49 5 2
1160122 49 7 2
1160187 49 7 1
1160224 49 7 2
1160228 49 52 2
1160277 49 7 2
1160345 49 7 1
1160438 49 16 2
1160446 49 7 1
1160492 49 7 1
1160504 49 7 2
1160598 49 23 2
1160693 49 7 1
1160704 49 7 2
1160728 49 22 2
1160813 49 7 1
1160826 49 7 2
1160838 49 50 2
1160872 49 7 2
1160948 49 62 2
1160989 49 7 1
1161022 49 7 2
1161068 49 47 2
1161099 49 7 1
1161150 49 7 2
1161244 49 7 1
1161248 49 24 2
1161306 49 7 2
1161319 49 7 1
1161358 49 34 2
1161409 49 7 2
1161469 49 7 1
1161498 49 29 2
1161579 49 7 2
1161608 49 59 2
1161615 49 7 1
1161658 49 7 2
1161728 49 30 2
1161817 49 7 2
1161823 49 7 1
1161868 49 9 2
1161894 49 7 1
1161934 49 7 2
1162037 49 7 1
1162078 49 15 2
1162137 49 7 1
1162188 49 45 2
1162192 49 7 2
1162253 49 7 2
1162298 49 13 2
1162396 49 7 2
1162408 49 17 2
1162431 49 7 1
1162466 49 7 2
1162495 49 7 1
1162621 49 7 1
1162688 49 7 2
1162741 49 7 1
1162798 49 18 2
1162810 49 7 2
1162864 49 7 2
1162908 49 63 2
1162911 49 7 1
1162990 49 7 2
1163014 49 7 1
1163018 49 33 2
1163059 49 7 2
1163168 49 32 2
1163197 49 7 1
1163218 49 7 2
1163278 49 41 2
1163313 49 7 2
1163421 49 7 1
1163448 49 31 2
1163491 49 7 1
1163545 49 7 2
1163633 49 7 1
1163678 49 11 2
1163727 49 7 1
1163760 49 7 2
1163788 49 51 2
1163830 49 7 2
1163898 49 37 2
1163972 49 7 2
1163993 49 7 1
1164008 49 26 2
1164065 49 7 2
1164071 49 7 1
1164189 49 7 1
1164248 49 1 2
1164283 49 7 1
1164322 49 7 2
1164358 49 42 2
1164400 49 7 2
1164451 49 3 0
1164452 49 7 1
1164468 49 25 2
1164518 49 7 2
1164578 49 40 2
1164620 49 7 2
1164708 49 3 2
1164798 49 7 2
1166814 49 8 0
1166921 49 7 1
1167060 49 8 2
1167178 49 2 2
1167260 49 7 2
1169441 49 7 1
1169698 49 0 2
1169780 49 7 2
1203960 49 1 0
1204058 49 1 2
1204110 49 35 0
1204110 49 35 0
1204160 49 35 2
1204219 49 35 2
1204375 49 36 0
1204375 49 36 0
1204433 49 36 2
1204474 49 36 2
1204538 49 37 0
1204538 49 37 0
1204605 49 37 2
1204636 49 37 2
1204684 49 58 0
1204684 49 58 0
1204718 49 58 2
1204791 49 58 2
1204823 49 59 0
1204823 49 59 0
1204865 49 59 2
1204930 49 59 2
1205022 49 0 0
1205022 49 0 0
1205096 49 0 2
1205105 49 0 2
1205225 49 61 0
1205225 49 61 0
1205283 49 61 2
1205336 49 61 2
1205616 49 54 0
1205616 49 54 0
1205674 49 54 2
1205715 49 54 2
1205779 49 56 0
1205779 49 56 0
1205813 49 56 2
1205821 49 56 2
1205849 49 57 0
1205849 49 57 0
1205875 49 57 2
1205955 49 57 2
1207271 49 1 0
1207271 49 1 0
1207339 49 1 2
1207344 49 1 2
1207415 49 50 2
1207792 49 46 0
1207874 49 46 2
1207906 49 47 0
1207998 49 47 2
1208142 49 12 0
1208171 49 48 2
1208239 49 12 2
1208301 49 48 2
1208551 49 48 2
1208723 49 1 0
1208796 49 1 2
1209126 49 48 2
1209244 49 46 0
1209244 49 46 0
1209310 49 46 2
1209327 49 46 2
1209359 49 47 0
1209449 49 47 2
1209593 49 12 0
1209665 49 48 2
1209691 49 12 2
1209796 49 48 2
1210046 49 48 2
1210098 49 51 2
1210175 49 1 0
1210175 49 1 0
1210228 49 51 2
1210233 49 50 2
1210241 49 1 2
1210281 49 1 2
1210426 49 50 2
1210461 49 51 2
1210616 49 50 2
1210620 49 48 2
1210729 49 46 0
1210811 49 46 2
1210843 49 47 0
1210843 49 47 0
1210917 49 47 2
1210934 49 47 2
1211078 49 12 0
1211078 49 12 0
1211158 49 48 2
1211160 49 12 2
1211177 49 12 2
1211258 49 50 2
1211287 49 48 2
1211537 49 48 2
1211661 49 1 0
1211661 49 1 0
1211727 49 1 2
1211776 49 1 2
1211791 49 50 2
1211914 49 50 2
1212156 49 50 2
1212224 49 46 0
1212306 49 46 2
1212338 49 47 0
1212427 49 47 2
1212571 49 12 0
1212668 49 12 2
1212675 49 48 2
1212805 49 48 2
1213055 49 48 2
1213112 49 51 2
1213152 49 1 0
1213152 49 1 0
1213218 49 1 2
1213226 49 1 2
1213278 49 50 2
1213402 49 50 2
1213645 49 50 2
1213674 49 46 0
1213674 49 46 0
1213740 49 46 2
1213757 49 46 2
1213789 49 47 0
1213789 49 47 0
1213863 49 47 2
1213880 49 47 2
1214024 49 12 0
1214024 49 12 0
1214107 49 12 2
1214132 49 12 2
1214394 49 51 2
1214516 49 51 2
1214616 49 1 0
1214616 49 1 0
1214682 49 1 2
1214689 49 1 2
1214757 49 51 2
1215130 49 0 0
1215137 49 46 0
1215137 49 46 0
1215210 49 46 2
1215214 49 46 2
1215246 49 47 0
1215246 49 47 0
1215320 49 47 2
1215328 49 47 2
1215472 49 12 0
1215472 49 12 0
1215554 49 12 2
1215562 49 12 2
1216046 49 1 0
1216046 49 1 0
1216112 49 1 2
1216121 49 1 2
1216569 49 46 0
1216569 49 46 0
1216637 49 46 2
1216645 49 46 2
1216677 49 47 0
1216677 49 47 0
1216752 49 47 2
1216759 49 47 2
1216903 49 12 0
1216903 49 12 0
1216985 49 12 2
1216997 49 12 2
1217481 49 1 0
1217481 49 1 0
1217547 49 1 2
1217554 49 1 2
1218002 49 46 0
1218002 49 46 0
1218068 49 46 2
1218076 49 46 2
1218108 49 47 0
1218108 49 47 0
1218140 49 2 0
1218141 49 0 0
1218182 49 47 2
1218191 49 47 2
1218335 49 12 0
1218335 49 12 0
1218417 49 12 2
1218434 49 12 2
1218918 49 1 0
1218918 49 1 0
1218984 49 1 2
1218993 49 1 2
1219441 49 46 0
1219441 49 46 0
1219508 49 46 2
1219515 49 46 2
1219547 49 47 0
1219547 49 47 0
1219621 49 47 2
1219633 49 47 2
1219777 49 12 0
1219777 49 12 0
1219859 49 12 2
1219873 49 12 2
1220357 49 1 0
1220357 49 1 0
1220423 49 1 2
1220431 49 1 2
1220879 49 46 0
1220879 49 46 0
1220947 49 46 2
1220952 49 46 2
1220984 49 47 0
1220984 49 47 0
1221058 49 47 2
1221068 49 47 2
1221212 49 12 0
1221212 49 12 0
1221294 49 12 2
1221301 49 12 2
1221785 49 1 0
1221785 49 1 0
1221851 49 1 2
1221860 49 1 2
1222308 49 46 0
1222308 49 46 0
1222375 49 46 2
1222382 49 46 2
1222414 49 47 0
1222414 49 47 0
1222497 49 47 2
1222501 49 47 2
1222641 49 12 0
1222641 49 12 0
1222723 49 12 2
1222731 49 12 2
1223215 49 1 0
1223215 49 1 0
1223281 49 1 2
1223289 49 1 2
1223737 49 46 0
1223737 49 46 0
1223809 49 46 2
1223814 49 46 2
1223846 49 47 0
1223846 49 47 0
1223920 49 47 2
1223929 49 47 2
1224073 49 12 0
1224073 49 12 0
1224155 49 12 2
1224163 49 12 2
1224647 49 1 0
1224647 49 1 0
1224713 49 1 2
1224721 49 1 2
1225169 49 46 0
1225169 49 46 0
1225235 49 46 2
1225244 49 46 2
1225276 49 47 0
1225276 49 47 0
1225350 49 47 2
1225359 49 47 2
1225503 49 12 0
1225503 49 12 0
1225585 49 12 2
1225594 49 12 2
1226078 49 1 0
1226078 49 1 0
1226144 49 1 2
1226151 49 1 2
1226599 49 46 0
1226599 49 46 0
1226666 49 46 2
1226672 49 46 2
1226704 49 47 0
1226704 49 47 0
1226778 49 47 2
1226787 49 47 2
1226931 49 12 0
1226931 49 12 0
1227013 49 12 2
1227021 49 12 2
1227409 49 1 0
1227409 49 1 0
1227475 49 1 2
1227484 49 1 2
1227932 49 46 0
1227932 49 46 0
1228003 49 46 2
1228009 49 46 2
1228041 49 47 0
1228041 49 47 0
1228115 49 47 2
1228124 49 47 2
1228268 49 12 0
1228268 49 12 0
1228350 49 12 2
1228358 49 12 2
1228842 49 1 0
1228842 49 1 0
1228908 49 1 2
1228917 49 1 2
1229365 49 46 0
1229365 49 46 0
1229433 49 46 2
1229438 49 46 2
1229470 49 47 0
1229470 49 47 0
1229544 49 47 2
1229557 49 47 2
1229701 49 12 0
1229701 49 12 0
1229783 49 12 2
1229791 49 12 2
1230275 49 1 0
1230275 49 1 0
1230341 49 1 2
1230349 49 1 2
1230797 49 46 0
1230797 49 46 0
1230863 49 46 2
1230874 49 46 2
1230906 49 47 0
1230906 49 47 0
1230980 49 47 2
1230989 49 47 2
1231141 49 61 0
1231141 49 61 0
1231199 49 61 2
1231207 49 61 2
1231231 49 62 0
1231231 49 62 0
1231297 49 62 2
1231305 49 62 2
1231581 49 63 0
1231581 49 63 0
1231656 49 63 2
1231671 49 63 2
1232095 49 12 0
1232095 49 12 0
1232177 49 12 2
1232195 49 12 2
1232847 49 1 0
1232847 49 1 0
1232913 49 1 2
1232922 49 1 2
1233370 49 46 0
1233370 49 46 0
1233436 49 46 2
1233454 49 46 2
1233486 49 47 0
1233486 49 47 0
1233561 49 47 2
1233569 49 47 2
1234445 49 12 0
1234445 49 12 0
1234506 49 48 2
1234527 49 12 2
1234544 49 12 2
1235196 49 1 0
1235196 49 1 0
1235262 49 1 2
1235270 49 1 2
1235718 49 46 0
1235718 49 46 0
1235784 49 46 2
1235793 49 46 2
1235825 49 47 0
1235825 49 47 0
1235901 49 47 2
1235906 49 47 2
1236050 49 12 0
1236050 49 12 0
1236132 49 12 2
1236143 49 12 2
1236627 49 1 0
1236627 49 1 0
1236693 49 1 2
1236701 49 1 2
1236880 49 48 2
1237149 49 46 0
1237149 49 46 0
1237215 49 46 2
1237222 49 46 2
1237254 49 47 0
1237254 49 47 0
1237330 49 47 2
1237338 49 47 2
1237482 49 12 0
1237482 49 12 0
1237564 49 12 2
1237574 49 12 2
1238058 49 1 0
1238058 49 1 0
1238125 49 1 2
1238135 49 1 2
1238583 49 46 0
1238583 49 46 0
1238667 49 46 2
1238668 49 46 2
1238699 49 47 0
1238699 49 47 0
1238775 49 47 2
1238780 49 47 2
1238924 49 12 0
1239013 49 12 2
1239497 49 1 0
1239497 49 1 0
1239563 49 1 2
1239570 49 1 2
1240018 49 46 0
1240018 49 46 0
1240084 49 46 2
1240093 49 46 2
1240125 49 47 0
1240125 49 47 0
1240199 49 47 2
1240206 49 47 2
1240350 49 12 0
1240439 49 12 2
1240923 49 1 0
1240923 49 1 0
1240997 49 1 2
1241089 49 1 2
1241429 49 8 0
1241429 49 8 0
1241495 49 8 2
1241544 49 8 2
1241560 49 46 0
1241560 49 46 0
1241626 49 46 2
1241634 49 46 2
1241666 49 47 0
1241666 49 47 0
1241743 49 47 2
1241759 49 47 2
1241903 49 12 0
1241903 49 12 0
1241985 49 12 2
1241993 49 12 2
1242477 49 1 0
1242477 49 1 0
1242543 49 1 2
1242551 49 1 2
1242999 49 46 0
1242999 49 46 0
1243066 49 46 2
1243076 49 46 2
1243108 49 47 0
1243108 49 47 0
1243182 49 47 2
1243191 49 47 2
1243335 49 12 0
1243335 49 12 0
1243417 49 12 2
1243425 49 12 2
1243909 49 1 0
1243909 49 1 0
1243975 49 1 2
1243986 49 1 2
1244434 49 46 0
1244434 49 46 0
1244500 49 46 2
1244510 49 46 2
1244542 49 47 0
1244542 49 47 0
1244617 49 47 2
1244626 49 47 2
1244770 49 12 0
1244770 49 12 0
1244852 49 12 2
1244859 49 12 2
1245343 49 1 0
1245343 49 1 0
1245409 49 1 2
1245417 49 1 2
1245865 49 46 0
1245865 49 46 0
1245931 49 46 2
1245939 49 46 2
1245971 49 47 0
1245971 49 47 0
1246045 49 47 2
1246052 49 47 2
1246196 49 12 0
1246196 49 12 0
1246278 49 12 2
1246286 49 12 2
1246770 49 1 0
1246770 49 1 0
1246836 49 1 2
1246849 49 1 2
1247297 49 46 0
1247297 49 46 0
1247363 49 46 2
1247371 49 46 2
1247403 49 47 0
1247403 49 47 0
1247479 49 47 2
1247484 49 47 2
1247628 49 12 0
1247628 49 12 0
1247710 49 12 2
1247720 49 12 2
1248204 49 1 0
1248204 49 1 0
1248271 49 1 2
1248278 49 1 2
1248726 49 46 0
1248726 49 46 0
1248793 49 46 2
1248803 49 46 2
1248835 49 47 0
1248835 49 47 0
1248909 49 47 2
1248920 49 47 2
1249064 49 12 0
1249064 49 12 0
1249146 49 12 2
1249158 49 12 2
1249642 49 1 0
1249642 49 1 0
1249708 49 1 2
1249721 49 1 2
1250169 49 46 0
1250169 49 46 0
1250236 49 46 2
1250250 49 46 2
1250282 49 47 0
1250282 49 47 0
1250364 49 47 2
1250366 49 47 2
1250510 49 12 0
1250510 49 12 0
1250592 49 12 2
1250600 49 12 2
1251084 49 1 0
1251084 49 1 0
1251153 49 1 2
1251162 49 1 2
1251610 49 46 0
1251610 49 46 0
1251677 49 46 2
1251685 49 46 2
1251717 49 47 0
1251717 49 47 0
1251791 49 47 2
1251801 49 47 2
1251945 49 12 0
1251945 49 12 0
1252027 49 12 2
1252035 49 12 2
1252519 49 1 0
1252519 49 1 0
1252600 49 1 2
1252603 49 1 2
1253051 49 46 0
1253051 49 46 0
1253118 49 46 2
1253135 49 46 2
1253167 49 47 0
1253167 49 47 0
1253242 49 47 2
1253251 49 47 2
1253395 49 12 0
1253395 49 12 0
1253477 49 12 2
1253485 49 12 2
1253969 49 1 0
1253969 49 1 0
1254035 49 1 2
1254043 49 1 2
1254491 49 46 0
1254491 49 46 0
1254557 49 46 2
1254575 49 46 2
1254607 49 47 0
1254607 49 47 0
1254681 49 47 2
1254691 49 47 2
1254835 49 12 0
1254835 49 12 0
1254917 49 12 2
1254926 49 12 2
1255410 49 1 0
1255410 49 1 0
1255476 49 1 2
1255484 49 1 2
1255932 49 46 0
1255932 49 46 0
1255998 49 46 2
1256006 49 46 2
1256038 49 47 0
1256038 49 47 0
1256116 49 47 2
1256119 49 47 2
1256263 49 12 0
1256263 49 12 0
1256345 49 12 2
1256352 49 12 2
1256836 49 1 0
1256836 49 1 0
1256906 49 1 2
1256921 49 1 2
1257369 49 46 0
1257369 49 46 0
1257450 49 46 2
1257451 49 46 2
1257483 49 47 0
1257483 49 47 0
1257557 49 47 2
1257571 49 47 2
1257715 49 12 0
1257715 49 12 0
1257797 49 12 2
1257805 49 12 2
1258289 49 1 0
1258289 49 1 0
1258355 49 1 2
1258363 49 1 2
1258811 49 46 0
1258811 49 46 0
1258884 49 46 2
1258886 49 46 2
1258918 49 47 0
1258918 49 47 0
1258993 49 47 2
1258998 49 47 2
1259142 49 12 0
1259142 49 12 0
1259233 49 12 2
1259235 49 12 2
1259717 49 1 0
1259717 49 1 0
1259783 49 1 2
1259797 49 1 2
1260245 49 46 0
1260245 49 46 0
1260311 49 46 2
1260318 49 46 2
1260350 49 47 0
1260350 49 47 0
1260424 49 47 2
1260432 49 47 2
1260576 49 12 0
1260576 49 12 0
1260659 49 12 2
1260671 49 12 2
1261155 49 1 0
1261155 49 1 0
1261223 49 1 2
1261233 49 1 2
1261681 49 46 0
1261681 49 46 0
1261749 49 46 2
1261763 49 46 2
1261795 49 47 0
1261795 49 47 0
1261870 49 47 2
1261890 49 47 2
1262034 49 12 0
1262034 49 12 0
1262125 49 12 2
1262127 49 12 2
1262611 49 1 0
1262611 49 1 0
1262677 49 1 2
1262685 49 1 2
1263133 49 46 0
1263133 49 46 0
1263199 49 46 2
1263206 49 46 2
1263238 49 47 0
1263238 49 47 0
1263314 49 47 2
1263333 49 47 2
1263477 49 12 0
1263477 49 12 0
1263559 49 12 2
1263568 49 12 2
1264052 49 1 0
1264052 49 1 0
1264118 49 1 2
1264127 49 1 2
1264575 49 46 0
1264575 49 46 0
1264643 49 46 2
1264656 49 46 2
1264688 49 47 0
1264688 49 47 0
1264763 49 47 2
1264768 49 47 2
1264912 49 12 0
1264912 49 12 0
1264996 49 12 2
1265004 49 12 2
1265488 49 1 0
1265488 49 1 0
1265554 49 1 2
1265563 49 1 2
1266011 49 46 0
1266011 49 46 0
1266077 49 46 2
1266084 49 46 2
1266116 49 47 0
1266116 49 47 0
1266195 49 47 2
1266198 49 47 2
1266342 49 12 0
1266342 49 12 0
1266433 49 12 2
1266442 49 12 2
1266926 49 1 0
1266926 49 1 0
1266992 49 1 2
1267005 49 1 2
1267453 49 46 0
1267453 49 46 0
1267519 49 46 2
1267526 49 46 2
1267558 49 47 0
1267558 49 47 0
1267634 49 47 2
1267639 49 47 2
1267783 49 12 0
1267783 49 12 0
1267865 49 12 2
1267874 49 12 2
1268358 49 1 0
1268358 49 1 0
1268424 49 1 2
1268438 49 1 2
1268886 49 46 0
1268886 49 46 0
1268955 49 46 2
1268967 49 46 2
1268999 49 47 0
1268999 49 47 0
1269073 49 47 2
1269084 49 47 2
1269228 49 12 0
1269228 49 12 0
1269311 49 12 2
1269321 49 12 2
1269805 49 1 0
1269805 49 1 0
1269871 49 1 2
1269879 49 1 2
1270327 49 46 0
1270327 49 46 0
1270395 49 46 2
1270403 49 46 2
1270435 49 47 0
1270435 49 47 0
1270513 49 47 2
1270515 49 47 2
1270659 49 12 0
1270659 49 12 0
1270741 49 12 2
1270750 49 12 2
1271234 49 1 0
1271234 49 1 0
1271300 49 1 2
1271308 49 1 2
1271756 49 46 0
1271756 49 46 0
1271822 49 46 2
1271829 49 46 2
1271861 49 47 0
1271861 49 47 0
1271935 49 47 2
1271943 49 47 2
1272087 49 12 0
1272087 49 12 0
1272170 49 12 2
1272178 49 12 2
1272662 49 1 0
1272662 49 1 0
1272728 49 1 2
1272735 49 1 2
1273183 49 46 0
1273183 49 46 0
1273250 49 46 2
1273261 49 46 2
1273293 49 47 0
1273293 49 47 0
1273369 49 47 2
1273374 49 47 2
1273518 49 12 0
1273518 49 12 0
1273600 49 12 2
1273608 49 12 2
1274092 49 1 0
1274092 49 1 0
1274158 49 1 2
1274166 49 1 2
1274614 49 46 0
1274614 49 46 0
1274680 49 46 2
1274697 49 46 2
1274729 49 47 0
1274729 49 47 0
1274803 49 47 2
1274813 49 47 2
1274957 49 12 0
1274957 49 12 0
1275039 49 12 2
1275047 49 12 2
1275531 49 1 0
1275531 49 1 0
1275597 49 1 2
1275605 49 1 2
1276037 49 11 0
1276037 49 11 0
1276114 49 11 2
1276139 49 11 2
1276155 49 46 0
1276155 49 46 0
1276232 49 46 2
1276242 49 46 2
1276264 49 47 0
1276264 49 47 0
1276338 49 47 2
1276346 49 47 2
1276490 49 12 0
1276490 49 12 0
1276572 49 12 2
1276582 49 12 2
1277066 49 1 0
1277066 49 1 0
1277132 49 1 2
1277140 49 1 2
1277588 49 46 0
1277588 49 46 0
1277654 49 46 2
1277662 49 46 2
1277694 49 47 0
1277694 49 47 0
1277768 49 47 2
1277776 49 47 2
1277920 49 12 0
1277920 49 12 0
1278002 49 12 2
1278011 49 12 2
1278495 49 1 0
1278495 49 1 0
1278561 49 1 2
1278569 49 1 2
1279017 49 46 0
1279017 49 46 0
1279092 49 46 2
1279097 49 46 2
1279129 49 47 0
1279129 49 47 0
1279207 49 47 2
1279216 49 47 2
1279360 49 12 0
1279360 49 12 0
1279445 49 12 2
1279453 49 12 2
1279937 49 1 0
1279937 49 1 0
1280003 49 1 2
1280011 49 1 2
1280459 49 46 0
1280459 49 46 0
1280526 49 46 2
1280534 49 46 2
1280566 49 47 0
1280566 49 47 0
1280642 49 47 2
1280656 49 47 2
1280800 49 12 0
1280800 49 12 0
1280882 49 12 2
1280890 49 12 2
1281374 49 1 0
1281374 49 1 0
1281440 49 1 2
1281447 49 1 2
1281895 49 46 0
1281895 49 46 0
1281962 49 46 2
1282008 49 46 2
1282040 49 47 0
1282040 49 47 0
1282114 49 47 2
1282131 49 47 2
1282275 49 12 0
1282275 49 12 0
1282357 49 12 2
1282365 49 12 2
1282849 49 1 0
1282849 49 1 0
1282915 49 1 2
1282954 49 1 2
1283402 49 46 0
1283402 49 46 0
1283468 49 46 2
1283476 49 46 2
1283508 49 47 0
1283508 49 47 0
1283582 49 47 2
1283590 49 47 2
1283734 49 12 0
1283734 49 12 0
1283818 49 12 2
1283827 49 12 2
1284311 49 1 0
1284311 49 1 0
1284377 49 1 2
1284447 49 1 2
1284895 49 46 0
1284895 49 46 0
1284961 49 46 2
1284969 49 46 2
1285001 49 47 0
1285001 49 47 0
1285075 49 47 2
1285083 49 47 2
1285227 49 12 0
1285227 49 12 0
1285309 49 12 2
1285326 49 12 2
1285810 49 1 0
1285810 49 1 0
1285876 49 1 2
1285883 49 1 2
1286331 49 46 0
1286331 49 46 0
1286404 49 46 2
1286408 49 46 2
1286440 49 47 0
1286440 49 47 0
1286514 49 47 2
1286521 49 47 2
1286665 49 12 0
1286665 49 12 0
1286749 49 12 2
1286839 49 12 2
1287323 49 1 0
1287323 49 1 0
1287390 49 1 2
1287480 49 1 2
1287912 49 12 0
1287912 49 12 0
1287995 49 12 2
1288000 49 12 2
1288016 49 46 0
1288016 49 46 0
1288088 49 46 2
1288093 49 46 2
1288125 49 47 0
1288125 49 47 0
1288209 49 47 2
1288211 49 47 2
1288353 49 12 0
1288353 49 12 0
1288435 49 12 2
1288452 49 12 2
1288936 49 1 0
1288936 49 1 0
1289002 49 1 2
1289220 49 1 2
1289668 49 46 0
1289668 49 46 0
1289735 49 46 2
1289743 49 46 2
1289775 49 47 0
1289775 49 47 0
1289851 49 47 2
1289861 49 47 2
1290005 49 12 0
1290005 49 12 0
1290087 49 12 2
1290094 49 12 2
1290578 49 1 0
1290578 49 1 0
1290645 49 1 2
1290683 49 1 2
1291131 49 46 0
1291131 49 46 0
1291197 49 46 2
1291204 49 46 2
1291236 49 47 0
1291236 49 47 0
1291310 49 47 2
1291318 49 47 2
1291462 49 12 0
1291462 49 12 0
1291544 49 12 2
1291561 49 12 2
1292045 49 1 0
1292045 49 1 0
1292112 49 1 2
1292140 49 1 2
1292588 49 46 0
1292588 49 46 0
1292654 49 46 2
1292661 49 46 2
1292693 49 47 0
1292693 49 47 0
1292769 49 47 2
1292826 49 47 2
1292970 49 12 0
1292970 49 12 0
1293053 49 12 2
1293082 49 12 2
1293566 49 1 0
1293566 49 1 0
1293632 49 1 2
1293749 49 1 2
1294197 49 46 0
1294197 49 46 0
1294263 49 46 2
1294271 49 46 2
1294303 49 47 0
1294303 49 47 0
1294377 49 47 2
1294385 49 47 2
1294529 49 12 0
1294529 49 12 0
1294628 49 12 2
1294681 49 12 2
1295112 49 1 0
1295112 49 1 0
1295178 49 1 2
1295266 49 1 2
1295714 49 46 0
1295714 49 46 0
1295780 49 46 2
1295788 49 46 2
1295820 49 47 0
1295820 49 47 0
1295894 49 47 2
1295905 49 47 2
1296049 49 12 0
1296049 49 12 0
1296131 49 12 2
1296139 49 12 2
1296623 49 1 0
1296623 49 1 0
1296690 49 1 2
1296766 49 1 2
1297214 49 46 0
1297214 49 46 0
1297288 49 46 2
1297293 49 46 2
1297320 49 47 0
1297320 49 47 0
1297394 49 47 2
1297402 49 47 2
1297546 49 12 0
1297546 49 12 0
1297653 49 44 2
1297696 49 12 2
1297708 49 12 2
1298180 49 1 0
1298180 49 1 0
1298246 49 1 2
1298274 49 1 2
1298722 49 46 0
1298722 49 46 0
1298788 49 46 2
1298796 49 46 2
1298828 49 47 0
1298828 49 47 0
1298903 49 47 2
1298916 49 47 2
1299060 49 12 0
1299060 49 12 0
1299142 49 12 2
1299149 49 12 2
1299633 49 1 0
1299767 49 1 2
1300215 49 46 0
1300215 49 46 0
1300219 49 46 2
1300283 49 46 2
1300298 49 46 2
1300330 49 47 0
1300330 49 47 0
1300407 49 47 2
1300415 49 47 2
1300559 49 12 0
1300559 49 12 0
1300641 49 12 2
1300649 49 12 2
1301253 49 1 0
1301253 49 1 0
1301319 49 1 2
1301364 49 1 2
1301652 49 62 0
1301652 49 62 0
1301723 49 62 2
1301726 49 62 2
1301792 49 47 2
1301850 49 61 0
1301850 49 61 0
1301908 49 61 2
1301915 49 61 2
1302451 49 1 0
1302559 49 1 2
1302643 49 58 0
1302643 49 58 0
1302677 49 58 2
1302729 49 58 2
1302809 49 59 0
1302809 49 59 0
1302852 49 59 2
1302891 49 59 2
1303128 49 48 2
1304823 49 50 2
1310756 49 40 2
1311160 49 0 0
1311161 49 0 2
1312484 49 0 0
1312485 49 0 2
1326465 49 3 0
1326466 49 3 2
1328596 49 3 0
1328597 49 3 2
1345023 49 2 0
1345024 49 7 1
1345277 49 2 2
1345359 49 7 2
1368383 49 2 0
1368384 49 7 1
1368637 49 2 2
1368719 49 7 2
1396933 49 2 0
1396934 49 7 1
1397187 49 2 2
1397269 49 7 2
1420283 49 2 0
1420284 49 7 1
1420537 49 2 2
1420619 49 7 2
1433548 49 2 0
1433549 49 2 2
1438335 49 2 0
1438336 49 2 2
1483075 49 2 0
1483076 49 49 0
1483076 49 2 2
1483085 49 2 2
1507794 49 15 0
1507794 49 15 0
1507900 49 15 2
1507908 49 15 2
1508116 49 49 0
1508125 49 2 0
1508125 49 49 2
1508207 49 49 2
1508475 49 55 0
1508613 49 55 2
1508669 49 19 0
1510059 49 19 2
1510115 49 56 0
1510115 49 56 0
1510127 49 42 2
1510149 49 56 2
1510214 49 56 2
1510278 49 57 0
1510278 49 57 0
1510304 49 57 2
1510377 49 57 2
1510437 49 19 0
1518470 49 19 2
1518537 49 12 2
1518542 49 19 0
1523680 49 19 2
1525726 49 62 2
1525732 49 19 0
1529822 49 19 2
2076648 49 2 0
2076649 49 2 2
2079668 49 0 2
