0 41 51 0
1121 41 51 2
1125 41 22 0
1371 41 22 2
1383 41 1 0
1492 41 7 1
1740 41 2 2
1796 41 1 2
1813 41 7 2
1816 41 24 0
1977 41 24 2
7517 41 7 1
7760 41 2 2
7833 41 7 2
13327 41 7 1
13570 41 0 2
13643 41 7 2
29101 41 7 1
29350 41 2 2
29423 41 7 2
49183 41 7 1
49430 41 2 2
49503 41 7 2
72455 41 4 0
75427 41 7 1
75538 41 7 1
75626 41 7 1
75640 41 7 1
75674 41 19 2
75676 41 4 2
75728 41 44 0
75732 41 7 1
75740 41 7 2
75784 41 13 2
75843 41 7 1
75874 41 7 2
75895 41 0 2
75959 41 7 1
75969 41 7 2
76002 41 4 2
76067 41 7 1
76092 41 7 2
76111 41 11 2
76171 41 7 1
76185 41 7 2
76223 41 5 2
76277 41 7 1
76321 41 7 2
76331 41 6 2
76357 41 7 1
76443 41 37 2
76443 41 7 2
76472 41 7 1
76509 41 7 2
76551 41 28 2
76559 41 7 1
76617 41 7 2
76652 41 7 1
76661 41 20 2
76735 41 7 2
76739 41 7 1
76772 41 17 2
76821 41 7 2
76830 41 7 1
76881 41 12 2
76963 41 7 2
76964 41 7 1
76991 41 10 2
77049 41 7 1
77057 41 7 2
77104 41 18 2
77153 41 7 1
77162 41 7 2
77212 41 9 2
77260 41 7 1
77270 41 7 2
77324 41 1 2
77335 41 7 1
77391 41 7 2
77418 41 44 2
77430 41 5 0
77431 41 53 2
77468 41 7 1
77497 41 7 2
77536 41 5 2
77548 41 45 0
77582 41 25 2
77609 41 7 1
77624 41 7 2
77691 41 34 2
77733 41 7 2
77745 41 7 1
77803 41 3 2
77829 41 7 1
77884 41 7 2
77911 41 8 2
77969 41 7 1
77969 41 45 2
77978 41 7 2
78031 41 52 2
78037 41 24 0
78063 41 7 1
78090 41 7 2
78141 41 55 2
78169 41 24 2
78178 41 7 1
78201 41 25 0
78224 41 7 2
78251 41 15 2
78287 41 7 1
78333 41 25 2
78341 41 26 0
78357 41 7 2
78361 41 49 2
78394 41 7 2
78418 41 7 1
78471 41 29 2
78495 41 26 2
78531 41 7 1
78535 41 27 0
78546 41 7 2
78582 41 35 2
78632 41 7 2
78674 41 7 1
78691 41 38 2
78765 41 7 2
78766 41 7 1
78801 41 45 2
78862 41 7 2
78885 41 7 1
78911 41 61 2
78986 41 27 2
78986 41 7 2
79005 41 7 1
79006 41 33 0
79022 41 58 2
79072 41 7 2
79113 41 33 2
79131 41 39 2
79133 41 35 0
79141 41 7 1
79213 41 7 2
79215 41 7 1
79241 41 57 2
79284 41 7 2
79351 41 50 2
79358 41 7 1
79395 41 7 2
79448 41 7 1
79471 41 51 2
79523 41 7 2
79524 41 7 1
79581 41 7 2
79670 41 7 1
79691 41 40 2
79695 41 7 2
79724 41 7 2
79752 41 35 2
79760 41 41 0
79769 41 7 1
79801 41 30 2
79886 41 7 2
79911 41 27 2
79972 41 7 1
79973 41 7 2
80041 41 24 2
80066 41 7 1
80091 41 7 2
80151 41 14 2
80203 41 7 1
80249 41 7 2
80261 41 41 2
80277 41 41 2
80286 41 7 2
80293 41 42 0
80343 41 7 1
80371 41 26 2
80421 41 7 2
80471 41 7 1
80481 41 32 2
80523 41 7 2
80591 41 60 2
80607 41 42 2
80609 41 7 1
80639 41 1 0
80657 41 7 2
80701 41 31 2
80721 41 1 2
80749 41 7 1
80757 41 36 0
80790 41 7 2
80811 41 62 2
80861 41 7 1
80893 41 7 2
80921 41 46 2
80963 41 36 2
80966 41 7 1
80975 41 43 0
80987 41 7 2
81031 41 47 2
81061 41 7 1
81105 41 7 2
81141 41 36 2
81177 41 7 1
81199 41 7 2
81252 41 43 2
81254 41 43 2
81270 41 17 0
81271 41 7 1
81293 41 7 2
81357 41 17 2
81361 41 42 2
81394 41 7 2
81417 41 7 1
81449 41 27 0
81471 41 44 2
81521 41 7 2
81576 41 7 1
81581 41 48 2
81588 41 27 2
81592 41 37 0
81623 41 7 2
81672 41 7 1
81691 41 21 2
81773 41 7 2
81821 41 63 2
81828 41 7 1
81912 41 7 2
81931 41 16 2
81947 41 7 1
81990 41 7 2
82048 41 7 1
82060 41 37 2
82071 41 54 2
82072 41 17 0
82145 41 7 2
82180 41 17 2
82188 41 15 0
82193 41 7 1
82193 41 59 2
82251 41 7 2
82301 41 56 2
82320 41 7 1
82351 41 7 2
82398 41 7 1
82441 41 22 2
82532 41 7 2
82571 41 23 2
82669 41 7 2
82681 41 33 2
82715 41 7 2
84023 41 7 1
84197 41 15 2
84237 41 16 0
84270 41 11 2
84327 41 16 2
84343 41 7 2
84367 41 18 0
84449 41 18 2
84473 41 61 0
84963 41 61 2
84975 41 54 0
85105 41 54 2
85125 41 12 0
85222 41 12 2
85230 41 19 0
85338 41 19 2
85342 41 35 0
85610 41 35 2
85626 41 53 0
85855 41 53 2
85895 41 33 0
85999 41 33 2
86011 41 36 0
86197 41 36 2
86217 41 40 0
86289 41 7 1
86474 41 40 2
86498 41 37 0
86540 41 17 2
86589 41 7 2
86703 41 37 2
86807 41 38 0
87192 41 38 2
87196 41 2 0
87450 41 7 1
87506 41 2 2
87530 41 8 0
87700 41 29 2
87708 41 8 2
87716 41 29 0
87773 41 7 2
87871 41 29 2
87911 41 0 0
88092 41 0 2
88104 41 38 0
88233 41 38 2
88249 41 39 0
88409 41 39 2
88413 41 39 0
88692 41 39 2
88707 41 7 1
88748 41 36 0
88853 41 36 2
88885 41 38 0
88951 41 16 2
89009 41 7 2
89056 41 38 2
89072 41 51 0
89200 41 51 2
89256 41 37 0
89536 41 37 2
89544 41 52 0
89783 41 7 1
89818 41 52 2
89854 41 45 0
90060 41 47 2
90133 41 7 2
90139 41 45 2
90159 41 53 0
90175 41 7 1
90421 41 53 2
90486 41 7 2
90942 41 53 2
90966 41 54 0
91080 41 54 2
91096 41 11 0
91426 41 11 2
91436 41 7 1
91438 41 56 0
91593 41 56 2
91597 41 12 0
91700 41 35 2
91749 41 7 2
91879 41 12 2
91887 41 57 0
92115 41 57 2
92119 41 2 0
92168 41 7 1
92410 41 6 2
92435 41 2 2
92487 41 37 0
92515 41 7 2
92653 41 37 2
92669 41 40 0
92810 41 40 2
92866 41 58 0
93041 41 58 2
93101 41 35 0
93249 41 35 2
93253 41 50 0
93393 41 50 2
93413 41 62 0
94295 41 62 2
94323 41 38 0
94667 41 38 2
94739 41 63 0
94855 41 63 2
94895 41 12 0
95175 41 12 2
95199 41 2 0
95286 41 2 2
95310 41 13 0
95596 41 13 2
95692 41 3 0
95790 41 3 2
95830 41 23 0
95942 41 23 2
95958 41 24 0
96027 41 24 2
96135 41 12 0
96417 41 12 2
96425 41 25 0
96526 41 25 2
96554 41 26 0
96675 41 26 2
96755 41 0 0
96908 41 0 2
96916 41 3 0
97040 41 3 2
97084 41 4 0
97192 41 4 2
97288 41 5 0
97394 41 5 2
97434 41 15 0
98194 41 15 2
98202 41 14 0
98579 41 14 2
98591 41 50 0
98656 41 50 2
98684 41 6 0
98898 41 6 2
98918 41 4 0
99025 41 4 2
99033 41 8 0
99168 41 8 2
99172 41 47 0
99271 41 47 2
99279 41 49 0
99357 41 49 2
99373 41 11 0
99664 41 11 2
99700 41 5 0
100817 41 5 2
100841 41 37 0
101328 41 37 2
101392 41 4 0
101586 41 4 2
101590 41 1 0
101691 41 1 2
101719 41 27 0
101948 41 27 2
101956 41 2 0
102069 41 2 2
102081 41 11 0
102199 41 11 2
102207 41 7 0
102630 41 7 2
102650 41 3 0
102750 41 3 2
102858 41 6 0
103053 41 6 2
103073 41 9 0
103198 41 9 2
103370 41 8 0
103565 41 8 2
103577 41 11 0
103707 41 11 2
103727 41 12 0
104297 41 12 2
104321 41 16 0
104812 41 16 2
104820 41 13 0
105386 41 13 2
105434 41 2 0
105634 41 2 2
105670 41 14 0
106334 41 14 2
106338 41 17 0
106635 41 17 2
106643 41 15 0
106810 41 15 2
106830 41 18 0
107118 41 18 2
107142 41 4 0
107259 41 4 2
107299 41 40 0
107501 41 40 2
107505 41 38 0
107505 41 38 0
107571 41 38 2
108587 41 38 2
108595 41 27 0
108696 41 27 2
108716 41 35 0
108847 41 35 2
108903 41 28 0
109041 41 28 2
109109 41 3 0
109209 41 3 2
109213 41 46 0
109568 41 46 2
109588 41 4 0
109694 41 4 2
109726 41 0 0
109817 41 0 2
109821 41 29 0
109981 41 29 2
110125 41 47 0
110412 41 47 2
110474 41 7 1
110484 41 30 0
110556 41 7 1
110698 41 30 2
110720 41 51 2
110769 41 7 2
110800 41 1 2
110868 41 7 2
110869 41 1 0
110977 41 1 0
111050 41 31 0
111079 41 1 0
111217 41 1 0
111352 41 1 0
111463 41 1 0
111566 41 1 0
111660 41 1 0
111766 41 1 0
111846 41 1 0
111937 41 31 2
111941 41 44 0
111955 41 1 0
112043 41 44 2
112051 41 43 0
112085 41 1 0
112171 41 43 2
112173 41 1 0
112293 41 1 0
112303 41 32 0
112435 41 32 2
112451 41 1 0
112507 41 33 0
112573 41 1 0
112612 41 33 2
112660 41 33 0
112674 41 1 0
112764 41 1 0
112787 41 33 2
112795 41 27 0
112889 41 1 0
112993 41 1 0
113006 41 27 2
113110 41 54 0
113154 41 1 0
113275 41 7 1
113285 41 1 0
113375 41 1 0
113520 41 2 2
113556 41 1 0
113593 41 7 2
113687 41 1 0
113813 41 1 0
113974 41 1 0
114132 41 1 0
114237 41 1 0
114392 41 1 0
114455 41 54 2
114467 41 28 0
114538 41 1 0
114586 41 28 2
114602 41 46 0
114635 41 1 0
114844 41 1 0
114887 41 46 2
114895 41 56 0
114930 41 7 1
114989 41 1 0
115075 41 1 0
115151 41 1 0
115180 41 15 2
115285 41 7 2
115312 41 56 2
115328 41 47 0
115385 41 1 0
115513 41 1 0
115572 41 47 2
115643 41 1 0
115672 41 41 0
115771 41 1 0
115838 41 41 2
115857 41 1 0
115886 41 61 0
116035 41 1 0
116127 41 1 0
116241 41 1 0
116365 41 1 0
116478 41 61 2
116482 41 39 0
116482 41 1 0
116574 41 1 0
116679 41 1 0
116694 41 39 2
116706 41 7 0
116847 41 7 2
116873 41 1 0
116907 41 8 0
116988 41 1 0
116989 41 8 2
117021 41 63 0
117113 41 1 0
117215 41 1 0
117369 41 1 0
117534 41 7 1
117547 41 1 0
117658 41 1 0
117780 41 33 2
117813 41 7 2
117882 41 1 0
118023 41 1 0
118125 41 1 0
118160 41 63 2
118255 41 1 0
118268 41 0 0
118351 41 0 2
118377 41 1 0
118379 41 57 0
118472 41 1 0
118579 41 57 2
118599 41 1 0
118647 41 58 0
118699 41 1 0
118777 41 58 2
118861 41 46 0
119066 41 46 2
119078 41 59 0
119099 41 0 2
119292 41 59 2
119324 41 32 0
119416 41 32 2
119424 41 50 0
119613 41 50 2
119689 41 60 0
120084 41 60 2
120092 41 62 0
120576 41 62 2
120580 41 3 0
120676 41 3 2
120688 41 5 0
120787 41 7 1
120800 41 5 2
120828 41 17 0
120881 41 7 1
120908 41 17 2
120928 41 6 0
121031 41 1 2
121062 41 6 2
121081 41 7 1
121113 41 7 2
121147 41 51 2
121154 41 11 0
121182 41 7 1
121197 41 7 2
121332 41 58 2
121382 41 7 2
121432 41 7 1
121440 41 24 2
121483 41 11 2
121490 41 7 2
121491 41 10 0
121552 41 7 1
121581 41 10 2
121601 41 11 0
121647 41 7 1
121681 41 39 2
121711 41 11 2
121719 41 6 0
121733 41 7 1
121763 41 7 2
121801 41 4 2
121859 41 7 1
121879 41 6 2
121891 41 7 2
121911 41 37 2
121915 41 36 0
121977 41 7 2
122021 41 25 2
122063 41 7 2
122067 41 7 1
122131 41 18 2
122185 41 7 1
122189 41 7 2
122300 41 36 2
122311 41 7 1
122311 41 28 2
122360 41 12 0
122378 41 7 2
122389 41 7 1
122431 41 11 2
122505 41 7 2
122511 41 7 1
122549 41 12 2
122557 41 0 0
122561 41 13 2
122625 41 7 1
122651 41 7 2
122671 41 27 2
122695 41 7 1
122696 41 0 2
122729 41 7 2
122781 41 19 2
122820 41 15 0
122820 41 15 0
122847 41 7 2
122869 41 7 1
122891 41 38 2
122918 41 15 2
122965 41 7 2
122983 41 7 1
123001 41 32 2
123043 41 7 2
123072 41 15 2
123085 41 7 1
123122 41 5 2
123192 41 7 0
123219 41 7 2
123231 41 12 2
123237 41 7 1
123315 41 7 2
123339 41 7 1
123341 41 20 2
123415 41 7 2
123465 41 7 1
123493 41 60 2
123553 41 7 1
123559 41 7 2
123601 41 8 2
123669 41 7 2
123678 41 7 2
123682 41 7 0
123711 41 7 1
123711 41 29 2
123787 41 7 2
123797 41 7 1
123822 41 43 2
123834 41 7 2
123846 41 0 0
123864 41 7 2
123955 41 7 1
123961 41 31 2
124025 41 7 1
124053 41 7 2
124071 41 10 2
124136 41 7 2
124179 41 7 1
124201 41 62 2
124265 41 7 1
124285 41 7 2
124312 41 48 2
124321 41 0 2
124356 41 7 2
124432 41 52 2
124469 41 9 0
124469 41 7 1
124490 41 7 2
124542 41 49 2
124547 41 9 2
124576 41 7 2
124579 41 8 0
124670 41 8 2
124698 41 40 0
124721 41 36 2
124733 41 7 1
124778 41 7 2
124803 41 7 1
124969 41 7 1
124981 41 30 2
125012 41 40 2
125063 41 7 2
125093 41 57 2
125135 41 7 2
125155 41 7 1
125168 41 41 0
125177 41 7 1
125221 41 14 2
125303 41 7 1
125319 41 7 2
125401 41 7 2
125511 41 41 2
125515 41 7 2
125526 41 7 1
125527 41 41 2
125536 41 7 2
125621 41 7 1
125621 41 34 2
125664 41 7 2
125771 41 47 2
125772 41 7 1
125835 41 7 1
125844 41 7 2
125881 41 16 2
125939 41 7 2
125953 41 7 1
126031 41 22 2
126102 41 7 1
126103 41 42 0
126121 41 7 2
126141 41 33 2
126175 41 7 2
126251 41 50 2
126267 41 7 1
126293 41 7 2
126305 41 7 1
126362 41 3 2
126416 41 42 2
126444 41 7 2
126508 41 7 1
126511 41 15 2
126618 41 7 2
126621 41 42 2
126657 41 7 2
126660 41 7 1
126744 41 7 1
126771 41 53 2
126837 41 7 2
126839 41 7 1
126911 41 23 2
126933 41 7 1
126992 41 43 0
127009 41 7 2
127022 41 2 2
127026 41 7 1
127095 41 7 2
127131 41 59 2
127189 41 7 2
127237 41 7 1
127241 41 56 2
127290 41 7 2
127304 41 43 2
127321 41 7 1
127351 41 40 2
127385 41 7 2
127440 41 7 1
127481 41 61 2
127555 41 7 2
127568 41 7 1
127591 41 35 2
127640 41 7 2
127701 41 17 2
127717 41 7 1
127751 41 7 2
127811 41 46 2
127813 41 7 1
127877 41 7 2
127880 41 44 0
127934 41 7 1
128021 41 7 1
128041 41 6 2
128121 41 7 1
128149 41 7 2
128151 41 55 2
128218 41 44 2
128233 41 7 2
128261 41 21 2
128275 41 7 1
128343 41 7 2
128371 41 45 2
128429 41 7 2
128441 41 7 1
128481 41 44 2
128531 41 7 2
128591 41 54 2
128631 41 7 1
128664 41 7 2
128701 41 63 2
128759 41 7 1
128791 41 7 2
128794 41 45 0
128881 41 26 2
128932 41 7 2
129011 41 9 2
129069 41 7 2
129097 41 45 2
129673 41 46 0
129978 41 46 2
130554 41 47 0
130804 41 47 2
131066 41 7 1
131320 41 2 2
131380 41 48 0
131393 41 7 2
131702 41 48 2
132278 41 49 0
132626 41 49 2
133202 41 50 0
133528 41 50 2
134104 41 51 0
134414 41 51 2
134990 41 52 0
135336 41 52 2
135912 41 53 0
136246 41 53 2
136822 41 54 0
137130 41 54 2
137706 41 55 0
137954 41 55 2
138530 41 56 0
138850 41 56 2
139426 41 57 0
139814 41 57 2
140390 41 58 0
140698 41 58 2
141274 41 59 0
141583 41 59 2
142159 41 60 0
142525 41 60 2
143101 41 61 0
143455 41 61 2
144031 41 62 0
144339 41 62 2
144915 41 63 0
145163 41 63 2
145739 41 0 0
145739 41 0 0
145806 41 0 2
145973 41 0 2
146241 41 2 0
146325 41 2 2
146381 41 3 0
146473 41 3 2
146477 41 7 0
146872 41 7 2
146960 41 4 0
147058 41 4 2
147446 41 1 0
147747 41 1 2
148323 41 2 0
148627 41 2 2
149203 41 3 0
149534 41 3 2
150110 41 4 0
150388 41 4 2
150964 41 5 0
151248 41 5 2
151824 41 6 0
152210 41 6 2
152786 41 7 0
153144 41 7 2
153720 41 8 0
153984 41 8 2
154560 41 9 0
154948 41 9 2
155524 41 10 0
155889 41 10 2
156465 41 11 0
156806 41 11 2
157382 41 12 0
157697 41 12 2
158273 41 13 0
158558 41 13 2
159134 41 14 0
159521 41 14 2
160097 41 15 0
160416 41 15 2
160992 41 16 0
161264 41 16 2
161840 41 17 0
162168 41 17 2
162744 41 18 0
163052 41 18 2
163628 41 19 0
163951 41 19 2
164527 41 20 0
164819 41 20 2
165395 41 21 0
165679 41 21 2
166255 41 22 0
166633 41 22 2
167209 41 23 0
167508 41 23 2
168084 41 24 0
168364 41 24 2
168940 41 25 0
169278 41 25 2
169854 41 26 0
170163 41 26 2
170739 41 27 0
171050 41 27 2
171626 41 28 0
171928 41 28 2
172504 41 29 0
172818 41 29 2
173394 41 30 0
173715 41 30 2
174291 41 31 0
174571 41 31 2
175147 41 32 0
175383 41 32 2
175959 41 33 0
176308 41 33 2
176884 41 34 0
177195 41 34 2
177771 41 35 0
178082 41 35 2
178658 41 36 0
178968 41 36 2
179544 41 37 0
179838 41 37 2
180414 41 38 0
180717 41 38 2
181293 41 39 0
181562 41 39 2
190245 41 7 1
190490 41 0 2
190563 41 7 2
196298 41 8 0
196534 41 8 2
211269 41 7 1
211521 41 0 2
211595 41 7 2
229642 41 14 0
229756 41 14 2
230028 41 61 0
230199 41 61 2
230271 41 54 0
230434 41 54 2
230466 41 55 0
230756 41 55 2
230984 41 40 0
231116 41 40 2
231144 41 49 0
231283 41 49 2
231295 41 51 0
231431 41 51 2
231451 41 37 0
231564 41 37 2
231568 41 20 0
231674 41 20 2
231690 41 3 0
232022 41 3 2
232114 41 21 0
232268 41 21 2
232276 41 56 0
232472 41 56 2
232492 41 57 0
232620 41 57 2
232708 41 58 0
232826 41 58 2
232906 41 59 0
233036 41 59 2
233060 41 63 0
233218 41 63 2
233302 41 33 0
233413 41 33 2
236407 41 63 2
251905 41 7 1
252150 41 2 2
252223 41 7 2
283414 41 7 1
283660 41 2 2
283733 41 7 2
290753 41 7 1
291000 41 2 2
291073 41 7 2
307993 41 7 1
308240 41 2 2
308313 41 7 2
327801 41 7 1
327802 41 2 0
328051 41 2 2
328125 41 7 2
351211 41 2 0
351212 41 7 1
351461 41 2 2
351535 41 7 2
367293 41 7 1
367540 41 2 2
367613 41 7 2
387991 41 7 1
388241 41 2 2
388315 41 7 2
411321 41 2 0
411322 41 7 1
411571 41 2 2
411645 41 7 2
421819 41 2 0
421820 41 7 1
422070 41 2 2
422143 41 7 2
462417 41 2 0
462418 41 7 1
462661 41 2 2
462735 41 7 2
476439 41 7 1
476690 41 2 2
476763 41 7 2
508861 41 2 0
508862 41 2 2
574075 41 2 0
574076 41 2 2
626081 41 2 2
626239 41 2 2
659887 41 7 1
659888 41 2 0
660130 41 2 2
660203 41 7 2
661027 41 2 0
661028 41 7 1
661270 41 2 2
661343 41 7 2
684962 41 2 0
684963 41 7 1
685230 41 2 2
685303 41 7 2
700711 41 2 0
700712 41 7 1
700960 41 2 2
701033 41 7 2
704200 41 7 1
704450 41 2 2
704523 41 7 2
726475 41 2 0
726476 41 2 2
727179 41 7 1
727430 41 3 2
727511 41 7 2
731446 41 7 1
731690 41 3 2
731771 41 7 2
735888 41 2 0
735889 41 7 1
736140 41 2 2
736213 41 7 2
737527 41 7 1
737770 41 3 2
737851 41 7 2
739560 41 2 0
739561 41 2 2
740228 41 2 0
740229 41 2 2
744628 41 7 1
744870 41 3 2
744951 41 7 2
759637 41 2 0
762120 41 2 0
762121 41 7 1
762371 41 2 2
762445 41 7 2
775088 41 3 2
785540 41 2 0
785541 41 7 1
785791 41 2 2
785865 41 7 2
813060 41 2 0
813061 41 7 1
813311 41 2 2
813385 41 7 2
817690 41 7 1
817941 41 3 2
818023 41 7 2
835240 41 2 0
835241 41 7 1
835491 41 2 2
835565 41 7 2
837089 41 7 1
837340 41 5 2
837437 41 7 2
844102 41 7 1
844350 41 23 2
844447 41 7 2
847695 41 15 0
847695 41 15 0
847793 41 15 2
847801 41 15 2
847889 41 30 0
848003 41 30 2
848015 41 24 0
848113 41 24 2
848213 41 25 0
848303 41 25 2
848311 41 41 0
848320 41 3 0
848320 41 41 2
848402 41 41 2
848466 41 26 0
848556 41 26 2
848620 41 27 0
848709 41 27 2
848741 41 34 0
848831 41 34 2
848843 41 26 0
848933 41 26 2
849029 41 55 0
849167 41 55 2
849175 41 27 0
849273 41 27 2
849321 41 61 0
850331 41 61 2
850335 41 28 0
850400 41 15 2
850461 41 28 2
850481 41 61 0
851209 41 61 2
851241 41 60 0
851276 41 39 2
851363 41 60 2
851379 41 61 0
851383 41 16 2
851498 41 43 2
851509 41 61 2
851529 41 41 0
851538 41 7 1
851584 41 33 2
851790 41 41 2
851805 41 41 2
851814 41 7 2
851841 41 38 0
851955 41 38 2
852007 41 61 0
855815 41 61 2
855851 41 29 0
855882 41 14 2
855968 41 29 2
855984 41 61 0
859504 41 7 1
859750 41 59 2
859807 41 7 2
861433 41 61 2
861500 41 61 2
861533 41 32 0
861615 41 32 2
861699 41 28 0
861797 41 28 2
861849 41 2 0
861939 41 2 2
861951 41 29 0
862057 41 29 2
862089 41 4 0
862187 41 4 2
862195 41 35 0
862285 41 35 2
868907 41 63 2
989394 41 2 0
989395 41 7 1
989639 41 2 2
989713 41 7 2
999099 41 2 0
999100 41 2 2
1022612 41 25 2
1023722 41 7 1
1023968 41 25 2
1024009 41 7 2
1031467 41 2 0
1050101 41 0 0
1050101 41 0 0
1050376 41 0 2
1050496 41 38 0
1050496 41 38 0
1050562 41 38 2
1050910 41 38 2
1051729 41 0 2
1052794 41 2 0
1053020 41 2 2
1053056 41 25 0
1053200 41 25 2
1053216 41 31 0
1053330 41 31 2
1053366 41 33 0
1053473 41 33 2
1053477 41 36 0
1053582 41 36 2
1053590 41 4 0
1053590 41 4 0
1053672 41 4 2
1053743 41 4 2
1053835 41 5 0
1053975 41 5 2
1054007 41 34 0
1054112 41 34 2
1054132 41 35 0
1054238 41 35 2
1054262 41 32 0
1054406 41 32 2
1054770 41 38 0
1054770 41 38 0
1054874 41 38 2
1055030 41 46 0
1055096 41 46 2
1055148 41 0 0
1055148 41 0 0
1055214 41 0 2
1055262 41 0 2
1055410 41 47 0
1055483 41 47 2
1055496 41 38 2
1058055 41 31 0
1058247 41 31 2
1058291 41 35 0
1058563 41 35 2
1058623 41 32 0
1058798 41 32 2
1058898 41 33 0
1059073 41 33 2
1059165 41 34 0
1059858 41 34 2
1059890 41 1 0
1059955 41 1 2
1059999 41 32 0
1060124 41 32 2
1060132 41 35 0
1060132 41 35 0
1060174 41 35 2
1060306 41 35 2
1060310 41 60 0
1060686 41 60 2
1060702 41 61 0
1060876 41 61 2
1060936 41 48 0
1061143 41 48 2
1061183 41 49 0
1061420 41 49 2
1061456 41 36 0
1061456 41 36 0
1061517 41 36 2
1061781 41 36 2
1061845 41 37 0
1061845 41 37 0
1061903 41 37 2
1062299 41 37 2
1062347 41 58 0
1062347 41 58 0
1062389 41 58 2
1062457 41 58 2
1062469 41 31 0
1062769 41 31 2
1062781 41 30 0
1063101 41 30 2
1063109 41 59 0
1063109 41 59 0
1063159 41 59 2
1063216 41 59 2
1063268 41 34 0
1063514 41 34 2
1063554 41 0 0
1063554 41 0 0
1063620 41 0 2
1063818 41 0 2
1063826 41 33 0
1064096 41 33 2
1064112 41 60 0
1064226 41 60 2
1064246 41 32 0
1064511 41 32 2
1064587 41 61 0
1064709 41 61 2
1064833 41 62 0
1064962 41 62 2
1065050 41 12 0
1065147 41 12 2
1065159 41 39 0
1065302 41 39 2
1065314 41 13 0
1065429 41 13 2
1065433 41 48 0
1065532 41 48 2
1065544 41 59 0
1065650 41 59 2
1065678 41 54 0
1065678 41 54 0
1065744 41 54 2
1065843 41 54 2
1065883 41 55 0
1065964 41 55 2
1065988 41 56 0
1066102 41 56 2
1066130 41 57 0
1066236 41 57 2
1066265 41 2 0
1066300 41 58 0
1066416 41 58 2
1066452 41 49 0
1066552 41 49 2
1066592 41 63 0
1066779 41 63 2
1066827 41 15 0
1066981 41 15 2
1066997 41 44 0
1067046 41 44 2
1067066 41 45 0
1067205 41 45 2
1067453 41 0 0
1067547 41 0 2
1067639 41 1 0
1067749 41 1 2
1067849 41 2 0
1067902 41 2 0
1067980 41 2 2
1068000 41 41 0
1068029 41 2 0
1068106 41 41 2
1068178 41 3 0
1068298 41 3 2
1068439 41 2 0
1068558 41 5 0
1068583 41 2 0
1068706 41 5 2
1068754 41 6 0
1068754 41 2 0
1068854 41 2 0
1068914 41 6 2
1069002 41 7 0
1069021 41 2 0
1069157 41 7 2
1069261 41 2 0
1069265 41 8 0
1069358 41 8 2
1069401 41 2 0
1069414 41 1 0
1069414 41 1 0
1069472 41 1 2
1069496 41 1 2
1069531 41 2 0
1069625 41 2 0
1069785 41 2 0
1069914 41 2 0
1069944 41 46 0
1070015 41 2 0
1070018 41 46 2
1070026 41 4 0
1070126 41 40 2
1070132 41 2 0
1070186 41 4 2
1070210 41 47 0
1070210 41 47 0
1070276 41 47 2
1070292 41 47 2
1070436 41 12 0
1070436 41 12 0
1070479 41 2 0
1070510 41 12 2
1070527 41 12 2
1070610 41 2 0
1070655 41 40 2
1070699 41 2 0
1070814 41 2 0
1070882 41 40 2
1070891 41 10 0
1071040 41 2 0
1071046 41 10 2
1071124 41 40 2
1071166 41 2 0
1071166 41 1 0
1071258 41 1 2
1071266 41 2 0
1071365 41 2 0
1071491 41 2 0
1071641 41 2 0
1071706 41 46 0
1071706 41 46 0
1071758 41 2 0
1071764 41 46 2
1071781 41 46 2
1071813 41 47 0
1071847 41 2 0
1071895 41 47 2
1071958 41 2 0
1072039 41 12 0
1072063 41 2 0
1072129 41 12 2
1072290 41 2 0
1072332 41 40 2
1072395 41 2 0
1072454 41 40 2
1072579 41 2 0
1072613 41 1 0
1072613 41 1 0
1072697 41 40 2
1072712 41 2 0
1072712 41 1 2
1072741 41 1 2
1072743 41 42 2
1073044 41 42 2
1073089 41 2 0
1073160 41 46 0
1073160 41 46 0
1073176 41 2 0
1073218 41 46 2
1073235 41 46 2
1073267 41 47 0
1073267 41 47 0
1073278 41 2 0
1073333 41 47 2
1073352 41 47 2
1073391 41 2 0
1073391 41 42 2
1073496 41 12 0
1073496 41 12 0
1073565 41 2 0
1073570 41 12 2
1073587 41 12 2
1073665 41 2 0
1073778 41 2 0
1073812 41 40 2
1073897 41 2 0
1073902 41 43 2
1073934 41 40 2
1074071 41 1 0
1074071 41 1 0
1074129 41 1 2
1074170 41 43 2
1074171 41 2 0
1074176 41 40 2
1074186 41 1 2
1074272 41 2 0
1074288 41 44 2
1074376 41 2 0
1074515 41 2 0
1074577 41 43 2
1074614 41 44 2
1074628 41 2 0
1074634 41 46 0
1074708 41 46 2
1074725 41 2 0
1074740 41 47 0
1074823 41 47 2
1074828 41 2 0
1074948 41 2 0
1074967 41 12 0
1074969 41 42 2
1075033 41 44 2
1075064 41 12 2
1075152 41 2 0
1075178 41 42 2
1075239 41 2 0
1075301 41 40 2
1075412 41 42 2
1075420 41 2 0
1075425 41 40 2
1075537 41 2 0
1075548 41 1 0
1075548 41 1 0
1075606 41 1 2
1075629 41 2 0
1075663 41 1 2
1075668 41 40 2
1075805 41 2 0
1076111 41 46 0
1076111 41 46 0
1076169 41 46 2
1076186 41 46 2
1076187 41 2 0
1076196 41 43 2
1076218 41 47 0
1076218 41 47 0
1076284 41 47 2
1076301 41 47 2
1076326 41 2 0
1076432 41 43 2
1076445 41 12 0
1076445 41 12 0
1076456 41 2 0
1076519 41 12 2
1076545 41 12 2
1076556 41 2 0
1076589 41 42 2
1076688 41 2 0
1076691 41 44 2
1076703 41 42 2
1076799 41 2 0
1076838 41 40 2
1076961 41 40 2
1077029 41 1 0
1077029 41 1 0
1077055 41 44 2
1077087 41 1 2
1077152 41 1 2
1077204 41 40 2
1077309 41 44 2
1077600 41 46 0
1077600 41 46 0
1077658 41 46 2
1077675 41 46 2
1077707 41 47 0
1077707 41 47 0
1077773 41 47 2
1077790 41 47 2
1077870 41 43 2
1077934 41 12 0
1077934 41 12 0
1077984 41 43 2
1078008 41 12 2
1078033 41 42 2
1078044 41 12 2
1078147 41 42 2
1078218 41 43 2
1078381 41 42 2
1078528 41 1 0
1078528 41 1 0
1078586 41 1 2
1078594 41 1 2
1079026 41 13 0
1079149 41 13 2
1079165 41 46 0
1079165 41 46 0
1079223 41 46 2
1079240 41 46 2
1079272 41 47 0
1079272 41 47 0
1079338 41 47 2
1079356 41 47 2
1079500 41 12 0
1079500 41 12 0
1079574 41 12 2
1079609 41 12 2
1080093 41 1 0
1080093 41 1 0
1080151 41 1 2
1080159 41 1 2
1080607 41 46 0
1080607 41 46 0
1080665 41 46 2
1080702 41 46 2
1080734 41 47 0
1080734 41 47 0
1080801 41 47 2
1080837 41 47 2
1080981 41 12 0
1080981 41 12 0
1081056 41 12 2
1081092 41 12 2
1081576 41 1 0
1081576 41 1 0
1081634 41 1 2
1081677 41 1 2
1082125 41 46 0
1082125 41 46 0
1082183 41 46 2
1082231 41 46 2
1082263 41 47 0
1082263 41 47 0
1082329 41 47 2
1082370 41 47 2
1082514 41 12 0
1082514 41 12 0
1082589 41 12 2
1082629 41 12 2
1083113 41 1 0
1083113 41 1 0
1083171 41 1 2
1083198 41 1 2
1083646 41 46 0
1083646 41 46 0
1083704 41 46 2
1083783 41 46 2
1083815 41 47 0
1083815 41 47 0
1083881 41 47 2
1083919 41 47 2
1084063 41 12 0
1084063 41 12 0
1084137 41 12 2
1084175 41 12 2
1084659 41 1 0
1084659 41 1 0
1084717 41 1 2
1084745 41 1 2
1085193 41 46 0
1085193 41 46 0
1085251 41 46 2
1085270 41 46 2
1085302 41 47 0
1085302 41 47 0
1085368 41 47 2
1085375 41 47 2
1085519 41 12 0
1085519 41 12 0
1085593 41 12 2
1085605 41 12 2
1086089 41 1 0
1086089 41 1 0
1086147 41 1 2
1086161 41 1 2
1086609 41 46 0
1086609 41 46 0
1086667 41 46 2
1086680 41 46 2
1086712 41 47 0
1086712 41 47 0
1086780 41 47 2
1086791 41 47 2
1086935 41 12 0
1086935 41 12 0
1087009 41 12 2
1087017 41 12 2
1087501 41 1 0
1087501 41 1 0
1087559 41 1 2
1087567 41 1 2
1088015 41 46 0
1088015 41 46 0
1088075 41 46 2
1088087 41 46 2
1088119 41 47 0
1088119 41 47 0
1088185 41 47 2
1088193 41 47 2
1088337 41 12 0
1088337 41 12 0
1088411 41 12 2
1088418 41 12 2
1088902 41 1 0
1088902 41 1 0
1088960 41 1 2
1088968 41 1 2
1089416 41 46 0
1089416 41 46 0
1089474 41 46 2
1089485 41 46 2
1089517 41 47 0
1089517 41 47 0
1089584 41 47 2
1089589 41 47 2
1089733 41 12 0
1089733 41 12 0
1089807 41 12 2
1089816 41 12 2
1090300 41 1 0
1090300 41 1 0
1090358 41 1 2
1090401 41 1 2
1090833 41 14 0
1090955 41 14 2
1090971 41 46 0
1090971 41 46 0
1091030 41 46 2
1091038 41 46 2
1091070 41 47 0
1091070 41 47 0
1091139 41 47 2
1091146 41 47 2
1091290 41 12 0
1091290 41 12 0
1091364 41 12 2
1091372 41 12 2
1091856 41 1 0
1091856 41 1 0
1091921 41 1 2
1091924 41 1 2
1092372 41 46 0
1092372 41 46 0
1092436 41 46 2
1092437 41 46 2
1092469 41 47 0
1092469 41 47 0
1092537 41 47 2
1092545 41 47 2
1092689 41 12 0
1092689 41 12 0
1092763 41 12 2
1092771 41 12 2
1093255 41 1 0
1093255 41 1 0
1093313 41 1 2
1093320 41 1 2
1093768 41 46 0
1093768 41 46 0
1093826 41 46 2
1093835 41 46 2
1093867 41 47 0
1093867 41 47 0
1093933 41 47 2
1093942 41 47 2
1094086 41 12 0
1094086 41 12 0
1094160 41 12 2
1094178 41 12 2
1094662 41 1 0
1094662 41 1 0
1094720 41 1 2
1094768 41 1 2
1095216 41 46 0
1095216 41 46 0
1095274 41 46 2
1095282 41 46 2
1095314 41 47 0
1095314 41 47 0
1095382 41 47 2
1095404 41 47 2
1095548 41 12 0
1095548 41 12 0
1095622 41 12 2
1095640 41 12 2
1096124 41 1 0
1096124 41 1 0
1096183 41 1 2
1096192 41 1 2
1096640 41 46 0
1096640 41 46 0
1096698 41 46 2
1096751 41 46 2
1096783 41 47 0
1096783 41 47 0
1096849 41 47 2
1096857 41 47 2
1097001 41 12 0
1097001 41 12 0
1097075 41 12 2
1097084 41 12 2
1097568 41 1 0
1097568 41 1 0
1097626 41 1 2
1097655 41 1 2
1098103 41 46 0
1098103 41 46 0
1098161 41 46 2
1098178 41 46 2
1098210 41 47 0
1098210 41 47 0
1098279 41 47 2
1098289 41 47 2
1098433 41 12 0
1098433 41 12 0
1098507 41 12 2
1098514 41 12 2
1098998 41 1 0
1098998 41 1 0
1099056 41 1 2
1099066 41 1 2
1099514 41 46 0
1099514 41 46 0
1099572 41 46 2
1099588 41 46 2
1099620 41 47 0
1099620 41 47 0
1099686 41 47 2
1099693 41 47 2
1099837 41 12 0
1099837 41 12 0
1099911 41 12 2
1099919 41 12 2
1100403 41 1 0
1100403 41 1 0
1100461 41 1 2
1100469 41 1 2
1100917 41 46 0
1100917 41 46 0
1100977 41 46 2
1100989 41 46 2
1101021 41 47 0
1101021 41 47 0
1101088 41 47 2
1101096 41 47 2
1101240 41 12 0
1101240 41 12 0
1101315 41 12 2
1101323 41 12 2
1101711 41 1 0
1101711 41 1 0
1101769 41 1 2
1101777 41 1 2
1102209 41 7 0
1102339 41 7 2
1102355 41 46 0
1102355 41 46 0
1102416 41 46 2
1102428 41 46 2
1102460 41 47 0
1102460 41 47 0
1102526 41 47 2
1102536 41 47 2
1102680 41 12 0
1102680 41 12 0
1102754 41 12 2
1102763 41 12 2
1103247 41 1 0
1103247 41 1 0
1103305 41 1 2
1103319 41 1 2
1103767 41 46 0
1103767 41 46 0
1103827 41 46 2
1103842 41 46 2
1103874 41 47 0
1103874 41 47 0
1103940 41 47 2
1103948 41 47 2
1104092 41 12 0
1104092 41 12 0
1104166 41 12 2
1104179 41 12 2
1104663 41 1 0
1104663 41 1 0
1104721 41 1 2
1104729 41 1 2
1105177 41 46 0
1105177 41 46 0
1105235 41 46 2
1105243 41 46 2
1105275 41 47 0
1105275 41 47 0
1105343 41 47 2
1105353 41 47 2
1105497 41 12 0
1105497 41 12 0
1105571 41 12 2
1105579 41 12 2
1106063 41 1 0
1106063 41 1 0
1106121 41 1 2
1106129 41 1 2
1106577 41 46 0
1106577 41 46 0
1106636 41 46 2
1106641 41 46 2
1106673 41 47 0
1106673 41 47 0
1106739 41 47 2
1106748 41 47 2
1106892 41 5 0
1106998 41 5 2
1107006 41 61 0
1107006 41 61 0
1107072 41 61 2
1107129 41 61 2
1107137 41 29 0
1107415 41 29 2
1107431 41 62 0
1107431 41 62 0
1107505 41 62 2
1107562 41 62 2
1107838 41 63 0
1107838 41 63 0
1107920 41 63 2
1107978 41 63 2
1108402 41 12 0
1108402 41 12 0
1108476 41 12 2
1108505 41 12 2
1108997 41 1 0
1108997 41 1 0
1109055 41 1 2
1109063 41 1 2
1109511 41 46 0
1109511 41 46 0
1109570 41 46 2
1109580 41 46 2
1109612 41 47 0
1109612 41 47 0
1109678 41 47 2
1109688 41 47 2
1109832 41 12 0
1109832 41 12 0
1109908 41 12 2
1109918 41 12 2
1110402 41 1 0
1110402 41 1 0
1110461 41 1 2
1110469 41 1 2
1110721 41 40 2
1110917 41 46 0
1110917 41 46 0
1110975 41 46 2
1110984 41 46 2
1111016 41 47 0
1111016 41 47 0
1111082 41 47 2
1111090 41 47 2
1111234 41 12 0
1111234 41 12 0
1111308 41 12 2
1111316 41 12 2
1111800 41 1 0
1111800 41 1 0
1111858 41 1 2
1111872 41 1 2
1112320 41 46 0
1112320 41 46 0
1112379 41 46 2
1112384 41 46 2
1112416 41 47 0
1112416 41 47 0
1112482 41 47 2
1112490 41 47 2
1112634 41 12 0
1112634 41 12 0
1112708 41 12 2
1112716 41 12 2
1113200 41 1 0
1113200 41 1 0
1113258 41 1 2
1113266 41 1 2
1113714 41 46 0
1113714 41 46 0
1113776 41 46 2
1113783 41 46 2
1113815 41 47 0
1113815 41 47 0
1113889 41 47 2
1113896 41 47 2
1114033 41 12 0
1114114 41 12 2
1114598 41 1 0
1114598 41 1 0
1114656 41 1 2
1114663 41 1 2
1115095 41 8 0
1115095 41 8 0
1115153 41 8 2
1115186 41 8 2
1115202 41 46 0
1115202 41 46 0
1115260 41 46 2
1115269 41 46 2
1115301 41 47 0
1115301 41 47 0
1115367 41 47 2
1115374 41 47 2
1115518 41 12 0
1115518 41 12 0
1115592 41 12 2
1115600 41 12 2
1116084 41 1 0
1116084 41 1 0
1116142 41 1 2
1116150 41 1 2
1116598 41 46 0
1116598 41 46 0
1116657 41 46 2
1116666 41 46 2
1116698 41 47 0
1116698 41 47 0
1116764 41 47 2
1116773 41 47 2
1116917 41 12 0
1116917 41 12 0
1116999 41 12 2
1117000 41 12 2
1117484 41 1 0
1117484 41 1 0
1117542 41 1 2
1117550 41 1 2
1117998 41 46 0
1117998 41 46 0
1118058 41 46 2
1118081 41 46 2
1118113 41 47 0
1118113 41 47 0
1118180 41 47 2
1118188 41 47 2
1118332 41 12 0
1118332 41 12 0
1118406 41 12 2
1118414 41 12 2
1118898 41 1 0
1118898 41 1 0
1118958 41 1 2
1118969 41 1 2
1119417 41 46 0
1119417 41 46 0
1119475 41 46 2
1119483 41 46 2
1119515 41 47 0
1119515 41 47 0
1119581 41 47 2
1119588 41 47 2
1119732 41 12 0
1119732 41 12 0
1119806 41 12 2
1119814 41 12 2
1120298 41 1 0
1120298 41 1 0
1120356 41 1 2
1120363 41 1 2
1120811 41 46 0
1120811 41 46 0
1120871 41 46 2
1120887 41 46 2
1120919 41 47 0
1120919 41 47 0
1120985 41 47 2
1120993 41 47 2
1121137 41 12 0
1121137 41 12 0
1121211 41 12 2
1121219 41 12 2
1121703 41 1 0
1121703 41 1 0
1121761 41 1 2
1121770 41 1 2
1122218 41 46 0
1122218 41 46 0
1122276 41 46 2
1122284 41 46 2
1122316 41 47 0
1122316 41 47 0
1122382 41 47 2
1122390 41 47 2
1122534 41 12 0
1122534 41 12 0
1122608 41 12 2
1122616 41 12 2
1123100 41 1 0
1123100 41 1 0
1123158 41 1 2
1123167 41 1 2
1123615 41 46 0
1123615 41 46 0
1123673 41 46 2
1123681 41 46 2
1123713 41 47 0
1123713 41 47 0
1123779 41 47 2
1123787 41 47 2
1123931 41 12 0
1123931 41 12 0
1124005 41 12 2
1124013 41 12 2
1124497 41 1 0
1124497 41 1 0
1124555 41 1 2
1124568 41 1 2
1125016 41 46 0
1125016 41 46 0
1125074 41 46 2
1125082 41 46 2
1125114 41 47 0
1125114 41 47 0
1125182 41 47 2
1125193 41 47 2
1125337 41 12 0
1125337 41 12 0
1125412 41 12 2
1125435 41 12 2
1125919 41 1 0
1125919 41 1 0
1125977 41 1 2
1125984 41 1 2
1126416 41 9 0
1126498 41 9 2
1126514 41 46 0
1126514 41 46 0
1126573 41 46 2
1126581 41 46 2
1126613 41 47 0
1126613 41 47 0
1126679 41 47 2
1126689 41 47 2
1126833 41 12 0
1126833 41 12 0
1126907 41 12 2
1126914 41 12 2
1127398 41 1 0
1127398 41 1 0
1127456 41 1 2
1127463 41 1 2
1127911 41 46 0
1127911 41 46 0
1127969 41 46 2
1127976 41 46 2
1128008 41 47 0
1128008 41 47 0
1128074 41 47 2
1128081 41 47 2
1128225 41 12 0
1128225 41 12 0
1128300 41 12 2
1128308 41 12 2
1128792 41 1 0
1128792 41 1 0
1128851 41 1 2
1128861 41 1 2
1129309 41 46 0
1129309 41 46 0
1129367 41 46 2
1129376 41 46 2
1129408 41 47 0
1129408 41 47 0
1129475 41 47 2
1129482 41 47 2
1129626 41 12 0
1129626 41 12 0
1129700 41 12 2
1129710 41 12 2
1130194 41 1 0
1130194 41 1 0
1130252 41 1 2
1130263 41 1 2
1130711 41 46 0
1130711 41 46 0
1130769 41 46 2
1130777 41 46 2
1130809 41 47 0
1130809 41 47 0
1130876 41 47 2
1130887 41 47 2
1131031 41 12 0
1131031 41 12 0
1131105 41 12 2
1131113 41 12 2
1131597 41 1 0
1131597 41 1 0
1131659 41 1 2
1131661 41 1 2
1132109 41 46 0
1132109 41 46 0
1132167 41 46 2
1132175 41 46 2
1132207 41 47 0
1132207 41 47 0
1132273 41 47 2
1132280 41 47 2
1132424 41 12 0
1132424 41 12 0
1132500 41 12 2
1132508 41 12 2
1132992 41 1 0
1132992 41 1 0
1133050 41 1 2
1133060 41 1 2
1133508 41 46 0
1133508 41 46 0
1133566 41 46 2
1133575 41 46 2
1133607 41 47 0
1133607 41 47 0
1133674 41 47 2
1133687 41 47 2
1133831 41 12 0
1133831 41 12 0
1133905 41 12 2
1133913 41 12 2
1134397 41 1 0
1134397 41 1 0
1134456 41 1 2
1134461 41 1 2
1134909 41 46 0
1134909 41 46 0
1134967 41 46 2
1134975 41 46 2
1135007 41 47 0
1135007 41 47 0
1135073 41 47 2
1135081 41 47 2
1135225 41 12 0
1135225 41 12 0
1135299 41 12 2
1135307 41 12 2
1135791 41 1 0
1135791 41 1 0
1135849 41 1 2
1135857 41 1 2
1136305 41 46 0
1136305 41 46 0
1136363 41 46 2
1136371 41 46 2
1136403 41 47 0
1136403 41 47 0
1136469 41 47 2
1136477 41 47 2
1136621 41 12 0
1136621 41 12 0
1136701 41 12 2
1136704 41 12 2
1137188 41 1 0
1137188 41 1 0
1137250 41 1 2
1137252 41 1 2
1137684 41 10 0
1137774 41 10 2
1137790 41 46 0
1137790 41 46 0
1137835 41 7 1
1137836 41 2 0
1137848 41 46 2
1137860 41 46 2
1137892 41 47 0
1137892 41 47 0
1137960 41 47 2
1137971 41 47 2
1138077 41 2 2
1138115 41 12 0
1138115 41 12 0
1138150 41 7 2
1138189 41 12 2
1138198 41 12 2
1138682 41 1 0
1138682 41 1 0
1138740 41 1 2
1138747 41 1 2
1139195 41 46 0
1139195 41 46 0
1139253 41 46 2
1139260 41 46 2
1139292 41 47 0
1139292 41 47 0
1139365 41 47 2
1139366 41 47 2
1139509 41 12 0
1139509 41 12 0
1139583 41 12 2
1139592 41 12 2
1140076 41 1 0
1140076 41 1 0
1140134 41 1 2
1140142 41 1 2
1140590 41 46 0
1140590 41 46 0
1140648 41 46 2
1140658 41 46 2
1140690 41 47 0
1140690 41 47 0
1140756 41 47 2
1140764 41 47 2
1140908 41 12 0
1140908 41 12 0
1140982 41 12 2
1140990 41 12 2
1141474 41 1 0
1141474 41 1 0
1141532 41 1 2
1141540 41 1 2
1141988 41 46 0
1141988 41 46 0
1142046 41 46 2
1142055 41 46 2
1142087 41 47 0
1142087 41 47 0
1142153 41 47 2
1142161 41 47 2
1142305 41 12 0
1142305 41 12 0
1142379 41 12 2
1142387 41 12 2
1142871 41 1 0
1142871 41 1 0
1142929 41 1 2
1142937 41 1 2
1143385 41 46 0
1143385 41 46 0
1143447 41 46 2
1143460 41 46 2
1143492 41 47 0
1143492 41 47 0
1143558 41 47 2
1143566 41 47 2
1143710 41 12 0
1143710 41 12 0
1143784 41 12 2
1143793 41 12 2
1144277 41 1 0
1144277 41 1 0
1144336 41 1 2
1144348 41 1 2
1144796 41 46 0
1144796 41 46 0
1144854 41 46 2
1144862 41 46 2
1144894 41 47 0
1144894 41 47 0
1144960 41 47 2
1144973 41 47 2
1145117 41 12 0
1145117 41 12 0
1145191 41 12 2
1145199 41 12 2
1145683 41 1 0
1145683 41 1 0
1145741 41 1 2
1145749 41 1 2
1146197 41 46 0
1146197 41 46 0
1146255 41 46 2
1146262 41 46 2
1146294 41 47 0
1146294 41 47 0
1146374 41 47 2
1146376 41 47 2
1146520 41 12 0
1146520 41 12 0
1146594 41 12 2
1146601 41 12 2
1147085 41 1 0
1147085 41 1 0
1147144 41 1 2
1147152 41 1 2
1147600 41 46 0
1147600 41 46 0
1147658 41 46 2
1147666 41 46 2
1147698 41 47 0
1147698 41 47 0
1147764 41 47 2
1147775 41 47 2
1147919 41 12 0
1147919 41 12 0
1147994 41 12 2
1148001 41 12 2
1148485 41 1 0
1148485 41 1 0
1148543 41 1 2
1148551 41 1 2
1148983 41 11 0
1148983 41 11 0
1149049 41 11 2
1149082 41 11 2
1149098 41 46 0
1149098 41 46 0
1149164 41 46 2
1149186 41 46 2
1149196 41 47 0
1149196 41 47 0
1149270 41 47 2
1149282 41 47 2
1149414 41 12 0
1149414 41 12 0
1149498 41 12 2
1149500 41 12 2
1149984 41 1 0
1149984 41 1 0
1150049 41 1 2
1150082 41 1 2
1150497 41 46 0
1150497 41 46 0
1150557 41 46 2
1150569 41 46 2
1150601 41 47 0
1150601 41 47 0
1150667 41 47 2
1150675 41 47 2
1150819 41 12 0
1150819 41 12 0
1150893 41 12 2
1150901 41 12 2
1151385 41 1 0
1151385 41 1 0
1151443 41 1 2
1151451 41 1 2
1151899 41 46 0
1151899 41 46 0
1151957 41 46 2
1151973 41 46 2
1152005 41 47 0
1152005 41 47 0
1152072 41 47 2
1152082 41 47 2
1152226 41 12 0
1152226 41 12 0
1152310 41 12 2
1152311 41 12 2
1152795 41 1 0
1152795 41 1 0
1152853 41 1 2
1152862 41 1 2
1153310 41 46 0
1153310 41 46 0
1153368 41 46 2
1153382 41 46 2
1153414 41 47 0
1153414 41 47 0
1153482 41 47 2
1153491 41 47 2
1153635 41 12 0
1153635 41 12 0
1153709 41 12 2
1153717 41 12 2
1154201 41 1 0
1154201 41 1 0
1154259 41 1 2
1154267 41 1 2
1154715 41 46 0
1154715 41 46 0
1154773 41 46 2
1154781 41 46 2
1154813 41 47 0
1154813 41 47 0
1154879 41 47 2
1154886 41 47 2
1155030 41 12 0
1155030 41 12 0
1155104 41 12 2
1155112 41 12 2
1155596 41 1 0
1155596 41 1 0
1155654 41 1 2
1155662 41 1 2
1156110 41 46 0
1156110 41 46 0
1156168 41 46 2
1156176 41 46 2
1156208 41 47 0
1156208 41 47 0
1156274 41 47 2
1156284 41 47 2
1156428 41 12 0
1156428 41 12 0
1156502 41 12 2
1156510 41 12 2
1156994 41 1 0
1156994 41 1 0
1157052 41 1 2
1157060 41 1 2
1157508 41 46 0
1157508 41 46 0
1157567 41 46 2
1157577 41 46 2
1157609 41 47 0
1157609 41 47 0
1157675 41 47 2
1157682 41 47 2
1157826 41 12 0
1157826 41 12 0
1157901 41 12 2
1157909 41 12 2
1158393 41 1 0
1158393 41 1 0
1158451 41 1 2
1158460 41 1 2
1158908 41 46 0
1158908 41 46 0
1158967 41 46 2
1158976 41 46 2
1159008 41 47 0
1159008 41 47 0
1159076 41 47 2
1159083 41 47 2
1159227 41 12 0
1159227 41 12 0
1159301 41 12 2
1159310 41 12 2
1159794 41 1 0
1159794 41 1 0
1159852 41 1 2
1159859 41 1 2
1160291 41 12 0
1160291 41 12 0
1160365 41 12 2
1160373 41 12 2
1160389 41 46 0
1160389 41 46 0
1160448 41 46 2
1160454 41 46 2
1160486 41 47 0
1160486 41 47 0
1160552 41 47 2
1160560 41 47 2
1160704 41 12 0
1160704 41 12 0
1160778 41 12 2
1160786 41 12 2
1161080 41 37 2
1161262 41 9 0
1161344 41 9 2
1161468 41 55 0
1161576 41 55 2
1161580 41 1 0
1161700 41 1 2
1161714 41 2 0
1161715 41 1 0
1161724 41 56 0
1161834 41 56 2
1161854 41 45 0
1161936 41 45 2
1161992 41 46 0
1162218 41 46 2
1162294 41 63 0
1162632 41 63 2
1162640 41 47 0
1162820 41 47 2
1162924 41 62 0
1162924 41 62 0
1163018 41 62 2
1163048 41 62 2
1163116 41 29 0
1163291 41 29 2
1163331 41 30 0
1163478 41 30 2
1163522 41 17 0
1163704 41 17 2
1163760 41 18 0
1163891 41 18 2
1163939 41 19 0
1164091 41 19 2
1164127 41 21 0
1164188 41 40 2
1164259 41 21 2
1164291 41 22 0
1164447 41 22 2
1164803 41 61 0
1164803 41 61 0
1164870 41 61 2
1164904 41 61 2
1165209 41 44 2
1165440 41 1 0
1165440 41 1 0
1165504 41 1 2
1165507 41 1 2
1165591 41 58 0
1165591 41 58 0
1165653 41 58 2
1165671 41 58 2
1165751 41 59 0
1165751 41 59 0
1165822 41 59 2
1165839 41 59 2
1166701 41 0 2
1166950 41 25 2
1168633 41 39 2
1176452 41 7 1
1176698 41 3 2
1176780 41 7 2
1273564 41 2 0
1273565 41 3 0
1274883 41 2 0
1274884 41 3 0
1276901 41 2 0
1276902 41 3 0
1289986 41 2 0
1289987 41 2 2
1292060 41 3 0
1292061 41 7 1
1292307 41 3 2
1292388 41 7 2
1293103 41 3 2
1293104 41 3 0
1293702 41 3 0
1293703 41 2 0
1298341 41 2 0
1298342 41 2 2
1318305 41 2 0
1318306 41 41 0
1318306 41 2 2
1318315 41 2 2
1343862 41 41 0
1343871 41 2 0
1343871 41 41 2
1343945 41 41 2
1344213 41 55 0
1344351 41 55 2
1344407 41 23 0
1349103 41 23 2
1349159 41 56 0
1349159 41 56 0
1349201 41 56 2
1349258 41 56 2
1349322 41 57 0
1349322 41 57 0
1349356 41 57 2
1349420 41 57 2
1349480 41 23 0
1350220 41 45 2
1354735 41 23 2
1354743 41 19 0
1354826 41 54 2
1354841 41 19 2
1354845 41 23 0
1363331 41 23 2
1363855 41 60 2
1363859 41 23 0
1367055 41 23 2
1367491 41 58 2
1367499 41 23 0
1368675 41 23 2
1401700 41 3 2
1401711 41 23 0
1407486 41 23 2
3002536 41 2 0
3002537 41 2 2
