0 17 51 0
2734 17 51 2
2738 17 22 0
4794 17 22 2
4806 17 1 0
5694 17 1 2
5714 17 24 0
6174 17 24 2
6855 17 7 1
7078 17 2 2
7127 17 7 2
16510 17 7 1
16728 17 0 2
16777 17 7 2
24509 17 7 1
24738 17 2 2
24787 17 7 2
25719 17 7 1
25938 17 2 2
25987 17 7 2
26636 17 7 1
26858 17 2 2
26907 17 7 2
27897 17 7 1
28118 17 0 2
28167 17 7 2
30549 17 7 1
30768 17 0 2
30817 17 7 2
52845 17 7 1
53068 17 2 2
53117 17 7 2
55753 17 7 1
56028 17 2 2
56077 17 7 2
71985 17 2 0
71986 17 7 1
72208 17 2 2
72257 17 7 2
72455 17 4 0
73711 17 4 2
73763 17 44 0
74790 17 44 2
74802 17 5 0
74885 17 5 2
74897 17 45 0
75430 17 45 2
75498 17 24 0
75567 17 24 2
75599 17 25 0
75704 17 25 2
75712 17 26 0
75796 17 26 2
75836 17 27 0
76040 17 27 2
76060 17 33 0
76158 17 33 2
76178 17 35 0
76328 17 35 2
76336 17 41 0
76537 17 2 0
76800 17 41 2
76816 17 42 0
76911 17 2 0
77029 17 2 0
77109 17 42 2
77141 17 1 0
77165 17 2 0
77200 17 1 2
77236 17 36 0
77276 17 2 0
77305 17 7 1
77392 17 2 0
77511 17 2 0
77538 17 0 2
77587 17 7 2
77589 17 0 0
77609 17 2 0
77683 17 0 0
77699 17 2 0
77766 17 0 0
77766 17 36 2
77778 17 43 0
77817 17 2 0
77847 17 0 0
77937 17 2 0
77944 17 0 0
78042 17 0 0
78050 17 2 0
78126 17 43 2
78141 17 0 0
78142 17 17 0
78151 17 2 0
78199 17 17 2
78251 17 0 0
78261 17 2 0
78291 17 27 0
78365 17 0 0
78373 17 27 2
78377 17 37 0
78387 17 2 0
78459 17 0 0
78489 17 2 0
78535 17 37 2
78547 17 17 0
78556 17 0 0
78591 17 2 0
78612 17 17 2
78620 17 15 0
78677 17 0 0
78701 17 2 0
78817 17 0 0
78835 17 2 0
78913 17 0 0
78957 17 2 0
78986 17 15 2
79024 17 0 0
79026 17 16 0
79047 17 2 0
79148 17 0 0
79156 17 2 0
79236 17 16 2
79247 17 0 0
79276 17 18 0
79291 17 2 0
79420 17 0 0
79432 17 2 0
79446 17 18 2
79470 17 61 0
79547 17 2 0
79550 17 0 0
79639 17 2 0
79673 17 0 0
79735 17 2 0
79847 17 2 0
79850 17 0 0
79952 17 61 2
79961 17 2 0
79964 17 54 0
79993 17 0 0
80103 17 2 0
80111 17 0 0
80190 17 0 0
80227 17 2 0
80321 17 0 0
80364 17 2 0
80436 17 0 0
80480 17 2 0
80561 17 0 0
80596 17 2 0
80718 17 2 0
80734 17 0 0
80831 17 0 0
80951 17 0 0
81010 17 2 0
81066 17 54 2
81086 17 9 0
81099 17 0 0
81111 17 2 0
81144 17 9 2
81152 17 19 0
81192 17 2 0
81214 17 0 0
81226 17 19 2
81230 17 35 0
81291 17 2 0
81349 17 0 0
81401 17 2 0
81432 17 0 0
81514 17 35 2
81530 17 53 0
81535 17 2 0
81572 17 0 0
81639 17 2 0
81712 17 0 0
81739 17 2 0
81846 17 0 0
81905 17 2 0
81933 17 53 2
81973 17 33 0
81988 17 0 0
82023 17 2 0
82073 17 33 2
82085 17 36 0
82113 17 0 0
82191 17 2 0
82196 17 36 2
82210 17 0 0
82216 17 40 0
82324 17 0 0
82325 17 2 0
82449 17 2 0
82476 17 40 2
82486 17 0 0
82500 17 37 0
82563 17 2 0
82615 17 37 2
82620 17 0 0
82692 17 2 0
82719 17 38 0
82748 17 0 0
82832 17 38 2
82834 17 2 0
82836 17 42 0
82913 17 0 0
82949 17 2 0
83048 17 2 0
83063 17 0 0
83087 17 42 2
83111 17 8 0
83169 17 2 0
83194 17 0 0
83198 17 8 2
83206 17 29 0
83292 17 0 0
83308 17 29 2
83318 17 2 0
83348 17 0 0
83405 17 0 2
83417 17 38 0
83433 17 0 0
83463 17 2 0
83544 17 0 0
83590 17 2 0
83679 17 38 2
83679 17 0 0
83686 17 2 0
83695 17 39 0
83806 17 0 0
83878 17 2 0
83896 17 39 2
83900 17 39 0
83914 17 0 0
84002 17 2 0
84003 17 0 0
84121 17 2 0
84144 17 0 0
84176 17 39 2
84232 17 36 0
84265 17 2 0
84319 17 0 0
84374 17 2 0
84429 17 36 2
84461 17 38 0
84485 17 0 0
84620 17 0 0
84695 17 0 0
84820 17 0 0
84969 17 0 0
85088 17 0 0
85197 17 0 0
85444 17 38 2
85460 17 51 0
85596 17 51 2
85652 17 33 0
85932 17 33 2
85940 17 52 0
86232 17 52 2
86268 17 41 0
86568 17 41 2
86588 17 53 0
86740 17 53 2
86764 17 54 0
86888 17 54 2
86904 17 11 0
87263 17 11 2
87275 17 56 0
88081 17 56 2
88085 17 12 0
88370 17 12 2
88378 17 57 0
88619 17 57 2
88623 17 2 0
88944 17 2 2
88996 17 37 0
89173 17 37 2
89189 17 40 0
89358 17 40 2
89414 17 58 0
89548 17 58 2
89608 17 35 0
89745 17 35 2
89749 17 50 0
89888 17 50 2
89908 17 62 0
89971 17 7 1
90116 17 62 2
90144 17 38 0
90198 17 56 2
90272 17 7 2
90461 17 38 2
90533 17 63 0
90655 17 63 2
90695 17 12 0
90956 17 12 2
90980 17 2 0
91053 17 2 2
91077 17 13 0
91425 17 13 2
91521 17 3 0
91606 17 3 2
91646 17 23 0
91763 17 23 2
91779 17 24 0
91866 17 24 2
91974 17 52 0
92309 17 52 2
92317 17 25 0
92395 17 25 2
92423 17 26 0
92661 17 26 2
92741 17 0 0
92868 17 0 2
92876 17 3 0
93588 17 3 2
93632 17 4 0
93835 17 4 2
93931 17 5 0
94519 17 5 2
94559 17 15 0
95072 17 15 2
95080 17 14 0
95487 17 14 2
95499 17 50 0
95574 17 50 2
95602 17 6 0
95877 17 6 2
95897 17 4 0
96031 17 7 1
96048 17 4 2
96056 17 8 0
96259 17 8 2
96263 17 47 0
96298 17 46 2
96387 17 7 2
97853 17 47 2
97861 17 49 0
97945 17 49 2
97961 17 11 0
98135 17 11 2
98171 17 5 0
99092 17 5 2
99116 17 37 0
99531 17 37 2
99595 17 4 0
99717 17 4 2
99721 17 1 0
99779 17 1 2
99807 17 27 0
100058 17 27 2
100066 17 2 0
100147 17 2 2
100159 17 11 0
100399 17 11 2
100407 17 7 0
100863 17 7 2
100883 17 3 0
100986 17 3 2
101094 17 6 0
101456 17 7 1
101571 17 7 1
101680 17 0 2
101709 17 7 1
101734 17 7 2
101798 17 19 2
101801 17 7 1
101839 17 7 2
101917 17 7 1
101931 17 58 2
101952 17 6 2
101972 17 9 0
102002 17 7 1
102003 17 7 2
102054 17 9 2
102117 17 7 1
102148 17 1 2
102189 17 7 2
102226 17 8 0
102243 17 7 1
102258 17 4 2
102323 17 7 2
102334 17 2 0
102335 17 7 1
102358 17 8 2
102368 17 11 2
102370 17 11 0
102417 17 7 2
102459 17 7 1
102478 17 20 2
102527 17 7 2
102554 17 7 1
102588 17 51 2
102661 17 7 2
102686 17 11 2
102690 17 7 1
102698 17 2 2
102706 17 12 0
102747 17 7 2
102808 17 12 2
102849 17 7 1
102864 17 7 2
102918 17 25 2
102942 17 7 1
102951 17 7 2
103025 17 7 1
103028 17 28 2
103084 17 7 2
103139 17 55 2
103164 17 7 1
103246 17 7 2
103248 17 13 2
103271 17 7 1
103313 17 7 2
103358 17 34 2
103382 17 7 1
103407 17 7 2
103418 17 12 2
103442 17 16 0
103443 17 7 1
103468 17 37 2
103541 17 7 1
103542 17 7 2
103578 17 29 2
103643 17 7 2
103663 17 7 1
103688 17 6 2
103769 17 7 2
103793 17 7 1
103800 17 18 2
103833 17 7 2
103879 17 7 1
103908 17 9 2
103941 17 7 2
104011 17 7 1
104018 17 5 2
104019 17 16 2
104027 17 13 0
104090 17 7 2
104128 17 39 2
104154 17 7 1
104217 17 7 2
104236 17 7 1
104238 17 27 2
104287 17 13 2
104288 17 7 2
104335 17 2 0
104335 17 7 1
104348 17 30 2
104421 17 7 2
104428 17 2 2
104458 17 61 2
104464 17 14 0
104512 17 7 1
104556 17 7 2
104568 17 8 2
104609 17 7 2
104638 17 7 1
104678 17 24 2
104719 17 7 2
104788 17 52 2
104790 17 7 1
104869 17 7 2
104900 17 14 2
104903 17 7 1
104972 17 14 2
104976 17 17 0
104977 17 7 2
104985 17 7 1
105009 17 62 2
105114 17 7 2
105128 17 43 2
105150 17 7 1
105193 17 7 2
105259 17 7 1
105270 17 17 2
105285 17 17 2
105293 17 15 0
105294 17 7 2
105378 17 38 2
105403 17 7 1
105459 17 7 2
105488 17 36 2
105544 17 7 1
105553 17 7 2
105628 17 60 2
105671 17 7 1
105717 17 7 2
105768 17 50 2
105833 17 7 2
105834 17 7 1
105898 17 48 2
105916 17 7 1
105962 17 7 2
106046 17 7 1
106058 17 53 2
106147 17 7 2
106153 17 7 1
106168 17 10 2
106209 17 7 2
106262 17 7 1
106278 17 22 2
106343 17 7 2
106359 17 7 1
106388 17 7 2
106477 17 7 2
106484 17 7 1
106498 17 31 2
106580 17 7 2
106608 17 41 2
106609 17 7 1
106656 17 7 2
106718 17 40 2
106756 17 7 1
106775 17 7 2
106831 17 26 2
106872 17 7 2
106874 17 7 1
106976 17 7 1
106978 17 59 2
107059 17 7 2
107078 17 15 2
107098 17 18 0
107098 17 49 2
107136 17 7 1
107156 17 7 2
107208 17 16 2
107218 17 7 1
107241 17 7 2
107330 17 7 1
107347 17 18 2
107358 17 23 2
107371 17 4 0
107431 17 7 2
107457 17 7 1
107471 17 3 2
107474 17 4 2
107514 17 40 0
107528 17 7 2
107578 17 21 2
107591 17 7 1
107635 17 7 2
107688 17 45 2
107702 17 7 1
107728 17 40 2
107732 17 38 0
107732 17 38 0
107769 17 7 2
107807 17 38 2
107818 17 44 2
107833 17 7 1
107890 17 7 2
107935 17 38 2
107936 17 7 1
107940 17 42 2
107943 17 27 0
107999 17 7 2
108058 17 35 2
108062 17 7 1
108070 17 27 2
108090 17 35 0
108120 17 7 2
108168 17 32 2
108214 17 7 1
108217 17 7 2
108228 17 35 2
108284 17 28 0
108288 17 33 2
108329 17 7 2
108339 17 7 1
108378 17 28 2
108442 17 7 1
108446 17 3 0
108458 17 15 2
108533 17 3 2
108537 17 46 0
108538 17 7 2
108583 17 7 1
108588 17 47 2
108686 17 7 2
108698 17 57 2
108749 17 7 1
108763 17 7 2
108808 17 56 2
108883 17 7 2
108888 17 7 1
108942 17 46 2
108962 17 4 0
108968 17 46 2
109057 17 7 2
109108 17 54 2
109114 17 4 2
109146 17 0 0
109205 17 7 2
109238 17 0 2
109242 17 29 0
109372 17 29 2
109516 17 47 0
109803 17 47 2
109875 17 30 0
110239 17 30 2
110591 17 31 0
110685 17 7 1
110909 17 63 2
111023 17 7 2
111667 17 31 2
111671 17 44 0
111799 17 44 2
111807 17 43 0
111940 17 43 2
112072 17 32 0
112189 17 32 2
112261 17 33 0
112337 17 33 2
112385 17 33 0
112496 17 33 2
112504 17 27 0
112684 17 27 2
112788 17 54 0
113770 17 54 2
113782 17 28 0
113916 17 28 2
113932 17 42 0
114177 17 42 2
114185 17 56 0
114649 17 56 2
114665 17 43 0
114934 17 43 2
115034 17 41 0
115129 17 41 2
115177 17 61 0
115679 17 61 2
115683 17 39 0
115851 17 7 1
115886 17 39 2
115898 17 7 0
116028 17 7 2
116078 17 1 2
116088 17 8 0
116129 17 7 2
116132 17 1 0
116147 17 8 2
116179 17 63 0
116232 17 1 0
116335 17 1 0
116421 17 1 0
116498 17 1 0
116582 17 1 0
116683 17 1 0
116754 17 1 0
116858 17 1 0
116980 17 1 0
117042 17 1 0
117175 17 1 0
117283 17 1 0
117431 17 1 0
117578 17 63 2
117602 17 1 0
117686 17 0 0
117705 17 1 0
117774 17 1 0
117777 17 0 2
117805 17 57 0
117907 17 1 0
117967 17 57 2
118035 17 58 0
118168 17 1 0
118173 17 58 2
118257 17 46 0
118294 17 1 0
118373 17 1 0
118491 17 46 2
118503 17 59 0
118580 17 1 0
118796 17 1 0
118907 17 59 2
118938 17 1 0
118939 17 32 0
119025 17 32 2
119033 17 50 0
119036 17 1 0
119063 17 0 2
119139 17 1 0
119230 17 50 2
119306 17 60 0
119312 17 1 0
119507 17 1 0
119623 17 1 0
119707 17 1 0
119874 17 1 0
119954 17 60 2
119962 17 62 0
120021 17 1 0
120201 17 1 0
120332 17 1 0
120430 17 1 0
120570 17 1 0
120736 17 1 0
120849 17 1 0
121049 17 1 0
121178 17 1 0
121369 17 1 0
121394 17 62 2
121398 17 3 0
121503 17 1 0
121513 17 3 2
121525 17 5 0
121636 17 1 0
121657 17 5 2
121685 17 17 0
121774 17 1 0
121828 17 17 2
121843 17 1 0
121848 17 6 0
121971 17 1 0
121979 17 6 2
122071 17 11 0
122130 17 1 0
122250 17 1 0
122392 17 11 2
122400 17 10 0
122467 17 1 0
122525 17 10 2
122545 17 11 0
122586 17 1 0
122672 17 11 2
122680 17 6 0
122727 17 1 0
122815 17 6 2
122851 17 36 0
122851 17 1 0
123006 17 1 0
123147 17 36 2
123157 17 1 0
123207 17 12 0
123280 17 1 0
123300 17 12 2
123308 17 0 0
123445 17 0 2
123481 17 1 0
123569 17 15 0
123569 17 15 0
123616 17 1 0
123643 17 15 2
123733 17 1 0
123787 17 15 2
123907 17 7 0
123958 17 1 0
124099 17 1 0
124178 17 1 0
124303 17 1 0
125694 17 7 2
125698 17 7 0
126056 17 7 2
126068 17 0 0
126479 17 0 2
126627 17 9 0
126746 17 9 2
126778 17 8 0
126915 17 8 2
126943 17 40 0
127263 17 40 2
127419 17 41 0
127730 17 41 2
128306 17 42 0
128649 17 42 2
129225 17 43 0
129496 17 43 2
130072 17 44 0
130380 17 44 2
130956 17 45 0
131250 17 45 2
131826 17 46 0
132141 17 46 2
132717 17 47 0
132986 17 47 2
133562 17 48 0
133844 17 48 2
134420 17 49 0
134738 17 49 2
135314 17 50 0
135569 17 50 2
136145 17 51 0
136446 17 51 2
137022 17 52 0
137348 17 52 2
137924 17 53 0
138248 17 53 2
138824 17 54 0
139141 17 54 2
139717 17 55 0
139996 17 55 2
140572 17 56 0
140882 17 56 2
141458 17 57 0
141806 17 57 2
142382 17 58 0
142679 17 58 2
143255 17 59 0
143586 17 59 2
144162 17 60 0
144516 17 60 2
145092 17 61 0
145426 17 61 2
146002 17 62 0
146401 17 62 2
146977 17 63 0
147255 17 63 2
147831 17 0 0
147831 17 0 0
147874 17 0 2
148041 17 0 2
148309 17 2 0
148427 17 2 2
148483 17 3 0
148609 17 3 2
148613 17 7 0
148961 17 7 2
149049 17 4 0
149193 17 4 2
149581 17 1 0
149896 17 1 2
150472 17 2 0
150816 17 2 2
151392 17 3 0
151762 17 3 2
152338 17 4 0
152626 17 4 2
153202 17 5 0
153465 17 5 2
154041 17 6 0
154417 17 6 2
154993 17 7 0
155342 17 7 2
155918 17 8 0
156172 17 8 2
156748 17 9 0
157023 17 7 1
157066 17 9 2
157249 17 1 2
157291 17 7 2
157642 17 10 0
157715 17 7 1
157785 17 7 1
157959 17 51 2
157977 17 10 2
158033 17 7 2
158069 17 24 2
158111 17 7 2
158215 17 7 1
158316 17 7 1
158435 17 7 1
158439 17 58 2
158505 17 7 1
158512 17 7 2
158549 17 4 2
158553 17 11 0
158615 17 7 2
158649 17 7 1
158659 17 37 2
158733 17 7 2
158769 17 18 2
158791 17 7 1
158802 17 7 2
158861 17 7 1
158881 17 28 2
158884 17 11 2
158939 17 7 2
158987 17 7 1
159019 17 39 2
159081 17 7 1
159109 17 7 2
159139 17 11 2
159183 17 7 1
159189 17 7 2
159249 17 13 2
159315 17 7 1
159316 17 7 2
159359 17 27 2
159409 17 7 2
159460 17 12 0
159469 17 19 2
159493 17 7 1
159511 17 7 2
159579 17 25 2
159603 17 7 1
159613 17 7 2
159729 17 38 2
159746 17 7 1
159746 17 12 2
159812 17 7 2
159839 17 7 1
159839 17 32 2
159890 17 7 2
159941 17 7 1
159969 17 5 2
160043 17 7 2
160079 17 12 2
160101 17 7 1
160137 17 7 2
160155 17 7 1
160199 17 20 2
160249 17 7 2
160297 17 7 1
160322 17 13 0
160329 17 60 2
160407 17 7 1
160419 17 7 2
160439 17 8 2
160481 17 7 2
160533 17 7 1
160549 17 29 2
160603 17 7 1
160615 17 7 2
160636 17 13 2
160669 17 43 2
160735 17 7 2
160776 17 7 1
160779 17 31 2
160862 17 7 2
160890 17 10 2
160928 17 7 1
160932 17 7 2
160999 17 62 2
161074 17 7 1
161105 17 7 2
161159 17 7 1
161169 17 48 2
161212 17 14 0
161235 17 7 2
161277 17 7 1
161299 17 52 2
161381 17 7 2
161395 17 7 1
161409 17 49 2
161467 17 7 2
161519 17 36 2
161547 17 7 1
161585 17 7 2
161599 17 14 2
161629 17 30 2
161665 17 7 1
161705 17 7 2
161789 17 57 2
161791 17 7 1
161855 17 7 2
161861 17 7 1
161899 17 14 2
161973 17 7 2
161981 17 7 1
162029 17 7 2
162119 17 7 2
162139 17 41 2
162161 17 7 1
162175 17 15 0
162189 17 7 2
162196 17 7 1
162249 17 34 2
162300 17 7 2
162349 17 7 1
162399 17 47 2
162433 17 7 1
162497 17 7 2
162504 17 15 2
162519 17 16 2
162553 17 7 2
162566 17 7 1
162629 17 22 2
162669 17 7 1
162695 17 7 2
162739 17 33 2
162781 17 7 2
162803 17 7 1
162849 17 50 2
162889 17 7 1
162915 17 7 2
162959 17 3 2
163017 17 7 2
163031 17 7 1
163069 17 15 2
163080 17 16 0
163125 17 7 1
163151 17 7 2
163179 17 42 2
163237 17 7 2
163263 17 7 1
163289 17 53 2
163332 17 16 2
163378 17 7 2
163399 17 23 2
163473 17 7 2
163509 17 59 2
163517 17 7 1
163591 17 7 2
163611 17 7 1
163739 17 56 2
163769 17 7 1
163813 17 7 2
163838 17 7 1
163849 17 40 2
163907 17 7 2
163908 17 17 0
163917 17 7 1
163989 17 61 2
164087 17 7 2
164093 17 7 1
164099 17 35 2
164157 17 7 2
164193 17 7 1
164209 17 17 2
164225 17 17 2
164234 17 7 2
164319 17 46 2
164337 17 7 1
164398 17 7 1
164409 17 7 2
164429 17 6 2
164511 17 7 2
164533 17 7 1
164569 17 55 2
164635 17 7 1
164675 17 7 2
164679 17 21 2
164737 17 7 2
164789 17 45 2
164801 17 18 0
164829 17 7 1
164871 17 7 2
164899 17 44 2
164973 17 7 2
165049 17 54 2
165075 17 7 1
165105 17 7 1
165119 17 18 2
165150 17 7 2
165223 17 7 1
165299 17 63 2
165409 17 9 2
165413 17 7 2
165442 17 7 2
165519 17 26 2
165561 17 7 2
165695 17 19 0
166016 17 19 2
166592 17 20 0
166896 17 20 2
167472 17 21 0
167736 17 21 2
168312 17 22 0
168651 17 22 2
169227 17 23 0
169556 17 23 2
170132 17 24 0
170390 17 24 2
170966 17 25 0
171295 17 25 2
171871 17 26 0
172189 17 26 2
172200 17 7 1
172419 17 2 2
172469 17 7 2
172765 17 27 0
173066 17 27 2
173642 17 28 0
173944 17 28 2
174520 17 29 0
174814 17 29 2
175390 17 30 0
175741 17 30 2
176317 17 31 0
176668 17 31 2
177244 17 32 0
177488 17 32 2
178064 17 33 0
178372 17 33 2
178948 17 34 0
179229 17 34 2
179805 17 35 0
180096 17 35 2
180672 17 36 0
180962 17 36 2
181538 17 37 0
181822 17 37 2
182398 17 38 0
182711 17 38 2
183287 17 39 0
183576 17 39 2
188972 17 1 0
190859 17 7 1
191078 17 0 2
191127 17 7 2
198312 17 8 0
198552 17 8 2
231660 17 14 0
231860 17 14 2
232132 17 61 0
232293 17 61 2
232365 17 54 0
232526 17 54 2
232558 17 55 0
232778 17 55 2
233006 17 40 0
233138 17 40 2
233166 17 49 0
233296 17 49 2
233308 17 51 0
233464 17 51 2
233484 17 37 0
233631 17 37 2
233635 17 20 0
233767 17 20 2
233783 17 3 0
233882 17 7 1
234108 17 63 2
234111 17 3 2
234203 17 21 0
234221 17 7 2
234345 17 21 2
234353 17 56 0
234493 17 56 2
234513 17 57 0
234633 17 57 2
234721 17 58 0
234819 17 58 2
234899 17 59 0
235016 17 59 2
235040 17 63 0
235448 17 63 2
235532 17 33 0
235646 17 33 2
236371 17 63 2
267759 17 7 1
267978 17 2 2
268027 17 7 2
274369 17 7 1
274588 17 2 2
274637 17 7 2
319105 17 7 1
319329 17 2 2
319379 17 7 2
342445 17 2 0
342446 17 7 1
342669 17 2 2
342719 17 7 2
379285 17 2 0
379286 17 7 1
379509 17 2 2
379559 17 7 2
402625 17 7 1
402849 17 2 2
402899 17 7 2
429889 17 2 0
429890 17 7 1
430108 17 2 2
430157 17 7 2
452887 17 2 0
452888 17 7 1
453108 17 2 2
453157 17 7 2
465264 17 2 0
465265 17 7 1
465488 17 2 2
465537 17 7 2
468823 17 2 0
468824 17 7 1
469048 17 2 2
469097 17 7 2
483101 17 7 1
483328 17 2 2
483377 17 7 2
515901 17 2 0
515902 17 7 1
516129 17 2 2
516179 17 7 2
559219 17 7 1
559438 17 2 2
559487 17 7 2
594933 17 2 2
595092 17 2 2
664086 17 2 0
664087 17 7 1
664308 17 2 2
664357 17 7 2
688466 17 7 1
688688 17 2 2
688737 17 7 2
698632 17 2 0
698633 17 7 1
698858 17 2 2
698907 17 7 2
717186 17 2 0
717187 17 7 1
717408 17 2 2
717457 17 7 2
720044 17 7 1
720045 17 2 0
720268 17 2 2
720317 17 7 2
727807 17 2 2
727808 17 2 0
753404 17 2 0
753405 17 7 1
753629 17 2 2
753679 17 7 2
766406 17 3 2
766746 17 3 2
767260 17 3 2
776814 17 2 0
776815 17 7 1
777039 17 2 2
777089 17 7 2
779944 17 3 0
779945 17 7 1
780168 17 3 2
780225 17 7 2
792123 17 2 0
795437 17 2 0
795438 17 2 2
802874 17 3 0
802875 17 7 1
803099 17 3 2
803157 17 7 2
804344 17 2 0
804345 17 7 1
804569 17 2 2
804619 17 7 2
827674 17 2 0
827675 17 7 1
827899 17 2 2
827949 17 7 2
834638 17 2 0
834639 17 0 0
838959 17 15 0
838959 17 15 0
839033 17 15 2
839041 17 15 2
839129 17 30 0
839227 17 30 2
839239 17 24 0
839321 17 24 2
839421 17 25 0
839495 17 25 2
839503 17 17 0
839503 17 17 0
839512 17 17 0
839513 17 3 0
839513 17 17 2
839521 17 17 2
839571 17 17 2
839635 17 26 0
839709 17 26 2
839773 17 27 0
839850 17 27 2
839882 17 34 0
839967 17 34 2
839979 17 26 0
840053 17 26 2
840149 17 55 0
840288 17 55 2
840296 17 27 0
840378 17 27 2
840426 17 61 0
841507 17 61 2
841511 17 28 0
841598 17 13 2
841601 17 28 2
841653 17 60 0
841714 17 4 2
841775 17 60 2
841791 17 61 0
841837 17 7 2
841921 17 61 2
841941 17 37 0
841976 17 5 2
842100 17 15 2
842220 17 37 2
842235 17 21 2
842256 17 35 0
842338 17 35 2
842346 17 6 2
842390 17 61 0
842481 17 11 2
843428 17 61 2
843436 17 19 0
843510 17 19 2
843519 17 23 2
843526 17 61 0
852053 17 61 2
852965 17 61 0
852965 17 32 2
856157 17 61 2
856248 17 40 2
856253 17 61 0
858759 17 61 2
859810 17 24 2
859815 17 61 0
861211 17 61 2
861303 17 38 2
861307 17 61 0
862603 17 61 2
862697 17 61 2
862699 17 61 0
874945 17 61 2
875782 17 27 2
875785 17 61 0
876997 17 61 2
877088 17 37 2
877195 17 13 2
877312 17 60 2
877321 17 61 0
884597 17 61 2
884993 17 61 0
884993 17 62 2
891025 17 61 2
891241 17 61 0
891241 17 20 2
897899 17 61 2
899928 17 7 2
899939 17 61 0
907546 17 61 2
908087 17 38 2
908098 17 61 0
911212 17 61 2
911714 17 38 2
911716 17 61 0
913568 17 61 2
916660 17 58 2
916664 17 61 0
919238 17 61 2
921463 17 51 2
921470 17 61 0
924277 17 61 2
925194 17 31 2
925201 17 61 0
931127 17 61 2
932041 17 29 2
932051 17 61 0
934925 17 61 2
935167 17 29 2
935177 17 61 0
938353 17 61 2
938697 17 37 2
938701 17 61 0
940233 17 61 2
942227 17 54 2
942237 17 61 0
946303 17 61 2
947272 17 43 2
947275 17 61 0
948329 17 61 2
950925 17 35 2
950933 17 61 0
954719 17 61 2
954932 17 44 2
954935 17 61 0
959409 17 61 2
960406 17 63 2
960417 17 61 0
962063 17 61 2
963306 17 57 2
963311 17 61 0
964547 17 61 2
966396 17 57 2
966407 17 61 0
970844 17 61 2
971266 17 50 2
971276 17 61 0
974348 17 61 2
975445 17 23 2
975452 17 61 0
980759 17 61 2
981191 17 61 0
981191 17 48 2
983413 17 61 2
985131 17 2 2
985141 17 61 0
989735 17 61 2
990074 17 14 2
990083 17 61 0
993009 17 61 2
994245 17 61 0
994245 17 40 2
995597 17 61 2
996060 17 8 2
996065 17 61 0
996381 17 61 2
996472 17 12 2
996587 17 26 2
996696 17 4 2
996819 17 32 2
996936 17 18 2
997043 17 34 2
997150 17 33 2
997258 17 30 2
997373 17 24 2
997488 17 22 2
997606 17 45 2
997718 17 10 2
997838 17 1 2
997961 17 59 2
998068 17 56 2
998188 17 3 2
998311 17 47 2
998441 17 39 2
998571 17 13 2
998691 17 25 2
998801 17 49 2
998911 17 5 2
999054 17 61 2
999057 17 61 0
1001132 17 61 2
1001422 17 13 2
1001432 17 61 0
1005065 17 2 0
1005066 17 2 2
1005276 17 61 2
1005490 17 4 2
1005492 17 61 0
1007186 17 61 2
1007890 17 24 2
1007894 17 61 0
1008038 17 61 2
1008090 17 29 0
1008129 17 39 2
1008188 17 29 2
1008204 17 61 0
1008469 17 61 2
1008560 17 4 2
1008569 17 32 0
1008643 17 32 2
1008727 17 28 0
1008809 17 28 2
1008861 17 2 0
1008927 17 2 2
1008939 17 29 0
1009029 17 29 2
1009061 17 4 0
1009135 17 4 2
1009143 17 35 0
1009225 17 35 2
1009896 17 2 0
1009897 17 2 2
1010914 17 2 0
1010915 17 2 2
1022598 17 25 2
1024871 17 2 0
1025961 17 2 0
1050125 17 0 0
1050125 17 0 0
1050554 17 0 2
1050674 17 38 0
1050674 17 38 0
1050748 17 38 2
1051279 17 38 2
1051837 17 0 2
1053163 17 2 0
1053519 17 2 2
1053555 17 25 0
1053729 17 25 2
1053745 17 31 0
1053870 17 31 2
1053906 17 33 0
1054078 17 33 2
1054082 17 36 0
1054206 17 36 2
1054214 17 4 0
1054214 17 4 0
1054272 17 4 2
1054367 17 4 2
1054459 17 5 0
1054609 17 5 2
1054641 17 34 0
1054763 17 34 2
1054783 17 35 0
1054906 17 35 2
1054930 17 32 0
1055120 17 32 2
1055484 17 38 0
1055484 17 38 0
1055626 17 38 2
1055782 17 46 0
1055872 17 46 2
1055924 17 0 0
1055924 17 0 0
1055966 17 0 2
1055974 17 0 2
1056122 17 47 0
1056219 17 47 2
1056849 17 2 2
1057004 17 2 2
1057222 17 2 2
1058791 17 31 0
1058922 17 31 2
1058966 17 35 0
1059241 17 35 2
1059301 17 32 0
1059415 17 32 2
1059471 17 46 0
1059585 17 46 2
1059617 17 12 0
1059678 17 38 2
1059691 17 12 2
1059703 17 33 0
1059784 17 33 2
1059876 17 34 0
1060047 17 34 2
1060079 17 1 0
1060137 17 1 2
1060181 17 32 0
1060322 17 32 2
1060330 17 35 0
1060330 17 35 0
1060381 17 35 2
1060688 17 35 2
1060692 17 60 0
1060868 17 60 2
1060884 17 61 0
1061209 17 61 2
1061269 17 48 0
1061372 17 48 2
1061412 17 49 0
1061964 17 49 2
1062000 17 36 0
1062000 17 36 0
1062058 17 36 2
1062229 17 36 2
1062293 17 37 0
1062293 17 37 0
1062359 17 37 2
1062770 17 37 2
1062818 17 58 0
1062818 17 58 0
1062884 17 58 2
1062940 17 58 2
1062952 17 31 0
1063236 17 31 2
1063248 17 30 0
1063597 17 30 2
1063605 17 59 0
1063605 17 59 0
1063679 17 59 2
1063722 17 59 2
1063774 17 34 0
1064057 17 34 2
1064097 17 0 0
1064097 17 0 0
1064243 17 0 2
1064356 17 0 2
1064364 17 33 0
1064708 17 33 2
1064724 17 60 0
1064898 17 60 2
1064918 17 32 0
1065176 17 32 2
1065252 17 61 0
1065427 17 61 2
1065551 17 62 0
1065702 17 62 2
1065790 17 12 0
1065864 17 12 2
1065876 17 39 0
1066023 17 39 2
1066035 17 13 0
1066116 17 13 2
1066120 17 48 0
1066298 17 48 2
1066310 17 59 0
1066418 17 59 2
1066446 17 54 0
1066446 17 54 0
1066536 17 54 2
1066589 17 54 2
1066629 17 55 0
1066734 17 55 2
1066758 17 56 0
1066883 17 56 2
1066911 17 57 0
1067029 17 57 2
1067093 17 58 0
1067199 17 58 2
1067235 17 49 0
1067337 17 49 2
1067377 17 63 0
1067615 17 63 2
1067663 17 15 0
1067760 17 15 2
1067776 17 44 0
1067849 17 44 2
1067869 17 45 0
1067988 17 45 2
1068236 17 0 0
1068305 17 0 2
1068397 17 1 0
1068459 17 1 2
1068559 17 2 0
1068617 17 2 2
1068625 17 47 0
1068721 17 47 2
1068733 17 41 0
1068817 17 41 2
1068889 17 3 0
1068955 17 3 2
1069215 17 5 0
1069358 17 5 2
1069406 17 6 0
1069598 17 6 2
1069686 17 7 0
1069815 17 7 2
1069923 17 8 0
1070110 17 8 2
1070166 17 1 0
1070166 17 1 0
1070200 17 1 2
1070207 17 1 2
1070655 17 46 0
1070744 17 46 2
1070752 17 4 0
1071097 17 4 2
1071121 17 47 0
1071226 17 47 2
1071370 17 12 0
1071426 17 12 2
1071790 17 10 0
1071861 17 10 2
1071981 17 1 0
1072047 17 1 2
1072495 17 46 0
1072495 17 46 0
1072577 17 46 2
1072594 17 46 2
1072626 17 47 0
1072732 17 47 2
1072876 17 12 0
1072942 17 12 2
1073327 17 16 2
1073426 17 1 0
1073426 17 1 0
1073460 17 1 2
1073468 17 1 2
1073916 17 46 0
1074005 17 46 2
1074037 17 47 0
1074037 17 47 0
1074128 17 47 2
1074144 17 47 2
1074288 17 12 0
1074288 17 12 0
1074338 17 12 2
1074346 17 12 2
1074830 17 1 0
1074830 17 1 0
1074864 17 1 2
1074915 17 1 2
1075363 17 46 0
1075363 17 46 0
1075445 17 46 2
1075453 17 46 2
1075485 17 47 0
1075485 17 47 0
1075575 17 47 2
1075583 17 47 2
1075727 17 12 0
1075727 17 12 0
1075777 17 12 2
1075801 17 12 2
1076285 17 1 0
1076285 17 1 0
1076319 17 1 2
1076388 17 1 2
1076836 17 46 0
1076836 17 46 0
1076919 17 46 2
1076937 17 46 2
1076969 17 47 0
1076969 17 47 0
1077061 17 47 2
1077074 17 47 2
1077218 17 12 0
1077218 17 12 0
1077268 17 12 2
1077275 17 12 2
1077759 17 1 0
1077759 17 1 0
1077795 17 1 2
1077803 17 1 2
1078251 17 46 0
1078251 17 46 0
1078333 17 46 2
1078344 17 46 2
1078376 17 47 0
1078376 17 47 0
1078466 17 47 2
1078474 17 47 2
1078618 17 12 0
1078618 17 12 0
1078670 17 12 2
1078678 17 12 2
1079162 17 1 0
1079162 17 1 0
1079196 17 1 2
1079205 17 1 2
1079637 17 10 0
1079710 17 10 2
1079726 17 46 0
1079726 17 46 0
1079808 17 46 2
1079815 17 46 2
1079847 17 47 0
1079847 17 47 0
1079939 17 47 2
1079946 17 47 2
1080090 17 12 0
1080090 17 12 0
1080142 17 12 2
1080150 17 12 2
1080634 17 1 0
1080634 17 1 0
1080638 17 19 2
1080668 17 1 2
1080680 17 1 2
1080826 17 16 2
1081128 17 46 0
1081128 17 46 0
1081210 17 46 2
1081241 17 46 2
1081273 17 47 0
1081273 17 47 0
1081363 17 47 2
1081382 17 47 2
1081526 17 12 0
1081526 17 12 0
1081576 17 12 2
1081584 17 12 2
1082068 17 1 0
1082068 17 1 0
1082102 17 1 2
1082110 17 1 2
1082558 17 46 0
1082558 17 46 0
1082641 17 46 2
1082649 17 46 2
1082681 17 47 0
1082681 17 47 0
1082771 17 47 2
1082779 17 47 2
1082923 17 12 0
1082923 17 12 0
1082973 17 12 2
1082981 17 12 2
1083465 17 1 0
1083465 17 1 0
1083501 17 1 2
1083509 17 1 2
1083957 17 46 0
1083957 17 46 0
1084044 17 46 2
1084047 17 46 2
1084079 17 47 0
1084079 17 47 0
1084169 17 47 2
1084177 17 47 2
1084321 17 12 0
1084321 17 12 0
1084371 17 12 2
1084379 17 12 2
1084863 17 1 0
1084863 17 1 0
1084897 17 1 2
1084905 17 1 2
1085353 17 46 0
1085353 17 46 0
1085435 17 46 2
1085452 17 46 2
1085484 17 47 0
1085484 17 47 0
1085574 17 47 2
1085612 17 47 2
1085756 17 12 0
1085756 17 12 0
1085806 17 12 2
1085814 17 12 2
1086298 17 1 0
1086298 17 1 0
1086332 17 1 2
1086370 17 1 2
1086818 17 46 0
1086818 17 46 0
1086901 17 46 2
1086912 17 46 2
1086944 17 47 0
1086944 17 47 0
1087034 17 47 2
1087045 17 47 2
1087189 17 12 0
1087189 17 12 0
1087239 17 12 2
1087253 17 12 2
1087737 17 1 0
1087737 17 1 0
1087771 17 1 2
1087778 17 1 2
1088226 17 46 0
1088226 17 46 0
1088314 17 46 2
1088316 17 46 2
1088348 17 47 0
1088348 17 47 0
1088438 17 47 2
1088450 17 47 2
1088594 17 12 0
1088594 17 12 0
1088645 17 12 2
1088653 17 12 2
1089137 17 1 0
1089137 17 1 0
1089171 17 1 2
1089183 17 1 2
1089631 17 46 0
1089631 17 46 0
1089713 17 46 2
1089725 17 46 2
1089757 17 47 0
1089757 17 47 0
1089847 17 47 2
1089855 17 47 2
1089999 17 12 0
1089999 17 12 0
1090049 17 12 2
1090058 17 12 2
1090542 17 1 0
1090542 17 1 0
1090577 17 1 2
1090585 17 1 2
1091017 17 11 0
1091017 17 11 0
1091059 17 11 2
1091108 17 11 2
1091124 17 46 0
1091124 17 46 0
1091206 17 46 2
1091215 17 46 2
1091247 17 47 0
1091247 17 47 0
1091337 17 47 2
1091344 17 47 2
1091488 17 12 0
1091488 17 12 0
1091538 17 12 2
1091546 17 12 2
1092030 17 1 0
1092030 17 1 0
1092064 17 1 2
1092072 17 1 2
1092520 17 46 0
1092520 17 46 0
1092603 17 46 2
1092612 17 46 2
1092644 17 47 0
1092644 17 47 0
1092734 17 47 2
1092745 17 47 2
1092889 17 12 0
1092889 17 12 0
1092940 17 12 2
1092947 17 12 2
1093431 17 1 0
1093431 17 1 0
1093465 17 1 2
1093473 17 1 2
1093921 17 46 0
1093921 17 46 0
1094003 17 46 2
1094011 17 46 2
1094043 17 47 0
1094043 17 47 0
1094133 17 47 2
1094140 17 47 2
1094284 17 12 0
1094284 17 12 0
1094334 17 12 2
1094342 17 12 2
1094826 17 1 0
1094826 17 1 0
1094860 17 1 2
1094917 17 1 2
1095365 17 46 0
1095365 17 46 0
1095448 17 46 2
1095459 17 46 2
1095491 17 47 0
1095491 17 47 0
1095581 17 47 2
1095589 17 47 2
1095733 17 12 0
1095733 17 12 0
1095784 17 12 2
1095792 17 12 2
1096276 17 1 0
1096276 17 1 0
1096311 17 1 2
1096319 17 1 2
1096767 17 46 0
1096767 17 46 0
1096850 17 46 2
1096858 17 46 2
1096890 17 47 0
1096890 17 47 0
1096980 17 47 2
1096988 17 47 2
1097132 17 12 0
1097132 17 12 0
1097186 17 12 2
1097194 17 12 2
1097678 17 1 0
1097678 17 1 0
1097712 17 1 2
1097749 17 1 2
1098197 17 46 0
1098197 17 46 0
1098285 17 46 2
1098288 17 46 2
1098320 17 47 0
1098320 17 47 0
1098410 17 47 2
1098417 17 47 2
1098561 17 12 0
1098561 17 12 0
1098611 17 12 2
1098618 17 12 2
1099102 17 1 0
1099102 17 1 0
1099136 17 1 2
1099144 17 1 2
1099592 17 46 0
1099592 17 46 0
1099674 17 46 2
1099681 17 46 2
1099713 17 47 0
1099713 17 47 0
1099803 17 47 2
1099811 17 47 2
1099955 17 12 0
1099955 17 12 0
1100008 17 12 2
1100025 17 12 2
1100509 17 1 0
1100509 17 1 0
1100543 17 1 2
1100621 17 1 2
1101069 17 46 0
1101069 17 46 0
1101151 17 46 2
1101160 17 46 2
1101192 17 47 0
1101192 17 47 0
1101282 17 47 2
1101292 17 47 2
1101436 17 12 0
1101436 17 12 0
1101486 17 12 2
1101493 17 12 2
1101977 17 1 0
1101977 17 1 0
1102011 17 1 2
1102018 17 1 2
1102450 17 12 0
1102450 17 12 0
1102500 17 12 2
1102508 17 12 2
1102524 17 46 0
1102524 17 46 0
1102606 17 46 2
1102615 17 46 2
1102647 17 47 0
1102647 17 47 0
1102738 17 47 2
1102747 17 47 2
1102891 17 12 0
1102891 17 12 0
1102941 17 12 2
1102950 17 12 2
1103434 17 1 0
1103434 17 1 0
1103468 17 1 2
1103495 17 1 2
1103943 17 46 0
1103943 17 46 0
1104026 17 46 2
1104035 17 46 2
1104067 17 47 0
1104067 17 47 0
1104157 17 47 2
1104167 17 47 2
1104311 17 12 0
1104311 17 12 0
1104361 17 12 2
1104370 17 12 2
1104854 17 1 0
1104854 17 1 0
1104889 17 1 2
1104897 17 1 2
1105345 17 46 0
1105345 17 46 0
1105428 17 46 2
1105436 17 46 2
1105468 17 47 0
1105468 17 47 0
1105558 17 47 2
1105566 17 47 2
1105710 17 12 0
1105710 17 12 0
1105760 17 12 2
1105767 17 12 2
1106251 17 1 0
1106251 17 1 0
1106285 17 1 2
1106347 17 1 2
1106795 17 46 0
1106795 17 46 0
1106877 17 46 2
1106885 17 46 2
1106917 17 47 0
1106917 17 47 0
1107007 17 47 2
1107018 17 47 2
1107162 17 12 0
1107162 17 12 0
1107212 17 12 2
1107220 17 12 2
1107704 17 1 0
1107704 17 1 0
1107738 17 1 2
1107746 17 1 2
1108194 17 46 0
1108194 17 46 0
1108276 17 46 2
1108293 17 46 2
1108325 17 47 0
1108325 17 47 0
1108417 17 47 2
1108425 17 47 2
1108569 17 12 0
1108569 17 12 0
1108620 17 12 2
1108628 17 12 2
1109112 17 1 0
1109112 17 1 0
1109146 17 1 2
1109154 17 1 2
1109602 17 46 0
1109602 17 46 0
1109684 17 46 2
1109694 17 46 2
1109726 17 47 0
1109726 17 47 0
1109817 17 47 2
1109864 17 47 2
1110008 17 12 0
1110008 17 12 0
1110058 17 12 2
1110096 17 12 2
1110580 17 1 0
1110580 17 1 0
1110614 17 1 2
1110672 17 1 2
1111120 17 46 0
1111120 17 46 0
1111202 17 46 2
1111212 17 46 2
1111244 17 47 0
1111244 17 47 0
1111336 17 47 2
1111350 17 47 2
1111494 17 12 0
1111494 17 12 0
1111544 17 12 2
1111552 17 12 2
1112036 17 1 0
1112036 17 1 0
1112070 17 1 2
1112107 17 1 2
1112555 17 46 0
1112555 17 46 0
1112637 17 46 2
1112647 17 46 2
1112679 17 47 0
1112679 17 47 0
1112769 17 47 2
1112778 17 47 2
1112922 17 12 0
1112922 17 12 0
1112972 17 12 2
1112981 17 12 2
1113465 17 1 0
1113465 17 1 0
1113499 17 1 2
1113527 17 1 2
1113959 17 13 0
1114082 17 13 2
1114098 17 46 0
1114098 17 46 0
1114190 17 46 2
1114218 17 46 2
1114222 17 47 0
1114222 17 47 0
1114313 17 47 2
1114322 17 47 2
1114466 17 12 0
1114466 17 12 0
1114516 17 12 2
1114523 17 12 2
1115007 17 1 0
1115007 17 1 0
1115041 17 1 2
1115049 17 1 2
1115497 17 46 0
1115497 17 46 0
1115579 17 46 2
1115587 17 46 2
1115619 17 47 0
1115619 17 47 0
1115709 17 47 2
1115717 17 47 2
1115861 17 12 0
1115861 17 12 0
1115912 17 12 2
1115917 17 12 2
1116401 17 1 0
1116401 17 1 0
1116438 17 1 2
1116449 17 1 2
1116897 17 46 0
1116897 17 46 0
1116979 17 46 2
1116989 17 46 2
1117021 17 47 0
1117021 17 47 0
1117118 17 47 2
1117126 17 47 2
1117270 17 12 0
1117270 17 12 0
1117328 17 12 2
1117340 17 12 2
1117812 17 1 0
1117812 17 1 0
1117846 17 1 2
1117853 17 1 2
1118301 17 46 0
1118301 17 46 0
1118393 17 46 2
1118396 17 46 2
1118428 17 47 0
1118428 17 47 0
1118520 17 47 2
1118528 17 47 2
1118672 17 12 0
1118672 17 12 0
1118724 17 12 2
1118729 17 12 2
1119213 17 1 0
1119213 17 1 0
1119247 17 1 2
1119295 17 1 2
1119743 17 46 0
1119743 17 46 0
1119825 17 46 2
1119834 17 46 2
1119866 17 47 0
1119866 17 47 0
1119956 17 47 2
1119965 17 47 2
1120109 17 12 0
1120109 17 12 0
1120159 17 12 2
1120167 17 12 2
1120651 17 1 0
1120651 17 1 0
1120685 17 1 2
1120693 17 1 2
1121141 17 46 0
1121141 17 46 0
1121223 17 46 2
1121241 17 46 2
1121273 17 47 0
1121273 17 47 0
1121363 17 47 2
1121430 17 47 2
1121574 17 12 0
1121574 17 12 0
1121627 17 12 2
1121643 17 12 2
1122127 17 1 0
1122127 17 1 0
1122161 17 1 2
1122298 17 1 2
1122746 17 46 0
1122746 17 46 0
1122834 17 46 2
1122840 17 46 2
1122866 17 47 0
1122866 17 47 0
1122959 17 47 2
1122966 17 47 2
1123110 17 12 0
1123110 17 12 0
1123160 17 12 2
1123168 17 12 2
1123652 17 1 0
1123652 17 1 0
1123686 17 1 2
1123723 17 1 2
1124171 17 46 0
1124171 17 46 0
1124253 17 46 2
1124260 17 46 2
1124292 17 47 0
1124292 17 47 0
1124382 17 47 2
1124394 17 47 2
1124538 17 12 0
1124538 17 12 0
1124592 17 12 2
1124596 17 12 2
1125080 17 1 0
1125080 17 1 0
1125114 17 1 2
1125171 17 1 2
1125603 17 14 0
1125725 17 14 2
1125741 17 46 0
1125741 17 46 0
1125825 17 46 2
1125834 17 46 2
1125866 17 47 0
1125866 17 47 0
1125965 17 47 2
1125981 17 47 2
1126109 17 12 0
1126109 17 12 0
1126159 17 12 2
1126167 17 12 2
1126651 17 1 0
1126651 17 1 0
1126696 17 1 2
1126698 17 1 2
1127146 17 46 0
1127146 17 46 0
1127228 17 46 2
1127236 17 46 2
1127268 17 47 0
1127268 17 47 0
1127366 17 47 2
1127367 17 47 2
1127511 17 12 0
1127511 17 12 0
1127561 17 12 2
1127568 17 12 2
1128052 17 1 0
1128052 17 1 0
1128086 17 1 2
1128094 17 1 2
1128542 17 46 0
1128542 17 46 0
1128624 17 46 2
1128635 17 46 2
1128667 17 47 0
1128667 17 47 0
1128758 17 47 2
1128769 17 47 2
1128913 17 12 0
1128913 17 12 0
1128963 17 12 2
1128985 17 12 2
1129469 17 1 0
1129469 17 1 0
1129503 17 1 2
1129551 17 1 2
1129999 17 46 0
1129999 17 46 0
1130082 17 46 2
1130091 17 46 2
1130123 17 47 0
1130123 17 47 0
1130213 17 47 2
1130220 17 47 2
1130364 17 12 0
1130364 17 12 0
1130414 17 12 2
1130424 17 12 2
1130908 17 1 0
1130908 17 1 0
1130942 17 1 2
1130950 17 1 2
1131398 17 46 0
1131398 17 46 0
1131480 17 46 2
1131518 17 46 2
1131550 17 47 0
1131550 17 47 0
1131640 17 47 2
1131647 17 47 2
1131791 17 12 0
1131791 17 12 0
1131842 17 12 2
1131849 17 12 2
1132333 17 1 0
1132333 17 1 0
1132367 17 1 2
1132378 17 1 2
1132826 17 46 0
1132826 17 46 0
1132908 17 46 2
1132919 17 46 2
1132951 17 47 0
1132951 17 47 0
1133041 17 47 2
1133054 17 47 2
1133198 17 12 0
1133198 17 12 0
1133248 17 12 2
1133255 17 12 2
1133739 17 1 0
1133739 17 1 0
1133773 17 1 2
1133780 17 1 2
1134228 17 46 0
1134228 17 46 0
1134311 17 46 2
1134328 17 46 2
1134360 17 47 0
1134360 17 47 0
1134450 17 47 2
1134458 17 47 2
1134602 17 12 0
1134602 17 12 0
1134652 17 12 2
1134679 17 12 2
1135163 17 1 0
1135163 17 1 0
1135197 17 1 2
1135265 17 1 2
1135713 17 46 0
1135713 17 46 0
1135804 17 46 2
1135836 17 47 0
1135836 17 47 0
1135856 17 46 2
1135934 17 47 2
1135976 17 47 2
1136078 17 12 0
1136078 17 12 0
1136128 17 12 2
1136135 17 12 2
1136523 17 1 0
1136523 17 1 0
1136558 17 1 2
1136566 17 1 2
1136998 17 7 0
1137104 17 7 2
1137120 17 46 0
1137120 17 46 0
1137214 17 46 2
1137223 17 46 2
1137246 17 47 0
1137246 17 47 0
1137343 17 47 2
1137347 17 47 2
1137491 17 12 0
1137491 17 12 0
1137541 17 12 2
1137549 17 12 2
1138033 17 1 0
1138033 17 1 0
1138067 17 1 2
1138075 17 1 2
1138523 17 46 0
1138523 17 46 0
1138607 17 46 2
1138626 17 46 2
1138658 17 47 0
1138658 17 47 0
1138751 17 47 2
1138757 17 47 2
1138901 17 12 0
1138901 17 12 0
1138951 17 12 2
1138959 17 12 2
1139443 17 1 0
1139443 17 1 0
1139478 17 1 2
1139486 17 1 2
1139934 17 46 0
1139934 17 46 0
1140016 17 46 2
1140109 17 46 2
1140141 17 47 0
1140141 17 47 0
1140231 17 47 2
1140257 17 47 2
1140401 17 12 0
1140401 17 12 0
1140451 17 12 2
1140460 17 12 2
1140944 17 1 0
1140944 17 1 0
1140978 17 1 2
1140986 17 1 2
1141295 17 19 2
1141434 17 46 0
1141434 17 46 0
1141516 17 46 2
1141528 17 46 2
1141560 17 47 0
1141560 17 47 0
1141654 17 47 2
1141659 17 47 2
1141803 17 5 0
1141885 17 5 2
1141893 17 61 0
1141893 17 61 0
1141983 17 61 2
1142015 17 61 2
1142023 17 29 0
1142291 17 29 2
1142307 17 62 0
1142307 17 62 0
1142405 17 62 2
1142437 17 62 2
1142713 17 63 0
1142713 17 63 0
1142820 17 63 2
1142852 17 63 2
1143276 17 12 0
1143276 17 12 0
1143327 17 12 2
1143351 17 12 2
1143843 17 1 0
1143843 17 1 0
1143877 17 1 2
1144046 17 1 2
1144127 17 3 2
1144243 17 16 2
1144441 17 15 2
1144460 17 19 2
1144494 17 46 0
1144494 17 46 0
1144576 17 46 2
1144584 17 46 2
1144616 17 47 0
1144616 17 47 0
1144707 17 47 2
1144716 17 47 2
1144860 17 12 0
1144860 17 12 0
1144910 17 12 2
1144969 17 12 2
1145286 17 13 2
1145453 17 1 0
1145453 17 1 0
1145487 17 1 2
1145544 17 1 2
1145992 17 46 0
1145992 17 46 0
1146096 17 46 2
1146128 17 47 0
1146128 17 47 0
1146158 17 46 2
1146229 17 47 2
1146278 17 47 2
1146373 17 12 0
1146373 17 12 0
1146423 17 12 2
1146431 17 12 2
1146915 17 1 0
1146915 17 1 0
1146949 17 1 2
1146966 17 1 2
1147414 17 46 0
1147414 17 46 0
1147428 17 12 2
1147506 17 46 2
1147536 17 46 2
1147538 17 47 0
1147538 17 47 0
1147636 17 47 2
1147661 17 47 2
1147780 17 12 0
1147780 17 12 0
1147830 17 12 2
1147839 17 12 2
1148323 17 1 0
1148323 17 1 0
1148357 17 1 2
1148415 17 1 2
1148863 17 46 0
1148863 17 46 0
1148945 17 46 2
1148953 17 46 2
1148985 17 47 0
1148985 17 47 0
1149075 17 47 2
1149083 17 47 2
1149227 17 12 0
1149284 17 12 2
1149768 17 1 0
1149768 17 1 0
1149802 17 1 2
1149850 17 1 2
1150282 17 8 0
1150282 17 8 0
1150316 17 8 2
1150349 17 8 2
1150365 17 46 0
1150365 17 46 0
1150447 17 46 2
1150454 17 46 2
1150486 17 47 0
1150486 17 47 0
1150576 17 47 2
1150584 17 47 2
1150728 17 12 0
1150728 17 12 0
1150778 17 12 2
1150786 17 12 2
1151270 17 1 0
1151270 17 1 0
1151304 17 1 2
1151311 17 1 2
1151496 17 2 0
1151497 17 2 2
1151759 17 46 0
1151759 17 46 0
1151841 17 46 2
1151849 17 46 2
1151881 17 47 0
1151881 17 47 0
1151971 17 47 2
1151985 17 47 2
1152129 17 12 0
1152129 17 12 0
1152182 17 12 2
1152192 17 12 2
1152676 17 1 0
1152676 17 1 0
1152713 17 1 2
1152717 17 1 2
1153165 17 46 0
1153165 17 46 0
1153247 17 46 2
1153256 17 46 2
1153288 17 47 0
1153288 17 47 0
1153382 17 47 2
1153390 17 47 2
1153534 17 12 0
1153534 17 12 0
1153584 17 12 2
1153592 17 12 2
1154076 17 1 0
1154076 17 1 0
1154110 17 1 2
1154138 17 1 2
1154586 17 46 0
1154586 17 46 0
1154668 17 46 2
1154675 17 46 2
1154707 17 47 0
1154707 17 47 0
1154797 17 47 2
1154806 17 47 2
1154950 17 12 0
1154950 17 12 0
1155000 17 12 2
1155008 17 12 2
1155492 17 1 0
1155492 17 1 0
1155527 17 1 2
1155576 17 1 2
1156024 17 46 0
1156024 17 46 0
1156107 17 46 2
1156116 17 46 2
1156148 17 47 0
1156148 17 47 0
1156238 17 47 2
1156256 17 47 2
1156400 17 12 0
1156400 17 12 0
1156450 17 12 2
1156459 17 12 2
1156934 17 2 0
1156943 17 1 0
1156943 17 1 0
1156977 17 1 2
1157055 17 1 2
1157503 17 46 0
1157503 17 46 0
1157585 17 46 2
1157603 17 46 2
1157635 17 47 0
1157635 17 47 0
1157725 17 47 2
1157746 17 47 2
1157890 17 12 0
1157890 17 12 0
1157941 17 12 2
1157950 17 12 2
1158434 17 1 0
1158434 17 1 0
1158468 17 1 2
1158507 17 1 2
1158955 17 46 0
1158955 17 46 0
1159037 17 46 2
1159045 17 46 2
1159077 17 47 0
1159077 17 47 0
1159167 17 47 2
1159176 17 47 2
1159320 17 12 0
1159320 17 12 0
1159370 17 12 2
1159378 17 12 2
1159862 17 1 0
1159862 17 1 0
1159896 17 1 2
1159923 17 1 2
1160371 17 46 0
1160371 17 46 0
1160453 17 46 2
1160461 17 46 2
1160493 17 47 0
1160493 17 47 0
1160583 17 47 2
1160591 17 47 2
1160735 17 12 0
1160735 17 12 0
1160785 17 12 2
1160793 17 12 2
1161277 17 1 0
1161277 17 1 0
1161311 17 1 2
1161359 17 1 2
1161531 17 13 2
1161807 17 46 0
1161807 17 46 0
1161889 17 46 2
1161897 17 46 2
1161929 17 47 0
1161929 17 47 0
1162019 17 47 2
1162027 17 47 2
1162171 17 12 0
1162171 17 12 0
1162221 17 12 2
1162230 17 12 2
1162706 17 9 0
1162764 17 9 2
1162860 17 63 0
1162888 17 55 0
1163003 17 55 2
1163007 17 1 0
1163010 17 63 0
1163097 17 1 2
1163121 17 56 0
1163138 17 63 0
1163227 17 56 2
1163241 17 19 2
1163247 17 45 0
1163310 17 63 0
1163337 17 45 2
1163353 17 1 0
1163419 17 1 2
1163455 17 1 0
1163465 17 63 0
1163523 17 1 2
1163527 17 46 0
1163603 17 63 0
1163628 17 46 2
1163704 17 63 0
1163726 17 63 0
1163850 17 63 0
1163973 17 63 0
1163978 17 63 2
1163986 17 47 0
1164089 17 19 2
1164092 17 47 2
1164099 17 63 0
1164196 17 62 0
1164196 17 62 0
1164241 17 63 0
1164299 17 62 2
1164302 17 62 2
1164370 17 29 0
1164431 17 15 2
1164494 17 29 2
1164534 17 30 0
1164656 17 30 2
1164700 17 17 0
1164709 17 63 0
1164825 17 17 2
1164835 17 63 0
1164881 17 18 0
1165004 17 18 2
1165021 17 63 0
1165052 17 19 0
1165159 17 63 0
1165174 17 19 2
1165210 17 21 0
1165285 17 63 0
1165332 17 21 2
1165364 17 22 0
1165486 17 22 2
1165505 17 63 0
1165611 17 14 2
1165659 17 63 0
1165792 17 63 0
1165842 17 61 0
1165842 17 61 0
1165880 17 16 2
1165923 17 63 0
1165932 17 61 2
1165950 17 61 2
1166075 17 63 0
1166227 17 63 0
1166367 17 63 0
1166441 17 3 0
1166442 17 3 2
1166486 17 1 0
1166502 17 63 0
1166527 17 1 2
1166611 17 58 0
1166611 17 58 0
1166626 17 63 0
1166663 17 0 2
1166680 17 58 2
1166692 17 58 2
1166772 17 59 0
1166772 17 59 0
1166850 17 59 2
1166860 17 59 2
1166914 17 25 2
1166987 17 2 0
1166988 17 1 0
1167075 17 63 0
1167251 17 63 0
1167448 17 63 0
1167579 17 63 0
1167753 17 63 0
1167883 17 63 0
1168011 17 63 0
1168269 17 63 0
1168407 17 63 0
1168549 17 63 0
1168736 17 63 0
1169011 17 63 0
1169141 17 63 0
1169271 17 63 0
1169415 17 63 0
1169551 17 63 0
1169674 17 63 0
1169802 17 63 0
1169927 17 63 0
1170050 17 63 0
1170190 17 63 0
1170329 17 63 0
1170484 17 63 0
1170663 17 63 0
1170947 17 63 0
1171271 17 63 0
1171674 17 63 0
1171810 17 63 0
1171934 17 63 0
1172113 17 63 0
1172243 17 63 0
1172476 17 63 0
1172623 17 63 0
1172840 17 63 0
1173443 17 63 0
1174675 17 63 0
1268300 17 2 0
1268301 17 63 0
1271875 17 2 0
1271876 17 7 1
1272095 17 2 2
1272144 17 7 2
1274679 17 63 0
1282909 17 2 0
1282910 17 2 2
1287624 17 2 0
1299207 17 2 0
1299208 17 7 1
1299435 17 2 2
1299484 17 7 2
1308430 17 2 0
1308431 17 17 0
1308431 17 2 2
1308440 17 2 2
1335126 17 17 0
1335135 17 2 0
1335135 17 17 2
1335185 17 17 2
1335453 17 55 0
1335591 17 55 2
1335647 17 23 0
1335817 17 23 2
1335873 17 56 0
1335873 17 56 0
1335939 17 56 2
1335972 17 56 2
1336036 17 57 0
1336036 17 57 0
1336094 17 57 2
1336135 17 57 2
1336151 17 14 2
1336195 17 23 0
1336924 17 23 2
1336991 17 20 2
1336996 17 23 0
1337258 17 23 2
1337395 17 15 2
1337402 17 23 0
1338384 17 23 2
1338452 17 10 2
1338543 17 16 2
1338634 17 14 2
1338725 17 8 2
1338824 17 24 2
1338923 17 18 2
1339006 17 23 2
1339089 17 11 2
1339180 17 26 2
1339282 17 21 2
1339284 17 23 0
1340374 17 23 2
1340784 17 19 2
1340794 17 23 0
1341887 17 23 2
1342455 17 31 2
1342463 17 23 0
1343135 17 23 2
1343205 17 23 2
1343207 17 23 0
1348949 17 23 2
1350220 17 45 2
1350221 17 23 0
1351055 17 23 2
1353146 17 49 2
1353155 17 23 0
1358089 17 23 2
1358985 17 50 2
1358989 17 23 0
1359987 17 23 2
1360356 17 51 2
1360359 17 23 0
1361957 17 23 2
1363824 17 60 2
1363829 17 23 0
1365987 17 23 2
1367475 17 23 0
1367475 17 58 2
1369215 17 23 2
1401714 17 3 2
1401723 17 23 0
1407103 17 23 2
