0 51 51 0
9 51 63 1
214 51 51 2
229 51 51 2
233 51 22 0
238 51 63 2
239 51 51 0
288 51 44 2
330 51 51 0
339 51 49 2
381 51 51 0
390 51 53 2
432 51 51 0
441 51 58 2
483 51 51 0
492 51 43 2
526 51 51 0
535 51 59 2
567 51 22 2
569 51 51 0
578 51 45 2
579 51 1 0
627 51 51 0
636 51 35 2
642 51 44 2
678 51 51 0
687 51 42 2
729 51 51 0
736 51 43 2
738 51 57 2
790 51 51 0
799 51 37 2
827 51 59 2
857 51 51 0
866 51 55 2
878 51 1 2
898 51 24 0
924 51 51 0
927 51 57 2
933 51 50 2
969 51 51 0
978 51 7 2
1043 51 37 2
1084 51 51 0
1093 51 41 2
1134 51 53 2
1143 51 51 0
1152 51 27 2
1154 51 24 2
1202 51 51 0
1211 51 54 2
1224 51 44 2
1226 51 7 2
1260 51 51 0
1269 51 62 2
1316 51 43 2
1327 51 51 0
1336 51 18 2
1343 51 41 2
1402 51 59 2
1406 51 51 0
1415 51 48 2
1450 51 35 2
1465 51 51 0
1474 51 52 2
1496 51 57 2
1508 51 51 0
1517 51 56 2
1541 51 58 2
1575 51 51 0
1584 51 40 2
1594 51 37 2
1642 51 51 0
1648 51 55 2
1651 51 20 2
1700 51 53 2
1718 51 51 0
1727 51 61 2
1748 51 52 2
1777 51 51 0
1786 51 19 2
1802 51 7 2
1839 51 49 2
1844 51 51 0
1853 51 60 2
1895 51 51 0
1904 51 46 2
1946 51 27 2
1950 51 41 2
1962 51 51 0
1971 51 4 2
2036 51 20 2
2038 51 35 2
2053 51 51 0
2062 51 63 2
2124 51 58 2
2127 51 50 2
2128 51 51 0
2137 51 1 2
2226 51 51 0
2228 51 46 2
2235 51 38 2
2256 51 55 2
2302 51 51 0
2311 51 31 2
2319 51 42 2
2372 51 52 2
2393 51 51 0
2402 51 3 2
2419 51 61 2
2467 51 49 2
2476 51 51 0
2485 51 36 2
2520 51 19 2
2535 51 51 0
2544 51 34 2
2550 51 27 2
2594 51 51 0
2603 51 22 2
2611 51 45 2
2658 51 20 2
2685 51 51 0
2694 51 17 2
2702 51 18 2
2769 51 51 0
2777 51 50 2
2778 51 25 2
2801 51 62 2
2846 51 51 0
2855 51 16 2
2900 51 38 2
2910 51 46 2
2937 51 51 0
2946 51 8 2
2991 51 4 2
3017 51 42 2
3036 51 51 0
3045 51 32 2
3099 51 36 2
3111 51 51 0
3120 51 47 2
3138 51 61 2
3187 51 51 0
3190 51 25 2
3196 51 26 2
3250 51 19 2
3258 51 51 0
3267 51 23 2
3300 51 26 2
3342 51 45 2
3358 51 51 0
3367 51 29 2
3399 51 23 2
3433 51 51 0
3442 51 5 2
3443 51 18 2
3501 51 29 2
3531 51 51 0
3540 51 28 2
3586 51 62 2
3592 51 40 2
3599 51 51 0
3608 51 39 2
3682 51 51 0
3691 51 10 2
3702 51 38 2
3710 51 39 2
3765 51 51 0
3774 51 33 2
3808 51 4 2
3811 51 5 2
3833 51 51 0
3842 51 15 2
3921 51 10 2
3926 51 36 2
3940 51 51 0
3949 51 6 2
4024 51 25 2
4032 51 63 2
4050 51 51 0
4059 51 24 2
4111 51 26 2
4133 51 51 0
4139 51 6 2
4142 51 14 2
4234 51 51 0
4242 51 23 2
4243 51 12 2
4247 51 22 2
4320 51 51 0
4329 51 11 2
4342 51 1 2
4366 51 29 2
4401 51 51 0
4410 51 9 2
4465 51 60 2
4470 51 40 2
4494 51 51 0
4503 51 13 2
4564 51 54 2
4580 51 39 2
4591 51 51 0
4600 51 21 2
4655 51 14 2
4681 51 51 0
4690 51 30 2
4754 51 17 2
4777 51 5 2
4861 51 11 2
4902 51 10 2
4962 51 3 2
5023 51 63 1
5072 51 8 2
5074 51 63 2
5202 51 47 2
5204 51 6 2
5224 51 0 2
5302 51 15 2
5321 51 63 2
5343 51 1 2
5413 51 48 2
5454 51 22 2
5528 51 9 2
5570 51 60 2
5643 51 56 2
5678 51 54 2
5766 51 34 2
5794 51 14 2
5865 51 13 2
5920 51 11 2
5964 51 28 2
6020 51 3 2
6057 51 24 2
6134 51 17 2
6173 51 31 2
6234 51 8 2
6273 51 16 2
6337 51 47 2
6393 51 32 2
6452 51 15 2
6514 51 33 2
6584 51 9 2
6624 51 21 2
6688 51 48 2
6717 51 12 2
6776 51 56 2
6824 51 30 2
6870 51 34 2
6955 51 13 2
7078 51 28 2
7174 51 24 2
7262 51 31 2
7384 51 16 2
7482 51 32 2
7572 51 33 2
7686 51 21 2
7798 51 12 2
7914 51 30 2
9785 51 63 1
9984 51 2 2
10065 51 63 2
10073 51 63 1
10274 51 2 2
10355 51 63 2
22701 51 63 1
22905 51 2 2
22987 51 63 2
51358 51 63 1
51574 51 2 2
51655 51 63 2
72455 51 4 0
75578 51 4 2
75630 51 44 0
77305 51 44 2
77317 51 5 0
77415 51 5 2
77427 51 45 0
77855 51 45 2
77923 51 24 0
78067 51 24 2
78099 51 25 0
78234 51 25 2
78242 51 26 0
78388 51 26 2
78428 51 27 0
78564 51 27 2
78584 51 33 0
78798 51 33 2
78818 51 35 0
78976 51 35 2
78984 51 41 0
79502 51 41 2
79518 51 42 0
79832 51 42 2
79864 51 1 0
79993 51 1 2
80029 51 36 0
80147 51 36 2
80159 51 43 0
80400 51 43 2
80416 51 17 0
80544 51 17 2
80636 51 27 0
80837 51 27 2
80841 51 37 0
81024 51 37 2
81036 51 17 0
81172 51 17 2
81180 51 15 0
81651 51 15 2
81691 51 16 0
81788 51 16 2
81828 51 18 0
81909 51 18 2
81933 51 61 0
82472 51 61 2
82484 51 54 0
82673 51 54 2
82693 51 13 0
82800 51 13 2
82808 51 19 0
82957 51 19 2
82961 51 35 0
83216 51 35 2
83232 51 53 0
83484 51 53 2
83524 51 33 0
83532 51 63 1
83690 51 33 2
83702 51 36 0
83745 51 0 2
83835 51 36 2
83845 51 63 2
83847 51 0 0
83855 51 40 0
83966 51 0 0
84088 51 0 0
84146 51 40 2
84170 51 37 0
84204 51 0 0
84310 51 0 0
84312 51 37 2
84416 51 38 0
84441 51 0 0
84564 51 0 0
84587 51 38 2
84591 51 12 0
84697 51 0 0
84810 51 0 0
84872 51 12 2
84896 51 8 0
84921 51 0 0
85053 51 0 0
85058 51 8 2
85066 51 29 0
85163 51 0 0
85213 51 29 2
85253 51 0 0
85274 51 0 0
85386 51 0 0
85426 51 0 2
85438 51 38 0
85523 51 0 0
85579 51 38 2
85595 51 39 0
85631 51 0 0
85746 51 39 2
85750 51 39 0
85759 51 0 0
85894 51 0 0
86015 51 0 0
86020 51 39 2
86076 51 36 0
86140 51 0 0
86190 51 36 2
86222 51 38 0
86288 51 0 0
86413 51 0 0
86431 51 38 2
86447 51 51 0
86566 51 0 0
86682 51 51 2
86697 51 0 0
86738 51 31 0
86859 51 0 0
86996 51 0 0
87044 51 31 2
87052 51 52 0
87090 51 63 1
87111 51 0 0
87262 51 0 0
87304 51 26 2
87315 51 52 2
87351 51 39 0
87361 51 63 2
87395 51 0 0
87507 51 0 0
87645 51 39 2
87646 51 0 0
87665 51 53 0
87767 51 0 0
87910 51 0 0
88097 51 0 0
88240 51 53 2
88264 51 54 0
88272 51 0 0
88362 51 54 2
88378 51 11 0
88440 51 0 0
88561 51 0 0
88680 51 11 2
88692 51 56 0
88699 51 0 0
88839 51 56 2
88843 51 12 0
88857 51 0 0
88993 51 0 0
89017 51 63 1
89113 51 0 0
89143 51 12 2
89151 51 57 0
89264 51 14 2
89286 51 0 0
89328 51 57 2
89332 51 2 0
89353 51 63 2
89365 51 63 1
89432 51 0 0
89488 51 63 1
89564 51 50 2
89581 51 0 0
89597 51 63 2
89662 51 2 2
89684 51 32 2
89714 51 37 0
89727 51 0 0
89748 51 63 2
89916 51 37 2
89932 51 40 0
89972 51 0 0
90126 51 0 0
90250 51 0 0
90257 51 40 2
90313 51 58 0
90391 51 0 0
90510 51 58 2
90524 51 0 0
90570 51 35 0
90656 51 0 0
90677 51 35 2
90681 51 50 0
90774 51 0 0
90827 51 50 2
90847 51 62 0
90883 51 0 0
91009 51 0 0
91118 51 0 0
91259 51 0 0
91379 51 0 0
91455 51 62 2
91483 51 38 0
91530 51 0 0
91674 51 0 0
91782 51 0 0
91873 51 38 2
91902 51 0 0
91945 51 63 0
92044 51 0 0
92103 51 63 2
92143 51 12 0
92160 51 0 0
92592 51 12 2
92616 51 2 0
92706 51 2 2
92730 51 13 0
92994 51 13 2
93090 51 3 0
93181 51 3 2
93221 51 23 0
93327 51 23 2
93343 51 24 0
93426 51 24 2
93534 51 22 0
93856 51 22 2
93864 51 25 0
93939 51 25 2
93967 51 26 0
94033 51 26 2
94113 51 0 0
94220 51 0 2
94228 51 3 0
94358 51 3 2
94402 51 4 0
94510 51 4 2
94606 51 5 0
94730 51 5 2
94770 51 15 0
95340 51 15 2
95348 51 14 0
95726 51 14 2
95738 51 50 0
95800 51 50 2
95828 51 6 0
97098 51 6 2
97118 51 4 0
97236 51 4 2
97244 51 8 0
97275 51 63 1
97413 51 8 2
97417 51 47 0
97484 51 16 2
97565 51 63 2
97663 51 47 2
97671 51 49 0
97877 51 49 2
97893 51 11 0
98035 51 11 2
98071 51 5 0
98197 51 5 2
98221 51 37 0
98644 51 37 2
98708 51 4 0
98826 51 4 2
98830 51 1 0
98939 51 1 2
98967 51 27 0
99163 51 27 2
99171 51 2 0
99280 51 2 2
99292 51 11 0
99488 51 11 2
99496 51 7 0
99874 51 7 2
99894 51 3 0
100000 51 3 2
100108 51 6 0
100411 51 6 2
100431 51 9 0
100557 51 9 2
100729 51 8 0
100858 51 8 2
100870 51 11 0
101026 51 11 2
101046 51 12 0
101279 51 12 2
101303 51 16 0
101727 51 16 2
101735 51 13 0
101877 51 13 2
101925 51 2 0
102030 51 2 2
102066 51 14 0
102206 51 14 2
102210 51 17 0
102628 51 17 2
102636 51 15 0
102903 51 15 2
102923 51 18 0
103203 51 18 2
103227 51 4 0
103342 51 4 2
103382 51 40 0
103706 51 40 2
103710 51 38 0
103710 51 38 0
103768 51 38 2
103876 51 38 2
103884 51 27 0
104070 51 27 2
104090 51 35 0
104207 51 35 2
104263 51 28 0
104479 51 28 2
104547 51 3 0
104663 51 3 2
104667 51 46 0
105065 51 46 2
105085 51 4 0
105239 51 4 2
105271 51 0 0
105377 51 0 2
105381 51 29 0
105904 51 29 2
106048 51 47 0
106358 51 47 2
106430 51 30 0
107113 51 30 2
107465 51 31 0
107594 51 31 2
107598 51 44 0
107843 51 44 2
107851 51 43 0
108104 51 43 2
108236 51 32 0
108433 51 32 2
108505 51 33 0
108665 51 33 2
108713 51 33 0
108951 51 33 2
108959 51 27 0
109257 51 27 2
109361 51 54 0
109794 51 54 2
109806 51 28 0
109957 51 28 2
109973 51 40 0
110224 51 40 2
110232 51 56 0
110437 51 56 2
110453 51 41 0
110748 51 41 2
110848 51 41 0
110952 51 41 2
111000 51 61 0
111524 51 61 2
111528 51 39 0
111675 51 39 2
111687 51 7 0
111743 51 63 1
111860 51 63 1
111944 51 29 2
111953 51 7 2
112009 51 63 2
112013 51 8 0
112054 51 11 2
112119 51 63 2
112206 51 8 2
112238 51 63 0
112836 51 63 1
113034 51 0 2
113132 51 63 2
113295 51 63 2
113403 51 0 0
113509 51 0 2
113537 51 57 0
114026 51 57 2
114094 51 58 0
114241 51 58 2
114325 51 46 0
114447 51 46 2
114459 51 59 0
115016 51 59 2
115048 51 32 0
115154 51 32 2
115162 51 50 0
115234 51 63 1
115280 51 50 2
115356 51 60 0
115434 51 47 2
115481 51 60 2
115489 51 62 0
115499 51 63 2
115738 51 62 2
115742 51 3 0
115942 51 3 2
115954 51 5 0
116395 51 63 1
116481 51 5 2
116509 51 17 0
116594 51 0 2
116646 51 17 2
116666 51 6 0
116697 51 63 2
116849 51 6 2
116941 51 11 0
117300 51 11 2
117308 51 10 0
117398 51 10 2
117418 51 11 0
117567 51 11 2
117575 51 6 0
117706 51 6 2
117742 51 36 0
118044 51 36 2
118104 51 12 0
118472 51 12 2
118480 51 0 0
118667 51 0 2
118791 51 15 0
118791 51 15 0
118881 51 15 2
119034 51 15 2
119106 51 0 2
119154 51 7 0
119469 51 7 2
119473 51 7 0
119604 51 7 2
119616 51 0 0
119910 51 0 2
120058 51 9 0
120204 51 9 2
120236 51 8 0
120412 51 8 2
120440 51 40 0
120440 51 40 0
120490 51 40 2
120704 51 40 2
120860 51 41 0
121176 51 41 2
121193 51 63 1
121394 51 0 2
121491 51 63 2
121752 51 42 0
122011 51 42 2
122587 51 43 0
122869 51 43 2
123445 51 44 0
123792 51 44 2
124368 51 45 0
124684 51 45 2
125260 51 46 0
125615 51 46 2
126191 51 47 0
126480 51 47 2
127056 51 48 0
127346 51 48 2
127922 51 49 0
128260 51 49 2
128836 51 50 0
129112 51 50 2
129644 51 63 1
129688 51 51 0
129697 51 63 1
129865 51 1 2
129926 51 63 1
129955 51 63 2
129975 51 51 2
129991 51 51 2
130000 51 63 2
130071 51 63 1
130145 51 58 2
130186 51 63 1
130187 51 63 2
130275 51 24 2
130346 51 63 1
130349 51 63 2
130385 51 39 2
130459 51 63 2
130510 51 63 1
130555 51 4 2
130567 51 52 0
130620 51 63 1
130636 51 63 2
130715 51 37 2
130740 51 63 1
130773 51 63 2
130825 51 25 2
130850 51 63 1
130891 51 63 2
130904 51 52 2
130935 51 18 2
130968 51 63 1
131001 51 63 2
131055 51 28 2
131113 51 63 2
131114 51 63 1
131165 51 11 2
131222 51 63 1
131230 51 63 2
131315 51 13 2
131340 51 63 1
131397 51 63 2
131425 51 27 2
131457 51 63 1
131475 51 63 2
131480 51 53 0
131545 51 19 2
131560 51 63 1
131602 51 63 2
131655 51 38 2
131721 51 63 2
131765 51 32 2
131813 51 53 2
131813 51 63 1
131831 51 63 2
131905 51 63 1
132009 51 63 1
132015 51 5 2
132094 51 63 1
132105 51 63 2
132125 51 12 2
132199 51 63 2
132235 51 20 2
132245 51 63 1
132301 51 63 2
132345 51 60 2
132358 51 63 1
132387 51 63 2
132389 51 54 0
132437 51 63 1
132455 51 8 2
132545 51 63 2
132575 51 29 2
132596 51 63 1
132641 51 63 2
132685 51 43 2
132688 51 63 1
132719 51 63 2
132737 51 54 2
132790 51 63 1
132795 51 31 2
132877 51 63 2
132884 51 63 1
132905 51 10 2
132979 51 63 2
132986 51 63 1
133015 51 62 2
133073 51 63 2
133106 51 63 1
133125 51 48 2
133175 51 63 2
133235 51 52 2
133269 51 63 2
133302 51 63 1
133313 51 55 0
133345 51 49 2
133387 51 63 2
133456 51 63 1
133515 51 36 2
133534 51 63 1
133565 51 63 2
133582 51 55 2
133655 51 30 2
133730 51 63 2
133765 51 57 2
133816 51 63 2
133822 51 63 1
134025 51 14 2
134077 51 63 1
134115 51 63 2
134125 51 63 1
134158 51 56 0
134234 51 63 1
134275 51 7 2
134380 51 63 2
134385 51 41 2
134435 51 63 2
134484 51 56 2
134488 51 63 1
134495 51 34 2
134544 51 63 2
134606 51 63 1
134685 51 47 2
134724 51 63 1
134751 51 63 2
134802 51 63 1
134805 51 16 2
134887 51 63 2
134888 51 63 1
134925 51 22 2
135007 51 63 2
135035 51 33 2
135046 51 63 1
135060 51 57 0
135093 51 63 2
135145 51 50 2
135179 51 63 2
135210 51 63 1
135255 51 63 1
135255 51 3 2
135330 51 63 2
135374 51 63 1
135406 51 15 2
135408 51 57 2
135503 51 63 2
135515 51 42 2
135532 51 63 1
135557 51 63 2
135586 51 63 1
135625 51 53 2
135666 51 63 2
135715 51 63 1
135735 51 23 2
135823 51 63 1
135825 51 63 2
135845 51 59 2
135878 51 63 2
135932 51 63 1
135955 51 56 2
135984 51 58 0
136013 51 63 2
136034 51 63 1
136075 51 40 2
136133 51 63 2
136181 51 63 1
136185 51 61 2
136235 51 63 2
136252 51 63 1
136264 51 58 2
136291 51 63 1
136295 51 35 2
136336 51 63 2
136405 51 17 2
136479 51 63 2
136514 51 2 2
136595 51 63 2
136625 51 46 2
136639 51 63 1
136683 51 63 2
136710 51 63 1
136839 51 63 1
136840 51 59 0
136845 51 6 2
136922 51 63 1
136943 51 63 2
136955 51 55 2
137013 51 63 2
137027 51 63 1
137065 51 21 2
137122 51 59 2
137139 51 63 2
137153 51 63 1
137175 51 45 2
137225 51 63 2
137279 51 63 1
137285 51 44 2
137327 51 63 2
137372 51 63 1
137395 51 54 2
137445 51 63 2
137506 51 63 1
137515 51 63 2
137581 51 63 2
137625 51 26 2
137683 51 63 2
137698 51 60 0
137735 51 9 2
137817 51 63 2
138053 51 60 2
138629 51 61 0
139052 51 61 2
139628 51 62 0
139896 51 62 2
140472 51 63 0
140781 51 63 2
141357 51 0 0
141357 51 0 0
141447 51 0 2
141645 51 0 2
141913 51 2 0
142191 51 2 2
142247 51 3 0
142575 51 3 2
142579 51 7 0
142899 51 7 2
142987 51 4 0
143203 51 4 2
143591 51 1 0
143920 51 1 2
144496 51 2 0
144832 51 2 2
145408 51 3 0
145657 51 63 1
145730 51 3 2
145875 51 2 2
145957 51 63 2
146306 51 4 0
146584 51 4 2
147160 51 5 0
147424 51 5 2
148000 51 6 0
148367 51 6 2
148943 51 7 0
149260 51 7 2
149836 51 8 0
150096 51 8 2
150672 51 9 0
150990 51 9 2
151566 51 10 0
151863 51 10 2
152439 51 11 0
152742 51 11 2
153318 51 12 0
153594 51 12 2
154170 51 13 0
154433 51 13 2
155009 51 14 0
155367 51 14 2
155943 51 15 0
156252 51 15 2
156828 51 16 0
157106 51 16 2
157682 51 17 0
158000 51 17 2
158576 51 18 0
158855 51 18 2
159431 51 19 0
159724 51 19 2
160300 51 20 0
160593 51 20 2
161169 51 21 0
161454 51 21 2
162030 51 22 0
162369 51 22 2
162945 51 23 0
163234 51 23 2
163810 51 24 0
164086 51 24 2
164662 51 25 0
164980 51 25 2
165556 51 26 0
165857 51 26 2
166433 51 27 0
166705 51 27 2
167281 51 28 0
167554 51 28 2
168130 51 29 0
168394 51 29 2
168970 51 30 0
169280 51 30 2
169856 51 31 0
170126 51 31 2
170702 51 32 0
171026 51 32 2
171602 51 33 0
171910 51 33 2
172486 51 34 0
172768 51 34 2
173344 51 35 0
173608 51 35 2
174184 51 36 0
174454 51 36 2
175030 51 37 0
175294 51 37 2
175870 51 38 0
176173 51 38 2
176749 51 39 0
177028 51 39 2
178002 51 63 1
178204 51 0 2
178303 51 63 2
191764 51 8 0
192026 51 8 2
220812 51 63 1
221015 51 0 2
221113 51 63 2
225134 51 14 0
225256 51 14 2
225528 51 61 0
225650 51 61 2
225722 51 54 0
226018 51 54 2
226050 51 55 0
226480 51 55 2
226655 51 0 0
226708 51 40 0
226794 51 0 0
226814 51 40 2
226842 51 49 0
226940 51 49 2
226952 51 51 0
226961 51 0 0
227060 51 51 2
227080 51 37 0
227109 51 0 0
227201 51 37 2
227205 51 20 0
227258 51 0 0
227319 51 20 2
227335 51 3 0
227419 51 0 0
227552 51 0 0
227658 51 3 2
227669 51 0 0
227750 51 21 0
227872 51 21 2
227880 51 56 0
227882 51 0 0
227994 51 56 2
228014 51 57 0
228036 51 0 0
228121 51 57 2
228152 51 0 0
228209 51 58 0
228285 51 0 0
228308 51 58 2
228388 51 59 0
228401 51 0 0
228486 51 59 2
228510 51 63 0
228511 51 0 0
228639 51 63 2
228674 51 0 0
228723 51 33 0
228813 51 0 0
228829 51 33 2
228936 51 0 0
229064 51 0 0
229221 51 0 0
229349 51 0 0
229473 51 0 0
229590 51 0 0
229774 51 0 0
229904 51 0 0
230102 51 0 0
230247 51 0 0
230362 51 0 0
230483 51 0 0
230658 51 0 0
230805 51 0 0
230949 51 0 0
231070 51 0 0
231202 51 0 0
231346 51 0 0
231456 51 0 0
231585 51 0 0
231722 51 0 0
231875 51 0 0
232025 51 0 0
232135 51 0 0
232251 51 0 0
232395 51 0 0
232538 51 0 0
232654 51 0 0
232821 51 0 0
232968 51 0 0
233101 51 0 0
233253 51 0 0
233391 51 0 0
233502 51 0 0
233629 51 0 0
233764 51 0 0
233903 51 0 0
234023 51 0 0
234195 51 0 0
234330 51 0 0
234456 51 0 0
234563 51 0 0
234745 51 0 0
234893 51 0 0
235001 51 0 0
236421 51 63 2
240931 51 0 0
241044 51 0 0
250616 51 63 1
250814 51 2 2
250895 51 63 2
276955 51 63 1
277174 51 2 2
277255 51 63 2
281282 51 2 0
281283 51 63 1
281494 51 2 2
281575 51 63 2
283797 51 63 1
283994 51 2 2
284075 51 63 2
297440 51 2 0
297441 51 63 1
297644 51 2 2
297725 51 63 2
298018 51 51 0
298027 51 0 2
298161 51 0 2
298299 51 0 2
331590 51 63 1
331785 51 2 2
331867 51 63 2
355020 51 63 1
355215 51 2 2
355297 51 63 2
391790 51 2 0
391791 51 63 1
391995 51 2 2
392077 51 63 2
415110 51 63 1
415305 51 2 2
415387 51 63 2
541406 51 63 1
541407 51 2 0
541605 51 2 2
541687 51 63 2
639127 51 2 2
639286 51 2 2
675790 51 2 0
675791 51 63 1
675992 51 2 2
676073 51 63 2
699696 51 2 0
699697 51 63 1
699902 51 2 2
699983 51 63 2
709772 51 63 1
709982 51 2 2
710063 51 63 2
716633 51 2 0
716634 51 63 1
716832 51 2 2
716913 51 63 2
723823 51 63 1
724022 51 3 2
724095 51 63 2
729425 51 2 0
729426 51 2 2
740572 51 2 0
740573 51 2 2
743120 51 2 0
743121 51 2 2
760193 51 3 0
760194 51 2 0
765447 51 63 1
765643 51 3 2
765717 51 63 2
765926 51 63 1
765927 51 2 0
766123 51 2 2
766205 51 63 2
771507 51 3 2
772464 51 3 0
772465 51 0 0
786342 51 3 0
786343 51 63 1
786543 51 3 2
786617 51 63 2
789326 51 63 1
789523 51 2 2
789605 51 63 2
816846 51 2 0
816847 51 63 1
817043 51 2 2
817125 51 63 2
823988 51 3 0
823989 51 63 1
824193 51 3 2
824267 51 63 2
851335 51 15 0
851335 51 15 0
851429 51 15 2
851431 51 15 2
851519 51 30 0
851625 51 30 2
851637 51 24 0
851743 51 24 2
851843 51 25 0
851941 51 25 2
851949 51 51 0
851958 51 3 0
851958 51 51 2
852032 51 51 2
852096 51 26 0
852186 51 26 2
852250 51 27 0
852335 51 27 2
852367 51 34 0
852473 51 34 2
852485 51 26 0
852590 51 26 2
852686 51 55 0
852824 51 55 2
852832 51 27 0
852938 51 27 2
852986 51 61 0
856406 51 61 2
856410 51 28 0
856459 51 7 2
856524 51 28 2
856576 51 60 0
856582 51 58 2
856649 51 56 2
856698 51 60 2
856714 51 61 0
856734 51 45 2
856844 51 61 2
856864 51 35 0
857125 51 35 2
857161 51 39 0
857283 51 39 2
857335 51 61 0
868651 51 61 2
868659 51 19 0
868704 51 3 2
868749 51 19 2
868753 51 61 0
876741 51 61 2
876791 51 63 2
876801 51 61 0
877829 51 61 2
880485 51 46 2
880493 51 61 0
881039 51 61 2
884995 51 62 2
884999 51 61 0
885538 51 61 2
891243 51 20 2
891250 51 61 0
892352 51 61 2
894875 51 21 2
894884 51 61 0
896942 51 61 2
899924 51 7 2
899930 51 61 0
902984 51 61 2
904215 51 52 2
904220 51 61 0
906167 51 61 2
908078 51 38 2
908087 51 61 0
908797 51 61 2
911700 51 38 2
911701 51 61 0
912761 51 61 2
916661 51 61 0
916661 51 58 2
916837 51 61 2
916889 51 29 0
916890 51 30 2
917011 51 29 2
917027 51 61 0
921534 51 61 2
921587 51 31 2
921598 51 61 0
925902 51 61 2
925938 51 32 0
926044 51 32 2
926128 51 28 0
926218 51 28 2
926270 51 2 0
926360 51 2 2
926372 51 29 0
926470 51 29 2
926502 51 4 0
926592 51 4 2
926600 51 35 0
926682 51 35 2
928582 51 6 2
993173 51 2 0
993174 51 63 1
993370 51 2 2
993452 51 63 2
1017470 51 2 0
1017471 51 3 0
1022610 51 25 2
1023324 51 2 0
1023325 51 63 1
1023451 51 63 1
1023519 51 2 2
1023600 51 63 2
1023649 51 25 2
1023714 51 63 2
1024392 51 2 0
1025146 51 63 1
1025349 51 25 2
1025414 51 63 2
1030366 51 3 0
1030367 51 0 0
1050091 51 0 0
1050091 51 0 0
1053785 51 0 2
1055468 51 0 2
1055588 51 38 0
1055588 51 38 0
1055696 51 38 2
1057529 51 38 2
1057801 51 40 0
1057801 51 40 0
1057851 51 40 2
1057908 51 40 2
1059520 51 2 0
1059975 51 2 2
1060011 51 25 0
1060178 51 25 2
1060194 51 31 0
1060292 51 31 2
1060328 51 33 0
1060474 51 33 2
1060478 51 36 0
1060577 51 36 2
1060585 51 4 0
1060585 51 4 0
1060659 51 4 2
1060818 51 4 2
1060910 51 5 0
1061084 51 5 2
1061116 51 34 0
1061235 51 34 2
1061255 51 35 0
1061365 51 35 2
1061389 51 32 0
1061553 51 32 2
1061917 51 38 0
1061917 51 38 0
1061975 51 38 2
1061983 51 38 2
1062139 51 46 0
1062196 51 46 2
1062248 51 0 0
1062248 51 0 0
1062338 51 0 2
1062346 51 0 2
1062494 51 47 0
1062559 51 47 2
1063639 51 40 0
1063639 51 40 0
1063689 51 40 2
1063697 51 40 2
1065189 51 31 0
1065488 51 31 2
1065532 51 35 0
1065787 51 35 2
1065847 51 32 0
1065934 51 32 2
1066034 51 33 0
1066116 51 33 2
1066208 51 34 0
1066353 51 34 2
1066385 51 1 0
1066475 51 1 2
1066519 51 32 0
1066631 51 32 2
1066639 51 35 0
1066639 51 35 0
1066673 51 35 2
1066788 51 35 2
1066792 51 60 0
1066931 51 60 2
1066947 51 61 0
1067079 51 61 2
1067139 51 48 0
1067237 51 48 2
1067277 51 49 0
1067393 51 49 2
1067429 51 36 0
1067429 51 36 0
1067471 51 36 2
1067790 51 36 2
1067854 51 37 0
1067854 51 37 0
1067906 51 37 2
1068103 51 37 2
1068151 51 58 0
1068151 51 58 0
1068185 51 58 2
1068410 51 58 2
1068422 51 31 0
1068696 51 31 2
1068708 51 30 0
1069124 51 30 2
1069132 51 59 0
1069132 51 59 0
1069158 51 59 2
1069335 51 59 2
1069387 51 34 0
1069673 51 34 2
1069713 51 0 0
1069713 51 0 0
1069803 51 0 2
1069983 51 0 2
1069991 51 33 0
1070317 51 33 2
1070333 51 60 0
1070633 51 60 2
1070653 51 32 0
1070913 51 32 2
1070989 51 61 0
1071215 51 61 2
1071339 51 62 0
1071803 51 62 2
1071891 51 12 0
1071995 51 12 2
1072007 51 39 0
1072128 51 39 2
1072140 51 13 0
1072255 51 13 2
1072259 51 48 0
1072415 51 48 2
1072427 51 59 0
1072537 51 59 2
1072565 51 54 0
1072565 51 54 0
1072607 51 54 2
1072701 51 54 2
1072741 51 55 0
1072798 51 55 2
1072822 51 56 0
1072957 51 56 2
1072985 51 57 0
1073059 51 49 2
1073091 51 57 2
1073155 51 58 0
1073253 51 58 2
1073289 51 49 0
1073452 51 49 2
1073492 51 63 0
1073589 51 49 2
1073711 51 49 2
1073953 51 49 2
1075276 51 63 2
1075324 51 15 0
1075447 51 15 2
1075463 51 44 0
1075504 51 44 2
1075524 51 45 0
1075630 51 45 2
1075878 51 0 0
1076043 51 0 2
1076135 51 1 0
1076244 51 1 2
1076248 51 46 0
1076331 51 46 2
1076427 51 2 0
1076527 51 2 2
1076535 51 47 0
1076625 51 47 2
1076637 51 41 0
1076768 51 41 2
1076840 51 3 0
1076930 51 3 2
1076938 51 12 0
1076943 51 48 2
1077036 51 12 2
1077288 51 5 0
1077405 51 5 2
1077453 51 6 0
1077579 51 6 2
1077667 51 7 0
1077802 51 7 2
1077910 51 8 0
1077929 51 50 2
1078036 51 8 2
1078092 51 1 0
1078092 51 1 0
1078175 51 1 2
1078200 51 1 2
1078648 51 46 0
1078731 51 46 2
1078739 51 4 0
1078917 51 4 2
1078941 51 47 0
1079030 51 47 2
1079127 51 46 2
1079174 51 12 0
1079272 51 12 2
1079636 51 10 0
1079726 51 10 2
1079846 51 1 0
1079960 51 1 2
1080408 51 46 0
1080408 51 46 0
1080458 51 46 2
1080491 51 46 2
1080523 51 47 0
1080613 51 47 2
1080671 51 47 2
1080757 51 12 0
1080855 51 12 2
1081339 51 1 0
1081339 51 1 0
1081462 51 1 2
1081511 51 1 2
1081910 51 46 0
1081976 51 46 2
1082008 51 47 0
1082008 51 47 0
1082066 51 47 2
1082083 51 47 2
1082227 51 12 0
1082227 51 12 0
1082293 51 12 2
1082320 51 12 2
1082551 51 45 2
1082804 51 1 0
1082804 51 1 0
1082886 51 1 2
1082927 51 1 2
1083375 51 46 0
1083375 51 46 0
1083428 51 46 2
1083442 51 46 2
1083474 51 47 0
1083474 51 47 0
1083532 51 47 2
1083549 51 47 2
1083693 51 12 0
1083693 51 12 0
1083759 51 12 2
1083792 51 12 2
1084276 51 1 0
1084276 51 1 0
1084358 51 1 2
1084392 51 1 2
1084824 51 14 0
1084938 51 14 2
1084954 51 46 0
1084954 51 46 0
1085004 51 46 2
1085021 51 46 2
1085053 51 47 0
1085053 51 47 0
1085112 51 47 2
1085128 51 47 2
1085272 51 12 0
1085272 51 12 0
1085338 51 12 2
1085363 51 12 2
1085847 51 1 0
1085847 51 1 0
1085930 51 1 2
1085961 51 1 2
1086409 51 46 0
1086409 51 46 0
1086459 51 46 2
1086476 51 46 2
1086508 51 47 0
1086508 51 47 0
1086566 51 47 2
1086583 51 47 2
1086727 51 12 0
1086727 51 12 0
1086793 51 12 2
1086819 51 12 2
1087303 51 1 0
1087303 51 1 0
1087385 51 1 2
1087418 51 1 2
1087866 51 46 0
1087866 51 46 0
1087920 51 46 2
1087937 51 46 2
1087969 51 47 0
1087969 51 47 0
1088027 51 47 2
1088044 51 47 2
1088188 51 12 0
1088188 51 12 0
1088254 51 12 2
1088282 51 12 2
1088766 51 1 0
1088766 51 1 0
1088850 51 1 2
1088881 51 1 2
1089329 51 46 0
1089329 51 46 0
1089383 51 46 2
1089400 51 46 2
1089432 51 47 0
1089432 51 47 0
1089490 51 47 2
1089507 51 47 2
1089651 51 12 0
1089651 51 12 0
1089719 51 12 2
1089743 51 12 2
1090227 51 1 0
1090227 51 1 0
1090310 51 1 2
1090343 51 1 2
1090791 51 46 0
1090791 51 46 0
1090841 51 46 2
1090858 51 46 2
1090890 51 47 0
1090890 51 47 0
1090950 51 47 2
1090969 51 47 2
1091113 51 12 0
1091113 51 12 0
1091179 51 12 2
1091205 51 12 2
1091689 51 1 0
1091689 51 1 0
1091772 51 1 2
1091803 51 1 2
1092251 51 46 0
1092251 51 46 0
1092301 51 46 2
1092318 51 46 2
1092350 51 47 0
1092350 51 47 0
1092408 51 47 2
1092425 51 47 2
1092569 51 12 0
1092569 51 12 0
1092635 51 12 2
1092660 51 12 2
1093144 51 1 0
1093144 51 1 0
1093227 51 1 2
1093259 51 1 2
1093707 51 46 0
1093707 51 46 0
1093758 51 46 2
1093775 51 46 2
1093807 51 47 0
1093807 51 47 0
1093865 51 47 2
1093885 51 47 2
1094029 51 12 0
1094029 51 12 0
1094095 51 12 2
1094120 51 12 2
1094604 51 1 0
1094604 51 1 0
1094688 51 1 2
1094719 51 1 2
1095167 51 46 0
1095167 51 46 0
1095217 51 46 2
1095235 51 46 2
1095267 51 47 0
1095267 51 47 0
1095325 51 47 2
1095342 51 47 2
1095486 51 12 0
1095486 51 12 0
1095552 51 12 2
1095559 51 12 2
1095947 51 1 0
1095947 51 1 0
1096029 51 1 2
1096041 51 1 2
1096473 51 7 0
1096614 51 7 2
1096630 51 46 0
1096630 51 46 0
1096680 51 46 2
1096691 51 46 2
1096723 51 47 0
1096723 51 47 0
1096781 51 47 2
1096789 51 47 2
1096933 51 12 0
1096933 51 12 0
1096999 51 12 2
1097007 51 12 2
1097491 51 1 0
1097491 51 1 0
1097573 51 1 2
1097582 51 1 2
1098030 51 46 0
1098030 51 46 0
1098080 51 46 2
1098087 51 46 2
1098119 51 47 0
1098119 51 47 0
1098177 51 47 2
1098184 51 47 2
1098328 51 12 0
1098328 51 12 0
1098394 51 12 2
1098403 51 12 2
1098887 51 1 0
1098887 51 1 0
1098974 51 1 2
1098978 51 1 2
1099426 51 46 0
1099426 51 46 0
1099477 51 46 2
1099485 51 46 2
1099517 51 47 0
1099517 51 47 0
1099575 51 47 2
1099586 51 47 2
1099730 51 12 0
1099730 51 12 0
1099796 51 12 2
1099805 51 12 2
1100289 51 1 0
1100289 51 1 0
1100371 51 1 2
1100379 51 1 2
1100827 51 46 0
1100827 51 46 0
1100877 51 46 2
1100884 51 46 2
1100916 51 47 0
1100916 51 47 0
1100974 51 47 2
1100983 51 47 2
1101127 51 5 0
1101233 51 5 2
1101241 51 61 0
1101241 51 61 0
1101283 51 61 2
1101356 51 61 2
1101364 51 29 0
1101633 51 29 2
1101649 51 62 0
1101649 51 62 0
1101699 51 62 2
1101772 51 62 2
1102048 51 63 0
1102048 51 63 0
1102106 51 63 2
1102182 51 63 2
1102606 51 12 0
1102606 51 12 0
1102672 51 12 2
1102690 51 12 2
1103182 51 1 0
1103182 51 1 0
1103264 51 1 2
1103297 51 1 2
1103647 51 48 2
1103745 51 46 0
1103745 51 46 0
1103797 51 46 2
1103814 51 46 2
1103846 51 47 0
1103846 51 47 0
1103904 51 47 2
1103923 51 47 2
1104067 51 12 0
1104067 51 12 0
1104134 51 12 2
1104159 51 12 2
1104643 51 1 0
1104643 51 1 0
1104726 51 1 2
1104757 51 1 2
1105205 51 46 0
1105205 51 46 0
1105255 51 46 2
1105274 51 46 2
1105306 51 47 0
1105306 51 47 0
1105364 51 47 2
1105381 51 47 2
1105525 51 12 0
1105525 51 12 0
1105591 51 12 2
1105617 51 12 2
1106101 51 1 0
1106101 51 1 0
1106183 51 1 2
1106217 51 1 2
1106665 51 46 0
1106665 51 46 0
1106715 51 46 2
1106732 51 46 2
1106764 51 47 0
1106764 51 47 0
1106822 51 47 2
1106839 51 47 2
1106983 51 12 0
1106983 51 12 0
1107049 51 12 2
1107074 51 12 2
1107558 51 1 0
1107558 51 1 0
1107643 51 1 2
1107676 51 1 2
1108124 51 46 0
1108124 51 46 0
1108174 51 46 2
1108192 51 46 2
1108224 51 47 0
1108224 51 47 0
1108282 51 47 2
1108299 51 47 2
1108443 51 12 0
1108532 51 12 2
1109016 51 1 0
1109016 51 1 0
1109133 51 1 2
1109139 51 1 2
1109565 51 8 0
1109565 51 8 0
1109647 51 8 2
1109664 51 8 2
1109680 51 46 0
1109680 51 46 0
1109730 51 46 2
1109746 51 46 2
1109778 51 47 0
1109778 51 47 0
1109836 51 47 2
1109861 51 47 2
1110005 51 12 0
1110005 51 12 0
1110071 51 12 2
1110096 51 12 2
1110580 51 1 0
1110580 51 1 0
1110662 51 1 2
1110695 51 1 2
1111143 51 46 0
1111143 51 46 0
1111194 51 46 2
1111211 51 46 2
1111243 51 47 0
1111243 51 47 0
1111301 51 47 2
1111320 51 47 2
1111464 51 12 0
1111464 51 12 0
1111531 51 12 2
1111554 51 12 2
1112038 51 1 0
1112038 51 1 0
1112120 51 1 2
1112153 51 1 2
1112601 51 46 0
1112601 51 46 0
1112651 51 46 2
1112668 51 46 2
1112700 51 47 0
1112700 51 47 0
1112759 51 47 2
1112777 51 47 2
1112921 51 12 0
1112921 51 12 0
1112987 51 12 2
1113012 51 12 2
1113496 51 1 0
1113496 51 1 0
1113578 51 1 2
1113610 51 1 2
1114058 51 46 0
1114058 51 46 0
1114111 51 46 2
1114166 51 46 2
1114198 51 47 0
1114198 51 47 0
1114256 51 47 2
1114264 51 47 2
1114408 51 12 0
1114408 51 12 0
1114480 51 12 2
1114485 51 12 2
1114969 51 1 0
1114969 51 1 0
1115051 51 1 2
1115089 51 1 2
1115537 51 46 0
1115537 51 46 0
1115587 51 46 2
1115642 51 46 2
1115674 51 47 0
1115674 51 47 0
1115734 51 47 2
1115743 51 47 2
1115887 51 12 0
1115887 51 12 0
1115953 51 12 2
1115961 51 12 2
1116445 51 1 0
1116445 51 1 0
1116527 51 1 2
1116575 51 1 2
1117023 51 46 0
1117023 51 46 0
1117073 51 46 2
1117081 51 46 2
1117113 51 47 0
1117113 51 47 0
1117171 51 47 2
1117180 51 47 2
1117324 51 12 0
1117324 51 12 0
1117391 51 12 2
1117396 51 12 2
1117880 51 1 0
1117880 51 1 0
1117969 51 1 2
1117979 51 1 2
1118427 51 46 0
1118427 51 46 0
1118477 51 46 2
1118485 51 46 2
1118517 51 47 0
1118517 51 47 0
1118575 51 47 2
1118583 51 47 2
1118727 51 12 0
1118727 51 12 0
1118793 51 12 2
1118801 51 12 2
1119285 51 1 0
1119285 51 1 0
1119367 51 1 2
1119377 51 1 2
1119825 51 46 0
1119825 51 46 0
1119877 51 46 2
1119890 51 46 2
1119922 51 47 0
1119922 51 47 0
1119980 51 47 2
1119989 51 47 2
1120133 51 12 0
1120133 51 12 0
1120200 51 12 2
1120206 51 12 2
1120690 51 1 0
1120690 51 1 0
1120773 51 1 2
1120783 51 1 2
1121215 51 9 0
1121305 51 9 2
1121321 51 46 0
1121321 51 46 0
1121371 51 46 2
1121380 51 46 2
1121412 51 47 0
1121412 51 47 0
1121470 51 47 2
1121479 51 47 2
1121623 51 12 0
1121623 51 12 0
1121689 51 12 2
1121697 51 12 2
1122181 51 1 0
1122181 51 1 0
1122263 51 1 2
1122271 51 1 2
1122719 51 46 0
1122719 51 46 0
1122769 51 46 2
1122777 51 46 2
1122809 51 47 0
1122809 51 47 0
1122867 51 47 2
1122874 51 47 2
1123018 51 12 0
1123018 51 12 0
1123085 51 12 2
1123097 51 12 2
1123581 51 1 0
1123581 51 1 0
1123663 51 1 2
1123670 51 1 2
1124118 51 46 0
1124118 51 46 0
1124168 51 46 2
1124175 51 46 2
1124207 51 47 0
1124207 51 47 0
1124266 51 47 2
1124274 51 47 2
1124418 51 12 0
1124418 51 12 0
1124484 51 12 2
1124497 51 12 2
1124981 51 1 0
1124981 51 1 0
1125065 51 1 2
1125073 51 1 2
1125521 51 46 0
1125521 51 46 0
1125572 51 46 2
1125580 51 46 2
1125612 51 47 0
1125612 51 47 0
1125670 51 47 2
1125681 51 47 2
1125825 51 12 0
1125825 51 12 0
1125891 51 12 2
1125899 51 12 2
1126383 51 1 0
1126383 51 1 0
1126465 51 1 2
1126473 51 1 2
1126921 51 46 0
1126921 51 46 0
1126971 51 46 2
1126980 51 46 2
1127012 51 47 0
1127012 51 47 0
1127070 51 47 2
1127078 51 47 2
1127222 51 12 0
1127222 51 12 0
1127288 51 12 2
1127295 51 12 2
1127779 51 1 0
1127779 51 1 0
1127861 51 1 2
1127870 51 1 2
1128318 51 46 0
1128318 51 46 0
1128368 51 46 2
1128376 51 46 2
1128408 51 47 0
1128408 51 47 0
1128466 51 47 2
1128474 51 47 2
1128618 51 12 0
1128618 51 12 0
1128684 51 12 2
1128692 51 12 2
1129176 51 1 0
1129176 51 1 0
1129258 51 1 2
1129269 51 1 2
1129717 51 46 0
1129717 51 46 0
1129768 51 46 2
1129775 51 46 2
1129807 51 47 0
1129807 51 47 0
1129865 51 47 2
1129873 51 47 2
1130017 51 12 0
1130017 51 12 0
1130089 51 12 2
1130090 51 12 2
1130573 51 1 0
1130573 51 1 0
1130655 51 1 2
1130664 51 1 2
1131112 51 46 0
1131112 51 46 0
1131163 51 46 2
1131171 51 46 2
1131203 51 47 0
1131203 51 47 0
1131261 51 47 2
1131268 51 47 2
1131412 51 12 0
1131412 51 12 0
1131478 51 12 2
1131488 51 12 2
1131972 51 1 0
1131972 51 1 0
1132054 51 1 2
1132062 51 1 2
1132494 51 10 0
1132584 51 10 2
1132600 51 46 0
1132600 51 46 0
1132652 51 46 2
1132661 51 46 2
1132693 51 47 0
1132693 51 47 0
1132752 51 47 2
1132761 51 47 2
1132905 51 12 0
1132905 51 12 0
1132972 51 12 2
1132981 51 12 2
1133465 51 1 0
1133465 51 1 0
1133547 51 1 2
1133555 51 1 2
1134003 51 46 0
1134003 51 46 0
1134053 51 46 2
1134060 51 46 2
1134092 51 47 0
1134092 51 47 0
1134150 51 47 2
1134159 51 47 2
1134303 51 12 0
1134303 51 12 0
1134369 51 12 2
1134377 51 12 2
1134861 51 1 0
1134861 51 1 0
1134943 51 1 2
1134950 51 1 2
1135398 51 46 0
1135398 51 46 0
1135448 51 46 2
1135455 51 46 2
1135487 51 47 0
1135487 51 47 0
1135548 51 47 2
1135558 51 47 2
1135702 51 12 0
1135702 51 12 0
1135768 51 12 2
1135776 51 12 2
1136260 51 1 0
1136260 51 1 0
1136342 51 1 2
1136350 51 1 2
1136798 51 46 0
1136798 51 46 0
1136848 51 46 2
1136856 51 46 2
1136888 51 47 0
1136888 51 47 0
1136956 51 47 2
1136957 51 47 2
1137100 51 12 0
1137100 51 12 0
1137167 51 12 2
1137175 51 12 2
1137659 51 1 0
1137659 51 1 0
1137741 51 1 2
1137749 51 1 2
1138197 51 46 0
1138197 51 46 0
1138247 51 46 2
1138255 51 46 2
1138287 51 47 0
1138287 51 47 0
1138345 51 47 2
1138352 51 47 2
1138496 51 12 0
1138496 51 12 0
1138562 51 12 2
1138570 51 12 2
1139054 51 1 0
1139054 51 1 0
1139136 51 1 2
1139147 51 1 2
1139595 51 46 0
1139595 51 46 0
1139645 51 46 2
1139653 51 46 2
1139685 51 47 0
1139685 51 47 0
1139746 51 47 2
1139753 51 47 2
1139897 51 12 0
1139897 51 12 0
1139963 51 12 2
1139971 51 12 2
1140455 51 1 0
1140455 51 1 0
1140538 51 1 2
1140547 51 1 2
1140995 51 46 0
1140995 51 46 0
1141052 51 46 2
1141053 51 46 2
1141085 51 47 0
1141085 51 47 0
1141152 51 47 2
1141154 51 47 2
1141298 51 12 0
1141298 51 12 0
1141364 51 12 2
1141371 51 12 2
1141855 51 1 0
1141855 51 1 0
1141937 51 1 2
1141946 51 1 2
1142394 51 46 0
1142394 51 46 0
1142444 51 46 2
1142451 51 46 2
1142483 51 47 0
1142483 51 47 0
1142542 51 47 2
1142555 51 47 2
1142699 51 12 0
1142699 51 12 0
1142765 51 12 2
1142772 51 12 2
1142921 51 2 0
1142922 51 0 0
1143005 51 2 0
1143256 51 1 0
1143256 51 1 0
1143338 51 1 2
1143346 51 1 2
1143778 51 11 0
1143778 51 11 0
1143836 51 11 2
1143869 51 11 2
1143885 51 46 0
1143885 51 46 0
1143935 51 46 2
1143942 51 46 2
1143974 51 47 0
1143974 51 47 0
1144032 51 47 2
1144046 51 47 2
1144190 51 12 0
1144190 51 12 0
1144256 51 12 2
1144263 51 12 2
1144747 51 1 0
1144747 51 1 0
1144829 51 1 2
1144838 51 1 2
1145286 51 46 0
1145286 51 46 0
1145342 51 46 2
1145344 51 46 2
1145376 51 47 0
1145376 51 47 0
1145437 51 47 2
1145446 51 47 2
1145590 51 12 0
1145590 51 12 0
1145656 51 12 2
1145663 51 12 2
1146147 51 1 0
1146147 51 1 0
1146229 51 1 2
1146237 51 1 2
1146685 51 46 0
1146685 51 46 0
1146740 51 46 2
1146749 51 46 2
1146781 51 47 0
1146781 51 47 0
1146840 51 47 2
1146850 51 47 2
1146994 51 12 0
1146994 51 12 0
1147060 51 12 2
1147068 51 12 2
1147552 51 1 0
1147552 51 1 0
1147635 51 1 2
1147644 51 1 2
1148092 51 46 0
1148092 51 46 0
1148145 51 46 2
1148155 51 46 2
1148187 51 47 0
1148187 51 47 0
1148245 51 47 2
1148253 51 47 2
1148397 51 12 0
1148397 51 12 0
1148463 51 12 2
1148471 51 12 2
1148955 51 1 0
1148955 51 1 0
1149038 51 1 2
1149078 51 1 2
1149526 51 46 0
1149526 51 46 0
1149576 51 46 2
1149583 51 46 2
1149615 51 47 0
1149615 51 47 0
1149673 51 47 2
1149682 51 47 2
1149826 51 12 0
1149826 51 12 0
1149892 51 12 2
1149900 51 12 2
1150384 51 1 0
1150384 51 1 0
1150466 51 1 2
1150475 51 1 2
1150923 51 46 0
1150923 51 46 0
1150964 51 3 2
1150974 51 46 2
1150979 51 46 2
1151011 51 47 0
1151011 51 47 0
1151069 51 47 2
1151077 51 47 2
1151221 51 12 0
1151221 51 12 0
1151289 51 12 2
1151297 51 12 2
1151781 51 1 0
1151781 51 1 0
1151875 51 1 2
1151881 51 1 2
1152323 51 46 0
1152323 51 46 0
1152373 51 46 2
1152381 51 46 2
1152413 51 47 0
1152413 51 47 0
1152471 51 47 2
1152479 51 47 2
1152623 51 12 0
1152623 51 12 0
1152692 51 12 2
1152727 51 12 2
1153107 51 2 0
1153211 51 1 0
1153211 51 1 0
1153293 51 1 2
1153301 51 1 2
1153749 51 46 0
1153749 51 46 0
1153800 51 46 2
1153805 51 46 2
1153837 51 47 0
1153837 51 47 0
1153895 51 47 2
1153903 51 47 2
1154047 51 12 0
1154047 51 12 0
1154113 51 12 2
1154122 51 12 2
1154606 51 1 0
1154606 51 1 0
1154688 51 1 2
1154696 51 1 2
1155128 51 12 0
1155128 51 12 0
1155194 51 12 2
1155207 51 12 2
1155223 51 46 0
1155223 51 46 0
1155274 51 46 2
1155282 51 46 2
1155314 51 47 0
1155314 51 47 0
1155372 51 47 2
1155380 51 47 2
1155500 51 3 0
1155501 51 3 2
1155524 51 12 0
1155524 51 12 0
1155625 51 12 2
1155642 51 12 2
1156109 51 1 0
1156109 51 1 0
1156195 51 1 2
1156197 51 1 2
1156645 51 46 0
1156645 51 46 0
1156700 51 46 2
1156703 51 46 2
1156735 51 47 0
1156735 51 47 0
1156795 51 47 2
1156810 51 47 2
1156954 51 12 0
1156954 51 12 0
1157021 51 12 2
1157032 51 12 2
1157516 51 1 0
1157516 51 1 0
1157598 51 1 2
1157608 51 1 2
1158056 51 46 0
1158056 51 46 0
1158106 51 46 2
1158115 51 46 2
1158147 51 47 0
1158147 51 47 0
1158205 51 47 2
1158216 51 47 2
1158360 51 12 0
1158360 51 12 0
1158459 51 12 2
1158496 51 12 2
1158943 51 1 0
1158943 51 1 0
1159040 51 1 2
1159046 51 1 2
1159494 51 46 0
1159494 51 46 0
1159544 51 46 2
1159552 51 46 2
1159584 51 47 0
1159584 51 47 0
1159642 51 47 2
1159652 51 47 2
1159796 51 12 0
1159796 51 12 0
1159864 51 12 2
1159879 51 12 2
1160363 51 1 0
1160363 51 1 0
1160445 51 1 2
1160453 51 1 2
1160701 51 3 0
1160702 51 0 0
1160901 51 46 0
1160901 51 46 0
1160951 51 46 2
1160958 51 46 2
1160990 51 47 0
1160990 51 47 0
1161048 51 47 2
1161059 51 47 2
1161203 51 12 0
1161203 51 12 0
1161269 51 12 2
1161303 51 12 2
1161657 51 41 2
1161787 51 1 0
1161875 51 1 2
1162323 51 46 0
1162323 51 46 0
1162373 51 46 2
1162380 51 46 2
1162412 51 47 0
1162412 51 47 0
1162470 51 47 2
1162478 51 47 2
1162622 51 12 0
1162622 51 12 0
1162688 51 12 2
1162696 51 12 2
1163180 51 1 0
1163180 51 1 0
1163263 51 1 2
1163272 51 1 2
1163720 51 46 0
1163720 51 46 0
1163770 51 46 2
1163777 51 46 2
1163809 51 47 0
1163809 51 47 0
1163867 51 47 2
1163875 51 47 2
1164019 51 12 0
1164019 51 12 0
1164085 51 12 2
1164118 51 12 2
1164602 51 1 0
1164602 51 1 0
1164684 51 1 2
1164692 51 1 2
1165140 51 46 0
1165140 51 46 0
1165190 51 46 2
1165198 51 46 2
1165230 51 47 0
1165230 51 47 0
1165288 51 47 2
1165297 51 47 2
1165441 51 12 0
1165441 51 12 0
1165507 51 12 2
1165515 51 12 2
1165999 51 1 0
1165999 51 1 0
1166081 51 1 2
1166088 51 1 2
1166463 51 45 2
1166536 51 46 0
1166536 51 46 0
1166586 51 46 2
1166594 51 46 2
1166626 51 47 0
1166626 51 47 0
1166684 51 47 2
1166692 51 47 2
1166707 51 0 2
1166836 51 12 0
1166836 51 12 0
1166902 51 12 2
1166910 51 12 2
1166965 51 25 2
1166982 51 46 2
1167394 51 1 0
1167500 51 1 2
1167591 51 49 2
1167680 51 1 0
1167778 51 1 2
1168046 51 46 0
1168046 51 46 0
1168097 51 46 2
1168104 51 46 2
1168136 51 47 0
1168136 51 47 0
1168194 51 47 2
1168202 51 47 2
1168346 51 12 0
1168346 51 12 0
1168412 51 12 2
1168420 51 12 2
1168870 51 47 2
1168904 51 1 0
1168993 51 1 2
1169441 51 46 0
1169441 51 46 0
1169491 51 46 2
1169502 51 46 2
1169534 51 47 0
1169534 51 47 0
1169592 51 47 2
1169600 51 47 2
1169744 51 12 0
1169744 51 12 0
1169810 51 12 2
1169818 51 12 2
1169824 51 48 2
1170294 51 9 0
1170402 51 9 2
1170526 51 55 0
1170698 51 55 2
1170702 51 1 0
1170818 51 1 2
1170842 51 56 0
1170934 51 56 2
1170954 51 45 0
1171040 51 45 2
1171084 51 7 0
1171288 51 7 2
1171300 51 46 0
1171413 51 46 2
1171489 51 63 0
1171495 51 50 2
1171750 51 63 2
1171758 51 47 0
1171910 51 47 2
1172014 51 62 0
1172014 51 62 0
1172104 51 62 2
1172122 51 62 2
1172190 51 29 0
1172348 51 29 2
1172388 51 30 0
1172526 51 30 2
1172570 51 17 0
1172712 51 17 2
1172768 51 18 0
1172901 51 18 2
1172925 51 2 0
1173015 51 2 2
1173039 51 19 0
1173175 51 19 2
1173211 51 21 0
1173221 51 50 2
1173357 51 21 2
1173389 51 22 0
1173525 51 22 2
1173881 51 61 0
1173881 51 61 0
1173953 51 61 2
1174006 51 61 2
1174542 51 1 0
1174632 51 1 2
1174716 51 58 0
1174716 51 58 0
1174750 51 58 2
1174758 51 58 2
1174838 51 59 0
1174838 51 59 0
1174874 51 59 2
1174892 51 59 2
1242087 51 2 2
1244999 51 2 2
1246469 51 3 2
1270522 51 2 0
1270523 51 0 0
1279441 51 2 0
1279442 51 63 1
1279643 51 2 2
1279727 51 63 2
1294358 51 3 0
1294359 51 63 1
1294553 51 3 2
1294626 51 63 2
1297293 51 2 0
1297294 51 0 0
1298272 51 2 0
1322566 51 51 0
1322566 51 2 2
1322567 51 2 0
1322576 51 2 2
1347502 51 51 0
1347511 51 2 0
1347511 51 51 2
1347594 51 51 2
1347862 51 55 0
1348000 51 55 2
1348056 51 23 0
1353320 51 23 2
1353376 51 56 0
1353376 51 56 0
1353403 51 53 2
1353426 51 56 2
1353491 51 56 2
1353502 51 19 2
1353555 51 57 0
1353555 51 57 0
1353597 51 57 2
1353601 51 12 2
1353670 51 57 2
1353710 51 48 2
1353730 51 23 0
1360409 51 23 2
1360492 51 63 2
1360493 51 23 0
1362131 51 23 2
1363838 51 60 2
1363847 51 23 0
1365254 51 3 2
1365425 51 23 2
1367492 51 58 2
1367501 51 23 0
1370199 51 23 2
1394369 51 3 0
1394370 51 3 2
1401706 51 3 2
1401711 51 23 0
1405207 51 23 2
3008801 51 0 2
