0 39 51 0
1841 39 63 1
2026 39 2 2
2123 39 63 2
3648 39 51 2
3652 39 22 0
3750 39 22 2
3762 39 1 0
4486 39 1 2
4506 39 24 0
4620 39 24 2
4792 39 63 1
4976 39 2 2
5073 39 63 2
5141 39 63 1
5326 39 2 2
5423 39 63 2
34655 39 63 1
34656 39 2 0
34836 39 2 2
34933 39 63 2
47532 39 63 1
47726 39 2 2
47823 39 63 2
72455 39 4 0
73876 39 4 2
73928 39 44 0
75117 39 44 2
75129 39 5 0
75219 39 5 2
75231 39 45 0
75644 39 45 2
75712 39 24 0
75836 39 24 2
75868 39 25 0
75991 39 25 2
75999 39 26 0
76123 39 26 2
76163 39 27 0
76665 39 27 2
76685 39 33 0
77377 39 33 2
77397 39 35 0
77965 39 63 1
78147 39 0 2
78261 39 63 2
78629 39 35 2
78637 39 41 0
79176 39 41 2
79192 39 42 0
79518 39 42 2
79550 39 1 0
79769 39 1 2
79805 39 36 0
80024 39 36 2
80036 39 43 0
80306 39 43 2
80322 39 17 0
80437 39 17 2
80529 39 27 0
80711 39 27 2
80715 39 37 0
81161 39 37 2
81173 39 17 0
81299 39 17 2
81307 39 15 0
81808 39 15 2
81848 39 16 0
81962 39 16 2
82002 39 18 0
82100 39 18 2
82110 39 63 1
82124 39 61 0
82306 39 0 2
82331 39 61 2
82343 39 54 0
82420 39 63 2
82425 39 0 0
82542 39 54 2
82549 39 0 0
82550 39 63 1
82562 39 11 0
82655 39 11 2
82663 39 19 0
82673 39 0 0
82676 39 63 1
82767 39 19 2
82798 39 0 0
82799 39 63 1
82841 39 63 2
82877 39 4 2
82927 39 63 1
82928 39 0 0
82959 39 63 2
82987 39 20 2
83053 39 63 2
83054 39 63 1
83060 39 0 0
83081 39 19 2
83085 39 35 0
83117 39 11 2
83185 39 63 1
83190 39 0 0
83199 39 63 2
83247 39 13 2
83313 39 63 2
83314 39 0 0
83316 39 63 1
83354 39 35 2
83367 39 28 2
83370 39 53 0
83425 39 63 2
83440 39 63 1
83441 39 0 0
83497 39 37 2
83539 39 63 2
83564 39 0 0
83566 39 63 1
83619 39 53 2
83627 39 34 2
83659 39 33 0
83686 39 0 0
83689 39 63 1
83693 39 63 2
83767 39 9 2
83810 39 33 2
83815 39 63 1
83816 39 0 0
83822 39 36 0
83865 39 63 2
83877 39 10 2
83940 39 0 0
83941 39 63 1
83968 39 63 2
83973 39 36 2
83993 39 40 0
84007 39 25 2
84063 39 0 0
84066 39 63 1
84089 39 63 2
84127 39 17 2
84187 39 0 0
84188 39 63 1
84217 39 63 2
84247 39 18 2
84282 39 40 2
84306 39 37 0
84311 39 0 0
84314 39 63 1
84329 39 63 2
84367 39 5 2
84442 39 63 2
84466 39 37 2
84477 39 63 1
84479 39 0 0
84497 39 3 2
84570 39 38 0
84588 39 63 2
84602 39 0 0
84605 39 63 1
84697 39 38 2
84728 39 63 1
84731 39 63 2
84733 39 38 2
84737 39 0 0
84807 39 6 2
84824 39 0 0
84873 39 63 2
84917 39 12 2
84973 39 63 1
84978 39 0 0
84991 39 63 2
85010 39 0 2
85034 39 8 0
85108 39 63 1
85175 39 8 2
85183 39 29 0
85187 39 58 2
85259 39 0 0
85277 39 63 2
85297 39 1 2
85353 39 29 2
85393 39 0 0
85407 39 63 2
85409 39 63 1
85460 39 0 0
85548 39 0 2
85560 39 38 0
85597 39 61 2
85610 39 63 1
85628 39 0 0
85663 39 63 2
85721 39 38 2
85737 39 39 0
85783 39 63 1
85786 39 0 0
85807 39 55 2
85849 39 63 2
85898 39 39 2
85902 39 39 0
85911 39 63 1
85915 39 0 0
85977 39 51 2
86047 39 63 1
86050 39 0 0
86053 39 63 2
86157 39 39 2
86173 39 39 2
86182 39 63 2
86200 39 63 1
86202 39 0 0
86229 39 36 0
86236 39 63 1
86267 39 15 2
86317 39 63 2
86327 39 63 1
86328 39 0 0
86352 39 36 2
86384 39 38 0
86387 39 52 2
86446 39 14 2
86453 39 63 2
86463 39 63 1
86466 39 0 0
86503 39 63 2
86507 39 8 2
86576 39 38 2
86592 39 51 0
86593 39 63 1
86598 39 0 0
86613 39 63 2
86677 39 29 2
86727 39 63 2
86731 39 63 1
86735 39 0 0
86787 39 27 2
86821 39 51 2
86854 39 63 2
86863 39 63 1
86867 39 0 0
86877 39 23 0
86917 39 45 2
86967 39 63 2
86994 39 0 0
86994 39 63 1
87047 39 30 2
87089 39 63 2
87138 39 23 2
87146 39 52 0
87148 39 63 1
87153 39 0 0
87170 39 63 1
87177 39 24 2
87268 39 63 2
87289 39 63 1
87290 39 0 0
87359 39 57 2
87384 39 63 1
87457 39 63 2
87461 39 52 2
87496 39 63 1
87497 39 0 0
87497 39 31 0
87516 39 8 2
87606 39 51 2
87621 39 63 2
87629 39 0 0
87629 39 63 1
87678 39 63 2
87687 39 40 2
87760 39 31 2
87764 39 0 0
87764 39 63 1
87777 39 63 2
87780 39 53 0
87804 39 63 1
87807 39 14 2
87865 39 63 2
87899 39 0 0
87957 39 32 2
87968 39 53 2
87992 39 54 0
88016 39 15 2
88039 39 63 2
88042 39 0 0
88042 39 63 1
88065 39 63 2
88077 39 42 2
88102 39 54 2
88118 39 11 0
88151 39 63 2
88175 39 0 0
88176 39 63 1
88247 39 50 2
88312 39 63 1
88316 39 0 0
88330 39 63 2
88397 39 46 2
88439 39 11 2
88439 39 63 2
88450 39 0 0
88450 39 63 1
88451 39 56 0
88527 39 26 2
88601 39 63 2
88602 39 0 0
88603 39 63 1
88647 39 41 2
88709 39 56 2
88713 39 12 0
88729 39 63 2
88764 39 0 0
88764 39 63 1
88807 39 62 2
88865 39 63 2
88908 39 63 1
88910 39 0 0
88947 39 53 2
88996 39 12 2
89004 39 57 0
89005 39 63 2
89078 39 63 1
89083 39 0 0
89167 39 63 1
89167 39 47 2
89186 39 57 2
89190 39 2 0
89200 39 63 2
89262 39 63 1
89268 39 0 0
89277 39 60 2
89350 39 63 2
89386 39 26 2
89407 39 63 1
89410 39 0 0
89459 39 63 2
89485 39 63 1
89497 39 7 2
89537 39 63 1
89541 39 0 0
89556 39 63 2
89559 39 2 2
89611 39 37 0
89627 39 44 2
89682 39 0 0
89683 39 63 1
89685 39 63 2
89737 39 62 2
89793 39 37 2
89794 39 63 2
89809 39 40 0
89810 39 63 1
89813 39 0 0
89847 39 36 2
89897 39 63 2
89957 39 0 0
89959 39 63 1
89968 39 54 2
90018 39 63 2
90040 39 40 2
90077 39 22 2
90085 39 0 0
90087 39 63 1
90096 39 58 0
90126 39 63 2
90187 39 48 2
90213 39 63 1
90215 39 0 0
90245 39 58 2
90287 39 63 2
90305 39 35 0
90307 39 63 1
90307 39 35 2
90344 39 63 1
90349 39 0 0
90367 39 63 2
90417 39 16 2
90426 39 35 2
90430 39 50 0
90489 39 0 0
90490 39 63 1
90515 39 63 2
90526 39 44 2
90581 39 50 2
90583 39 63 2
90601 39 62 0
90638 39 31 2
90639 39 0 0
90639 39 63 1
90671 39 63 2
90748 39 43 2
90769 39 0 0
90772 39 63 1
90814 39 63 2
90857 39 63 2
90889 39 62 2
90907 39 63 2
90913 39 0 0
90914 39 63 1
90917 39 38 0
90987 39 23 2
91029 39 63 2
91063 39 63 1
91067 39 0 0
91107 39 49 2
91187 39 38 2
91194 39 63 1
91197 39 63 2
91201 39 63 1
91202 39 0 0
91259 39 63 0
91277 39 59 2
91358 39 0 0
91359 39 63 2
91360 39 63 1
91367 39 63 2
91386 39 4 2
91407 39 12 0
91427 39 21 2
91467 39 63 2
91484 39 63 1
91487 39 63 2
91547 39 56 2
91656 39 63 2
91667 39 33 2
91692 39 12 2
91716 39 2 0
91741 39 63 2
91822 39 2 2
91846 39 13 0
92096 39 13 2
92192 39 3 0
92302 39 3 2
92342 39 23 0
92432 39 23 2
92448 39 24 0
92559 39 24 2
92667 39 10 0
92885 39 63 1
92999 39 10 2
93007 39 25 0
93066 39 33 2
93098 39 25 2
93126 39 26 0
93140 39 63 2
93212 39 26 2
93292 39 0 0
93455 39 0 2
93463 39 3 0
93680 39 3 2
93724 39 4 0
93942 39 4 2
94038 39 5 0
94225 39 5 2
94265 39 15 0
94725 39 15 2
94733 39 14 0
95129 39 14 2
95141 39 50 0
95231 39 50 2
95259 39 6 0
95556 39 6 2
95576 39 4 0
95733 39 4 2
95741 39 8 0
96064 39 8 2
96068 39 47 0
97262 39 47 2
97270 39 49 0
97569 39 49 2
97585 39 11 0
97722 39 11 2
97758 39 5 0
98316 39 5 2
98340 39 37 0
98745 39 37 2
98809 39 4 0
98952 39 4 2
98956 39 1 0
99077 39 1 2
99105 39 27 0
99293 39 27 2
99301 39 2 0
99424 39 2 2
99436 39 11 0
99698 39 11 2
99706 39 7 0
100172 39 7 2
100192 39 3 0
100336 39 3 2
100444 39 6 0
101165 39 6 2
101185 39 9 0
101310 39 9 2
101482 39 8 0
101610 39 8 2
101622 39 11 0
101837 39 11 2
101857 39 12 0
102097 39 12 2
102121 39 16 0
102612 39 16 2
102620 39 13 0
102741 39 13 2
102789 39 2 0
102918 39 2 2
102954 39 14 0
103748 39 14 2
103752 39 17 0
104176 39 17 2
104184 39 15 0
104696 39 15 2
104716 39 18 0
105011 39 18 2
105035 39 4 0
105162 39 4 2
105202 39 40 0
105479 39 40 2
105483 39 38 0
105483 39 38 0
105509 39 38 2
105678 39 38 2
105686 39 27 0
105825 39 27 2
105845 39 35 0
105973 39 35 2
106029 39 28 0
106151 39 28 2
106219 39 3 0
106340 39 3 2
106344 39 46 0
106857 39 46 2
106877 39 4 0
106998 39 4 2
107030 39 0 0
107030 39 0 0
107137 39 0 2
107154 39 0 2
107158 39 29 0
107295 39 29 2
107439 39 47 0
107682 39 47 2
107754 39 30 0
107971 39 30 2
108323 39 31 0
108438 39 31 2
108442 39 44 0
108634 39 44 2
108642 39 43 0
108893 39 43 2
109025 39 32 0
109218 39 32 2
109290 39 33 0
109483 39 33 2
109531 39 33 0
109832 39 33 2
109840 39 27 0
110134 39 27 2
110238 39 54 0
110560 39 54 2
110572 39 28 0
110691 39 28 2
110707 39 32 0
111012 39 32 2
111020 39 56 0
111286 39 63 1
111437 39 56 2
111453 39 33 0
111466 39 1 2
111571 39 63 2
111572 39 1 0
111709 39 1 0
111778 39 33 2
111833 39 1 0
111878 39 41 0
111961 39 1 0
112040 39 41 2
112080 39 0 0
112080 39 0 0
112101 39 1 0
112128 39 63 1
112187 39 0 2
112200 39 0 2
112208 39 61 0
112242 39 1 0
112306 39 12 2
112364 39 1 0
112379 39 63 2
112407 39 61 2
112411 39 39 0
112480 39 1 0
112586 39 39 2
112596 39 1 0
112598 39 7 0
112720 39 1 0
112720 39 7 2
112780 39 8 0
112844 39 1 0
112903 39 8 2
112910 39 63 1
112935 39 63 0
112972 39 1 0
113096 39 48 2
113114 39 1 0
113164 39 63 2
113193 39 63 2
113236 39 1 0
113272 39 0 0
113281 39 63 1
113353 39 1 0
113393 39 0 2
113421 39 57 0
113466 39 30 2
113477 39 1 0
113507 39 63 2
113591 39 1 0
113710 39 1 0
113756 39 57 2
113824 39 58 0
113836 39 1 0
113987 39 1 0
114114 39 1 0
114268 39 1 0
114399 39 1 0
114488 39 58 2
114526 39 1 0
114572 39 46 0
114669 39 1 0
114793 39 1 0
114922 39 1 0
115062 39 1 0
115188 39 46 2
115192 39 1 0
115200 39 59 0
115314 39 1 0
115436 39 1 0
115504 39 59 2
115536 39 32 0
115553 39 1 0
115664 39 32 2
115672 39 50 0
115683 39 1 0
115814 39 1 0
115817 39 50 2
115893 39 60 0
115936 39 1 0
116081 39 1 0
116101 39 60 2
116109 39 62 0
116214 39 1 0
116344 39 1 0
116458 39 62 2
116462 39 3 0
116470 39 1 0
116581 39 3 2
116593 39 5 0
116609 39 1 0
116709 39 5 2
116733 39 1 0
116737 39 17 0
116859 39 1 0
116931 39 17 2
116951 39 6 0
116984 39 1 0
117077 39 6 2
117106 39 1 0
117169 39 11 0
117256 39 1 0
117405 39 1 0
117527 39 11 2
117535 39 10 0
117598 39 1 0
117641 39 10 2
117661 39 11 0
117751 39 1 0
117775 39 11 2
117783 39 6 0
117871 39 1 0
117998 39 1 0
118132 39 1 0
118160 39 6 2
118196 39 36 0
118312 39 1 0
118520 39 1 0
118545 39 36 2
118605 39 12 0
118666 39 1 0
118782 39 1 0
118806 39 12 2
118814 39 0 0
118904 39 1 0
119001 39 0 2
119019 39 1 0
119069 39 0 2
119125 39 15 0
119125 39 15 0
119156 39 1 0
119167 39 15 2
119281 39 1 0
119411 39 15 2
119432 39 1 0
119531 39 7 0
119558 39 1 0
119701 39 1 0
119835 39 1 0
120059 39 7 2
120063 39 7 0
120210 39 7 2
120222 39 0 0
120503 39 0 2
120651 39 9 0
120765 39 9 2
120797 39 8 0
120924 39 8 2
120952 39 40 0
121239 39 40 2
121395 39 41 0
121726 39 41 2
122302 39 42 0
122569 39 42 2
123145 39 43 0
123417 39 43 2
123993 39 44 0
124322 39 44 2
124898 39 45 0
125164 39 45 2
125740 39 46 0
126006 39 46 2
126582 39 47 0
126814 39 47 2
127390 39 48 0
127729 39 48 2
128305 39 49 0
128664 39 49 2
129240 39 50 0
129577 39 50 2
130153 39 51 0
130426 39 51 2
131002 39 52 0
131332 39 52 2
131908 39 53 0
132221 39 53 2
132797 39 54 0
133108 39 54 2
133684 39 55 0
133964 39 55 2
134540 39 56 0
134948 39 56 2
135524 39 57 0
135892 39 57 2
136468 39 58 0
136737 39 58 2
137313 39 59 0
137586 39 59 2
138162 39 60 0
138488 39 60 2
139064 39 61 0
139393 39 61 2
139969 39 62 0
140277 39 62 2
140853 39 63 0
141112 39 63 2
141688 39 0 0
141688 39 0 0
141794 39 0 2
141983 39 0 2
142251 39 2 0
142405 39 2 2
142461 39 3 0
143195 39 3 2
143199 39 7 0
143643 39 7 2
143731 39 4 0
143875 39 4 2
144263 39 1 0
144708 39 1 2
145284 39 2 0
145668 39 2 2
146244 39 3 0
146578 39 3 2
147154 39 4 0
147455 39 4 2
148031 39 5 0
148316 39 5 2
148892 39 6 0
149269 39 6 2
149845 39 7 0
150176 39 7 2
150752 39 8 0
151064 39 8 2
151640 39 9 0
151958 39 9 2
152534 39 10 0
152861 39 10 2
153437 39 11 0
153437 39 11 0
153511 39 11 2
153760 39 11 2
154336 39 12 0
154615 39 12 2
155191 39 13 0
155567 39 13 2
156143 39 14 0
156471 39 14 2
157047 39 15 0
157318 39 15 2
157894 39 16 0
158174 39 16 2
158750 39 17 0
159068 39 17 2
159644 39 18 0
159953 39 18 2
160529 39 19 0
160832 39 19 2
161408 39 20 0
161684 39 20 2
162260 39 21 0
162517 39 21 2
163093 39 22 0
163432 39 22 2
164008 39 23 0
164290 39 23 2
164866 39 24 0
165164 39 24 2
165740 39 25 0
166058 39 25 2
166634 39 26 0
166915 39 26 2
167491 39 27 0
167784 39 27 2
168360 39 28 0
168633 39 28 2
169209 39 29 0
169467 39 29 2
170043 39 30 0
170375 39 30 2
170951 39 31 0
171223 39 31 2
171799 39 32 0
172113 39 32 2
172689 39 33 0
173028 39 33 2
173604 39 34 0
173947 39 34 2
174523 39 35 0
174816 39 35 2
175392 39 36 0
175684 39 36 2
176204 39 63 1
176260 39 37 0
176407 39 1 2
176513 39 63 2
176536 39 37 2
176782 39 63 1
176958 39 63 1
176987 39 51 2
177061 39 63 2
177112 39 38 0
177137 39 24 2
177227 39 63 2
177318 39 63 1
177407 39 38 2
177497 39 58 2
177587 39 63 2
177589 39 63 1
177660 39 63 1
177787 39 4 2
177820 39 63 1
177869 39 63 2
177897 39 37 2
177906 39 63 1
177939 39 63 2
177983 39 39 0
177992 39 63 1
178007 39 18 2
178089 39 63 2
178117 39 28 2
178150 39 63 1
178175 39 63 2
178227 39 39 2
178243 39 39 2
178244 39 63 1
178252 39 63 2
178337 39 11 2
178353 39 63 1
178419 39 63 2
178447 39 13 2
178472 39 63 1
178515 39 63 2
178557 39 27 2
178600 39 63 1
178623 39 63 2
178661 39 63 1
178667 39 19 2
178741 39 63 2
178787 39 25 2
178860 39 63 1
178869 39 63 2
178897 39 38 2
178931 39 63 2
178972 39 63 1
179057 39 32 2
179101 39 63 1
179139 39 63 2
179167 39 5 2
179203 39 63 1
179241 39 63 2
179297 39 12 2
179332 39 63 1
179370 39 63 2
179407 39 20 2
179473 39 63 2
179517 39 60 2
179584 39 63 1
179591 39 63 2
179638 39 63 1
179765 39 63 1
179767 39 8 2
179850 39 63 1
179872 39 63 2
179877 39 29 2
179927 39 63 2
179987 39 43 2
180018 39 63 1
180053 39 63 2
180096 39 63 1
180098 39 31 2
180132 39 63 2
180207 39 10 2
180276 39 63 1
180297 39 63 2
180317 39 62 2
180354 39 63 1
180375 39 63 2
180457 39 48 2
180488 39 63 1
180555 39 63 2
180558 39 63 1
180567 39 52 2
180634 39 63 2
180660 39 63 1
180687 39 49 2
180777 39 63 2
180797 39 36 2
180847 39 63 2
180896 39 63 1
180907 39 30 2
180949 39 63 2
180965 39 63 1
181077 39 57 2
181175 39 63 2
181197 39 14 2
181203 39 63 1
181255 39 63 2
181330 39 63 1
181387 39 7 2
181425 39 63 1
181445 39 63 2
181510 39 63 1
181517 39 41 2
181599 39 63 2
181627 39 34 2
181693 39 63 2
181695 39 63 1
181737 39 47 2
181758 39 63 1
181771 39 63 2
181877 39 16 2
181892 39 63 1
181974 39 63 2
181987 39 22 2
182010 39 63 1
182037 39 63 2
182097 39 33 2
182138 39 63 1
182171 39 63 2
182207 39 50 2
182216 39 63 1
182289 39 63 2
182317 39 3 2
182342 39 63 1
182408 39 63 2
182427 39 15 2
182436 39 63 1
182477 39 63 2
182537 39 42 2
182538 39 63 1
182611 39 63 2
182647 39 53 2
182680 39 63 1
182705 39 63 2
182757 39 23 2
182799 39 63 2
182867 39 59 2
182894 39 63 1
182949 39 63 2
182988 39 63 1
183075 39 63 1
183087 39 56 2
183176 39 63 1
183192 39 63 2
183197 39 40 2
183287 39 63 2
183307 39 61 2
183328 39 63 1
183373 39 63 2
183390 39 63 1
183417 39 35 2
183475 39 63 2
183527 39 17 2
183613 39 63 1
183617 39 63 2
183637 39 46 2
183679 39 63 2
183707 39 63 1
183797 39 6 2
183828 39 63 1
183863 39 63 2
183907 39 55 2
183930 39 63 1
183949 39 63 2
184017 39 21 2
184066 39 63 1
184075 39 63 2
184127 39 45 2
184168 39 63 1
184177 39 63 2
184247 39 44 2
184305 39 63 2
184357 39 54 2
184376 39 63 1
184407 39 63 2
184557 39 63 2
184596 39 63 1
184607 39 63 2
184682 39 63 1
184777 39 9 2
184875 39 63 2
184887 39 26 2
184961 39 63 2
191206 39 63 1
191387 39 2 2
191485 39 63 2
192979 39 8 0
193294 39 8 2
209572 39 63 1
209757 39 0 2
209871 39 63 2
226402 39 14 0
226516 39 14 2
226788 39 61 0
226926 39 61 2
226998 39 54 0
227128 39 54 2
227160 39 55 0
227321 39 55 2
227549 39 40 0
227679 39 40 2
227707 39 49 0
227837 39 49 2
227849 39 51 0
227994 39 51 2
228014 39 37 0
228142 39 37 2
228146 39 20 0
228268 39 20 2
228284 39 3 0
228616 39 3 2
228708 39 21 0
228830 39 21 2
228838 39 56 0
228985 39 56 2
229005 39 57 0
229144 39 57 2
229232 39 58 0
229362 39 58 2
229442 39 59 0
229571 39 59 2
229595 39 63 0
229726 39 63 2
229810 39 33 0
229932 39 33 2
236418 39 63 2
269552 39 2 0
269553 39 63 1
269736 39 2 2
269833 39 63 2
277958 39 2 0
277959 39 63 1
278146 39 2 2
278243 39 63 2
291472 39 2 0
291473 39 2 2
307352 39 63 1
307536 39 2 2
307633 39 63 2
327090 39 63 1
327277 39 2 2
327375 39 63 2
350420 39 63 1
350607 39 2 2
350705 39 63 2
366011 39 63 1
366196 39 2 2
366293 39 63 2
366640 39 63 1
366826 39 2 2
366923 39 63 2
387280 39 2 0
387281 39 63 1
387467 39 2 2
387565 39 63 2
410610 39 63 1
410797 39 2 2
410895 39 63 2
426119 39 2 0
426120 39 63 1
426306 39 2 2
426403 39 63 2
460999 39 2 0
461000 39 63 1
461187 39 2 2
461285 39 63 2
475811 39 63 1
475996 39 2 2
476093 39 63 2
514427 39 2 0
514428 39 63 1
514606 39 2 2
514703 39 63 2
623360 39 2 2
623519 39 2 2
659594 39 2 0
659595 39 63 1
659774 39 2 2
659871 39 63 2
726581 39 2 0
726582 39 2 2
730811 39 63 1
730994 39 3 2
731083 39 63 2
736603 39 63 1
736784 39 3 2
736873 39 63 2
739844 39 2 0
739845 39 2 2
741868 39 63 1
742054 39 3 2
742143 39 63 2
754945 39 2 0
759064 39 3 2
759221 39 2 0
761406 39 2 0
761407 39 63 1
761595 39 2 2
761693 39 63 2
770607 39 3 0
770608 39 3 2
784826 39 2 0
784827 39 63 1
785015 39 2 2
785113 39 63 2
812346 39 2 0
812347 39 63 1
812535 39 2 2
812633 39 63 2
816470 39 63 1
816655 39 3 2
816745 39 63 2
837960 39 2 0
837961 39 63 1
838145 39 2 2
838244 39 63 2
846967 39 15 0
846967 39 15 0
847009 39 15 2
847017 39 15 2
847105 39 30 0
847204 39 30 2
847216 39 24 0
847337 39 24 2
847437 39 25 0
847551 39 25 2
847559 39 39 0
847568 39 3 0
847568 39 39 2
847659 39 39 2
847723 39 26 0
847829 39 26 2
847893 39 27 0
847991 39 27 2
848023 39 34 0
848147 39 34 2
848159 39 26 0
848281 39 26 2
848377 39 55 0
848515 39 55 2
848523 39 27 0
848646 39 27 2
848694 39 61 0
849683 39 63 1
849864 39 38 2
849897 39 63 2
850087 39 63 1
850274 39 20 2
850338 39 63 2
851320 39 61 2
851324 39 28 0
851446 39 28 2
851498 39 60 0
851578 39 33 2
851647 39 60 2
851663 39 61 0
851809 39 61 2
851829 39 27 0
852120 39 27 2
852156 39 38 0
852262 39 38 2
852314 39 61 0
853311 39 2 0
854445 39 2 0
854673 39 2 0
855450 39 3 0
855451 39 63 1
855634 39 3 2
855723 39 63 2
857194 39 2 0
857586 39 61 2
857594 39 19 0
857645 39 34 2
857692 39 19 2
857696 39 61 0
858975 39 2 0
859706 39 2 0
859957 39 2 0
863827 39 2 0
866294 39 63 1
866386 39 61 2
866445 39 50 2
866446 39 61 0
866474 39 56 2
866579 39 63 2
875704 39 61 2
875774 39 27 2
875776 39 61 0
879850 39 61 2
880487 39 46 2
880498 39 61 0
887831 39 61 2
891241 39 20 2
891251 39 61 0
892974 39 61 2
894873 39 21 2
894882 39 61 0
896637 39 61 2
899953 39 7 2
899961 39 61 0
902165 39 61 2
904215 39 52 2
904217 39 61 0
904829 39 61 2
908079 39 38 2
908081 39 61 0
909953 39 61 2
911724 39 38 2
911729 39 61 0
911977 39 61 2
912036 39 6 2
912143 39 53 2
912218 39 26 2
912325 39 32 2
912440 39 60 2
912523 39 55 2
912598 39 3 2
912721 39 51 2
912812 39 63 2
912889 39 31 2
912972 39 13 2
913071 39 50 2
913170 39 33 2
913279 39 10 2
913402 39 56 2
913520 39 17 2
913643 39 29 2
913731 39 14 2
913831 39 24 2
913954 39 45 2
914032 39 30 2
914115 39 18 2
914232 39 40 2
914352 39 1 2
914493 39 47 2
914573 39 34 2
914673 39 8 2
914813 39 2 2
914944 39 12 2
915054 39 48 2
915174 39 37 2
915254 39 43 2
915345 39 57 2
915454 39 59 2
915545 39 25 2
915664 39 44 2
915754 39 22 2
915845 39 49 2
915954 39 23 2
916054 39 5 2
916164 39 61 2
916244 39 54 2
916324 39 35 2
916424 39 42 2
916524 39 4 2
916679 39 58 2
916681 39 61 0
918164 39 61 2
921473 39 51 2
921476 39 61 0
923157 39 61 2
925186 39 31 2
925197 39 61 0
926642 39 61 2
928582 39 6 2
928586 39 61 0
931751 39 61 2
932007 39 29 2
932015 39 61 0
932849 39 61 2
935133 39 29 2
935141 39 61 0
938166 39 61 2
938662 39 37 2
938670 39 61 0
941524 39 61 2
942219 39 54 2
942220 39 61 0
942805 39 61 2
945428 39 43 2
945433 39 61 0
949035 39 61 2
950883 39 61 0
950883 39 35 2
953390 39 61 2
954899 39 44 2
954902 39 61 0
957266 39 61 2
960372 39 63 2
960374 39 61 0
962938 39 61 2
963269 39 57 2
963274 39 61 0
964646 39 61 2
966358 39 57 2
966362 39 61 0
968694 39 61 2
969822 39 61 0
969822 39 50 2
972302 39 61 2
975414 39 23 2
975422 39 61 0
975706 39 61 2
975765 39 47 2
975840 39 24 2
975963 39 32 2
976078 39 33 2
976185 39 49 2
976292 39 5 2
976399 39 55 2
976474 39 59 2
976565 39 12 2
976672 39 40 2
976787 39 34 2
976886 39 61 2
976961 39 60 2
977044 39 22 2
977135 39 14 2
977235 39 25 2
977351 39 56 2
977466 39 45 2
977541 39 26 2
977648 39 30 2
977731 39 8 2
977873 39 18 2
978001 39 53 2
978010 39 61 0
979651 39 61 2
981159 39 48 2
981163 39 61 0
983837 39 61 2
985108 39 2 2
985109 39 61 0
986297 39 61 2
987597 39 55 2
987605 39 61 0
988597 39 61 2
988673 39 2 0
988674 39 63 1
988862 39 2 2
988960 39 63 2
990047 39 14 2
990049 39 61 0
991803 39 61 2
994220 39 40 2
994227 39 61 0
998489 39 61 2
999032 39 61 2
999041 39 61 0
1001033 39 61 2
1001396 39 13 2
1001405 39 61 0
1003381 39 61 2
1003547 39 34 2
1003549 39 61 0
1004273 39 61 2
1004446 39 47 2
1004453 39 61 0
1007285 39 61 2
1007879 39 24 2
1007885 39 61 0
1008177 39 61 2
1008236 39 47 2
1008311 39 33 2
1008420 39 17 2
1008429 39 61 0
1009093 39 61 2
1009153 39 61 0
1009153 39 4 2
1012156 39 61 2
1012411 39 56 2
1012420 39 61 0
1014814 39 61 2
1015005 39 10 2
1015006 39 61 0
1015652 39 61 2
1016151 39 5 2
1016156 39 61 0
1016448 39 61 2
1016464 39 61 0
1016706 39 61 2
1016742 39 29 0
1016765 39 49 2
1016864 39 29 2
1016880 39 61 0
1017406 39 61 2
1017465 39 3 2
1017470 39 61 0
1017652 39 61 2
1017688 39 32 0
1017810 39 32 2
1017894 39 28 0
1017992 39 28 2
1018044 39 2 0
1018149 39 2 2
1018161 39 29 0
1018201 39 49 2
1018259 39 29 2
1018291 39 4 0
1018389 39 4 2
1018397 39 35 0
1018495 39 35 2
1022590 39 25 2
1022826 39 2 0
1022827 39 63 1
1023011 39 2 2
1023108 39 63 2
1028820 39 2 0
1028821 39 63 1
1029001 39 2 2
1029098 39 63 2
1050103 39 0 0
1050103 39 0 0
1050270 39 0 2
1053767 39 0 2
1053887 39 38 0
1053887 39 38 0
1053913 39 38 2
1058440 39 38 2
1059708 39 11 0
1059708 39 11 0
1059782 39 11 2
1059790 39 11 2
1060406 39 2 0
1060552 39 2 2
1060588 39 25 0
1060701 39 25 2
1060717 39 31 0
1060783 39 31 2
1060819 39 33 0
1060925 39 33 2
1060929 39 36 0
1061011 39 36 2
1061019 39 4 0
1061019 39 4 0
1061093 39 4 2
1061169 39 4 2
1061261 39 5 0
1061366 39 5 2
1061398 39 34 0
1061496 39 34 2
1061516 39 35 0
1061607 39 35 2
1061631 39 32 0
1061746 39 32 2
1062110 39 38 0
1062110 39 38 0
1062136 39 38 2
1062144 39 38 2
1062300 39 46 0
1062342 39 46 2
1062394 39 0 0
1062394 39 0 0
1062500 39 0 2
1062599 39 0 2
1062747 39 47 0
1062780 39 47 2
1063723 39 2 0
1064024 39 0 0
1064024 39 0 0
1064138 39 0 2
1064160 39 0 2
1065065 39 2 0
1065216 39 2 0
1065466 39 31 0
1065561 39 2 0
1065637 39 31 2
1065681 39 35 0
1065698 39 2 0
1065838 39 2 0
1065947 39 2 0
1065971 39 35 2
1066031 39 32 0
1066071 39 2 0
1066151 39 32 2
1066251 39 33 0
1066253 39 2 0
1066371 39 33 2
1066387 39 2 0
1066463 39 34 0
1066537 39 2 0
1066577 39 34 2
1066609 39 1 0
1066655 39 2 0
1066714 39 1 2
1066758 39 32 0
1066765 39 2 0
1066873 39 32 2
1066877 39 2 0
1066881 39 35 0
1066881 39 35 0
1066931 39 35 2
1066998 39 35 2
1067002 39 60 0
1067030 39 2 0
1067116 39 60 2
1067132 39 61 0
1067162 39 2 0
1067245 39 61 2
1067290 39 2 0
1067305 39 48 0
1067401 39 2 0
1067421 39 48 2
1067461 39 49 0
1067526 39 2 0
1067575 39 49 2
1067611 39 36 0
1067611 39 36 0
1067653 39 36 2
1067654 39 2 0
1067772 39 2 0
1067913 39 36 2
1067932 39 2 0
1067977 39 37 0
1067977 39 37 0
1068011 39 37 2
1068059 39 2 0
1068226 39 2 0
1068353 39 37 2
1068356 39 2 0
1068401 39 58 0
1068401 39 58 0
1068464 39 2 0
1068484 39 58 2
1068585 39 2 0
1068623 39 58 2
1068635 39 31 0
1068750 39 2 0
1068874 39 2 0
1068892 39 31 2
1068904 39 30 0
1068993 39 2 0
1069122 39 2 0
1069324 39 2 0
1069330 39 30 2
1069338 39 59 0
1069338 39 59 0
1069413 39 59 2
1069463 39 2 0
1069560 39 59 2
1069612 39 34 0
1069625 39 2 0
1069744 39 2 0
1069870 39 2 0
1069901 39 34 2
1069941 39 0 0
1069941 39 0 0
1070016 39 2 0
1070047 39 0 2
1070145 39 2 0
1070216 39 0 2
1070224 39 33 0
1070266 39 2 0
1070382 39 2 0
1070521 39 2 0
1070551 39 33 2
1070567 39 60 0
1070628 39 2 0
1070801 39 2 0
1070945 39 2 0
1071079 39 2 0
1071106 39 60 2
1071126 39 32 0
1071199 39 2 0
1071328 39 2 0
1071402 39 32 2
1071478 39 61 0
1071487 39 2 0
1071619 39 2 0
1071767 39 2 0
1071890 39 2 0
1072040 39 2 0
1072152 39 61 2
1072163 39 2 0
1072276 39 62 0
1072285 39 2 0
1072416 39 2 0
1072530 39 2 0
1072651 39 2 0
1072881 39 2 0
1073022 39 2 0
1073143 39 2 0
1073228 39 62 2
1073249 39 37 2
1073310 39 2 0
1073316 39 12 0
1073437 39 12 2
1073449 39 39 0
1073458 39 2 0
1073559 39 39 2
1073571 39 13 0
1073676 39 13 2
1073680 39 48 0
1073757 39 37 2
1073819 39 48 2
1073831 39 59 0
1073847 39 37 2
1073952 39 59 2
1073980 39 54 0
1073980 39 54 0
1074022 39 54 2
1074073 39 37 2
1074095 39 54 2
1074135 39 55 0
1074176 39 55 2
1074200 39 56 0
1074396 39 56 2
1074424 39 57 0
1074562 39 57 2
1074626 39 58 0
1074756 39 58 2
1074792 39 49 0
1074925 39 49 2
1074965 39 63 0
1075125 39 36 2
1075143 39 63 2
1075191 39 15 0
1075297 39 15 2
1075313 39 44 0
1075370 39 44 2
1075390 39 45 0
1075520 39 45 2
1075768 39 0 0
1075929 39 0 2
1076021 39 1 0
1076135 39 1 2
1076139 39 46 0
1076197 39 46 2
1076293 39 2 0
1076421 39 2 2
1076429 39 47 0
1076487 39 47 2
1076499 39 41 0
1076641 39 41 2
1076713 39 3 0
1076818 39 3 2
1076826 39 12 0
1076910 39 12 2
1076918 39 38 2
1077162 39 5 0
1077299 39 5 2
1077347 39 6 0
1077474 39 6 2
1077562 39 7 0
1077691 39 7 2
1077799 39 8 0
1077921 39 8 2
1077977 39 1 0
1077977 39 1 0
1078075 39 1 2
1078085 39 1 2
1078517 39 12 0
1078606 39 12 2
1078622 39 46 0
1078663 39 46 2
1078671 39 4 0
1078816 39 4 2
1078840 39 47 0
1078875 39 47 2
1079019 39 12 0
1079019 39 12 0
1079087 39 12 2
1079095 39 12 2
1079171 39 34 2
1079449 39 35 2
1079459 39 10 0
1079615 39 10 2
1079735 39 1 0
1079842 39 1 2
1080290 39 46 0
1080290 39 46 0
1080324 39 46 2
1080332 39 46 2
1080364 39 47 0
1080396 39 47 2
1080540 39 12 0
1080612 39 12 2
1081096 39 1 0
1081096 39 1 0
1081194 39 1 2
1081202 39 1 2
1081650 39 46 0
1081691 39 46 2
1081723 39 47 0
1081723 39 47 0
1081740 39 32 2
1081755 39 47 2
1081758 39 47 2
1081899 39 12 0
1081899 39 12 0
1081965 39 12 2
1081975 39 12 2
1082459 39 1 0
1082459 39 1 0
1082557 39 1 2
1082565 39 1 2
1083013 39 46 0
1083013 39 46 0
1083047 39 46 2
1083055 39 46 2
1083087 39 47 0
1083087 39 47 0
1083113 39 47 2
1083121 39 47 2
1083265 39 12 0
1083265 39 12 0
1083331 39 12 2
1083338 39 12 2
1083822 39 1 0
1083822 39 1 0
1083921 39 1 2
1083931 39 1 2
1084379 39 46 0
1084379 39 46 0
1084413 39 46 2
1084422 39 46 2
1084454 39 47 0
1084454 39 47 0
1084480 39 47 2
1084489 39 47 2
1084633 39 12 0
1084633 39 12 0
1084701 39 12 2
1084757 39 12 2
1085241 39 1 0
1085241 39 1 0
1085339 39 1 2
1085350 39 1 2
1085798 39 46 0
1085798 39 46 0
1085832 39 46 2
1085839 39 46 2
1085871 39 47 0
1085871 39 47 0
1085897 39 47 2
1085907 39 47 2
1086051 39 12 0
1086051 39 12 0
1086121 39 12 2
1086128 39 12 2
1086612 39 1 0
1086612 39 1 0
1086710 39 1 2
1086718 39 1 2
1087166 39 46 0
1087166 39 46 0
1087200 39 46 2
1087208 39 46 2
1087240 39 47 0
1087240 39 47 0
1087270 39 47 2
1087272 39 47 2
1087416 39 12 0
1087416 39 12 0
1087482 39 12 2
1087499 39 12 2
1087983 39 1 0
1087983 39 1 0
1088081 39 1 2
1088089 39 1 2
1088537 39 46 0
1088537 39 46 0
1088571 39 46 2
1088579 39 46 2
1088611 39 47 0
1088611 39 47 0
1088637 39 47 2
1088645 39 47 2
1088789 39 12 0
1088789 39 12 0
1088855 39 12 2
1088862 39 12 2
1089346 39 1 0
1089346 39 1 0
1089444 39 1 2
1089453 39 1 2
1089885 39 13 0
1089975 39 13 2
1089991 39 46 0
1089991 39 46 0
1090025 39 46 2
1090033 39 46 2
1090065 39 47 0
1090065 39 47 0
1090091 39 47 2
1090100 39 47 2
1090244 39 12 0
1090244 39 12 0
1090315 39 12 2
1090323 39 12 2
1090807 39 1 0
1090807 39 1 0
1090905 39 1 2
1090913 39 1 2
1091361 39 46 0
1091361 39 46 0
1091395 39 46 2
1091405 39 46 2
1091437 39 47 0
1091437 39 47 0
1091463 39 47 2
1091471 39 47 2
1091615 39 12 0
1091615 39 12 0
1091681 39 12 2
1091691 39 12 2
1092175 39 1 0
1092175 39 1 0
1092273 39 1 2
1092280 39 1 2
1092728 39 46 0
1092728 39 46 0
1092762 39 46 2
1092769 39 46 2
1092801 39 47 0
1092801 39 47 0
1092827 39 47 2
1092837 39 47 2
1092981 39 12 0
1092981 39 12 0
1093048 39 12 2
1093055 39 12 2
1093539 39 1 0
1093539 39 1 0
1093637 39 1 2
1093645 39 1 2
1094093 39 46 0
1094093 39 46 0
1094127 39 46 2
1094135 39 46 2
1094167 39 47 0
1094167 39 47 0
1094193 39 47 2
1094200 39 47 2
1094344 39 12 0
1094344 39 12 0
1094410 39 12 2
1094418 39 12 2
1094902 39 1 0
1094902 39 1 0
1095000 39 1 2
1095008 39 1 2
1095456 39 46 0
1095456 39 46 0
1095490 39 46 2
1095497 39 46 2
1095529 39 47 0
1095529 39 47 0
1095555 39 47 2
1095565 39 47 2
1095709 39 12 0
1095709 39 12 0
1095775 39 12 2
1095785 39 12 2
1096269 39 1 0
1096269 39 1 0
1096367 39 1 2
1096375 39 1 2
1096823 39 46 0
1096823 39 46 0
1096857 39 46 2
1096865 39 46 2
1096897 39 47 0
1096897 39 47 0
1096923 39 47 2
1096930 39 47 2
1097074 39 12 0
1097074 39 12 0
1097140 39 12 2
1097149 39 12 2
1097633 39 1 0
1097633 39 1 0
1097731 39 1 2
1097739 39 1 2
1098187 39 46 0
1098187 39 46 0
1098221 39 46 2
1098229 39 46 2
1098261 39 47 0
1098261 39 47 0
1098287 39 47 2
1098295 39 47 2
1098439 39 12 0
1098439 39 12 0
1098505 39 12 2
1098517 39 12 2
1099001 39 1 0
1099001 39 1 0
1099099 39 1 2
1099107 39 1 2
1099555 39 46 0
1099555 39 46 0
1099589 39 46 2
1099596 39 46 2
1099628 39 47 0
1099628 39 47 0
1099654 39 47 2
1099663 39 47 2
1099807 39 12 0
1099807 39 12 0
1099873 39 12 2
1099881 39 12 2
1100365 39 1 0
1100365 39 1 0
1100463 39 1 2
1100471 39 1 2
1100903 39 14 0
1101025 39 14 2
1101041 39 46 0
1101041 39 46 0
1101076 39 46 2
1101081 39 46 2
1101113 39 47 0
1101113 39 47 0
1101139 39 47 2
1101148 39 47 2
1101292 39 12 0
1101292 39 12 0
1101359 39 12 2
1101370 39 12 2
1101854 39 1 0
1101854 39 1 0
1101952 39 1 2
1101960 39 1 2
1102408 39 46 0
1102408 39 46 0
1102442 39 46 2
1102450 39 46 2
1102482 39 47 0
1102482 39 47 0
1102517 39 47 2
1102518 39 47 2
1102662 39 12 0
1102662 39 12 0
1102729 39 12 2
1102737 39 12 2
1103221 39 1 0
1103221 39 1 0
1103319 39 1 2
1103327 39 1 2
1103775 39 46 0
1103775 39 46 0
1103813 39 46 2
1103824 39 46 2
1103856 39 47 0
1103856 39 47 0
1103882 39 47 2
1103891 39 47 2
1104035 39 12 0
1104035 39 12 0
1104102 39 12 2
1104110 39 12 2
1104594 39 1 0
1104594 39 1 0
1104692 39 1 2
1104703 39 1 2
1105151 39 46 0
1105151 39 46 0
1105185 39 46 2
1105192 39 46 2
1105224 39 47 0
1105224 39 47 0
1105250 39 47 2
1105259 39 47 2
1105403 39 12 0
1105403 39 12 0
1105470 39 12 2
1105478 39 12 2
1105962 39 1 0
1105962 39 1 0
1106060 39 1 2
1106076 39 1 2
1106524 39 46 0
1106524 39 46 0
1106561 39 46 2
1106587 39 46 2
1106619 39 47 0
1106619 39 47 0
1106645 39 47 2
1106653 39 47 2
1106797 39 12 0
1106797 39 12 0
1106863 39 12 2
1106870 39 12 2
1107354 39 1 0
1107354 39 1 0
1107452 39 1 2
1107461 39 1 2
1107909 39 46 0
1107909 39 46 0
1107944 39 46 2
1107951 39 46 2
1107983 39 47 0
1107983 39 47 0
1108009 39 47 2
1108017 39 47 2
1108161 39 12 0
1108161 39 12 0
1108227 39 12 2
1108235 39 12 2
1108719 39 1 0
1108719 39 1 0
1108817 39 1 2
1108825 39 1 2
1109273 39 46 0
1109273 39 46 0
1109308 39 46 2
1109313 39 46 2
1109345 39 47 0
1109345 39 47 0
1109371 39 47 2
1109379 39 47 2
1109523 39 12 0
1109523 39 12 0
1109594 39 12 2
1109597 39 12 2
1110081 39 1 0
1110081 39 1 0
1110179 39 1 2
1110188 39 1 2
1110636 39 46 0
1110636 39 46 0
1110672 39 46 2
1110680 39 46 2
1110712 39 47 0
1110712 39 47 0
1110738 39 47 2
1110747 39 47 2
1110891 39 12 0
1110891 39 12 0
1110957 39 12 2
1110965 39 12 2
1111353 39 1 0
1111353 39 1 0
1111452 39 1 2
1111463 39 1 2
1111895 39 7 0
1112017 39 7 2
1112033 39 46 0
1112033 39 46 0
1112067 39 46 2
1112075 39 46 2
1112107 39 47 0
1112107 39 47 0
1112133 39 47 2
1112147 39 47 2
1112291 39 12 0
1112291 39 12 0
1112357 39 12 2
1112371 39 12 2
1112855 39 1 0
1112855 39 1 0
1112953 39 1 2
1112971 39 1 2
1113419 39 46 0
1113419 39 46 0
1113453 39 46 2
1113461 39 46 2
1113493 39 47 0
1113493 39 47 0
1113519 39 47 2
1113537 39 47 2
1113681 39 12 0
1113681 39 12 0
1113747 39 12 2
1113795 39 12 2
1114279 39 1 0
1114279 39 1 0
1114379 39 1 2
1114464 39 1 2
1114912 39 46 0
1114912 39 46 0
1114947 39 46 2
1114954 39 46 2
1114986 39 47 0
1114986 39 47 0
1115012 39 47 2
1115020 39 47 2
1115164 39 12 0
1115164 39 12 0
1115240 39 12 2
1115277 39 12 2
1115761 39 1 0
1115761 39 1 0
1115859 39 1 2
1116079 39 1 2
1116527 39 46 0
1116527 39 46 0
1116561 39 46 2
1116569 39 46 2
1116601 39 47 0
1116601 39 47 0
1116627 39 47 2
1116635 39 47 2
1116779 39 5 0
1116905 39 5 2
1116913 39 61 0
1116913 39 61 0
1116971 39 61 2
1117064 39 61 2
1117072 39 29 0
1117323 39 29 2
1117339 39 62 0
1117339 39 62 0
1117389 39 62 2
1117470 39 62 2
1117746 39 63 0
1117746 39 63 0
1117789 39 63 2
1117878 39 63 2
1118302 39 12 0
1118302 39 12 0
1118368 39 12 2
1118386 39 12 2
1118878 39 1 0
1118878 39 1 0
1118976 39 1 2
1118983 39 1 2
1119431 39 46 0
1119431 39 46 0
1119465 39 46 2
1119476 39 46 2
1119508 39 47 0
1119508 39 47 0
1119534 39 47 2
1119544 39 47 2
1119688 39 12 0
1119688 39 12 0
1119755 39 12 2
1119763 39 12 2
1120247 39 1 0
1120247 39 1 0
1120345 39 1 2
1120353 39 1 2
1120796 39 34 2
1120801 39 46 0
1120801 39 46 0
1120835 39 46 2
1120843 39 46 2
1120875 39 47 0
1120875 39 47 0
1120901 39 47 2
1120909 39 47 2
1121053 39 12 0
1121053 39 12 0
1121119 39 12 2
1121126 39 12 2
1121610 39 1 0
1121610 39 1 0
1121708 39 1 2
1121718 39 1 2
1122166 39 46 0
1122166 39 46 0
1122206 39 46 2
1122209 39 46 2
1122241 39 47 0
1122241 39 47 0
1122267 39 47 2
1122275 39 47 2
1122419 39 12 0
1122419 39 12 0
1122485 39 12 2
1122494 39 12 2
1122978 39 1 0
1122978 39 1 0
1123076 39 1 2
1123085 39 1 2
1123533 39 46 0
1123533 39 46 0
1123567 39 46 2
1123579 39 46 2
1123611 39 47 0
1123611 39 47 0
1123637 39 47 2
1123644 39 47 2
1123788 39 12 0
1123860 39 12 2
1124344 39 1 0
1124344 39 1 0
1124442 39 1 2
1124449 39 1 2
1124881 39 8 0
1124881 39 8 0
1124979 39 8 2
1124996 39 8 2
1125012 39 46 0
1125012 39 46 0
1125046 39 46 2
1125053 39 46 2
1125085 39 47 0
1125085 39 47 0
1125111 39 47 2
1125121 39 47 2
1125265 39 12 0
1125265 39 12 0
1125331 39 12 2
1125339 39 12 2
1125823 39 1 0
1125823 39 1 0
1125922 39 1 2
1125930 39 1 2
1126378 39 46 0
1126378 39 46 0
1126416 39 46 2
1126427 39 46 2
1126459 39 47 0
1126459 39 47 0
1126485 39 47 2
1126496 39 47 2
1126640 39 12 0
1126640 39 12 0
1126706 39 12 2
1126715 39 12 2
1127199 39 1 0
1127199 39 1 0
1127298 39 1 2
1127306 39 1 2
1127754 39 46 0
1127754 39 46 0
1127788 39 46 2
1127796 39 46 2
1127828 39 47 0
1127828 39 47 0
1127854 39 47 2
1127862 39 47 2
1128006 39 12 0
1128006 39 12 0
1128074 39 12 2
1128083 39 12 2
1128567 39 1 0
1128567 39 1 0
1128666 39 1 2
1128671 39 1 2
1129119 39 46 0
1129119 39 46 0
1129154 39 46 2
1129162 39 46 2
1129194 39 47 0
1129194 39 47 0
1129220 39 47 2
1129228 39 47 2
1129372 39 12 0
1129372 39 12 0
1129438 39 12 2
1129447 39 12 2
1129931 39 1 0
1129931 39 1 0
1130029 39 1 2
1130036 39 1 2
1130484 39 46 0
1130484 39 46 0
1130518 39 46 2
1130526 39 46 2
1130558 39 47 0
1130558 39 47 0
1130584 39 47 2
1130592 39 47 2
1130736 39 12 0
1130736 39 12 0
1130802 39 12 2
1130810 39 12 2
1131294 39 1 0
1131294 39 1 0
1131400 39 1 2
1131401 39 1 2
1131849 39 46 0
1131849 39 46 0
1131883 39 46 2
1131891 39 46 2
1131923 39 47 0
1131923 39 47 0
1131940 39 2 0
1131941 39 63 1
1131949 39 47 2
1131957 39 47 2
1132101 39 12 0
1132101 39 12 0
1132127 39 2 2
1132167 39 12 2
1132176 39 12 2
1132225 39 63 2
1132660 39 1 0
1132660 39 1 0
1132758 39 1 2
1132766 39 1 2
1133214 39 46 0
1133214 39 46 0
1133250 39 46 2
1133258 39 46 2
1133290 39 47 0
1133290 39 47 0
1133318 39 47 2
1133330 39 47 2
1133474 39 12 0
1133474 39 12 0
1133540 39 12 2
1133549 39 12 2
1133869 39 2 0
1133870 39 63 1
1134033 39 1 0
1134033 39 1 0
1134058 39 2 2
1134132 39 1 2
1134138 39 1 2
1134155 39 63 2
1134586 39 46 0
1134586 39 46 0
1134620 39 46 2
1134628 39 46 2
1134660 39 47 0
1134660 39 47 0
1134686 39 47 2
1134693 39 47 2
1134837 39 12 0
1134837 39 12 0
1134903 39 12 2
1134918 39 12 2
1135402 39 1 0
1135402 39 1 0
1135500 39 1 2
1135509 39 1 2
1135941 39 9 0
1136047 39 9 2
1136063 39 46 0
1136063 39 46 0
1136097 39 46 2
1136105 39 46 2
1136137 39 47 0
1136137 39 47 0
1136163 39 47 2
1136171 39 47 2
1136315 39 12 0
1136315 39 12 0
1136381 39 12 2
1136389 39 12 2
1136873 39 1 0
1136873 39 1 0
1136971 39 1 2
1136980 39 1 2
1137098 39 2 0
1137099 39 63 1
1137287 39 2 2
1137384 39 63 2
1137428 39 46 0
1137428 39 46 0
1137462 39 46 2
1137473 39 46 2
1137505 39 47 0
1137505 39 47 0
1137531 39 47 2
1137539 39 47 2
1137683 39 12 0
1137683 39 12 0
1137749 39 12 2
1137759 39 12 2
1138243 39 1 0
1138243 39 1 0
1138341 39 1 2
1138349 39 1 2
1138797 39 46 0
1138797 39 46 0
1138832 39 46 2
1138843 39 46 2
1138875 39 47 0
1138875 39 47 0
1138901 39 47 2
1138909 39 47 2
1139053 39 12 0
1139053 39 12 0
1139121 39 12 2
1139139 39 12 2
1139623 39 1 0
1139623 39 1 0
1139721 39 1 2
1139733 39 1 2
1140181 39 46 0
1140181 39 46 0
1140215 39 46 2
1140231 39 46 2
1140263 39 47 0
1140263 39 47 0
1140289 39 47 2
1140298 39 47 2
1140442 39 12 0
1140442 39 12 0
1140508 39 12 2
1140517 39 12 2
1141001 39 1 0
1141001 39 1 0
1141108 39 1 2
1141109 39 1 2
1141556 39 46 0
1141556 39 46 0
1141590 39 46 2
1141598 39 46 2
1141630 39 47 0
1141630 39 47 0
1141656 39 47 2
1141664 39 47 2
1141808 39 12 0
1141808 39 12 0
1141874 39 12 2
1141883 39 12 2
1142197 39 2 0
1142198 39 0 0
1142367 39 1 0
1142367 39 1 0
1142465 39 1 2
1142473 39 1 2
1142921 39 46 0
1142921 39 46 0
1142955 39 46 2
1142963 39 46 2
1142995 39 47 0
1142995 39 47 0
1143021 39 47 2
1143029 39 47 2
1143173 39 12 0
1143173 39 12 0
1143239 39 12 2
1143247 39 12 2
1143731 39 1 0
1143731 39 1 0
1143829 39 1 2
1143836 39 1 2
1144284 39 46 0
1144284 39 46 0
1144319 39 46 2
1144327 39 46 2
1144359 39 47 0
1144359 39 47 0
1144387 39 47 2
1144395 39 47 2
1144539 39 12 0
1144539 39 12 0
1144605 39 12 2
1144613 39 12 2
1145097 39 1 0
1145097 39 1 0
1145195 39 1 2
1145202 39 1 2
1145650 39 46 0
1145650 39 46 0
1145684 39 46 2
1145692 39 46 2
1145724 39 47 0
1145724 39 47 0
1145750 39 47 2
1145758 39 47 2
1145902 39 12 0
1145902 39 12 0
1145968 39 12 2
1145976 39 12 2
1146460 39 1 0
1146460 39 1 0
1146558 39 1 2
1146567 39 1 2
1146999 39 10 0
1147097 39 10 2
1147113 39 46 0
1147113 39 46 0
1147147 39 46 2
1147155 39 46 2
1147187 39 47 0
1147187 39 47 0
1147213 39 47 2
1147221 39 47 2
1147365 39 12 0
1147365 39 12 0
1147432 39 12 2
1147437 39 12 2
1147921 39 1 0
1147921 39 1 0
1148019 39 1 2
1148027 39 1 2
1148475 39 46 0
1148475 39 46 0
1148509 39 46 2
1148517 39 46 2
1148549 39 47 0
1148549 39 47 0
1148575 39 47 2
1148583 39 47 2
1148727 39 12 0
1148727 39 12 0
1148793 39 12 2
1148831 39 12 2
1149315 39 1 0
1149315 39 1 0
1149433 39 1 2
1149460 39 1 2
1149908 39 46 0
1149908 39 46 0
1149942 39 46 2
1149950 39 46 2
1149982 39 47 0
1149982 39 47 0
1150008 39 47 2
1150025 39 47 2
1150169 39 12 0
1150169 39 12 0
1150247 39 12 2
1150302 39 12 2
1150786 39 1 0
1150786 39 1 0
1150894 39 1 2
1150932 39 1 2
1151380 39 46 0
1151380 39 46 0
1151414 39 46 2
1151421 39 46 2
1151453 39 47 0
1151453 39 47 0
1151479 39 47 2
1151487 39 47 2
1151631 39 12 0
1151631 39 12 0
1151697 39 12 2
1151761 39 12 2
1151819 39 2 0
1152245 39 1 0
1152245 39 1 0
1152353 39 1 2
1152391 39 1 2
1152839 39 46 0
1152839 39 46 0
1152873 39 46 2
1152926 39 46 2
1152958 39 47 0
1152958 39 47 0
1152984 39 47 2
1153037 39 47 2
1153181 39 12 0
1153181 39 12 0
1153248 39 12 2
1153334 39 12 2
1153818 39 1 0
1153818 39 1 0
1153936 39 1 2
1153973 39 1 2
1154421 39 46 0
1154421 39 46 0
1154455 39 46 2
1154463 39 46 2
1154495 39 47 0
1154495 39 47 0
1154521 39 47 2
1154531 39 47 2
1154675 39 12 0
1154675 39 12 0
1154742 39 12 2
1154760 39 12 2
1155244 39 1 0
1155244 39 1 0
1155362 39 1 2
1155401 39 1 2
1155849 39 46 0
1155849 39 46 0
1155883 39 46 2
1155893 39 46 2
1155925 39 47 0
1155925 39 47 0
1155951 39 47 2
1155960 39 47 2
1156104 39 12 0
1156104 39 12 0
1156171 39 12 2
1156198 39 12 2
1156682 39 1 0
1156682 39 1 0
1156790 39 1 2
1156827 39 1 2
1157275 39 46 0
1157275 39 46 0
1157309 39 46 2
1157317 39 46 2
1157349 39 47 0
1157349 39 47 0
1157375 39 47 2
1157383 39 47 2
1157527 39 12 0
1157527 39 12 0
1157603 39 12 2
1157660 39 12 2
1158144 39 1 0
1158144 39 1 0
1158262 39 1 2
1158301 39 1 2
1158749 39 46 0
1158749 39 46 0
1158784 39 46 2
1158792 39 46 2
1158824 39 47 0
1158824 39 47 0
1158850 39 47 2
1158858 39 47 2
1159002 39 12 0
1159002 39 12 0
1159069 39 12 2
1159095 39 12 2
1159579 39 1 0
1159579 39 1 0
1159697 39 1 2
1159734 39 1 2
1160182 39 46 0
1160182 39 46 0
1160217 39 46 2
1160246 39 46 2
1160263 39 3 0
1160264 39 0 0
1160278 39 47 0
1160278 39 47 0
1160304 39 47 2
1160361 39 47 2
1160505 39 12 0
1160505 39 12 0
1160572 39 12 2
1160620 39 12 2
1161104 39 1 0
1161104 39 1 0
1161203 39 1 2
1161255 39 1 2
1161703 39 46 0
1161703 39 46 0
1161737 39 46 2
1161744 39 46 2
1161776 39 47 0
1161776 39 47 0
1161802 39 47 2
1161809 39 47 2
1161953 39 12 0
1161953 39 12 0
1161991 39 2 0
1161992 39 1 0
1162036 39 12 2
1162042 39 12 2
1162520 39 1 0
1162520 39 1 0
1162619 39 1 2
1162667 39 1 2
1163115 39 46 0
1163115 39 46 0
1163149 39 46 2
1163158 39 46 2
1163190 39 47 0
1163190 39 47 0
1163216 39 47 2
1163244 39 47 2
1163388 39 12 0
1163388 39 12 0
1163454 39 12 2
1163511 39 12 2
1163655 39 34 2
1163995 39 1 0
1163995 39 1 0
1164095 39 1 2
1164109 39 1 2
1164217 39 38 2
1164557 39 46 0
1164557 39 46 0
1164591 39 46 2
1164599 39 46 2
1164631 39 47 0
1164631 39 47 0
1164657 39 47 2
1164685 39 47 2
1164829 39 12 0
1164829 39 12 0
1164895 39 12 2
1164902 39 12 2
1165108 39 35 2
1165386 39 1 0
1165386 39 1 0
1165484 39 1 2
1165501 39 1 2
1165651 39 38 2
1165949 39 46 0
1165949 39 46 0
1165983 39 46 2
1165991 39 46 2
1166023 39 47 0
1166023 39 47 0
1166049 39 47 2
1166057 39 47 2
1166201 39 12 0
1166201 39 12 0
1166267 39 12 2
1166276 39 12 2
1166671 39 0 2
1166760 39 1 0
1166868 39 1 2
1166961 39 25 2
1167316 39 46 0
1167316 39 46 0
1167350 39 46 2
1167358 39 46 2
1167390 39 47 0
1167390 39 47 0
1167415 39 38 2
1167416 39 47 2
1167424 39 47 2
1167568 39 12 0
1167568 39 12 0
1167634 39 12 2
1167646 39 12 2
1167778 39 1 0
1167891 39 1 2
1168138 39 38 2
1168235 39 9 0
1168349 39 9 2
1168473 39 55 0
1168550 39 55 2
1168554 39 1 0
1168678 39 1 2
1168702 39 56 0
1168815 39 56 2
1168835 39 45 0
1168901 39 45 2
1168945 39 7 0
1169035 39 7 2
1169047 39 46 0
1169112 39 46 2
1169188 39 63 0
1169432 39 63 2
1169440 39 47 0
1169566 39 47 2
1169670 39 62 0
1169670 39 62 0
1169750 39 62 2
1169768 39 62 2
1169836 39 29 0
1169977 39 29 2
1170017 39 30 0
1170143 39 30 2
1170187 39 17 0
1170409 39 17 2
1170465 39 18 0
1170580 39 18 2
1170604 39 2 0
1170710 39 2 2
1170734 39 19 0
1170849 39 19 2
1170885 39 21 0
1171015 39 21 2
1171047 39 22 0
1171100 39 3 0
1171101 39 1 0
1171183 39 22 2
1171539 39 61 0
1171539 39 61 0
1171607 39 61 2
1171654 39 61 2
1172190 39 1 0
1172190 39 1 0
1172288 39 1 2
1172296 39 1 2
1172380 39 58 0
1172380 39 58 0
1172462 39 58 2
1172470 39 58 2
1172550 39 59 0
1172550 39 59 0
1172624 39 59 2
1172632 39 59 2
1178916 39 2 0
1179176 39 3 0
1179177 39 63 1
1179358 39 3 2
1179448 39 63 2
1224584 39 2 2
1226061 39 2 2
1227537 39 2 2
1229341 39 3 2
1230794 39 3 2
1274612 39 2 0
1274613 39 3 0
1276621 39 3 0
1282489 39 2 2
1282490 39 2 0
1317453 39 2 0
1317454 39 39 0
1317454 39 2 2
1317463 39 2 2
1343134 39 39 0
1343143 39 2 0
1343143 39 39 2
1343242 39 39 2
1343510 39 55 0
1343648 39 55 2
1343704 39 23 0
1348288 39 3 2
1349298 39 23 2
1349354 39 56 0
1349354 39 56 0
1349453 39 56 2
1349500 39 56 2
1349564 39 57 0
1349564 39 57 0
1349654 39 57 2
1349711 39 57 2
1349741 39 3 2
1349771 39 23 0
1350211 39 45 2
1350845 39 23 2
1350900 39 52 2
1350905 39 23 0
1351413 39 2 0
1351414 39 2 2
1355149 39 23 2
1355311 39 52 2
1355317 39 23 0
1359163 39 23 2
1359218 39 2 2
1359325 39 14 2
1359392 39 25 2
1359491 39 29 2
1359558 39 30 2
1359617 39 48 2
1359741 39 43 2
1359832 39 24 2
1359939 39 17 2
1360038 39 27 2
1360121 39 13 2
1360196 39 20 2
1360271 39 55 2
1360350 39 51 2
1360351 39 23 0
1363153 39 23 2
1363825 39 23 0
1363825 39 60 2
1365101 39 23 2
1367461 39 58 2
1367465 39 23 0
1367865 39 23 2
1393693 39 3 0
1393694 39 2 0
1396273 39 3 0
1396274 39 3 2
1401669 39 23 0
1401669 39 3 2
1402580 39 23 2
2027445 39 2 0
2027446 39 0 0
2035007 39 2 0
2035008 39 1 0
3003473 39 2 0
3003474 39 2 2
3008789 39 0 2
