0 58 51 0
465 58 51 2
469 58 22 0
1065 58 22 2
1077 58 1 0
1515 58 1 2
1535 58 24 0
1755 58 24 2
6698 58 56 1
6877 58 2 2
6958 58 56 2
48934 58 56 1
49107 58 2 2
49188 58 56 2
83324 58 56 1
83497 58 0 2
83594 58 56 2
100635 58 56 1
100807 58 0 2
100904 58 56 2
173834 58 56 1
174005 58 2 2
174086 58 56 2
193088 58 56 1
193265 58 2 2
193346 58 56 2
298294 58 56 1
298467 58 2 2
298548 58 56 2
302889 58 56 1
303067 58 2 2
303148 58 56 2
314576 58 56 1
314748 58 2 2
314830 58 56 2
318562 58 56 1
318737 58 2 2
318818 58 56 2
327569 58 56 1
327747 58 2 2
327828 58 56 2
357786 58 2 0
357787 58 56 1
357957 58 2 2
358038 58 56 2
377310 58 56 1
377487 58 2 2
377568 58 56 2
402750 58 2 0
402751 58 56 1
402927 58 2 2
403008 58 56 2
409593 58 56 1
409767 58 2 2
409848 58 56 2
459810 58 2 0
459811 58 56 1
459987 58 2 2
460068 58 56 2
487272 58 56 1
487447 58 2 2
487528 58 56 2
513694 58 2 0
513695 58 56 1
513867 58 2 2
513948 58 56 2
526867 58 4 0
530066 58 4 2
530118 58 44 0
531725 58 44 2
531737 58 5 0
531881 58 5 2
531893 58 45 0
532432 58 45 2
532500 58 24 0
532643 58 24 2
532675 58 25 0
532851 58 25 2
532859 58 26 0
533008 58 26 2
533048 58 27 0
533163 58 27 2
533183 58 33 0
533440 58 33 2
533460 58 35 0
533580 58 35 2
533588 58 41 0
534058 58 41 2
534074 58 42 0
534411 58 42 2
534443 58 1 0
534591 58 1 2
534627 58 36 0
534802 58 36 2
534814 58 43 0
535189 58 43 2
535205 58 17 0
535302 58 17 2
535394 58 27 0
535528 58 27 2
535532 58 37 0
535662 58 37 2
535674 58 17 0
535772 58 17 2
535780 58 15 0
536044 58 15 2
536084 58 16 0
536193 58 16 2
536233 58 18 0
536255 58 2 0
536256 58 56 1
536401 58 18 2
536425 58 61 0
536427 58 2 2
536474 58 61 2
536486 58 54 0
536508 58 56 2
536697 58 54 2
536717 58 14 0
536785 58 56 1
536841 58 14 2
536849 58 19 0
536964 58 19 2
536968 58 35 0
536977 58 33 2
537036 58 56 2
537275 58 35 2
537291 58 53 0
537481 58 53 2
537521 58 33 0
537638 58 33 2
537650 58 36 0
537780 58 36 2
537800 58 40 0
538055 58 40 2
538079 58 37 0
538292 58 37 2
538396 58 38 0
538718 58 38 2
538722 58 19 0
539122 58 19 2
539146 58 8 0
539253 58 8 2
539261 58 29 0
539408 58 29 2
539448 58 0 0
539558 58 0 2
539570 58 38 0
539720 58 38 2
539736 58 39 0
539889 58 39 2
539893 58 39 0
540308 58 39 2
540364 58 36 0
540487 58 36 2
540519 58 38 0
540664 58 38 2
540680 58 51 0
540807 58 51 2
540863 58 62 0
540998 58 56 1
541127 58 62 2
541135 58 52 0
541177 58 0 2
541284 58 56 2
541286 58 0 0
541409 58 0 0
541479 58 52 2
541515 58 6 0
541533 58 0 0
541657 58 0 0
541757 58 2 0
541758 58 56 1
541796 58 0 0
541891 58 6 2
541911 58 53 0
541949 58 0 0
541957 58 2 2
542038 58 56 2
542107 58 0 0
542173 58 53 2
542197 58 54 0
542225 58 0 0
542375 58 0 0
542500 58 0 0
542648 58 0 0
542828 58 0 0
542885 58 54 2
542901 58 11 0
542979 58 0 0
543108 58 0 0
543220 58 11 2
543232 58 56 0
543237 58 0 0
543351 58 0 0
543388 58 56 2
543392 58 12 0
543492 58 0 0
543602 58 0 0
543685 58 12 2
543693 58 57 0
543737 58 0 0
543873 58 0 0
543901 58 57 2
543905 58 2 0
543991 58 0 0
544112 58 0 0
544228 58 2 2
544237 58 0 0
544280 58 37 0
544374 58 0 0
544422 58 37 2
544438 58 40 0
544494 58 0 0
544606 58 0 0
544695 58 40 2
544719 58 0 0
544751 58 58 0
544859 58 0 0
545000 58 0 0
545052 58 56 1
545102 58 58 2
545116 58 0 0
545162 58 35 0
545237 58 23 2
545270 58 0 0
545284 58 35 2
545288 58 50 0
545342 58 56 2
545381 58 0 0
545495 58 0 0
545653 58 0 0
545713 58 50 2
545733 58 62 0
545776 58 0 0
545916 58 0 0
546046 58 0 0
546171 58 0 0
546316 58 0 0
546467 58 0 0
546603 58 0 0
546715 58 0 0
546858 58 0 0
547012 58 0 0
547119 58 0 0
547228 58 0 0
547298 58 62 2
547326 58 38 0
547403 58 0 0
547542 58 0 0
547641 58 38 2
547658 58 0 0
547713 58 63 0
547806 58 0 0
547954 58 0 0
548096 58 0 0
548125 58 63 2
548165 58 12 0
548245 58 0 0
548368 58 0 0
548454 58 12 2
548478 58 2 0
548479 58 0 0
548591 58 2 2
548610 58 0 0
548615 58 13 0
548741 58 0 0
548862 58 0 0
548899 58 13 2
548974 58 0 0
548995 58 3 0
549135 58 0 0
549140 58 3 2
549180 58 23 0
549266 58 0 0
549376 58 0 0
549430 58 23 2
549446 58 24 0
549603 58 24 2
549711 58 29 0
549988 58 29 2
549996 58 25 0
550152 58 25 2
550180 58 26 0
550311 58 26 2
550391 58 0 0
550509 58 0 2
550517 58 3 0
550655 58 3 2
550699 58 4 0
550865 58 4 2
550961 58 5 0
551174 58 5 2
551214 58 15 0
551530 58 15 2
551538 58 14 0
551942 58 14 2
551954 58 50 0
552085 58 50 2
552113 58 6 0
552266 58 6 2
552286 58 4 0
552445 58 4 2
552453 58 8 0
552577 58 8 2
552581 58 47 0
552907 58 47 2
552915 58 49 0
553057 58 49 2
553073 58 11 0
553199 58 11 2
553235 58 5 0
553400 58 5 2
553424 58 37 0
553713 58 37 2
553777 58 4 0
553886 58 4 2
553890 58 1 0
554517 58 1 2
554545 58 27 0
554642 58 27 2
554650 58 2 0
554739 58 2 2
554751 58 11 0
554849 58 11 2
554857 58 7 0
554996 58 7 2
555016 58 3 0
555114 58 3 2
555222 58 6 0
555504 58 6 2
555524 58 9 0
555659 58 9 2
555831 58 8 0
555967 58 8 2
555979 58 11 0
556144 58 11 2
556164 58 12 0
556291 58 12 2
556315 58 16 0
556613 58 16 2
556621 58 13 0
556876 58 13 2
556924 58 2 0
557045 58 2 2
557089 58 40 0
557247 58 40 2
557251 58 25 0
557348 58 25 2
557364 58 31 0
557860 58 31 2
557896 58 33 0
558004 58 33 2
558008 58 36 0
558271 58 36 2
558279 58 4 0
558414 58 4 2
558506 58 5 0
558668 58 5 2
558700 58 34 0
558939 58 34 2
558959 58 35 0
559245 58 35 2
559269 58 32 0
559451 58 32 2
559519 58 17 0
559829 58 17 2
560125 58 38 0
560125 58 38 0
560199 58 38 2
560462 58 38 2
560470 58 27 0
560584 58 27 2
560604 58 35 0
560766 58 35 2
560822 58 28 0
560957 58 28 2
561025 58 3 0
561142 58 3 2
561146 58 46 0
561442 58 46 2
561462 58 4 0
561595 58 4 2
561627 58 0 0
561783 58 0 2
561787 58 29 0
562217 58 29 2
562361 58 47 0
562618 58 47 2
562690 58 30 0
562877 58 30 2
563229 58 31 0
563485 58 31 2
563489 58 44 0
563656 58 44 2
563664 58 43 0
563827 58 43 2
563959 58 32 0
564065 58 32 2
564137 58 33 0
564188 58 56 1
564243 58 33 2
564291 58 33 0
564367 58 0 2
564467 58 56 2
564477 58 0 0
564584 58 33 2
564592 58 27 0
564608 58 0 0
564767 58 0 0
564843 58 27 2
564947 58 54 0
564969 58 0 0
565168 58 0 0
565248 58 54 2
565260 58 28 0
565367 58 0 0
565388 58 28 2
565404 58 7 0
565521 58 0 0
565723 58 0 0
565778 58 7 2
565786 58 56 0
565871 58 0 0
565896 58 56 2
565912 58 8 0
566011 58 0 0
566141 58 0 0
566163 58 8 2
566263 58 41 0
566361 58 41 2
566368 58 0 0
566409 58 61 0
566616 58 0 0
566672 58 61 2
566676 58 39 0
566799 58 0 0
566965 58 0 0
567088 58 0 0
567177 58 39 2
567189 58 7 0
567236 58 0 0
567343 58 7 2
567366 58 0 0
567403 58 8 0
567492 58 0 0
567616 58 0 0
567630 58 8 2
567662 58 63 0
567757 58 0 0
567847 58 63 2
567874 58 0 0
567955 58 0 0
568019 58 0 0
568061 58 0 2
568089 58 57 0
568243 58 0 0
568287 58 57 2
568355 58 58 0
568574 58 0 0
568686 58 58 2
568696 58 0 0
568770 58 46 0
568834 58 0 0
568908 58 46 2
568920 58 59 0
568967 58 0 0
569099 58 0 0
569342 58 0 0
569515 58 0 0
569804 58 0 0
569860 58 59 2
569892 58 32 0
569918 58 0 0
570020 58 32 2
570028 58 50 0
570058 58 0 0
570214 58 50 2
570226 58 0 0
570290 58 60 0
570351 58 0 0
570501 58 0 0
570659 58 0 0
570804 58 60 2
570812 58 62 0
570836 58 0 0
570968 58 0 0
571092 58 0 0
571246 58 0 0
571373 58 0 0
571382 58 62 2
571386 58 3 0
571497 58 0 0
571510 58 3 2
571522 58 5 0
571633 58 0 0
571771 58 5 2
571773 58 0 0
571799 58 17 0
571894 58 0 0
571905 58 17 2
571925 58 6 0
572064 58 0 0
572119 58 6 2
572211 58 11 0
572216 58 0 0
572347 58 0 0
572520 58 0 0
572530 58 11 2
572538 58 10 0
572632 58 0 0
572637 58 10 2
572657 58 11 0
572785 58 11 2
572793 58 6 0
572915 58 6 2
572927 58 0 0
572951 58 36 0
573073 58 0 0
573244 58 36 2
573288 58 0 0
573304 58 12 0
573409 58 0 0
573430 58 12 2
573438 58 0 0
573517 58 0 0
573544 58 0 2
573668 58 15 0
573679 58 0 0
573846 58 15 2
573900 58 0 0
573966 58 7 0
574043 58 0 0
574112 58 7 2
574128 58 0 0
574183 58 0 0
574349 58 0 0
574382 58 0 2
574530 58 9 0
574637 58 9 2
574669 58 8 0
574805 58 8 2
574833 58 43 0
575108 58 43 2
575216 58 14 0
575594 58 14 2
575910 58 29 0
576042 58 29 2
576082 58 30 0
576177 58 0 0
576219 58 30 2
576263 58 17 0
576368 58 17 2
576424 58 18 0
576539 58 18 2
576575 58 22 0
576747 58 22 2
576799 58 3 0
583606 58 3 2
583614 58 19 0
583689 58 37 2
583704 58 19 2
583708 58 3 0
584276 58 3 2
584781 58 8 2
584792 58 3 0
586214 58 3 2
586300 58 28 2
586310 58 3 0
590444 58 3 2
591556 58 47 2
591560 58 3 0
594716 58 3 2
597626 58 32 2
597632 58 3 0
599226 58 3 2
601820 58 24 2
601830 58 3 0
602982 58 3 2
643746 58 2 2
643908 58 2 2
644159 58 2 2
660278 58 2 0
660279 58 56 1
660457 58 2 2
660538 58 56 2
663124 58 2 0
663125 58 56 1
663297 58 2 2
663378 58 56 2
681906 58 2 0
681907 58 0 0
694116 58 2 0
694117 58 0 0
769174 58 2 0
769175 58 56 1
769350 58 2 2
769431 58 56 2
811276 58 2 0
811277 58 56 1
811450 58 2 2
811531 58 56 2
823350 58 2 0
823351 58 56 1
823530 58 2 2
823611 58 56 2
828108 58 2 0
828109 58 56 1
828280 58 2 2
828361 58 56 2
838780 58 2 0
838781 58 2 2
861867 58 2 0
861868 58 0 0
865678 58 2 2
865686 58 3 0
870084 58 3 2
1503885 58 34 0
1509947 58 34 2
1509971 58 35 0
1510421 58 35 2
1510661 58 33 0
1511006 58 33 2
1511442 58 32 0
1511791 58 32 2
1511879 58 38 0
1511879 58 38 0
1511953 58 38 2
1512268 58 38 2
1512672 58 31 0
1513019 58 31 2
1513063 58 30 0
1515106 58 30 2
1515604 58 0 0
1515789 58 0 0
1515967 58 0 0
1516251 58 0 0
1516425 58 0 0
1516542 58 14 0
1516580 58 0 0
1516710 58 0 0
1516857 58 0 0
1516934 58 14 2
1516946 58 15 0
1516946 58 15 0
1517003 58 0 0
1517052 58 15 2
1517109 58 15 2
1517129 58 18 0
1517151 58 0 0
1517302 58 0 0
1517453 58 0 0
1517594 58 0 0
1517718 58 0 0
1517830 58 0 0
1517902 58 18 2
1517926 58 4 0
1517972 58 0 0
1518080 58 0 0
1518096 58 4 2
1518140 58 38 0
1518140 58 38 0
1518214 58 38 2
1518223 58 0 0
1518319 58 38 2
1518387 58 0 0
1518475 58 46 0
1518536 58 0 0
1518549 58 46 2
1518593 58 12 0
1518681 58 0 0
1518681 58 12 2
1518821 58 0 0
1518837 58 47 0
1518918 58 47 2
1518953 58 0 0
1519065 58 0 0
1519180 58 0 0
1519296 58 0 0
1519408 58 0 0
1519544 58 0 0
1519677 58 0 0
1519797 58 0 0
1519913 58 0 0
1520036 58 0 0
1520078 58 40 0
1520160 58 0 0
1520197 58 40 2
1520225 58 49 0
1520284 58 0 0
1520353 58 49 2
1520365 58 51 0
1520430 58 0 0
1520456 58 51 2
1520476 58 37 0
1520565 58 0 0
1520574 58 37 2
1520578 58 20 0
1520685 58 0 0
1520741 58 20 2
1520757 58 3 0
1520795 58 0 0
1520908 58 0 0
1521040 58 0 0
1521091 58 3 2
1521164 58 0 0
1521183 58 21 0
1521297 58 21 2
1521305 58 56 0
1521317 58 0 0
1521460 58 0 0
1521471 58 56 2
1521491 58 57 0
1521572 58 0 0
1521637 58 57 2
1521693 58 0 0
1521725 58 58 0
1521844 58 0 0
1521940 58 58 2
1521950 58 0 0
1522020 58 59 0
1522062 58 0 0
1522214 58 0 0
1522217 58 59 2
1522241 58 63 0
1522363 58 0 0
1522467 58 63 2
1522500 58 0 0
1522503 58 38 0
1522503 58 38 0
1522577 58 38 2
1522585 58 38 2
1522633 58 33 0
1522639 58 0 0
1522740 58 33 2
1522748 58 0 0
1522860 58 0 0
1522976 58 0 0
1523096 58 0 0
1523233 58 0 0
1523361 58 0 0
1523514 58 0 0
1523628 58 0 0
1523769 58 0 0
2481222 58 38 0
2481222 58 38 0
2483251 58 38 2
2483473 58 38 2
2485457 58 38 0
2485457 58 38 0
2485531 58 38 2
2488485 58 38 2
2490429 58 38 0
2490429 58 38 0
2490509 58 38 2
2490524 58 38 2
3457794 58 38 0
3457794 58 38 0
3458844 58 38 2
3463107 58 38 2
3465091 58 38 0
3465091 58 38 0
3465165 58 38 2
3465800 58 38 2
3467744 58 38 0
3467744 58 38 0
3467818 58 38 2
3467826 58 38 2
4434357 58 38 0
4434357 58 38 0
4436646 58 38 2
4440133 58 38 2
4442117 58 38 0
4442117 58 38 0
4442191 58 38 2
4442546 58 38 2
4444490 58 38 0
4444490 58 38 0
4444564 58 38 2
4444572 58 38 2
5410874 58 38 0
5410874 58 38 0
5411311 58 38 2
5411709 58 38 2
5413693 58 38 0
5413693 58 38 0
5413768 58 38 2
5415421 58 38 2
5417365 58 38 0
5417365 58 38 0
5417447 58 38 2
5419579 58 38 2
6387455 58 38 0
6387455 58 38 0
6390373 58 38 2
6393376 58 38 2
6395360 58 38 0
6395360 58 38 0
6395434 58 38 2
6395539 58 38 2
6397483 58 38 0
6397483 58 38 0
6397557 58 38 2
6397565 58 38 2
