0 12 51 0
3393 12 51 2
3397 12 22 0
6877 12 22 2
6889 12 1 0
7829 12 1 2
7849 12 24 0
7994 12 24 2
8067 12 0 1
8266 12 0 2
8331 12 0 2
38875 12 0 1
39076 12 2 2
39125 12 0 2
120322 12 0 1
120525 12 2 2
120574 12 0 2
140604 12 0 1
140800 12 2 2
140850 12 0 2
151374 12 0 1
151569 12 2 2
151618 12 0 2
151954 12 0 1
152149 12 2 2
152198 12 0 2
177114 12 0 1
177309 12 2 2
177358 12 0 2
182412 12 0 1
182609 12 2 2
182658 12 0 2
190800 12 0 1
190999 12 2 2
191048 12 0 2
195800 12 2 0
195801 12 0 1
196019 12 2 2
196068 12 0 2
216992 12 0 1
217189 12 2 2
217238 12 0 2
254922 12 0 1
255117 12 2 2
255166 12 0 2
292141 12 2 0
292142 12 0 1
292341 12 2 2
292390 12 0 2
373181 12 2 0
373182 12 0 1
373381 12 2 2
373430 12 0 2
394555 12 2 0
394556 12 0 1
394751 12 2 2
394800 12 0 2
446503 12 0 1
446701 12 2 2
446750 12 0 2
458029 12 0 1
458231 12 2 2
458280 12 0 2
458288 12 2 0
458289 12 0 1
458491 12 2 2
458540 12 0 2
506488 12 0 1
506691 12 2 2
506740 12 0 2
520328 12 0 1
520329 12 2 0
520532 12 2 2
520582 12 0 2
526867 12 4 0
527161 12 4 2
527213 12 44 0
527541 12 44 2
527553 12 5 0
527872 12 5 2
527884 12 45 0
528221 12 45 2
528289 12 24 0
528379 12 24 2
528411 12 25 0
528641 12 25 2
528649 12 26 0
528839 12 26 2
528879 12 27 0
530211 12 27 2
530231 12 33 0
530889 12 33 2
530909 12 35 0
531610 12 35 2
531618 12 41 0
532085 12 41 2
532101 12 42 0
532491 12 42 2
532523 12 1 0
532589 12 1 2
532625 12 36 0
532763 12 36 2
532775 12 43 0
533078 12 43 2
533094 12 17 0
533171 12 17 2
533263 12 27 0
533352 12 27 2
533356 12 37 0
533472 12 37 2
533484 12 17 0
533559 12 17 2
533567 12 15 0
533745 12 15 2
533785 12 16 0
533881 12 16 2
533921 12 18 0
533921 12 0 1
534016 12 18 2
534040 12 61 0
534122 12 61 2
534134 12 54 0
534168 12 44 2
534225 12 0 2
534277 12 54 2
534297 12 8 0
534387 12 8 2
534395 12 19 0
534603 12 19 2
534607 12 35 0
534936 12 35 2
534952 12 53 0
535294 12 53 2
535334 12 33 0
535437 12 33 2
535449 12 36 0
535590 12 36 2
535610 12 40 0
535903 12 40 2
535924 12 44 0
535927 12 37 0
536063 12 37 2
536167 12 38 0
536371 12 38 2
536375 12 37 0
536651 12 37 2
536675 12 8 0
536760 12 8 2
536768 12 29 0
536892 12 29 2
536926 12 44 0
536932 12 0 0
537020 12 0 2
537032 12 38 0
537083 12 44 0
537208 12 38 2
537224 12 39 0
537396 12 39 2
537400 12 39 0
537634 12 0 1
537660 12 39 2
537716 12 36 0
537842 12 0 2
537864 12 36 2
537896 12 38 0
537915 12 0 2
538060 12 38 2
538076 12 51 0
538302 12 0 1
538503 12 51 2
538576 12 0 2
538697 12 44 0
538762 12 2 0
538763 12 0 1
538966 12 2 2
539015 12 0 2
539171 12 51 2
539227 12 29 0
539267 12 0 1
539373 12 0 1
539374 12 44 0
539461 12 0 2
539512 12 0 1
539533 12 29 2
539538 12 0 2
539541 12 52 0
539575 12 4 2
539607 12 0 2
539671 12 0 1
539715 12 20 2
539748 12 0 2
539775 12 0 1
539829 12 52 2
539865 12 37 0
539894 12 36 2
539925 12 44 0
539935 12 0 1
539943 12 0 2
540023 12 3 2
540064 12 0 2
540086 12 0 1
540132 12 15 2
540151 12 37 2
540171 12 53 0
540181 12 0 2
540247 12 0 1
540284 12 22 2
540333 12 0 2
540376 12 0 1
540457 12 23 2
540466 12 44 0
540473 12 0 1
540474 12 0 1
540514 12 0 2
540533 12 53 2
540557 12 54 0
540587 12 1 2
540628 12 0 1
540645 12 0 2
540673 12 13 2
540700 12 9 2
540706 12 0 2
540749 12 0 2
540761 12 54 2
540764 12 0 1
540777 12 11 0
540831 12 30 2
540888 12 0 2
540948 12 0 1
540971 12 7 2
541027 12 0 2
541046 12 11 2
541050 12 0 1
541058 12 56 0
541172 12 33 2
541176 12 0 1
541244 12 0 2
541271 12 56 2
541275 12 12 0
541284 12 0 1
541286 12 14 2
541327 12 0 2
541393 12 10 2
541425 12 0 1
541434 12 0 2
541511 12 12 2
541526 12 12 2
541534 12 57 0
541535 12 0 2
541572 12 0 1
541622 12 6 2
541671 12 0 2
541715 12 0 1
541793 12 26 2
541825 12 0 1
541850 12 0 2
541912 12 44 2
541948 12 0 1
541969 12 0 2
541992 12 57 2
541996 12 2 0
542023 12 19 2
542064 12 0 2
542096 12 0 1
542154 12 13 2
542187 12 0 2
542228 12 0 1
542295 12 5 2
542312 12 2 2
542335 12 0 2
542364 12 37 0
542384 12 0 1
542432 12 11 2
542465 12 0 2
542584 12 0 1
542604 12 37 2
542620 12 40 0
542666 12 42 2
542695 12 0 1
542739 12 0 2
542746 12 0 1
542783 12 52 2
542812 12 40 2
542846 12 0 1
542848 12 0 2
542868 12 58 0
542890 12 29 2
542940 12 0 2
542953 12 0 2
542994 12 0 1
543018 12 0 2
543055 12 51 2
543064 12 58 2
543090 12 0 1
543108 12 0 1
543124 12 35 0
543128 12 0 2
543195 12 57 2
543252 12 35 2
543256 12 50 0
543268 12 0 1
543292 12 3 2
543293 12 0 1
543294 12 0 2
543327 12 25 2
543333 12 0 2
543341 12 0 1
543392 12 0 2
543396 12 0 1
543433 12 0 1
543472 12 50 2
543476 12 23 2
543492 12 62 0
543503 12 46 2
543530 12 0 1
543532 12 0 2
543573 12 0 1
543576 12 0 2
543580 12 31 2
543633 12 58 2
543644 12 0 2
543696 12 4 2
543726 12 0 2
543729 12 0 2
543733 12 0 1
543742 12 0 1
543759 12 40 2
543766 12 0 1
543842 12 62 2
543849 12 0 2
543870 12 38 0
543874 12 0 1
543914 12 0 1
543915 12 22 2
543941 12 39 2
543964 12 0 2
544014 12 0 2
544023 12 30 2
544039 12 0 1
544045 12 0 1
544080 12 0 2
544116 12 63 2
544145 12 49 2
544161 12 0 1
544163 12 38 2
544206 12 0 1
544213 12 0 2
544234 12 0 2
544235 12 63 0
544251 12 20 2
544282 12 50 2
544284 12 0 2
544295 12 0 1
544362 12 0 1
544363 12 0 2
544364 12 15 2
544411 12 60 2
544413 12 0 2
544445 12 63 2
544456 12 0 1
544484 12 0 2
544485 12 12 0
544491 12 36 2
544494 12 0 1
544526 12 59 2
544540 12 0 2
544552 12 0 1
544602 12 14 2
544607 12 0 2
544643 12 0 2
544656 12 62 2
544685 12 0 1
544702 12 0 1
544711 12 12 2
544726 12 12 2
544735 12 0 2
544745 12 0 2
544750 12 2 0
544762 12 28 2
544803 12 0 2
544826 12 2 2
544830 12 0 1
544850 12 13 0
544884 12 44 2
544915 12 0 1
544916 12 35 2
544941 12 0 2
544973 12 0 2
544988 12 0 1
545033 12 7 2
545045 12 0 1
545090 12 0 2
545116 12 13 2
545123 12 47 2
545136 12 0 1
545189 12 0 1
545193 12 33 2
545204 12 0 2
545212 12 3 0
545247 12 37 2
545267 12 0 2
545289 12 0 1
545290 12 0 1
545304 12 0 2
545318 12 3 2
545331 12 26 2
545358 12 23 0
545389 12 0 2
545405 12 48 2
545421 12 0 1
545457 12 0 1
545502 12 0 2
545504 12 31 2
545532 12 6 2
545536 12 23 2
545550 12 0 1
545552 12 24 0
545568 12 0 2
545581 12 0 2
545637 12 0 1
545645 12 1 2
545660 12 0 1
545682 12 49 2
545702 12 0 2
545709 12 0 1
545710 12 24 2
545771 12 0 2
545783 12 34 2
545805 12 0 1
545818 12 47 0
545833 12 51 2
545848 12 0 2
545861 12 0 1
545891 12 32 2
545906 12 0 2
545947 12 3 2
545972 12 0 2
545988 12 0 1
545989 12 0 2
545990 12 0 1
546056 12 19 2
546084 12 61 2
546088 12 47 2
546096 12 25 0
546096 12 0 2
546100 12 0 1
546165 12 0 2
546190 12 0 1
546195 12 52 2
546223 12 45 2
546260 12 0 1
546261 12 0 2
546288 12 0 2
546304 12 11 2
546310 12 0 1
546336 12 25 2
546338 12 0 2
546364 12 26 0
546408 12 0 1
546409 12 55 2
546413 12 0 1
546461 12 5 2
546474 12 26 2
546498 12 0 2
546502 12 0 2
546521 12 43 2
546554 12 0 0
546556 12 0 1
546585 12 0 1
546586 12 0 2
546623 12 9 2
546632 12 0 2
546640 12 3 0
546642 12 24 2
546672 12 0 2
546717 12 0 2
546722 12 0 1
546730 12 0 1
546754 12 10 2
546773 12 3 2
546782 12 54 2
546794 12 0 2
546817 12 4 0
546818 12 0 1
546863 12 0 2
546870 12 0 1
546924 12 0 1
546951 12 4 2
546963 12 53 2
546972 12 29 2
547021 12 0 2
547022 12 0 1
547036 12 0 2
547047 12 5 0
547051 12 18 2
547052 12 0 1
547081 12 13 2
547099 12 0 2
547114 12 0 2
547180 12 8 2
547199 12 0 1
547237 12 0 2
547250 12 50 2
547278 12 0 1
547285 12 17 2
547332 12 0 2
547339 12 0 1
547342 12 0 2
547366 12 5 2
547401 12 21 2
547406 12 15 0
547411 12 0 1
547442 12 0 2
547483 12 46 2
547521 12 0 1
547544 12 27 2
547556 12 0 2
547592 12 0 2
547611 12 0 1
547612 12 40 2
547701 12 0 2
547707 12 0 1
547712 12 0 1
547722 12 38 2
547738 12 15 2
547746 12 14 0
547787 12 0 2
547808 12 0 1
547817 12 63 2
547896 12 0 1
547915 12 41 2
547916 12 0 2
547943 12 35 2
547966 12 0 1
547995 12 0 2
548000 12 0 2
548040 12 16 2
548048 12 0 1
548092 12 57 2
548104 12 0 2
548161 12 14 2
548162 12 56 2
548173 12 50 0
548189 12 0 2
548206 12 0 1
548262 12 39 2
548270 12 0 2
548334 12 0 2
548361 12 0 1
548406 12 58 2
548495 12 0 2
548526 12 0 1
548565 12 60 2
548638 12 0 2
548668 12 0 1
548720 12 50 2
548725 12 2 0
548726 12 3 0
548734 12 47 2
548748 12 6 0
548815 12 0 2
548855 12 0 1
548871 12 31 2
548936 12 0 2
548966 12 6 2
548986 12 4 0
549028 12 0 1
549051 12 28 2
549092 12 0 2
549130 12 4 2
549138 12 8 0
549165 12 0 1
549232 12 45 2
549283 12 8 2
549287 12 47 0
549298 12 0 2
549315 12 0 1
549364 12 32 2
549445 12 0 2
549463 12 0 1
549513 12 25 2
549578 12 0 2
549660 12 0 1
549665 12 24 2
549738 12 0 2
549819 12 0 1
549821 12 47 2
549829 12 49 0
549860 12 59 2
549940 12 0 2
549948 12 0 1
550026 12 61 2
550073 12 49 2
550089 12 11 0
550095 12 0 1
550106 12 0 2
550155 12 42 2
550172 12 11 2
550208 12 5 0
550228 12 0 2
550246 12 0 1
550336 12 5 2
550360 12 37 0
550388 12 43 2
550412 12 0 1
550452 12 0 2
550483 12 21 2
550524 12 0 2
550578 12 0 1
550612 12 37 2
550624 12 37 2
550668 12 0 2
550688 12 4 0
550719 12 0 1
550747 12 4 2
550751 12 1 0
550787 12 53 2
550840 12 0 1
550860 12 0 2
550922 12 49 2
550979 12 1 2
551005 12 2 0
551006 12 4 0
551007 12 27 0
551011 12 0 2
551043 12 17 2
551070 12 0 1
551082 12 27 2
551090 12 2 0
551100 12 0 2
551174 12 2 2
551186 12 11 0
551226 12 0 1
551275 12 11 2
551283 12 7 0
551290 12 38 2
551357 12 0 2
551371 12 0 1
551415 12 7 2
551435 12 3 0
551455 12 56 2
551504 12 3 2
551512 12 0 1
551560 12 0 2
551594 12 48 2
551598 12 0 1
551612 12 6 0
551691 12 0 2
551717 12 41 2
551723 12 0 1
551778 12 6 2
551798 12 9 0
551798 12 0 2
551804 12 0 2
551875 12 0 1
551896 12 0 2
551900 12 0 0
551917 12 9 2
551970 12 62 2
551984 12 0 0
551992 12 0 1
552059 12 0 2
552089 12 8 0
552105 12 0 0
552124 12 55 2
552158 12 0 1
552204 12 27 2
552213 12 0 2
552217 12 0 0
552226 12 8 2
552238 12 11 0
552256 12 0 2
552300 12 0 1
552361 12 34 2
552369 12 0 0
552429 12 0 2
552478 12 0 0
552478 12 0 1
552513 12 8 2
552570 12 0 2
552589 12 0 0
552624 12 11 2
552644 12 12 0
552686 12 18 2
552698 12 0 1
552711 12 0 0
552735 12 0 2
552801 12 0 1
552830 12 0 0
552906 12 54 2
552935 12 0 0
552942 12 0 1
552987 12 0 2
553029 12 16 2
553035 12 2 0
553036 12 5 0
553053 12 0 0
553095 12 0 2
553130 12 12 2
553144 12 0 0
553146 12 41 2
553154 12 16 0
553231 12 0 2
553344 12 0 0
553425 12 16 2
553433 12 13 0
553445 12 0 0
553542 12 0 0
553665 12 0 0
553712 12 13 2
553760 12 2 0
553780 12 0 0
553866 12 0 0
553974 12 0 0
554011 12 2 2
554055 12 0 0
554055 12 40 0
554153 12 0 0
554236 12 40 2
554240 12 25 0
554277 12 0 0
554322 12 25 2
554338 12 31 0
554402 12 0 0
554610 12 0 0
554901 12 31 2
554937 12 33 0
555065 12 2 0
555066 12 6 0
555207 12 0 0
555330 12 33 2
555334 12 36 0
555366 12 0 0
555495 12 0 0
555610 12 0 0
555724 12 0 0
555761 12 36 2
555769 12 4 0
555868 12 0 0
555876 12 4 2
555968 12 5 0
556003 12 0 0
556161 12 5 2
556193 12 34 0
556205 12 0 0
556359 12 34 2
556371 12 0 0
556379 12 35 0
556500 12 0 0
556628 12 0 0
556770 12 0 0
556850 12 0 0
557043 12 0 0
557115 12 2 0
557117 12 7 0
557188 12 0 0
557216 12 35 2
557240 12 32 0
557366 12 0 0
557376 12 32 2
557444 12 17 0
557719 12 0 0
557811 12 17 2
557829 12 0 0
557941 12 0 0
558047 12 0 0
558107 12 38 0
558107 12 38 0
558165 12 38 2
558273 12 0 0
558304 12 2 0
558304 12 4 0
558304 12 4 2
558374 12 0 0
558459 12 0 0
558626 12 0 0
558628 12 38 2
558636 12 27 0
558796 12 27 2
558799 12 2 0
558799 12 7 0
558799 12 7 2
558816 12 35 0
558839 12 0 0
558954 12 0 0
559004 12 35 2
559060 12 28 0
559069 12 0 0
559191 12 28 2
559200 12 0 0
559259 12 3 0
559305 12 8 0
559319 12 0 0
559372 12 3 2
559376 12 46 0
559441 12 0 0
559567 12 0 0
559694 12 46 2
559714 12 4 0
559724 12 0 0
559828 12 0 0
559857 12 4 2
559866 12 2 0
559866 12 5 0
559866 12 5 2
559889 12 0 0
559973 12 0 2
559977 12 29 0
560000 12 0 0
560147 12 0 0
560251 12 0 0
560276 12 29 2
560357 12 0 0
560420 12 47 0
560494 12 0 0
560678 12 47 2
560750 12 30 0
560859 12 30 2
560975 12 2 0
560975 12 6 0
560975 12 6 2
561211 12 31 0
561365 12 9 0
561407 12 31 2
561411 12 44 0
561600 12 44 2
561608 12 43 0
561824 12 43 2
561956 12 32 0
562016 12 3 0
562016 12 3 2
562064 12 32 2
562136 12 33 0
562385 12 2 0
562385 12 9 0
562385 12 9 2
562679 12 33 2
562727 12 33 0
562855 12 33 2
562863 12 27 0
562984 12 27 2
562993 12 10 0
563088 12 54 0
563379 12 54 2
563391 12 28 0
563503 12 28 2
563519 12 38 0
563811 12 38 2
563819 12 56 0
564032 12 56 2
564048 12 39 0
564338 12 39 2
564438 12 41 0
564536 12 41 2
564584 12 61 0
564625 12 11 0
564821 12 0 1
565022 12 10 2
565063 12 0 2
565455 12 2 0
565455 12 8 0
565455 12 8 2
565923 12 61 2
565927 12 39 0
565951 12 2 2
566097 12 2 2
566135 12 39 2
566147 12 7 0
566290 12 12 0
566292 12 7 2
566299 12 2 2
566352 12 8 0
566426 12 8 2
566458 12 63 0
566618 12 63 2
566703 12 0 1
566726 12 0 0
566864 12 0 2
566892 12 57 0
566912 12 0 2
566925 12 0 1
566977 12 0 2
567077 12 57 2
567126 12 46 2
567145 12 58 0
567201 12 0 2
567323 12 58 2
567407 12 46 0
567633 12 46 2
567645 12 59 0
567795 12 0 0
567867 12 59 2
567895 12 0 0
567899 12 32 0
567913 12 13 0
567996 12 32 2
568004 12 50 0
568126 12 50 2
568202 12 60 0
568279 12 0 0
568476 12 60 2
568484 12 62 0
568520 12 0 0
568644 12 62 2
568648 12 3 0
568725 12 3 2
568737 12 5 0
568765 12 0 0
568883 12 5 2
568894 12 0 0
568911 12 17 0
569014 12 17 2
569018 12 0 0
569034 12 6 0
569248 12 0 0
569345 12 0 0
569388 12 0 1
569465 12 0 0
569476 12 6 2
569557 12 2 0
569559 12 14 0
569568 12 11 0
569584 12 0 0
569592 12 28 2
569633 12 0 2
569687 12 0 0
569846 12 11 2
569854 12 10 0
569875 12 0 0
569912 12 10 2
569932 12 11 0
570196 12 11 2
570204 12 6 0
570279 12 6 2
570290 12 0 0
570315 12 36 0
570502 12 0 0
570634 12 0 0
570642 12 36 2
570702 12 12 0
570751 12 0 0
570824 12 12 2
570832 12 0 0
570841 12 0 0
570947 12 0 0
570959 12 0 2
571043 12 0 0
571083 12 15 0
571228 12 2 0
571230 12 15 0
571288 12 15 2
571408 12 7 0
571449 12 0 0
571601 12 7 2
571617 12 0 0
571660 12 0 0
571783 12 0 0
571845 12 0 2
571993 12 9 0
572032 12 0 0
572167 12 0 0
572269 12 9 2
572301 12 8 0
572362 12 0 0
572482 12 8 2
572510 12 43 0
572729 12 0 0
572786 12 43 2
572881 12 0 0
572894 12 14 0
572996 12 2 0
572997 12 16 0
573010 12 14 2
573056 12 0 0
573223 12 0 0
573326 12 29 0
573345 12 0 0
573433 12 29 2
573473 12 0 0
573473 12 30 0
573618 12 30 2
573662 12 17 0
573669 12 0 0
573810 12 0 0
573815 12 17 2
573871 12 18 0
573966 12 18 2
574002 12 22 0
574110 12 22 2
574162 12 3 0
574266 12 0 0
574397 12 3 2
574405 12 19 0
574418 12 0 0
574452 12 23 2
574479 12 19 2
574483 12 3 0
574538 12 0 0
574621 12 0 0
574662 12 2 0
574663 12 17 0
574886 12 0 0
575021 12 0 0
575141 12 0 0
575225 12 0 0
575326 12 0 0
575456 12 0 0
575555 12 0 0
575658 12 0 0
575761 12 0 0
575871 12 0 0
575973 12 0 0
576185 12 0 0
576305 12 2 0
576306 12 18 0
576353 12 0 0
576708 12 0 0
576956 12 0 0
577091 12 0 0
577207 12 0 0
577305 12 0 0
577427 12 0 0
577648 12 0 0
577779 12 0 0
577958 12 2 0
577960 12 19 0
578014 12 0 0
578202 12 0 0
578345 12 0 0
579596 12 2 0
579597 12 20 0
579603 12 3 2
579642 12 13 2
579651 12 3 0
579949 12 3 2
580192 12 3 2
580201 12 3 0
581015 12 3 2
581157 12 11 2
581159 12 3 0
581235 12 2 0
581236 12 21 0
582877 12 2 0
582878 12 22 0
584517 12 2 0
584518 12 23 0
586298 12 2 0
586299 12 24 0
587971 12 2 0
587972 12 25 0
589518 12 3 2
589555 12 55 2
589566 12 3 0
589626 12 2 0
589627 12 26 0
590203 12 3 2
591274 12 2 0
591275 12 27 0
591525 12 47 2
591535 12 3 0
592936 12 2 0
592937 12 28 0
594585 12 2 0
594586 12 29 0
595037 12 3 2
596236 12 2 0
596237 12 30 0
597578 12 32 2
597581 12 3 0
597903 12 2 0
597904 12 31 0
599333 12 3 2
599693 12 2 0
599694 12 32 0
601382 12 2 0
601384 12 33 0
601780 12 24 2
601781 12 3 0
603045 12 2 0
603046 12 34 0
603673 12 3 2
604696 12 2 0
604697 12 35 0
606346 12 2 0
606347 12 36 0
607996 12 2 0
607997 12 37 0
609656 12 2 0
609657 12 38 0
611334 12 2 0
611335 12 39 0
612602 12 2 0
612603 12 44 0
613139 12 2 0
613140 12 40 0
614941 12 2 0
614942 12 41 0
616606 12 2 0
616607 12 42 0
618266 12 2 0
618267 12 43 0
619926 12 2 0
619927 12 44 0
621585 12 2 0
621586 12 45 0
623266 12 2 0
623267 12 46 0
624955 12 2 0
624956 12 47 0
626790 12 48 0
626791 12 2 0
628518 12 2 0
628519 12 49 0
630302 12 2 0
630303 12 50 0
631992 12 2 0
631993 12 51 0
633682 12 2 0
633683 12 52 0
635372 12 2 0
635373 12 53 0
637062 12 54 0
637063 12 2 0
638770 12 2 0
638771 12 55 0
640660 12 2 0
640661 12 56 0
642404 12 2 0
642405 12 57 0
644117 12 2 0
644118 12 58 0
645828 12 2 0
645829 12 59 0
647537 12 2 0
647538 12 60 0
649248 12 2 0
649249 12 61 0
650967 12 2 0
650968 12 62 0
652706 12 2 0
652707 12 63 0
654347 12 2 0
654348 12 0 0
656012 12 2 0
656013 12 1 0
660823 12 2 0
660824 12 0 1
661021 12 2 2
661070 12 0 2
681146 12 2 0
681147 12 2 2
682952 12 0 1
683151 12 2 2
683200 12 0 2
687341 12 2 0
687342 12 0 0
697415 12 2 0
697416 12 0 1
697611 12 2 2
697660 12 0 2
704306 12 2 0
704307 12 2 2
709773 12 0 1
709774 12 2 0
709971 12 2 2
710020 12 0 2
731804 12 0 1
731805 12 2 0
732001 12 2 2
732050 12 0 2
733545 12 2 0
733546 12 2 2
733915 12 2 0
733916 12 2 2
740086 12 2 0
740087 12 0 1
740281 12 2 2
740330 12 0 2
836691 12 2 0
836692 12 0 1
836891 12 2 2
836940 12 0 2
863793 12 2 0
863794 12 0 0
865661 12 2 2
865669 12 3 0
868327 12 3 2
1503853 12 34 0
1505152 12 63 2
1507295 12 34 2
1507319 12 35 0
1507711 12 35 2
1507951 12 33 0
1508265 12 33 2
1508701 12 32 0
1508980 12 32 2
1509068 12 38 0
1509068 12 38 0
1509126 12 38 2
1509403 12 38 2
1509807 12 31 0
1510143 12 31 2
1510187 12 30 0
1512562 12 30 2
1512630 12 17 2
1512898 12 34 2
1513046 12 26 2
1513262 12 32 2
1513293 12 10 2
1513394 12 20 2
1513543 12 40 2
1513660 12 11 2
1513774 12 30 2
1513908 12 39 2
1513998 12 14 0
1514039 12 31 2
1514187 12 59 2
1514274 12 14 2
1514286 12 15 0
1514286 12 15 0
1514292 12 13 2
1514328 12 15 2
1514413 12 45 2
1514465 12 15 2
1514485 12 18 0
1514583 12 49 2
1514714 12 16 2
1514805 12 22 2
1514983 12 36 2
1515117 12 38 2
1515165 12 21 2
1515343 12 18 2
1515367 12 4 0
1515423 12 25 2
1515516 12 28 2
1515703 12 56 2
1515733 12 4 2
1515777 12 38 0
1515777 12 38 0
1515790 12 35 2
1515835 12 38 2
1515892 12 38 2
1515919 12 53 2
1516048 12 46 0
1516087 12 48 2
1516122 12 46 2
1516166 12 12 0
1516175 12 12 2
1516190 12 12 2
1516301 12 19 2
1516346 12 47 0
1516427 12 47 2
1516428 12 42 2
1516551 12 27 2
1516680 12 52 2
1516953 12 62 2
1517069 12 37 2
1517211 12 33 2
1517342 12 50 2
1517443 12 44 2
1517587 12 40 0
1517592 12 41 2
1517707 12 15 2
1517767 12 40 2
1517795 12 49 0
1517852 12 60 2
1517901 12 49 2
1517913 12 51 0
1518009 12 1 2
1518034 12 51 2
1518054 12 37 0
1518086 12 14 2
1518170 12 37 2
1518174 12 20 0
1518234 12 51 2
1518310 12 20 2
1518326 12 3 0
1518618 12 3 2
1518634 12 58 2
1518710 12 21 0
1518750 12 23 2
1518866 12 29 2
1518906 12 21 2
1518914 12 56 0
1519012 12 55 2
1519037 12 56 2
1519057 12 57 0
1519163 12 24 2
1519179 12 57 2
1519267 12 58 0
1519437 12 57 2
1519495 12 58 2
1519575 12 59 0
1519727 12 59 2
1519751 12 63 0
1519778 12 43 2
1519906 12 63 2
1519931 12 61 2
1519942 12 38 0
1519942 12 38 0
1520000 12 38 2
1520008 12 38 2
1520056 12 33 0
1520059 12 47 2
1520154 12 33 2
1520200 12 18 2
1520317 12 54 2
1520432 12 46 2
2481213 12 38 0
2481213 12 38 0
2482276 12 38 2
2486012 12 38 2
2487996 12 38 0
2487996 12 38 0
2488055 12 38 2
2488611 12 38 2
2490555 12 38 0
2490555 12 38 0
2490621 12 38 2
2490623 12 38 2
3457793 12 38 0
3457793 12 38 0
3459381 12 38 2
3460011 12 38 2
3461995 12 38 0
3461995 12 38 0
3462053 12 38 2
3462990 12 38 2
3464934 12 38 0
3464934 12 38 0
3465000 12 38 2
3465192 12 38 2
4434303 12 38 0
4434303 12 38 0
4434464 12 38 2
4435664 12 38 2
4437648 12 38 0
4437648 12 38 0
4437706 12 38 2
4438633 12 38 2
4440577 12 38 0
4440577 12 38 0
4440643 12 38 2
4442205 12 38 2
5410910 12 38 0
5410910 12 38 0
5413954 12 38 2
5419175 12 38 2
5421159 12 38 0
5421159 12 38 0
5421217 12 38 2
5421584 12 38 2
5423528 12 38 0
5423528 12 38 0
5423594 12 38 2
5423616 12 38 2
6387448 12 38 0
6387448 12 38 0
6388658 12 38 2
6394316 12 38 2
6396300 12 38 0
6396300 12 38 0
6396358 12 38 2
6398125 12 38 2
6400069 12 38 0
6400069 12 38 0
6400137 12 38 2
6400217 12 38 2
