0 50 51 0
933 50 51 2
937 50 22 0
4215 50 22 2
4227 50 1 0
5041 50 1 2
5061 50 24 0
5176 50 24 2
7651 50 56 1
7831 50 2 2
7904 50 56 2
14524 50 56 1
14711 50 2 2
14784 50 56 2
22773 50 56 1
22952 50 2 2
23026 50 56 2
56614 50 56 1
56801 50 2 2
56874 50 56 2
72348 50 56 1
72531 50 0 2
72620 50 56 2
83610 50 56 1
83791 50 0 2
83880 50 56 2
88533 50 56 1
88711 50 0 2
88800 50 56 2
114640 50 56 1
114819 50 2 2
114892 50 56 2
142588 50 56 1
142770 50 2 2
142844 50 56 2
155048 50 56 1
155229 50 2 2
155302 50 56 2
163854 50 0 0
165434 50 56 1
165619 50 2 2
165692 50 56 2
167726 50 56 1
167909 50 2 2
167982 50 56 2
307909 50 56 1
308091 50 2 2
308164 50 56 2
351417 50 56 1
351601 50 2 2
351674 50 56 2
355394 50 2 0
355395 50 56 1
355581 50 2 2
355654 50 56 2
362362 50 2 0
362363 50 56 1
362541 50 2 2
362614 50 56 2
386372 50 56 1
386373 50 2 0
386551 50 2 2
386624 50 56 2
390268 50 56 1
390451 50 2 2
390524 50 56 2
418464 50 56 1
418651 50 2 2
418724 50 56 2
497536 50 2 0
497537 50 56 1
497741 50 2 2
497814 50 56 2
501667 50 2 0
501668 50 56 1
501851 50 2 2
501924 50 56 2
517842 50 2 0
517843 50 56 1
518021 50 2 2
518094 50 56 2
526867 50 4 0
527255 50 2 0
527256 50 56 1
527441 50 2 2
527514 50 56 2
528533 50 2 0
528534 50 56 1
528721 50 2 2
528794 50 56 2
530334 50 4 2
530386 50 44 0
532064 50 44 2
532076 50 5 0
532182 50 5 2
532194 50 45 0
532777 50 45 2
532845 50 24 0
533008 50 24 2
533040 50 25 0
533209 50 25 2
533217 50 26 0
533384 50 26 2
533424 50 27 0
533574 50 27 2
533594 50 33 0
534228 50 33 2
534248 50 35 0
534533 50 35 2
534541 50 41 0
534875 50 41 2
534891 50 42 0
535287 50 42 2
535319 50 1 0
535449 50 1 2
535485 50 36 0
535699 50 36 2
535711 50 43 0
535986 50 43 2
536002 50 17 0
536122 50 17 2
536214 50 27 0
536423 50 27 2
536427 50 37 0
536608 50 37 2
536620 50 17 0
536719 50 17 2
536727 50 15 0
537037 50 15 2
537077 50 16 0
537178 50 16 2
537218 50 18 0
537347 50 18 2
537371 50 61 0
537429 50 61 2
537441 50 54 0
537794 50 54 2
537814 50 13 0
537912 50 13 2
537920 50 19 0
538026 50 19 2
538030 50 35 0
538322 50 35 2
538338 50 53 0
538558 50 56 1
538652 50 53 2
538692 50 33 0
538741 50 25 2
538798 50 56 2
538891 50 33 2
538903 50 36 0
539042 50 36 2
539062 50 40 0
539311 50 40 2
539335 50 37 0
539547 50 37 2
539651 50 38 0
539811 50 38 2
539815 50 11 0
540136 50 11 2
540160 50 8 0
540320 50 8 2
540328 50 29 0
540532 50 29 2
540572 50 0 0
540734 50 0 2
540746 50 38 0
540906 50 38 2
540922 50 39 0
541129 50 39 2
541133 50 39 0
541414 50 39 2
541470 50 36 0
541585 50 36 2
541617 50 38 0
541693 50 56 1
541809 50 38 2
541825 50 51 0
541871 50 0 2
541955 50 51 2
541991 50 56 2
541995 50 0 0
542011 50 43 0
542121 50 0 0
542238 50 0 0
542264 50 43 2
542272 50 52 0
542389 50 0 0
542521 50 0 0
542600 50 52 2
542636 50 51 0
542655 50 0 0
542826 50 0 0
542876 50 51 2
542896 50 53 0
542978 50 0 0
543095 50 0 0
543163 50 53 2
543187 50 54 0
543245 50 0 0
543393 50 0 0
543466 50 54 2
543482 50 11 0
543511 50 0 0
543634 50 0 0
543736 50 0 0
543799 50 11 2
543811 50 56 0
543839 50 0 0
543952 50 0 0
544004 50 56 2
544008 50 12 0
544119 50 0 0
544231 50 0 0
544326 50 12 2
544334 50 57 0
544375 50 0 0
544496 50 0 0
544498 50 57 2
544502 50 2 0
544624 50 0 0
544737 50 0 0
544805 50 2 2
544848 50 0 0
544857 50 37 0
545000 50 0 0
545108 50 0 0
545118 50 37 2
545134 50 40 0
545242 50 0 0
545282 50 40 2
545338 50 58 0
545352 50 0 0
545454 50 0 0
545477 50 58 2
545515 50 56 1
545537 50 35 0
545621 50 0 0
545697 50 35 2
545701 50 15 2
545701 50 50 0
545730 50 0 0
545806 50 56 2
545820 50 50 2
545831 50 0 0
545840 50 62 0
545943 50 0 0
546100 50 0 0
546124 50 62 2
546152 50 38 0
546218 50 0 0
546316 50 0 0
546462 50 0 0
546487 50 38 2
546559 50 63 0
546587 50 0 0
546717 50 0 0
546846 50 0 0
546974 50 63 2
546978 50 0 0
547014 50 12 0
547124 50 0 0
547230 50 0 0
547267 50 56 1
547295 50 12 2
547319 50 2 0
547358 50 0 0
547418 50 2 2
547442 50 13 0
547461 50 0 2
547501 50 0 0
547557 50 56 2
547558 50 0 0
547600 50 0 0
547698 50 0 0
547717 50 13 2
547746 50 0 0
547813 50 3 0
547820 50 0 0
547848 50 0 0
547924 50 3 2
547960 50 0 0
547964 50 23 0
547976 50 0 0
548083 50 0 0
548098 50 0 0
548105 50 23 2
548121 50 24 0
548223 50 0 0
548235 50 24 2
548240 50 0 0
548343 50 21 0
548356 50 0 0
548371 50 0 0
548461 50 0 0
548501 50 0 0
548592 50 0 0
548615 50 21 2
548623 50 25 0
548640 50 0 0
548695 50 0 0
548723 50 25 2
548751 50 26 0
548760 50 0 0
548823 50 0 0
548866 50 26 2
548877 50 0 0
548946 50 0 0
548959 50 0 0
548986 50 0 0
549044 50 0 2
549052 50 3 0
549086 50 0 0
549088 50 0 0
549158 50 3 2
549199 50 0 0
549202 50 4 0
549229 50 0 0
549311 50 0 0
549319 50 4 2
549369 50 0 0
549415 50 5 0
549450 50 0 0
549480 50 0 0
549548 50 5 2
549569 50 0 0
549588 50 15 0
549610 50 0 0
549674 50 0 0
549728 50 0 0
549858 50 0 0
549896 50 15 2
549904 50 14 0
549970 50 0 0
550100 50 0 0
550220 50 0 0
550259 50 14 2
550271 50 50 0
550330 50 0 0
550460 50 0 0
550590 50 0 0
550710 50 50 2
550721 50 0 0
550738 50 6 0
550917 50 0 0
550929 50 6 2
550949 50 4 0
551076 50 4 2
551084 50 8 0
551181 50 8 2
551185 50 47 0
551266 50 0 0
551420 50 0 0
551626 50 0 0
551714 50 47 2
551722 50 49 0
551768 50 0 0
551823 50 49 2
551839 50 11 0
551967 50 0 0
551969 50 11 2
552005 50 5 0
552108 50 0 0
552176 50 5 2
552200 50 37 0
552258 50 0 0
552398 50 0 0
552478 50 37 2
552542 50 4 0
552560 50 0 0
552640 50 4 2
552644 50 1 0
552683 50 0 0
552754 50 1 2
552782 50 27 0
552810 50 0 0
552872 50 27 2
552880 50 2 0
552961 50 2 2
552973 50 11 0
552987 50 0 0
553062 50 11 2
553070 50 7 0
553098 50 0 0
553193 50 7 2
553213 50 3 0
553226 50 0 0
553304 50 3 2
553328 50 0 0
553412 50 6 0
553458 50 0 0
553544 50 6 2
553564 50 9 0
553610 50 0 0
553663 50 9 2
553722 50 0 0
553835 50 8 0
553840 50 0 0
553935 50 8 2
553947 50 11 0
553970 50 0 0
554056 50 11 2
554076 50 12 0
554121 50 0 0
554232 50 12 2
554256 50 16 0
554328 50 0 0
554443 50 0 0
554550 50 0 0
554579 50 16 2
554587 50 13 0
554764 50 0 0
554916 50 0 0
554952 50 13 2
555000 50 2 0
555038 50 0 0
555191 50 2 2
555235 50 40 0
555428 50 40 2
555432 50 25 0
555468 50 0 0
555522 50 25 2
555538 50 31 0
555628 50 0 0
555781 50 0 0
555990 50 0 0
556100 50 0 0
556235 50 31 2
556271 50 33 0
556300 50 0 0
556381 50 33 2
556385 50 36 0
556553 50 36 2
556561 50 4 0
556567 50 0 0
556689 50 4 2
556696 50 0 0
556781 50 5 0
556982 50 5 2
557014 50 34 0
557167 50 34 2
557187 50 35 0
557469 50 35 2
557493 50 32 0
557618 50 32 2
557686 50 17 0
558054 50 17 2
558350 50 38 0
558350 50 38 0
558416 50 38 2
558504 50 38 2
558512 50 27 0
558698 50 27 2
558718 50 35 0
558882 50 35 2
558938 50 28 0
559075 50 28 2
559143 50 3 0
559266 50 3 2
559270 50 46 0
559579 50 46 2
559599 50 4 0
559754 50 4 2
559786 50 0 0
559883 50 0 2
559887 50 29 0
560049 50 29 2
560193 50 47 0
560444 50 47 2
560516 50 30 0
560736 50 30 2
561088 50 31 0
561275 50 31 2
561279 50 44 0
561486 50 44 2
561494 50 43 0
562166 50 43 2
562298 50 32 0
562404 50 32 2
562476 50 33 0
562586 50 33 2
562634 50 33 0
562761 50 33 2
562769 50 27 0
562883 50 27 2
562987 50 54 0
563258 50 54 2
563270 50 28 0
563386 50 28 2
563402 50 52 0
563688 50 52 2
563696 50 56 0
563932 50 56 2
563948 50 53 0
564215 50 53 2
564315 50 41 0
564404 50 41 2
564452 50 61 0
564818 50 56 1
564921 50 61 2
564925 50 39 0
565001 50 11 2
565076 50 56 2
565117 50 39 2
565129 50 7 0
565321 50 7 2
565381 50 8 0
565490 50 8 2
565522 50 63 0
565589 50 0 0
565748 50 0 0
565831 50 56 1
565878 50 0 0
566005 50 0 0
566010 50 63 2
566012 50 29 2
566085 50 56 2
566118 50 0 0
566208 50 0 0
566358 50 0 0
566385 50 0 2
566413 50 57 0
566509 50 0 0
566535 50 57 2
566603 50 58 0
566617 50 0 0
566718 50 58 2
566778 50 0 0
566802 50 46 0
566913 50 0 0
566932 50 46 2
566944 50 59 0
567015 50 0 0
567104 50 56 1
567177 50 59 2
567209 50 32 0
567230 50 0 0
567291 50 47 2
567317 50 32 2
567325 50 50 0
567364 50 56 2
567374 50 0 0
567473 50 50 2
567549 50 60 0
567644 50 0 0
567890 50 0 0
567903 50 60 2
567911 50 62 0
568041 50 0 0
568069 50 62 2
568073 50 3 0
568221 50 0 0
568246 50 3 2
568258 50 5 0
568413 50 0 0
568425 50 5 2
568453 50 17 0
568550 50 17 2
568570 50 6 0
568699 50 6 2
568772 50 0 0
568791 50 11 0
568909 50 0 0
569031 50 0 0
569106 50 11 2
569114 50 10 0
569204 50 10 2
569224 50 11 0
569264 50 0 0
569334 50 11 2
569342 50 6 0
569416 50 0 0
569456 50 6 2
569492 50 36 0
569521 50 0 0
569624 50 0 0
569757 50 0 0
569778 50 36 2
569838 50 12 0
569881 50 0 0
569951 50 12 2
569959 50 0 0
570011 50 0 0
570056 50 0 2
570121 50 0 0
570180 50 15 0
570228 50 0 0
570323 50 15 2
570401 50 0 0
570443 50 7 0
570529 50 0 0
570618 50 7 2
570634 50 0 0
570662 50 0 0
570819 50 0 0
570880 50 0 2
570956 50 0 0
571028 50 9 0
571207 50 0 0
571211 50 9 2
571243 50 8 0
571372 50 0 0
571406 50 8 2
571434 50 43 0
571571 50 0 0
571704 50 43 2
571730 50 0 0
571812 50 14 0
571849 50 0 0
571954 50 14 2
571969 50 0 0
572097 50 0 0
572216 50 0 0
572270 50 29 0
572331 50 0 0
572391 50 29 2
572431 50 30 0
572476 50 0 0
572563 50 30 2
572607 50 17 0
572628 50 0 0
572705 50 17 2
572727 50 0 0
572761 50 18 0
572871 50 18 2
572882 50 0 0
572907 50 22 0
573016 50 0 0
573140 50 0 0
573187 50 22 2
573239 50 3 0
573272 50 0 0
573449 50 0 0
573600 50 0 0
573769 50 0 0
573929 50 0 0
574127 50 0 0
574236 50 0 0
574454 50 0 0
574611 50 0 0
574798 50 0 0
574914 50 0 0
575067 50 0 0
575726 50 3 2
575734 50 19 0
575801 50 15 2
575816 50 19 2
575820 50 3 0
580036 50 3 2
580214 50 3 2
580216 50 3 0
585213 50 3 2
585288 50 43 2
585379 50 40 2
585487 50 9 2
585587 50 46 2
585706 50 39 2
585717 50 3 0
588143 50 3 2
588824 50 56 2
588827 50 3 0
589000 50 3 2
589075 50 30 2
589190 50 3 2
589282 50 36 2
589382 50 11 2
589474 50 12 2
589578 50 55 2
589588 50 3 0
596786 50 3 2
597617 50 32 2
597626 50 3 0
601175 50 3 2
601813 50 24 2
601823 50 3 0
605667 50 3 2
629942 50 2 2
630097 50 2 2
630340 50 2 2
682163 50 0 0
682164 50 2 0
685328 50 0 0
746490 50 56 1
746674 50 2 2
746747 50 56 2
775300 50 2 0
775301 50 56 1
775484 50 2 2
775557 50 56 2
791584 50 2 0
791585 50 56 1
791764 50 2 2
791837 50 56 2
835814 50 2 0
835815 50 56 1
835994 50 2 2
836067 50 56 2
844790 50 2 0
844791 50 0 0
865665 50 2 2
865671 50 3 0
868952 50 3 2
1503864 50 34 0
1507393 50 34 2
1507417 50 35 0
1507827 50 35 2
1508067 50 33 0
1508363 50 33 2
1508799 50 32 0
1509077 50 32 2
1509165 50 38 0
1509165 50 38 0
1509234 50 38 2
1509675 50 38 2
1510079 50 31 0
1510385 50 31 2
1510429 50 30 0
1512793 50 30 2
1514229 50 14 0
1515041 50 14 2
1515053 50 15 0
1515053 50 15 0
1515151 50 15 2
1515247 50 15 2
1515267 50 18 0
1516127 50 18 2
1516151 50 4 0
1516830 50 4 2
1516874 50 38 0
1516874 50 38 0
1516940 50 38 2
1517039 50 38 2
1517195 50 46 0
1517261 50 46 2
1517305 50 12 0
1517386 50 12 2
1517542 50 47 0
1517615 50 47 2
1518775 50 40 0
1519113 50 40 2
1519141 50 49 0
1519241 50 49 2
1519253 50 51 0
1519335 50 51 2
1519355 50 37 0
1519459 50 37 2
1519463 50 20 0
1519607 50 20 2
1519623 50 3 0
1519947 50 3 2
1520039 50 21 0
1520154 50 21 2
1520162 50 56 0
1520298 50 56 2
1520318 50 57 0
1520454 50 57 2
1520542 50 58 0
1520777 50 58 2
1520857 50 59 0
1521021 50 59 2
1521045 50 63 0
1521414 50 63 2
1521450 50 38 0
1521450 50 38 0
1521516 50 38 2
1521524 50 38 2
1521572 50 33 0
1521669 50 33 2
2481197 50 38 0
2481197 50 38 0
2483105 50 38 2
2484224 50 38 2
2486208 50 38 0
2486208 50 38 0
2486274 50 38 2
2486559 50 38 2
2488503 50 38 0
2488503 50 38 0
2488577 50 38 2
2489629 50 38 2
3457797 50 38 0
3457797 50 38 0
3460426 50 38 2
3462185 50 38 2
3464169 50 38 0
3464169 50 38 0
3464235 50 38 2
3465550 50 38 2
3467494 50 38 0
3467494 50 38 0
3467560 50 38 2
3467567 50 38 2
4434341 50 38 0
4434341 50 38 0
4434579 50 38 2
4439879 50 38 2
4441863 50 38 0
4441863 50 38 0
4441929 50 38 2
4442164 50 38 2
4444108 50 38 0
4444108 50 38 0
4444174 50 38 2
4444182 50 38 2
5410901 50 38 0
5410901 50 38 0
5411082 50 38 2
5412117 50 38 2
5413066 50 38 0
5413066 50 38 0
5413132 50 38 2
5414987 50 38 2
5416931 50 38 0
5416931 50 38 0
5417005 50 38 2
5418327 50 38 2
6387472 50 38 0
6387472 50 38 0
6391250 50 38 2
6395268 50 38 2
6397252 50 38 0
6397252 50 38 0
6397318 50 38 2
6397493 50 38 2
6399437 50 38 0
6399437 50 38 0
6399503 50 38 2
6399511 50 38 2
