0 55 51 0
1218 55 51 2
1222 55 22 0
1873 55 22 2
1885 55 1 0
2520 55 1 2
2540 55 24 0
2654 55 24 2
14631 55 63 1
14798 55 2 2
14911 55 63 2
21847 55 63 1
22018 55 2 2
22131 55 63 2
27071 55 63 1
27238 55 2 2
27351 55 63 2
33379 55 63 1
33549 55 2 2
33663 55 63 2
57731 55 63 1
57898 55 2 2
58011 55 63 2
78665 55 63 1
78828 55 2 2
78941 55 63 2
88247 55 63 1
88418 55 2 2
88531 55 63 2
117661 55 63 1
117829 55 2 2
117943 55 63 2
122127 55 63 1
122309 55 0 2
122439 55 63 2
141101 55 63 1
141269 55 2 2
141383 55 63 2
142677 55 63 1
142848 55 0 2
142977 55 63 2
143560 55 4 0
144507 55 63 1
144678 55 0 2
144807 55 63 2
148354 55 4 2
148406 55 44 0
150338 55 44 2
150350 55 5 0
150458 55 5 2
150470 55 45 0
150870 55 45 2
150938 55 24 0
151538 55 24 2
151570 55 25 0
151702 55 25 2
151710 55 26 0
151832 55 26 2
151872 55 27 0
151985 55 27 2
152005 55 33 0
152975 55 33 2
152995 55 35 0
153130 55 35 2
153138 55 41 0
153772 55 41 2
153788 55 42 0
154200 55 42 2
154232 55 1 0
154371 55 1 2
154407 55 36 0
154521 55 36 2
154533 55 43 0
155166 55 43 2
155182 55 17 0
155316 55 17 2
155408 55 27 0
155526 55 27 2
155530 55 37 0
155675 55 63 1
155691 55 37 2
155703 55 17 0
155838 55 30 2
155895 55 63 2
155911 55 17 2
155919 55 15 0
156180 55 15 2
156220 55 16 0
156658 55 16 2
156698 55 18 0
156830 55 18 2
156854 55 61 0
157614 55 61 2
157626 55 54 0
157821 55 54 2
157841 55 13 0
157940 55 13 2
157948 55 19 0
158064 55 19 2
158068 55 35 0
158463 55 35 2
158479 55 53 0
158719 55 53 2
158759 55 33 0
158892 55 33 2
158904 55 36 0
159013 55 36 2
159033 55 40 0
159409 55 40 2
159433 55 37 0
159545 55 37 2
159649 55 38 0
159780 55 38 2
159784 55 16 0
160096 55 16 2
160120 55 8 0
160265 55 8 2
160273 55 29 0
160426 55 29 2
160466 55 0 0
160603 55 0 2
160615 55 38 0
160757 55 38 2
160773 55 39 0
161162 55 39 2
161166 55 39 0
161842 55 39 2
161898 55 36 0
162054 55 36 2
162086 55 38 0
162238 55 38 2
162254 55 51 0
162378 55 51 2
162434 55 60 0
162734 55 60 2
162742 55 52 0
162915 55 52 2
162951 55 4 0
163236 55 4 2
163256 55 53 0
163388 55 53 2
163412 55 54 0
164068 55 54 2
164084 55 11 0
164426 55 11 2
164438 55 56 0
164746 55 63 1
164918 55 20 2
164999 55 63 2
166136 55 56 2
166140 55 12 0
166428 55 12 2
166436 55 57 0
166578 55 57 2
166582 55 2 0
166929 55 2 2
166981 55 37 0
167091 55 37 2
167107 55 40 0
167288 55 40 2
167344 55 58 0
167476 55 58 2
167536 55 35 0
167651 55 35 2
167655 55 50 0
167799 55 50 2
167819 55 62 0
168936 55 62 2
168964 55 38 0
169248 55 38 2
169320 55 63 0
169714 55 63 2
169754 55 12 0
170056 55 12 2
170080 55 2 0
170205 55 2 2
170229 55 13 0
170498 55 13 2
170594 55 3 0
170743 55 3 2
170783 55 23 0
170948 55 23 2
170964 55 24 0
171121 55 24 2
171229 55 26 0
171544 55 26 2
171552 55 25 0
171691 55 25 2
171719 55 26 0
171841 55 26 2
171921 55 0 0
172065 55 0 2
172073 55 3 0
172298 55 3 2
172342 55 4 0
172457 55 4 2
172553 55 5 0
172658 55 5 2
172698 55 15 0
172974 55 15 2
172982 55 14 0
173340 55 14 2
173352 55 50 0
173830 55 50 2
173858 55 6 0
174013 55 6 2
174033 55 4 0
174206 55 4 2
174214 55 8 0
174507 55 8 2
174511 55 47 0
174949 55 47 2
174957 55 49 0
175116 55 49 2
175132 55 11 0
175251 55 11 2
175287 55 5 0
175426 55 5 2
175450 55 37 0
175719 55 37 2
175783 55 4 0
175968 55 4 2
175972 55 1 0
176112 55 1 2
176140 55 27 0
176263 55 27 2
176271 55 2 0
176393 55 2 2
176405 55 11 0
176522 55 11 2
176530 55 7 0
176666 55 7 2
176686 55 3 0
176801 55 3 2
176909 55 6 0
177045 55 6 2
177065 55 9 0
177444 55 9 2
177616 55 8 0
178153 55 8 2
178165 55 11 0
178279 55 11 2
178299 55 12 0
178418 55 12 2
178442 55 16 0
178886 55 16 2
178894 55 13 0
179022 55 13 2
179070 55 2 0
179192 55 2 2
179228 55 14 0
179396 55 14 2
179400 55 17 0
180100 55 17 2
180108 55 15 0
180460 55 15 2
180480 55 18 0
180801 55 18 2
180825 55 4 0
180966 55 4 2
181006 55 40 0
181144 55 40 2
181148 55 38 0
181148 55 38 0
181190 55 38 2
182371 55 38 2
182379 55 27 0
182558 55 27 2
182578 55 35 0
182716 55 35 2
182772 55 28 0
182976 55 28 2
183044 55 3 0
183183 55 3 2
183187 55 46 0
183450 55 46 2
183470 55 4 0
183608 55 4 2
183640 55 0 0
183829 55 0 2
183833 55 29 0
184100 55 29 2
184244 55 47 0
184452 55 47 2
184524 55 30 0
184740 55 30 2
185092 55 31 0
185420 55 31 2
185424 55 44 0
185563 55 44 2
185571 55 43 0
185722 55 43 2
185854 55 32 0
186010 55 32 2
186082 55 33 0
186224 55 33 2
186272 55 33 0
186566 55 33 2
186574 55 27 0
186728 55 27 2
186832 55 54 0
189642 55 54 2
189654 55 28 0
190205 55 28 2
190221 55 5 0
190390 55 0 0
190487 55 5 2
190495 55 56 0
190880 55 0 0
191022 55 0 0
191171 55 0 0
191241 55 56 2
191257 55 6 0
191314 55 0 0
191466 55 0 0
191598 55 6 2
191639 55 0 0
191698 55 41 0
191787 55 0 0
191838 55 41 2
191886 55 61 0
191991 55 0 0
192049 55 61 2
192053 55 39 0
192186 55 0 0
192311 55 39 2
192323 55 7 0
192337 55 0 0
192531 55 7 2
192585 55 0 0
192591 55 8 0
192729 55 8 2
192741 55 0 0
192761 55 63 0
192887 55 0 0
193035 55 0 0
193206 55 0 0
193357 55 0 0
193380 55 63 2
193488 55 0 0
193511 55 0 0
193633 55 0 2
193654 55 0 0
193661 55 57 0
193815 55 57 2
193818 55 0 0
193883 55 58 0
193975 55 0 0
194039 55 58 2
194123 55 46 0
194178 55 0 0
194339 55 0 0
194378 55 46 2
194390 55 59 0
194501 55 0 0
194644 55 59 2
194650 55 0 0
194676 55 32 0
194801 55 0 0
194822 55 32 2
194830 55 50 0
194971 55 50 2
194993 55 0 0
195047 55 60 0
195152 55 0 0
195340 55 0 0
195345 55 60 2
195353 55 62 0
195529 55 0 0
195580 55 62 2
195584 55 3 0
195675 55 0 0
195724 55 3 2
195736 55 5 0
195827 55 0 0
195874 55 5 2
195902 55 17 0
195981 55 0 0
196066 55 17 2
196086 55 6 0
196125 55 0 0
196235 55 6 2
196268 55 0 0
196327 55 11 0
196409 55 0 0
196549 55 0 0
196677 55 11 2
196685 55 10 0
196694 55 0 0
196807 55 10 2
196827 55 11 0
196841 55 0 0
196977 55 11 2
196985 55 6 0
197151 55 6 2
197187 55 36 0
197212 55 0 0
197382 55 0 0
197478 55 36 2
197530 55 0 0
197538 55 12 0
197672 55 0 0
197675 55 12 2
197683 55 0 0
197811 55 0 0
197823 55 0 2
197947 55 15 0
197947 55 15 0
197962 55 0 0
198005 55 15 2
198086 55 15 2
198165 55 0 0
198206 55 7 0
198317 55 0 0
198347 55 7 2
198363 55 0 0
198590 55 0 0
198654 55 0 2
198739 55 0 0
198802 55 9 0
198889 55 0 0
198941 55 9 2
198973 55 8 0
199032 55 0 0
199111 55 8 2
199139 55 47 0
199175 55 0 0
199322 55 0 0
199352 55 47 2
199460 55 14 0
199475 55 0 0
199607 55 0 2
199618 55 14 2
199821 55 0 0
199890 55 61 0
199969 55 0 0
200121 55 0 0
200122 55 61 2
200194 55 54 0
200265 55 0 0
200336 55 54 2
200368 55 55 0
200407 55 0 0
200452 55 2 2
200536 55 55 2
200764 55 40 0
200902 55 40 2
200930 55 49 0
201060 55 49 2
201072 55 51 0
201212 55 51 2
201232 55 37 0
201338 55 37 2
201342 55 20 0
201448 55 20 2
201464 55 3 0
201814 55 3 2
201906 55 21 0
202012 55 21 2
202020 55 56 0
202167 55 56 2
202187 55 57 0
202325 55 57 2
202413 55 58 0
202542 55 58 2
202622 55 59 0
202752 55 59 2
202776 55 63 0
202936 55 63 2
203020 55 33 0
203158 55 33 2
204195 55 2 0
204196 55 0 0
206197 55 63 1
206242 55 63 1
206369 55 63 1
206369 55 16 2
206479 55 38 2
206484 55 63 2
206529 55 63 2
206599 55 50 2
206665 55 63 2
242121 55 63 1
242289 55 2 2
242403 55 63 2
265461 55 63 1
265639 55 2 2
265753 55 63 2
275065 55 2 0
275066 55 63 1
275238 55 2 2
275351 55 63 2
300425 55 2 0
300426 55 63 1
300588 55 2 2
300701 55 63 2
301825 55 0 0
301969 55 0 0
302597 55 0 0
312231 55 2 0
312232 55 2 2
330729 55 2 0
330730 55 2 2
360951 55 2 0
360952 55 63 1
361118 55 2 2
361231 55 63 2
370795 55 2 0
370796 55 63 1
370958 55 2 2
371071 55 63 2
372852 55 2 0
372853 55 2 2
389279 55 63 1
389448 55 2 2
389561 55 63 2
390245 55 2 0
390246 55 63 1
390409 55 2 2
390523 55 63 2
410229 55 63 1
410398 55 2 2
410511 55 63 2
418179 55 63 1
418180 55 2 0
418348 55 2 2
418461 55 63 2
490127 55 2 2
490294 55 2 2
525541 55 2 0
525542 55 63 1
525712 55 2 2
525826 55 63 2
559105 55 63 1
559271 55 2 2
559384 55 63 2
576302 55 2 0
576303 55 2 2
586498 55 2 0
595207 55 2 0
609762 55 2 0
612363 55 2 0
612459 55 2 0
612460 55 63 1
612632 55 2 2
612746 55 63 2
635879 55 63 1
636042 55 2 2
636156 55 63 2
649749 55 63 1
649911 55 3 2
650016 55 63 2
651794 55 2 0
663199 55 63 1
663362 55 2 2
663476 55 63 2
685373 55 63 1
685542 55 3 2
685649 55 63 2
686539 55 63 1
686702 55 2 2
686816 55 63 2
693577 55 3 0
693722 55 0 0
694209 55 0 0
694680 55 0 0
694781 55 2 0
694822 55 0 0
695026 55 0 0
695439 55 0 0
695732 55 0 0
696047 55 0 0
696364 55 0 0
696713 55 0 0
697116 55 0 0
697528 55 0 0
697937 55 0 0
698348 55 0 0
698655 55 0 0
698967 55 0 0
699294 55 0 0
699633 55 0 0
700047 55 0 0
700450 55 0 0
700858 55 0 0
701275 55 0 0
701580 55 0 0
701894 55 0 0
702217 55 0 0
702563 55 0 0
702966 55 0 0
703373 55 0 0
703784 55 0 0
704197 55 0 0
704556 55 0 0
704864 55 0 0
705182 55 0 0
705532 55 0 0
705936 55 0 0
706350 55 0 0
706753 55 0 0
707171 55 0 0
707533 55 0 0
707846 55 0 0
708167 55 0 0
708515 55 0 0
708917 55 0 0
709325 55 0 0
709733 55 0 0
710154 55 0 0
710515 55 0 0
710824 55 0 0
711143 55 0 0
711494 55 0 0
711569 55 15 0
711569 55 15 0
711627 55 15 2
711635 55 15 2
711723 55 30 0
711837 55 30 2
711849 55 24 0
711897 55 0 0
711989 55 24 2
712089 55 25 0
712219 55 25 2
712227 55 55 0
712236 55 3 0
712236 55 55 2
712306 55 0 0
712342 55 55 2
712406 55 26 0
712528 55 26 2
712592 55 27 0
712706 55 27 2
712717 55 0 0
712738 55 34 0
712876 55 34 2
712888 55 26 0
713026 55 26 2
713122 55 55 0
713131 55 0 0
713260 55 55 2
713268 55 27 0
713406 55 27 2
713454 55 61 0
713501 55 0 0
713815 55 0 0
714134 55 0 0
714478 55 0 0
714886 55 0 0
715292 55 0 0
715362 55 61 2
715366 55 28 0
715405 55 43 2
715566 55 28 2
715586 55 61 0
715700 55 0 0
716117 55 0 0
729168 55 61 2
729200 55 60 0
729346 55 60 2
729362 55 61 0
729468 55 63 2
729508 55 61 2
729528 55 0 0
729814 55 0 2
729850 55 40 0
729988 55 40 2
730040 55 61 0
730669 55 61 2
730677 55 19 0
730722 55 29 2
730791 55 19 2
730795 55 61 0
735130 55 2 0
735131 55 2 2
735235 55 61 2
735880 55 54 2
735883 55 61 0
740115 55 61 2
742210 55 28 2
742215 55 61 0
744356 55 61 2
744721 55 2 0
744722 55 2 2
746153 55 29 2
746156 55 61 0
748970 55 61 2
750315 55 29 2
750326 55 61 0
753629 55 61 2
753810 55 61 2
753821 55 61 0
757900 55 61 2
758922 55 36 2
758932 55 61 0
761860 55 61 2
762507 55 51 2
762508 55 61 0
763188 55 61 2
764996 55 2 0
764997 55 2 2
767044 55 54 2
767052 55 61 0
768301 55 61 2
770875 55 60 2
770881 55 61 0
771216 55 61 2
772537 55 44 2
772548 55 61 0
775508 55 61 2
775561 55 52 2
775628 55 50 2
775711 55 47 2
775778 55 56 2
775878 55 4 2
775993 55 42 2
776084 55 26 2
776191 55 34 2
776290 55 41 2
776396 55 61 0
776396 55 49 2
776774 55 61 2
779528 55 62 2
779534 55 61 0
784372 55 61 2
784684 55 61 0
784684 55 14 2
785052 55 61 2
787869 55 50 2
787872 55 61 0
788177 55 61 2
792314 55 50 2
792317 55 61 0
792967 55 61 2
794311 55 61 0
794311 55 27 2
798611 55 61 2
798949 55 37 2
798959 55 61 0
801083 55 61 2
802488 55 25 2
802499 55 61 0
805895 55 61 2
806399 55 61 0
806399 55 35 2
806655 55 61 2
806708 55 41 2
806807 55 17 2
806930 55 3 2
807053 55 32 2
807168 55 16 2
807299 55 22 2
807391 55 38 2
807466 55 47 2
807533 55 19 2
807643 55 35 2
807734 55 15 2
807834 55 5 2
807944 55 45 2
808014 55 63 2
808074 55 57 2
808165 55 52 2
808234 55 20 2
808334 55 30 2
808419 55 4 2
808534 55 43 2
808624 55 39 2
808704 55 34 2
808804 55 13 2
808904 55 18 2
809025 55 56 2
809125 55 42 2
809216 55 40 2
809325 55 11 2
809445 55 9 2
809606 55 26 2
809607 55 61 0
810518 55 61 2
812731 55 39 2
812738 55 61 0
815760 55 61 2
817851 55 22 2
817860 55 61 0
818820 55 61 2
819789 55 11 2
819792 55 61 0
823616 55 61 2
824425 55 19 2
824432 55 61 0
824748 55 61 2
825928 55 38 2
825936 55 61 0
827422 55 61 2
827588 55 38 2
827590 55 61 0
829104 55 61 2
829736 55 43 2
829740 55 61 0
832730 55 61 2
834074 55 61 0
834074 55 42 2
834480 55 61 2
836072 55 33 2
836076 55 61 0
838894 55 61 2
839659 55 56 2
839662 55 61 0
842064 55 61 2
842114 55 4 2
842124 55 61 0
844463 55 61 2
845017 55 43 2
845027 55 61 0
846249 55 61 2
846932 55 43 2
846933 55 61 0
847135 55 2 2
848529 55 61 2
848582 55 52 2
848651 55 45 2
848718 55 13 2
848817 55 57 2
848908 55 3 2
849031 55 17 2
849155 55 41 2
849255 55 32 2
849372 55 47 2
849442 55 5 2
849553 55 34 2
849657 55 61 0
849657 55 40 2
854009 55 61 2
854025 55 61 0
854481 55 61 2
854517 55 29 0
854534 55 47 2
854655 55 29 2
854671 55 61 0
855155 55 61 2
855209 55 45 2
855219 55 61 0
856959 55 61 2
856995 55 32 0
857012 55 5 2
857133 55 32 2
857217 55 28 0
857331 55 28 2
857383 55 2 0
857504 55 2 2
857516 55 29 0
857630 55 29 2
857662 55 4 0
857776 55 4 2
857784 55 35 0
857898 55 35 2
862470 55 1 0
862470 55 2 0
862470 55 4 0
862470 55 6 0
862470 55 7 0
862470 55 8 0
862470 55 9 0
862470 55 10 0
862470 55 11 0
862470 55 12 0
862470 55 13 0
862470 55 14 0
862470 55 15 0
862470 55 16 0
862470 55 17 0
862470 55 18 0
862470 55 5 2
862477 55 19 0
862478 55 20 0
862479 55 21 0
862480 55 22 0
862481 55 23 0
862482 55 24 0
862483 55 25 0
862484 55 26 0
862485 55 27 0
862486 55 28 0
862487 55 29 0
862488 55 30 0
862489 55 31 0
862490 55 32 0
862491 55 33 0
862492 55 34 0
862493 55 35 0
862494 55 36 0
862495 55 37 0
862496 55 38 0
862497 55 39 0
862498 55 40 0
862499 55 41 0
862500 55 42 0
862501 55 43 0
862502 55 44 0
862503 55 45 0
862504 55 46 0
862505 55 47 0
862506 55 48 0
862507 55 49 0
862508 55 50 0
862509 55 51 0
862510 55 52 0
862511 55 53 0
862512 55 54 0
862513 55 55 0
862514 55 56 0
862515 55 57 0
862516 55 58 0
862517 55 59 0
862518 55 60 0
862519 55 61 0
862520 55 62 0
862521 55 63 0
862522 55 0 0
862522 55 5 2
871654 55 3 2
878931 55 63 1
879097 55 3 2
879202 55 63 2
889376 55 3 0
889377 55 2 0
900327 55 63 1
900497 55 3 2
900602 55 63 2
900626 55 3 0
900627 55 63 1
900797 55 3 2
900902 55 63 2
910289 55 2 0
910290 55 2 2
923236 55 5 0
946646 55 2 0
946647 55 55 0
946647 55 2 2
946656 55 2 2
951970 55 2 0
952322 55 0 0
953045 55 0 0
953413 55 0 0
953781 55 0 0
954149 55 0 0
954521 55 0 0
954873 55 0 0
955224 55 0 0
955593 55 0 0
955961 55 0 0
956329 55 0 0
956697 55 0 0
957065 55 0 0
957437 55 0 0
957790 55 0 0
958141 55 0 0
958509 55 0 0
958877 55 0 0
959244 55 0 0
959613 55 0 0
959981 55 0 0
960353 55 0 0
960705 55 0 0
961057 55 0 0
961425 55 0 0
961793 55 0 0
962161 55 0 0
962529 55 0 0
962897 55 0 0
963269 55 0 0
963621 55 0 0
963973 55 0 0
964341 55 0 0
964709 55 0 0
965077 55 0 0
965446 55 0 0
965813 55 0 0
966185 55 0 0
966537 55 0 0
966889 55 0 0
967257 55 0 0
967625 55 0 0
967993 55 0 0
968361 55 0 0
968729 55 0 0
969101 55 0 0
969454 55 0 0
969805 55 0 0
970174 55 0 0
970542 55 0 0
970910 55 0 0
971245 55 55 0
971254 55 2 0
971254 55 55 2
971280 55 0 0
971368 55 55 2
971636 55 55 0
971645 55 0 0
971774 55 55 2
971830 55 23 0
972025 55 0 0
972377 55 0 0
972729 55 0 0
973097 55 0 0
973465 55 0 0
973834 55 0 0
974201 55 0 0
974570 55 0 0
984684 55 23 2
984740 55 56 0
984886 55 56 2
984950 55 57 0
984953 55 46 2
985096 55 57 2
985156 55 23 0
985822 55 23 2
985874 55 39 2
985882 55 23 0
996436 55 23 2
997787 55 59 2
997792 55 23 0
1003396 55 23 2
1007009 55 3 2
1012185 55 0 0
1014472 55 23 0
1014472 55 3 2
1014920 55 23 2
1134484 55 63 1
1134620 55 63 1
1134649 55 6 2
1134731 55 63 2
1134789 55 4 2
1134887 55 63 2
1135032 55 63 1
1135209 55 5 2
1135224 55 63 1
1135298 55 63 2
1135333 55 63 1
1135389 55 8 2
1135420 55 63 1
1135499 55 1 2
1135511 55 63 2
1135609 55 11 2
1135621 55 63 2
1135707 55 63 2
1152326 55 2 0
1152327 55 63 1
1152499 55 2 2
1152613 55 63 2
1155782 55 63 1
1155949 55 0 2
1156079 55 63 2
1235882 55 0 2
1236847 55 6 2
1236979 55 5 2
1237128 55 1 2
1237256 55 11 2
1237356 55 4 2
1237558 55 8 2
1328445 55 63 1
1328608 55 11 2
1328705 55 63 2
1333068 55 11 0
1333224 55 11 0
1333644 55 11 0
1334132 55 11 0
1335593 55 11 0
1337090 55 11 0
1342568 55 2 0
1342569 55 11 0
1346073 55 2 0
1346074 55 0 0
