0 35 51 0
950 35 51 2
954 35 22 0
1054 35 22 2
1066 35 1 0
1505 35 1 2
1525 35 24 0
1718 35 24 2
2600 35 63 1
2813 35 2 2
2878 35 63 2
8620 35 63 1
8719 35 63 1
8832 35 2 2
8897 35 63 2
8932 35 0 2
9013 35 63 2
12551 35 63 1
12762 35 0 2
12843 35 63 2
47235 35 63 1
47452 35 2 2
47517 35 63 2
47805 35 63 1
48022 35 2 2
48087 35 63 2
48779 35 63 1
48992 35 2 2
49057 35 63 2
80507 35 63 1
80722 35 2 2
80787 35 63 2
95554 35 2 0
95555 35 63 1
95772 35 2 2
95837 35 63 2
110035 35 63 1
110253 35 2 2
110319 35 63 2
119323 35 63 1
119542 35 0 2
119623 35 63 2
126813 35 63 1
127033 35 0 2
127115 35 63 2
133395 35 63 1
133613 35 2 2
133679 35 63 2
140147 35 63 1
140382 35 0 2
140463 35 63 2
141223 35 63 1
141442 35 0 2
141523 35 63 2
143560 35 4 0
145537 35 4 2
145589 35 44 0
146376 35 63 1
146593 35 4 2
146659 35 63 2
146667 35 4 0
146765 35 4 0
146847 35 4 0
146926 35 4 0
147005 35 4 0
147010 35 44 2
147022 35 5 0
147097 35 4 0
147103 35 5 2
147115 35 45 0
147181 35 4 0
147265 35 4 0
147347 35 4 0
147444 35 4 0
147534 35 4 0
147552 35 45 2
147620 35 24 0
147623 35 4 0
147720 35 4 0
147805 35 4 0
147811 35 24 2
147843 35 25 0
147911 35 4 0
147945 35 25 2
147953 35 26 0
148013 35 4 0
148054 35 26 2
148094 35 27 0
148096 35 4 0
148196 35 4 0
148202 35 27 2
148222 35 33 0
148294 35 4 0
148408 35 4 0
148513 35 4 0
148640 35 4 0
148756 35 4 0
148855 35 4 0
148949 35 4 0
149065 35 4 0
149180 35 4 0
149293 35 4 0
149400 35 4 0
149514 35 4 0
149599 35 4 0
149707 35 4 0
149801 35 4 0
149909 35 4 0
150002 35 4 0
150116 35 4 0
150185 35 33 2
150205 35 35 0
150224 35 4 0
150288 35 35 2
150296 35 41 0
150337 35 4 0
150452 35 4 0
150591 35 4 0
150720 35 4 0
150841 35 4 0
150967 35 4 0
150970 35 41 2
150986 35 42 0
151031 35 63 1
151088 35 4 0
151104 35 63 1
151164 35 63 1
151214 35 4 0
151252 35 4 2
151304 35 4 0
151317 35 63 2
151331 35 63 1
151363 35 42 2
151364 35 13 2
151395 35 1 0
151416 35 4 0
151425 35 63 1
151429 35 63 2
151472 35 3 2
151493 35 63 1
151514 35 4 0
151529 35 63 2
151545 35 1 2
151569 35 63 1
151581 35 36 0
151583 35 26 2
151620 35 4 0
151624 35 63 2
151636 35 63 1
151692 35 29 2
151706 35 36 2
151718 35 43 0
151719 35 63 1
151734 35 4 0
151741 35 63 2
151778 35 63 1
151802 35 20 2
151851 35 63 2
151856 35 4 0
151912 35 22 2
151960 35 4 0
151975 35 63 1
151977 35 63 2
152022 35 21 2
152079 35 63 2
152083 35 4 0
152132 35 6 2
152167 35 63 1
152199 35 4 0
152213 35 63 2
152242 35 11 2
152243 35 63 1
152275 35 4 0
152290 35 63 2
152352 35 1 2
152366 35 4 0
152425 35 63 2
152426 35 63 1
152430 35 43 2
152446 35 17 0
152462 35 5 2
152483 35 4 0
152495 35 63 1
152535 35 63 2
152572 35 19 2
152578 35 17 2
152598 35 4 0
152613 35 63 2
152670 35 27 0
152682 35 7 2
152719 35 4 0
152771 35 63 2
152776 35 63 1
152792 35 18 2
152809 35 4 0
152841 35 27 2
152842 35 63 2
152845 35 37 0
152921 35 63 1
152932 35 4 0
152938 35 37 2
152950 35 17 0
153003 35 9 2
153020 35 63 1
153048 35 4 0
153068 35 63 2
153102 35 17 2
153104 35 63 1
153110 35 15 0
153144 35 39 2
153169 35 4 0
153195 35 63 1
153200 35 63 2
153252 35 15 2
153332 35 63 2
153341 35 15 2
153345 35 63 1
153362 35 25 2
153381 35 16 0
153411 35 63 2
153492 35 30 2
153503 35 63 1
153544 35 16 2
153549 35 63 2
153584 35 18 0
153602 35 17 2
153612 35 63 1
153659 35 63 2
153677 35 18 2
153701 35 61 0
153704 35 63 1
153722 35 47 2
153784 35 63 1
153787 35 63 2
153832 35 46 2
153873 35 63 1
153889 35 63 2
153942 35 44 2
153958 35 63 1
153983 35 63 2
154053 35 12 2
154110 35 63 2
154162 35 60 2
154199 35 63 1
154219 35 63 2
154272 35 10 2
154296 35 63 1
154329 35 63 2
154364 35 61 2
154376 35 54 0
154397 35 63 1
154412 35 61 2
154477 35 63 2
154493 35 63 1
154522 35 52 2
154564 35 54 2
154571 35 63 2
154584 35 11 0
154585 35 63 1
154652 35 32 2
154674 35 11 2
154682 35 19 0
154683 35 63 1
154700 35 63 2
154755 35 19 2
154759 35 35 0
154768 35 63 1
154782 35 14 2
154856 35 63 2
154892 35 49 2
154949 35 63 2
155000 35 63 1
155002 35 16 2
155067 35 63 2
155084 35 63 1
155112 35 35 2
155127 35 35 2
155136 35 63 2
155143 35 53 0
155170 35 2 0
155171 35 63 1
155222 35 57 2
155287 35 63 2
155314 35 53 2
155327 35 63 1
155332 35 43 2
155354 35 33 0
155365 35 63 2
155434 35 63 1
155442 35 2 2
155464 35 33 2
155476 35 36 0
155507 35 63 2
155518 35 63 1
155552 35 59 2
155583 35 36 2
155601 35 63 2
155603 35 40 0
155663 35 31 2
155673 35 63 1
155728 35 63 2
155773 35 38 2
155776 35 63 1
155822 35 63 2
155871 35 40 2
155883 35 63 1
155892 35 58 2
155895 35 37 0
155948 35 63 2
155970 35 63 1
155992 35 63 1
155999 35 37 2
156003 35 53 2
156060 35 63 2
156070 35 63 1
156103 35 38 0
156112 35 50 2
156161 35 63 2
156182 35 10 2
156222 35 24 2
156239 35 63 2
156280 35 63 2
156282 35 38 2
156286 35 60 0
156314 35 63 1
156332 35 28 2
156373 35 63 2
156410 35 63 1
156532 35 48 2
156563 35 63 1
156597 35 63 2
156642 35 60 2
156643 35 33 2
156666 35 8 0
156671 35 63 1
156684 35 63 2
156782 35 34 2
156815 35 63 2
156862 35 63 1
156892 35 37 2
156918 35 8 2
156926 35 29 0
156932 35 63 2
157012 35 63 1
157040 35 63 1
157082 35 62 2
157112 35 63 1
157155 35 63 2
157191 35 63 1
157192 35 29 2
157232 35 0 0
157232 35 40 2
157289 35 63 2
157302 35 63 1
157342 35 20 2
157367 35 0 2
157379 35 38 0
157391 35 63 2
157425 35 63 1
157452 35 45 2
157501 35 63 2
157561 35 38 2
157562 35 27 2
157577 35 39 0
157595 35 63 2
157632 35 63 1
157722 35 23 2
157771 35 63 1
157795 35 63 2
157832 35 42 2
157835 35 39 2
157839 35 39 0
157873 35 63 2
157876 35 63 1
157942 35 56 2
157954 35 63 1
158015 35 63 2
158062 35 63 2
158101 35 63 1
158143 35 63 2
158172 35 8 2
158185 35 63 1
158245 35 63 2
158294 35 63 1
158312 35 51 2
158353 35 63 2
158363 35 63 1
158395 35 63 1
158423 35 55 2
158496 35 63 2
158532 35 36 2
158566 35 63 2
158570 35 39 2
158622 35 9 2
158626 35 36 0
158672 35 54 2
158687 35 63 2
158736 35 63 2
158747 35 36 2
158779 35 38 0
158782 35 41 2
158831 35 63 2
158898 35 38 2
158914 35 51 0
159034 35 51 2
159090 35 33 0
159366 35 33 2
159374 35 52 0
159806 35 52 2
159842 35 41 0
160134 35 41 2
160154 35 53 0
160223 35 63 1
160251 35 63 1
160442 35 38 2
160491 35 63 2
160562 35 4 2
160625 35 53 2
160630 35 63 2
160631 35 4 0
160649 35 54 0
160708 35 4 0
160782 35 4 0
160796 35 54 2
160812 35 11 0
160866 35 4 0
160966 35 4 0
161060 35 4 0
161122 35 11 2
161134 35 56 0
161157 35 4 0
161274 35 4 0
161394 35 4 0
161517 35 4 0
161650 35 4 0
161769 35 4 0
161817 35 56 2
161821 35 12 0
161882 35 4 0
162017 35 63 1
162027 35 4 0
162090 35 12 2
162098 35 57 0
162143 35 4 0
162232 35 27 2
162247 35 4 0
162266 35 63 2
162343 35 57 2
162347 35 2 0
162370 35 4 0
162505 35 4 0
162610 35 4 0
162733 35 4 0
162734 35 63 1
162757 35 63 1
162775 35 2 2
162827 35 37 0
162855 35 4 0
162930 35 37 2
162946 35 40 0
162952 35 56 2
162959 35 4 0
163012 35 63 2
163026 35 63 2
163072 35 4 0
163093 35 63 2
163125 35 40 2
163181 35 58 0
163203 35 4 0
163318 35 4 0
163422 35 4 0
163426 35 63 1
163549 35 4 0
163643 35 45 2
163672 35 4 0
163692 35 63 2
163795 35 4 0
163843 35 58 2
163903 35 35 0
163912 35 4 0
163982 35 35 2
163986 35 50 0
164031 35 4 0
164161 35 4 0
164280 35 4 0
164315 35 50 2
164335 35 62 0
164388 35 4 0
164525 35 4 0
164663 35 4 0
164772 35 4 0
164881 35 4 0
164887 35 62 2
164915 35 38 0
164990 35 4 0
165133 35 4 0
165197 35 38 2
165246 35 4 0
165269 35 63 0
165343 35 4 0
165477 35 4 0
165615 35 4 0
165738 35 4 0
165862 35 4 0
165976 35 4 0
166115 35 4 0
166242 35 4 0
166372 35 4 0
166440 35 63 2
166480 35 12 0
166516 35 4 0
166659 35 4 0
166787 35 4 0
166882 35 12 2
166906 35 2 0
166915 35 4 0
167028 35 2 2
167035 35 4 0
167052 35 13 0
167120 35 4 0
167254 35 4 0
167360 35 13 2
167415 35 4 0
167456 35 3 0
167530 35 3 2
167569 35 4 0
167570 35 23 0
167687 35 4 0
167732 35 23 2
167748 35 24 0
167802 35 4 0
167880 35 24 2
167928 35 4 0
167954 35 0 0
167988 35 6 0
168082 35 4 0
168363 35 6 2
168371 35 25 0
168482 35 25 2
168510 35 26 0
168641 35 26 2
168721 35 0 0
168841 35 0 2
168849 35 3 0
168937 35 3 2
168981 35 4 0
169055 35 4 2
169151 35 5 0
169288 35 5 2
169328 35 15 0
170113 35 15 2
170121 35 14 0
170530 35 14 2
170542 35 50 0
170772 35 50 2
170800 35 6 0
170916 35 6 2
170936 35 4 0
171064 35 4 2
171072 35 8 0
171456 35 8 2
171460 35 47 0
172451 35 47 2
172459 35 49 0
173392 35 49 2
173408 35 11 0
173484 35 11 2
173520 35 5 0
173654 35 5 2
173678 35 37 0
173932 35 37 2
173996 35 4 0
174119 35 4 2
174123 35 1 0
174295 35 1 2
174323 35 27 0
174416 35 27 2
174424 35 2 0
174669 35 2 2
174681 35 11 0
174775 35 11 2
174783 35 7 0
174896 35 7 2
174916 35 3 0
175022 35 3 2
175130 35 6 0
175264 35 6 2
175284 35 9 0
175732 35 0 0
175834 35 0 0
175924 35 9 2
175953 35 0 0
176060 35 0 0
176096 35 8 0
176174 35 0 0
176299 35 0 0
176411 35 0 0
176504 35 0 0
176620 35 0 0
176729 35 0 0
176852 35 0 0
177000 35 0 0
177151 35 0 0
177267 35 0 0
177269 35 8 2
177281 35 11 0
177355 35 11 2
177374 35 0 0
177375 35 12 0
177448 35 12 2
177472 35 16 0
177494 35 0 0
177620 35 0 0
177728 35 0 0
177832 35 0 0
177972 35 16 2
177980 35 13 0
177995 35 0 0
178062 35 13 2
178110 35 2 0
178122 35 0 0
178196 35 2 2
178232 35 14 0
178245 35 0 0
178367 35 0 0
178371 35 14 2
178375 35 17 0
178466 35 0 0
178568 35 2 0
178569 35 0 0
178766 35 0 0
178898 35 0 0
179022 35 0 0
179086 35 17 2
179094 35 15 0
179138 35 0 0
179237 35 0 0
179359 35 0 0
179508 35 0 0
179546 35 15 2
179566 35 18 0
179644 35 0 0
179770 35 0 0
179839 35 18 2
179863 35 4 0
179889 35 0 0
179990 35 0 0
180033 35 4 2
180073 35 40 0
180126 35 0 0
180190 35 40 2
180194 35 38 0
180194 35 38 0
180236 35 38 2
180295 35 0 0
180359 35 38 2
180367 35 27 0
180421 35 0 0
180456 35 27 2
180476 35 35 0
180515 35 0 0
180607 35 35 2
180663 35 28 0
180691 35 0 0
180791 35 28 2
180820 35 0 0
180859 35 3 0
180938 35 0 0
180969 35 3 2
180973 35 46 0
181069 35 0 0
181193 35 0 0
181318 35 46 2
181329 35 0 0
181338 35 4 0
181450 35 4 2
181482 35 0 0
181509 35 0 0
181579 35 0 2
181583 35 29 0
181688 35 0 0
181789 35 29 2
181852 35 0 0
181933 35 47 0
181958 35 0 0
182080 35 0 0
182179 35 0 0
182288 35 47 2
182321 35 0 0
182360 35 30 0
182441 35 0 0
182611 35 0 0
182750 35 0 0
182816 35 63 1
183016 35 0 0
183032 35 6 2
183113 35 63 2
183174 35 0 0
183290 35 0 0
183414 35 0 0
183445 35 30 2
183509 35 0 0
183703 35 0 0
183797 35 31 0
183931 35 31 2
183935 35 44 0
184118 35 44 2
184126 35 43 0
184295 35 43 2
184427 35 32 0
184545 35 32 2
184617 35 33 0
184746 35 33 2
184794 35 33 0
184926 35 33 2
184934 35 27 0
185025 35 27 2
185129 35 54 0
185813 35 63 1
185946 35 54 2
185958 35 28 0
186032 35 60 2
186055 35 28 2
186071 35 42 0
186091 35 63 2
186302 35 42 2
186310 35 56 0
186513 35 56 2
186529 35 43 0
186767 35 43 2
186867 35 41 0
187121 35 41 2
187169 35 61 0
187731 35 61 2
187735 35 39 0
187868 35 39 2
187880 35 7 0
188057 35 7 2
188117 35 8 0
188208 35 8 2
188240 35 63 0
188455 35 63 2
188563 35 0 0
188659 35 0 2
188687 35 57 0
188815 35 57 2
188872 35 63 1
188883 35 58 0
189017 35 58 2
189082 35 42 2
189101 35 46 0
189123 35 63 2
189373 35 46 2
189385 35 59 0
189548 35 63 1
189762 35 24 2
189820 35 63 2
190117 35 59 2
190149 35 32 0
190255 35 32 2
190263 35 50 0
190713 35 50 2
190789 35 60 0
190923 35 60 2
190931 35 62 0
192226 35 62 2
192230 35 3 0
192343 35 3 2
192355 35 5 0
192463 35 5 2
192491 35 17 0
192591 35 17 2
192611 35 6 0
192748 35 6 2
192840 35 11 0
193131 35 11 2
193139 35 10 0
193212 35 10 2
193232 35 11 0
193344 35 11 2
193352 35 6 0
193585 35 6 2
193621 35 36 0
193885 35 36 2
193945 35 12 0
194102 35 12 2
194110 35 0 0
194221 35 0 2
194345 35 15 0
194345 35 15 0
194419 35 15 2
194467 35 15 2
194587 35 7 0
194709 35 7 2
194725 35 0 0
194960 35 0 2
195108 35 9 0
195198 35 9 2
195230 35 8 0
195324 35 8 2
195352 35 47 0
195598 35 47 2
195706 35 14 0
195832 35 14 2
196104 35 61 0
196310 35 61 2
196382 35 54 0
196606 35 54 2
196638 35 55 0
196799 35 55 2
197027 35 40 0
197126 35 40 2
197154 35 49 0
197252 35 49 2
197264 35 51 0
197369 35 51 2
197389 35 37 0
197471 35 37 2
197475 35 20 0
197549 35 20 2
197565 35 3 0
197900 35 3 2
197992 35 21 0
198123 35 21 2
198131 35 56 0
198247 35 56 2
198267 35 57 0
198372 35 57 2
198460 35 58 0
198558 35 58 2
198638 35 59 0
198755 35 59 2
198779 35 63 0
199188 35 63 2
199272 35 33 0
199369 35 33 2
199595 35 0 2
200408 35 2 2
204173 35 63 1
204392 35 0 2
204473 35 63 2
219227 35 2 0
219228 35 63 1
219442 35 2 2
219507 35 63 2
234485 35 2 0
234486 35 63 1
234703 35 2 2
234769 35 63 2
245201 35 63 1
245413 35 16 2
245479 35 63 2
245513 35 63 1
245733 35 38 2
245783 35 63 2
246095 35 63 1
246313 35 50 2
246363 35 63 2
257805 35 63 1
258023 35 2 2
258089 35 63 2
277681 35 63 1
277892 35 2 2
277957 35 63 2
285041 35 2 0
285042 35 63 1
285252 35 2 2
285317 35 63 2
289125 35 63 1
289342 35 2 2
289407 35 63 2
319511 35 63 1
319722 35 2 2
319787 35 63 2
321617 35 2 0
321618 35 2 2
321913 35 2 0
321914 35 2 2
346567 35 63 1
346782 35 2 2
346847 35 63 2
375651 35 63 1
375862 35 2 2
375927 35 63 2
420555 35 2 0
420556 35 63 1
420772 35 2 2
420837 35 63 2
464063 35 2 2
464214 35 2 2
512338 35 2 0
512339 35 63 1
512555 35 2 2
512620 35 63 2
542542 35 63 1
542543 35 2 0
542755 35 2 2
542820 35 63 2
568986 35 63 1
569205 35 3 2
569262 35 63 2
572797 35 2 0
572798 35 2 2
573813 35 2 0
573814 35 2 2
594051 35 3 2
600512 35 2 0
604853 35 2 0
604854 35 63 1
605066 35 2 2
605132 35 63 2
605215 35 63 1
605425 35 3 2
605482 35 63 2
616604 35 3 0
616605 35 63 1
616815 35 3 2
616872 35 63 2
628183 35 2 0
628184 35 63 1
628396 35 2 2
628462 35 63 2
633471 35 3 0
633472 35 63 1
633685 35 3 2
633742 35 63 2
634881 35 3 2
641308 35 2 0
641309 35 2 2
655573 35 2 0
655574 35 63 1
655786 35 2 2
655852 35 63 2
672795 35 3 0
672796 35 63 1
673016 35 3 2
673074 35 63 2
678913 35 63 1
678914 35 2 0
679126 35 2 2
679192 35 63 2
691212 35 2 0
691213 35 63 1
691425 35 2 2
691490 35 63 2
692725 35 2 0
692726 35 4 0
697473 35 3 0
697851 35 3 0
699536 35 63 1
699755 35 15 2
699836 35 63 2
699872 35 2 0
700015 35 2 0
700198 35 3 0
700777 35 2 0
701385 35 2 0
701828 35 3 0
701922 35 2 0
702827 35 2 0
703801 35 2 0
703918 35 3 0
704289 35 15 0
704289 35 15 0
704363 35 15 2
704371 35 15 2
704459 35 30 0
704549 35 30 2
704561 35 24 0
704651 35 24 2
704751 35 25 0
704833 35 25 2
704841 35 35 0
704850 35 3 0
704850 35 35 2
704910 35 35 2
704974 35 26 0
705048 35 26 2
705112 35 27 0
705178 35 27 2
705210 35 34 0
705301 35 34 2
705313 35 26 0
705403 35 26 2
705499 35 55 0
705637 35 55 2
705645 35 27 0
705735 35 27 2
705783 35 61 0
706712 35 63 1
706925 35 33 2
706966 35 63 2
707489 35 61 2
707493 35 28 0
707555 35 23 2
707590 35 28 2
707610 35 61 0
707700 35 3 0
708779 35 2 0
709239 35 3 0
711517 35 3 0
712420 35 61 2
712452 35 60 0
712574 35 60 2
712590 35 61 0
712720 35 61 2
712740 35 37 0
712894 35 25 2
712990 35 37 2
713026 35 37 0
713116 35 37 2
713168 35 61 0
720445 35 2 0
720446 35 3 0
720951 35 63 1
721066 35 61 2
721074 35 19 0
721126 35 41 2
721148 35 19 2
721152 35 61 0
721165 35 51 2
721206 35 63 2
722436 35 61 2
722495 35 45 2
722496 35 61 0
726100 35 61 2
726774 35 62 2
726784 35 61 0
727306 35 61 2
727643 35 50 2
727654 35 61 0
729664 35 61 2
729723 35 20 2
729814 35 14 2
729921 35 32 2
730020 35 39 2
730111 35 51 2
730186 35 29 2
730269 35 15 2
730384 35 19 2
730475 35 9 2
730594 35 55 2
730600 35 61 0
734424 35 61 2
734483 35 37 2
734558 35 19 2
734649 35 17 2
734756 35 38 2
734839 35 30 2
734930 35 43 2
735005 35 63 2
735009 35 3 0
735096 35 13 2
735195 35 55 2
735286 35 25 2
735385 35 45 2
735461 35 42 2
735544 35 49 2
735635 35 36 2
735712 35 53 2
735787 35 18 2
735893 35 54 2
735900 35 61 0
739440 35 2 2
740792 35 3 0
741693 35 61 2
742198 35 28 2
742209 35 61 0
744257 35 61 2
746172 35 29 2
746177 35 61 0
748820 35 3 0
751061 35 3 0
752901 35 61 2
753800 35 61 2
753801 35 61 0
754333 35 61 2
755325 35 36 2
755329 35 61 0
759363 35 61 2
759366 35 3 0
759652 35 3 0
762502 35 51 2
762507 35 61 0
765440 35 61 2
767035 35 54 2
767036 35 61 0
767338 35 3 0
768862 35 61 2
770580 35 3 0
770869 35 60 2
770878 35 61 0
774872 35 3 0
774984 35 61 2
775210 35 1 2
775212 35 61 0
775937 35 3 0
777624 35 3 0
777831 35 3 0
779157 35 61 2
779523 35 62 2
779529 35 61 0
781893 35 61 2
784687 35 14 2
784689 35 61 0
785340 35 3 0
785506 35 3 0
785693 35 61 2
787867 35 50 2
787877 35 61 0
789584 35 61 2
792308 35 61 0
792308 35 50 2
793143 35 3 0
795036 35 3 0
795160 35 61 2
797198 35 31 2
797200 35 61 0
798072 35 3 0
799586 35 61 2
799995 35 30 2
800006 35 61 0
800264 35 61 2
800323 35 52 2
800398 35 43 2
800475 35 48 2
800480 35 61 0
801367 35 3 0
803257 35 3 0
803682 35 61 2
803741 35 42 2
803825 35 32 2
803925 35 11 2
804026 35 40 2
804127 35 33 2
804218 35 34 2
804301 35 9 2
804424 35 46 2
804426 35 61 0
804568 35 61 2
804620 35 29 0
804627 35 46 2
804726 35 29 2
804742 35 61 0
805430 35 3 0
805828 35 3 0
806369 35 3 0
806449 35 61 2
806508 35 26 2
806513 35 61 0
807683 35 61 2
807719 35 32 0
807809 35 32 2
807893 35 28 0
807967 35 28 2
808019 35 2 0
808093 35 2 2
808105 35 29 0
808187 35 29 2
808219 35 4 0
808293 35 4 2
808301 35 35 0
808310 35 3 0
808367 35 35 2
809065 35 3 0
809590 35 26 2
810340 35 3 0
816108 35 3 0
817642 35 3 0
818094 35 2 2
818677 35 3 0
820485 35 3 0
824278 35 3 0
825139 35 3 0
828400 35 3 0
836395 35 3 0
836875 35 3 0
838281 35 3 0
840985 35 3 0
842820 35 3 0
844778 35 3 0
845653 35 3 0
847678 35 3 0
848965 35 3 0
850536 35 3 0
851961 35 3 0
853195 35 3 0
853676 35 3 0
854531 35 3 0
857314 35 3 0
857817 35 3 0
858760 35 3 0
859635 35 3 0
860341 35 3 0
861361 35 3 0
862125 35 3 0
862526 35 5 2
866096 35 3 0
869862 35 2 0
869863 35 63 1
870081 35 2 2
870146 35 63 2
870969 35 63 1
871181 35 3 2
871238 35 63 2
884478 35 63 1
884691 35 3 2
884748 35 63 2
890361 35 3 0
890362 35 2 0
905282 35 2 0
905283 35 3 0
905663 35 2 0
905664 35 2 2
920650 35 2 0
920651 35 3 0
938074 35 35 0
938074 35 2 2
938075 35 2 0
938083 35 2 2
963965 35 35 0
963974 35 2 0
963974 35 35 2
964040 35 35 2
964308 35 55 0
964446 35 55 2
964502 35 23 0
966634 35 23 2
966690 35 56 0
966844 35 56 2
966908 35 57 0
967042 35 57 2
967102 35 23 0
967575 35 32 2
970227 35 23 2
970294 35 42 2
970299 35 23 0
975105 35 23 2
975305 35 41 2
975309 35 23 0
980857 35 23 2
982015 35 45 2
982021 35 23 0
989365 35 23 2
991269 35 62 2
991273 35 23 0
992295 35 23 2
994285 35 60 2
994287 35 23 0
996269 35 23 2
997771 35 59 2
997781 35 23 0
998539 35 23 2
1011043 35 63 1
1011259 35 3 2
1011317 35 63 2
1014460 35 3 2
1014463 35 23 0
1015215 35 23 2
1121151 35 2 0
1121152 35 2 2
1123954 35 2 0
1123955 35 4 0
1124141 35 63 1
1124352 35 6 2
1124433 35 63 2
1124440 35 6 0
1124571 35 6 0
1124693 35 6 0
1124788 35 6 0
1124926 35 6 0
1125043 35 6 0
1137226 35 63 1
1137443 35 0 2
1137525 35 63 2
1144326 35 2 0
1144327 35 63 1
1144542 35 2 2
1144607 35 63 2
1173044 35 63 1
1173178 35 63 1
1173263 35 6 2
1173345 35 63 2
1173366 35 63 1
1173393 35 4 2
1173459 35 63 2
1173583 35 5 2
1173657 35 63 2
1173658 35 63 1
1173838 35 63 1
1173873 35 8 2
1173932 35 63 1
1173947 35 63 2
1174053 35 1 2
1174127 35 63 2
1174163 35 11 2
1174213 35 63 2
1190780 35 2 0
1190781 35 63 1
1190993 35 2 2
1191059 35 63 2
1229614 35 63 1
1229686 35 63 1
1229786 35 63 1
1229834 35 6 2
1229916 35 63 2
1229944 35 4 2
1230010 35 63 2
1230054 35 5 2
1230128 35 63 2
1230141 35 63 1
1230282 35 63 1
1230354 35 8 2
1230378 35 63 1
1230428 35 63 2
1230494 35 1 2
1230568 35 63 2
1230604 35 11 2
1230654 35 63 2
1231343 35 6 0
1231344 35 63 1
1231443 35 4 0
1231559 35 5 0
1231563 35 6 2
1231643 35 63 2
1231644 35 6 0
1231674 35 0 0
1231735 35 6 0
1231760 35 8 0
1231847 35 11 0
1231850 35 6 0
1231941 35 6 0
1231956 35 1 0
1232057 35 6 0
1232168 35 6 0
1248168 35 2 0
1248169 35 6 0
