0 19 51 0
1920 19 51 2
1924 19 22 0
2983 19 22 2
2995 19 1 0
3738 19 1 2
3758 19 24 0
3848 19 24 2
6288 19 63 1
6530 19 0 2
6595 19 63 2
104267 19 63 1
104501 19 2 2
104551 19 63 2
114969 19 63 1
115200 19 0 2
115265 19 63 2
118557 19 63 1
118790 19 0 2
118855 19 63 2
121779 19 63 1
122010 19 0 2
122075 19 63 2
127627 19 63 1
127861 19 2 2
127911 19 63 2
143560 19 4 0
144255 19 4 2
144307 19 44 0
145018 19 44 2
145030 19 5 0
145096 19 5 2
145108 19 45 0
145568 19 45 2
145636 19 24 0
145815 19 24 2
145847 19 25 0
146019 19 25 2
146027 19 26 0
146161 19 26 2
146201 19 27 0
146367 19 27 2
146387 19 33 0
146728 19 33 2
146748 19 35 0
146823 19 35 2
146831 19 41 0
147186 19 41 2
147202 19 42 0
147472 19 42 2
147504 19 1 0
147577 19 1 2
147613 19 36 0
148078 19 36 2
148090 19 43 0
148428 19 43 2
148444 19 17 0
148510 19 17 2
148602 19 27 0
148768 19 27 2
148772 19 37 0
149772 19 37 2
149784 19 17 0
150235 19 17 2
150243 19 15 0
150635 19 15 2
150675 19 16 0
150738 19 63 1
150826 19 16 2
150866 19 18 0
150962 19 18 2
150970 19 4 2
150986 19 61 0
151025 19 63 2
151027 19 4 0
151095 19 4 0
151253 19 4 0
151342 19 4 0
151423 19 4 0
151484 19 4 0
151558 19 4 0
151628 19 4 0
151709 19 4 0
151849 19 4 0
151863 19 61 2
151875 19 54 0
151972 19 4 0
152071 19 54 2
152090 19 4 0
152091 19 9 0
152157 19 9 2
152165 19 19 0
152174 19 4 0
152222 19 19 2
152226 19 35 0
152332 19 4 0
152418 19 4 0
152596 19 35 2
152612 19 53 0
152687 19 4 0
152828 19 4 0
152927 19 4 0
153018 19 4 0
153107 19 4 0
153256 19 4 0
153354 19 53 2
153394 19 33 0
153397 19 4 0
153517 19 4 0
153556 19 33 2
153568 19 36 0
153622 19 4 0
153664 19 36 2
153684 19 40 0
153714 19 4 0
153779 19 4 0
153880 19 4 0
154061 19 40 2
154085 19 37 0
154097 19 4 0
154211 19 4 0
154213 19 37 2
154304 19 4 0
154317 19 38 0
154407 19 4 0
154482 19 4 0
154560 19 38 2
154564 19 44 0
154589 19 4 0
154699 19 4 0
154866 19 44 2
154889 19 4 0
154890 19 8 0
155007 19 4 0
155090 19 4 0
155130 19 8 2
155138 19 29 0
155233 19 4 0
155334 19 4 0
155396 19 29 2
155432 19 4 0
155436 19 0 0
155545 19 0 2
155557 19 38 0
155572 19 4 0
155680 19 4 0
155692 19 38 2
155708 19 39 0
155785 19 4 0
155891 19 4 0
155994 19 4 0
156202 19 4 0
156323 19 4 0
156477 19 4 0
156589 19 4 0
156696 19 39 2
156700 19 39 0
156746 19 4 0
156889 19 4 0
157025 19 4 0
157121 19 4 0
157201 19 4 0
157238 19 39 2
157294 19 36 0
157335 19 4 0
157387 19 36 2
157419 19 38 0
157515 19 4 0
157620 19 38 2
157636 19 51 0
157653 19 4 0
157781 19 4 0
157868 19 4 0
157947 19 63 1
157989 19 4 0
158108 19 4 0
158191 19 4 0
158290 19 58 2
158301 19 4 0
158363 19 63 2
158499 19 51 2
158555 19 60 0
158872 19 60 2
158880 19 52 0
159311 19 52 2
159347 19 4 0
159581 19 4 2
159601 19 53 0
159769 19 53 2
159793 19 54 0
161008 19 54 2
161024 19 11 0
161334 19 11 2
161346 19 56 0
163322 19 56 2
163326 19 12 0
163564 19 12 2
163572 19 57 0
163776 19 57 2
163780 19 2 0
164075 19 2 2
164127 19 37 0
164209 19 37 2
164225 19 40 0
164531 19 40 2
164587 19 58 0
164803 19 58 2
164863 19 35 0
164939 19 35 2
164943 19 50 0
165456 19 50 2
165476 19 62 0
167239 19 62 2
167267 19 38 0
167746 19 38 2
167818 19 63 0
168346 19 63 2
168386 19 12 0
168652 19 12 2
168676 19 2 0
168802 19 2 2
168826 19 13 0
169101 19 13 2
169197 19 3 0
169296 19 3 2
169336 19 23 0
169485 19 23 2
169501 19 24 0
169637 19 24 2
169745 19 54 0
170044 19 54 2
170052 19 25 0
170146 19 63 1
170214 19 25 2
170242 19 26 0
170356 19 26 2
170380 19 48 2
170436 19 0 0
170462 19 63 2
170570 19 0 2
170578 19 3 0
170679 19 3 2
170723 19 4 0
170823 19 4 2
170919 19 5 0
171045 19 5 2
171085 19 15 0
171793 19 15 2
171801 19 14 0
172162 19 14 2
172174 19 50 0
172812 19 50 2
172840 19 6 0
172967 19 6 2
172987 19 4 0
173119 19 4 2
173127 19 8 0
173271 19 8 2
173275 19 47 0
173553 19 47 2
173561 19 49 0
173737 19 49 2
173753 19 11 0
173866 19 11 2
173902 19 5 0
174023 19 5 2
174047 19 37 0
174359 19 37 2
174423 19 4 0
174562 19 4 2
174566 19 1 0
174676 19 1 2
174704 19 27 0
174800 19 27 2
174808 19 2 0
174885 19 2 2
174897 19 11 0
175052 19 11 2
175060 19 7 0
175222 19 7 2
175242 19 3 0
175330 19 3 2
175438 19 6 0
175592 19 6 2
175612 19 9 0
176413 19 9 2
176585 19 8 0
177061 19 8 2
177073 19 11 0
177152 19 11 2
177172 19 12 0
177274 19 12 2
177298 19 16 0
177746 19 16 2
177754 19 13 0
177840 19 13 2
177888 19 2 0
178027 19 2 2
178063 19 14 0
178196 19 14 2
178200 19 17 0
178862 19 17 2
178870 19 15 0
179927 19 15 2
179947 19 18 0
180200 19 18 2
180224 19 4 0
180370 19 4 2
180410 19 40 0
180548 19 40 2
180552 19 38 0
180552 19 38 0
180610 19 38 2
180877 19 38 2
180885 19 27 0
180992 19 27 2
181012 19 35 0
181170 19 35 2
181226 19 28 0
181316 19 28 2
181384 19 3 0
181509 19 3 2
181513 19 46 0
182026 19 46 2
182046 19 4 0
182130 19 4 2
182162 19 0 0
182246 19 0 2
182250 19 29 0
182351 19 29 2
182495 19 47 0
182866 19 47 2
182938 19 30 0
183173 19 30 2
183525 19 31 0
184720 19 31 2
184724 19 44 0
184871 19 44 2
184879 19 43 0
185020 19 43 2
185152 19 32 0
185290 19 32 2
185362 19 33 0
185559 19 33 2
185607 19 33 0
185700 19 33 2
185708 19 27 0
186279 19 27 2
186383 19 54 0
187058 19 54 2
187070 19 28 0
187173 19 28 2
187189 19 5 0
187421 19 5 2
187429 19 56 0
187676 19 56 2
187692 19 6 0
188020 19 6 2
188120 19 41 0
188220 19 41 2
188268 19 61 0
188659 19 61 2
188663 19 39 0
188787 19 39 2
188799 19 7 0
188913 19 7 2
188973 19 8 0
189050 19 8 2
189082 19 63 0
189822 19 63 2
189930 19 0 0
190208 19 0 2
190236 19 57 0
190351 19 57 2
190419 19 58 0
190548 19 58 2
190632 19 46 0
190772 19 46 2
190784 19 59 0
191286 19 59 2
191318 19 32 0
191419 19 32 2
191427 19 50 0
192304 19 50 2
192380 19 60 0
192637 19 60 2
192645 19 62 0
194297 19 62 2
194301 19 3 0
194381 19 3 2
194393 19 5 0
194543 19 5 2
194571 19 17 0
194699 19 17 2
194719 19 6 0
195026 19 6 2
195118 19 11 0
195404 19 11 2
195412 19 10 0
195469 19 10 2
195489 19 11 0
195663 19 11 2
195671 19 6 0
195876 19 6 2
195912 19 36 0
196232 19 36 2
196292 19 12 0
196379 19 12 2
196387 19 0 0
196468 19 0 2
196592 19 15 0
196592 19 15 0
196690 19 15 2
196759 19 15 2
196879 19 7 0
197035 19 7 2
197051 19 0 0
197306 19 0 2
197454 19 9 0
197568 19 9 2
197600 19 8 0
197728 19 8 2
197756 19 47 0
198056 19 47 2
198164 19 14 0
198292 19 14 2
198564 19 61 0
198754 19 61 2
198826 19 54 0
198957 19 54 2
198989 19 55 0
199129 19 55 2
199357 19 40 0
199454 19 40 2
199482 19 49 0
199571 19 0 2
199600 19 49 2
199612 19 51 0
199767 19 51 2
199787 19 37 0
199869 19 37 2
199873 19 20 0
199941 19 20 2
199957 19 3 0
200302 19 3 2
200384 19 2 2
200394 19 21 0
200489 19 21 2
200497 19 56 0
200612 19 56 2
200632 19 57 0
200768 19 57 2
200856 19 58 0
200885 19 63 1
200974 19 58 2
201054 19 59 0
201120 19 2 2
201172 19 63 2
201187 19 59 2
201211 19 63 0
201341 19 63 2
201425 19 33 0
201535 19 33 2
202188 19 63 1
202420 19 2 2
202469 19 63 2
228717 19 63 1
228951 19 2 2
229001 19 63 2
231573 19 63 1
231821 19 16 2
231871 19 63 2
231977 19 63 1
232211 19 38 2
232269 19 63 1
232277 19 63 2
232501 19 50 2
232567 19 63 2
252037 19 63 1
252271 19 2 2
252321 19 63 2
278561 19 63 1
278791 19 2 2
278841 19 63 2
297737 19 2 0
297738 19 63 1
297971 19 2 2
298021 19 63 2
306793 19 2 0
306794 19 63 1
307020 19 2 2
307069 19 63 2
317447 19 63 1
317680 19 2 2
317729 19 63 2
321215 19 63 1
321450 19 2 2
321499 19 63 2
357837 19 2 0
357838 19 2 2
411889 19 63 1
412120 19 2 2
412169 19 63 2
443311 19 2 2
443462 19 2 2
510573 19 63 1
510803 19 2 2
510852 19 63 2
535818 19 2 0
535819 19 63 1
536053 19 2 2
536102 19 63 2
564532 19 63 1
564763 19 2 2
564812 19 63 2
598995 19 63 1
599314 19 2 2
599364 19 63 2
599685 19 2 0
622425 19 63 1
622426 19 2 0
622446 19 63 1
622654 19 2 2
622683 19 3 2
622704 19 63 2
622724 19 63 2
627225 19 63 1
627453 19 3 2
627494 19 63 2
649815 19 2 0
649816 19 63 1
650044 19 2 2
650094 19 63 2
663007 19 63 1
663234 19 3 2
663276 19 63 2
673155 19 63 1
673384 19 2 2
673434 19 63 2
690927 19 2 0
696079 19 63 1
696313 19 4 2
696362 19 63 2
696508 19 4 0
697014 19 4 0
697941 19 4 0
698158 19 2 0
698159 19 4 0
698465 19 15 0
698465 19 15 0
698523 19 15 2
698531 19 15 2
698619 19 30 0
698672 19 4 0
698701 19 30 2
698713 19 24 0
698795 19 24 2
698895 19 25 0
698969 19 25 2
698977 19 19 0
698986 19 3 0
698986 19 19 2
699028 19 19 2
699092 19 26 0
699158 19 26 2
699222 19 27 0
699280 19 27 2
699312 19 34 0
699401 19 34 2
699413 19 26 0
699496 19 26 2
699592 19 55 0
699730 19 55 2
699738 19 27 0
699820 19 27 2
699868 19 61 0
700361 19 4 0
700459 19 4 0
700672 19 61 2
700676 19 28 0
700766 19 28 2
700818 19 60 0
700939 19 60 2
700955 19 61 0
700998 19 7 2
701085 19 61 2
701105 19 0 0
701332 19 0 2
701368 19 35 0
701441 19 35 2
701493 19 61 0
701850 19 61 2
701858 19 19 0
701867 19 4 0
701916 19 19 2
701925 19 13 2
701932 19 61 0
701984 19 4 0
702336 19 4 0
702850 19 4 0
703601 19 4 0
704263 19 4 0
704396 19 4 0
705298 19 61 2
705373 19 28 2
705463 19 16 2
705578 19 29 2
705669 19 2 2
705784 19 27 2
705876 19 14 2
705983 19 15 2
706098 19 1 2
706221 19 33 2
706328 19 17 2
706441 19 20 2
706450 19 61 0
706510 19 4 0
707646 19 4 0
708064 19 4 0
709506 19 4 0
710154 19 4 0
711283 19 4 0
711399 19 4 0
711499 19 4 0
711698 19 4 0
712014 19 4 0
712970 19 4 0
714181 19 4 0
714609 19 61 2
714687 19 29 2
714693 19 61 0
714743 19 4 0
715192 19 4 0
715464 19 4 0
715812 19 4 0
715904 19 4 0
716303 19 4 0
716931 19 4 0
717629 19 4 0
718480 19 61 2
719154 19 53 2
719164 19 61 0
719244 19 4 0
719613 19 61 2
719806 19 2 2
719817 19 61 0
721091 19 4 0
721191 19 4 0
721581 19 4 0
722314 19 4 0
722422 19 4 0
722560 19 4 0
724261 19 4 0
724694 19 4 0
725277 19 61 2
726775 19 62 2
726777 19 61 0
726907 19 4 0
727074 19 4 0
727723 19 4 0
728022 19 4 0
728191 19 4 0
728307 19 4 0
729618 19 4 0
730408 19 61 2
730606 19 55 2
730612 19 61 0
730718 19 4 0
730794 19 2 0
730795 19 63 1
731023 19 2 2
731072 19 63 2
731312 19 4 0
732231 19 4 0
733612 19 4 0
734582 19 61 2
735902 19 61 0
735902 19 54 2
735999 19 4 0
737101 19 4 0
737255 19 2 2
738700 19 61 2
741017 19 2 0
741018 19 63 1
741253 19 2 2
741302 19 63 2
742243 19 28 2
742252 19 61 0
743960 19 61 2
746150 19 29 2
746156 19 61 0
749918 19 61 2
750303 19 29 2
750314 19 61 0
751885 19 61 2
753803 19 61 2
753805 19 61 0
754512 19 63 1
754743 19 2 2
754792 19 63 2
755484 19 2 0
755485 19 63 1
755713 19 2 2
755762 19 63 2
758423 19 61 2
758949 19 36 2
758951 19 61 0
761581 19 61 2
762533 19 51 2
762541 19 61 0
766339 19 61 2
767077 19 54 2
767083 19 61 0
770473 19 61 2
770898 19 60 2
770905 19 61 0
774893 19 61 2
775204 19 1 2
775205 19 61 0
779343 19 61 2
779554 19 62 2
779559 19 61 0
782363 19 61 2
784680 19 14 2
784691 19 61 0
787371 19 61 2
787866 19 50 2
787875 19 61 0
789921 19 61 2
792345 19 61 0
792345 19 50 2
795071 19 2 2
796533 19 61 2
797197 19 31 2
797205 19 61 0
802889 19 61 2
803442 19 58 2
803453 19 61 0
806211 19 61 2
806409 19 35 2
806415 19 61 0
807581 19 61 2
809611 19 26 2
809621 19 61 0
814135 19 61 2
815272 19 15 2
815275 19 61 0
815835 19 61 2
817872 19 22 2
817875 19 61 0
819243 19 61 2
819814 19 11 2
819819 19 61 0
820177 19 61 2
821453 19 53 2
821461 19 61 0
821611 19 61 2
821663 19 29 0
821686 19 18 2
821761 19 29 2
821777 19 61 0
824488 19 61 2
824564 19 38 2
824588 19 32 0
824678 19 32 2
824762 19 28 0
824828 19 28 2
824880 19 2 0
824938 19 2 2
824950 19 29 0
825024 19 29 2
825056 19 4 0
825114 19 4 2
825122 19 35 0
825188 19 35 2
862518 19 5 2
874704 19 2 0
874705 19 63 1
874939 19 2 2
874988 19 63 2
903968 19 2 0
903969 19 2 2
905114 19 2 0
905115 19 2 2
908289 19 2 0
908673 19 2 0
931527 19 2 0
931528 19 19 0
931528 19 2 2
931537 19 2 2
950448 19 2 0
950449 19 2 2
954876 19 4 0
957167 19 4 0
958141 19 19 0
958150 19 2 0
958150 19 19 2
958200 19 19 2
958468 19 55 0
958606 19 55 2
958662 19 23 0
958774 19 23 2
958826 19 12 2
958830 19 56 0
958944 19 56 2
959008 19 57 0
959122 19 57 2
959182 19 23 0
961247 19 4 0
962206 19 23 2
962257 19 13 2
962266 19 23 0
963322 19 4 0
964086 19 23 2
965695 19 28 2
965706 19 23 0
967450 19 23 2
967554 19 32 2
967558 19 23 0
969352 19 23 2
969818 19 38 2
969820 19 23 0
983334 19 23 2
984002 19 61 2
984006 19 23 0
984792 19 23 2
984951 19 46 2
984960 19 23 0
997104 19 23 2
997770 19 59 2
997776 19 23 0
1001758 19 23 2
1009386 19 2 0
1014490 19 23 0
1014490 19 3 2
1014580 19 4 0
1016574 19 23 2
1121072 19 2 0
1121073 19 4 0
1159256 19 63 1
1159350 19 63 1
1159491 19 6 2
1159557 19 63 2
1159601 19 4 2
1159651 19 63 2
1159658 19 63 1
1159891 19 5 2
1159930 19 63 1
1159949 19 63 2
1160060 19 63 1
1160161 19 8 2
1160164 19 63 1
1160219 19 63 2
1160291 19 1 2
1160349 19 63 2
1160401 19 11 2
1160435 19 63 2
1177072 19 2 0
1177073 19 63 1
1177301 19 2 2
1177351 19 63 2
1179938 19 63 1
1180171 19 0 2
1180237 19 63 2
1331001 19 11 2
1335064 19 0 0
1335065 19 11 0
1335226 19 11 0
1335517 19 11 0
1335917 19 11 0
1337954 19 0 0
1337955 19 0 2
1338165 19 11 0
1338978 19 11 0
1345003 19 2 0
1345004 19 11 0
2105671 19 4 0
2106364 19 4 0
