0 50 51 0
903 50 51 2
907 50 22 0
2145 50 22 2
2157 50 1 0
2829 50 1 2
2849 50 24 0
2961 50 24 2
45603 50 56 1
45784 50 2 2
45857 50 56 2
57107 50 56 1
57294 50 2 2
57367 50 56 2
58363 50 56 1
58544 50 2 2
58617 50 56 2
72897 50 56 1
73084 50 2 2
73157 50 56 2
75933 50 56 1
76114 50 2 2
76187 50 56 2
81683 50 56 1
81865 50 2 2
81939 50 56 2
115729 50 56 1
115915 50 2 2
115989 50 56 2
117907 50 56 1
118094 50 0 2
118183 50 56 2
128596 50 56 1
128774 50 0 2
128863 50 56 2
133215 50 56 1
133394 50 0 2
133483 50 56 2
139149 50 56 1
139335 50 2 2
139409 50 56 2
143560 50 4 0
147810 50 4 2
147862 50 44 0
149775 50 44 2
149787 50 5 0
149934 50 5 2
149946 50 45 0
150323 50 45 2
150391 50 24 0
150535 50 24 2
150567 50 25 0
150724 50 25 2
150732 50 26 0
150852 50 26 2
150892 50 27 0
151019 50 27 2
151039 50 33 0
151815 50 33 2
151835 50 35 0
151935 50 35 2
151943 50 41 0
152513 50 41 2
152529 50 42 0
152811 50 42 2
152843 50 1 0
153051 50 1 2
153087 50 36 0
153243 50 36 2
153255 50 43 0
153914 50 43 2
153930 50 17 0
154059 50 17 2
154151 50 27 0
154248 50 27 2
154252 50 37 0
154393 50 37 2
154405 50 17 0
154555 50 17 2
154563 50 15 0
154759 50 15 2
154799 50 16 0
154899 50 56 1
155084 50 25 2
155094 50 16 2
155134 50 18 0
155141 50 56 2
155248 50 18 2
155272 50 61 0
155485 50 61 2
155497 50 54 0
155630 50 54 2
155650 50 13 0
155748 50 13 2
155756 50 19 0
155858 50 19 2
155862 50 35 0
156140 50 35 2
156156 50 53 0
156358 50 53 2
156398 50 33 0
156538 50 33 2
156550 50 36 0
156705 50 36 2
156725 50 40 0
157028 50 40 2
157052 50 37 0
157157 50 37 2
157261 50 38 0
157376 50 38 2
157380 50 11 0
157714 50 11 2
157738 50 8 0
157901 50 8 2
157909 50 29 0
158230 50 29 2
158270 50 0 0
158416 50 0 2
158428 50 38 0
158546 50 38 2
158562 50 39 0
158978 50 39 2
158982 50 39 0
159722 50 39 2
159778 50 36 0
159876 50 36 2
159908 50 38 0
160031 50 38 2
160047 50 51 0
160265 50 51 2
160321 50 43 0
160622 50 43 2
160630 50 52 0
160643 50 56 1
160857 50 52 2
160864 50 4 2
160893 50 51 0
160965 50 56 2
160967 50 4 0
161079 50 4 0
161124 50 51 2
161144 50 53 0
161205 50 4 0
161307 50 4 0
161422 50 4 0
161531 50 4 0
161531 50 53 2
161555 50 54 0
161642 50 4 0
161757 50 4 0
161855 50 54 2
161871 50 11 0
161874 50 4 0
161981 50 4 0
162084 50 4 0
162184 50 11 2
162196 50 56 0
162215 50 4 0
162240 50 2 0
162326 50 4 0
162432 50 4 0
162547 50 4 0
162666 50 4 0
162798 50 4 0
162921 50 4 0
163022 50 4 0
163133 50 4 0
163245 50 4 0
163347 50 4 0
163447 50 4 0
163551 50 4 0
163661 50 4 0
163780 50 4 0
163893 50 4 0
164014 50 4 0
164116 50 4 0
164237 50 4 0
164339 50 4 0
164403 50 56 2
164407 50 12 0
164450 50 4 0
164550 50 4 0
164671 50 4 0
164722 50 12 2
164730 50 57 0
164801 50 4 0
164846 50 57 2
164850 50 2 0
164914 50 4 0
165037 50 4 0
165154 50 4 0
165160 50 2 2
165212 50 37 0
165261 50 4 0
165318 50 37 2
165334 50 40 0
165382 50 4 0
165469 50 40 2
165492 50 4 0
165525 50 58 0
165531 50 56 1
165593 50 4 0
165698 50 4 0
165714 50 15 2
165781 50 58 2
165819 50 56 2
165830 50 4 0
165841 50 35 0
165947 50 35 2
165949 50 4 0
165951 50 50 0
166080 50 4 0
166228 50 50 2
166243 50 4 0
166248 50 62 0
166370 50 4 0
166493 50 4 0
166561 50 56 1
166604 50 4 0
166729 50 4 0
166754 50 4 2
166847 50 56 2
166850 50 4 0
166855 50 4 0
166984 50 4 0
166987 50 4 0
167084 50 4 0
167116 50 4 0
167196 50 4 0
167232 50 4 0
167308 50 4 0
167334 50 4 0
167431 50 4 0
167440 50 4 0
167490 50 62 2
167518 50 38 0
167545 50 4 0
167563 50 4 0
167653 50 4 0
167704 50 4 0
167781 50 4 0
167838 50 4 0
167903 50 4 0
167943 50 4 0
167970 50 38 2
168014 50 4 0
168042 50 63 0
168047 50 4 0
168121 50 4 0
168201 50 4 0
168238 50 4 0
168351 50 4 0
168481 50 4 0
168593 50 4 0
168702 50 4 0
168813 50 4 0
168931 50 4 0
169043 50 4 0
169151 50 4 0
169264 50 4 0
169372 50 4 0
169482 50 4 0
169564 50 63 2
169604 50 12 0
169611 50 4 0
169721 50 4 0
169841 50 4 0
169902 50 12 2
169926 50 2 0
169970 50 4 0
170082 50 4 0
170098 50 2 2
170122 50 13 0
170213 50 4 0
170323 50 4 0
170394 50 13 2
170451 50 4 0
170490 50 3 0
170563 50 4 0
170633 50 3 2
170673 50 23 0
170683 50 4 0
170801 50 23 2
170803 50 4 0
170817 50 24 0
170923 50 4 0
170996 50 24 2
171039 50 4 0
171104 50 21 0
171153 50 4 0
171254 50 4 0
171358 50 4 0
171372 50 21 2
171380 50 25 0
171479 50 4 0
171526 50 25 2
171554 50 26 0
171596 50 4 0
171713 50 26 2
171779 50 4 0
171793 50 0 0
171901 50 4 0
171931 50 0 2
171939 50 3 0
172011 50 4 0
172141 50 4 0
172182 50 3 2
172226 50 4 0
172252 50 4 0
172324 50 4 2
172363 50 4 0
172420 50 5 0
172489 50 4 0
172535 50 5 2
172575 50 15 0
172611 50 4 0
172743 50 4 0
172842 50 4 0
172884 50 15 2
172892 50 14 0
172951 50 4 0
173083 50 4 0
173223 50 4 0
173242 50 14 2
173254 50 50 0
173329 50 4 0
173480 50 4 0
173602 50 4 0
173731 50 4 0
173863 50 4 0
173951 50 50 2
173963 50 4 0
173979 50 6 0
174069 50 4 0
174162 50 6 2
174182 50 4 0
174194 50 4 0
174327 50 4 2
174335 50 8 0
174758 50 8 2
174762 50 47 0
175437 50 47 2
175445 50 49 0
175730 50 49 2
175746 50 11 0
175844 50 11 2
175880 50 5 0
175993 50 5 2
176017 50 37 0
176294 50 37 2
176358 50 4 0
176536 50 4 2
176540 50 1 0
176696 50 1 2
176724 50 27 0
176814 50 27 2
176822 50 2 0
176970 50 2 2
176982 50 11 0
177089 50 11 2
177097 50 7 0
177291 50 7 2
177311 50 3 0
177415 50 3 2
177523 50 6 0
177642 50 6 2
177662 50 9 0
177910 50 9 2
178082 50 8 0
178718 50 8 2
178730 50 11 0
178832 50 11 2
178852 50 12 0
178949 50 12 2
178973 50 16 0
179525 50 16 2
179533 50 13 0
179661 50 13 2
179709 50 2 0
179847 50 2 2
179883 50 14 0
179997 50 14 2
180001 50 17 0
180640 50 17 2
180648 50 15 0
180850 50 15 2
180870 50 18 0
181141 50 18 2
181165 50 4 0
181198 50 56 1
181339 50 4 2
181379 50 40 0
181424 50 11 2
181497 50 56 2
181506 50 40 2
181510 50 38 0
181510 50 38 0
181576 50 38 2
182495 50 38 2
182503 50 27 0
182679 50 27 2
182699 50 35 0
182837 50 35 2
182893 50 28 0
183097 50 28 2
183165 50 3 0
183315 50 3 2
183319 50 46 0
183692 50 46 2
183712 50 4 0
183821 50 56 1
183836 50 4 2
183868 50 0 0
183971 50 0 2
183975 50 29 0
184024 50 29 2
184097 50 56 2
184387 50 56 1
184466 50 29 2
184574 50 2 2
184610 50 47 0
184647 50 56 2
184862 50 47 2
184868 50 0 0
184934 50 30 0
184995 50 0 0
185131 50 0 0
185140 50 30 2
185398 50 0 0
185492 50 31 0
185695 50 0 0
185836 50 0 0
185967 50 0 0
186094 50 0 0
186247 50 0 0
186389 50 0 0
186510 50 0 0
186649 50 0 0
186788 50 0 0
186916 50 0 0
186985 50 31 2
186989 50 44 0
187039 50 0 0
187185 50 0 0
187315 50 44 2
187323 50 43 0
187343 50 0 0
187504 50 43 2
187618 50 0 0
187636 50 32 0
187748 50 0 0
187851 50 32 2
187879 50 0 0
187923 50 33 0
188019 50 0 0
188031 50 33 2
188079 50 33 0
188146 50 0 0
188188 50 33 2
188196 50 27 0
188315 50 27 2
188419 50 54 0
188489 50 0 0
188622 50 0 0
188748 50 0 0
188913 50 0 0
189176 50 0 0
189383 50 56 1
189406 50 0 0
189482 50 54 2
189494 50 28 0
189558 50 0 0
189564 50 47 2
189637 50 56 2
189730 50 0 0
189839 50 28 2
189855 50 52 0
189874 50 0 0
190025 50 0 0
190128 50 0 0
190145 50 52 2
190153 50 56 0
190274 50 56 2
190290 50 53 0
190408 50 0 0
190562 50 53 2
190604 50 0 0
190662 50 41 0
190735 50 0 0
190764 50 41 2
190812 50 61 0
190870 50 0 0
191032 50 0 0
191147 50 0 0
191189 50 61 2
191193 50 39 0
191276 50 0 0
191388 50 0 0
191714 50 39 2
191726 50 7 0
191734 50 0 0
191859 50 0 0
191870 50 7 2
191930 50 8 0
191965 50 0 0
192035 50 8 2
192067 50 63 0
192091 50 0 0
192226 50 0 0
192338 50 0 0
192424 50 63 2
192532 50 0 0
192562 50 0 0
192691 50 0 2
192711 50 0 0
192719 50 57 0
192836 50 0 0
192924 50 57 2
192992 50 0 0
192992 50 58 0
193122 50 0 0
193164 50 58 2
193248 50 46 0
193264 50 0 0
193427 50 0 0
193654 50 0 0
193809 50 46 2
193821 50 59 0
193829 50 0 0
193991 50 0 0
194038 50 59 2
194070 50 32 0
194177 50 0 0
194279 50 32 2
194287 50 50 0
194336 50 0 0
194427 50 50 2
194445 50 0 0
194503 50 60 0
194575 50 0 0
194669 50 60 2
194677 50 62 0
194706 50 0 0
194859 50 0 0
196017 50 62 2
196021 50 3 0
196130 50 3 2
196142 50 5 0
196264 50 5 2
196292 50 17 0
196397 50 17 2
196417 50 6 0
196589 50 6 2
196630 50 56 1
196681 50 11 0
196814 50 0 2
196905 50 56 2
197074 50 11 2
197082 50 10 0
197171 50 10 2
197191 50 11 0
197330 50 11 2
197338 50 6 0
197501 50 6 2
197537 50 36 0
197834 50 36 2
197894 50 12 0
198008 50 12 2
198016 50 0 0
198140 50 0 2
198264 50 15 0
198264 50 15 0
198362 50 15 2
198453 50 15 2
198573 50 7 0
198711 50 7 2
198727 50 0 0
198974 50 0 2
199122 50 9 0
199250 50 9 2
199282 50 8 0
199409 50 8 2
199437 50 47 0
199622 50 0 2
199722 50 47 2
199810 50 7 0
200058 50 7 2
200270 50 48 0
200427 50 2 2
200528 50 48 2
200733 50 56 1
200914 50 0 2
201004 50 56 2
201104 50 49 0
201442 50 49 2
201777 50 56 1
201965 50 56 1
201965 50 16 2
202018 50 50 0
202023 50 56 1
202027 50 56 1
202040 50 56 2
202145 50 38 2
202218 50 56 2
202254 50 0 2
202343 50 56 2
202365 50 50 2
202381 50 50 2
202390 50 56 2
202957 50 51 0
203186 50 51 2
203762 50 52 0
204044 50 52 2
204620 50 53 0
204894 50 53 2
205470 50 54 0
205764 50 54 2
206340 50 55 0
206636 50 55 2
207212 50 56 0
207496 50 56 2
208007 50 2 0
208008 50 2 2
208072 50 57 0
208430 50 57 2
209006 50 58 0
209262 50 58 2
209838 50 59 0
210116 50 59 2
210692 50 60 0
211012 50 60 2
211588 50 61 0
211912 50 61 2
212488 50 62 0
212814 50 62 2
213390 50 63 0
213675 50 63 2
214251 50 0 0
214251 50 0 0
214333 50 0 2
214507 50 0 2
214775 50 2 0
214903 50 2 2
214959 50 3 0
215275 50 3 2
215279 50 7 0
215612 50 7 2
215700 50 4 0
216074 50 4 2
216462 50 1 0
216752 50 1 2
217328 50 2 0
217650 50 2 2
218226 50 3 0
218564 50 3 2
219140 50 4 0
219424 50 4 2
220000 50 5 0
220274 50 5 2
220850 50 6 0
221222 50 6 2
221798 50 7 0
222124 50 7 2
222700 50 8 0
222948 50 8 2
223524 50 9 0
223812 50 9 2
224388 50 10 0
224682 50 10 2
225258 50 11 0
225258 50 11 0
225324 50 11 2
225576 50 11 2
226152 50 12 0
226434 50 12 2
227010 50 13 0
227284 50 13 2
227860 50 14 0
228214 50 14 2
228790 50 15 0
229106 50 15 2
229682 50 16 0
229928 50 16 2
230504 50 17 0
230792 50 17 2
231368 50 18 0
231664 50 18 2
232240 50 19 0
232538 50 19 2
233114 50 20 0
233504 50 20 2
234080 50 21 0
234354 50 21 2
234930 50 22 0
235266 50 22 2
235842 50 23 0
236138 50 23 2
236714 50 24 0
236968 50 24 2
237544 50 25 0
237832 50 25 2
238408 50 26 0
238666 50 26 2
239242 50 27 0
239520 50 27 2
240096 50 28 0
240189 50 2 0
240190 50 56 1
240374 50 28 2
240375 50 2 2
240449 50 56 2
240950 50 29 0
241225 50 29 2
241801 50 30 0
242128 50 30 2
242704 50 31 0
242990 50 31 2
243566 50 32 0
243818 50 32 2
244394 50 33 0
244682 50 33 2
245258 50 34 0
245498 50 34 2
246074 50 35 0
246342 50 35 2
246918 50 36 0
247204 50 36 2
247780 50 37 0
248064 50 37 2
248640 50 38 0
248960 50 38 2
249536 50 39 0
249802 50 39 2
250378 50 40 0
250628 50 40 2
251204 50 41 0
251522 50 41 2
252098 50 42 0
252320 50 42 2
252896 50 43 0
253144 50 43 2
253720 50 44 0
254004 50 44 2
254580 50 45 0
254854 50 45 2
255430 50 46 0
255722 50 46 2
263529 50 56 1
263715 50 2 2
263789 50 56 2
266426 50 8 0
266678 50 8 2
301802 50 14 0
301932 50 14 2
302204 50 61 0
302334 50 61 2
302406 50 54 0
302536 50 54 2
302568 50 55 0
302706 50 55 2
302934 50 40 0
303032 50 40 2
303060 50 49 0
303149 50 49 2
303161 50 51 0
303267 50 51 2
303287 50 37 0
303393 50 37 2
303397 50 20 0
303495 50 20 2
303511 50 3 0
303842 50 3 2
303934 50 21 0
304040 50 21 2
304048 50 56 0
304154 50 56 2
304174 50 57 0
304272 50 57 2
304360 50 58 0
304450 50 58 2
304530 50 59 0
304628 50 59 2
304652 50 63 0
304725 50 63 2
304809 50 33 0
304907 50 33 2
386395 50 2 0
386396 50 56 1
386575 50 2 2
386649 50 56 2
483647 50 2 2
483806 50 2 2
509731 50 56 1
509732 50 2 0
509912 50 2 2
509985 50 56 2
544957 50 2 0
544958 50 56 1
545142 50 2 2
545215 50 56 2
554386 50 56 1
554572 50 2 2
554645 50 56 2
581167 50 2 0
581168 50 2 2
582143 50 2 0
587450 50 2 0
587451 50 2 2
591081 50 2 0
591082 50 56 1
591263 50 2 2
591337 50 56 2
608500 50 2 0
610529 50 56 1
610713 50 2 2
610787 50 56 2
610833 50 2 0
616036 50 56 1
616223 50 3 2
616305 50 56 2
633949 50 2 0
633950 50 56 1
634133 50 2 2
634207 50 56 2
643525 50 3 0
643526 50 56 1
643713 50 3 2
643795 50 56 2
661269 50 2 0
661270 50 56 1
661453 50 2 2
661527 50 56 2
682209 50 3 0
682210 50 56 1
682393 50 3 2
682475 50 56 2
684609 50 2 0
684610 50 56 1
684793 50 2 2
684867 50 56 2
696882 50 2 0
696883 50 0 0
709749 50 15 0
709749 50 15 0
709848 50 15 2
709853 50 15 2
709941 50 30 0
710055 50 30 2
710067 50 24 0
710173 50 24 2
710273 50 25 0
710371 50 25 2
710379 50 50 0
710388 50 3 0
710388 50 50 2
710470 50 50 2
710534 50 26 0
710624 50 26 2
710688 50 27 0
710778 50 27 2
710810 50 34 0
710908 50 34 2
710920 50 26 0
711018 50 26 2
711114 50 55 0
711251 50 55 2
711259 50 27 0
711364 50 27 2
711412 50 61 0
719288 50 61 2
719292 50 28 0
719339 50 9 2
719406 50 28 2
719454 50 1 2
719458 50 60 0
719577 50 19 2
719580 50 60 2
719596 50 61 0
719676 50 4 2
719726 50 61 2
719746 50 47 0
719795 50 2 2
719995 50 47 2
720031 50 39 0
720153 50 39 2
720205 50 61 0
727686 50 61 2
727694 50 19 0
727737 50 32 2
727792 50 19 2
727796 50 61 0
728062 50 61 2
728113 50 30 2
728122 50 61 0
741038 50 61 2
742209 50 28 2
742214 50 61 0
744764 50 61 2
746152 50 29 2
746156 50 61 0
748071 50 61 2
750315 50 61 0
750315 50 29 2
750641 50 61 2
752177 50 56 1
752361 50 2 2
752434 50 56 2
753809 50 61 0
753809 50 61 2
755806 50 2 0
755807 50 2 2
756632 50 56 1
756811 50 2 2
756884 50 56 2
758327 50 61 2
758924 50 36 2
758927 50 61 0
760203 50 61 2
762508 50 51 2
762519 50 61 0
763401 50 61 2
767044 50 54 2
767049 50 61 0
769034 50 61 2
770875 50 60 2
770882 50 61 0
773258 50 61 2
775198 50 1 2
775202 50 61 0
775664 50 61 2
776397 50 49 2
776408 50 61 0
782260 50 61 2
784685 50 14 2
784696 50 61 0
784893 50 61 2
784944 50 53 2
784945 50 29 0
785067 50 29 2
785083 50 61 0
787944 50 61 2
787995 50 4 2
787996 50 61 0
792396 50 61 2
792444 50 32 0
792447 50 27 2
792542 50 32 2
792626 50 28 0
792724 50 28 2
792776 50 2 0
792866 50 2 2
792878 50 29 0
792984 50 29 2
793016 50 4 0
793114 50 4 2
793122 50 35 0
793212 50 35 2
839885 50 2 2
862537 50 5 2
864951 50 56 1
865134 50 3 2
865215 50 56 2
887317 50 2 0
888664 50 3 0
888665 50 2 0
889575 50 2 0
899139 50 3 0
902083 50 56 1
902264 50 3 2
902345 50 56 2
905214 50 3 2
907494 50 2 0
908887 50 3 0
908888 50 2 0
944464 50 2 0
944465 50 50 0
944465 50 2 2
944474 50 2 2
969425 50 50 0
969434 50 2 0
969434 50 50 2
969508 50 50 2
969776 50 55 0
969914 50 55 2
969970 50 23 0
983926 50 23 2
983982 50 56 0
984033 50 61 2
984088 50 56 2
984152 50 57 0
984258 50 57 2
984318 50 23 0
986426 50 23 2
986517 50 26 2
986522 50 23 0
996908 50 23 2
997803 50 59 2
997808 50 23 0
999582 50 23 2
1014487 50 3 2
1014498 50 23 0
1019234 50 23 2
1124048 50 2 0
1124049 50 4 0
1125810 50 2 0
1125811 50 4 0
1130102 50 56 1
1130218 50 56 1
1130284 50 6 2
1130391 50 56 2
1130404 50 4 2
1130494 50 56 2
1130664 50 56 1
1130749 50 56 1
1130844 50 5 2
1130860 50 56 1
1130942 50 56 2
1130954 50 8 2
1130970 50 56 1
1131036 50 56 2
1131064 50 1 2
1131146 50 56 2
1131174 50 11 2
1131248 50 56 2
1143174 50 2 0
1143175 50 56 1
1143353 50 2 2
1143426 50 56 2
1147920 50 56 1
1148104 50 2 2
1148178 50 56 2
1151288 50 0 0
1151289 50 56 1
1151474 50 0 2
1151564 50 56 2
3079867 50 0 2
3080124 50 0 0
3080125 50 0 2
