0 52 51 0
1863 52 51 2
1867 52 22 0
2367 52 22 2
2379 52 1 0
3058 52 1 2
3078 52 24 0
3168 52 24 2
21497 52 0 1
21738 52 2 2
21827 52 0 2
23379 52 0 1
23628 52 2 2
23717 52 0 2
49415 52 0 1
49658 52 2 2
49747 52 0 2
54365 52 0 1
54608 52 2 2
54697 52 0 2
58665 52 0 1
58909 52 2 2
58999 52 0 2
59335 52 0 1
59578 52 2 2
59667 52 0 2
61401 52 0 1
61638 52 2 2
61727 52 0 2
76549 52 0 1
76788 52 2 2
76877 52 0 2
84323 52 0 1
84558 52 2 2
84647 52 0 2
116441 52 0 1
116679 52 2 2
116769 52 0 2
118231 52 0 1
118468 52 0 2
118573 52 0 2
129251 52 0 1
129488 52 0 2
129593 52 0 2
139861 52 2 0
139862 52 0 1
140100 52 2 2
140190 52 0 2
143560 52 4 0
145208 52 4 2
145260 52 44 0
146556 52 44 2
146568 52 5 0
146657 52 5 2
146669 52 45 0
147107 52 45 2
147175 52 24 0
147336 52 24 2
147368 52 25 0
147494 52 25 2
147502 52 26 0
147639 52 26 2
147679 52 27 0
147810 52 27 2
147830 52 33 0
149646 52 33 2
149666 52 35 0
149779 52 35 2
149787 52 41 0
150514 52 41 2
150530 52 42 0
150818 52 42 2
150850 52 1 0
150974 52 1 2
151010 52 36 0
151092 52 36 2
151104 52 43 0
151994 52 43 2
152010 52 17 0
152116 52 17 2
152208 52 27 0
152301 52 27 2
152305 52 37 0
152431 52 37 2
152443 52 17 0
152580 52 17 2
152588 52 15 0
152885 52 15 2
152925 52 16 0
153060 52 16 2
153100 52 18 0
153197 52 18 2
153221 52 61 0
153636 52 61 2
153648 52 54 0
153816 52 54 2
153836 52 13 0
154094 52 13 2
154102 52 19 0
154271 52 19 2
154275 52 35 0
154413 52 49 2
154550 52 35 2
154566 52 53 0
154939 52 53 2
154979 52 33 0
155094 52 33 2
155106 52 36 0
155187 52 36 2
155207 52 40 0
155496 52 40 2
155520 52 37 0
155610 52 53 2
155614 52 37 2
155718 52 38 0
155724 52 50 2
155845 52 38 2
155849 52 13 0
156106 52 13 2
156126 52 48 2
156130 52 8 0
156315 52 0 1
156475 52 8 2
156483 52 29 0
156559 52 4 2
156633 52 0 2
156640 52 4 0
156705 52 29 2
156732 52 4 0
156745 52 0 0
156840 52 4 0
156899 52 0 2
156911 52 38 0
156932 52 4 0
157047 52 4 0
157092 52 38 2
157108 52 39 0
157159 52 4 0
157255 52 4 0
157369 52 4 0
157376 52 39 2
157380 52 39 0
157463 52 4 0
157545 52 4 0
157683 52 4 0
157784 52 4 0
157794 52 51 2
157884 52 4 0
157912 52 55 2
158005 52 4 0
158104 52 4 0
158104 52 39 2
158112 52 54 2
158160 52 36 0
158227 52 4 0
158324 52 36 2
158348 52 4 0
158356 52 38 0
158454 52 38 2
158460 52 4 0
158470 52 51 0
158567 52 4 0
158610 52 51 2
158661 52 4 0
158666 52 6 0
158769 52 4 0
158847 52 0 1
158867 52 4 0
158969 52 4 0
159021 52 6 2
159029 52 52 0
159068 52 4 0
159088 52 27 2
159143 52 52 2
159145 52 0 2
159153 52 4 0
159179 52 14 0
159250 52 4 0
159342 52 4 0
159454 52 4 0
159514 52 14 2
159534 52 53 0
159585 52 4 0
159735 52 4 0
159829 52 4 0
159939 52 4 0
159984 52 53 2
160008 52 54 0
160036 52 4 0
160138 52 4 0
160239 52 4 0
160340 52 4 0
160346 52 54 2
160362 52 11 0
160461 52 4 0
160583 52 4 0
160684 52 4 0
160684 52 11 2
160696 52 56 0
160777 52 4 0
160877 52 4 0
160913 52 56 2
160917 52 12 0
161001 52 4 0
161123 52 4 0
161184 52 12 2
161192 52 57 0
161223 52 4 0
161343 52 4 0
161376 52 57 2
161380 52 2 0
161464 52 4 0
161579 52 4 0
161693 52 4 0
161782 52 4 0
161904 52 4 0
161994 52 4 0
162006 52 2 2
162058 52 37 0
162148 52 37 2
162164 52 40 0
162275 52 4 0
162309 52 40 2
162365 52 58 0
162384 52 4 0
162487 52 4 0
162596 52 4 0
162711 52 4 0
162774 52 58 2
162823 52 4 0
162834 52 35 0
162926 52 35 2
162930 52 50 0
162945 52 4 0
163070 52 4 0
163201 52 4 0
163293 52 4 0
163395 52 4 0
163428 52 50 2
163448 52 62 0
163515 52 4 0
163644 52 62 2
163672 52 38 0
164013 52 38 2
164085 52 63 0
164909 52 63 2
164949 52 12 0
165264 52 12 2
165288 52 2 0
165398 52 2 2
165422 52 13 0
165674 52 13 2
165770 52 3 0
165867 52 3 2
165907 52 23 0
166050 52 23 2
166066 52 24 0
166209 52 24 2
166317 52 23 0
166597 52 23 2
166605 52 25 0
166770 52 25 2
166798 52 26 0
166938 52 26 2
166948 52 0 1
167018 52 0 0
167142 52 0 2
167150 52 3 0
167193 52 17 2
167254 52 3 2
167274 52 0 2
167298 52 4 0
167400 52 4 2
167496 52 5 0
167630 52 5 2
167670 52 15 0
168636 52 15 2
168644 52 14 0
169004 52 14 2
169016 52 50 0
169133 52 50 2
169161 52 6 0
169296 52 6 2
169316 52 4 0
169440 52 4 2
169448 52 8 0
169565 52 8 2
169569 52 47 0
170786 52 47 2
170794 52 49 0
171079 52 49 2
171095 52 11 0
171188 52 11 2
171224 52 5 0
171335 52 5 2
171359 52 37 0
171687 52 37 2
171751 52 4 0
171846 52 4 2
171850 52 1 0
171960 52 1 2
171988 52 27 0
172086 52 27 2
172094 52 2 0
172201 52 2 2
172213 52 11 0
172324 52 11 2
172332 52 7 0
172604 52 7 2
172624 52 3 0
172715 52 3 2
172823 52 6 0
172952 52 6 2
172972 52 9 0
173344 52 9 2
173516 52 8 0
173633 52 8 2
173645 52 11 0
173735 52 11 2
173755 52 12 0
174031 52 12 2
174055 52 16 0
174544 52 16 2
174552 52 13 0
174646 52 13 2
174694 52 2 0
174801 52 2 2
174837 52 14 0
175029 52 14 2
175033 52 17 0
175570 52 17 2
175578 52 15 0
176166 52 15 2
176186 52 18 0
176530 52 18 2
176554 52 4 0
176674 52 4 2
176714 52 40 0
176958 52 40 2
176962 52 38 0
176962 52 38 0
177012 52 38 2
177822 52 38 2
177830 52 27 0
177954 52 27 2
177974 52 35 0
178091 52 35 2
178147 52 28 0
178262 52 28 2
178330 52 3 0
178444 52 3 2
178448 52 46 0
178724 52 46 2
178744 52 4 0
178875 52 4 2
178907 52 0 0
179021 52 0 2
179025 52 29 0
179172 52 29 2
179316 52 47 0
179545 52 47 2
179617 52 30 0
179917 52 30 2
180269 52 31 0
180737 52 31 2
180741 52 44 0
180978 52 44 2
180986 52 43 0
181311 52 43 2
181443 52 32 0
181563 52 32 2
181635 52 33 0
182087 52 33 2
182135 52 33 0
182299 52 33 2
182307 52 27 0
182638 52 27 2
182742 52 54 0
182929 52 54 2
182941 52 28 0
183055 52 28 2
183071 52 15 0
183386 52 15 2
183394 52 56 0
183626 52 56 2
183642 52 16 0
183904 52 16 2
184004 52 41 0
184149 52 41 2
184197 52 61 0
184429 52 0 1
184592 52 61 2
184596 52 39 0
184671 52 32 2
184744 52 0 2
184774 52 39 2
184786 52 7 0
184934 52 7 2
184994 52 8 0
185108 52 8 2
185140 52 63 0
185624 52 0 1
185625 52 63 2
185733 52 0 0
185849 52 0 2
185873 52 14 2
185877 52 57 0
185954 52 0 2
185999 52 57 2
186067 52 58 0
186190 52 58 2
186274 52 46 0
187167 52 46 2
187179 52 59 0
187312 52 59 2
187344 52 32 0
187473 52 32 2
187481 52 50 0
187721 52 50 2
187797 52 60 0
187966 52 60 2
187974 52 62 0
188291 52 62 2
188295 52 3 0
188408 52 3 2
188420 52 5 0
188553 52 5 2
188581 52 17 0
188695 52 17 2
188715 52 6 0
188888 52 6 2
188980 52 11 0
189314 52 11 2
189322 52 10 0
189419 52 10 2
189439 52 11 0
189561 52 11 2
189569 52 6 0
189749 52 6 2
189785 52 36 0
189872 52 0 1
190048 52 36 2
190108 52 12 0
190121 52 50 2
190162 52 0 2
190406 52 12 2
190414 52 0 0
190534 52 0 2
190658 52 15 0
190658 52 15 0
190740 52 15 2
190926 52 15 2
191046 52 7 0
191438 52 7 2
191454 52 0 0
191743 52 0 2
191891 52 9 0
192011 52 9 2
192043 52 8 0
192162 52 8 2
192190 52 47 0
192424 52 47 2
192532 52 14 0
192676 52 14 2
192948 52 61 0
193090 52 61 2
193162 52 54 0
193304 52 54 2
193336 52 55 0
193482 52 55 2
193710 52 40 0
193826 52 40 2
193854 52 49 0
193959 52 49 2
193971 52 51 0
194234 52 51 2
194254 52 37 0
194343 52 37 2
194347 52 20 0
194428 52 20 2
194444 52 3 0
194780 52 3 2
194872 52 21 0
194971 52 21 2
194979 52 56 0
195127 52 56 2
195147 52 57 0
195260 52 57 2
195348 52 58 0
195475 52 58 2
195555 52 59 0
195661 52 59 2
195685 52 63 0
195814 52 63 2
195898 52 33 0
196021 52 33 2
197539 52 0 1
197778 52 0 2
197884 52 0 2
199616 52 0 2
200437 52 2 2
201019 52 0 1
201258 52 0 2
201363 52 0 2
201799 52 0 1
202039 52 2 2
202128 52 0 2
203477 52 0 1
203623 52 0 1
203719 52 16 2
203779 52 0 1
203809 52 0 2
203859 52 38 2
203917 52 0 2
204019 52 50 2
204061 52 0 2
240901 52 0 1
241139 52 2 2
241229 52 0 2
264241 52 0 1
264479 52 2 2
264569 52 0 2
272777 52 2 0
272778 52 0 1
273018 52 2 2
273107 52 0 2
322133 52 2 0
322134 52 2 2
339667 52 2 0
339668 52 0 1
339908 52 2 2
339997 52 0 2
340779 52 2 0
340780 52 2 2
360574 52 2 0
360575 52 0 1
360818 52 2 2
360907 52 0 2
387765 52 2 0
387766 52 0 1
388009 52 2 2
388099 52 0 2
480852 52 2 2
486239 52 2 2
486398 52 2 2
522184 52 2 0
522185 52 0 1
522427 52 2 2
522516 52 0 2
545958 52 2 0
545959 52 0 1
546197 52 2 2
546286 52 0 2
611057 52 2 0
611234 52 2 0
611235 52 0 1
611478 52 2 2
611568 52 0 2
614385 52 0 1
614628 52 3 2
614710 52 0 2
632022 52 2 0
634654 52 0 1
634898 52 2 2
634988 52 0 2
661974 52 2 0
661975 52 0 1
662218 52 2 2
662308 52 0 2
683418 52 0 1
683658 52 3 2
683740 52 0 2
685314 52 2 0
685315 52 0 1
685558 52 2 2
685648 52 0 2
710477 52 15 0
710477 52 15 0
710559 52 15 2
710567 52 15 2
710655 52 30 0
710761 52 30 2
710773 52 24 0
710887 52 24 2
710987 52 25 0
711093 52 25 2
711101 52 52 0
711110 52 3 0
711110 52 52 2
711192 52 52 2
711256 52 26 0
711354 52 26 2
711418 52 27 0
711508 52 27 2
711540 52 34 0
711654 52 34 2
711666 52 26 0
711780 52 26 2
711876 52 55 0
712015 52 55 2
712023 52 27 0
712137 52 27 2
712185 52 61 0
718983 52 61 2
718987 52 28 0
719101 52 28 2
719127 52 53 2
719137 52 61 0
721911 52 61 2
721927 52 60 0
722049 52 60 2
722065 52 61 0
722195 52 61 2
722196 52 58 2
722215 52 10 0
722516 52 10 2
722552 52 39 0
722674 52 39 2
722726 52 61 0
724657 52 61 2
724665 52 19 0
724712 52 53 2
724755 52 19 2
724759 52 61 0
727393 52 61 2
727634 52 50 2
727645 52 61 0
728891 52 61 2
729462 52 63 2
729467 52 61 0
732940 52 61 2
733492 52 61 0
733492 52 59 2
736544 52 61 2
736979 52 57 2
736988 52 61 0
740894 52 61 2
742203 52 28 2
742214 52 61 0
743592 52 61 2
746146 52 29 2
746148 52 61 0
747896 52 61 2
750308 52 61 0
750308 52 29 2
751118 52 61 2
753803 52 61 2
753806 52 61 0
758760 52 0 1
758997 52 2 2
759086 52 0 2
759659 52 61 2
762501 52 51 2
762503 52 61 0
763259 52 61 2
767038 52 54 2
767039 52 61 0
767705 52 61 2
770868 52 60 2
770873 52 61 0
775589 52 61 2
776390 52 49 2
776393 52 61 0
778915 52 61 2
779522 52 62 2
779527 52 61 0
783533 52 61 2
784678 52 14 2
784685 52 61 0
785855 52 61 2
787864 52 50 2
787871 52 61 0
791291 52 61 2
792308 52 50 2
792311 52 61 0
792725 52 61 2
794320 52 27 2
794321 52 61 0
797905 52 61 2
798944 52 37 2
798949 52 61 0
799649 52 61 2
799986 52 30 2
799997 52 61 0
800351 52 61 2
800462 52 48 2
800471 52 61 0
802439 52 61 2
802483 52 25 2
802487 52 61 0
803271 52 61 2
803425 52 58 2
803427 52 61 0
808193 52 61 2
809587 52 26 2
809597 52 61 0
810991 52 61 2
812725 52 39 2
812731 52 61 0
814469 52 61 2
815239 52 15 2
815249 52 61 0
816675 52 61 2
817845 52 22 2
817851 52 61 0
819065 52 61 2
819783 52 11 2
819785 52 61 0
820632 52 61 2
821440 52 53 2
821448 52 61 0
822276 52 61 2
824419 52 19 2
824424 52 61 0
825878 52 61 2
825923 52 38 2
825926 52 61 0
826516 52 61 2
827583 52 38 2
827584 52 61 0
828992 52 61 2
829731 52 43 2
829736 52 61 0
831262 52 61 2
831639 52 47 2
831646 52 61 0
834020 52 61 2
834069 52 42 2
834080 52 61 0
834330 52 61 2
834385 52 43 2
834452 52 55 2
834521 52 56 2
834605 52 4 2
834706 52 45 2
834766 52 63 2
834833 52 16 2
834948 52 47 2
835026 52 5 2
835126 52 57 2
835201 52 32 2
835302 52 20 2
835386 52 13 2
835477 52 34 2
835566 52 3 2
835676 52 42 2
835757 52 40 2
835848 52 41 2
835937 52 9 2
836066 52 33 2
836070 52 61 0
838492 52 61 2
839654 52 56 2
839656 52 61 0
841692 52 61 2
842109 52 4 2
842112 52 61 0
842766 52 2 2
844364 52 61 2
845011 52 43 2
845012 52 61 0
846018 52 61 2
846927 52 43 2
846930 52 61 0
847778 52 61 2
848229 52 20 2
848234 52 61 0
848610 52 61 2
849663 52 40 2
849666 52 61 0
849836 52 61 2
849888 52 29 0
849891 52 34 2
850010 52 29 2
850026 52 61 0
850655 52 61 2
850711 52 57 2
850719 52 61 0
851227 52 61 2
851263 52 32 0
851265 52 57 2
851377 52 32 2
851461 52 28 0
851551 52 28 2
851603 52 2 0
851701 52 2 2
851713 52 29 0
851810 52 29 2
851842 52 4 0
851932 52 4 2
851940 52 35 0
852030 52 35 2
862531 52 5 2
887762 52 0 1
887999 52 3 2
888080 52 0 2
889843 52 2 0
905883 52 2 0
905884 52 2 2
909795 52 2 0
918845 52 2 0
918846 52 2 2
945313 52 2 0
945314 52 52 0
945314 52 2 2
945324 52 2 2
970153 52 52 0
970162 52 2 0
970162 52 52 2
970253 52 52 2
970521 52 55 0
970659 52 55 2
970715 52 23 0
973611 52 23 2
973667 52 56 0
973809 52 56 2
973873 52 57 0
973986 52 54 2
973995 52 57 2
974055 52 23 0
976107 52 3 2
980532 52 23 2
980607 52 33 2
980616 52 23 0
983506 52 23 2
984026 52 61 2
984034 52 23 0
985174 52 23 2
985772 52 55 2
985774 52 23 0
987181 52 23 2
987646 52 57 2
987649 52 23 0
989243 52 23 2
991264 52 62 2
991271 52 23 0
993342 52 23 2
994298 52 60 2
994302 52 23 0
996733 52 23 2
997797 52 59 2
997801 52 23 0
1000717 52 23 2
1014481 52 23 0
1014481 52 3 2
1018501 52 23 2
1122834 52 2 0
1122835 52 4 0
1131835 52 0 1
1131949 52 0 1
1132070 52 6 2
1132160 52 0 2
1132190 52 4 2
1132264 52 0 2
1132377 52 0 1
1132494 52 0 1
1132605 52 0 1
1132620 52 5 2
1132691 52 0 1
1132702 52 0 2
1132730 52 8 2
1132828 52 0 2
1132840 52 1 2
1132938 52 0 2
1132950 52 11 2
1133024 52 0 2
1141674 52 2 0
1141675 52 0 1
1141909 52 2 2
1141998 52 0 2
1149617 52 0 1
1149618 52 2 0
1149860 52 2 2
1149950 52 0 2
1153023 52 0 1
1153260 52 0 2
1153366 52 0 2
1290165 52 11 2
1297672 52 8 2
1302737 52 6 2
1303584 52 5 2
1303677 52 4 2
1308697 52 1 2
1310085 52 0 2
1317629 52 2 2
