0 37 51 0
3807 37 7 1
3978 37 7 1
4013 37 2 2
4094 37 7 2
4193 37 0 2
4289 37 7 2
4301 37 51 2
4305 37 22 0
6335 37 22 2
6347 37 1 0
7231 37 1 2
7251 37 24 0
7409 37 24 2
14529 37 7 1
14733 37 0 2
14830 37 7 2
23791 37 7 1
23993 37 2 2
24074 37 7 2
56743 37 7 1
56953 37 2 2
57034 37 7 2
57930 37 7 1
58134 37 2 2
58216 37 7 2
90452 37 0 0
90453 37 7 1
90663 37 0 2
90760 37 7 2
92290 37 7 1
92494 37 0 2
92592 37 7 2
99081 37 7 1
99283 37 2 2
99364 37 7 2
148573 37 7 1
148783 37 2 2
148864 37 7 2
149252 37 7 1
149464 37 2 2
149546 37 7 2
203264 37 7 1
203473 37 2 2
203554 37 7 2
226717 37 4 0
227000 37 7 1
227203 37 2 2
227284 37 7 2
227753 37 4 2
227805 37 44 0
228836 37 44 2
228848 37 5 0
228923 37 5 2
228935 37 45 0
229359 37 45 2
229427 37 24 0
229562 37 24 2
229594 37 25 0
229722 37 25 2
229730 37 26 0
229890 37 26 2
229930 37 27 0
230062 37 27 2
230082 37 33 0
230229 37 33 2
230249 37 35 0
230443 37 35 2
230451 37 41 0
230841 37 41 2
230857 37 42 0
231149 37 42 2
231181 37 1 0
231216 37 7 1
231287 37 1 2
231323 37 36 0
231423 37 0 2
231520 37 7 2
231522 37 0 0
231634 37 0 0
231636 37 36 2
231648 37 43 0
231745 37 0 0
231854 37 0 0
231948 37 43 2
231964 37 17 0
231985 37 0 0
232077 37 17 2
232120 37 0 0
232169 37 27 0
232232 37 0 0
232275 37 27 2
232279 37 37 0
232348 37 0 0
232447 37 37 2
232459 37 0 0
232459 37 17 0
232568 37 17 2
232576 37 15 0
232579 37 0 0
232696 37 0 0
232807 37 0 0
232877 37 15 2
232914 37 0 0
232917 37 16 0
233030 37 0 0
233084 37 16 2
233124 37 18 0
233154 37 0 0
233279 37 0 0
233345 37 18 2
233369 37 61 0
233405 37 0 0
233514 37 0 0
233530 37 61 2
233542 37 54 0
233638 37 0 0
233683 37 54 2
233703 37 11 0
233761 37 0 0
233869 37 0 0
234000 37 0 0
234010 37 11 2
234018 37 19 0
234124 37 19 2
234128 37 35 0
234137 37 0 0
234267 37 0 0
234377 37 0 0
234386 37 35 2
234402 37 53 0
234525 37 53 2
234527 37 0 0
234565 37 33 0
234626 37 7 1
234654 37 0 0
234671 37 33 2
234683 37 36 0
234784 37 0 0
234824 37 36 2
234833 37 0 2
234844 37 40 0
234903 37 0 0
234942 37 7 2
235011 37 0 0
235119 37 40 2
235135 37 0 0
235143 37 37 0
235152 37 0 0
235250 37 0 0
235250 37 37 2
235275 37 0 0
235335 37 39 2
235354 37 38 0
235393 37 0 0
235405 37 0 0
235478 37 38 2
235482 37 62 0
235502 37 0 0
235573 37 0 0
235638 37 0 0
235745 37 62 2
235751 37 0 0
235769 37 8 0
235787 37 0 0
235873 37 0 0
235908 37 0 0
235957 37 8 2
235965 37 29 0
236003 37 0 0
236028 37 0 0
236081 37 29 2
236121 37 0 0
236161 37 0 0
236175 37 0 0
236228 37 0 2
236240 37 38 0
236318 37 0 0
236347 37 32 2
236351 37 0 0
236447 37 0 0
236493 37 0 0
236590 37 0 0
236638 37 38 2
236654 37 39 0
236699 37 0 0
236706 37 0 0
236820 37 0 0
236877 37 0 0
236936 37 0 0
237004 37 0 0
237081 37 0 0
237114 37 0 0
237217 37 39 2
237221 37 39 0
237222 37 0 0
237247 37 0 0
237359 37 0 0
237367 37 7 1
237377 37 0 0
237452 37 39 2
237478 37 0 0
237500 37 0 0
237508 37 36 0
237573 37 12 2
237597 37 0 0
237613 37 36 2
237621 37 0 0
237630 37 7 2
237645 37 38 0
237727 37 0 0
237739 37 0 0
237843 37 38 2
237850 37 0 0
237859 37 51 0
237872 37 0 0
237971 37 0 0
238008 37 0 0
238084 37 0 0
238191 37 0 0
238223 37 0 0
238264 37 51 2
238320 37 60 0
238339 37 0 0
238365 37 0 0
238457 37 0 0
238512 37 0 0
238527 37 35 2
238572 37 0 0
238623 37 60 2
238631 37 52 0
238643 37 0 0
238785 37 0 0
238869 37 0 0
238938 37 0 0
239056 37 0 0
239069 37 7 1
239092 37 0 0
239174 37 0 0
239212 37 52 2
239246 37 0 0
239248 37 4 0
239273 37 5 2
239330 37 7 2
239395 37 0 0
239505 37 4 2
239525 37 53 0
239527 37 0 0
239683 37 0 0
239776 37 36 2
239845 37 0 0
239899 37 7 1
239985 37 0 0
240103 37 12 2
240128 37 0 0
240160 37 7 2
240238 37 0 0
240379 37 0 0
240534 37 0 0
240587 37 53 2
240611 37 54 0
240646 37 34 2
240668 37 0 0
240808 37 0 0
240926 37 0 0
241059 37 0 0
241084 37 7 1
241179 37 0 0
241205 37 54 2
241221 37 11 0
241251 37 7 1
241293 37 30 2
241295 37 0 0
241333 37 7 2
241417 37 0 0
241453 37 0 2
241539 37 11 2
241545 37 0 0
241551 37 56 0
241558 37 7 2
241560 37 0 0
241652 37 0 0
241679 37 0 0
241720 37 56 2
241724 37 12 0
241786 37 0 0
241830 37 0 0
241936 37 0 0
241949 37 0 0
241977 37 12 2
241985 37 57 0
242060 37 0 0
242079 37 0 0
242191 37 0 0
242214 37 0 0
242243 37 38 2
242301 37 0 0
242333 37 0 0
242343 37 57 2
242347 37 2 0
242369 37 33 2
242418 37 0 0
242465 37 0 0
242549 37 0 0
242597 37 0 0
242658 37 2 2
242666 37 0 0
242710 37 37 0
242789 37 0 0
242814 37 0 0
242888 37 37 2
242899 37 0 0
242904 37 40 0
242965 37 0 0
243049 37 0 0
243086 37 40 2
243142 37 58 0
243166 37 0 0
243287 37 0 0
243311 37 0 0
243439 37 0 0
243459 37 0 0
243489 37 58 2
243549 37 35 0
243573 37 0 0
243580 37 0 0
243681 37 35 2
243685 37 50 0
243729 37 0 0
243731 37 0 0
243848 37 0 0
243860 37 0 0
244007 37 0 0
244039 37 50 2
244055 37 0 0
244059 37 62 0
244117 37 0 0
244187 37 0 0
244335 37 0 0
244352 37 62 2
244380 37 38 0
244470 37 0 0
244593 37 0 0
244667 37 38 2
244739 37 63 0
244759 37 0 0
244914 37 0 0
244924 37 63 2
244964 37 12 0
245168 37 0 0
245253 37 12 2
245277 37 2 0
245297 37 0 0
245386 37 2 2
245410 37 13 0
245415 37 0 0
245554 37 0 0
245650 37 13 2
245679 37 0 0
245746 37 3 0
245792 37 0 0
245855 37 3 2
245882 37 7 1
245895 37 23 0
245935 37 0 0
245995 37 7 1
246067 37 0 0
246093 37 59 2
246160 37 7 2
246167 37 7 1
246169 37 23 2
246182 37 7 1
246184 37 0 0
246185 37 24 0
246204 37 41 2
246269 37 7 2
246326 37 0 0
246330 37 24 2
246373 37 23 2
246403 37 48 2
246430 37 7 2
246438 37 8 0
246466 37 0 0
246486 37 7 2
246589 37 0 0
246696 37 8 2
246699 37 0 0
246704 37 25 0
246825 37 0 0
246842 37 25 2
246870 37 26 0
246968 37 0 0
247033 37 26 2
247078 37 0 0
247113 37 0 0
247194 37 0 0
247225 37 0 2
247233 37 3 0
247325 37 0 0
247343 37 3 2
247387 37 4 0
247448 37 0 0
247572 37 4 2
247609 37 0 0
247668 37 5 0
247779 37 0 0
247899 37 0 0
247924 37 5 2
247964 37 15 0
248027 37 0 0
248140 37 0 0
248256 37 0 0
248368 37 0 0
248434 37 15 2
248442 37 14 0
248519 37 0 0
248636 37 0 0
248759 37 14 2
248771 37 50 0
248781 37 0 0
248937 37 0 0
249019 37 50 2
249047 37 6 0
249068 37 0 0
249199 37 0 0
249273 37 6 2
249293 37 4 0
249408 37 4 2
249416 37 8 0
249431 37 0 0
249529 37 8 2
249533 37 47 0
249580 37 0 0
249717 37 0 0
249859 37 0 0
250173 37 47 2
250181 37 49 0
250414 37 7 1
250505 37 7 1
250514 37 49 2
250530 37 11 0
250606 37 7 1
250635 37 11 2
250635 37 10 2
250671 37 5 0
250710 37 7 2
250717 37 7 1
250744 37 20 2
250794 37 7 2
250802 37 7 1
250874 37 11 2
250884 37 5 2
250908 37 37 0
250917 37 7 1
250941 37 7 2
250984 37 13 2
251026 37 7 1
251036 37 7 2
251050 37 0 0
251094 37 32 2
251137 37 7 1
251159 37 7 2
251234 37 37 2
251250 37 37 2
251259 37 7 2
251314 37 4 0
251320 37 7 1
251344 37 4 2
251394 37 2 0
251395 37 7 1
251412 37 7 2
251427 37 4 2
251431 37 1 0
251440 37 7 1
251494 37 39 2
251536 37 7 2
251539 37 7 1
251550 37 1 2
251578 37 27 0
251604 37 5 2
251662 37 7 2
251674 37 7 1
251714 37 2 2
251786 37 27 2
251794 37 2 0
251794 37 7 1
251796 37 7 2
251824 37 15 2
251893 37 7 2
251941 37 2 2
251953 37 11 0
251964 37 22 2
251982 37 7 1
252014 37 7 2
252056 37 7 1
252104 37 50 2
252150 37 7 1
252170 37 7 2
252197 37 11 2
252205 37 7 0
252214 37 6 2
252272 37 7 1
252280 37 7 2
252324 37 1 2
252368 37 7 2
252388 37 3 0
252416 37 7 2
252434 37 19 2
252492 37 7 2
252545 37 12 2
252560 37 7 1
252603 37 7 2
252650 37 3 2
252654 37 58 2
252691 37 7 1
252728 37 7 2
252758 37 6 0
252765 37 57 2
252825 37 7 1
252847 37 7 2
252904 37 43 2
252954 37 7 2
252956 37 7 1
253014 37 6 2
253034 37 9 0
253036 37 49 2
253102 37 7 1
253111 37 7 2
253174 37 7 2
253176 37 0 0
253248 37 7 2
253257 37 9 2
253280 37 7 1
253315 37 14 2
253373 37 7 2
253429 37 8 0
253480 37 7 1
253514 37 29 2
253548 37 7 2
253631 37 7 1
253642 37 8 2
253654 37 11 0
253684 37 35 2
253726 37 7 2
253775 37 7 1
253834 37 63 2
253900 37 7 2
254004 37 62 2
254062 37 7 2
254072 37 11 2
254087 37 7 1
254092 37 12 0
254294 37 54 2
254344 37 7 2
254400 37 12 2
254424 37 16 0
254457 37 7 1
254581 37 7 1
254665 37 52 2
254676 37 16 2
254684 37 13 0
254715 37 7 2
254775 37 7 1
254784 37 45 2
254807 37 13 2
254817 37 7 2
254855 37 2 0
254862 37 7 1
254985 37 9 2
254991 37 7 1
255067 37 7 2
255094 37 24 2
255103 37 7 1
255105 37 2 2
255141 37 14 0
255168 37 7 2
255204 37 21 2
255219 37 7 1
255245 37 7 2
255314 37 26 2
255351 37 7 1
255372 37 7 2
255424 37 44 2
255458 37 7 1
255466 37 7 2
255564 37 7 1
255564 37 28 2
255608 37 7 2
255639 37 14 2
255643 37 17 0
255674 37 17 2
255686 37 7 1
255748 37 7 2
255784 37 27 2
255814 37 7 1
255834 37 7 2
255924 37 30 2
255936 37 7 1
255941 37 17 2
255949 37 15 0
255966 37 7 2
256033 37 47 2
256073 37 15 2
256083 37 7 2
256093 37 18 0
256145 37 3 2
256218 37 7 1
256219 37 7 2
256384 37 18 2
256408 37 4 0
256425 37 60 2
256483 37 7 2
256562 37 4 2
256566 37 7 1
256602 37 40 0
256684 37 7 1
256771 37 7 1
256774 37 42 2
256795 37 40 2
256799 37 38 0
256799 37 38 0
256825 37 38 2
256831 37 7 2
256894 37 8 2
256896 37 7 1
256984 37 7 2
257004 37 34 2
257016 37 7 1
257054 37 7 2
257114 37 40 2
257188 37 7 2
257191 37 38 2
257197 37 7 1
257199 37 27 0
257206 37 0 0
257224 37 36 2
257258 37 7 2
257308 37 7 1
257405 37 46 2
257419 37 7 1
257420 37 27 2
257440 37 35 0
257446 37 7 2
257515 37 16 2
257524 37 7 1
257557 37 35 2
257597 37 7 2
257613 37 28 0
257634 37 23 2
257656 37 7 1
257692 37 7 2
257744 37 18 2
257790 37 7 1
257811 37 28 2
257812 37 7 2
257864 37 51 2
257879 37 3 0
257901 37 7 1
257922 37 7 2
257986 37 3 2
257990 37 46 0
257994 37 41 2
258031 37 7 1
258060 37 7 2
258114 37 25 2
258180 37 7 2
258234 37 56 2
258257 37 46 2
258277 37 4 0
258323 37 7 2
258391 37 4 2
258423 37 0 0
258436 37 7 1
258576 37 0 2
258580 37 29 0
258667 37 7 1
258684 37 59 2
258750 37 7 2
258813 37 29 2
258835 37 7 1
258874 37 31 2
258924 37 7 2
258957 37 47 0
259011 37 7 1
259044 37 33 2
259102 37 7 2
259180 37 47 2
259202 37 7 1
259214 37 48 2
259252 37 30 0
259297 37 7 2
259414 37 38 2
259448 37 7 2
259638 37 7 1
259689 37 30 2
259783 37 7 1
259844 37 53 2
259886 37 7 2
259926 37 7 1
260004 37 55 2
260041 37 31 0
260062 37 7 2
260134 37 61 2
260184 37 7 2
260294 37 2 0
260295 37 7 1
260338 37 31 2
260342 37 44 0
260514 37 2 2
260595 37 7 2
260779 37 44 2
260787 37 43 0
261253 37 43 2
261385 37 32 0
261518 37 32 2
261590 37 33 0
261725 37 33 2
261773 37 33 0
262178 37 33 2
262186 37 27 0
262645 37 27 2
262749 37 54 0
262982 37 54 2
262994 37 28 0
263099 37 28 2
263115 37 5 0
263349 37 5 2
263357 37 56 0
263721 37 56 2
263737 37 6 0
264096 37 6 2
264196 37 41 0
264332 37 41 2
264380 37 61 0
264557 37 61 2
264561 37 39 0
264787 37 39 2
264799 37 7 0
264946 37 7 2
265006 37 8 0
265114 37 8 2
265146 37 63 0
265307 37 63 2
265415 37 0 0
265529 37 0 2
265557 37 57 0
265690 37 57 2
265758 37 58 0
265977 37 58 2
266061 37 46 0
266156 37 7 1
266363 37 63 2
266428 37 7 2
266513 37 46 2
266525 37 59 0
266654 37 59 2
266686 37 32 0
266798 37 32 2
266806 37 50 0
266930 37 50 2
267006 37 60 0
267105 37 7 1
267236 37 60 2
267244 37 62 0
267313 37 27 2
267362 37 7 2
267382 37 62 2
267386 37 3 0
267503 37 3 2
267515 37 5 0
267633 37 5 2
267661 37 17 0
267785 37 17 2
267792 37 7 1
267805 37 6 0
267917 37 7 1
267919 37 6 2
268004 37 9 2
268011 37 11 0
268085 37 7 2
268123 37 45 2
268156 37 7 2
268320 37 11 2
268328 37 10 0
268419 37 10 2
268439 37 11 0
268554 37 11 2
268562 37 6 0
268675 37 6 2
268711 37 36 0
268976 37 36 2
269036 37 12 0
269166 37 12 2
269174 37 0 0
269300 37 0 2
269424 37 15 0
269424 37 15 0
269483 37 15 2
269566 37 15 2
269686 37 7 0
269807 37 7 2
269823 37 0 0
270074 37 0 2
270222 37 9 0
270702 37 9 2
270734 37 8 0
270910 37 8 2
270938 37 41 0
271270 37 41 2
271378 37 14 0
271651 37 14 2
271923 37 61 0
272055 37 61 2
272127 37 54 0
272270 37 54 2
272302 37 55 0
272472 37 55 2
272700 37 40 0
272823 37 40 2
272851 37 49 0
273054 37 49 2
273066 37 51 0
273160 37 7 1
273256 37 51 2
273276 37 37 0
273363 37 12 2
273421 37 7 2
273425 37 12 0
273482 37 37 2
273486 37 20 0
273495 37 12 0
273699 37 12 0
273722 37 20 2
273738 37 3 0
273921 37 12 0
274051 37 12 0
274069 37 3 2
274158 37 12 0
274161 37 21 0
274357 37 21 2
274365 37 56 0
274406 37 12 0
274565 37 56 2
274585 37 57 0
274662 37 7 1
274731 37 57 2
274739 37 12 0
274819 37 58 0
274873 37 2 2
274923 37 12 0
274951 37 58 2
274954 37 7 2
275031 37 59 0
275161 37 59 2
275185 37 63 0
275215 37 12 0
275352 37 12 0
275486 37 12 0
275731 37 63 2
275815 37 33 0
275861 37 12 0
275921 37 33 2
275998 37 12 0
276104 37 12 0
276239 37 12 0
276490 37 12 0
276677 37 12 0
277149 37 12 0
277279 37 12 0
277414 37 12 0
277537 37 12 0
277668 37 12 0
277813 37 12 0
277979 37 12 0
278119 37 12 0
278355 37 12 0
278488 37 12 0
278604 37 12 0
278750 37 12 0
278890 37 12 0
279009 37 12 0
279145 37 12 0
279268 37 12 0
279384 37 12 0
279515 37 12 0
279650 37 12 0
279794 37 12 0
280061 37 12 0
280246 37 12 0
280383 37 12 0
280493 37 12 0
280632 37 12 0
280768 37 12 0
280895 37 12 0
281010 37 12 0
281142 37 12 0
281271 37 12 0
281546 37 12 0
281678 37 12 0
281816 37 12 0
281969 37 12 0
282008 37 0 2
282111 37 12 0
282279 37 12 0
282460 37 12 0
282642 37 12 0
282769 37 12 0
282914 37 12 0
283046 37 12 0
283169 37 12 0
283279 37 12 0
283409 37 12 0
287411 37 0 0
287412 37 7 1
287623 37 0 2
287720 37 7 2
344271 37 2 0
344272 37 7 1
344484 37 2 2
344566 37 7 2
399317 37 12 0
405865 37 2 0
405866 37 7 1
406071 37 2 2
406152 37 7 2
411164 37 7 1
411371 37 2 2
411452 37 7 2
522036 37 2 0
522037 37 7 1
522241 37 2 2
522322 37 7 2
630204 37 2 0
630205 37 7 1
630415 37 2 2
630496 37 7 2
643197 37 2 0
643198 37 7 1
643406 37 2 2
643488 37 7 2
666537 37 2 0
666538 37 7 1
666746 37 2 2
666828 37 7 2
711731 37 2 0
711732 37 7 1
711935 37 2 2
712016 37 7 2
757191 37 2 0
757192 37 7 1
757395 37 2 2
757476 37 7 2
757864 37 2 0
757865 37 2 2
786154 37 2 0
786155 37 2 2
810913 37 2 0
810914 37 2 2
832950 37 2 0
832951 37 2 2
957088 37 2 0
957089 37 2 2
964291 37 2 0
964292 37 7 1
964499 37 2 2
964580 37 7 2
973552 37 2 0
973553 37 7 1
973759 37 2 2
973840 37 7 2
1028537 37 2 0
1028538 37 7 1
1028759 37 2 2
1028840 37 7 2
1030993 37 2 0
1030994 37 2 2
1094378 37 2 2
1102829 37 2 2
1102976 37 2 2
1103211 37 2 2
1152645 37 2 0
1152646 37 7 1
1152849 37 2 2
1152930 37 7 2
1165795 37 2 0
1165796 37 7 1
1165999 37 2 2
1166080 37 7 2
1172067 37 2 0
1172068 37 0 0
1175040 37 2 0
1175041 37 12 0
1200126 37 2 0
1200127 37 7 1
1200329 37 2 2
1200410 37 7 2
1203929 37 15 0
1203929 37 15 0
1207504 37 15 2
1207685 37 15 2
1208245 37 38 0
1208245 37 38 0
1208321 37 38 2
1211290 37 38 2
1211482 37 12 0
1211539 37 12 2
1212799 37 7 0
1212905 37 7 2
1213385 37 15 0
1213385 37 15 0
1213451 37 15 2
1213463 37 15 2
1213539 37 38 0
1213539 37 38 0
1214507 37 38 2
1214663 37 46 0
1214705 37 46 2
1214905 37 47 0
1214954 37 47 2
1215065 37 38 2
1217158 37 15 0
1217158 37 15 0
1217256 37 15 2
1217374 37 15 2
1217730 37 42 0
1217982 37 42 2
1218558 37 43 0
1218816 37 43 2
1219392 37 44 0
1219678 37 44 2
1220254 37 45 0
1220545 37 45 2
1221121 37 46 0
1221440 37 46 2
1222016 37 47 0
1222310 37 47 2
1222886 37 48 0
1223186 37 48 2
1223762 37 49 0
1224095 37 49 2
1224671 37 50 0
1224944 37 50 2
1225520 37 51 0
1225826 37 51 2
1226402 37 52 0
1226525 37 2 0
1226526 37 7 1
1226717 37 52 2
1226739 37 2 2
1226819 37 7 2
1227293 37 53 0
1227622 37 53 2
1228198 37 54 0
1228500 37 54 2
1228809 37 7 1
1229020 37 0 2
1229076 37 55 0
1229118 37 7 2
1229339 37 55 2
1229915 37 56 0
1230243 37 56 2
1230819 37 57 0
1231243 37 57 2
1231819 37 58 0
1232081 37 58 2
1232657 37 59 0
1232976 37 59 2
1233552 37 60 0
1233894 37 60 2
1234470 37 61 0
1234842 37 61 2
1235418 37 62 0
1235720 37 62 2
1236296 37 63 0
1236599 37 63 2
1237175 37 0 0
1237175 37 0 0
1237265 37 0 2
1237440 37 0 2
1237708 37 2 0
1237854 37 2 2
1237910 37 3 0
1238028 37 3 2
1238032 37 7 0
1238410 37 7 2
1238498 37 4 0
1238618 37 4 2
1239006 37 1 0
1239320 37 1 2
1239896 37 2 0
1240253 37 2 2
1240829 37 3 0
1241168 37 3 2
1241744 37 4 0
1242030 37 4 2
1242606 37 5 0
1242867 37 5 2
1243443 37 6 0
1243803 37 6 2
1244379 37 7 0
1244701 37 7 2
1245277 37 8 0
1245550 37 8 2
1246126 37 9 0
1246449 37 9 2
1247025 37 10 0
1247346 37 10 2
1247922 37 11 0
1247922 37 11 0
1247980 37 11 2
1248250 37 11 2
1248826 37 12 0
1249110 37 12 2
1249686 37 13 0
1249946 37 13 2
1250428 37 7 1
1250522 37 14 0
1250639 37 2 2
1250720 37 7 2
1250864 37 14 2
1251440 37 15 0
1251743 37 15 2
1252319 37 16 0
1252600 37 16 2
1253176 37 17 0
1253499 37 17 2
1254075 37 18 0
1254378 37 18 2
1254954 37 19 0
1255282 37 19 2
1255858 37 20 0
1256140 37 20 2
1256716 37 21 0
1257027 37 21 2
1257603 37 22 0
1257936 37 22 2
1258512 37 23 0
1258807 37 23 2
1259383 37 24 0
1259640 37 24 2
1260216 37 25 0
1260549 37 25 2
1261125 37 26 0
1261420 37 26 2
1261961 37 7 1
1261996 37 27 0
1262200 37 46 2
1262242 37 7 2
1262284 37 27 2
1262595 37 7 1
1262800 37 17 2
1262860 37 28 0
1262874 37 7 2
1263140 37 28 2
1263597 37 7 1
1263716 37 29 0
1263800 37 55 2
1263859 37 7 2
1263977 37 29 2
1264145 37 7 1
1264258 37 7 1
1264360 37 63 2
1264380 37 7 1
1264426 37 7 2
1264470 37 14 2
1264515 37 7 1
1264528 37 7 2
1264553 37 30 0
1264600 37 13 2
1264650 37 7 2
1264740 37 15 2
1264806 37 7 2
1264868 37 30 2
1265037 37 7 1
1265132 37 7 1
1265240 37 50 2
1265306 37 7 2
1265311 37 7 1
1265360 37 28 2
1265402 37 7 2
1265444 37 31 0
1265520 37 30 2
1265562 37 7 2
1265788 37 31 2
1266321 37 7 1
1266364 37 32 0
1266399 37 7 1
1266527 37 7 1
1266530 37 56 2
1266620 37 7 2
1266640 37 51 2
1266651 37 32 2
1266697 37 7 1
1266698 37 7 2
1266750 37 23 2
1266799 37 7 1
1266808 37 7 2
1266900 37 62 2
1266911 37 7 1
1266958 37 7 2
1267010 37 54 2
1267043 37 7 1
1267060 37 7 2
1267120 37 42 2
1267177 37 7 1
1267178 37 7 2
1267227 37 33 0
1267250 37 38 2
1267284 37 7 2
1267287 37 7 1
1267406 37 7 1
1267410 37 18 2
1267475 37 7 2
1267520 37 25 2
1267547 37 7 1
1267549 37 33 2
1267586 37 7 2
1267630 37 6 2
1267639 37 12 0
1267640 37 7 1
1267696 37 7 2
1267750 37 40 2
1267772 37 7 1
1267824 37 7 2
1267843 37 7 1
1267860 37 12 2
1267919 37 7 2
1267980 37 16 2
1268019 37 7 1
1268062 37 7 2
1268100 37 44 2
1268125 37 34 0
1268142 37 7 2
1268230 37 47 2
1268263 37 7 1
1268280 37 7 2
1268401 37 7 1
1268402 37 34 2
1268470 37 7 2
1268543 37 7 2
1268575 37 7 1
1268610 37 8 2
1268700 37 7 2
1268780 37 49 2
1268855 37 7 2
1268978 37 35 0
1269093 37 7 1
1269181 37 7 1
1269266 37 35 2
1269300 37 7 1
1269300 37 48 2
1269383 37 7 2
1269400 37 7 1
1269410 37 21 2
1269452 37 7 2
1269520 37 26 2
1269580 37 7 2
1269630 37 34 2
1269661 37 7 1
1269680 37 7 2
1269754 37 7 1
1269841 37 7 1
1269842 37 36 0
1269870 37 1 2
1269961 37 7 2
1269980 37 24 2
1270054 37 7 2
1270090 37 27 2
1270097 37 7 1
1270141 37 7 2
1270150 37 36 2
1270215 37 7 1
1270300 37 5 2
1270311 37 7 1
1270358 37 7 2
1270420 37 58 2
1270445 37 7 1
1270495 37 7 2
1270530 37 43 2
1270538 37 7 1
1270584 37 7 2
1270649 37 7 1
1270651 37 10 2
1270725 37 7 2
1270726 37 37 0
1270735 37 7 1
1270760 37 61 2
1270810 37 7 2
1270870 37 33 2
1270887 37 7 1
1270928 37 7 2
1270980 37 37 2
1270996 37 37 2
1271005 37 7 2
1271006 37 7 1
1271090 37 11 2
1271099 37 7 1
1271156 37 7 2
1271209 37 7 1
1271211 37 3 2
1271285 37 7 2
1271320 37 19 2
1271327 37 7 1
1271379 37 7 2
1271430 37 22 2
1271453 37 7 1
1271480 37 7 2
1271530 37 7 1
1271540 37 4 2
1271572 37 38 0
1271607 37 7 2
1271651 37 7 1
1271660 37 9 2
1271742 37 7 2
1271770 37 20 2
1271809 37 7 1
1271820 37 7 2
1271880 37 53 2
1271889 37 38 2
1271903 37 7 1
1271922 37 7 2
1272020 37 31 2
1272039 37 7 1
1272070 37 7 2
1272141 37 7 1
1272150 37 29 2
1272184 37 7 2
1272251 37 7 1
1272260 37 60 2
1272318 37 7 2
1272353 37 7 1
1272370 37 52 2
1272420 37 7 2
1272465 37 39 0
1272480 37 39 2
1272487 37 7 1
1272526 37 7 2
1272600 37 35 2
1272642 37 7 2
1272667 37 7 1
1272710 37 32 2
1272750 37 39 2
1272776 37 7 2
1272870 37 59 2
1272936 37 7 2
1272953 37 7 1
1273053 37 7 1
1273156 37 7 1
1273160 37 57 2
1273241 37 7 2
1273270 37 45 2
1273304 37 7 2
1273317 37 7 1
1273326 37 40 0
1273380 37 36 2
1273414 37 7 2
1273520 37 41 2
1273588 37 7 2
1273638 37 40 2
1285799 37 2 0
1285800 37 7 1
1286009 37 2 2
1286090 37 7 2
1287798 37 8 0
1288060 37 8 2
1314802 37 2 0
1314803 37 0 0
1315718 37 2 0
1315719 37 0 0
1316547 37 7 1
1316548 37 46 0
1316665 37 17 0
1316740 37 55 0
1316759 37 46 2
1316800 37 7 2
1316801 37 46 0
1316896 37 46 0
1317385 37 63 0
1317386 37 46 0
1317527 37 14 0
1317528 37 46 0
1317609 37 2 0
1317610 37 0 0
1317652 37 13 0
1317653 37 46 0
1317812 37 15 0
1317813 37 46 0
1317996 37 50 0
1317997 37 46 0
1318111 37 28 0
1318112 37 46 0
1318266 37 30 0
1318267 37 46 0
1319499 37 0 0
1319500 37 46 0
1319618 37 56 0
1319629 37 46 0
1319753 37 51 0
1319754 37 46 0
1320133 37 23 0
1320134 37 46 0
1320239 37 62 0
1320241 37 46 0
1320332 37 54 0
1320333 37 46 0
1320451 37 42 0
1320452 37 46 0
1320632 37 18 0
1320633 37 46 0
1320741 37 25 0
1320742 37 46 0
1320831 37 38 0
1320833 37 46 0
1321044 37 6 0
1321045 37 46 0
1321188 37 40 0
1321189 37 46 0
1321275 37 12 0
1321287 37 46 0
1321446 37 16 0
1321447 37 46 0
1321521 37 44 0
1321562 37 46 0
1321637 37 47 0
1321638 37 46 0
1321752 37 31 0
1321848 37 31 2
1321873 37 7 0
1321874 37 46 0
1321892 37 35 0
1322043 37 8 0
1322044 37 46 0
1322142 37 49 0
1322163 37 46 0
1322216 37 35 2
1322256 37 48 0
1322267 37 46 0
1322276 37 32 0
1322331 37 21 0
1322372 37 46 0
1322379 37 32 2
1322479 37 33 0
1322489 37 26 0
1322490 37 46 0
1322579 37 34 0
1322580 37 46 0
1322590 37 33 2
1322682 37 34 0
1322759 37 34 2
1322791 37 1 0
1322869 37 1 0
1322870 37 46 0
1322882 37 1 2
1322926 37 32 0
1322971 37 24 0
1322992 37 46 0
1323054 37 27 0
1323091 37 32 2
1323095 37 46 0
1323099 37 35 0
1323170 37 35 2
1323174 37 60 0
1323288 37 5 0
1323290 37 46 0
1323339 37 60 2
1323355 37 61 0
1323421 37 58 0
1323422 37 46 0
1323491 37 43 0
1323496 37 61 2
1323522 37 46 0
1323556 37 48 0
1323632 37 10 0
1323633 37 46 0
1323654 37 48 2
1323694 37 49 0
1323715 37 61 0
1323736 37 46 0
1323784 37 49 2
1323820 37 36 0
1323820 37 36 0
1323846 37 36 2
1323852 37 33 0
1323853 37 46 0
1323878 37 36 2
1323942 37 37 0
1323942 37 37 0
1323951 37 37 0
1323952 37 46 0
1323960 37 37 2
1323997 37 37 2
1324045 37 58 0
1324045 37 58 0
1324111 37 58 2
1324171 37 58 2
1324182 37 11 0
1324183 37 31 0
1324183 37 46 0
1324336 37 3 0
1324337 37 46 0
1324438 37 19 0
1324459 37 46 0
1324487 37 31 2
1324499 37 30 0
1324528 37 22 0
1324549 37 46 0
1324702 37 4 0
1324703 37 46 0
1324828 37 30 2
1324836 37 59 0
1324836 37 59 0
1324870 37 9 0
1324872 37 46 0
1324894 37 59 2
1324932 37 59 2
1324952 37 20 0
1324983 37 46 0
1324984 37 34 0
1325023 37 53 0
1325064 37 46 0
1325191 37 31 0
1325195 37 46 0
1325299 37 29 0
1325300 37 46 0
1325302 37 34 2
1325342 37 0 0
1325342 37 0 0
1325428 37 60 0
1325429 37 46 0
1325434 37 0 2
1325545 37 39 0
1325546 37 46 0
1325620 37 0 2
1325628 37 33 0
1325657 37 35 0
1325658 37 46 0
1325817 37 32 0
1325818 37 46 0
1325907 37 52 0
1325918 37 46 0
1325940 37 33 2
1325956 37 60 0
1326036 37 60 2
1326056 37 32 0
1326076 37 59 0
1326077 37 46 0
1326221 37 57 0
1326222 37 46 0
1326296 37 36 0
1326330 37 32 2
1326337 37 46 0
1326383 37 45 0
1326404 37 46 0
1326406 37 61 0
1326472 37 61 2
1326553 37 41 0
1326554 37 46 0
1326596 37 62 0
1326940 37 62 2
1327028 37 12 0
1327110 37 12 2
1327122 37 39 0
1327260 37 39 2
1327272 37 13 0
1327345 37 13 2
1327349 37 48 0
1327484 37 48 2
1327496 37 59 0
1327616 37 59 2
1327644 37 54 0
1327644 37 54 0
1327687 37 54 2
1327718 37 30 2
1327789 37 54 2
1327829 37 55 0
1328053 37 55 2
1328077 37 56 0
1328208 37 56 2
1328236 37 57 0
1328357 37 57 2
1328421 37 58 0
1328510 37 58 2
1328546 37 49 0
1328660 37 49 2
1328700 37 63 0
1328869 37 63 2
1328917 37 15 0
1329025 37 15 2
1329041 37 44 0
1329149 37 44 2
1329169 37 45 0
1329268 37 45 2
1329516 37 0 0
1329688 37 0 2
1329780 37 1 0
1329880 37 1 2
1329980 37 2 0
1330156 37 2 2
1330176 37 41 0
1330363 37 41 2
1330364 37 28 2
1330435 37 3 0
1330567 37 3 2
1330827 37 5 0
1330910 37 5 2
1330958 37 6 0
1331039 37 6 2
1331127 37 7 0
1331316 37 7 2
1331424 37 8 0
1331513 37 8 2
1331569 37 1 0
1331569 37 1 0
1331652 37 1 2
1331677 37 1 2
1332125 37 46 0
1332175 37 46 2
1332183 37 4 0
1332284 37 4 2
1332308 37 47 0
1332367 37 47 2
1332511 37 12 0
1332568 37 12 2
1332932 37 10 0
1333113 37 10 2
1333233 37 1 0
1333347 37 1 2
1333518 37 34 2
1333633 37 31 2
1333795 37 46 0
1333795 37 46 0
1333829 37 46 2
1333847 37 46 2
1333879 37 47 0
1333937 37 47 2
1334041 37 34 2
1334081 37 12 0
1334155 37 34 2
1334156 37 12 2
1334381 37 34 2
1334400 37 36 2
1334640 37 1 0
1334640 37 1 0
1334723 37 1 2
1334732 37 1 2
1334761 37 30 2
1335164 37 12 0
1335164 37 12 0
1335214 37 12 2
1335248 37 12 2
1335264 37 46 0
1335314 37 46 2
1335346 37 47 0
1335346 37 47 0
1335389 37 47 2
1335406 37 47 2
1335412 37 35 2
1335452 37 34 2
1335550 37 12 0
1335550 37 12 0
1335566 37 34 2
1335600 37 12 2
1335634 37 12 2
1336118 37 1 0
1336118 37 1 0
1336200 37 1 2
1336224 37 1 2
1336501 37 36 2
1336602 37 36 2
1336672 37 46 0
1336713 37 46 2
1336745 37 47 0
1336753 37 30 2
1336759 37 29 2
1336797 37 47 2
1336856 37 30 2
1336941 37 12 0
1336997 37 12 2
1337118 37 27 2
1337344 37 35 2
1337451 37 35 2
1337481 37 1 0
1337481 37 1 0
1337563 37 1 2
1337572 37 1 2
1337643 37 25 2
1338020 37 46 0
1338020 37 46 0
1338055 37 46 2
1338066 37 46 2
1338098 37 47 0
1338098 37 47 0
1338140 37 47 2
1338148 37 47 2
1338235 37 26 2
1338292 37 12 0
1338292 37 12 0
1338343 37 12 2
1338350 37 12 2
1338834 37 1 0
1338834 37 1 0
1338916 37 1 2
1338923 37 1 2
1339371 37 46 0
1339371 37 46 0
1339415 37 46 2
1339420 37 46 2
1339452 37 47 0
1339452 37 47 0
1339494 37 47 2
1339502 37 47 2
1339646 37 12 0
1339646 37 12 0
1339696 37 12 2
1339703 37 12 2
1340185 37 23 2
1340187 37 1 0
1340187 37 1 0
1340271 37 1 2
1340279 37 1 2
1340727 37 46 0
1340727 37 46 0
1340762 37 46 2
1340771 37 46 2
1340803 37 47 0
1340803 37 47 0
1340850 37 47 2
1340865 37 47 2
1341009 37 12 0
1341009 37 12 0
1341059 37 12 2
1341087 37 12 2
1341571 37 1 0
1341571 37 1 0
1341653 37 1 2
1341663 37 1 2
1341966 37 2 0
1341967 37 2 2
1342031 37 24 2
1342111 37 46 0
1342111 37 46 0
1342155 37 46 2
1342157 37 46 2
1342189 37 47 0
1342189 37 47 0
1342238 37 47 2
1342240 37 47 2
1342384 37 12 0
1342384 37 12 0
1342434 37 12 2
1342441 37 12 2
1342925 37 1 0
1342925 37 1 0
1343010 37 1 2
1343017 37 1 2
1343465 37 46 0
1343465 37 46 0
1343499 37 46 2
1343508 37 46 2
1343540 37 47 0
1343540 37 47 0
1343582 37 47 2
1343590 37 47 2
1343734 37 12 0
1343734 37 12 0
1343784 37 12 2
1343792 37 12 2
1344276 37 1 0
1344276 37 1 0
1344358 37 1 2
1344366 37 1 2
1344814 37 46 0
1344814 37 46 0
1344848 37 46 2
1344856 37 46 2
1344888 37 47 0
1344888 37 47 0
1344930 37 47 2
1344937 37 47 2
1345081 37 12 0
1345081 37 12 0
1345128 37 17 2
1345131 37 12 2
1345141 37 12 2
1345303 37 21 2
1345625 37 1 0
1345625 37 1 0
1345668 37 22 2
1345707 37 1 2
1345715 37 1 2
1346147 37 13 0
1346245 37 13 2
1346261 37 46 0
1346261 37 46 0
1346295 37 46 2
1346302 37 46 2
1346334 37 47 0
1346334 37 47 0
1346378 37 47 2
1346386 37 47 2
1346530 37 12 0
1346530 37 12 0
1346580 37 12 2
1346587 37 12 2
1347071 37 1 0
1347071 37 1 0
1347163 37 1 2
1347165 37 1 2
1347613 37 46 0
1347613 37 46 0
1347647 37 46 2
1347656 37 46 2
1347666 37 18 2
1347688 37 47 0
1347688 37 47 0
1347733 37 47 2
1347741 37 47 2
1347885 37 12 0
1347885 37 12 0
1347935 37 12 2
1347951 37 12 2
1348435 37 1 0
1348435 37 1 0
1348517 37 1 2
1348526 37 1 2
1348754 37 20 2
1348974 37 46 0
1348974 37 46 0
1349008 37 46 2
1349017 37 46 2
1349049 37 47 0
1349049 37 47 0
1349092 37 47 2
1349100 37 47 2
1349244 37 12 0
1349244 37 12 0
1349256 37 15 2
1349294 37 12 2
1349302 37 12 2
1349661 37 14 2
1349786 37 1 0
1349786 37 1 0
1349868 37 1 2
1349876 37 1 2
1349973 37 19 2
1350324 37 46 0
1350324 37 46 0
1350358 37 46 2
1350366 37 46 2
1350398 37 47 0
1350398 37 47 0
1350440 37 47 2
1350449 37 47 2
1350593 37 12 0
1350593 37 12 0
1350603 37 13 2
1350643 37 12 2
1350651 37 12 2
1351135 37 1 0
1351135 37 1 0
1351217 37 1 2
1351225 37 1 2
1351673 37 46 0
1351673 37 46 0
1351707 37 46 2
1351715 37 46 2
1351723 37 16 2
1351747 37 47 0
1351747 37 47 0
1351791 37 47 2
1351804 37 47 2
1351948 37 12 0
1351948 37 12 0
1352002 37 12 2
1352010 37 12 2
1352494 37 1 0
1352494 37 1 0
1352576 37 1 2
1352584 37 1 2
1353032 37 46 0
1353032 37 46 0
1353066 37 46 2
1353074 37 46 2
1353106 37 47 0
1353106 37 47 0
1353148 37 47 2
1353156 37 47 2
1353300 37 12 0
1353300 37 12 0
1353350 37 12 2
1353368 37 12 2
1353852 37 1 0
1353852 37 1 0
1353934 37 1 2
1353942 37 1 2
1354390 37 46 0
1354390 37 46 0
1354424 37 46 2
1354432 37 46 2
1354464 37 47 0
1354464 37 47 0
1354506 37 47 2
1354553 37 47 2
1354697 37 12 0
1354697 37 12 0
1354748 37 12 2
1354796 37 12 2
1355280 37 1 0
1355280 37 1 0
1355362 37 1 2
1355370 37 1 2
1355572 37 12 2
1355818 37 46 0
1355818 37 46 0
1355852 37 46 2
1355860 37 46 2
1355892 37 47 0
1355892 37 47 0
1355934 37 47 2
1355972 37 47 2
1356116 37 12 0
1356116 37 12 0
1356166 37 12 2
1356214 37 12 2
1356698 37 1 0
1356698 37 1 0
1356780 37 1 2
1356788 37 1 2
1357220 37 14 0
1357318 37 14 2
1357334 37 46 0
1357334 37 46 0
1357368 37 46 2
1357376 37 46 2
1357408 37 47 0
1357408 37 47 0
1357451 37 47 2
1357458 37 47 2
1357602 37 12 0
1357602 37 12 0
1357652 37 12 2
1357660 37 12 2
1358144 37 1 0
1358144 37 1 0
1358226 37 1 2
1358234 37 1 2
1358682 37 46 0
1358682 37 46 0
1358716 37 46 2
1358724 37 46 2
1358756 37 47 0
1358756 37 47 0
1358798 37 47 2
1358836 37 47 2
1358980 37 12 0
1358980 37 12 0
1359030 37 12 2
1359078 37 12 2
1359562 37 1 0
1359562 37 1 0
1359645 37 1 2
1359651 37 1 2
1360099 37 46 0
1360099 37 46 0
1360133 37 46 2
1360141 37 46 2
1360173 37 47 0
1360173 37 47 0
1360216 37 47 2
1360263 37 47 2
1360320 37 11 2
1360407 37 12 0
1360407 37 12 0
1360457 37 12 2
1360508 37 12 2
1360992 37 1 0
1360992 37 1 0
1361074 37 1 2
1361082 37 1 2
1361530 37 46 0
1361530 37 46 0
1361564 37 46 2
1361583 37 46 2
1361615 37 47 0
1361615 37 47 0
1361658 37 47 2
1361704 37 47 2
1361848 37 12 0
1361848 37 12 0
1361898 37 12 2
1361960 37 12 2
1362113 37 10 2
1362444 37 1 0
1362444 37 1 0
1362527 37 1 2
1362532 37 1 2
1362980 37 46 0
1362980 37 46 0
1363018 37 46 2
1363051 37 46 2
1363083 37 47 0
1363083 37 47 0
1363125 37 47 2
1363175 37 47 2
1363319 37 12 0
1363319 37 12 0
1363369 37 12 2
1363417 37 12 2
1363695 37 8 2
1363901 37 1 0
1363901 37 1 0
1363983 37 1 2
1363991 37 1 2
1364439 37 46 0
1364439 37 46 0
1364473 37 46 2
1364511 37 46 2
1364543 37 47 0
1364543 37 47 0
1364585 37 47 2
1364632 37 47 2
1364748 37 9 2
1364776 37 12 0
1364776 37 12 0
1364826 37 12 2
1364877 37 12 2
1364893 37 7 2
1364997 37 6 2
1365361 37 1 0
1365361 37 1 0
1365444 37 1 2
1365450 37 1 2
1365745 37 2 0
1365746 37 2 2
1365898 37 46 0
1365898 37 46 0
1365934 37 46 2
1365946 37 46 2
1365978 37 47 0
1365978 37 47 0
1366020 37 47 2
1366057 37 47 2
1366201 37 12 0
1366201 37 12 0
1366251 37 12 2
1366259 37 12 2
1366743 37 1 0
1366743 37 1 0
1366825 37 1 2
1366833 37 1 2
1367281 37 46 0
1367281 37 46 0
1367315 37 46 2
1367324 37 46 2
1367356 37 47 0
1367356 37 47 0
1367398 37 47 2
1367408 37 47 2
1367552 37 12 0
1367552 37 12 0
1367602 37 12 2
1367611 37 12 2
1367930 37 5 2
1367999 37 1 0
1367999 37 1 0
1368081 37 1 2
1368089 37 1 2
1368521 37 7 0
1368642 37 7 2
1368658 37 46 0
1368658 37 46 0
1368692 37 46 2
1368702 37 46 2
1368734 37 47 0
1368734 37 47 0
1368776 37 47 2
1368784 37 47 2
1368928 37 12 0
1368928 37 12 0
1368979 37 12 2
1368987 37 12 2
1369471 37 1 0
1369471 37 1 0
1369553 37 1 2
1369562 37 1 2
1370010 37 46 0
1370010 37 46 0
1370044 37 46 2
1370052 37 46 2
1370084 37 47 0
1370084 37 47 0
1370126 37 47 2
1370134 37 47 2
1370278 37 12 0
1370278 37 12 0
1370328 37 12 2
1370336 37 12 2
1370724 37 4 2
1370820 37 1 0
1370820 37 1 0
1370902 37 1 2
1370910 37 1 2
1371358 37 46 0
1371358 37 46 0
1371392 37 46 2
1371400 37 46 2
1371432 37 47 0
1371432 37 47 0
1371474 37 47 2
1371482 37 47 2
1371626 37 5 0
1371716 37 5 2
1371724 37 61 0
1371724 37 61 0
1371766 37 61 2
1371855 37 61 2
1371863 37 29 0
1372097 37 29 2
1372113 37 62 0
1372113 37 62 0
1372165 37 62 2
1372252 37 62 2
1372528 37 63 0
1372528 37 63 0
1372586 37 63 2
1372675 37 63 2
1373099 37 12 0
1373099 37 12 0
1373149 37 12 2
1373183 37 12 2
1373561 37 0 2
1373623 37 11 0
1373669 37 3 2
1373731 37 11 2
1373943 37 1 0
1373943 37 1 0
1374025 37 1 2
1374037 37 1 2
1374485 37 46 0
1374485 37 46 0
1374523 37 46 2
1374535 37 46 2
1374567 37 47 0
1374567 37 47 0
1374609 37 47 2
1374617 37 47 2
1374761 37 12 0
1374761 37 12 0
1374811 37 12 2
1374819 37 12 2
1375303 37 1 0
1375303 37 1 0
1375393 37 1 2
1375394 37 1 2
1375422 37 63 2
1375842 37 46 0
1375842 37 46 0
1375876 37 46 2
1375891 37 46 2
1375923 37 47 0
1375923 37 47 0
1375966 37 47 2
1375974 37 47 2
1376118 37 12 0
1376118 37 12 0
1376169 37 12 2
1376180 37 12 2
1376492 37 1 2
1376664 37 1 0
1376664 37 1 0
1376680 37 34 2
1376746 37 1 2
1376754 37 1 2
1377202 37 46 0
1377202 37 46 0
1377236 37 46 2
1377244 37 46 2
1377276 37 47 0
1377276 37 47 0
1377318 37 47 2
1377326 37 47 2
1377470 37 12 0
1377470 37 12 0
1377520 37 12 2
1377528 37 12 2
1378012 37 1 0
1378012 37 1 0
1378094 37 1 2
1378102 37 1 2
1378471 37 62 2
1378550 37 46 0
1378550 37 46 0
1378584 37 46 2
1378592 37 46 2
1378624 37 47 0
1378624 37 47 0
1378666 37 47 2
1378674 37 47 2
1378818 37 12 0
1378874 37 12 2
1379358 37 1 0
1379358 37 1 0
1379440 37 1 2
1379448 37 1 2
1379896 37 46 0
1379896 37 46 0
1379930 37 46 2
1379937 37 46 2
1379969 37 47 0
1379969 37 47 0
1380011 37 47 2
1380019 37 47 2
1380163 37 12 0
1380163 37 12 0
1380217 37 12 2
1380233 37 12 2
1380717 37 1 0
1380717 37 1 0
1380800 37 1 2
1380811 37 1 2
1381243 37 8 0
1381243 37 8 0
1381326 37 8 2
1381342 37 8 2
1381358 37 46 0
1381358 37 46 0
1381392 37 46 2
1381405 37 46 2
1381437 37 47 0
1381437 37 47 0
1381479 37 47 2
1381495 37 47 2
1381639 37 12 0
1381639 37 12 0
1381689 37 12 2
1381698 37 12 2
1382182 37 1 0
1382182 37 1 0
1382264 37 1 2
1382272 37 1 2
1382720 37 46 0
1382720 37 46 0
1382754 37 46 2
1382763 37 46 2
1382795 37 47 0
1382795 37 47 0
1382802 37 61 2
1382837 37 47 2
1382845 37 47 2
1382989 37 12 0
1382989 37 12 0
1383039 37 12 2
1383048 37 12 2
1383532 37 1 0
1383532 37 1 0
1383614 37 1 2
1383622 37 1 2
1384070 37 46 0
1384070 37 46 0
1384104 37 46 2
1384115 37 46 2
1384147 37 47 0
1384147 37 47 0
1384189 37 47 2
1384198 37 47 2
1384342 37 12 0
1384342 37 12 0
1384375 37 55 2
1384392 37 12 2
1384399 37 12 2
1384883 37 1 0
1384883 37 1 0
1384965 37 1 2
1384974 37 1 2
1385422 37 46 0
1385422 37 46 0
1385456 37 46 2
1385466 37 46 2
1385498 37 47 0
1385498 37 47 0
1385540 37 47 2
1385548 37 47 2
1385692 37 12 0
1385692 37 12 0
1385742 37 12 2
1385750 37 12 2
1386234 37 1 0
1386234 37 1 0
1386316 37 1 2
1386330 37 1 2
1386527 37 60 2
1386778 37 46 0
1386778 37 46 0
1386813 37 46 2
1386823 37 46 2
1386855 37 47 0
1386855 37 47 0
1386897 37 47 2
1386905 37 47 2
1387049 37 12 0
1387049 37 12 0
1387099 37 12 2
1387107 37 12 2
1387591 37 1 0
1387591 37 1 0
1387673 37 1 2
1387682 37 1 2
1388130 37 46 0
1388130 37 46 0
1388164 37 46 2
1388173 37 46 2
1388205 37 47 0
1388205 37 47 0
1388247 37 47 2
1388255 37 47 2
1388399 37 12 0
1388399 37 12 0
1388449 37 12 2
1388456 37 12 2
1388940 37 1 0
1388940 37 1 0
1389022 37 1 2
1389033 37 1 2
1389481 37 46 0
1389481 37 46 0
1389518 37 46 2
1389529 37 46 2
1389561 37 47 0
1389561 37 47 0
1389603 37 47 2
1389611 37 47 2
1389755 37 12 0
1389755 37 12 0
1389805 37 12 2
1389812 37 12 2
1389818 37 56 2
1389947 37 58 2
1390062 37 59 2
1390169 37 54 2
1390296 37 1 0
1390296 37 1 0
1390378 37 1 2
1390386 37 1 2
1390607 37 2 0
1390608 37 46 0
1390834 37 46 0
1390834 37 46 0
1390869 37 46 2
1390885 37 46 2
1390917 37 47 0
1390917 37 47 0
1390959 37 47 2
1390974 37 47 2
1391118 37 12 0
1391118 37 12 0
1391168 37 12 2
1391175 37 12 2
1391659 37 1 0
1391659 37 1 0
1391741 37 1 2
1391750 37 1 2
1392182 37 9 0
1392272 37 9 2
1392288 37 46 0
1392288 37 46 0
1392322 37 46 2
1392336 37 46 2
1392368 37 47 0
1392368 37 47 0
1392412 37 47 2
1392420 37 47 2
1392564 37 12 0
1392564 37 12 0
1392614 37 12 2
1392624 37 12 2
1393108 37 1 0
1393108 37 1 0
1393190 37 1 2
1393198 37 1 2
1393560 37 57 2
1393646 37 46 0
1393646 37 46 0
1393689 37 50 2
1393690 37 46 2
1393693 37 46 2
1393725 37 47 0
1393725 37 47 0
1393767 37 47 2
1393776 37 47 2
1393790 37 51 2
1393920 37 12 0
1393920 37 12 0
1393970 37 12 2
1393978 37 12 2
1394462 37 1 0
1394462 37 1 0
1394544 37 1 2
1394553 37 1 2
1395001 37 46 0
1395001 37 46 0
1395035 37 46 2
1395043 37 46 2
1395075 37 47 0
1395075 37 47 0
1395118 37 47 2
1395123 37 47 2
1395267 37 12 0
1395267 37 12 0
1395317 37 12 2
1395324 37 12 2
1395808 37 1 0
1395808 37 1 0
1395890 37 1 2
1395898 37 1 2
1396346 37 46 0
1396346 37 46 0
1396380 37 46 2
1396389 37 46 2
1396413 37 53 2
1396421 37 47 0
1396421 37 47 0
1396463 37 47 2
1396472 37 47 2
1396527 37 46 2
1396616 37 12 0
1396616 37 12 0
1396666 37 12 2
1396674 37 12 2
1396947 37 52 2
1397158 37 1 0
1397158 37 1 0
1397241 37 1 2
1397254 37 1 2
1397702 37 46 0
1397702 37 46 0
1397737 37 46 2
1397750 37 46 2
1397782 37 47 0
1397782 37 47 0
1397826 37 47 2
1397831 37 47 2
1397975 37 12 0
1397975 37 12 0
1398027 37 12 2
1398034 37 12 2
1398518 37 1 0
1398518 37 1 0
1398600 37 1 2
1398608 37 1 2
1399056 37 46 0
1399056 37 46 0
1399091 37 46 2
1399116 37 46 2
1399148 37 47 0
1399148 37 47 0
1399190 37 47 2
1399197 37 47 2
1399341 37 12 0
1399341 37 12 0
1399391 37 12 2
1399398 37 12 2
1399837 37 49 2
1399882 37 1 0
1399882 37 1 0
1399964 37 1 2
1399971 37 1 2
1400419 37 46 0
1400419 37 46 0
1400453 37 46 2
1400461 37 46 2
1400493 37 47 0
1400493 37 47 0
1400536 37 47 2
1400544 37 47 2
1400688 37 12 0
1400688 37 12 0
1400738 37 12 2
1400746 37 12 2
1401230 37 1 0
1401230 37 1 0
1401312 37 1 2
1401320 37 1 2
1401768 37 46 0
1401768 37 46 0
1401802 37 46 2
1401809 37 46 2
1401841 37 47 0
1401841 37 47 0
1401883 37 47 2
1401891 37 47 2
1402035 37 12 0
1402035 37 12 0
1402085 37 12 2
1402093 37 12 2
1402535 37 48 2
1402577 37 1 0
1402577 37 1 0
1402656 37 47 2
1402659 37 1 2
1402667 37 1 2
1402825 37 44 2
1403099 37 10 0
1403190 37 10 2
1403206 37 46 0
1403206 37 46 0
1403240 37 46 2
1403249 37 46 2
1403281 37 47 0
1403281 37 47 0
1403323 37 47 2
1403331 37 47 2
1403475 37 12 0
1403475 37 12 0
1403532 37 12 2
1403535 37 12 2
1404016 37 1 0
1404016 37 1 0
1404115 37 1 2
1404188 37 1 2
1404563 37 46 0
1404563 37 46 0
1404614 37 46 2
1404646 37 47 0
1404646 37 47 0
1404657 37 46 2
1404689 37 47 2
1404696 37 47 2
1404840 37 12 0
1404840 37 12 0
1404890 37 12 2
1404908 37 12 2
1405392 37 1 0
1405392 37 1 0
1405492 37 1 2
1405514 37 1 2
1405940 37 46 0
1405940 37 46 0
1405948 37 42 2
1405976 37 46 2
1406015 37 46 2
1406047 37 47 0
1406047 37 47 0
1406090 37 47 2
1406130 37 47 2
1406274 37 12 0
1406274 37 12 0
1406324 37 12 2
1406461 37 12 2
1406945 37 1 0
1406945 37 1 0
1407035 37 1 2
1407071 37 1 2
1407483 37 46 0
1407483 37 46 0
1407517 37 46 2
1407526 37 46 2
1407558 37 47 0
1407558 37 47 0
1407600 37 47 2
1407608 37 47 2
1407752 37 12 0
1407752 37 12 0
1407802 37 12 2
1407849 37 12 2
1408333 37 1 0
1408333 37 1 0
1408415 37 1 2
1408464 37 43 2
1408623 37 1 2
1409018 37 45 2
1409071 37 46 0
1409071 37 46 0
1409108 37 46 2
1409124 37 46 2
1409156 37 47 0
1409156 37 47 0
1409198 37 47 2
1409231 37 47 2
1409375 37 12 0
1409375 37 12 0
1409427 37 12 2
1409455 37 12 2
1409939 37 1 0
1409939 37 1 0
1410021 37 1 2
1410078 37 1 2
1410526 37 46 0
1410526 37 46 0
1410560 37 46 2
1410567 37 46 2
1410599 37 47 0
1410599 37 47 0
1410641 37 47 2
1410650 37 47 2
1410794 37 12 0
1410794 37 12 0
1410844 37 12 2
1410871 37 12 2
1411091 37 40 2
1411355 37 1 0
1411355 37 1 0
1411437 37 1 2
1411506 37 1 2
1411954 37 46 0
1411954 37 46 0
1411988 37 46 2
1411995 37 46 2
1412027 37 47 0
1412027 37 47 0
1412070 37 47 2
1412080 37 47 2
1412224 37 12 0
1412224 37 12 0
1412274 37 12 2
1412281 37 12 2
1412765 37 1 0
1412765 37 1 0
1412847 37 1 2
1412855 37 1 2
1413303 37 46 0
1413303 37 46 0
1413337 37 46 2
1413345 37 46 2
1413377 37 47 0
1413377 37 47 0
1413420 37 47 2
1413435 37 47 2
1413579 37 12 0
1413579 37 12 0
1413629 37 12 2
1413636 37 12 2
1414120 37 1 0
1414120 37 1 0
1414202 37 1 2
1414209 37 1 2
1414322 37 41 2
1414657 37 46 0
1414657 37 46 0
1414695 37 46 2
1414702 37 46 2
1414734 37 47 0
1414734 37 47 0
1414776 37 47 2
1414786 37 47 2
1414930 37 12 0
1414930 37 12 0
1414981 37 12 2
1414989 37 12 2
1415473 37 1 0
1415473 37 1 0
1415555 37 1 2
1415563 37 1 2
1415888 37 30 2
1416011 37 46 0
1416011 37 46 0
1416046 37 46 2
1416053 37 46 2
1416085 37 47 0
1416085 37 47 0
1416127 37 47 2
1416144 37 47 2
1416288 37 12 0
1416288 37 12 0
1416338 37 12 2
1416345 37 12 2
1416829 37 1 0
1416947 37 1 2
1417395 37 46 0
1417395 37 46 0
1417429 37 46 2
1417436 37 46 2
1417468 37 47 0
1417468 37 47 0
1417511 37 47 2
1417522 37 47 2
1417666 37 12 0
1417666 37 12 0
1417716 37 12 2
1417733 37 12 2
1418217 37 1 0
1418217 37 1 0
1418339 37 1 2
1418357 37 1 2
1418805 37 46 0
1418805 37 46 0
1418839 37 46 2
1418847 37 46 2
1418879 37 47 0
1418879 37 47 0
1418922 37 47 2
1418929 37 47 2
1419073 37 12 0
1419073 37 12 0
1419123 37 12 2
1419131 37 12 2
1419615 37 1 0
1419615 37 1 0
1419737 37 1 2
1419754 37 1 2
1420202 37 46 0
1420202 37 46 0
1420241 37 46 2
1420247 37 46 2
1420279 37 47 0
1420279 37 47 0
1420326 37 47 2
1420328 37 47 2
1420472 37 12 0
1420472 37 12 0
1420522 37 12 2
1420532 37 12 2
1421008 37 9 0
1421106 37 9 2
1421230 37 55 0
1421411 37 55 2
1421415 37 1 0
1421415 37 1 0
1421497 37 1 2
1421526 37 1 2
1421550 37 56 0
1421589 37 34 2
1421894 37 56 2
1421914 37 45 0
1421977 37 41 2
1421980 37 45 2
1421996 37 1 0
1422112 37 1 2
1422148 37 1 0
1422357 37 1 2
1422361 37 46 0
1422475 37 46 2
1422498 37 39 2
1422551 37 63 0
1422935 37 63 2
1422943 37 47 0
1423055 37 47 2
1423159 37 62 0
1423159 37 62 0
1423209 37 62 2
1423217 37 62 2
1423341 37 61 0
1423341 37 61 0
1423393 37 61 2
1423400 37 61 2
1423673 37 0 2
1423936 37 1 0
1424064 37 1 2
1424148 37 58 0
1424148 37 58 0
1424214 37 58 2
1424265 37 58 2
1424280 37 35 2
1424345 37 59 0
1424345 37 59 0
1424391 37 36 2
1424403 37 59 2
1424453 37 59 2
1437866 37 2 2
1482709 37 2 0
1482710 37 2 2
1484462 37 7 1
1484463 37 2 0
1484673 37 2 2
1484754 37 7 2
1564481 37 2 2
1593133 37 2 0
1593134 37 2 2
1605956 37 2 0
1605957 37 7 1
1606160 37 2 2
1606242 37 7 2
1629256 37 2 0
1629257 37 7 1
1629460 37 2 2
1629542 37 7 2
1670050 37 7 1
1670051 37 2 0
1670259 37 2 2
1670340 37 7 2
1714780 37 7 1
1714781 37 2 0
1714989 37 2 2
1715070 37 7 2
1755508 37 2 0
1755509 37 7 1
1755720 37 2 2
1755802 37 7 2
1778808 37 2 0
1778809 37 7 1
1779020 37 2 2
1779102 37 7 2
1818492 37 2 0
1818493 37 7 1
1818699 37 2 2
1818780 37 7 2
1863292 37 2 0
1863293 37 7 1
1863499 37 2 2
1863580 37 7 2
1901838 37 7 1
1901839 37 2 0
1902050 37 2 2
1902132 37 7 2
1925198 37 7 1
1925199 37 2 0
1925410 37 2 2
1925492 37 7 2
1937359 37 2 0
1937360 37 7 1
1937569 37 2 2
1937650 37 7 2
1975992 37 2 0
1975993 37 7 1
1976199 37 2 2
1976280 37 7 2
2021822 37 2 0
2021823 37 7 1
2022029 37 2 2
2022110 37 7 2
2062208 37 2 0
2062209 37 7 1
2062420 37 2 2
2062502 37 7 2
2085538 37 7 1
2085539 37 2 0
2085770 37 2 2
2085852 37 7 2
2124612 37 2 0
2124613 37 7 1
2124819 37 2 2
2124900 37 7 2
2169402 37 7 1
2169403 37 2 0
2169609 37 2 2
2169690 37 7 2
2180492 37 15 0
2180492 37 15 0
2180960 37 63 0
2180961 37 63 2
2181011 37 2 0
2181012 37 0 0
2181084 37 61 0
2181085 37 63 0
2181215 37 54 0
2181216 37 63 0
2181345 37 55 0
2181346 37 63 0
2181469 37 33 0
2181470 37 63 0
2181569 37 30 0
2181580 37 63 0
2181683 37 23 0
2181684 37 63 0
2181781 37 29 0
2181782 37 63 0
2181904 37 12 0
2181905 37 63 0
2182038 37 2 0
2182039 37 63 0
2182119 37 39 0
2182170 37 63 0
2182217 37 44 0
2182248 37 63 0
2182321 37 14 0
2182323 37 63 0
2182332 37 63 0
2182374 37 0 0
2182431 37 63 0
2182457 37 61 0
2182511 37 63 0
2182528 37 0 0
2182623 37 63 0
2182642 37 54 0
2182660 37 46 0
2182700 37 47 0
2182743 37 0 0
2182751 37 63 0
2182810 37 33 0
2182875 37 62 0
2182876 37 63 0
2182930 37 32 0
2182955 37 63 0
2182991 37 0 0
2183040 37 55 0
2183064 37 63 0
2183101 37 0 0
2183141 37 29 0
2183181 37 63 0
2183242 37 6 0
2183274 37 63 0
2183302 37 0 0
2183326 37 23 0
2183391 37 63 0
2183410 37 22 0
2183453 37 40 0
2183520 37 8 0
2183532 37 63 0
2183603 37 31 0
2183608 37 44 0
2183646 37 42 0
2183653 37 63 0
2183664 37 15 2
2183697 37 0 0
2183782 37 63 0
2183829 37 0 0
2183913 37 63 0
2183919 37 12 0
2183920 37 12 2
2183922 37 2 0
2183951 37 48 0
2184011 37 14 0
2184026 37 50 0
2184028 37 63 0
2184091 37 17 0
2184134 37 63 0
2184161 37 24 0
2184213 37 63 0
2184232 37 4 0
2184249 37 12 0
2184291 37 13 0
2184312 37 63 0
2184340 37 0 0
2184415 37 63 0
2184428 37 39 0
2184449 37 0 0
2184515 37 63 0
2184572 37 0 0
2184592 37 46 0
2184622 37 63 0
2184691 37 10 0
2184721 37 32 0
2184753 37 63 0
2184762 37 59 0
2184822 37 16 0
2184886 37 63 0
2184903 37 0 0
2184956 37 62 0
2184985 37 63 0
2185013 37 38 0
2185018 37 22 0
2185043 37 0 0
2185094 37 63 0
2185166 37 6 0
2185167 37 0 0
2185229 37 63 0
2185307 37 0 0
2185370 37 42 0
2185375 37 63 0
2185424 37 15 0
2185459 37 63 0
2185483 37 0 0
2185588 37 63 0
2185593 37 41 0
2185654 37 21 0
2185689 37 0 0
2185701 37 63 0
2185737 37 40 0
2185804 37 7 0
2185819 37 63 0
2185871 37 0 0
2185926 37 59 0
2185938 37 63 0
2185955 37 33 2
2185987 37 5 0
2186038 37 1 0
2186058 37 63 0
2186124 37 53 0
2186140 37 63 0
2186159 37 45 0
2186186 37 57 0
2186198 37 8 0
2186227 37 63 0
2186261 37 0 0
2186288 37 30 0
2186334 37 63 0
2186368 37 3 0
2186414 37 33 2
2186435 37 34 0
2186440 37 48 0
2186474 37 63 0
2186478 37 0 0
2186535 37 33 2
2186593 37 9 0
2186615 37 2 0
2186616 37 2 2
2186623 37 63 0
2186645 37 38 0
2186668 37 11 0
2186727 37 18 0
2186738 37 63 0
2186762 37 17 0
2186786 37 0 0
2186834 37 63 0
2186901 37 0 0
2186926 37 63 0
2186929 37 15 2
2186986 37 15 0
2187025 37 43 0
2187028 37 63 0
2187070 37 56 0
2187118 37 3 0
2187128 37 63 0
2187145 37 36 0
2187145 37 36 0
2187153 37 0 0
2187238 37 63 0
2187252 37 49 0
2187319 37 60 0
2187341 37 63 0
2187372 37 36 0
2187399 37 30 2
2187426 37 63 0
2187443 37 17 2
2187517 37 59 2
2187526 37 47 0
2187549 37 63 0
2187579 37 36 2
2187583 37 35 0
2187618 37 52 0
2187623 37 37 0
2187623 37 37 0
2187633 37 63 0
2187659 37 34 0
2187662 37 37 0
2187671 37 37 2
2187685 37 25 0
2187702 37 37 2
2187721 37 63 0
2187747 37 51 0
2187799 37 3 2
2187817 37 31 0
2187826 37 63 0
2187834 37 8 0
2187834 37 8 0
2187875 37 19 0
2187916 37 8 2
2187927 37 28 0
2187938 37 63 0
2187965 37 50 0
2187966 37 50 2
2187970 37 8 2
2188018 37 0 0
2188018 37 0 0
2188037 37 15 2
2188052 37 21 0
2188103 37 21 2
2188109 37 0 2
2188134 37 0 2
2188147 37 26 0
2188198 37 31 2
2188222 37 36 0
2188248 37 36 2
2188250 37 58 0
2188266 37 24 0
2188317 37 20 0
2188360 37 34 2
2188386 37 41 0
2188417 37 47 2
2188467 37 27 0
2188514 37 0 0
2188515 37 0 2
2188609 37 11 0
2188617 37 24 2
2188697 37 41 2
2188733 37 10 0
2188764 37 10 2
2188840 37 11 2
2188939 37 56 0
2188940 37 56 2
2189048 37 49 0
2189049 37 49 2
2189125 37 45 0
2189126 37 45 2
2189344 37 1 2
2189345 37 1 0
2189391 37 36 2
2189392 37 36 0
2189425 37 36 2
2189457 37 38 0
2189457 37 38 0
2189467 37 4 0
2189468 37 4 2
2189553 37 38 2
2189583 37 52 0
2189584 37 52 2
2189719 37 19 2
2189720 37 19 0
2189898 37 57 0
2189899 37 57 2
2189978 37 20 0
2189989 37 20 2
2190198 37 7 0
2190199 37 7 2
2190305 37 18 0
2190306 37 18 2
2190446 37 9 0
2190447 37 9 2
2190531 37 13 0
2190532 37 13 2
2190701 37 58 0
2190702 37 58 2
2190813 37 51 0
2190814 37 51 2
2191023 37 43 0
2191024 37 43 2
2191156 37 16 2
2191157 37 16 0
2191241 37 5 0
2191242 37 5 2
2191341 37 28 0
2191342 37 28 2
2191456 37 60 0
2191457 37 60 2
2191605 37 35 0
2191606 37 35 2
2191625 37 34 2
2191751 37 53 0
2191755 37 53 2
2191845 37 25 0
2191846 37 25 2
2192019 37 27 0
2192020 37 27 2
2192076 37 34 2
2192182 37 38 2
2192190 37 34 2
2192271 37 36 0
2192272 37 36 2
2192342 37 54 0
2192342 37 54 0
2192384 37 54 2
2192417 37 54 2
2192449 37 12 0
2192506 37 12 2
2192570 37 37 0
2192570 37 37 0
2192579 37 37 0
2192580 37 37 2
2192588 37 37 2
2192595 37 37 2
2192994 37 2 0
2192995 37 2 2
2193194 37 26 0
2193195 37 26 2
2193583 37 47 0
2193657 37 47 2
2193681 37 11 0
2193681 37 11 0
2193739 37 11 2
2193876 37 11 2
2194004 37 1 0
2194120 37 1 2
2194176 37 7 0
2194297 37 7 2
2194729 37 2 0
2194762 37 35 2
2195202 37 35 2
2195249 37 2 2
2195297 37 15 0
2195297 37 15 0
2195316 37 35 2
2195395 37 15 2
2195415 37 15 2
2195443 37 36 2
2195483 37 38 0
2195483 37 38 0
2195509 37 38 2
2195699 37 38 2
2195855 37 46 0
2195893 37 36 2
2195903 37 46 2
2195955 37 0 0
2195955 37 0 0
2196002 37 36 2
2196045 37 0 2
2196075 37 0 2
2196223 37 47 0
2196271 37 47 2
2196287 37 12 0
2196389 37 12 2
2196425 37 47 0
2196517 37 47 2
2197573 37 63 0
2197573 37 63 0
2197631 37 63 2
2197648 37 63 2
2197852 37 58 0
2197852 37 58 0
2197918 37 58 2
2197938 37 58 2
2198022 37 46 0
2198088 37 46 2
2198644 37 15 0
2198644 37 15 0
2198703 37 15 2
2198708 37 15 2
2198816 37 2 0
2198817 37 12 0
2215997 37 2 0
2215998 37 2 2
2287901 37 2 0
2287902 37 7 1
2288109 37 2 2
2288190 37 7 2
2308106 37 2 0
2308107 37 2 2
2309962 37 2 0
2309963 37 2 2
2325059 37 2 0
2325060 37 2 2
2425261 37 2 0
2425262 37 2 2
2449483 37 2 0
2449484 37 2 2
2458291 37 2 0
2458292 37 2 2
2505980 37 2 0
2505981 37 2 2
2518823 37 2 0
2518825 37 7 1
2519046 37 2 2
2519128 37 7 2
2542433 37 2 0
2542434 37 7 1
2542646 37 2 2
2542728 37 7 2
2583777 37 2 0
2583778 37 7 1
2583986 37 2 2
2584067 37 7 2
2629207 37 2 0
2629208 37 7 1
2629425 37 2 2
2629506 37 7 2
2629894 37 2 0
2629895 37 2 2
2658010 37 2 0
2658011 37 2 2
2673413 37 2 0
2673414 37 7 1
2673626 37 2 2
2673708 37 7 2
2677150 37 2 0
2677151 37 0 0
2679137 37 12 0
2679138 37 2 0
2696114 37 2 2
2696115 37 2 0
2711032 37 2 0
2711033 37 2 2
2793201 37 2 0
2793202 37 7 1
2793412 37 2 2
2793494 37 7 2
2835300 37 2 0
2835301 37 7 1
2835511 37 2 2
2835592 37 7 2
2835980 37 2 0
2835981 37 2 2
2880770 37 2 0
2880771 37 7 1
2880981 37 2 2
2881062 37 7 2
2909598 37 2 0
2909599 37 2 2
2923736 37 2 0
2923737 37 7 1
2923948 37 2 2
2924030 37 7 2
2947156 37 2 0
2947157 37 7 1
2947368 37 2 2
2947450 37 7 2
2986400 37 2 0
2986401 37 7 1
2986607 37 2 2
2986688 37 7 2
3031740 37 2 0
3031741 37 7 1
3031947 37 2 2
3032028 37 7 2
3032416 37 2 0
3032417 37 2 2
3059115 37 2 0
3059116 37 2 2
3074607 37 2 0
3074608 37 7 1
3074819 37 2 2
3074901 37 7 2
3098117 37 2 0
3098118 37 7 1
3098329 37 2 2
3098411 37 7 2
3137221 37 2 0
3137222 37 7 1
3137428 37 2 2
3137509 37 7 2
3157054 37 15 0
3157054 37 15 0
3157457 37 0 0
3157458 37 2 0
3157803 37 15 2
3160406 37 15 2
3160966 37 38 0
3160966 37 38 0
3161112 37 38 2
3161671 37 38 2
3163603 37 15 0
3163603 37 15 0
3163691 37 15 2
3163759 37 15 2
3163847 37 38 0
3163847 37 38 0
3164903 37 38 2
3165090 37 2 0
3165091 37 2 2
3165302 37 0 2
3165851 37 7 0
3166953 37 38 2
3167737 37 7 2
3169097 37 15 0
3169097 37 15 0
3169325 37 15 2
3169383 37 15 2
3175477 37 2 0
3175478 37 2 2
3182159 37 2 0
3182160 37 12 0
3208921 37 2 0
3208922 37 7 1
3209125 37 2 2
3209206 37 7 2
3209594 37 2 0
3209595 37 2 2
3250507 37 2 0
3250508 37 7 1
3250719 37 2 2
3250801 37 7 2
3273827 37 2 0
3273828 37 7 1
3274039 37 2 2
3274121 37 7 2
3313101 37 2 0
3313102 37 7 1
3313308 37 2 2
3313389 37 7 2
3358491 37 2 0
3358492 37 7 1
3358698 37 2 2
3358779 37 7 2
3359167 37 2 0
3359168 37 2 2
3386026 37 2 0
3386027 37 2 2
3401419 37 2 0
3401420 37 7 1
3401631 37 2 2
3401713 37 7 2
3424839 37 2 0
3424840 37 7 1
3425051 37 2 2
3425133 37 7 2
3463983 37 2 0
3463984 37 7 1
3464190 37 2 2
3464271 37 7 2
3508993 37 7 1
3508994 37 2 0
3509200 37 2 2
3509281 37 7 2
3549418 37 2 0
3549419 37 7 1
3549629 37 2 2
3549711 37 7 2
3572808 37 2 0
3572809 37 7 1
3573019 37 2 2
3573101 37 7 2
3612142 37 7 1
3612143 37 2 0
3612358 37 2 2
3612439 37 7 2
3657562 37 2 0
3657563 37 7 1
3657768 37 2 2
3657849 37 7 2
3658237 37 2 0
3658238 37 2 2
3684755 37 2 0
3684756 37 2 2
3700163 37 2 0
3700164 37 7 1
3700375 37 2 2
3700457 37 7 2
3723503 37 2 0
3723504 37 7 1
3723725 37 2 2
3723807 37 7 2
3762587 37 2 0
3762588 37 7 1
3762794 37 2 2
3762875 37 7 2
3807597 37 7 1
3807598 37 2 0
3807804 37 2 2
3807885 37 7 2
3834385 37 2 2
3834386 37 2 0
3909961 37 2 0
3909962 37 2 2
3911683 37 2 0
3911684 37 2 2
4032402 37 2 0
4032403 37 2 2
4056206 37 2 0
4056207 37 2 2
4065072 37 2 0
4065073 37 2 2
4111344 37 2 0
4111345 37 2 2
4124197 37 2 0
4124198 37 7 1
4124410 37 2 2
4124492 37 7 2
4133617 37 15 0
4133617 37 15 0
4134276 37 2 0
4134277 37 0 0
4136204 37 15 2
4136764 37 38 0
4136764 37 38 0
4136790 37 38 2
4137499 37 38 2
4138310 37 15 2
4139431 37 15 0
4139431 37 15 0
4139489 37 15 2
4139937 37 15 2
4140025 37 38 0
4140025 37 38 0
4140419 37 38 2
4141641 37 38 2
4142727 37 15 0
4142727 37 15 0
4142785 37 15 2
4142793 37 15 2
4145943 37 2 0
4145944 37 2 2
4152406 37 2 0
4152407 37 2 2
4158434 37 2 0
4158435 37 12 0
4174427 37 2 0
4174428 37 7 1
4174640 37 2 2
4174722 37 7 2
4214811 37 2 0
4214812 37 7 1
4215019 37 2 2
4215100 37 7 2
4259671 37 2 0
4259672 37 7 1
4259879 37 2 2
4259960 37 7 2
4299720 37 2 0
4299721 37 2 2
4300998 37 2 0
4300999 37 2 2
4313022 37 2 0
4313023 37 2 2
4395045 37 2 0
4395046 37 7 1
4395257 37 2 2
4395339 37 7 2
4418375 37 2 0
4418376 37 7 1
4418587 37 2 2
4418669 37 7 2
4458839 37 2 0
4458840 37 7 1
4459046 37 2 2
4459127 37 7 2
4504279 37 2 0
4504280 37 7 1
4504486 37 2 2
4504567 37 7 2
4504955 37 2 0
4504956 37 2 2
4531592 37 2 0
4531593 37 2 2
4547015 37 7 1
4547016 37 2 0
4547227 37 2 2
4547309 37 7 2
4570355 37 7 1
4570356 37 2 0
4570567 37 2 2
4570649 37 7 2
4609439 37 2 0
4609440 37 7 1
4609646 37 2 2
4609727 37 7 2
4654469 37 2 0
4654470 37 7 1
4654676 37 2 2
4654757 37 7 2
4695010 37 2 0
4695011 37 7 1
4695222 37 2 2
4695304 37 7 2
4718320 37 2 0
4718321 37 7 1
4718532 37 2 2
4718614 37 7 2
4757614 37 2 0
4757615 37 7 1
4757821 37 2 2
4757902 37 7 2
4802964 37 2 0
4802965 37 7 1
4803171 37 2 2
4803252 37 7 2
4803640 37 2 0
4803641 37 2 2
4830216 37 2 2
4830217 37 2 0
4845586 37 2 0
4845587 37 7 1
4845798 37 2 2
4845880 37 7 2
4868936 37 2 0
4868937 37 7 1
4869148 37 2 2
4869230 37 7 2
4880760 37 2 0
4880761 37 2 2
4882859 37 2 0
4882860 37 2 2
4916814 37 2 0
4916815 37 7 1
4917022 37 2 2
4917103 37 7 2
4962119 37 2 0
4962120 37 7 1
4962322 37 2 2
4962403 37 7 2
4962791 37 2 0
4962792 37 2 2
5006280 37 2 0
5006281 37 7 1
5006493 37 2 2
5006575 37 7 2
5029600 37 2 0
5029601 37 7 1
5029813 37 2 2
5029895 37 7 2
5046623 37 2 0
5046624 37 2 2
5083268 37 2 0
5083269 37 7 1
5083473 37 2 2
5083555 37 7 2
5106828 37 2 0
5106829 37 7 1
5107033 37 2 2
5107115 37 7 2
5110179 37 15 0
5110179 37 15 0
5110943 37 2 0
5110944 37 0 0
5112494 37 15 2
5113054 37 38 0
5113054 37 38 0
5113080 37 38 2
5113929 37 38 2
5114472 37 15 2
5115347 37 2 0
5115349 37 2 2
5115861 37 15 0
5115861 37 15 0
5115919 37 15 2
5116327 37 15 2
5116415 37 38 0
5116415 37 38 0
5117640 37 38 2
5117911 37 38 2
5119948 37 15 0
5119948 37 15 0
5120006 37 15 2
5120024 37 15 2
5121590 37 2 2
5121591 37 2 0
5122258 37 0 2
5127715 37 2 0
5127716 37 12 0
5164945 37 2 0
5164946 37 7 1
5165157 37 2 2
5165238 37 7 2
5209855 37 2 0
5209856 37 7 1
5210067 37 2 2
5210148 37 7 2
5250897 37 2 0
5250898 37 7 1
5251109 37 2 2
5251191 37 7 2
5274237 37 2 0
5274238 37 7 1
5274449 37 2 2
5274531 37 7 2
5313361 37 2 0
5313362 37 7 1
5313568 37 2 2
5313649 37 7 2
5358191 37 2 0
5358192 37 7 1
5358398 37 2 2
5358479 37 7 2
5397317 37 2 0
5397318 37 7 1
5397529 37 2 2
5397611 37 7 2
5420727 37 2 0
5420728 37 7 1
5420939 37 2 2
5421021 37 7 2
5459711 37 2 0
5459712 37 7 1
5459918 37 2 2
5459999 37 7 2
5504431 37 2 0
5504432 37 7 1
5504638 37 2 2
5504719 37 7 2
5543517 37 2 0
5543518 37 7 1
5543729 37 2 2
5543811 37 7 2
5566897 37 2 0
5566898 37 7 1
5567109 37 2 2
5567191 37 7 2
5606081 37 2 0
5606082 37 7 1
5606288 37 2 2
5606369 37 7 2
5650891 37 2 0
5650892 37 7 1
5651098 37 2 2
5651179 37 7 2
5690097 37 2 0
5690098 37 7 1
5690309 37 2 2
5690391 37 7 2
5713497 37 2 0
5713498 37 7 1
5713709 37 2 2
5713791 37 7 2
5752671 37 2 0
5752672 37 7 1
5752878 37 2 2
5752959 37 7 2
5797531 37 2 0
5797532 37 7 1
5797738 37 2 2
5797819 37 7 2
5836317 37 2 0
5836318 37 7 1
5836529 37 2 2
5836611 37 7 2
5859697 37 2 0
5859698 37 7 1
5859909 37 2 2
5859991 37 7 2
5898871 37 2 0
5898872 37 7 1
5899078 37 2 2
5899159 37 7 2
5943721 37 2 0
5943722 37 7 1
5943928 37 2 2
5944009 37 7 2
5982557 37 2 0
5982558 37 7 1
5982769 37 2 2
5982851 37 7 2
6005887 37 2 0
6005888 37 7 1
6006099 37 2 2
6006181 37 7 2
6044881 37 2 0
6044882 37 7 1
6045088 37 2 2
6045169 37 7 2
6086744 37 15 0
6086744 37 15 0
6087474 37 15 2
6088034 37 38 0
6088034 37 38 0
6088060 37 38 2
6088092 37 15 2
6088159 37 38 2
6089611 37 7 0
6089727 37 7 2
6090207 37 15 0
6090207 37 15 0
6090265 37 15 2
6090563 37 15 2
6090651 37 38 0
6090651 37 38 0
6090766 37 38 2
6091887 37 38 2
6093074 37 15 0
6093074 37 15 0
6093140 37 15 2
6093352 37 15 2
6099466 37 2 0
6099467 37 2 2
6107976 37 2 0
6107977 37 12 0
6112152 37 2 0
6112153 37 7 1
6112358 37 2 2
6112439 37 7 2
6152391 37 2 0
6152392 37 7 1
6152603 37 2 2
6152685 37 7 2
6175731 37 2 0
6175732 37 7 1
6175943 37 2 2
6176025 37 7 2
6214855 37 2 0
6214856 37 7 1
6215062 37 2 2
6215143 37 7 2
6259655 37 2 0
6259656 37 7 1
6259862 37 2 2
6259943 37 7 2
6298711 37 2 0
6298712 37 7 1
6298923 37 2 2
6299005 37 7 2
6322021 37 2 0
6322022 37 7 1
6322233 37 2 2
6322315 37 7 2
6361035 37 2 0
6361036 37 7 1
6361242 37 2 2
6361323 37 7 2
6405785 37 2 0
6405786 37 7 1
6405992 37 2 2
6406073 37 7 2
6429341 37 2 0
6429342 37 7 1
6429552 37 2 2
6429633 37 7 2
6456666 37 2 0
6456667 37 2 2
6482212 37 2 0
6482213 37 7 1
6482422 37 2 2
6482503 37 7 2
6482515 37 2 0
6482516 37 2 2
6526065 37 2 0
6526066 37 7 1
6526273 37 2 2
6526355 37 7 2
6549395 37 2 0
6549396 37 7 1
6549603 37 2 2
6549685 37 7 2
6616296 37 2 0
6616297 37 7 1
6616506 37 2 2
6616587 37 7 2
6641706 37 2 0
6641707 37 2 2
6657470 37 2 0
6657471 37 7 1
6657682 37 2 2
6657764 37 7 2
6680890 37 2 0
6680891 37 7 1
6681102 37 2 2
6681184 37 7 2
6720704 37 2 0
6720705 37 7 1
6720911 37 2 2
6720992 37 7 2
6765704 37 2 0
6765705 37 7 1
6765911 37 2 2
6765992 37 7 2
6792393 37 2 0
6792394 37 2 2
6863312 37 2 0
6863313 37 2 2
6865152 37 2 0
6865153 37 2 2
6979922 37 2 0
6979923 37 2 2
7003894 37 2 0
7003895 37 2 2
7008354 37 2 0
7008355 37 2 2
7013130 37 2 0
7013131 37 2 2
7059373 37 2 0
7059374 37 2 2
7063304 37 15 0
7063304 37 15 0
7064046 37 2 0
7064047 37 0 0
7066533 37 15 2
7066647 37 15 2
7067093 37 38 0
7067093 37 38 0
7067119 37 38 2
7067728 37 38 2
7069660 37 15 0
7069660 37 15 0
7069789 37 15 2
7069805 37 15 2
7069893 37 38 0
7069893 37 38 0
7070189 37 38 2
7071377 37 2 0
7071378 37 63 0
7072199 37 38 2
7072497 37 15 0
7072497 37 15 0
7072555 37 15 2
7072663 37 15 2
7073261 37 0 2
7073884 37 2 0
7073885 37 2 2
7075511 37 2 0
7075512 37 2 2
7082140 37 2 0
7082141 37 2 2
7088799 37 2 0
7088800 37 12 0
7099686 37 2 0
7099687 37 7 1
7099899 37 2 2
7099981 37 7 2
7123217 37 2 0
7123218 37 7 1
7123429 37 2 2
7123511 37 7 2
7163780 37 2 0
7163781 37 7 1
7163988 37 2 2
7164069 37 7 2
7208900 37 2 0
7208901 37 7 1
7209108 37 2 2
7209189 37 7 2
7248392 37 2 0
7248393 37 2 2
7250268 37 2 0
7250269 37 2 2
7262024 37 2 0
7262025 37 2 2
7266143 37 2 0
7266144 37 2 2
7319234 37 2 0
7319235 37 2 2
7345337 37 2 0
7345338 37 7 1
7345549 37 2 2
7345631 37 7 2
7368717 37 2 0
7368718 37 7 1
7368929 37 2 2
7369011 37 7 2
7408991 37 2 0
7408992 37 7 1
7409198 37 2 2
7409279 37 7 2
7454341 37 2 0
7454342 37 7 1
7454548 37 2 2
7454629 37 7 2
7455017 37 2 0
7455018 37 2 2
7481507 37 2 0
7481508 37 2 2
7496949 37 2 0
7496950 37 7 1
7497161 37 2 2
7497243 37 7 2
7520319 37 2 0
7520320 37 7 1
7520531 37 2 2
7520613 37 7 2
7532207 37 2 0
7532208 37 2 2
7568362 37 2 0
7568363 37 7 1
7568571 37 2 2
7568652 37 7 2
7613512 37 7 1
7613513 37 2 0
7613721 37 2 2
7613802 37 7 2
7641611 37 2 0
7641612 37 2 2
7661134 37 2 0
7661135 37 7 1
7661343 37 2 2
7661425 37 7 2
7678654 37 7 1
7678655 37 2 0
7678863 37 2 2
7678945 37 7 2
7702034 37 7 1
7702035 37 2 0
7702243 37 2 2
7702325 37 7 2
7741228 37 7 1
7741229 37 2 0
7741432 37 2 2
7741513 37 7 2
7785988 37 2 0
7785989 37 7 1
7786192 37 2 2
7786273 37 7 2
7825394 37 2 0
7825395 37 7 1
7825603 37 2 2
7825685 37 7 2
7848814 37 2 0
7848815 37 7 1
7849023 37 2 2
7849105 37 7 2
7887988 37 2 0
7887989 37 7 1
7888192 37 2 2
7888273 37 7 2
7932818 37 2 0
7932819 37 7 1
7933022 37 2 2
7933103 37 7 2
7954445 37 2 2
7954446 37 2 0
7968341 37 2 0
7968342 37 2 2
7993270 37 2 0
7993271 37 7 1
7993480 37 2 2
7993561 37 7 2
7993573 37 2 0
7993574 37 2 2
8035987 37 2 0
8035988 37 7 1
8036199 37 2 2
8036281 37 7 2
8039867 37 15 0
8039867 37 15 0
8040501 37 2 0
8040502 37 0 0
8041506 37 2 0
8041507 37 63 0
8041665 37 15 2
8043412 37 15 2
8043972 37 38 0
8043972 37 38 0
8044158 37 38 2
8044667 37 38 2
8045389 37 2 0
8045390 37 2 2
8046119 37 7 0
8046241 37 7 2
8046644 37 2 0
8046645 37 2 2
8046721 37 15 0
8046721 37 15 0
8046779 37 15 2
8046787 37 15 2
8046875 37 38 0
8046875 37 38 0
8050411 37 38 2
8051620 37 38 2
8052702 37 2 0
8052703 37 2 2
8053928 37 15 0
8053928 37 15 0
8053986 37 15 2
8053994 37 15 2
8058219 37 2 0
8058220 37 12 0
8079017 37 2 0
8079018 37 7 1
8079226 37 2 2
8079308 37 7 2
8110186 37 2 0
8110187 37 2 2
8110634 37 2 0
8110635 37 2 2
8149979 37 2 0
8149980 37 7 1
8150188 37 2 2
8150269 37 7 2
8175639 37 2 0
8175640 37 2 2
8191599 37 2 0
8191600 37 7 1
8191811 37 2 2
8191893 37 7 2
8215009 37 2 0
8215010 37 7 1
8215221 37 2 2
8215303 37 7 2
8254783 37 2 0
8254784 37 7 1
8254990 37 2 2
8255071 37 7 2
8300103 37 2 0
8300104 37 7 1
8300310 37 2 2
8300391 37 7 2
8300779 37 2 0
8300780 37 2 2
8327230 37 2 0
8327231 37 2 2
8342690 37 2 0
8342691 37 7 1
8342902 37 2 2
8342984 37 7 2
8366020 37 2 0
8366021 37 7 1
8366232 37 2 2
8366314 37 7 2
8405164 37 2 0
8405165 37 7 1
8405371 37 2 2
8405452 37 7 2
8449984 37 2 0
8449985 37 7 1
8450191 37 2 2
8450272 37 7 2
8488720 37 2 0
8488721 37 7 1
8488932 37 2 2
8489014 37 7 2
8512080 37 2 0
8512081 37 7 1
8512292 37 2 2
8512374 37 7 2
8551344 37 2 0
8551345 37 7 1
8551551 37 2 2
8551632 37 7 2
8596144 37 2 0
8596145 37 7 1
8596351 37 2 2
8596432 37 7 2
8635060 37 2 0
8635061 37 7 1
8635272 37 2 2
8635354 37 7 2
8658400 37 2 0
8658401 37 7 1
8658612 37 2 2
8658694 37 7 2
8697444 37 2 0
8697445 37 7 1
8697651 37 2 2
8697732 37 7 2
8742274 37 2 0
8742275 37 7 1
8742481 37 2 2
8742562 37 7 2
8781010 37 2 0
8781011 37 7 1
8781322 37 2 2
8781404 37 7 2
8804490 37 2 0
8804491 37 7 1
8804702 37 2 2
8804784 37 7 2
8843514 37 2 0
8843515 37 7 1
8843721 37 2 2
8843802 37 7 2
8888364 37 2 0
8888365 37 7 1
8888571 37 2 2
8888652 37 7 2
8927320 37 2 0
8927321 37 7 1
8927532 37 2 2
8927614 37 7 2
8950780 37 2 0
8950781 37 7 1
8950992 37 2 2
8951074 37 7 2
8989804 37 2 0
8989805 37 7 1
8990011 37 2 2
8990092 37 7 2
9016431 37 15 0
9016431 37 15 0
9017759 37 15 2
9018158 37 15 2
9018718 37 38 0
9018718 37 38 0
9018744 37 38 2
9019923 37 38 2
9021855 37 15 0
9021855 37 15 0
9021943 37 15 2
9022460 37 15 2
9022548 37 38 0
9022548 37 38 0
9022715 37 38 2
9024865 37 0 2
9025023 37 15 0
9025023 37 15 0
9025081 37 15 2
9025089 37 15 2
9025213 37 7 0
9025615 37 7 2
9026814 37 38 2
9027487 37 2 0
9027488 37 2 2
9029154 37 50 0
9029155 37 50 2
9029261 37 23 0
9029262 37 50 0
9029474 37 42 0
9029475 37 50 0
9030058 37 51 0
9030059 37 50 0
9030514 37 38 0
9030515 37 50 0
9030769 37 62 0
9030770 37 50 0
9030974 37 7 0
9030975 37 50 0
9031689 37 5 0
9031690 37 50 0
9032049 37 44 0
9032050 37 50 0
9032317 37 40 0
9032318 37 50 0
9032397 37 26 0
9032418 37 50 0
9032497 37 4 0
9032508 37 50 0
9032582 37 20 0
9032623 37 50 0
9032699 37 46 0
9032720 37 50 0
9032904 37 21 0
9032905 37 50 0
9033076 37 6 0
9033077 37 50 0
9033401 37 34 0
9033402 37 50 0
9033498 37 28 0
9033499 37 50 0
9033658 37 27 0
9033659 37 50 0
9033984 37 17 0
9033985 37 50 0
9034147 37 19 0
9034148 37 50 0
9034449 37 18 0
9034450 37 50 0
9034663 37 30 0
9034664 37 50 0
9037533 37 2 0
9037534 37 12 0
9039271 37 34 2
9039303 37 30 2
9039385 37 34 2
9039611 37 34 2
9040772 37 28 2
9042514 37 26 2
9051105 37 20 2
9055971 37 18 2
9056994 37 7 1
9056995 37 2 0
9057204 37 2 2
9057285 37 7 2
9072540 37 6 2
9074771 37 4 2
9078492 37 2 2
9078493 37 2 0
9082321 37 62 2
9098696 37 50 2
9104194 37 46 2
9109939 37 42 2
9110466 37 44 2
9113696 37 2 0
9113697 37 7 1
9113902 37 2 2
9113983 37 7 2
9113995 37 2 0
9113996 37 2 2
9116105 37 40 2
9156547 37 2 0
9156548 37 7 1
9156759 37 2 2
9156841 37 7 2
9179947 37 2 0
9179948 37 7 1
9180159 37 2 2
9180241 37 7 2
9234896 37 2 0
9234897 37 7 1
9235105 37 2 2
9235186 37 7 2
9272684 37 2 0
9272685 37 7 1
9272896 37 2 2
9272978 37 7 2
9296074 37 2 0
9296075 37 7 1
9296286 37 2 2
9296368 37 7 2
9327724 37 2 0
9327725 37 7 1
9327936 37 2 2
9328018 37 7 2
9351104 37 2 0
9351105 37 7 1
9351316 37 2 2
9351398 37 7 2
9369846 37 2 0
9369847 37 7 1
9370056 37 2 2
9370138 37 7 2
9390390 37 2 0
9390391 37 7 1
9390595 37 2 2
9390676 37 7 2
9401476 37 2 0
9401477 37 7 1
9401685 37 2 2
9401766 37 7 2
9427096 37 2 0
9427097 37 7 1
9427305 37 2 2
9427386 37 7 2
9522331 37 2 2
9559715 37 7 1
9559716 37 2 0
9559918 37 2 2
9559999 37 7 2
9568499 37 2 0
9568500 37 7 1
9568708 37 2 2
9568789 37 7 2
9639952 37 2 0
9639952 37 3 2
9646369 37 7 1
9646370 37 2 0
9646578 37 2 2
9646659 37 7 2
9649297 37 3 2
9649535 37 7 1
9649738 37 3 2
9649811 37 7 2
9656840 37 3 0
9656841 37 2 0
9670245 37 7 1
9670264 37 3 0
9670265 37 7 1
9670449 37 2 2
9670531 37 7 2
9670559 37 3 2
9670633 37 7 2
9679728 37 2 0
9697171 37 7 1
9697379 37 17 2
9697452 37 7 2
9701208 37 15 0
9701208 37 15 0
9701266 37 15 2
9701307 37 15 2
9701395 37 30 0
9701492 37 30 2
9701504 37 24 0
9701610 37 24 2
9701710 37 25 0
9701807 37 25 2
9701815 37 37 0
9701824 37 2 0
9701824 37 37 2
9701907 37 37 2
9701971 37 26 0
9702061 37 26 2
9702125 37 27 0
9702207 37 27 2
9702239 37 34 0
9702345 37 34 2
9702357 37 26 0
9702463 37 26 2
9702559 37 55 0
9702697 37 55 2
9702705 37 27 0
9702811 37 27 2
9702859 37 23 0
9702975 37 2 0
9703322 37 2 0
9704352 37 7 1
9704558 37 35 2
9704599 37 7 2
9704635 37 2 0
9705470 37 2 0
9706051 37 23 2
9706055 37 28 0
9706161 37 28 2
9706195 37 10 2
9706197 37 23 0
9706300 37 2 0
9707310 37 2 0
9707521 37 2 0
9711177 37 23 2
9711193 37 60 0
9711323 37 60 2
9711339 37 61 0
9711469 37 61 2
9711489 37 0 0
9711489 37 0 0
9711579 37 0 2
9711743 37 0 2
9711779 37 37 0
9711788 37 2 0
9711869 37 37 2
9711921 37 23 0
9712233 37 33 2
9716183 37 23 2
9716191 37 19 0
9716235 37 15 2
9716273 37 19 2
9716277 37 23 0
9718477 37 23 2
9718922 37 33 2
9718933 37 23 0
9719458 37 7 1
9719669 37 53 2
9719710 37 7 2
9729953 37 23 2
9730004 37 14 2
9730082 37 57 2
9730205 37 38 2
9730272 37 21 2
9730342 37 29 2
9730412 37 7 2
9730495 37 53 2
9730578 37 18 2
9730672 37 41 2
9730782 37 49 2
9730897 37 46 2
9730972 37 34 2
9731075 37 56 2
9731081 37 23 0
9731368 37 23 2
9731909 37 61 2
9731920 37 23 0
9732080 37 23 2
9732131 37 22 2
9732198 37 43 2
9732290 37 8 2
9732405 37 47 2
9732482 37 56 2
9732613 37 63 2
9732704 37 28 2
9732783 37 32 2
9732893 37 51 2
9732993 37 13 2
9733068 37 50 2
9733175 37 24 2
9733283 37 15 2
9733358 37 54 2
9733443 37 19 2
9733526 37 52 2
9733617 37 7 2
9733703 37 11 2
9733794 37 2 2
9733903 37 20 2
9733978 37 62 2
9734073 37 16 2
9734183 37 53 2
9734279 37 60 2
9734288 37 23 0
9739375 37 7 1
9739578 37 3 2
9739651 37 7 2
9740884 37 23 2
9741685 37 27 2
9741688 37 23 0
9742342 37 23 2
9745425 37 21 2
9745426 37 23 0
9745822 37 23 2
9748808 37 29 2
9748810 37 23 0
9753034 37 23 2
9753522 37 23 2
9753526 37 23 0
9753844 37 23 2
9753895 37 34 2
9753986 37 11 2
9754077 37 26 2
9754168 37 7 2
9754251 37 30 2
9754318 37 45 2
9754393 37 38 2
9754460 37 47 2
9754535 37 8 2
9754650 37 14 2
9754726 37 18 2
9754817 37 44 2
9754900 37 54 2
9754983 37 24 2
9755090 37 19 2
9755173 37 53 2
9755256 37 61 2
9755347 37 52 2
9755438 37 43 2
9755529 37 22 2
9755596 37 56 2
9755727 37 41 2
9755834 37 39 2
9755901 37 28 2
9755977 37 57 2
9756100 37 42 2
9756199 37 13 2
9756274 37 2 2
9756381 37 15 2
9756458 37 17 2
9756558 37 40 2
9756674 37 20 2
9756749 37 16 2
9756858 37 23 2
9756929 37 58 2
9757044 37 32 2
9757151 37 51 2
9757250 37 50 2
9757361 37 63 2
9757452 37 31 2
9757521 37 49 2
9757673 37 25 2
9757684 37 23 0
9759237 37 23 2
9760729 37 7 1
9760939 37 3 2
9761013 37 7 2
9762213 37 23 0
9762213 37 46 2
9764132 37 23 2
9767018 37 28 2
9767024 37 23 0
9768474 37 23 2
9770471 37 28 2
9770478 37 23 0
9773144 37 23 2
9773279 37 13 2
9773288 37 23 0
9773652 37 23 2
9774502 37 3 0
9774503 37 7 1
9774709 37 3 2
9774783 37 7 2
9777181 37 54 2
9777192 37 23 0
9778770 37 23 2
9780869 37 3 2
9781782 37 23 0
9781782 37 34 2
9783098 37 23 2
9786439 37 19 2
9786446 37 23 0
9787912 37 23 2
9788876 37 19 2
9788884 37 23 0
9792889 37 23 2
9793544 37 7 1
9793749 37 3 2
9793823 37 7 2
9794340 37 44 2
9794341 37 23 0
9795371 37 23 2
9797159 37 23 0
9797159 37 62 2
9798955 37 23 2
9800019 37 47 2
9800023 37 23 0
9800547 37 23 2
9801491 37 31 2
9801495 37 23 0
9803195 37 23 2
9804625 37 38 2
9804635 37 23 0
9806695 37 23 2
9806747 37 11 2
9806755 37 23 0
9813025 37 23 2
9813309 37 61 2
9813313 37 23 0
9814317 37 23 2
9816026 37 17 2
9816033 37 23 0
9816804 37 3 0
9816805 37 7 1
9817009 37 3 2
9817083 37 7 2
9817559 37 23 2
9819223 37 50 2
9819227 37 23 0
9819544 37 23 2
9819596 37 41 2
9819703 37 26 2
9819794 37 7 2
9819877 37 30 2
9819944 37 63 2
9820036 37 40 2
9820151 37 24 2
9820258 37 57 2
9820381 37 48 2
9820507 37 18 2
9820598 37 56 2
9820729 37 20 2
9820807 37 16 2
9820917 37 49 2
9821032 37 22 2
9821099 37 52 2
9821190 37 39 2
9821259 37 60 2
9821359 37 58 2
9821490 37 32 2
9821500 37 23 0
9822226 37 23 2
9823961 37 7 2
9823966 37 23 0
9824602 37 23 2
9825970 37 23 0
9825970 37 52 2
9827380 37 23 2
9828193 37 39 2
9828196 37 23 0
9828929 37 23 2
9828981 37 29 0
9828982 37 26 2
9829087 37 29 2
9829103 37 23 0
9830066 37 23 2
9830117 37 63 2
9830118 37 23 0
9830745 37 23 2
9830793 37 32 0
9830796 37 49 2
9830899 37 32 2
9830983 37 28 0
9831024 37 28 2
9831076 37 2 0
9831157 37 2 2
9831169 37 29 0
9831202 37 29 2
9831234 37 4 0
9831316 37 4 2
9831324 37 35 0
9831324 37 35 0
9831358 37 35 2
9831407 37 35 2
9851015 37 20 2
9855053 37 2 0
9855054 37 2 2
9860880 37 3 0
9860881 37 7 1
9861088 37 3 2
9861161 37 7 2
9894528 37 2 0
9894529 37 7 1
9894738 37 2 2
9894819 37 7 2
9896490 37 2 0
9896491 37 7 1
9896699 37 2 2
9896781 37 7 2
9897780 37 3 0
9897781 37 7 1
9897988 37 3 2
9898061 37 7 2
9912569 37 3 0
9912570 37 3 2
9918996 37 3 0
9918997 37 3 2
9934694 37 3 0
9934695 37 7 1
9934899 37 3 2
9934973 37 7 2
9944928 37 2 0
9944929 37 7 1
9945138 37 2 2
9945219 37 7 2
9946890 37 7 1
9947099 37 2 2
9947181 37 7 2
9957984 37 3 0
9957985 37 7 1
9958189 37 3 2
9958263 37 7 2
9993250 37 62 0
9993251 37 63 0
9993302 37 38 0
9993326 37 63 0
9993329 37 34 0
9993372 37 6 0
9993432 37 0 0
9993432 37 0 0
9993433 37 51 0
9993433 37 63 0
9993484 37 4 0
9993541 37 63 0
9993543 37 27 0
9993586 37 50 0
9993624 37 63 0
9993630 37 0 2
9993645 37 19 0
9993696 37 30 0
9993699 37 63 0
9993733 37 23 0
9993750 37 38 0
9993750 37 38 0
9993774 37 63 0
9993785 37 17 0
9993852 37 0 2
9993856 37 21 0
9993875 37 63 0
9993896 37 7 0
9993966 37 63 0
9993966 37 38 2
9993968 37 46 0
9994008 37 28 0
9994048 37 26 0
9994089 37 63 0
9994100 37 44 0
9994140 37 42 0
9994197 37 63 0
9994200 37 40 0
9994248 37 2 0
9994249 37 0 0
9994270 37 20 0
9994297 37 63 0
9994320 37 18 0
9994380 37 5 0
9994381 37 63 0
9994481 37 63 0
9994597 37 63 0
9994689 37 63 0
9994797 37 63 0
9994905 37 63 0
9995005 37 63 0
9995121 37 63 0
9995222 37 63 0
9995322 37 63 0
9995422 37 63 0
9995752 37 2 0
9995753 37 63 0
9995833 37 7 1
9995903 37 7 2
9996501 37 62 0
9996502 37 62 2
9996958 37 2 0
9996959 37 2 2
9997045 37 7 1
9997173 37 27 0
9997174 37 27 2
9997248 37 2 2
9997305 37 50 0
9997306 37 50 2
9997325 37 38 2
9997329 37 7 2
9997517 37 12 0
9997574 37 12 2
9997639 37 18 0
9997640 37 18 2
9997856 37 19 0
9997857 37 19 2
9998095 37 46 0
9998096 37 46 2
9998324 37 7 0
9998325 37 7 2
9998515 37 17 0
9998516 37 17 2
9998630 37 6 0
9998631 37 6 2
9998739 37 30 0
9998740 37 30 2
9998811 37 21 0
9998812 37 21 2
9999314 37 15 0
9999314 37 15 0
9999403 37 15 2
9999444 37 42 0
9999445 37 42 2
9999456 37 15 2
9999544 37 38 0
9999544 37 38 0
9999547 37 28 0
9999548 37 28 2
9999649 37 26 0
9999650 37 26 2
9999936 37 40 2
9999937 37 40 0
10000292 37 4 0
10000293 37 4 2
10000511 37 5 0
10000512 37 5 2
10000611 37 0 0
10000612 37 0 2
10000644 37 2 0
10000645 37 2 2
10000675 37 23 2
10000703 37 38 2
10000714 37 23 0
10000774 37 20 0
10000775 37 20 2
10000859 37 46 0
10000945 37 46 2
10000997 37 0 0
10000997 37 0 0
10001089 37 0 2
10001113 37 0 2
10001177 37 38 0
10001178 37 38 2
10001201 37 55 0
10001212 37 55 2
10001261 37 47 0
10001310 37 47 2
10001326 37 12 0
10001386 37 51 2
10001387 37 51 0
10001402 37 14 0
10001431 37 12 2
10001443 37 14 2
10001467 37 47 0
10001544 37 54 0
10001545 37 54 2
10001564 37 47 2
10001932 37 34 0
10001933 37 34 2
10002210 37 38 2
10003531 37 63 0
10003532 37 63 2
10003716 37 15 0
10003716 37 15 0
10003804 37 15 2
10003842 37 15 2
10003947 37 44 0
10003948 37 44 2
10003994 37 15 0
10003995 37 15 2
10004538 37 1 0
10004652 37 1 2
10004704 37 35 0
10004704 37 35 0
10004738 37 35 2
10004746 37 35 2
10004759 37 13 0
10004760 37 13 2
10004873 37 25 0
10004874 37 25 2
10004902 37 36 0
10004902 37 36 0
10004928 37 36 2
10005009 37 36 2
10005073 37 37 0
10005073 37 37 0
10005082 37 37 0
10005083 37 37 2
10005091 37 37 2
10005098 37 37 2
10005146 37 58 0
10005146 37 58 0
10005212 37 58 2
10005250 37 58 2
10005282 37 59 0
10005282 37 59 0
10005340 37 59 2
10005412 37 59 2
10005500 37 3 0
10005501 37 3 2
10005504 37 0 0
10005504 37 0 0
10005595 37 0 2
10005782 37 0 2
10005902 37 61 0
10005902 37 61 0
10005944 37 61 2
10005993 37 12 0
10005994 37 12 2
10006033 37 61 2
10006313 37 54 0
10006313 37 54 0
10006355 37 54 2
10006363 37 54 2
10007121 37 10 0
10007122 37 10 2
10007689 37 2 0
10007690 37 3 0
10007771 37 1 0
10007771 37 1 0
10007853 37 1 2
10007862 37 1 2
10008310 37 46 0
10008360 37 46 2
10008392 37 47 0
10008450 37 47 2
10008594 37 12 0
10008668 37 12 2
10008975 37 11 0
10008976 37 11 2
10009152 37 1 0
10009258 37 1 2
10009308 37 20 2
10009706 37 46 0
10009706 37 46 0
10009740 37 46 2
10009765 37 46 2
10009797 37 47 0
10009855 37 47 2
10009922 37 3 0
10009923 37 12 0
10009999 37 12 0
10010081 37 12 2
10010565 37 1 0
10010565 37 1 0
10010647 37 1 2
10010655 37 1 2
10011087 37 12 0
10011144 37 12 2
10011160 37 46 0
10011250 37 46 2
10011282 37 47 0
10011282 37 47 0
10011324 37 47 2
10011381 37 47 2
10011525 37 12 0
10011525 37 12 0
10011575 37 12 2
10011632 37 12 2
10012116 37 1 0
10012116 37 1 0
10012198 37 1 2
10012223 37 1 2
10012450 37 3 0
10012451 37 7 1
10012658 37 3 2
10012671 37 46 0
10012671 37 46 0
10012705 37 46 2
10012730 37 7 2
10012754 37 46 2
10012786 37 47 0
10012786 37 47 0
10012828 37 47 2
10012877 37 47 2
10013021 37 12 0
10013021 37 12 0
10013071 37 12 2
10013120 37 12 2
10013534 37 2 0
10013535 37 12 0
10013604 37 1 0
10013604 37 1 0
10013691 37 1 2
10013694 37 1 2
10014142 37 46 0
10014142 37 46 0
10014176 37 46 2
10014218 37 46 2
10014250 37 47 0
10014250 37 47 0
10014292 37 47 2
10014333 37 47 2
10014477 37 12 0
10014477 37 12 0
10014527 37 12 2
10014568 37 12 2
10015052 37 1 0
10015052 37 1 0
10015134 37 1 2
10015159 37 1 2
10015607 37 46 0
10015607 37 46 0
10015641 37 46 2
10015674 37 46 2
10015706 37 47 0
10015706 37 47 0
10015748 37 47 2
10015781 37 47 2
10015925 37 12 0
10015925 37 12 0
10015975 37 12 2
10016008 37 12 2
10016492 37 1 0
10016492 37 1 0
10016574 37 1 2
10016582 37 1 2
10017030 37 46 0
10017030 37 46 0
10017064 37 46 2
10017089 37 46 2
10017121 37 47 0
10017121 37 47 0
10017163 37 47 2
10017188 37 47 2
10017332 37 12 0
10017332 37 12 0
10017382 37 12 2
10017407 37 12 2
10017891 37 1 0
10017891 37 1 0
10017973 37 1 2
10017981 37 1 2
10018429 37 46 0
10018429 37 46 0
10018463 37 46 2
10018480 37 46 2
10018512 37 47 0
10018512 37 47 0
10018554 37 47 2
10018571 37 47 2
10018715 37 12 0
10018715 37 12 0
10018766 37 12 2
10018791 37 12 2
10019275 37 1 0
10019275 37 1 0
10019357 37 1 2
10019364 37 1 2
10019812 37 46 0
10019812 37 46 0
10019846 37 46 2
10019863 37 46 2
10019895 37 47 0
10019895 37 47 0
10019937 37 47 2
10019954 37 47 2
10020098 37 12 0
10020098 37 12 0
10020148 37 12 2
10020181 37 12 2
10020665 37 1 0
10020665 37 1 0
10020747 37 1 2
10020788 37 1 2
10021236 37 46 0
10021236 37 46 0
10021270 37 46 2
10021295 37 46 2
10021327 37 47 0
10021327 37 47 0
10021369 37 47 2
10021386 37 47 2
10021530 37 12 0
10021530 37 12 0
10021580 37 12 2
10021621 37 12 2
10022105 37 1 0
10022105 37 1 0
10022187 37 1 2
10022197 37 1 2
10022645 37 46 0
10022645 37 46 0
10022679 37 46 2
10022744 37 46 2
10022776 37 47 0
10022776 37 47 0
10022818 37 47 2
10022883 37 47 2
10023027 37 12 0
10023027 37 12 0
10023077 37 12 2
10023142 37 12 2
10023626 37 1 0
10023626 37 1 0
10023708 37 1 2
10023741 37 1 2
10024189 37 46 0
10024189 37 46 0
10024228 37 46 2
10024285 37 46 2
10024317 37 47 0
10024317 37 47 0
10024359 37 47 2
10024416 37 47 2
10024560 37 12 0
10024560 37 12 0
10024610 37 12 2
10024667 37 12 2
10025151 37 1 0
10025151 37 1 0
10025233 37 1 2
10025240 37 1 2
10025688 37 46 0
10025688 37 46 0
10025722 37 46 2
10025771 37 46 2
10025803 37 47 0
10025803 37 47 0
10025845 37 47 2
10025894 37 47 2
10026038 37 12 0
10026038 37 12 0
10026089 37 12 2
10026138 37 12 2
10026622 37 1 0
10026622 37 1 0
10026704 37 1 2
10026712 37 1 2
10027160 37 46 0
10027160 37 46 0
10027194 37 46 2
10027235 37 46 2
10027267 37 47 0
10027267 37 47 0
10027309 37 47 2
10027350 37 47 2
10027494 37 12 0
10027494 37 12 0
10027544 37 12 2
10027585 37 12 2
10028069 37 1 0
10028069 37 1 0
10028151 37 1 2
10028159 37 1 2
10028401 37 14 2
10028607 37 46 0
10028607 37 46 0
10028641 37 46 2
10028674 37 46 2
10028706 37 47 0
10028706 37 47 0
10028748 37 47 2
10028781 37 47 2
10028925 37 12 0
10028925 37 12 0
10028975 37 12 2
10029008 37 12 2
10029492 37 1 0
10029492 37 1 0
10029574 37 1 2
10029582 37 1 2
10030030 37 46 0
10030030 37 46 0
10030064 37 46 2
10030089 37 46 2
10030121 37 47 0
10030121 37 47 0
10030163 37 47 2
10030188 37 47 2
10030332 37 12 0
10030332 37 12 0
10030382 37 12 2
10030415 37 12 2
10030899 37 1 0
10030899 37 1 0
10030981 37 1 2
10030990 37 1 2
10031438 37 46 0
10031438 37 46 0
10031472 37 46 2
10031480 37 46 2
10031512 37 47 0
10031512 37 47 0
10031554 37 47 2
10031562 37 47 2
10031706 37 12 0
10031706 37 12 0
10031756 37 12 2
10031764 37 12 2
10032248 37 1 0
10032248 37 1 0
10032330 37 1 2
10032338 37 1 2
10032786 37 46 0
10032786 37 46 0
10032820 37 46 2
10032828 37 46 2
10032860 37 47 0
10032860 37 47 0
10032902 37 47 2
10032909 37 47 2
10033053 37 12 0
10033053 37 12 0
10033103 37 12 2
10033110 37 12 2
10033594 37 1 0
10033594 37 1 0
10033676 37 1 2
10033684 37 1 2
10034132 37 46 0
10034132 37 46 0
10034166 37 46 2
10034174 37 46 2
10034206 37 47 0
10034206 37 47 0
10034248 37 47 2
10034256 37 47 2
10034400 37 12 0
10034400 37 12 0
10034450 37 12 2
10034458 37 12 2
10034942 37 1 0
10034942 37 1 0
10035024 37 1 2
10035033 37 1 2
10035481 37 46 0
10035481 37 46 0
10035515 37 46 2
10035523 37 46 2
10035555 37 47 0
10035555 37 47 0
10035597 37 47 2
10035605 37 47 2
10035749 37 12 0
10035749 37 12 0
10035799 37 12 2
10035804 37 12 2
10035806 37 12 2
10036290 37 1 0
10036290 37 1 0
10036372 37 1 2
10036380 37 1 2
10036828 37 46 0
10036828 37 46 0
10036862 37 46 2
10036869 37 46 2
10036901 37 47 0
10036901 37 47 0
10036943 37 47 2
10036951 37 47 2
10037095 37 12 0
10037095 37 12 0
10037145 37 12 2
10037153 37 12 2
10037637 37 1 0
10037637 37 1 0
10037719 37 1 2
10037767 37 1 2
10038215 37 46 0
10038215 37 46 0
10038249 37 46 2
10038258 37 46 2
10038290 37 47 0
10038290 37 47 0
10038332 37 47 2
10038339 37 47 2
10038483 37 12 0
10038483 37 12 0
10038533 37 12 2
10038542 37 12 2
10039026 37 1 0
10039026 37 1 0
10039108 37 1 2
10039116 37 1 2
10039295 37 10 2
10039564 37 46 0
10039564 37 46 0
10039598 37 46 2
10039606 37 46 2
10039638 37 47 0
10039638 37 47 0
10039680 37 47 2
10039688 37 47 2
10039832 37 12 0
10039832 37 12 0
10039882 37 12 2
10039890 37 12 2
10039898 37 11 2
10040374 37 1 0
10040374 37 1 0
10040456 37 1 2
10040506 37 1 2
10040954 37 46 0
10040954 37 46 0
10040988 37 46 2
10040996 37 46 2
10041028 37 47 0
10041028 37 47 0
10041070 37 47 2
10041078 37 47 2
10041222 37 12 0
10041222 37 12 0
10041272 37 12 2
10041280 37 12 2
10041764 37 1 0
10041764 37 1 0
10041846 37 1 2
10041854 37 1 2
10042302 37 46 0
10042302 37 46 0
10042338 37 46 2
10042346 37 46 2
10042378 37 47 0
10042378 37 47 0
10042420 37 47 2
10042427 37 47 2
10042571 37 12 0
10042571 37 12 0
10042621 37 12 2
10042629 37 12 2
10043113 37 1 0
10043113 37 1 0
10043195 37 1 2
10043212 37 1 2
10043660 37 46 0
10043660 37 46 0
10043694 37 46 2
10043702 37 46 2
10043734 37 47 0
10043734 37 47 0
10043776 37 47 2
10043785 37 47 2
10043929 37 12 0
10043929 37 12 0
10043979 37 12 2
10043987 37 12 2
10044375 37 1 0
10044375 37 1 0
10044457 37 1 2
10044468 37 1 2
10044916 37 46 0
10044916 37 46 0
10044950 37 46 2
10044958 37 46 2
10044990 37 47 0
10044990 37 47 0
10045032 37 47 2
10045039 37 47 2
10045183 37 12 0
10045183 37 12 0
10045233 37 12 2
10045241 37 12 2
10045725 37 1 0
10045725 37 1 0
10045807 37 1 2
10045815 37 1 2
10046263 37 46 0
10046263 37 46 0
10046297 37 46 2
10046305 37 46 2
10046337 37 47 0
10046337 37 47 0
10046379 37 47 2
10046387 37 47 2
10046531 37 12 0
10046531 37 12 0
10046581 37 12 2
10046589 37 12 2
10047073 37 1 0
10047073 37 1 0
10047155 37 1 2
10047163 37 1 2
10047611 37 46 0
10047611 37 46 0
10047645 37 46 2
10047653 37 46 2
10047685 37 47 0
10047685 37 47 0
10047727 37 47 2
10047735 37 47 2
10047887 37 61 0
10047887 37 61 0
10047929 37 61 2
10047937 37 61 2
10047961 37 62 0
10047961 37 62 0
10048011 37 62 2
10048019 37 62 2
10048295 37 63 0
10048295 37 63 0
10048353 37 63 2
10048361 37 63 2
10048785 37 12 0
10048785 37 12 0
10048835 37 12 2
10048844 37 12 2
10049059 37 3 0
10049060 37 7 1
10049268 37 3 2
10049341 37 7 2
10049496 37 1 0
10049496 37 1 0
10049578 37 1 2
10049585 37 1 2
10050033 37 46 0
10050033 37 46 0
10050067 37 46 2
10050074 37 46 2
10050106 37 47 0
10050106 37 47 0
10050148 37 47 2
10050156 37 47 2
10051032 37 12 0
10051032 37 12 0
10051082 37 12 2
10051091 37 12 2
10051743 37 1 0
10051743 37 1 0
10051762 37 0 2
10051825 37 1 2
10051833 37 1 2
10052281 37 46 0
10052281 37 46 0
10052315 37 46 2
10052322 37 46 2
10052354 37 47 0
10052354 37 47 0
10052396 37 47 2
10052404 37 47 2
10052516 37 2 0
10052517 37 2 2
10052548 37 12 0
10052548 37 12 0
10052599 37 12 2
10052606 37 12 2
10053090 37 1 0
10053090 37 1 0
10053174 37 1 2
10053199 37 1 2
10053647 37 46 0
10053647 37 46 0
10053681 37 46 2
10053689 37 46 2
10053721 37 47 0
10053721 37 47 0
10053773 37 47 2
10053774 37 47 2
10053918 37 12 0
10053918 37 12 0
10053968 37 12 2
10053978 37 12 2
10054462 37 1 0
10054462 37 1 0
10054544 37 1 2
10054551 37 1 2
10054999 37 46 0
10054999 37 46 0
10055033 37 46 2
10055042 37 46 2
10055074 37 47 0
10055074 37 47 0
10055116 37 47 2
10055123 37 47 2
10055267 37 12 0
10055267 37 12 0
10055317 37 12 2
10055324 37 12 2
10055808 37 1 0
10055808 37 1 0
10055890 37 1 2
10055898 37 1 2
10056346 37 46 0
10056346 37 46 0
10056380 37 46 2
10056388 37 46 2
10056420 37 47 0
10056420 37 47 0
10056462 37 47 2
10056470 37 47 2
10056614 37 12 0
10056614 37 12 0
10056664 37 12 2
10056672 37 12 2
10057156 37 1 0
10057156 37 1 0
10057238 37 1 2
10057245 37 1 2
10057693 37 46 0
10057693 37 46 0
10057735 37 46 2
10057737 37 46 2
10057769 37 47 0
10057769 37 47 0
10057811 37 47 2
10057819 37 47 2
10057963 37 12 0
10057963 37 12 0
10058013 37 12 2
10058021 37 12 2
10058505 37 1 0
10058505 37 1 0
10058587 37 1 2
10058595 37 1 2
10059043 37 46 0
10059043 37 46 0
10059077 37 46 2
10059084 37 46 2
10059116 37 47 0
10059116 37 47 0
10059158 37 47 2
10059166 37 47 2
10059310 37 12 0
10059310 37 12 0
10059360 37 12 2
10059368 37 12 2
10059852 37 1 0
10059852 37 1 0
10059934 37 1 2
10059942 37 1 2
10060390 37 46 0
10060390 37 46 0
10060424 37 46 2
10060432 37 46 2
10060464 37 47 0
10060464 37 47 0
10060506 37 47 2
10060514 37 47 2
10060658 37 12 0
10060658 37 12 0
10060708 37 12 2
10060716 37 12 2
10061200 37 1 0
10061200 37 1 0
10061282 37 1 2
10061290 37 1 2
10061738 37 46 0
10061738 37 46 0
10061772 37 46 2
10061780 37 46 2
10061812 37 47 0
10061812 37 47 0
10061854 37 47 2
10061862 37 47 2
10062006 37 12 0
10062006 37 12 0
10062056 37 12 2
10062064 37 12 2
10062548 37 1 0
10062548 37 1 0
10062630 37 1 2
10062638 37 1 2
10063086 37 46 0
10063086 37 46 0
10063120 37 46 2
10063128 37 46 2
10063160 37 47 0
10063160 37 47 0
10063202 37 47 2
10063210 37 47 2
10063354 37 12 0
10063354 37 12 0
10063404 37 12 2
10063412 37 12 2
10063896 37 1 0
10063896 37 1 0
10063978 37 1 2
10064003 37 1 2
10064451 37 46 0
10064451 37 46 0
10064485 37 46 2
10064493 37 46 2
10064525 37 47 0
10064525 37 47 0
10064567 37 47 2
10064577 37 47 2
10064721 37 12 0
10064721 37 12 0
10064771 37 12 2
10064779 37 12 2
10065263 37 1 0
10065263 37 1 0
10065345 37 1 2
10065352 37 1 2
10065499 37 54 2
10065800 37 46 0
10065800 37 46 0
10065834 37 46 2
10065842 37 46 2
10065874 37 47 0
10065874 37 47 0
10065916 37 47 2
10065925 37 47 2
10066069 37 12 0
10066069 37 12 0
10066119 37 12 2
10066129 37 12 2
10066613 37 1 0
10066613 37 1 0
10066695 37 1 2
10066702 37 1 2
10067150 37 46 0
10067150 37 46 0
10067184 37 46 2
10067192 37 46 2
10067224 37 47 0
10067224 37 47 0
10067266 37 47 2
10067274 37 47 2
10067418 37 12 0
10067418 37 12 0
10067468 37 12 2
10067476 37 12 2
10067960 37 1 0
10067960 37 1 0
10068042 37 1 2
10068050 37 1 2
10068498 37 46 0
10068498 37 46 0
10068532 37 46 2
10068540 37 46 2
10068572 37 47 0
10068572 37 47 0
10068614 37 47 2
10068622 37 47 2
10068672 37 2 0
10068673 37 37 0
10068673 37 2 2
10068683 37 2 2
10068766 37 12 0
10068766 37 12 0
10068816 37 12 2
10068824 37 12 2
10069308 37 1 0
10069308 37 1 0
10069390 37 1 2
10069398 37 1 2
10069846 37 46 0
10069846 37 46 0
10069880 37 46 2
10069888 37 46 2
10069920 37 47 0
10069920 37 47 0
10069962 37 47 2
10069969 37 47 2
10070113 37 12 0
10070113 37 12 0
10070163 37 12 2
10070170 37 12 2
10070654 37 1 0
10070654 37 1 0
10070736 37 1 2
10070743 37 1 2
10071191 37 46 0
10071191 37 46 0
10071225 37 46 2
10071233 37 46 2
10071265 37 47 0
10071265 37 47 0
10071307 37 47 2
10071315 37 47 2
10071459 37 12 0
10071459 37 12 0
10071510 37 12 2
10071518 37 12 2
10072002 37 1 0
10072002 37 1 0
10072084 37 1 2
10072092 37 1 2
10072540 37 46 0
10072540 37 46 0
10072574 37 46 2
10072582 37 46 2
10072614 37 47 0
10072614 37 47 0
10072658 37 47 2
10072669 37 47 2
10072813 37 12 0
10072813 37 12 0
10072863 37 12 2
10072870 37 12 2
10073354 37 1 0
10073354 37 1 0
10073436 37 1 2
10073444 37 1 2
10073892 37 46 0
10073892 37 46 0
10073926 37 46 2
10073934 37 46 2
10073966 37 47 0
10073966 37 47 0
10074008 37 47 2
10074018 37 47 2
10074162 37 12 0
10074162 37 12 0
10074212 37 12 2
10074220 37 12 2
10074704 37 1 0
10074704 37 1 0
10074786 37 1 2
10074794 37 1 2
10075242 37 46 0
10075242 37 46 0
10075276 37 46 2
10075284 37 46 2
10075316 37 47 0
10075316 37 47 0
10075358 37 47 2
10075366 37 47 2
10075510 37 12 0
10075510 37 12 0
10075560 37 12 2
10075571 37 12 2
10076055 37 1 0
10076055 37 1 0
10076137 37 1 2
10076145 37 1 2
10076593 37 46 0
10076593 37 46 0
10076627 37 46 2
10076635 37 46 2
10076667 37 47 0
10076667 37 47 0
10076709 37 47 2
10076717 37 47 2
10076861 37 12 0
10076861 37 12 0
10076911 37 12 2
10076919 37 12 2
10077403 37 1 0
10077403 37 1 0
10077485 37 1 2
10077502 37 1 2
10077950 37 46 0
10077950 37 46 0
10077984 37 46 2
10077992 37 46 2
10078024 37 47 0
10078024 37 47 0
10078066 37 47 2
10078074 37 47 2
10078218 37 12 0
10078218 37 12 0
10078268 37 12 2
10078275 37 12 2
10078759 37 1 0
10078759 37 1 0
10078841 37 1 2
10078849 37 1 2
10079297 37 46 0
10079297 37 46 0
10079331 37 46 2
10079339 37 46 2
10079371 37 47 0
10079371 37 47 0
10079413 37 47 2
10079421 37 47 2
10079565 37 12 0
10079565 37 12 0
10079615 37 12 2
10079623 37 12 2
10080107 37 1 0
10080107 37 1 0
10080189 37 1 2
10080197 37 1 2
10080645 37 46 0
10080645 37 46 0
10080679 37 46 2
10080687 37 46 2
10080719 37 47 0
10080719 37 47 0
10080761 37 47 2
10080769 37 47 2
10080913 37 12 0
10080913 37 12 0
10080963 37 12 2
10080971 37 12 2
10081455 37 1 0
10081455 37 1 0
10081537 37 1 2
10081545 37 1 2
10081993 37 46 0
10081993 37 46 0
10082027 37 46 2
10082035 37 46 2
10082067 37 47 0
10082067 37 47 0
10082109 37 47 2
10082117 37 47 2
10082206 37 7 1
10082261 37 12 0
10082261 37 12 0
10082311 37 12 2
10082319 37 12 2
10082411 37 0 2
10082509 37 7 2
10082803 37 1 0
10082803 37 1 0
10082887 37 1 2
10082895 37 1 2
10083343 37 46 0
10083343 37 46 0
10083377 37 46 2
10083385 37 46 2
10083417 37 47 0
10083417 37 47 0
10083459 37 47 2
10083467 37 47 2
10083611 37 12 0
10083611 37 12 0
10083661 37 12 2
10083668 37 12 2
10084152 37 1 0
10084152 37 1 0
10084234 37 1 2
10084242 37 1 2
10084690 37 46 0
10084690 37 46 0
10084726 37 46 2
10084734 37 46 2
10084766 37 47 0
10084766 37 47 0
10084808 37 47 2
10084816 37 47 2
10084960 37 12 0
10084960 37 12 0
10085010 37 12 2
10085018 37 12 2
10085502 37 1 0
10085502 37 1 0
10085584 37 1 2
10085608 37 1 2
10086056 37 46 0
10086056 37 46 0
10086090 37 46 2
10086098 37 46 2
10086130 37 47 0
10086130 37 47 0
10086172 37 47 2
10086180 37 47 2
10086324 37 12 0
10086324 37 12 0
10086374 37 12 2
10086382 37 12 2
10086866 37 1 0
10086866 37 1 0
10086948 37 1 2
10086956 37 1 2
10087404 37 46 0
10087404 37 46 0
10087438 37 46 2
10087446 37 46 2
10087478 37 47 0
10087478 37 47 0
10087520 37 47 2
10087528 37 47 2
10087672 37 12 0
10087672 37 12 0
10087722 37 12 2
10087730 37 12 2
10088214 37 1 0
10088214 37 1 0
10088296 37 1 2
10088321 37 1 2
10088769 37 46 0
10088769 37 46 0
10088803 37 46 2
10088811 37 46 2
10088843 37 47 0
10088843 37 47 0
10088886 37 47 2
10088891 37 47 2
10089035 37 12 0
10089035 37 12 0
10089085 37 12 2
10089093 37 12 2
10089577 37 1 0
10089577 37 1 0
10089659 37 1 2
10089667 37 1 2
10090115 37 46 0
10090115 37 46 0
10090149 37 46 2
10090157 37 46 2
10090189 37 47 0
10090189 37 47 0
10090231 37 47 2
10090239 37 47 2
10090383 37 12 0
10090383 37 12 0
10090433 37 12 2
10090441 37 12 2
10090925 37 1 0
10090925 37 1 0
10091007 37 1 2
10091024 37 1 2
10091472 37 46 0
10091472 37 46 0
10091506 37 46 2
10091514 37 46 2
10091546 37 47 0
10091546 37 47 0
10091588 37 47 2
10091596 37 47 2
10091740 37 12 0
10091740 37 12 0
10091790 37 12 2
10091798 37 12 2
10092282 37 1 0
10092282 37 1 0
10092364 37 1 2
10092372 37 1 2
10092820 37 46 0
10092820 37 46 0
10092854 37 46 2
10092862 37 46 2
10092894 37 47 0
10092894 37 47 0
10092936 37 47 2
10092944 37 47 2
10093088 37 12 0
10093088 37 12 0
10093138 37 12 2
10093146 37 12 2
10093630 37 1 0
10093630 37 1 0
10093712 37 1 2
10093720 37 1 2
10093988 37 26 0
10094251 37 26 2
10094259 37 27 0
10094531 37 27 2
10094571 37 1 0
10094571 37 1 0
10094653 37 1 2
10094661 37 1 2
10094701 37 28 0
10094955 37 28 2
10095095 37 15 0
10095095 37 15 0
10095153 37 15 2
10095161 37 15 2
10095277 37 23 0
10095533 37 23 2
10095541 37 24 0
10095795 37 24 2
10095879 37 37 0
10095888 37 2 0
10095888 37 37 2
10095970 37 37 2
10096170 37 22 0
10096467 37 22 2
10096535 37 55 0
10096665 37 55 2
10096721 37 19 0
10098437 37 19 2
10098488 37 32 2
10098529 37 0 0
10098529 37 0 0
10098580 37 24 2
10098619 37 0 2
10098627 37 0 2
10098671 37 9 2
10098715 37 19 0
10098762 37 46 2
10098845 37 22 2
10098920 37 7 2
10099020 37 19 2
10099087 37 16 2
10099178 37 45 2
10099253 37 21 2
10099320 37 43 2
10099395 37 34 2
10099475 37 27 2
10102290 37 19 2
10102341 37 15 2
10102350 37 19 0
10105042 37 19 2
10105594 37 19 0
10105594 37 52 2
10117530 37 19 2
10118835 37 60 2
10118838 37 19 0
10121400 37 19 2
