0 40 51 0
37 40 0 1
264 40 2 2
345 40 0 2
2366 40 51 2
2370 40 22 0
4885 40 22 2
4897 40 1 0
5147 40 0 1
5344 40 0 2
5409 40 0 2
5743 40 1 2
5763 40 24 0
5919 40 24 2
59308 40 0 1
59504 40 2 2
59585 40 0 2
60470 40 0 1
60665 40 2 2
60747 40 0 2
75683 40 0 1
75884 40 0 2
75949 40 0 2
84418 40 0 1
84614 40 2 2
84695 40 0 2
101719 40 0 1
101914 40 2 2
101995 40 0 2
151605 40 0 1
151804 40 2 2
151885 40 0 2
152273 40 0 1
152475 40 2 2
152557 40 0 2
201867 40 0 1
202064 40 2 2
202145 40 0 2
218899 40 2 0
218900 40 0 1
219115 40 2 2
219197 40 0 2
226717 40 4 0
231420 40 4 2
231472 40 44 0
233486 40 44 2
233498 40 5 0
233612 40 5 2
233624 40 45 0
234075 40 45 2
234143 40 24 0
234399 40 24 2
234431 40 25 0
234536 40 25 2
234544 40 26 0
234652 40 26 2
234692 40 27 0
234797 40 27 2
234817 40 33 0
234877 40 0 1
234980 40 0 1
234983 40 33 2
235003 40 35 0
235078 40 37 2
235109 40 35 2
235112 40 0 1
235117 40 41 0
235152 40 0 2
235185 40 19 2
235259 40 0 2
235271 40 0 1
235315 40 20 2
235397 40 0 2
235439 40 0 1
235475 40 13 2
235567 40 0 1
235573 40 0 2
235635 40 6 2
235687 40 0 1
235705 40 41 2
235721 40 42 0
235749 40 0 2
235765 40 11 2
235847 40 0 2
235855 40 0 1
235905 40 10 2
235979 40 0 2
236011 40 42 2
236023 40 0 1
236043 40 1 0
236055 40 4 2
236136 40 1 2
236153 40 0 2
236172 40 36 0
236187 40 0 1
236225 40 5 2
236331 40 0 2
236395 40 22 2
236416 40 0 1
236493 40 0 2
236550 40 0 1
236585 40 36 2
236597 40 43 0
236616 40 39 2
236660 40 0 1
236706 40 0 2
236755 40 7 2
236801 40 0 1
236875 40 12 2
236877 40 0 2
236888 40 43 2
236904 40 17 0
236934 40 0 1
236965 40 0 2
236993 40 17 2
237005 40 30 2
237069 40 0 1
237085 40 27 0
237094 40 0 2
237145 40 50 2
237178 40 0 1
237195 40 0 2
237265 40 28 2
237296 40 0 1
237342 40 0 2
237371 40 27 2
237375 40 37 0
237375 40 0 1
237375 40 43 2
237426 40 0 2
237495 40 3 2
237536 40 0 1
237559 40 37 2
237571 40 17 0
237585 40 0 2
237605 40 32 2
237639 40 0 2
237694 40 17 2
237702 40 15 0
237726 40 0 1
237736 40 1 2
237805 40 0 1
237810 40 0 2
237925 40 29 2
237955 40 15 2
237987 40 0 1
237995 40 16 0
238008 40 0 2
238035 40 9 2
238087 40 0 1
238091 40 16 2
238101 40 0 2
238131 40 18 0
238195 40 44 2
238253 40 0 2
238256 40 18 2
238269 40 0 1
238280 40 61 0
238315 40 27 2
238381 40 0 2
238466 40 14 2
238558 40 0 1
238576 40 0 2
238755 40 15 2
238782 40 0 1
238869 40 0 2
238882 40 0 1
238985 40 63 2
239022 40 0 1
239084 40 0 2
239094 40 49 2
239136 40 0 2
239166 40 0 1
239225 40 58 2
239281 40 0 1
239283 40 0 2
239365 40 52 2
239381 40 0 1
239431 40 0 2
239495 40 0 1
239503 40 15 2
239585 40 62 2
239615 40 0 2
239623 40 61 2
239635 40 54 0
239653 40 0 1
239675 40 0 2
239695 40 57 2
239745 40 0 2
239777 40 0 1
239829 40 54 2
239849 40 12 0
239855 40 47 2
239878 40 0 1
239937 40 0 2
239947 40 12 2
239955 40 19 0
239975 40 21 2
240049 40 0 1
240055 40 19 2
240059 40 35 0
240068 40 0 2
240115 40 35 2
240172 40 0 2
240194 40 0 1
240245 40 45 2
240305 40 0 1
240311 40 0 2
240385 40 35 2
240395 40 54 2
240401 40 53 0
240413 40 0 1
240476 40 0 2
240505 40 51 2
240564 40 0 2
240585 40 0 1
240646 40 26 2
240681 40 0 1
240704 40 0 2
240785 40 53 2
240813 40 0 1
240858 40 0 2
240894 40 0 1
240925 40 42 2
240935 40 53 2
240967 40 0 2
240975 40 33 0
240988 40 0 1
241035 40 36 2
241061 40 33 2
241073 40 36 0
241101 40 0 2
241118 40 0 1
241145 40 17 2
241181 40 36 2
241201 40 40 0
241203 40 0 2
241210 40 0 1
241255 40 24 2
241297 40 0 2
241375 40 18 2
241441 40 0 2
241448 40 0 1
241519 40 40 2
241535 40 40 2
241544 40 0 2
241545 40 0 1
241552 40 0 1
241559 40 37 0
241669 40 0 1
241675 40 46 2
241746 40 37 2
241750 40 0 2
241754 40 0 2
241756 40 0 1
241821 40 0 2
241827 40 0 0
241845 40 16 2
241850 40 38 0
241896 40 0 2
241927 40 0 0
241993 40 0 1
242005 40 34 2
242055 40 0 2
242056 40 0 0
242082 40 38 2
242086 40 1 0
242116 40 8 2
242124 40 0 1
242169 40 0 0
242174 40 0 2
242225 40 31 2
242289 40 0 0
242290 40 0 1
242323 40 0 2
242335 40 60 2
242363 40 1 2
242387 40 8 0
242391 40 0 0
242409 40 0 2
242470 40 8 2
242478 40 29 0
242485 40 48 2
242505 40 0 0
242519 40 0 2
242525 40 0 1
242622 40 0 0
242634 40 29 2
242660 40 0 1
242674 40 0 0
242724 40 61 2
242726 40 0 0
242751 40 0 2
242763 40 38 0
242806 40 0 2
242847 40 0 0
242865 40 59 2
242899 40 0 1
242931 40 0 2
242983 40 0 1
242985 40 38 2
242989 40 0 0
243001 40 39 0
243123 40 0 0
243165 40 39 2
243169 40 39 0
243205 40 23 2
243227 40 0 1
243268 40 0 0
243311 40 0 2
243335 40 41 2
243358 40 0 1
243368 40 0 0
243369 40 0 2
243444 40 0 1
243463 40 0 0
243475 40 55 2
243565 40 0 2
243600 40 0 1
243619 40 0 0
243645 40 38 2
243676 40 39 2
243729 40 0 2
243732 40 36 0
243738 40 0 1
243757 40 0 0
243764 40 33 2
243807 40 0 2
243851 40 36 2
243875 40 56 2
243883 40 38 0
243896 40 0 0
243917 40 0 2
243995 40 25 2
244035 40 0 0
244045 40 0 2
244056 40 38 2
244072 40 51 0
244154 40 0 0
244190 40 51 2
244246 40 62 0
244258 40 0 0
244502 40 0 0
244571 40 62 2
244579 40 52 0
244650 40 0 0
244776 40 0 0
244825 40 52 2
244861 40 6 0
244944 40 0 0
245169 40 0 0
245241 40 6 2
245261 40 53 0
245330 40 0 0
245394 40 53 2
245418 40 54 0
245464 40 0 0
245548 40 0 0
245568 40 54 2
245584 40 11 0
245675 40 0 0
245809 40 0 0
245907 40 11 2
245919 40 56 0
245967 40 0 0
246078 40 56 2
246082 40 12 0
246143 40 0 0
246294 40 0 0
246382 40 12 2
246390 40 57 0
246421 40 0 0
246524 40 57 2
246528 40 2 0
246562 40 0 0
246590 40 0 1
246694 40 0 0
246805 40 0 0
246814 40 5 2
246839 40 2 2
246891 40 37 0
246919 40 0 2
246930 40 0 0
247028 40 0 0
247158 40 0 0
247273 40 0 0
247283 40 37 2
247299 40 40 0
247358 40 0 0
247449 40 40 2
247467 40 0 0
247505 40 58 0
247608 40 0 0
247804 40 0 0
247903 40 58 2
247958 40 0 0
247963 40 35 0
248066 40 35 2
248070 40 50 0
248072 40 0 0
248216 40 0 0
248302 40 0 0
248401 40 0 0
248407 40 50 2
248427 40 62 0
248537 40 0 0
248673 40 0 0
248788 40 0 0
248926 40 0 0
249104 40 0 0
249240 40 0 0
249372 40 0 0
249611 40 0 0
249762 40 0 0
249882 40 0 0
250018 40 0 0
250238 40 62 2
250266 40 38 0
250581 40 38 2
250653 40 63 0
251417 40 63 2
251457 40 12 0
251745 40 12 2
251769 40 2 0
251883 40 2 2
251907 40 13 0
252226 40 13 2
252322 40 3 0
252457 40 3 2
252497 40 23 0
252665 40 23 2
252681 40 24 0
252756 40 24 2
252864 40 11 0
253187 40 11 2
253195 40 25 0
253283 40 25 2
253311 40 26 0
253406 40 26 2
253486 40 0 0
253564 40 0 2
253572 40 3 0
253672 40 3 2
253716 40 4 0
253825 40 4 2
253921 40 5 0
254135 40 5 2
254175 40 15 0
254528 40 15 2
254536 40 14 0
254893 40 14 2
254905 40 50 0
255103 40 50 2
255131 40 6 0
255328 40 6 2
255348 40 4 0
255519 40 4 2
255527 40 8 0
255669 40 8 2
255673 40 47 0
255951 40 47 2
255959 40 49 0
256049 40 49 2
256065 40 11 0
256343 40 0 1
256554 40 0 2
256622 40 0 2
256626 40 0 0
256656 40 11 2
256692 40 5 0
256715 40 0 0
256835 40 0 0
256838 40 5 2
256862 40 37 0
256936 40 0 0
257058 40 0 0
257155 40 37 2
257180 40 0 0
257219 40 4 0
257301 40 0 0
257329 40 4 2
257333 40 1 0
257344 40 2 0
257345 40 0 0
257398 40 0 0
257421 40 1 2
257449 40 27 0
257515 40 0 0
257649 40 0 0
257665 40 27 2
257673 40 2 0
257774 40 2 2
257783 40 0 0
257786 40 11 0
257925 40 11 2
257933 40 7 0
258007 40 0 0
258156 40 0 0
258284 40 0 0
258304 40 7 2
258324 40 3 0
258401 40 0 0
258423 40 3 2
258531 40 6 0
258564 40 0 0
258663 40 6 2
258683 40 9 0
258725 40 0 0
258782 40 9 2
258887 40 0 0
258954 40 8 0
259088 40 8 2
259100 40 11 0
259204 40 0 0
259337 40 11 2
259340 40 0 0
259357 40 12 0
259487 40 12 2
259499 40 0 0
259511 40 16 0
259642 40 0 0
259752 40 0 0
259761 40 16 2
259769 40 13 0
259951 40 0 0
259978 40 13 2
260026 40 2 0
260162 40 2 2
260198 40 14 0
260245 40 0 0
260406 40 0 0
260531 40 0 0
260620 40 14 2
260624 40 17 0
260681 40 0 0
260820 40 0 0
260926 40 0 0
260953 40 17 2
260961 40 15 0
261037 40 0 0
261200 40 15 2
261220 40 18 0
261253 40 0 0
261385 40 0 0
261505 40 18 2
261529 40 4 0
261620 40 0 0
261712 40 0 0
261765 40 4 2
261805 40 40 0
261824 40 0 0
261894 40 40 2
261898 40 38 0
261898 40 38 0
261908 40 0 0
261972 40 38 2
262050 40 0 0
262061 40 38 2
262069 40 27 0
262168 40 0 0
262172 40 27 2
262192 40 35 0
262293 40 35 2
262294 40 0 0
262349 40 28 0
262388 40 0 0
262509 40 0 0
262540 40 28 2
262601 40 0 0
262608 40 3 0
262714 40 3 2
262718 40 46 0
262727 40 0 0
262873 40 0 0
263006 40 0 0
263083 40 46 2
263103 40 4 0
263105 40 0 0
263217 40 4 2
263233 40 0 0
263249 40 0 0
263335 40 0 0
263470 40 0 0
263560 40 0 2
263564 40 29 0
263618 40 0 0
263712 40 0 0
263822 40 29 2
263899 40 0 0
263966 40 47 0
264035 40 0 0
264132 40 0 0
264231 40 0 0
264246 40 47 2
264318 40 30 0
264352 40 0 0
264479 40 30 2
264571 40 15 0
264572 40 0 1
264580 40 0 0
264707 40 0 0
264774 40 15 2
264831 40 31 0
264887 40 0 2
264897 40 0 0
265006 40 31 2
265010 40 44 0
265046 40 0 0
265188 40 0 0
265247 40 44 2
265255 40 43 0
265361 40 0 0
265466 40 43 2
265598 40 32 0
265726 40 32 2
265749 40 15 0
265750 40 15 2
265798 40 33 0
265940 40 33 2
265988 40 33 0
266168 40 33 2
266176 40 27 0
266297 40 27 2
266401 40 54 0
266589 40 54 2
266601 40 28 0
266742 40 28 2
266758 40 7 0
267097 40 7 2
267105 40 56 0
267379 40 56 2
267395 40 8 0
267639 40 8 2
267739 40 41 0
267941 40 41 2
267989 40 61 0
268826 40 61 2
268830 40 39 0
269028 40 39 2
269040 40 7 0
269184 40 7 2
269244 40 8 0
269368 40 8 2
269400 40 63 0
269632 40 0 1
269834 40 33 2
269875 40 0 2
269890 40 63 2
269998 40 0 0
270221 40 0 2
270249 40 57 0
270426 40 57 2
270494 40 58 0
270740 40 58 2
270824 40 46 0
270956 40 46 2
270968 40 59 0
270978 40 0 1
271142 40 59 2
271174 40 32 0
271204 40 51 2
271261 40 0 2
271294 40 32 2
271302 40 50 0
271409 40 50 2
271485 40 60 0
271744 40 60 2
271752 40 62 0
271946 40 62 2
271950 40 3 0
272015 40 0 1
272079 40 3 2
272091 40 5 0
272224 40 0 2
272241 40 5 2
272269 40 17 0
272289 40 0 2
272405 40 17 2
272425 40 6 0
272550 40 0 0
272733 40 0 0
272820 40 6 2
272859 40 0 0
272912 40 11 0
273228 40 11 2
273236 40 10 0
273311 40 0 0
273344 40 10 2
273364 40 11 0
273474 40 0 0
273551 40 11 2
273559 40 6 0
273639 40 0 0
273772 40 0 0
273793 40 6 2
273829 40 36 0
274024 40 0 0
274125 40 36 2
274185 40 12 0
274290 40 12 2
274298 40 0 0
274445 40 0 2
274465 40 0 0
274569 40 15 0
274569 40 15 0
274634 40 0 0
274675 40 15 2
274786 40 0 0
274843 40 15 2
274924 40 0 0
274963 40 7 0
275321 40 7 2
275337 40 0 0
275358 40 0 0
275516 40 0 0
275579 40 0 2
275635 40 0 0
275727 40 9 0
275769 40 0 0
275880 40 9 2
275912 40 8 0
275961 40 0 0
276107 40 8 2
276135 40 41 0
276187 40 0 0
276436 40 0 0
276443 40 41 2
276551 40 14 0
276604 40 0 0
276789 40 14 2
276838 40 0 0
277005 40 0 0
277061 40 61 0
277129 40 0 0
277311 40 61 2
277330 40 0 0
277383 40 54 0
277480 40 0 0
277581 40 54 2
277613 40 55 0
277635 40 0 0
277797 40 0 0
277803 40 55 2
277946 40 0 0
278031 40 40 0
278090 40 0 0
278161 40 40 2
278189 40 49 0
278241 40 0 0
278384 40 0 0
278413 40 49 2
278425 40 51 0
278508 40 0 0
278551 40 51 2
278571 40 37 0
278670 40 0 0
278677 40 37 2
278681 40 20 0
278779 40 20 2
278793 40 0 0
278795 40 3 0
278963 40 0 0
279121 40 0 0
279125 40 3 2
279217 40 21 0
279285 40 0 0
279323 40 21 2
279331 40 56 0
279442 40 0 0
279521 40 56 2
279541 40 57 0
279629 40 0 0
279673 40 57 2
279761 40 58 0
279785 40 0 0
279918 40 58 2
279925 40 0 0
279998 40 59 0
280061 40 0 0
280133 40 59 2
280157 40 63 0
280216 40 0 0
280343 40 63 2
280349 40 0 0
280427 40 33 0
280484 40 0 0
280524 40 33 2
280628 40 0 0
280765 40 0 0
280901 40 0 0
281100 40 0 0
281238 40 0 0
281389 40 0 0
281548 40 0 0
281674 40 0 0
281856 40 0 0
282006 40 0 0
282034 40 0 2
282184 40 0 0
282325 40 0 0
282477 40 0 0
282625 40 0 0
282752 40 0 0
282884 40 0 0
283017 40 0 0
285438 40 2 0
285439 40 0 1
285634 40 2 2
285715 40 0 2
346893 40 2 0
346894 40 0 1
347095 40 2 2
347177 40 0 2
398961 40 2 0
398962 40 0 0
403711 40 2 0
403712 40 2 2
447940 40 0 1
448143 40 2 2
448224 40 0 2
483162 40 2 0
483163 40 0 1
483363 40 2 2
483444 40 0 2
487788 40 2 0
487789 40 2 2
489674 40 0 1
489873 40 2 2
489954 40 0 2
524705 40 0 1
524903 40 2 2
524984 40 0 2
555521 40 2 0
555522 40 0 1
555724 40 2 2
555806 40 0 2
612614 40 0 1
612816 40 2 2
612897 40 0 2
614033 40 2 0
614034 40 0 1
614236 40 2 2
614317 40 0 2
644333 40 0 1
644537 40 2 2
644619 40 0 2
667673 40 2 0
667674 40 0 1
667877 40 2 2
667959 40 0 2
713867 40 2 0
713868 40 0 1
714066 40 2 2
714147 40 0 2
759606 40 2 0
759607 40 0 1
759806 40 2 2
759887 40 0 2
785728 40 2 0
785729 40 2 2
813682 40 2 2
813683 40 2 0
830574 40 2 0
830575 40 0 1
830774 40 2 2
830855 40 0 2
883359 40 2 0
883360 40 2 2
906553 40 0 1
906554 40 2 0
906756 40 2 2
906837 40 0 2
911584 40 2 0
911585 40 0 1
911786 40 2 2
911867 40 0 2
937688 40 2 0
937689 40 0 1
937886 40 2 2
937967 40 0 2
949528 40 0 0
952419 40 2 0
952420 40 0 1
952616 40 2 2
952697 40 0 2
988504 40 2 0
988505 40 0 1
988706 40 2 2
988787 40 0 2
1010209 40 0 1
1010406 40 2 2
1010487 40 0 2
1022401 40 2 0
1022402 40 0 1
1022596 40 2 2
1022677 40 0 2
1107957 40 2 2
1108119 40 2 2
1108369 40 2 2
1157535 40 2 0
1157536 40 0 1
1157736 40 2 2
1157817 40 0 2
1159495 40 2 0
1159496 40 0 1
1159696 40 2 2
1159777 40 0 2
1167347 40 2 0
1167348 40 0 1
1167546 40 2 2
1167627 40 0 2
1180644 40 2 0
1180645 40 0 1
1180846 40 2 2
1180927 40 0 2
1203838 40 2 0
1203839 40 0 1
1203926 40 15 0
1203926 40 15 0
1204036 40 2 2
1204117 40 0 2
1204332 40 15 2
1206024 40 15 0
1206025 40 0 0
1206752 40 15 2
1207312 40 38 0
1207312 40 38 0
1207595 40 38 2
1207646 40 38 2
1207787 40 12 0
1207876 40 12 2
1209136 40 7 0
1209265 40 7 2
1209745 40 15 0
1209745 40 15 0
1209851 40 15 2
1209899 40 15 2
1209987 40 38 0
1209987 40 38 0
1210503 40 15 0
1210504 40 15 2
1210781 40 15 0
1210782 40 15 2
1211151 40 38 2
1211300 40 38 2
1211456 40 46 0
1211530 40 46 2
1211730 40 47 0
1211811 40 47 2
1214015 40 15 0
1214015 40 15 0
1214121 40 15 2
1214219 40 15 2
1214575 40 42 0
1214864 40 42 2
1215440 40 43 0
1215746 40 43 2
1216322 40 44 0
1216645 40 44 2
1217221 40 45 0
1217521 40 45 2
1218097 40 46 0
1218396 40 46 2
1218972 40 47 0
1219226 40 47 2
1219802 40 48 0
1220082 40 48 2
1220658 40 49 0
1221039 40 49 2
1221615 40 50 0
1221913 40 50 2
1222489 40 51 0
1222796 40 51 2
1223372 40 52 0
1223756 40 52 2
1224332 40 53 0
1224629 40 53 2
1225205 40 54 0
1225506 40 54 2
1226082 40 55 0
1226336 40 55 2
1226912 40 56 0
1227200 40 56 2
1227776 40 57 0
1228177 40 57 2
1228753 40 58 0
1229044 40 58 2
1229620 40 59 0
1229957 40 59 2
1230533 40 60 0
1230882 40 60 2
1231458 40 61 0
1231461 40 0 1
1231657 40 0 2
1231723 40 0 2
1231798 40 61 2
1232374 40 62 0
1232687 40 62 2
1233263 40 63 0
1233515 40 63 2
1234091 40 0 0
1234091 40 0 0
1234149 40 0 2
1234313 40 0 2
1234581 40 2 0
1234703 40 2 2
1234759 40 3 0
1234884 40 3 2
1234888 40 7 0
1235244 40 7 2
1235332 40 4 0
1235454 40 4 2
1235842 40 1 0
1236161 40 1 2
1236737 40 2 0
1237056 40 2 2
1237632 40 3 0
1237986 40 3 2
1238562 40 4 0
1238869 40 4 2
1239445 40 5 0
1239731 40 5 2
1240307 40 6 0
1240685 40 6 2
1241261 40 7 0
1241608 40 7 2
1242184 40 8 0
1242414 40 8 2
1242990 40 9 0
1243282 40 9 2
1243858 40 10 0
1244156 40 10 2
1244732 40 11 0
1244732 40 11 0
1244806 40 11 2
1245078 40 11 2
1245654 40 12 0
1245654 40 12 0
1245736 40 12 2
1245948 40 12 2
1246524 40 13 0
1246812 40 13 2
1247388 40 14 0
1247758 40 14 2
1248334 40 15 0
1248658 40 15 2
1249234 40 16 0
1249464 40 16 2
1250040 40 17 0
1250321 40 17 2
1250897 40 18 0
1251198 40 18 2
1251774 40 19 0
1252080 40 19 2
1252656 40 20 0
1252965 40 20 2
1253541 40 21 0
1253841 40 21 2
1254417 40 22 0
1254760 40 22 2
1255336 40 23 0
1255640 40 23 2
1256095 40 2 0
1256096 40 0 1
1256216 40 24 0
1256317 40 2 2
1256398 40 0 2
1256444 40 24 2
1257020 40 25 0
1257301 40 25 2
1257877 40 26 0
1258159 40 26 2
1258735 40 27 0
1259032 40 27 2
1259608 40 28 0
1259916 40 28 2
1260492 40 29 0
1260781 40 29 2
1261357 40 30 0
1261692 40 30 2
1262268 40 31 0
1262562 40 31 2
1263138 40 32 0
1263265 40 2 2
1263266 40 2 0
1263374 40 32 2
1263950 40 33 0
1264251 40 33 2
1264479 40 0 1
1264697 40 46 2
1264771 40 0 2
1264827 40 34 0
1265122 40 34 2
1265185 40 0 1
1265387 40 17 2
1265445 40 0 2
1265698 40 35 0
1266005 40 35 2
1266107 40 0 1
1266307 40 55 2
1266397 40 0 2
1266581 40 36 0
1266735 40 0 1
1266853 40 0 1
1266937 40 63 2
1266938 40 36 2
1266963 40 0 1
1267034 40 0 2
1267057 40 14 2
1267113 40 15 0
1267114 40 0 1
1267163 40 0 2
1267167 40 13 2
1267264 40 0 2
1267317 40 15 2
1267431 40 0 2
1267514 40 37 0
1267617 40 0 1
1267768 40 0 1
1267791 40 37 2
1267857 40 50 2
1267877 40 0 1
1267907 40 0 2
1267967 40 28 2
1268041 40 0 2
1268077 40 30 2
1268168 40 0 2
1268367 40 38 0
1268714 40 38 2
1269005 40 0 1
1269106 40 51 0
1269107 40 0 1
1269227 40 56 2
1269235 40 0 1
1269269 40 0 2
1269290 40 39 0
1269345 40 0 1
1269447 40 0 1
1269467 40 51 2
1269525 40 0 2
1269549 40 0 1
1269568 40 39 2
1269577 40 23 2
1269659 40 0 1
1269683 40 0 2
1269697 40 62 2
1269787 40 0 2
1269807 40 54 2
1269825 40 0 1
1269889 40 0 2
1269917 40 42 2
1269927 40 0 1
1269959 40 0 2
1270027 40 38 2
1270061 40 0 1
1270109 40 0 2
1270137 40 18 2
1270144 40 40 0
1270153 40 0 1
1270203 40 0 2
1270257 40 25 2
1270285 40 0 1
1270307 40 0 2
1270367 40 6 2
1270395 40 0 1
1270477 40 40 2
1270481 40 0 2
1270489 40 0 1
1270493 40 40 2
1270502 40 0 2
1270587 40 12 2
1270599 40 0 1
1270677 40 0 2
1270697 40 16 2
1270747 40 0 2
1270807 40 44 2
1270841 40 0 1
1270865 40 0 2
1270917 40 47 2
1270999 40 0 2
1271033 40 0 1
1271037 40 7 2
1271157 40 0 1
1271158 40 0 2
1271237 40 8 2
1271295 40 0 2
1271357 40 49 2
1271399 40 0 2
1271697 40 0 1
1271825 40 0 1
1271897 40 48 2
1271927 40 0 1
1271931 40 0 2
1272033 40 0 1
1272037 40 21 2
1272126 40 0 2
1272157 40 26 2
1272215 40 0 2
1272267 40 34 2
1272301 40 0 1
1272317 40 0 2
1272387 40 0 1
1272497 40 0 1
1272497 40 1 2
1272572 40 0 2
1272607 40 24 2
1272649 40 0 2
1272661 40 0 1
1272662 40 5 0
1272717 40 27 2
1272783 40 0 2
1272805 40 0 1
1272857 40 5 2
1272899 40 0 1
1272963 40 0 2
1273007 40 58 2
1273053 40 0 1
1273065 40 0 2
1273117 40 43 2
1273155 40 0 1
1273166 40 0 2
1273252 40 33 0
1273254 40 0 1
1273257 40 10 2
1273331 40 0 2
1273363 40 0 1
1273367 40 61 2
1273448 40 0 2
1273477 40 33 2
1273493 40 0 1
1273519 40 0 2
1273597 40 37 2
1273610 40 0 1
1273671 40 0 2
1273704 40 0 1
1273707 40 11 2
1273789 40 0 2
1273815 40 0 1
1273817 40 3 2
1273907 40 0 2
1273927 40 19 2
1273941 40 0 1
1274001 40 0 2
1274037 40 22 2
1274063 40 0 1
1274135 40 0 2
1274147 40 4 2
1274165 40 0 1
1274245 40 0 2
1274266 40 0 1
1274277 40 9 2
1274343 40 0 2
1274377 40 0 1
1274387 40 20 2
1274469 40 0 2
1274487 40 0 1
1274497 40 53 2
1274571 40 0 2
1274604 40 0 1
1274607 40 31 2
1274705 40 0 2
1274707 40 0 1
1274717 40 29 2
1274799 40 0 2
1274808 40 0 1
1274827 40 60 2
1274901 40 0 2
1274919 40 0 1
1274937 40 52 2
1275003 40 0 2
1275047 40 39 2
1275059 40 0 1
1275137 40 0 2
1275177 40 35 2
1275235 40 0 2
1275236 40 0 1
1275287 40 32 2
1275321 40 0 2
1275437 40 59 2
1275503 40 0 2
1275555 40 0 1
1275649 40 0 1
1275757 40 57 2
1275759 40 0 1
1275807 40 0 2
1275867 40 45 2
1275869 40 0 1
1275933 40 0 2
1275977 40 36 2
1276043 40 0 2
1276087 40 41 2
1276121 40 0 2
1284653 40 8 0
1284944 40 8 2
1288765 40 2 0
1288766 40 0 1
1288966 40 2 2
1289047 40 0 2
1295183 40 2 0
1295184 40 2 2
1317732 40 2 0
1317733 40 0 0
1318636 40 31 0
1318746 40 31 2
1318790 40 35 0
1319194 40 35 2
1319254 40 32 0
1319414 40 32 2
1319502 40 12 0
1319502 40 12 0
1319584 40 12 2
1319592 40 12 2
1319604 40 33 0
1319693 40 33 2
1319785 40 34 0
1319875 40 34 2
1319907 40 1 0
1319907 40 1 0
1319973 40 1 2
1319981 40 1 2
1320025 40 32 0
1320115 40 32 2
1320123 40 35 0
1320222 40 35 2
1320226 40 60 0
1320440 40 60 2
1320456 40 61 0
1320606 40 61 2
1320666 40 48 0
1320796 40 48 2
1320836 40 49 0
1320964 40 49 2
1321000 40 36 0
1321000 40 36 0
1321058 40 36 2
1321091 40 36 2
1321155 40 37 0
1321155 40 37 0
1321221 40 37 2
1321246 40 37 2
1321294 40 58 0
1321294 40 58 0
1321344 40 58 2
1321403 40 58 2
1321415 40 31 0
1321722 40 31 2
1321734 40 30 0
1321883 40 2 0
1321884 40 0 0
1322072 40 30 2
1322080 40 59 0
1322080 40 59 0
1322138 40 59 2
1322179 40 59 2
1322231 40 34 0
1322482 40 34 2
1322522 40 0 0
1322761 40 0 2
1322769 40 33 0
1323054 40 33 2
1323070 40 60 0
1323183 40 60 2
1323203 40 32 0
1323473 40 32 2
1323549 40 61 0
1323667 40 61 2
1323791 40 62 0
1323939 40 62 2
1324027 40 12 0
1324140 40 12 2
1324152 40 39 0
1324289 40 39 2
1324301 40 13 0
1324423 40 13 2
1324427 40 48 0
1324539 40 48 2
1324551 40 59 0
1324673 40 59 2
1324701 40 54 0
1324701 40 54 0
1324775 40 54 2
1324835 40 54 2
1324875 40 55 0
1325013 40 55 2
1325037 40 56 0
1325201 40 56 2
1325229 40 57 0
1325383 40 57 2
1325447 40 58 0
1325546 40 58 2
1325582 40 49 0
1325710 40 49 2
1325750 40 63 0
1325931 40 63 2
1325979 40 15 0
1326108 40 15 2
1326124 40 44 0
1326243 40 44 2
1326263 40 45 0
1326377 40 45 2
1326625 40 0 0
1326751 40 0 2
1326843 40 1 0
1326934 40 1 2
1327034 40 2 0
1327163 40 2 2
1327183 40 41 0
1327307 40 41 2
1327379 40 3 0
1327502 40 3 2
1327761 40 2 0
1327762 40 5 0
1327762 40 0 0
1327883 40 5 2
1327931 40 6 0
1328053 40 6 2
1328141 40 7 0
1328349 40 7 2
1328457 40 8 0
1328514 40 8 2
1328570 40 1 0
1328651 40 1 2
1329099 40 46 0
1329181 40 46 2
1329189 40 4 0
1329381 40 4 2
1329405 40 47 0
1329495 40 47 2
1329639 40 12 0
1329736 40 12 2
1330100 40 10 0
1330190 40 10 2
1330232 40 38 2
1330310 40 1 0
1330310 40 1 0
1330376 40 1 2
1330401 40 1 2
1330732 40 2 0
1330733 40 0 0
1330849 40 46 0
1330861 40 38 2
1330931 40 46 2
1330963 40 47 0
1330963 40 47 0
1330996 40 38 2
1331039 40 47 2
1331052 40 47 2
1331196 40 12 0
1331196 40 12 0
1331255 40 38 2
1331287 40 12 2
1331379 40 12 2
1331771 40 1 0
1331771 40 1 0
1331837 40 1 2
1331871 40 1 2
1332319 40 46 0
1332319 40 46 0
1332392 40 38 2
1332402 40 46 2
1332434 40 47 0
1332465 40 46 2
1332487 40 41 2
1332522 40 38 2
1332524 40 47 2
1332668 40 12 0
1332766 40 12 2
1332781 40 38 2
1332806 40 41 2
1333192 40 41 2
1333218 40 39 2
1333250 40 1 0
1333250 40 1 0
1333356 40 1 2
1333405 40 1 2
1333853 40 46 0
1333903 40 38 2
1333935 40 46 2
1333967 40 47 0
1334034 40 38 2
1334057 40 47 2
1334201 40 12 0
1334201 40 12 0
1334283 40 12 2
1334293 40 12 2
1334768 40 41 2
1334777 40 1 0
1334777 40 1 0
1334844 40 1 2
1334901 40 1 2
1335005 40 41 2
1335349 40 46 0
1335349 40 46 0
1335415 40 46 2
1335423 40 46 2
1335455 40 47 0
1335455 40 47 0
1335541 40 47 2
1335546 40 47 2
1335690 40 12 0
1335690 40 12 0
1335772 40 12 2
1335782 40 12 2
1336266 40 1 0
1336266 40 1 0
1336332 40 1 2
1336341 40 1 2
1336789 40 46 0
1336789 40 46 0
1336859 40 46 2
1336874 40 46 2
1336906 40 47 0
1336906 40 47 0
1336980 40 47 2
1336988 40 47 2
1337132 40 12 0
1337132 40 12 0
1337214 40 12 2
1337232 40 12 2
1337716 40 1 0
1337716 40 1 0
1337786 40 1 2
1337790 40 1 2
1338238 40 46 0
1338238 40 46 0
1338304 40 46 2
1338328 40 46 2
1338360 40 47 0
1338360 40 47 0
1338434 40 47 2
1338445 40 47 2
1338589 40 12 0
1338589 40 12 0
1338671 40 12 2
1338680 40 12 2
1339164 40 1 0
1339164 40 1 0
1339230 40 1 2
1339237 40 1 2
1339669 40 13 0
1339783 40 13 2
1339799 40 46 0
1339799 40 46 0
1339887 40 46 2
1339918 40 46 2
1339919 40 47 0
1339919 40 47 0
1339993 40 47 2
1340003 40 47 2
1340147 40 12 0
1340147 40 12 0
1340229 40 12 2
1340237 40 12 2
1340721 40 1 0
1340721 40 1 0
1340796 40 1 2
1340808 40 1 2
1341244 40 46 0
1341244 40 46 0
1341310 40 46 2
1341317 40 46 2
1341349 40 47 0
1341349 40 47 0
1341423 40 47 2
1341447 40 47 2
1341591 40 12 0
1341591 40 12 0
1341674 40 12 2
1341681 40 12 2
1342165 40 1 0
1342165 40 1 0
1342231 40 1 2
1342239 40 1 2
1342687 40 46 0
1342687 40 46 0
1342753 40 46 2
1342763 40 46 2
1342795 40 47 0
1342795 40 47 0
1342869 40 47 2
1342877 40 47 2
1343021 40 12 0
1343021 40 12 0
1343103 40 12 2
1343111 40 12 2
1343595 40 1 0
1343595 40 1 0
1343661 40 1 2
1343669 40 1 2
1344117 40 46 0
1344117 40 46 0
1344183 40 46 2
1344192 40 46 2
1344224 40 47 0
1344224 40 47 0
1344298 40 47 2
1344306 40 47 2
1344450 40 12 0
1344450 40 12 0
1344532 40 12 2
1344549 40 12 2
1345033 40 1 0
1345033 40 1 0
1345099 40 1 2
1345113 40 1 2
1345561 40 46 0
1345561 40 46 0
1345627 40 46 2
1345636 40 46 2
1345668 40 47 0
1345668 40 47 0
1345742 40 47 2
1345751 40 47 2
1345895 40 12 0
1345895 40 12 0
1345977 40 12 2
1345986 40 12 2
1346470 40 1 0
1346470 40 1 0
1346536 40 1 2
1346544 40 1 2
1346992 40 46 0
1346992 40 46 0
1347058 40 46 2
1347066 40 46 2
1347098 40 47 0
1347098 40 47 0
1347172 40 47 2
1347180 40 47 2
1347324 40 12 0
1347324 40 12 0
1347407 40 12 2
1347419 40 12 2
1347903 40 1 0
1347903 40 1 0
1347969 40 1 2
1347981 40 1 2
1348263 40 2 0
1348264 40 2 2
1348429 40 46 0
1348429 40 46 0
1348495 40 46 2
1348504 40 46 2
1348536 40 47 0
1348536 40 47 0
1348610 40 47 2
1348619 40 47 2
1348763 40 12 0
1348763 40 12 0
1348846 40 12 2
1348854 40 12 2
1349338 40 1 0
1349338 40 1 0
1349404 40 1 2
1349418 40 1 2
1349866 40 46 0
1349866 40 46 0
1349932 40 46 2
1349942 40 46 2
1349974 40 47 0
1349974 40 47 0
1350048 40 47 2
1350056 40 47 2
1350200 40 12 0
1350200 40 12 0
1350282 40 12 2
1350291 40 12 2
1350775 40 1 0
1350775 40 1 0
1350841 40 1 2
1350849 40 1 2
1351281 40 14 0
1351419 40 14 2
1351435 40 46 0
1351435 40 46 0
1351501 40 46 2
1351513 40 46 2
1351545 40 47 0
1351545 40 47 0
1351619 40 47 2
1351626 40 47 2
1351770 40 12 0
1351770 40 12 0
1351857 40 12 2
1351859 40 12 2
1352343 40 1 0
1352343 40 1 0
1352409 40 1 2
1352416 40 1 2
1352864 40 46 0
1352864 40 46 0
1352944 40 46 2
1352945 40 46 2
1352976 40 47 0
1352976 40 47 0
1353050 40 47 2
1353058 40 47 2
1353202 40 12 0
1353202 40 12 0
1353284 40 12 2
1353294 40 12 2
1353778 40 1 0
1353778 40 1 0
1353845 40 1 2
1353850 40 1 2
1354298 40 46 0
1354298 40 46 0
1354365 40 46 2
1354373 40 46 2
1354405 40 47 0
1354405 40 47 0
1354479 40 47 2
1354486 40 47 2
1354630 40 12 0
1354630 40 12 0
1354713 40 12 2
1354718 40 12 2
1355202 40 1 0
1355202 40 1 0
1355268 40 1 2
1355276 40 1 2
1355724 40 46 0
1355724 40 46 0
1355790 40 46 2
1355798 40 46 2
1355830 40 47 0
1355830 40 47 0
1355904 40 47 2
1355914 40 47 2
1356058 40 12 0
1356058 40 12 0
1356140 40 12 2
1356148 40 12 2
1356632 40 1 0
1356632 40 1 0
1356698 40 1 2
1356706 40 1 2
1357154 40 46 0
1357154 40 46 0
1357220 40 46 2
1357229 40 46 2
1357261 40 47 0
1357261 40 47 0
1357335 40 47 2
1357343 40 47 2
1357487 40 12 0
1357487 40 12 0
1357573 40 12 2
1357579 40 12 2
1358063 40 1 0
1358063 40 1 0
1358129 40 1 2
1358136 40 1 2
1358584 40 46 0
1358584 40 46 0
1358650 40 46 2
1358658 40 46 2
1358690 40 47 0
1358690 40 47 0
1358764 40 47 2
1358772 40 47 2
1358916 40 12 0
1358916 40 12 0
1358998 40 12 2
1359006 40 12 2
1359317 40 2 0
1359318 40 2 2
1359490 40 1 0
1359490 40 1 0
1359556 40 1 2
1359564 40 1 2
1360012 40 46 0
1360012 40 46 0
1360078 40 46 2
1360086 40 46 2
1360118 40 47 0
1360118 40 47 0
1360192 40 47 2
1360200 40 47 2
1360344 40 12 0
1360344 40 12 0
1360427 40 12 2
1360432 40 12 2
1360916 40 1 0
1360916 40 1 0
1360982 40 1 2
1361006 40 1 2
1361454 40 46 0
1361454 40 46 0
1361520 40 46 2
1361530 40 46 2
1361562 40 47 0
1361562 40 47 0
1361636 40 47 2
1361644 40 47 2
1361788 40 12 0
1361788 40 12 0
1361874 40 12 2
1361883 40 12 2
1362271 40 1 0
1362271 40 1 0
1362337 40 1 2
1362346 40 1 2
1362778 40 7 0
1362908 40 7 2
1362924 40 46 0
1362924 40 46 0
1362990 40 46 2
1362999 40 46 2
1363031 40 47 0
1363031 40 47 0
1363105 40 47 2
1363114 40 47 2
1363258 40 12 0
1363258 40 12 0
1363341 40 12 2
1363353 40 12 2
1363837 40 1 0
1363837 40 1 0
1363905 40 1 2
1363930 40 1 2
1364378 40 46 0
1364378 40 46 0
1364446 40 46 2
1364458 40 46 2
1364490 40 47 0
1364490 40 47 0
1364564 40 47 2
1364572 40 47 2
1364716 40 12 0
1364716 40 12 0
1364798 40 12 2
1364806 40 12 2
1365290 40 1 0
1365290 40 1 0
1365356 40 1 2
1365364 40 1 2
1365812 40 46 0
1365812 40 46 0
1365878 40 46 2
1365886 40 46 2
1365918 40 47 0
1365918 40 47 0
1365992 40 47 2
1366000 40 47 2
1366144 40 5 0
1366259 40 5 2
1366267 40 61 0
1366267 40 61 0
1366341 40 61 2
1366399 40 61 2
1366407 40 29 0
1366692 40 29 2
1366708 40 62 0
1366708 40 62 0
1366790 40 62 2
1366847 40 62 2
1367123 40 63 0
1367123 40 63 0
1367213 40 63 2
1367270 40 63 2
1367694 40 12 0
1367694 40 12 0
1367777 40 12 2
1367805 40 12 2
1368245 40 11 0
1368344 40 11 2
1368556 40 1 0
1368556 40 1 0
1368622 40 1 2
1368629 40 1 2
1368918 40 38 2
1369077 40 46 0
1369077 40 46 0
1369143 40 46 2
1369155 40 46 2
1369187 40 47 0
1369187 40 47 0
1369265 40 47 2
1369268 40 47 2
1369412 40 12 0
1369412 40 12 0
1369494 40 12 2
1369502 40 12 2
1369986 40 1 0
1369986 40 1 0
1370052 40 1 2
1370060 40 1 2
1370508 40 46 0
1370508 40 46 0
1370574 40 46 2
1370582 40 46 2
1370614 40 47 0
1370614 40 47 0
1370688 40 47 2
1370695 40 47 2
1370839 40 12 0
1370839 40 12 0
1370921 40 12 2
1370930 40 12 2
1371414 40 1 0
1371414 40 1 0
1371480 40 1 2
1371487 40 1 2
1371935 40 46 0
1371935 40 46 0
1372001 40 46 2
1372018 40 46 2
1372050 40 47 0
1372050 40 47 0
1372125 40 47 2
1372130 40 47 2
1372274 40 12 0
1372274 40 12 0
1372357 40 12 2
1372365 40 12 2
1372849 40 1 0
1372849 40 1 0
1372915 40 1 2
1372924 40 1 2
1373372 40 46 0
1373372 40 46 0
1373438 40 46 2
1373447 40 46 2
1373479 40 47 0
1373479 40 47 0
1373553 40 47 2
1373561 40 47 2
1373705 40 12 0
1373796 40 12 2
1374280 40 1 0
1374280 40 1 0
1374346 40 1 2
1374361 40 1 2
1374809 40 46 0
1374809 40 46 0
1374891 40 46 2
1374897 40 46 2
1374923 40 47 0
1374923 40 47 0
1374997 40 47 2
1375007 40 47 2
1375151 40 12 0
1375151 40 12 0
1375242 40 12 2
1375249 40 12 2
1375733 40 1 0
1375733 40 1 0
1375799 40 1 2
1375809 40 1 2
1376241 40 8 0
1376241 40 8 0
1376291 40 8 2
1376349 40 8 2
1376365 40 46 0
1376365 40 46 0
1376431 40 46 2
1376440 40 46 2
1376472 40 47 0
1376472 40 47 0
1376546 40 47 2
1376554 40 47 2
1376698 40 12 0
1376698 40 12 0
1376780 40 12 2
1376793 40 12 2
1377277 40 1 0
1377277 40 1 0
1377343 40 1 2
1377350 40 1 2
1377798 40 46 0
1377798 40 46 0
1377865 40 46 2
1377873 40 46 2
1377905 40 47 0
1377905 40 47 0
1377979 40 47 2
1377987 40 47 2
1378131 40 12 0
1378131 40 12 0
1378213 40 12 2
1378221 40 12 2
1378705 40 1 0
1378705 40 1 0
1378771 40 1 2
1378778 40 1 2
1379226 40 46 0
1379226 40 46 0
1379296 40 46 2
1379302 40 46 2
1379334 40 47 0
1379334 40 47 0
1379408 40 47 2
1379416 40 47 2
1379560 40 12 0
1379560 40 12 0
1379642 40 12 2
1379650 40 12 2
1380134 40 1 0
1380134 40 1 0
1380200 40 1 2
1380208 40 1 2
1380656 40 46 0
1380656 40 46 0
1380725 40 46 2
1380732 40 46 2
1380764 40 47 0
1380764 40 47 0
1380838 40 47 2
1380846 40 47 2
1380990 40 12 0
1380990 40 12 0
1381072 40 12 2
1381081 40 12 2
1381565 40 1 0
1381565 40 1 0
1381631 40 1 2
1381644 40 1 2
1382092 40 46 0
1382092 40 46 0
1382160 40 46 2
1382171 40 46 2
1382203 40 47 0
1382203 40 47 0
1382277 40 47 2
1382285 40 47 2
1382429 40 12 0
1382429 40 12 0
1382511 40 12 2
1382524 40 12 2
1383008 40 1 0
1383008 40 1 0
1383074 40 1 2
1383081 40 1 2
1383529 40 46 0
1383529 40 46 0
1383603 40 46 2
1383604 40 46 2
1383635 40 47 0
1383635 40 47 0
1383710 40 47 2
1383717 40 47 2
1383861 40 12 0
1383861 40 12 0
1383943 40 12 2
1383950 40 12 2
1384434 40 1 0
1384434 40 1 0
1384500 40 1 2
1384510 40 1 2
1384958 40 46 0
1384958 40 46 0
1385024 40 46 2
1385032 40 46 2
1385064 40 47 0
1385064 40 47 0
1385144 40 47 2
1385147 40 47 2
1385291 40 12 0
1385291 40 12 0
1385373 40 12 2
1385381 40 12 2
1385865 40 1 0
1385865 40 1 0
1385931 40 1 2
1385943 40 1 2
1386391 40 46 0
1386391 40 46 0
1386457 40 46 2
1386465 40 46 2
1386497 40 47 0
1386497 40 47 0
1386572 40 47 2
1386581 40 47 2
1386725 40 12 0
1386725 40 12 0
1386807 40 12 2
1386821 40 12 2
1387305 40 1 0
1387305 40 1 0
1387371 40 1 2
1387379 40 1 2
1387811 40 9 0
1387901 40 9 2
1387917 40 46 0
1387917 40 46 0
1387983 40 46 2
1387990 40 46 2
1388022 40 47 0
1388022 40 47 0
1388096 40 47 2
1388104 40 47 2
1388248 40 12 0
1388248 40 12 0
1388332 40 12 2
1388346 40 12 2
1388830 40 1 0
1388830 40 1 0
1388896 40 1 2
1388905 40 1 2
1389353 40 46 0
1389353 40 46 0
1389424 40 46 2
1389425 40 46 2
1389457 40 47 0
1389457 40 47 0
1389531 40 47 2
1389539 40 47 2
1389683 40 12 0
1389683 40 12 0
1389765 40 12 2
1389772 40 12 2
1390256 40 1 0
1390256 40 1 0
1390322 40 1 2
1390329 40 1 2
1390777 40 46 0
1390777 40 46 0
1390846 40 46 2
1390869 40 46 2
1390901 40 47 0
1390901 40 47 0
1390977 40 47 2
1391007 40 47 2
1391151 40 12 0
1391151 40 12 0
1391236 40 12 2
1391244 40 12 2
1391728 40 1 0
1391728 40 1 0
1391794 40 1 2
1391803 40 1 2
1392251 40 46 0
1392251 40 46 0
1392318 40 46 2
1392324 40 46 2
1392356 40 47 0
1392356 40 47 0
1392430 40 47 2
1392443 40 47 2
1392587 40 12 0
1392587 40 12 0
1392669 40 12 2
1392677 40 12 2
1393161 40 1 0
1393161 40 1 0
1393227 40 1 2
1393235 40 1 2
1393683 40 46 0
1393683 40 46 0
1393750 40 46 2
1393758 40 46 2
1393790 40 47 0
1393790 40 47 0
1393864 40 47 2
1393873 40 47 2
1394017 40 12 0
1394017 40 12 0
1394099 40 12 2
1394106 40 12 2
1394590 40 1 0
1394590 40 1 0
1394656 40 1 2
1394664 40 1 2
1395112 40 46 0
1395112 40 46 0
1395182 40 46 2
1395187 40 46 2
1395219 40 47 0
1395219 40 47 0
1395293 40 47 2
1395302 40 47 2
1395446 40 12 0
1395446 40 12 0
1395528 40 12 2
1395541 40 12 2
1396025 40 1 0
1396025 40 1 0
1396091 40 1 2
1396104 40 1 2
1396552 40 46 0
1396552 40 46 0
1396618 40 46 2
1396629 40 46 2
1396661 40 47 0
1396661 40 47 0
1396735 40 47 2
1396745 40 47 2
1396889 40 12 0
1396889 40 12 0
1396971 40 12 2
1396979 40 12 2
1397463 40 1 0
1397463 40 1 0
1397538 40 1 2
1397540 40 1 2
1397988 40 46 0
1397988 40 46 0
1398055 40 46 2
1398060 40 46 2
1398092 40 47 0
1398092 40 47 0
1398166 40 47 2
1398175 40 47 2
1398319 40 12 0
1398319 40 12 0
1398402 40 12 2
1398410 40 12 2
1398894 40 1 0
1398894 40 1 0
1398960 40 1 2
1398968 40 1 2
1399400 40 10 0
1399516 40 10 2
1399532 40 46 0
1399532 40 46 0
1399598 40 46 2
1399606 40 46 2
1399638 40 47 0
1399638 40 47 0
1399712 40 47 2
1399723 40 47 2
1399867 40 12 0
1399867 40 12 0
1399950 40 12 2
1399966 40 12 2
1400450 40 1 0
1400450 40 1 0
1400516 40 1 2
1400529 40 1 2
1400977 40 46 0
1400977 40 46 0
1401043 40 46 2
1401062 40 46 2
1401094 40 47 0
1401094 40 47 0
1401169 40 47 2
1401177 40 47 2
1401321 40 12 0
1401321 40 12 0
1401403 40 12 2
1401410 40 12 2
1401894 40 1 0
1401894 40 1 0
1401960 40 1 2
1401967 40 1 2
1402415 40 46 0
1402415 40 46 0
1402491 40 46 2
1402509 40 46 2
1402541 40 47 0
1402541 40 47 0
1402619 40 47 2
1402637 40 47 2
1402781 40 12 0
1402781 40 12 0
1402863 40 12 2
1402871 40 12 2
1403355 40 1 0
1403355 40 1 0
1403422 40 1 2
1403430 40 1 2
1403878 40 46 0
1403878 40 46 0
1403944 40 46 2
1403951 40 46 2
1403983 40 47 0
1403983 40 47 0
1404058 40 47 2
1404066 40 47 2
1404210 40 12 0
1404210 40 12 0
1404293 40 12 2
1404301 40 12 2
1404785 40 1 0
1404785 40 1 0
1404851 40 1 2
1404860 40 1 2
1405308 40 46 0
1405308 40 46 0
1405374 40 46 2
1405385 40 46 2
1405417 40 47 0
1405417 40 47 0
1405491 40 47 2
1405506 40 47 2
1405650 40 12 0
1405650 40 12 0
1405732 40 12 2
1405741 40 12 2
1406225 40 1 0
1406225 40 1 0
1406291 40 1 2
1406302 40 1 2
1406750 40 46 0
1406750 40 46 0
1406817 40 46 2
1406825 40 46 2
1406857 40 47 0
1406857 40 47 0
1406931 40 47 2
1406939 40 47 2
1407083 40 12 0
1407083 40 12 0
1407166 40 12 2
1407174 40 12 2
1407658 40 1 0
1407658 40 1 0
1407724 40 1 2
1407732 40 1 2
1408180 40 46 0
1408180 40 46 0
1408246 40 46 2
1408255 40 46 2
1408287 40 47 0
1408287 40 47 0
1408361 40 47 2
1408371 40 47 2
1408515 40 12 0
1408515 40 12 0
1408597 40 12 2
1408604 40 12 2
1409088 40 1 0
1409088 40 1 0
1409155 40 1 2
1409163 40 1 2
1409611 40 46 0
1409611 40 46 0
1409677 40 46 2
1409685 40 46 2
1409717 40 47 0
1409717 40 47 0
1409791 40 47 2
1409799 40 47 2
1409943 40 12 0
1409943 40 12 0
1410025 40 12 2
1410034 40 12 2
1410518 40 1 0
1410518 40 1 0
1410584 40 1 2
1410592 40 1 2
1411024 40 11 0
1411024 40 11 0
1411098 40 11 2
1411131 40 11 2
1411147 40 46 0
1411147 40 46 0
1411223 40 46 2
1411242 40 46 2
1411274 40 47 0
1411274 40 47 0
1411348 40 47 2
1411356 40 47 2
1411500 40 12 0
1411500 40 12 0
1411582 40 12 2
1411590 40 12 2
1412074 40 1 0
1412074 40 1 0
1412140 40 1 2
1412148 40 1 2
1412596 40 46 0
1412596 40 46 0
1412662 40 46 2
1412676 40 46 2
1412708 40 47 0
1412708 40 47 0
1412782 40 47 2
1412789 40 47 2
1412933 40 12 0
1412933 40 12 0
1413015 40 12 2
1413022 40 12 2
1413506 40 1 0
1413506 40 1 0
1413572 40 1 2
1413580 40 1 2
1414028 40 46 0
1414028 40 46 0
1414094 40 46 2
1414102 40 46 2
1414134 40 47 0
1414134 40 47 0
1414210 40 47 2
1414216 40 47 2
1414360 40 12 0
1414360 40 12 0
1414442 40 12 2
1414449 40 12 2
1414933 40 1 0
1414933 40 1 0
1414999 40 1 2
1415006 40 1 2
1415454 40 46 0
1415454 40 46 0
1415520 40 46 2
1415528 40 46 2
1415560 40 47 0
1415560 40 47 0
1415634 40 47 2
1415643 40 47 2
1415787 40 12 0
1415787 40 12 0
1415869 40 12 2
1415879 40 12 2
1416363 40 1 0
1416363 40 1 0
1416429 40 1 2
1416437 40 1 2
1416885 40 46 0
1416885 40 46 0
1416951 40 46 2
1416959 40 46 2
1416991 40 47 0
1416991 40 47 0
1417065 40 47 2
1417073 40 47 2
1417217 40 12 0
1417217 40 12 0
1417299 40 12 2
1417307 40 12 2
1417791 40 1 0
1417791 40 1 0
1417857 40 1 2
1417865 40 1 2
1418313 40 46 0
1418313 40 46 0
1418379 40 46 2
1418387 40 46 2
1418419 40 47 0
1418419 40 47 0
1418493 40 47 2
1418501 40 47 2
1418645 40 12 0
1418645 40 12 0
1418727 40 12 2
1418736 40 12 2
1419220 40 1 0
1419220 40 1 0
1419286 40 1 2
1419346 40 1 2
1419487 40 38 2
1419647 40 38 2
1419794 40 46 0
1419794 40 46 0
1419860 40 46 2
1419868 40 46 2
1419900 40 47 0
1419900 40 47 0
1419974 40 47 2
1419982 40 47 2
1420126 40 12 0
1420126 40 12 0
1420208 40 12 2
1420218 40 12 2
1420350 40 1 0
1420472 40 1 2
1420824 40 1 0
1420824 40 1 0
1420890 40 1 2
1420898 40 1 2
1421346 40 46 0
1421346 40 46 0
1421412 40 46 2
1421420 40 46 2
1421452 40 47 0
1421452 40 47 0
1421492 40 37 2
1421526 40 47 2
1421535 40 47 2
1421679 40 12 0
1421679 40 12 0
1421761 40 12 2
1421768 40 12 2
1422244 40 9 0
1422334 40 9 2
1422427 40 41 2
1422458 40 55 0
1422609 40 55 2
1422613 40 1 0
1422613 40 1 0
1422679 40 1 2
1422723 40 1 2
1422747 40 56 0
1422780 40 39 2
1422989 40 56 2
1423009 40 45 0
1423115 40 45 2
1423171 40 46 0
1423285 40 46 2
1423361 40 63 0
1423621 40 63 2
1423629 40 47 0
1423700 40 0 2
1423751 40 47 2
1423855 40 62 0
1423855 40 62 0
1423937 40 62 2
1423945 40 62 2
1423953 40 12 0
1423953 40 12 0
1424035 40 12 2
1424083 40 12 2
1424199 40 61 0
1424199 40 61 0
1424273 40 61 2
1424281 40 61 2
1424640 40 39 2
1424817 40 1 0
1424817 40 1 0
1424883 40 1 2
1424933 40 1 2
1425017 40 58 0
1425017 40 58 0
1425067 40 58 2
1425142 40 58 2
1425222 40 59 0
1425222 40 59 0
1425280 40 59 2
1425345 40 59 2
1425358 40 41 2
1490807 40 2 0
1490808 40 2 2
1501061 40 2 0
1501062 40 2 2
1509990 40 2 0
1509991 40 2 2
1564484 40 2 2
1566218 40 2 0
1566219 40 2 2
1571775 40 2 0
1571776 40 0 1
1571975 40 2 2
1572056 40 0 2
1575041 40 2 0
1575042 40 0 1
1575245 40 2 2
1575326 40 0 2
1576974 40 2 0
1576975 40 2 2
1584088 40 2 0
1584089 40 2 2
1584680 40 2 2
1584681 40 2 0
1607091 40 2 0
1607092 40 0 1
1607296 40 2 2
1607378 40 0 2
1630391 40 2 0
1630392 40 0 1
1630596 40 2 2
1630678 40 0 2
1672185 40 2 0
1672186 40 0 1
1672385 40 2 2
1672466 40 0 2
1716915 40 2 0
1716916 40 0 1
1717115 40 2 2
1717196 40 0 2
1756651 40 2 0
1756652 40 0 1
1756848 40 2 2
1756930 40 0 2
1779951 40 2 0
1779952 40 0 1
1780148 40 2 2
1780230 40 0 2
1820625 40 2 0
1820626 40 0 1
1820827 40 2 2
1820908 40 0 2
1865425 40 2 0
1865426 40 0 1
1865627 40 2 2
1865708 40 0 2
1902981 40 2 0
1902982 40 0 1
1903178 40 2 2
1903260 40 0 2
1926341 40 2 0
1926342 40 0 1
1926538 40 2 2
1926620 40 0 2
1939641 40 2 0
1939642 40 0 1
1939847 40 2 2
1939928 40 0 2
1978125 40 2 0
1978126 40 0 1
1978327 40 2 2
1978408 40 0 2
2023955 40 2 0
2023956 40 0 1
2024157 40 2 2
2024238 40 0 2
2043526 40 2 0
2043527 40 2 2
2044018 40 2 0
2044019 40 2 2
2063351 40 2 0
2063352 40 0 1
2063548 40 2 2
2063630 40 0 2
2086701 40 2 0
2086702 40 0 1
2086898 40 2 2
2086980 40 0 2
2126745 40 2 0
2126746 40 0 1
2126947 40 2 2
2127028 40 0 2
2171535 40 2 0
2171536 40 0 1
2171737 40 2 2
2171818 40 0 2
2180489 40 15 0
2180489 40 15 0
2182645 40 15 2
2182861 40 36 0
2182861 40 36 0
2182881 40 15 2
2182976 40 36 2
2183019 40 36 2
2183020 40 37 0
2183020 40 37 0
2183105 40 33 0
2183106 40 0 0
2183145 40 37 2
2183253 40 1 0
2183327 40 1 2
2183351 40 8 0
2183351 40 8 0
2183401 40 8 2
2183486 40 37 2
2183526 40 8 2
2183574 40 0 0
2183574 40 0 0
2183682 40 0 2
2183723 40 0 2
2183811 40 36 0
2183811 40 36 0
2183869 40 36 2
2185025 40 2 0
2185026 40 0 0
2185068 40 36 2
2185100 40 38 0
2185100 40 38 0
2185252 40 38 2
2185294 40 38 2
2185412 40 54 0
2185412 40 54 0
2185486 40 54 2
2185520 40 54 2
2185552 40 12 0
2185552 40 12 0
2185635 40 12 2
2185640 40 12 2
2185704 40 37 0
2185704 40 37 0
2185770 40 37 2
2186559 40 37 2
2187294 40 39 2
2187358 40 33 0
2187359 40 33 2
2187547 40 47 0
2187547 40 47 0
2187621 40 47 2
2187713 40 47 2
2187737 40 11 0
2187737 40 11 0
2187811 40 11 2
2187943 40 39 2
2187966 40 11 2
2188071 40 39 2
2188094 40 1 0
2188142 40 15 0
2188143 40 0 0
2188178 40 1 2
2188234 40 7 0
2188363 40 7 2
2188795 40 2 0
2188941 40 2 2
2188989 40 15 0
2188989 40 15 0
2189095 40 15 2
2189131 40 15 2
2189219 40 38 0
2189219 40 38 0
2189502 40 38 2
2189658 40 46 0
2189658 40 46 0
2189725 40 46 2
2189743 40 46 2
2189795 40 0 0
2189795 40 0 0
2189853 40 0 2
2189870 40 0 2
2189988 40 2 0
2189989 40 0 0
2190018 40 47 0
2190018 40 47 0
2190092 40 47 2
2190100 40 47 2
2190116 40 12 0
2190208 40 12 2
2190244 40 47 0
2190330 40 47 2
2190887 40 51 0
2190888 40 0 0
2191339 40 0 0
2191340 40 5 0
2191386 40 63 0
2191386 40 63 0
2191476 40 63 2
2191493 40 63 2
2191697 40 58 0
2191697 40 58 0
2191747 40 58 2
2191766 40 38 2
2191792 40 58 2
2191876 40 46 0
2191876 40 46 0
2191945 40 46 2
2191978 40 46 2
2192043 40 38 2
2192534 40 15 0
2192534 40 15 0
2192640 40 15 2
2192648 40 15 2
2193712 40 15 0
2193713 40 15 2
2193990 40 15 0
2193991 40 15 2
2195931 40 51 0
2195932 40 51 2
2196355 40 37 2
2196483 40 37 2
2198558 40 2 0
2198559 40 0 0
2215473 40 2 0
2215474 40 2 2
2217511 40 2 0
2217512 40 2 2
2293970 40 2 0
2293971 40 0 1
2294167 40 2 2
2294249 40 0 2
2322024 40 2 0
2322025 40 2 2
2406127 40 2 0
2406128 40 2 2
2408203 40 2 0
2408204 40 2 2
2409302 40 2 0
2409303 40 2 2
2426237 40 2 0
2426238 40 2 2
2432802 40 2 0
2432803 40 2 2
2441441 40 2 0
2441442 40 2 2
2445183 40 2 0
2445184 40 0 0
2446661 40 2 0
2446662 40 2 2
2469631 40 2 0
2469632 40 2 2
2487886 40 2 0
2487887 40 2 2
2494707 40 2 0
2494708 40 2 2
2497526 40 2 0
2497527 40 2 2
2498118 40 2 0
2498119 40 2 2
2519976 40 2 0
2519977 40 0 1
2520173 40 2 2
2520255 40 0 2
2543576 40 2 0
2543577 40 0 1
2543773 40 2 2
2543855 40 0 2
2585910 40 2 0
2585911 40 0 1
2586112 40 2 2
2586193 40 0 2
2631629 40 2 0
2631630 40 0 1
2631832 40 2 2
2631913 40 0 2
2656934 40 2 0
2656935 40 2 2
2674576 40 2 0
2674577 40 0 1
2674773 40 2 2
2674855 40 0 2
2681183 40 2 0
2681184 40 2 2
2698355 40 2 0
2698356 40 2 2
2726052 40 2 2
2726053 40 2 0
2738467 40 2 2
2738468 40 2 0
2741336 40 2 0
2741337 40 2 2
2794348 40 2 0
2794349 40 0 1
2794551 40 2 2
2794633 40 0 2
2837621 40 0 1
2837622 40 2 0
2837820 40 2 2
2837901 40 0 2
2882912 40 2 0
2882913 40 0 1
2883110 40 2 2
2883191 40 0 2
2903258 40 2 0
2903259 40 2 2
2903752 40 2 0
2903753 40 2 2
2924879 40 2 0
2924880 40 0 1
2925076 40 2 2
2925158 40 0 2
2948299 40 2 0
2948300 40 0 1
2948496 40 2 2
2948578 40 0 2
2988533 40 2 0
2988534 40 0 1
2988735 40 2 2
2988816 40 0 2
3034152 40 2 0
3034153 40 0 1
3034355 40 2 2
3034436 40 0 2
3058039 40 2 0
3058040 40 2 2
3075749 40 2 0
3075750 40 0 1
3075947 40 2 2
3076029 40 0 2
3099259 40 2 0
3099260 40 0 1
3099457 40 2 2
3099539 40 0 2
3139353 40 0 1
3139354 40 2 0
3139556 40 2 2
3139637 40 0 2
3157051 40 15 0
3157051 40 15 0
3159687 40 15 2
3160540 40 15 0
3160541 40 0 0
3160565 40 15 2
3161125 40 38 0
3161125 40 38 0
3161789 40 38 2
3163741 40 0 0
3163742 40 2 0
3163971 40 15 2
3163972 40 15 0
3164247 40 15 0
3164248 40 15 2
3165329 40 0 2
3165768 40 38 2
3167220 40 7 0
3168560 40 7 2
3169040 40 15 0
3169040 40 15 0
3169146 40 15 2
3169153 40 15 2
3169241 40 38 0
3169241 40 38 0
3169315 40 38 2
3169364 40 38 2
3171672 40 15 0
3171672 40 15 0
3171778 40 15 2
3171786 40 15 2
3172526 40 2 0
3172527 40 0 0
3181901 40 2 0
3181902 40 0 0
3211229 40 2 0
3211230 40 0 1
3211426 40 2 2
3211507 40 0 2
3236797 40 2 0
3236798 40 2 2
3251650 40 2 0
3251651 40 0 1
3251847 40 2 2
3251929 40 0 2
3274970 40 2 0
3274971 40 0 1
3275167 40 2 2
3275249 40 0 2
3315234 40 2 0
3315235 40 0 1
3315446 40 2 2
3315527 40 0 2
3360903 40 2 0
3360904 40 0 1
3361106 40 2 2
3361187 40 0 2
3384950 40 2 0
3384951 40 2 2
3402560 40 2 0
3402561 40 0 1
3402759 40 2 2
3402841 40 0 2
3425980 40 2 0
3425981 40 0 1
3426179 40 2 2
3426261 40 0 2
3466114 40 2 0
3466115 40 0 1
3466318 40 2 2
3466399 40 0 2
3511223 40 2 0
3511224 40 0 1
3511418 40 2 2
3511499 40 0 2
3535484 40 2 0
3535485 40 2 2
3550560 40 2 0
3550561 40 0 1
3550758 40 2 2
3550840 40 0 2
3573950 40 2 0
3573951 40 0 1
3574148 40 2 2
3574230 40 0 2
3614284 40 2 0
3614285 40 0 1
3614487 40 2 2
3614568 40 0 2
3659973 40 2 0
3659974 40 0 1
3660177 40 2 2
3660258 40 0 2
3683679 40 2 0
3683680 40 2 2
3701305 40 2 0
3701306 40 0 1
3701503 40 2 2
3701585 40 0 2
3724655 40 2 0
3724656 40 0 1
3724853 40 2 2
3724935 40 0 2
3764719 40 2 0
3764720 40 0 1
3764922 40 2 2
3765003 40 0 2
3809729 40 2 0
3809730 40 0 1
3809932 40 2 2
3810013 40 0 2
3833861 40 2 0
3833862 40 2 2
3860562 40 2 0
3860563 40 0 1
3860758 40 2 2
3860840 40 0 2
3923708 40 2 0
3923709 40 2 2
4013316 40 2 2
4013317 40 2 0
4015390 40 2 0
4015391 40 2 2
4033376 40 2 0
4033377 40 2 2
4039753 40 2 0
4039754 40 2 2
4051853 40 2 0
4051854 40 0 0
4053328 40 2 0
4053329 40 2 2
4075639 40 2 0
4075640 40 2 2
4093334 40 2 0
4093335 40 2 2
4100146 40 2 0
4100147 40 2 2
4102651 40 2 0
4102652 40 2 2
4103243 40 2 0
4103244 40 2 2
4125340 40 2 0
4125341 40 0 1
4125557 40 2 2
4125639 40 0 2
4133614 40 15 0
4133614 40 15 0
4137693 40 15 0
4137694 40 0 0
4137884 40 15 2
4140236 40 15 2
4140796 40 38 0
4140796 40 38 0
4140970 40 38 2
4143105 40 15 0
4143106 40 15 2
4143385 40 15 0
4143386 40 15 2
4143919 40 38 2
4144595 40 2 0
4144596 40 0 0
4145851 40 15 0
4145851 40 15 0
4145957 40 15 2
4145965 40 15 2
4146053 40 38 0
4146053 40 38 0
4146128 40 38 2
4146377 40 38 2
4148685 40 15 0
4148685 40 15 0
4148791 40 15 2
4148799 40 15 2
4149329 40 2 0
4149330 40 0 0
4158176 40 2 0
4158177 40 0 0
4175570 40 2 0
4175571 40 0 1
4175767 40 2 2
4175849 40 0 2
4216944 40 0 1
4216945 40 2 0
4217146 40 2 2
4217227 40 0 2
4261804 40 2 0
4261805 40 0 1
4262006 40 2 2
4262087 40 0 2
4284884 40 2 0
4284885 40 2 2
4301674 40 2 0
4301675 40 2 2
4327023 40 2 0
4327024 40 2 2
4339624 40 2 0
4339625 40 2 2
4342139 40 2 0
4342140 40 2 2
4351659 40 2 0
4351660 40 2 2
4374332 40 2 0
4374333 40 2 2
4374826 40 2 0
4374827 40 2 2
4396188 40 2 0
4396189 40 0 1
4396385 40 2 2
4396467 40 0 2
4419518 40 2 0
4419519 40 0 1
4419715 40 2 2
4419797 40 0 2
4460972 40 2 0
4460973 40 0 1
4461174 40 2 2
4461255 40 0 2
4506691 40 2 0
4506692 40 0 1
4506894 40 2 2
4506975 40 0 2
4530516 40 2 0
4530517 40 2 2
4548158 40 2 0
4548159 40 0 1
4548365 40 2 2
4548447 40 0 2
4571498 40 2 0
4571499 40 0 1
4571695 40 2 2
4571777 40 0 2
4611572 40 2 0
4611573 40 0 1
4611774 40 2 2
4611855 40 0 2
4656602 40 2 0
4656603 40 0 1
4656804 40 2 2
4656885 40 0 2
4696148 40 2 0
4696149 40 0 1
4696350 40 2 2
4696432 40 0 2
4719458 40 2 0
4719459 40 0 1
4719660 40 2 2
4719742 40 0 2
4759752 40 2 0
4759753 40 0 1
4759949 40 2 2
4760030 40 0 2
4805371 40 2 0
4805372 40 0 1
4805569 40 2 2
4805650 40 0 2
4829138 40 2 0
4829139 40 2 2
4846728 40 2 0
4846729 40 0 1
4846926 40 2 2
4847008 40 0 2
4870078 40 2 0
4870079 40 0 1
4870276 40 2 2
4870358 40 0 2
4881755 40 2 0
4881756 40 2 2
4884148 40 2 0
4884149 40 2 2
4918947 40 2 0
4918948 40 0 1
4919149 40 2 2
4919230 40 0 2
4964524 40 2 0
4964525 40 0 1
4964719 40 2 2
4964800 40 0 2
4965188 40 2 0
4965189 40 2 2
4985930 40 2 0
4985931 40 2 2
4986422 40 2 0
4986423 40 2 2
5007423 40 0 1
5007424 40 2 0
5007620 40 2 2
5007702 40 0 2
5030743 40 0 1
5030744 40 2 0
5030940 40 2 2
5031022 40 0 2
5047067 40 2 0
5047068 40 2 2
5084404 40 2 0
5084405 40 0 1
5084608 40 2 2
5084690 40 0 2
5107964 40 2 0
5107965 40 0 1
5108168 40 2 2
5108250 40 0 2
5110176 40 15 0
5110176 40 15 0
5111127 40 15 2
5111687 40 38 0
5111687 40 38 0
5111792 40 38 2
5111931 40 38 2
5113752 40 0 0
5113753 40 2 0
5113863 40 15 0
5113989 40 15 2
5114171 40 15 2
5114173 40 15 0
5114646 40 15 2
5114734 40 38 0
5114734 40 38 0
5114753 40 15 0
5114754 40 0 0
5114898 40 38 2
5116808 40 38 2
5117206 40 15 0
5117206 40 15 0
5117402 40 15 2
5117420 40 15 2
5118061 40 2 0
5118062 40 0 0
5119583 40 15 0
5119584 40 15 2
5119861 40 15 0
5119862 40 15 2
5122285 40 0 2
5127457 40 2 0
5127458 40 0 0
5167090 40 2 0
5167091 40 0 1
5167290 40 2 2
5167371 40 0 2
5212000 40 2 0
5212001 40 0 1
5212200 40 2 2
5212281 40 0 2
5234348 40 2 0
5234349 40 2 2
5252040 40 2 0
5252041 40 0 1
5252237 40 2 2
5252319 40 0 2
5275380 40 2 0
5275381 40 0 1
5275577 40 2 2
5275659 40 0 2
5315494 40 2 0
5315495 40 0 1
5315696 40 2 2
5315777 40 0 2
5360324 40 2 0
5360325 40 0 1
5360526 40 2 2
5360607 40 0 2
5398460 40 2 0
5398461 40 0 1
5398657 40 2 2
5398739 40 0 2
5421870 40 2 0
5421871 40 0 1
5422067 40 2 2
5422149 40 0 2
5461844 40 2 0
5461845 40 0 1
5462046 40 2 2
5462127 40 0 2
5506584 40 2 0
5506585 40 0 1
5506786 40 2 2
5506867 40 0 2
5544660 40 2 0
5544661 40 0 1
5544857 40 2 2
5544939 40 0 2
5568040 40 2 0
5568041 40 0 1
5568237 40 2 2
5568319 40 0 2
5608214 40 2 0
5608215 40 0 1
5608416 40 2 2
5608497 40 0 2
5653024 40 2 0
5653025 40 0 1
5653226 40 2 2
5653307 40 0 2
5691240 40 2 0
5691241 40 0 1
5691437 40 2 2
5691519 40 0 2
5714640 40 2 0
5714641 40 0 1
5714837 40 2 2
5714919 40 0 2
5754814 40 2 0
5754815 40 0 1
5755016 40 2 2
5755097 40 0 2
5799664 40 2 0
5799665 40 0 1
5799866 40 2 2
5799947 40 0 2
5837460 40 2 0
5837461 40 0 1
5837657 40 2 2
5837739 40 0 2
5860840 40 2 0
5860841 40 0 1
5861037 40 2 2
5861119 40 0 2
5901004 40 2 0
5901005 40 0 1
5901206 40 2 2
5901287 40 0 2
5945854 40 2 0
5945855 40 0 1
5946056 40 2 2
5946137 40 0 2
5983700 40 2 0
5983701 40 0 1
5983897 40 2 2
5983979 40 0 2
6007040 40 2 0
6007041 40 0 1
6007237 40 2 2
6007319 40 0 2
6047014 40 2 0
6047015 40 0 1
6047236 40 2 2
6047317 40 0 2
6086741 40 15 0
6086741 40 15 0
6087491 40 15 2
6091149 40 15 0
6091150 40 0 0
6091955 40 15 2
6092515 40 38 0
6092515 40 38 0
6092720 40 38 2
6092837 40 38 2
6094289 40 7 0
6094419 40 7 2
6094899 40 15 0
6094899 40 15 0
6095005 40 15 2
6095013 40 15 2
6095101 40 38 0
6095101 40 38 0
6096585 40 38 2
6096656 40 15 0
6096657 40 15 2
6096814 40 38 2
6096934 40 15 0
6096935 40 15 2
6098474 40 2 0
6098475 40 0 0
6099122 40 15 0
6099122 40 15 0
6099228 40 15 2
6099236 40 15 2
6114295 40 2 0
6114296 40 0 1
6114497 40 2 2
6114578 40 0 2
6153531 40 2 0
6153532 40 0 1
6153731 40 2 2
6153813 40 0 2
6176871 40 2 0
6176872 40 0 1
6177071 40 2 2
6177153 40 0 2
6216995 40 2 0
6216996 40 0 1
6217190 40 2 2
6217271 40 0 2
6261795 40 2 0
6261796 40 0 1
6261990 40 2 2
6262071 40 0 2
6299851 40 2 0
6299852 40 0 1
6300051 40 2 2
6300133 40 0 2
6323161 40 2 0
6323162 40 0 1
6323361 40 2 2
6323443 40 0 2
6363175 40 2 0
6363176 40 0 1
6363370 40 2 2
6363451 40 0 2
6407925 40 2 0
6407926 40 0 1
6408120 40 2 2
6408201 40 0 2
6431326 40 2 0
6431327 40 0 1
6431530 40 2 2
6431611 40 0 2
6453387 40 2 0
6453388 40 2 2
6457184 40 2 0
6457185 40 2 2
6484246 40 2 0
6484247 40 0 1
6484450 40 2 2
6484531 40 0 2
6484543 40 2 0
6484544 40 2 2
6527205 40 2 0
6527206 40 0 1
6527405 40 2 2
6527487 40 0 2
6550535 40 2 0
6550536 40 0 1
6550735 40 2 2
6550817 40 0 2
6586528 40 2 0
6586529 40 2 2
6618431 40 2 0
6618432 40 0 1
6618631 40 2 2
6618712 40 0 2
6640713 40 2 0
6640714 40 2 2
6658633 40 2 0
6658634 40 0 1
6658830 40 2 2
6658912 40 0 2
6682033 40 2 0
6682034 40 0 1
6682230 40 2 2
6682312 40 0 2
6722837 40 2 0
6722838 40 0 1
6723039 40 2 2
6723120 40 0 2
6767837 40 2 0
6767838 40 0 1
6768039 40 2 2
6768120 40 0 2
6791869 40 2 0
6791870 40 2 2
6877526 40 2 0
6877527 40 2 2
6960530 40 2 0
6960531 40 2 2
6962672 40 2 0
6962673 40 2 2
6963673 40 2 0
6963674 40 2 2
6980898 40 2 0
6980899 40 2 2
6987231 40 2 0
6987232 40 2 2
6995674 40 2 0
6995675 40 2 2
6999470 40 2 0
6999471 40 0 0
7000948 40 2 0
7000949 40 2 2
7023708 40 2 0
7023709 40 2 2
7041459 40 2 0
7041460 40 2 2
7048279 40 2 0
7048280 40 2 2
7050701 40 2 0
7050702 40 2 2
7051293 40 2 0
7051294 40 2 2
7063301 40 15 0
7063301 40 15 0
7064796 40 15 2
7065690 40 15 0
7065691 40 0 0
7066926 40 15 2
7067486 40 38 0
7067486 40 38 0
7067650 40 38 2
7067829 40 38 2
7069761 40 15 0
7069761 40 15 0
7069877 40 15 2
7069895 40 15 2
7069983 40 38 0
7069983 40 38 0
7071617 40 38 2
7072586 40 38 2
7072874 40 15 0
7072875 40 15 2
7073152 40 15 0
7073153 40 15 2
7073288 40 0 2
7073534 40 7 0
7073982 40 2 0
7073983 40 0 0
7074804 40 7 2
7076164 40 15 0
7076164 40 15 0
7076300 40 15 2
7076318 40 15 2
7079064 40 2 0
7079065 40 0 0
7088541 40 2 0
7088542 40 0 0
7100829 40 2 0
7100830 40 0 1
7101036 40 2 2
7101118 40 0 2
7124359 40 2 0
7124360 40 0 1
7124556 40 2 2
7124638 40 0 2
7166013 40 2 0
7166014 40 0 1
7166215 40 2 2
7166296 40 0 2
7211033 40 2 0
7211034 40 0 1
7211235 40 2 2
7211316 40 0 2
7233476 40 2 0
7233477 40 2 2
7251028 40 2 0
7251029 40 2 2
7274082 40 2 0
7274083 40 2 2
7286887 40 2 0
7286888 40 2 2
7289968 40 2 0
7289969 40 2 2
7299522 40 2 0
7299523 40 2 2
7324334 40 2 0
7324335 40 2 2
7324828 40 2 0
7324829 40 2 2
7346480 40 2 0
7346481 40 0 1
7346677 40 2 2
7346759 40 0 2
7369860 40 2 0
7369861 40 0 1
7370057 40 2 2
7370139 40 0 2
7411124 40 2 0
7411125 40 0 1
7411326 40 2 2
7411407 40 0 2
7456753 40 2 0
7456754 40 0 1
7456956 40 2 2
7457037 40 0 2
7480431 40 2 0
7480432 40 2 2
7498092 40 2 0
7498093 40 0 1
7498289 40 2 2
7498371 40 0 2
7521462 40 2 0
7521463 40 0 1
7521659 40 2 2
7521741 40 0 2
7533449 40 2 0
7533450 40 2 2
7570496 40 2 0
7570497 40 0 1
7570697 40 2 2
7570778 40 0 2
7615646 40 2 0
7615647 40 0 1
7615847 40 2 2
7615928 40 0 2
7635613 40 2 2
7635614 40 2 0
7636105 40 2 0
7636106 40 2 2
7642057 40 2 0
7642058 40 2 2
7679791 40 2 0
7679792 40 0 1
7679994 40 2 2
7680076 40 0 2
7703191 40 2 0
7703192 40 0 1
7703394 40 2 2
7703476 40 0 2
7743365 40 2 0
7743366 40 0 1
7743573 40 2 2
7743654 40 0 2
7788125 40 2 0
7788126 40 0 1
7788323 40 2 2
7788404 40 0 2
7809617 40 2 0
7809618 40 2 2
7826531 40 2 0
7826532 40 0 1
7826734 40 2 2
7826816 40 0 2
7849951 40 2 0
7849952 40 0 1
7850224 40 2 2
7850306 40 0 2
7890125 40 2 0
7890126 40 0 1
7890323 40 2 2
7890404 40 0 2
7934955 40 2 0
7934956 40 0 1
7935153 40 2 2
7935234 40 0 2
7955064 40 2 0
7955065 40 2 2
7965202 40 2 0
7965203 40 2 2
7968859 40 2 2
7968860 40 2 0
7995300 40 2 0
7995301 40 0 1
7995500 40 2 2
7995581 40 0 2
7995593 40 2 2
7995594 40 2 0
8037129 40 2 0
8037130 40 0 1
8037327 40 2 2
8037409 40 0 2
8039864 40 15 0
8039864 40 15 0
8042877 40 15 2
8043184 40 15 0
8043185 40 0 0
8045487 40 2 0
8045488 40 0 0
8045568 40 0 1
8045630 40 0 2
8046024 40 15 2
8046584 40 38 0
8046584 40 38 0
8047858 40 38 2
8048398 40 15 0
8048399 40 15 2
8048677 40 15 0
8048678 40 15 2
8049238 40 38 2
8049790 40 15 0
8049790 40 15 0
8049845 40 2 0
8049846 40 0 0
8049904 40 15 2
8049966 40 15 2
8049992 40 38 0
8049992 40 38 0
8050536 40 38 2
8051367 40 38 2
8052844 40 15 0
8052844 40 15 0
8052950 40 15 2
8053047 40 15 2
8057961 40 2 0
8057962 40 0 0
8080149 40 2 0
8080150 40 0 1
8080457 40 2 2
8080539 40 0 2
8111300 40 2 0
8111301 40 2 2
8111658 40 2 0
8111659 40 2 2
8119712 40 2 0
8119713 40 2 2
8152122 40 2 0
8152123 40 0 1
8152324 40 2 2
8152405 40 0 2
8192742 40 2 0
8192743 40 0 1
8192939 40 2 2
8193021 40 0 2
8216152 40 2 0
8216153 40 0 1
8216349 40 2 2
8216431 40 0 2
8256916 40 2 0
8256917 40 0 1
8257118 40 2 2
8257199 40 0 2
8302515 40 2 0
8302516 40 0 1
8302718 40 2 2
8302799 40 0 2
8326154 40 2 0
8326155 40 2 2
8343833 40 2 0
8343834 40 0 1
8344030 40 2 2
8344112 40 0 2
8367173 40 2 0
8367174 40 0 1
8367370 40 2 2
8367452 40 0 2
8407297 40 2 0
8407298 40 0 1
8407499 40 2 2
8407580 40 0 2
8452127 40 2 0
8452128 40 0 1
8452329 40 2 2
8452410 40 0 2
8489863 40 2 0
8489864 40 0 1
8490060 40 2 2
8490142 40 0 2
8513233 40 2 0
8513234 40 0 1
8513430 40 2 2
8513512 40 0 2
8553477 40 2 0
8553478 40 0 1
8553679 40 2 2
8553760 40 0 2
8598277 40 2 0
8598278 40 0 1
8598479 40 2 2
8598560 40 0 2
8636203 40 2 0
8636204 40 0 1
8636400 40 2 2
8636482 40 0 2
8659543 40 2 0
8659544 40 0 1
8659740 40 2 2
8659822 40 0 2
8699577 40 2 0
8699578 40 0 1
8699779 40 2 2
8699860 40 0 2
8744407 40 2 0
8744408 40 0 1
8744609 40 2 2
8744690 40 0 2
8782253 40 2 0
8782254 40 0 1
8782450 40 2 2
8782532 40 0 2
8805633 40 2 0
8805634 40 0 1
8805830 40 2 2
8805912 40 0 2
8845647 40 2 0
8845648 40 0 1
8845849 40 2 2
8845930 40 0 2
8890497 40 2 0
8890498 40 0 1
8890699 40 2 2
8890780 40 0 2
8928463 40 2 0
8928464 40 0 1
8928660 40 2 2
8928742 40 0 2
8951923 40 2 0
8951924 40 0 1
8952120 40 2 2
8952202 40 0 2
8991937 40 2 0
8991938 40 0 1
8992139 40 2 2
8992220 40 0 2
9016428 40 15 0
9016428 40 15 0
9016990 40 15 2
9018944 40 15 0
9018945 40 0 0
9019057 40 0 1
9019119 40 0 2
9022507 40 15 0
9022508 40 15 2
9022785 40 15 0
9022786 40 15 2
9022937 40 15 2
9023497 40 38 0
9023497 40 38 0
9024042 40 38 2
9024649 40 38 2
9024892 40 0 2
9026101 40 7 0
9026388 40 2 0
9026389 40 0 0
9027261 40 7 2
9027741 40 15 0
9027741 40 15 0
9027847 40 15 2
9027855 40 15 2
9027943 40 38 0
9027943 40 38 0
9028017 40 38 2
9028096 40 38 2
9030656 40 15 0
9030656 40 15 0
9030762 40 15 2
9030780 40 15 2
9031856 40 1 0
9031856 40 1 0
9031922 40 1 2
9031930 40 1 2
9032138 40 36 0
9032138 40 36 0
9032196 40 36 2
9032220 40 36 2
9032284 40 37 0
9032284 40 37 0
9032350 40 37 2
9032375 40 37 2
9032423 40 58 0
9032423 40 58 0
9032473 40 58 2
9032492 40 58 2
9032524 40 59 0
9032524 40 59 0
9032582 40 59 2
9032599 40 59 2
9032811 40 61 0
9032811 40 61 0
9032885 40 61 2
9032901 40 61 2
9033181 40 54 0
9033181 40 54 0
9033255 40 54 2
9033271 40 54 2
9034388 40 38 2
9034679 40 1 0
9034752 40 1 2
9034991 40 38 2
9035121 40 38 2
9035200 40 46 0
9035282 40 46 2
9035314 40 47 0
9035380 40 38 2
9035404 40 47 2
9035548 40 12 0
9035646 40 12 2
9035986 40 38 2
9036130 40 1 0
9036130 40 1 0
9036197 40 1 2
9036215 40 1 2
9036525 40 38 2
9036656 40 38 2
9036663 40 46 0
9036755 40 46 2
9036787 40 47 0
9036787 40 47 0
9036861 40 47 2
9036868 40 47 2
9036915 40 38 2
9037012 40 12 0
9037101 40 12 2
9037522 40 38 2
9037585 40 1 0
9037585 40 1 0
9037651 40 1 2
9037714 40 1 2
9038061 40 38 2
9038162 40 46 0
9038162 40 46 0
9038192 40 38 2
9038236 40 46 2
9038268 40 47 0
9038278 40 46 2
9038349 40 47 2
9038451 40 38 2
9038493 40 12 0
9038585 40 12 2
9039069 40 1 0
9039069 40 1 0
9039135 40 1 2
9039176 40 1 2
9039590 40 38 2
9039624 40 46 0
9039696 40 46 2
9039723 40 38 2
9039728 40 47 0
9039849 40 47 2
9039982 40 38 2
9039993 40 12 0
9039993 40 12 0
9040080 40 12 2
9040084 40 12 2
9040568 40 1 0
9040568 40 1 0
9040634 40 1 2
9040702 40 1 2
9041150 40 46 0
9041150 40 46 0
9041176 40 38 2
9041216 40 46 2
9041224 40 46 2
9041256 40 47 0
9041256 40 47 0
9041330 40 47 2
9041338 40 47 2
9041435 40 38 2
9041482 40 12 0
9041482 40 12 0
9041564 40 12 2
9041571 40 12 2
9042043 40 38 2
9042055 40 1 0
9042055 40 1 0
9042122 40 1 2
9042169 40 1 2
9042582 40 38 2
9042617 40 46 0
9042617 40 46 0
9042683 40 46 2
9042692 40 46 2
9042713 40 38 2
9042724 40 47 0
9042724 40 47 0
9042798 40 47 2
9042806 40 47 2
9042950 40 12 0
9042950 40 12 0
9042972 40 38 2
9043033 40 12 2
9043040 40 12 2
9043524 40 1 0
9043524 40 1 0
9043579 40 38 2
9043590 40 1 2
9043655 40 1 2
9044103 40 46 0
9044103 40 46 0
9044118 40 38 2
9044169 40 46 2
9044176 40 46 2
9044208 40 47 0
9044208 40 47 0
9044249 40 38 2
9044283 40 47 2
9044291 40 47 2
9044435 40 12 0
9044435 40 12 0
9044508 40 38 2
9044517 40 12 2
9044525 40 12 2
9045009 40 1 0
9045009 40 1 0
9045075 40 1 2
9045082 40 1 2
9045530 40 46 0
9045530 40 46 0
9045596 40 46 2
9045604 40 46 2
9045636 40 47 0
9045636 40 47 0
9045662 40 38 2
9045710 40 47 2
9045718 40 47 2
9045793 40 38 2
9045862 40 12 0
9045862 40 12 0
9045944 40 12 2
9045953 40 12 2
9046053 40 38 2
9046437 40 1 0
9046437 40 1 0
9046504 40 1 2
9046532 40 1 2
9046660 40 38 2
9046980 40 46 0
9046980 40 46 0
9047046 40 46 2
9047054 40 46 2
9047086 40 47 0
9047086 40 47 0
9047160 40 47 2
9047168 40 47 2
9047199 40 38 2
9047312 40 12 0
9047312 40 12 0
9047331 40 38 2
9047394 40 12 2
9047402 40 12 2
9047590 40 38 2
9047886 40 1 0
9047886 40 1 0
9047952 40 1 2
9047990 40 1 2
9048197 40 38 2
9048438 40 46 0
9048438 40 46 0
9048504 40 46 2
9048512 40 46 2
9048544 40 47 0
9048544 40 47 0
9048619 40 47 2
9048627 40 47 2
9048736 40 38 2
9048771 40 12 0
9048771 40 12 0
9048853 40 12 2
9048860 40 12 2
9048867 40 38 2
9049126 40 38 2
9049344 40 1 0
9049344 40 1 0
9049410 40 1 2
9049458 40 1 2
9049733 40 38 2
9049906 40 46 0
9049906 40 46 0
9049972 40 46 2
9049979 40 46 2
9050011 40 47 0
9050011 40 47 0
9050086 40 47 2
9050094 40 47 2
9050238 40 12 0
9050238 40 12 0
9050272 40 38 2
9050320 40 12 2
9050332 40 12 2
9050403 40 38 2
9050662 40 38 2
9050816 40 1 0
9050816 40 1 0
9050883 40 1 2
9050890 40 1 2
9051338 40 46 0
9051338 40 46 0
9051405 40 46 2
9051413 40 46 2
9051445 40 47 0
9051445 40 47 0
9051519 40 47 2
9051527 40 47 2
9051671 40 12 0
9051671 40 12 0
9051753 40 12 2
9051760 40 12 2
9051783 40 38 2
9051914 40 38 2
9052174 40 38 2
9052244 40 1 0
9052244 40 1 0
9052310 40 1 2
9052338 40 1 2
9052781 40 38 2
9052786 40 46 0
9052786 40 46 0
9052852 40 46 2
9052862 40 46 2
9052894 40 47 0
9052894 40 47 0
9052968 40 47 2
9052976 40 47 2
9053120 40 12 0
9053120 40 12 0
9053202 40 12 2
9053210 40 12 2
9053322 40 38 2
9053453 40 38 2
9053694 40 1 0
9053694 40 1 0
9053712 40 38 2
9053760 40 1 2
9053808 40 1 2
9054256 40 46 0
9054256 40 46 0
9054319 40 38 2
9054322 40 46 2
9054330 40 46 2
9054362 40 47 0
9054362 40 47 0
9054436 40 47 2
9054444 40 47 2
9054588 40 12 0
9054588 40 12 0
9054670 40 12 2
9054677 40 12 2
9054858 40 38 2
9054989 40 38 2
9055161 40 1 0
9055161 40 1 0
9055227 40 1 2
9055248 40 38 2
9055275 40 1 2
9055723 40 46 0
9055723 40 46 0
9055790 40 46 2
9055798 40 46 2
9055830 40 47 0
9055830 40 47 0
9055855 40 38 2
9055904 40 47 2
9055912 40 47 2
9056056 40 12 0
9056056 40 12 0
9056138 40 12 2
9056145 40 12 2
9056394 40 38 2
9056525 40 38 2
9056629 40 1 0
9056629 40 1 0
9056695 40 1 2
9056744 40 1 2
9056784 40 38 2
9057192 40 46 0
9057192 40 46 0
9057258 40 46 2
9057267 40 46 2
9057299 40 47 0
9057299 40 47 0
9057373 40 47 2
9057381 40 47 2
9057525 40 12 0
9057525 40 12 0
9057607 40 12 2
9057615 40 12 2
9057905 40 38 2
9058036 40 38 2
9058099 40 1 0
9058099 40 1 0
9058165 40 1 2
9058203 40 1 2
9058295 40 38 2
9058651 40 46 0
9058651 40 46 0
9058718 40 46 2
9058728 40 46 2
9058760 40 47 0
9058760 40 47 0
9058834 40 47 2
9058842 40 47 2
9058902 40 38 2
9058986 40 12 0
9058986 40 12 0
9059068 40 12 2
9059076 40 12 2
9059135 40 2 0
9059136 40 0 1
9059339 40 2 2
9059420 40 0 2
9059441 40 38 2
9059560 40 1 0
9059560 40 1 0
9059572 40 38 2
9059626 40 1 2
9059674 40 1 2
9059831 40 38 2
9060122 40 46 0
9060122 40 46 0
9060190 40 46 2
9060201 40 46 2
9060233 40 47 0
9060233 40 47 0
9060307 40 47 2
9060315 40 47 2
9060439 40 38 2
9060459 40 12 0
9060459 40 12 0
9060541 40 12 2
9060550 40 12 2
9060979 40 38 2
9061034 40 1 0
9061034 40 1 0
9061100 40 1 2
9061110 40 38 2
9061137 40 1 2
9061369 40 38 2
9061585 40 46 0
9061585 40 46 0
9061654 40 46 2
9061662 40 46 2
9061694 40 47 0
9061694 40 47 0
9061768 40 47 2
9061778 40 47 2
9061922 40 12 0
9061922 40 12 0
9061976 40 38 2
9062010 40 12 2
9062012 40 12 2
9062496 40 1 0
9062496 40 1 0
9062514 40 38 2
9062562 40 1 2
9062572 40 1 2
9062645 40 38 2
9062904 40 38 2
9063020 40 46 0
9063020 40 46 0
9063086 40 46 2
9063094 40 46 2
9063126 40 47 0
9063126 40 47 0
9063200 40 47 2
9063211 40 47 2
9063355 40 12 0
9063355 40 12 0
9063437 40 12 2
9063445 40 12 2
9063511 40 38 2
9063929 40 1 0
9063929 40 1 0
9063995 40 1 2
9064003 40 1 2
9064050 40 38 2
9064185 40 38 2
9064444 40 38 2
9064451 40 46 0
9064451 40 46 0
9064518 40 46 2
9064526 40 46 2
9064558 40 47 0
9064558 40 47 0
9064632 40 47 2
9064640 40 47 2
9064784 40 12 0
9064784 40 12 0
9064866 40 12 2
9064874 40 12 2
9065054 40 38 2
9065358 40 1 0
9065358 40 1 0
9065424 40 1 2
9065431 40 1 2
9065595 40 38 2
9065726 40 38 2
9065879 40 46 0
9065879 40 46 0
9065945 40 46 2
9065952 40 46 2
9065984 40 47 0
9065984 40 47 0
9065987 40 38 2
9066058 40 47 2
9066066 40 47 2
9066210 40 12 0
9066210 40 12 0
9066292 40 12 2
9066300 40 12 2
9066595 40 38 2
9066784 40 1 0
9066784 40 1 0
9066850 40 1 2
9066867 40 1 2
9067134 40 38 2
9067265 40 38 2
9067315 40 46 0
9067315 40 46 0
9067382 40 46 2
9067390 40 46 2
9067422 40 47 0
9067422 40 47 0
9067496 40 47 2
9067504 40 47 2
9067524 40 38 2
9067648 40 12 0
9067648 40 12 0
9067730 40 12 2
9067738 40 12 2
9068126 40 1 0
9068126 40 1 0
9068131 40 38 2
9068192 40 1 2
9068200 40 1 2
9068648 40 46 0
9068648 40 46 0
9068669 40 38 2
9068714 40 46 2
9068722 40 46 2
9068754 40 47 0
9068754 40 47 0
9068802 40 38 2
9068828 40 47 2
9068836 40 47 2
9068980 40 12 0
9068980 40 12 0
9069066 40 12 2
9069075 40 12 2
9069559 40 1 0
9069559 40 1 0
9069625 40 1 2
9069632 40 1 2
9070080 40 46 0
9070080 40 46 0
9070149 40 46 2
9070162 40 46 2
9070194 40 47 0
9070194 40 47 0
9070269 40 47 2
9070276 40 47 2
9070420 40 12 0
9070420 40 12 0
9070502 40 12 2
9070510 40 12 2
9070994 40 1 0
9070994 40 1 0
9071060 40 1 2
9071068 40 1 2
9071516 40 46 0
9071516 40 46 0
9071583 40 46 2
9071592 40 46 2
9071624 40 47 0
9071624 40 47 0
9071698 40 47 2
9071706 40 47 2
9071858 40 61 0
9071858 40 61 0
9071932 40 61 2
9071989 40 61 2
9072013 40 62 0
9072013 40 62 0
9072095 40 62 2
9072103 40 62 2
9072379 40 63 0
9072379 40 63 0
9072469 40 63 2
9072486 40 63 2
9072910 40 12 0
9072910 40 12 0
9072992 40 12 2
9073010 40 12 2
9073662 40 1 0
9073662 40 1 0
9073728 40 1 2
9073736 40 1 2
9074184 40 46 0
9074184 40 46 0
9074250 40 46 2
9074258 40 46 2
9074290 40 47 0
9074290 40 47 0
9074364 40 47 2
9074371 40 47 2
9074515 40 12 0
9074515 40 12 0
9074597 40 12 2
9074605 40 12 2
9075089 40 1 0
9075089 40 1 0
9075155 40 1 2
9075163 40 1 2
9075353 40 38 2
9075611 40 46 0
9075611 40 46 0
9075679 40 46 2
9075694 40 46 2
9075726 40 47 0
9075726 40 47 0
9075801 40 47 2
9075813 40 47 2
9075957 40 12 0
9075957 40 12 0
9076039 40 12 2
9076047 40 12 2
9076531 40 1 0
9076531 40 1 0
9076597 40 1 2
9076605 40 1 2
9077053 40 46 0
9077053 40 46 0
9077119 40 46 2
9077130 40 46 2
9077162 40 47 0
9077162 40 47 0
9077236 40 47 2
9077243 40 47 2
9077387 40 12 0
9077387 40 12 0
9077469 40 12 2
9077476 40 12 2
9077960 40 1 0
9077960 40 1 0
9078027 40 1 2
9078035 40 1 2
9078483 40 46 0
9078483 40 46 0
9078549 40 46 2
9078557 40 46 2
9078589 40 47 0
9078589 40 47 0
9078663 40 47 2
9078671 40 47 2
9078815 40 12 0
9078904 40 12 2
9079113 40 2 0
9079114 40 2 2
9079388 40 1 0
9079388 40 1 0
9079454 40 1 2
9079471 40 1 2
9079919 40 46 0
9079919 40 46 0
9079985 40 46 2
9079996 40 46 2
9080028 40 47 0
9080028 40 47 0
9080102 40 47 2
9080110 40 47 2
9080254 40 12 0
9080254 40 12 0
9080336 40 12 2
9080344 40 12 2
9080828 40 1 0
9080828 40 1 0
9080894 40 1 2
9080902 40 1 2
9081350 40 46 0
9081350 40 46 0
9081420 40 46 2
9081428 40 46 2
9081460 40 47 0
9081460 40 47 0
9081534 40 47 2
9081542 40 47 2
9081686 40 12 0
9081686 40 12 0
9081769 40 12 2
9081774 40 12 2
9082258 40 1 0
9082258 40 1 0
9082324 40 1 2
9082332 40 1 2
9082780 40 46 0
9082780 40 46 0
9082846 40 46 2
9082853 40 46 2
9082885 40 47 0
9082885 40 47 0
9082959 40 47 2
9082969 40 47 2
9083113 40 12 0
9083113 40 12 0
9083195 40 12 2
9083203 40 12 2
9083687 40 1 0
9083687 40 1 0
9083753 40 1 2
9083761 40 1 2
9084209 40 46 0
9084209 40 46 0
9084275 40 46 2
9084286 40 46 2
9084318 40 47 0
9084318 40 47 0
9084392 40 47 2
9084400 40 47 2
9084544 40 12 0
9084544 40 12 0
9084627 40 12 2
9084632 40 12 2
9085116 40 1 0
9085116 40 1 0
9085182 40 1 2
9085190 40 1 2
9085638 40 46 0
9085638 40 46 0
9085705 40 46 2
9085714 40 46 2
9085746 40 47 0
9085746 40 47 0
9085820 40 47 2
9085828 40 47 2
9085972 40 12 0
9085972 40 12 0
9086054 40 12 2
9086062 40 12 2
9086546 40 1 0
9086546 40 1 0
9086560 40 2 0
9086561 40 2 2
9086612 40 1 2
9086620 40 1 2
9087068 40 46 0
9087068 40 46 0
9087134 40 46 2
9087142 40 46 2
9087174 40 47 0
9087174 40 47 0
9087248 40 47 2
9087256 40 47 2
9087400 40 12 0
9087400 40 12 0
9087486 40 12 2
9087488 40 12 2
9087972 40 1 0
9087972 40 1 0
9088038 40 1 2
9088055 40 1 2
9088503 40 46 0
9088503 40 46 0
9088569 40 46 2
9088577 40 46 2
9088609 40 47 0
9088609 40 47 0
9088683 40 47 2
9088691 40 47 2
9088835 40 12 0
9088835 40 12 0
9088917 40 12 2
9088925 40 12 2
9089409 40 1 0
9089409 40 1 0
9089475 40 1 2
9089483 40 1 2
9089931 40 46 0
9089931 40 46 0
9089997 40 46 2
9090013 40 46 2
9090045 40 47 0
9090045 40 47 0
9090119 40 47 2
9090136 40 47 2
9090280 40 12 0
9090280 40 12 0
9090363 40 12 2
9090378 40 12 2
9090862 40 1 0
9090862 40 1 0
9090928 40 1 2
9090936 40 1 2
9091384 40 46 0
9091384 40 46 0
9091450 40 46 2
9091467 40 46 2
9091499 40 47 0
9091499 40 47 0
9091573 40 47 2
9091592 40 47 2
9091736 40 12 0
9091736 40 12 0
9091818 40 12 2
9091835 40 12 2
9092319 40 1 0
9092319 40 1 0
9092385 40 1 2
9092410 40 1 2
9092858 40 46 0
9092858 40 46 0
9092924 40 46 2
9092941 40 46 2
9092973 40 47 0
9092973 40 47 0
9093048 40 47 2
9093066 40 47 2
9093210 40 12 0
9093210 40 12 0
9093293 40 12 2
9093308 40 12 2
9093792 40 1 0
9093792 40 1 0
9093858 40 1 2
9093883 40 1 2
9094331 40 46 0
9094331 40 46 0
9094397 40 46 2
9094416 40 46 2
9094448 40 47 0
9094448 40 47 0
9094522 40 47 2
9094538 40 47 2
9094682 40 12 0
9094682 40 12 0
9094764 40 12 2
9094781 40 12 2
9095265 40 1 0
9095265 40 1 0
9095331 40 1 2
9095357 40 1 2
9095805 40 46 0
9095805 40 46 0
9095871 40 46 2
9095888 40 46 2
9095920 40 47 0
9095920 40 47 0
9095994 40 47 2
9096011 40 47 2
9096155 40 12 0
9096155 40 12 0
9096238 40 12 2
9096253 40 12 2
9096737 40 1 0
9096737 40 1 0
9096803 40 1 2
9096828 40 1 2
9097276 40 46 0
9097276 40 46 0
9097342 40 46 2
9097359 40 46 2
9097391 40 47 0
9097391 40 47 0
9097466 40 47 2
9097483 40 47 2
9097627 40 12 0
9097627 40 12 0
9097709 40 12 2
9097728 40 12 2
9098212 40 1 0
9098212 40 1 0
9098278 40 1 2
9098303 40 1 2
9098751 40 46 0
9098751 40 46 0
9098817 40 46 2
9098836 40 46 2
9098868 40 47 0
9098868 40 47 0
9098942 40 47 2
9098959 40 47 2
9099103 40 12 0
9099103 40 12 0
9099186 40 12 2
9099201 40 12 2
9099685 40 1 0
9099685 40 1 0
9099751 40 1 2
9099868 40 1 2
9100316 40 46 0
9100316 40 46 0
9100382 40 46 2
9100391 40 46 2
9100423 40 47 0
9100423 40 47 0
9100497 40 47 2
9100505 40 47 2
9100649 40 12 0
9100649 40 12 0
9100731 40 12 2
9100739 40 12 2
9101223 40 1 0
9101223 40 1 0
9101289 40 1 2
9101297 40 1 2
9101745 40 46 0
9101745 40 46 0
9101811 40 46 2
9101818 40 46 2
9101850 40 47 0
9101850 40 47 0
9101924 40 47 2
9101932 40 47 2
9102076 40 12 0
9102076 40 12 0
9102159 40 12 2
9102164 40 12 2
9102648 40 1 0
9102648 40 1 0
9102714 40 1 2
9102732 40 1 2
9103180 40 46 0
9103180 40 46 0
9103246 40 46 2
9103254 40 46 2
9103286 40 47 0
9103286 40 47 0
9103360 40 47 2
9103369 40 47 2
9103513 40 12 0
9103513 40 12 0
9103595 40 12 2
9103603 40 12 2
9104087 40 1 0
9104087 40 1 0
9104153 40 1 2
9104161 40 1 2
9104609 40 46 0
9104609 40 46 0
9104675 40 46 2
9104683 40 46 2
9104715 40 47 0
9104715 40 47 0
9104792 40 47 2
9104800 40 47 2
9104944 40 12 0
9104944 40 12 0
9105027 40 12 2
9105032 40 12 2
9105516 40 1 0
9105516 40 1 0
9105582 40 1 2
9105590 40 1 2
9106038 40 46 0
9106038 40 46 0
9106104 40 46 2
9106112 40 46 2
9106144 40 47 0
9106144 40 47 0
9106218 40 47 2
9106226 40 47 2
9106370 40 12 0
9106370 40 12 0
9106452 40 12 2
9106460 40 12 2
9106944 40 1 0
9106944 40 1 0
9107010 40 1 2
9107018 40 1 2
9107466 40 46 0
9107466 40 46 0
9107532 40 46 2
9107540 40 46 2
9107572 40 47 0
9107572 40 47 0
9107646 40 47 2
9107654 40 47 2
9107798 40 12 0
9107798 40 12 0
9107880 40 12 2
9107888 40 12 2
9108372 40 1 0
9108372 40 1 0
9108438 40 1 2
9108447 40 1 2
9108895 40 46 0
9108895 40 46 0
9108961 40 46 2
9108974 40 46 2
9109006 40 47 0
9109006 40 47 0
9109080 40 47 2
9109088 40 47 2
9109232 40 12 0
9109232 40 12 0
9109314 40 12 2
9109322 40 12 2
9109806 40 1 0
9109806 40 1 0
9109872 40 1 2
9109880 40 1 2
9110328 40 46 0
9110328 40 46 0
9110394 40 46 2
9110402 40 46 2
9110434 40 47 0
9110434 40 47 0
9110508 40 47 2
9110516 40 47 2
9110660 40 12 0
9110660 40 12 0
9110743 40 12 2
9110748 40 12 2
9111232 40 1 0
9111232 40 1 0
9111298 40 1 2
9111315 40 1 2
9111763 40 46 0
9111763 40 46 0
9111829 40 46 2
9111837 40 46 2
9111869 40 47 0
9111869 40 47 0
9111943 40 47 2
9111951 40 47 2
9112095 40 12 0
9112095 40 12 0
9112177 40 12 2
9112185 40 12 2
9112669 40 1 0
9112669 40 1 0
9112735 40 1 2
9112743 40 1 2
9113191 40 46 0
9113191 40 46 0
9113257 40 46 2
9113264 40 46 2
9113296 40 47 0
9113296 40 47 0
9113370 40 47 2
9113378 40 47 2
9113522 40 12 0
9113522 40 12 0
9113605 40 12 2
9113610 40 12 2
9114094 40 1 0
9114094 40 1 0
9114160 40 1 2
9114177 40 1 2
9114625 40 46 0
9114625 40 46 0
9114691 40 46 2
9114699 40 46 2
9114731 40 47 0
9114731 40 47 0
9114805 40 47 2
9114813 40 47 2
9114957 40 12 0
9114957 40 12 0
9115040 40 12 2
9115048 40 12 2
9115532 40 1 0
9115532 40 1 0
9115598 40 1 2
9115606 40 1 2
9115723 40 2 0
9115724 40 0 1
9115924 40 2 2
9116005 40 0 2
9116017 40 2 0
9116018 40 2 2
9116038 40 11 0
9116038 40 11 0
9116112 40 11 2
9116145 40 11 2
9116161 40 46 0
9116161 40 46 0
9116238 40 46 2
9116255 40 46 2
9116287 40 47 0
9116287 40 47 0
9116362 40 47 2
9116367 40 47 2
9116511 40 12 0
9116511 40 12 0
9116593 40 12 2
9116601 40 12 2
9117085 40 1 0
9117085 40 1 0
9117151 40 1 2
9117159 40 1 2
9117607 40 46 0
9117607 40 46 0
9117673 40 46 2
9117683 40 46 2
9117715 40 47 0
9117715 40 47 0
9117789 40 47 2
9117797 40 47 2
9117941 40 12 0
9117941 40 12 0
9118023 40 12 2
9118031 40 12 2
9118515 40 1 0
9118515 40 1 0
9118581 40 1 2
9118589 40 1 2
9119037 40 46 0
9119037 40 46 0
9119103 40 46 2
9119111 40 46 2
9119143 40 47 0
9119143 40 47 0
9119218 40 47 2
9119224 40 47 2
9119368 40 12 0
9119368 40 12 0
9119450 40 12 2
9119458 40 12 2
9119942 40 1 0
9119942 40 1 0
9120008 40 1 2
9120016 40 1 2
9120464 40 46 0
9120464 40 46 0
9120531 40 46 2
9120539 40 46 2
9120571 40 47 0
9120571 40 47 0
9120645 40 47 2
9120654 40 47 2
9120798 40 12 0
9120798 40 12 0
9120880 40 12 2
9120887 40 12 2
9121371 40 1 0
9121371 40 1 0
9121437 40 1 2
9121445 40 1 2
9121893 40 46 0
9121893 40 46 0
9121959 40 46 2
9121967 40 46 2
9121999 40 47 0
9121999 40 47 0
9122074 40 47 2
9122079 40 47 2
9122223 40 12 0
9122223 40 12 0
9122305 40 12 2
9122313 40 12 2
9122797 40 1 0
9122797 40 1 0
9122863 40 1 2
9122928 40 1 2
9123376 40 46 0
9123376 40 46 0
9123442 40 46 2
9123450 40 46 2
9123482 40 47 0
9123482 40 47 0
9123556 40 47 2
9123564 40 47 2
9123708 40 12 0
9123708 40 12 0
9123790 40 12 2
9123798 40 12 2
9124282 40 1 0
9124282 40 1 0
9124348 40 1 2
9124405 40 1 2
9124853 40 46 0
9124853 40 46 0
9124919 40 46 2
9124936 40 46 2
9124968 40 47 0
9124968 40 47 0
9125043 40 47 2
9125058 40 47 2
9125202 40 12 0
9125202 40 12 0
9125284 40 12 2
9125292 40 12 2
9125776 40 1 0
9125776 40 1 0
9125842 40 1 2
9125917 40 1 2
9126365 40 46 0
9126365 40 46 0
9126432 40 46 2
9126447 40 46 2
9126479 40 47 0
9126479 40 47 0
9126553 40 47 2
9126570 40 47 2
9126714 40 12 0
9126714 40 12 0
9126796 40 12 2
9126812 40 12 2
9127416 40 1 0
9127416 40 1 0
9127482 40 1 2
9127490 40 1 2
9127778 40 62 0
9127778 40 62 0
9127860 40 62 2
9127868 40 62 2
9127876 40 12 0
9127876 40 12 0
9127959 40 12 2
9127964 40 12 2
9128080 40 61 0
9128080 40 61 0
9128154 40 61 2
9128162 40 61 2
9128698 40 1 0
9128698 40 1 0
9128764 40 1 2
9128813 40 1 2
9128897 40 58 0
9128897 40 58 0
9128947 40 58 2
9129020 40 58 2
9129100 40 59 0
9129100 40 59 0
9129158 40 59 2
9129223 40 59 2
9157690 40 2 0
9157691 40 0 1
9157887 40 2 2
9157969 40 0 2
9181090 40 2 0
9181091 40 0 1
9181287 40 2 2
9181369 40 0 2
9206067 40 2 0
9206068 40 0 1
9206263 40 2 2
9206344 40 0 2
9209386 40 2 0
9209387 40 0 1
9209583 40 2 2
9209664 40 0 2
9218938 40 2 0
9218939 40 0 1
9219133 40 2 2
9219214 40 0 2
9242639 40 2 0
9242640 40 0 1
9242843 40 2 2
9242924 40 0 2
9253245 40 2 0
9253246 40 2 2
9253833 40 2 0
9253834 40 2 2
9253913 40 0 1
9253975 40 0 2
9273823 40 2 0
9273824 40 0 1
9274024 40 2 2
9274106 40 0 2
9297213 40 2 0
9297214 40 0 1
9297414 40 2 2
9297496 40 0 2
9309557 40 2 0
9309558 40 0 1
9309753 40 2 2
9309834 40 0 2
9328863 40 2 0
9328864 40 0 1
9329064 40 2 2
9329146 40 0 2
9352243 40 2 0
9352244 40 0 1
9352444 40 2 2
9352526 40 0 2
9365627 40 2 0
9365628 40 2 2
9378402 40 2 0
9378403 40 0 1
9378603 40 2 2
9378684 40 0 2
9394991 40 2 0
9394992 40 0 1
9395193 40 2 2
9395274 40 0 2
9396397 40 2 0
9396398 40 0 1
9396593 40 2 2
9396674 40 0 2
9429615 40 2 0
9429616 40 0 1
9429813 40 2 2
9429894 40 0 2
9490821 40 2 0
9490822 40 0 1
9490902 40 0 1
9490964 40 0 2
9491023 40 2 2
9491104 40 0 2
9530745 40 2 2
9561801 40 2 0
9561802 40 2 2
9624144 40 3 2
9625578 40 2 0
9625579 40 2 2
9626689 40 3 2
9630644 40 0 1
9630852 40 3 2
9630941 40 0 2
9634751 40 3 0
9634752 40 2 0
9643861 40 2 2
9643862 40 2 0
9643943 40 0 1
9644005 40 0 2
9646050 40 0 1
9646051 40 2 0
9646252 40 2 2
9646333 40 0 2
9658332 40 3 0
9658333 40 3 2
9672144 40 2 0
9672145 40 0 1
9672225 40 0 1
9672287 40 0 2
9672343 40 2 2
9672427 40 0 2
9673457 40 3 0
9673458 40 3 2
9681183 40 3 0
9681184 40 2 0
9685823 40 3 0
9685824 40 0 1
9686023 40 3 2
9686113 40 0 2
9702300 40 15 0
9702300 40 15 0
9702406 40 15 2
9702431 40 15 2
9702519 40 30 0
9702641 40 30 2
9702653 40 24 0
9702727 40 24 2
9702827 40 25 0
9702925 40 25 2
9702933 40 40 0
9702933 40 40 0
9702942 40 40 0
9702943 40 2 0
9702943 40 40 2
9702951 40 40 2
9702966 40 0 1
9703025 40 40 2
9703028 40 0 2
9703089 40 26 0
9703187 40 26 2
9703251 40 27 0
9703349 40 27 2
9703381 40 34 0
9703471 40 34 2
9703483 40 26 0
9703573 40 26 2
9703669 40 55 0
9703807 40 55 2
9703815 40 27 0
9703913 40 27 2
9703961 40 23 0
9706805 40 23 2
9706809 40 28 0
9706904 40 31 2
9706915 40 28 2
9706935 40 23 0
9708815 40 23 2
9708847 40 60 0
9708969 40 60 2
9708985 40 61 0
9709064 40 29 2
9709115 40 61 2
9709135 40 2 0
9709443 40 2 2
9709479 40 38 0
9709600 40 38 2
9709652 40 23 0
9713464 40 2 0
9714075 40 2 0
9714867 40 23 2
9714875 40 19 0
9714966 40 17 2
9714981 40 19 2
9714985 40 23 0
9718146 40 2 0
9718338 40 2 0
9718586 40 2 0
9719120 40 2 0
9719409 40 2 0
9719755 40 23 2
9719855 40 42 2
9719863 40 23 0
9719986 40 23 2
9720085 40 52 2
9720094 40 23 0
9720219 40 2 0
9722228 40 23 2
9722426 40 25 2
9722432 40 23 0
9739166 40 23 2
9741712 40 27 2
9741722 40 23 0
9741936 40 0 1
9742152 40 3 2
9742241 40 0 2
9743576 40 23 2
9745463 40 21 2
9745472 40 23 0
9748536 40 23 2
9748835 40 29 2
9748836 40 23 0
9749929 40 23 2
9753549 40 23 2
9753553 40 23 0
9756598 40 23 2
9757678 40 23 0
9757678 40 25 2
9760970 40 23 2
9762215 40 46 2
9762218 40 23 0
9765274 40 3 2
9765400 40 23 2
9765895 40 2 0
9767045 40 28 2
9767056 40 23 0
9771846 40 0 1
9772042 40 3 2
9772132 40 0 2
9775050 40 23 2
9777208 40 54 2
9777210 40 23 0
9779654 40 23 2
9781809 40 34 2
9781814 40 23 0
9784708 40 23 2
9786465 40 19 2
9786472 40 23 0
9794662 40 0 1
9794862 40 3 2
9794952 40 0 2
9795776 40 23 2
9797195 40 62 2
9797204 40 23 0
9798278 40 23 2
9800057 40 47 2
9800066 40 23 0
9803900 40 23 2
9804651 40 38 2
9804656 40 23 0
9813870 40 23 2
9816052 40 17 2
9816054 40 23 0
9817942 40 3 0
9817943 40 0 1
9818124 40 23 2
9818142 40 3 2
9818232 40 0 2
9819249 40 50 2
9819252 40 23 0
9820076 40 23 2
9821516 40 23 0
9821516 40 32 2
9822940 40 23 2
9823987 40 7 2
9823996 40 23 0
9825300 40 23 2
9825996 40 23 0
9825996 40 52 2
9827716 40 23 2
9828218 40 39 2
9828220 40 23 0
9830510 40 23 2
9830694 40 37 2
9830702 40 23 0
9831256 40 23 2
9832262 40 49 2
9832264 40 23 0
9832405 40 23 2
9832457 40 29 0
9832504 40 22 2
9832571 40 29 2
9832587 40 23 0
9833333 40 0 1
9833532 40 3 2
9833622 40 0 2
9834193 40 23 2
9834292 40 60 2
9834293 40 32 0
9834367 40 32 2
9834451 40 28 0
9834524 40 28 2
9834576 40 2 0
9834657 40 2 2
9834669 40 29 0
9834750 40 29 2
9834754 40 1 0
9834754 40 1 0
9834820 40 1 2
9834828 40 1 2
9834856 40 4 0
9834962 40 4 2
9834970 40 35 0
9834970 40 35 0
9835020 40 35 2
9835069 40 35 2
9835109 40 36 0
9835109 40 36 0
9835167 40 36 2
9835224 40 36 2
9851034 40 20 2
9852753 40 2 0
9852754 40 0 1
9852834 40 0 1
9852896 40 0 2
9852951 40 2 2
9853032 40 0 2
9862608 40 0 1
9862811 40 3 2
9862900 40 0 2
9896965 40 2 0
9896966 40 0 1
9897161 40 2 2
9897242 40 0 2
9898922 40 2 0
9898923 40 0 1
9899122 40 2 2
9899204 40 0 2
9899508 40 3 0
9899509 40 0 1
9899711 40 3 2
9899800 40 0 2
9917935 40 3 2
9917936 40 3 0
9935812 40 3 0
9935813 40 0 1
9936012 40 3 2
9936102 40 0 2
9947365 40 2 0
9947366 40 0 1
9947561 40 2 2
9947642 40 0 2
9949342 40 0 1
9949542 40 2 2
9949624 40 0 2
9959102 40 3 0
9959103 40 0 1
9959302 40 3 2
9959392 40 0 2
9972184 40 3 0
9972185 40 3 2
9993247 40 37 0
9993247 40 37 0
9994233 40 37 2
9994562 40 37 2
9994830 40 36 0
9994830 40 36 0
9994888 40 36 2
9994895 40 36 2
9994927 40 38 0
9994927 40 38 0
9995131 40 38 2
9995871 40 15 0
9995872 40 0 0
9997420 40 3 0
9997421 40 0 0
9998152 40 36 2
9998622 40 36 2
9999449 40 38 2
9999609 40 54 0
9999609 40 54 0
9999684 40 54 2
9999718 40 54 2
9999750 40 12 0
9999750 40 12 0
9999832 40 12 2
9999839 40 12 2
9999903 40 37 0
9999903 40 37 0
9999973 40 37 2
9999975 40 37 2
10000107 40 35 0
10000107 40 35 0
10000157 40 35 2
10000206 40 35 2
10000295 40 39 2
10000832 40 39 2
10000909 40 15 0
10000910 40 15 2
10000911 40 37 2
10000960 40 39 2
10001021 40 0 1
10001062 40 47 0
10001083 40 0 2
10001187 40 15 0
10001188 40 15 2
10001258 40 47 2
10001282 40 11 0
10001282 40 11 0
10001356 40 11 2
10001397 40 37 2
10001421 40 11 2
10001530 40 37 2
10001549 40 1 0
10001631 40 1 2
10002167 40 15 0
10002167 40 15 0
10002348 40 15 2
10002436 40 38 0
10002436 40 38 0
10002503 40 15 2
10002958 40 38 2
10003114 40 46 0
10003201 40 46 2
10003401 40 47 0
10003401 40 47 0
10003475 40 47 2
10003483 40 47 2
10003535 40 47 0
10003619 40 47 2
10003810 40 38 2
10004007 40 38 2
10004141 40 2 0
10004142 40 0 0
10004675 40 63 0
10004675 40 63 0
10004847 40 63 2
10004881 40 63 2
10005085 40 58 0
10005085 40 58 0
10005175 40 58 2
10005206 40 58 2
10005290 40 46 0
10005388 40 46 2
10005944 40 15 0
10005944 40 15 0
10006050 40 15 2
10006058 40 15 2
10009309 40 20 2
10011210 40 37 2
10011341 40 37 2
10011592 40 37 2
10013276 40 2 0
10013277 40 0 0
10014188 40 3 0
10014189 40 0 1
10014277 40 0 1
10014339 40 0 2
10014391 40 3 2
10014480 40 0 2
10043067 40 2 0
10043068 40 2 2
10050798 40 3 0
10050799 40 0 1
10051001 40 3 2
10051090 40 0 2
10051100 40 2 2
10051101 40 2 0
10051182 40 0 1
10051244 40 0 2
10052400 40 2 2
10052401 40 2 0
10069969 40 40 0
10069969 40 2 2
10069979 40 2 2
10070059 40 3 0
10070060 40 3 2
10070147 40 0 1
10070209 40 0 2
10080831 40 0 1
10081042 40 0 2
10081108 40 0 2
10095225 40 15 0
10095225 40 15 0
10095331 40 15 2
10095339 40 15 2
10095547 40 40 0
10095556 40 2 0
10095556 40 40 2
10095638 40 40 2
10095906 40 55 0
10096044 40 55 2
10096100 40 19 0
10096659 40 19 2
10096727 40 39 2
10096839 40 19 0
10096842 40 19 2
10096925 40 9 2
10097017 40 20 2
10097112 40 28 2
10102573 40 19 2
10102640 40 6 2
10102645 40 19 0
10105117 40 19 2
10105603 40 52 2
10105609 40 19 0
10113455 40 19 2
10115355 40 57 2
10115363 40 19 0
10117764 40 19 2
10118826 40 60 2
10118832 40 19 0
10120694 40 19 2
