0 6 51 0
4461 6 51 2
4465 6 22 0
4726 6 56 1
4992 6 2 2
5052 6 56 2
5381 6 22 2
5393 6 1 0
6179 6 1 2
6199 6 24 0
6329 6 24 2
11910 6 56 1
12171 6 0 2
12244 6 56 2
21319 6 56 1
21581 6 2 2
21638 6 56 2
31867 6 56 1
32131 6 2 2
32188 6 56 2
32963 6 56 1
33222 6 2 2
33280 6 56 2
118670 6 56 1
118931 6 2 2
118988 6 56 2
119376 6 56 1
119642 6 2 2
119700 6 56 2
180655 6 56 1
180921 6 2 2
180978 6 56 2
188906 6 56 1
189171 6 2 2
189228 6 56 2
195358 6 56 1
195621 6 2 2
195678 6 56 2
200403 6 2 0
200404 6 56 1
200691 6 2 2
200748 6 56 2
207900 6 56 1
208162 6 2 2
208220 6 56 2
226717 6 4 0
227347 6 4 2
227399 6 44 0
228067 6 44 2
228079 6 5 0
228130 6 5 2
228142 6 45 0
228609 6 45 2
228677 6 24 0
228813 6 24 2
228845 6 25 0
229012 6 25 2
229020 6 26 0
229161 6 26 2
229201 6 27 0
229444 6 27 2
229464 6 33 0
230110 6 33 2
230130 6 35 0
230240 6 35 2
230248 6 41 0
230640 6 41 2
230656 6 42 0
230949 6 42 2
230981 6 1 0
231063 6 1 2
231099 6 36 0
231293 6 36 2
231305 6 43 0
231639 6 43 2
231655 6 17 0
231752 6 17 2
231844 6 27 0
231952 6 27 2
231956 6 37 0
232082 6 37 2
232094 6 17 0
232232 6 17 2
232240 6 15 0
232445 6 15 2
232485 6 16 0
233273 6 16 2
233313 6 18 0
233817 6 18 2
233841 6 61 0
234059 6 61 2
234071 6 54 0
234224 6 54 2
234244 6 7 0
234336 6 7 2
234344 6 19 0
234499 6 19 2
234503 6 35 0
234858 6 35 2
234874 6 53 0
235069 6 53 2
235109 6 33 0
235225 6 33 2
235237 6 36 0
235366 6 36 2
235386 6 40 0
235696 6 40 2
235720 6 37 0
235836 6 37 2
235940 6 38 0
236061 6 38 2
236065 6 31 0
236312 6 31 2
236336 6 8 0
236440 6 8 2
236448 6 29 0
236582 6 29 2
236622 6 0 0
236721 6 0 2
236733 6 38 0
237654 6 38 2
237670 6 39 0
237863 6 39 2
237867 6 39 0
238134 6 39 2
238190 6 36 0
238304 6 36 2
238336 6 38 0
238479 6 38 2
238495 6 51 0
238744 6 51 2
238800 6 25 0
239121 6 56 1
239133 6 25 2
239141 6 52 0
239381 6 4 2
239422 6 56 2
240026 6 56 1
240223 6 52 2
240259 6 33 0
240291 6 22 2
240331 6 56 2
240591 6 33 2
240611 6 53 0
240793 6 56 1
240832 6 53 2
240856 6 54 0
241051 6 45 2
241124 6 56 2
241337 6 54 2
241353 6 11 0
241656 6 11 2
241668 6 56 0
241850 6 56 2
241854 6 12 0
242103 6 12 2
242111 6 57 0
242172 6 56 1
242431 6 52 2
242479 6 56 1
242485 6 57 2
242489 6 2 0
242522 6 56 2
242741 6 58 2
242776 6 2 2
242828 6 37 0
242854 6 56 2
242994 6 37 2
243010 6 40 0
243207 6 40 2
243263 6 58 0
243947 6 58 2
244007 6 35 0
244127 6 35 2
244131 6 50 0
244374 6 50 2
244394 6 62 0
244675 6 56 1
244914 6 56 1
244951 6 16 2
245040 6 56 2
245181 6 40 2
245265 6 62 2
245293 6 38 0
245294 6 56 2
245353 6 56 1
245599 6 38 2
245621 6 34 2
245671 6 63 0
245710 6 56 2
245888 6 63 2
245928 6 12 0
246225 6 12 2
246249 6 2 0
246343 6 2 2
246367 6 13 0
246616 6 13 2
246688 6 56 1
246712 6 3 0
246846 6 3 2
246886 6 23 0
246951 6 3 2
247000 6 56 2
247043 6 23 2
247059 6 24 0
247171 6 24 2
247279 6 41 0
247639 6 41 2
247647 6 25 0
247753 6 25 2
247781 6 26 0
247900 6 26 2
247980 6 0 0
248066 6 0 2
248074 6 3 0
248171 6 3 2
248215 6 4 0
248306 6 4 2
248402 6 5 0
248470 6 56 1
248504 6 5 2
248544 6 15 0
248761 6 0 2
248834 6 56 2
248836 6 0 0
248926 6 0 0
248992 6 15 2
249000 6 14 0
249022 6 0 0
249126 6 0 0
249306 6 0 0
249357 6 14 2
249369 6 50 0
249398 6 0 0
249490 6 0 0
249557 6 56 1
249614 6 0 0
249653 6 50 2
249681 6 6 0
249748 6 0 0
249831 6 35 2
249850 6 0 0
249912 6 56 2
249935 6 6 2
249951 6 0 0
249955 6 4 0
250049 6 0 0
250079 6 4 2
250087 6 8 0
250151 6 0 0
250223 6 8 2
250227 6 47 0
250274 6 0 0
250437 6 0 0
250572 6 0 0
250699 6 0 0
250805 6 0 0
250969 6 0 0
251111 6 0 0
251123 6 47 2
251131 6 49 0
251260 6 0 0
251311 6 49 2
251327 6 11 0
251374 6 0 0
251463 6 11 2
251499 6 5 0
251512 6 0 0
251741 6 5 2
251765 6 37 0
251784 6 0 0
251960 6 0 0
252113 6 0 0
252251 6 37 2
252315 6 4 0
252431 6 0 0
252436 6 4 2
252440 6 1 0
252521 6 1 2
252549 6 27 0
252563 6 56 1
252573 6 0 0
252694 6 27 2
252702 6 2 0
252712 6 0 0
252822 6 0 2
252841 6 2 2
252846 6 0 0
252853 6 11 0
252923 6 56 2
252927 6 0 0
252992 6 0 0
253050 6 0 0
253185 6 0 0
253215 6 0 0
253281 6 0 0
253330 6 0 0
253351 6 11 2
253359 6 7 0
253428 6 0 0
253459 6 0 0
253532 6 0 0
253578 6 0 0
253596 6 7 2
253616 6 3 0
253671 6 0 0
253681 6 0 0
253780 6 3 2
253796 6 0 0
253853 6 0 0
253882 6 0 0
253888 6 6 0
253975 6 0 0
254004 6 0 0
254136 6 0 0
254223 6 0 0
254338 6 0 0
254353 6 0 0
254434 6 0 0
254493 6 0 0
254537 6 0 0
254611 6 6 2
254620 6 0 0
254627 6 0 0
254631 6 9 0
254775 6 0 0
254778 6 0 0
254821 6 9 2
254859 6 0 0
254911 6 0 0
254993 6 8 0
255030 6 0 0
255068 6 0 0
255126 6 8 2
255134 6 0 0
255138 6 11 0
255209 6 0 0
255255 6 0 0
255374 6 0 0
255387 6 0 0
255392 6 11 2
255412 6 12 0
255524 6 0 0
255525 6 0 0
255574 6 12 2
255598 6 16 0
255620 6 0 0
255643 6 0 0
255759 6 0 0
255880 6 0 0
255997 6 0 0
256038 6 0 0
256110 6 16 2
256118 6 13 0
256136 6 0 0
256209 6 0 0
256228 6 13 2
256276 6 2 0
256340 6 0 0
256408 6 2 2
256444 6 14 0
256502 6 0 0
256644 6 0 0
256742 6 0 0
256882 6 0 0
256919 6 14 2
256923 6 17 0
256962 6 0 0
256998 6 0 0
257098 6 0 0
257108 6 0 0
257261 6 0 0
257392 6 0 0
257425 6 17 2
257433 6 15 0
257502 6 0 0
257544 6 0 0
257587 6 15 2
257607 6 18 0
257628 6 0 0
257677 6 0 0
257763 6 0 0
257797 6 0 0
257898 6 18 2
257903 6 0 0
257922 6 4 0
257930 6 0 0
258043 6 4 2
258057 6 0 0
258060 6 0 0
258083 6 40 0
258211 6 0 0
258216 6 0 0
258224 6 40 2
258228 6 38 0
258228 6 38 0
258279 6 38 2
258355 6 0 0
258366 6 0 0
258469 6 0 0
258489 6 38 2
258497 6 27 0
258594 6 0 0
258799 6 0 0
258825 6 27 2
258845 6 35 0
258953 6 0 0
259084 6 0 0
259200 6 0 0
259347 6 0 0
259437 6 0 0
259606 6 0 0
259648 6 35 2
259704 6 28 0
259745 6 0 0
259954 6 28 2
260000 6 0 0
260022 6 3 0
260103 6 3 2
260107 6 46 0
260142 6 0 0
260262 6 0 0
260400 6 46 2
260404 6 0 0
260420 6 4 0
260516 6 4 2
260548 6 0 0
260589 6 0 0
260649 6 0 2
260653 6 29 0
260737 6 0 0
260888 6 0 0
260960 6 29 2
261010 6 0 0
261104 6 47 0
261201 6 0 0
261362 6 47 2
261388 6 0 0
261434 6 30 0
261548 6 30 2
261561 6 0 0
261900 6 31 0
262018 6 31 2
262022 6 44 0
262207 6 0 0
262222 6 44 2
262230 6 43 0
262457 6 43 2
262589 6 32 0
262727 6 32 2
262799 6 33 0
263003 6 33 2
263051 6 33 0
263491 6 33 2
263499 6 27 0
263612 6 27 2
263716 6 54 0
263766 6 56 1
263809 6 0 0
263998 6 54 2
264010 6 28 0
264061 6 37 2
264125 6 56 2
264143 6 28 2
264159 6 34 0
264468 6 34 2
264476 6 56 0
264565 6 56 1
264644 6 56 2
264660 6 35 0
264831 6 1 2
264837 6 56 1
264896 6 56 2
264966 6 35 2
265066 6 41 0
265101 6 19 2
265167 6 56 2
265195 6 41 2
265243 6 61 0
265666 6 61 2
265670 6 39 0
265801 6 39 2
265813 6 7 0
265902 6 7 2
265962 6 8 0
266054 6 8 2
266086 6 63 0
266457 6 63 2
266565 6 0 0
266648 6 0 2
266676 6 57 0
266815 6 57 2
266883 6 58 0
267055 6 58 2
267092 6 56 1
267139 6 46 0
267351 6 0 2
267426 6 56 2
267537 6 46 2
267549 6 59 0
267834 6 0 0
267917 6 56 1
267949 6 0 0
267956 6 59 2
267988 6 32 0
268067 6 0 0
268168 6 0 0
268177 6 32 2
268181 6 0 2
268185 6 50 0
268254 6 56 2
268302 6 0 0
268314 6 50 2
268390 6 60 0
268528 6 0 0
268591 6 0 0
268612 6 60 2
268620 6 62 0
268709 6 0 0
268729 6 0 0
268835 6 0 0
268857 6 62 2
268861 6 3 0
268937 6 0 0
268942 6 0 0
269210 6 3 2
269222 6 5 0
269345 6 0 0
269377 6 0 0
269433 6 0 0
269505 6 5 2
269533 6 17 0
269574 6 0 0
269657 6 17 2
269677 6 6 0
269686 6 0 0
269770 6 6 2
269819 6 0 0
269837 6 0 0
269862 6 11 0
269928 6 0 0
269952 6 0 0
270082 6 0 0
270216 6 0 0
270226 6 11 2
270234 6 10 0
270283 6 0 0
270307 6 10 2
270327 6 11 0
270360 6 0 0
270421 6 11 2
270422 6 0 0
270429 6 6 0
270448 6 0 0
270531 6 6 2
270544 6 0 0
270567 6 36 0
270576 6 0 0
270725 6 0 0
270871 6 36 2
270879 6 0 0
270915 6 0 0
270931 6 12 0
271031 6 0 0
271071 6 0 0
271163 6 0 0
271171 6 12 2
271179 6 0 0
271262 6 0 2
271297 6 0 0
271303 6 0 0
271386 6 15 0
271386 6 15 0
271420 6 15 2
271459 6 0 0
271479 6 0 0
271495 6 15 2
271615 6 7 0
271668 6 0 0
271689 6 0 0
271763 6 7 2
271779 6 0 0
271837 6 0 0
271880 6 0 0
271932 6 0 0
272013 6 0 2
272033 6 0 0
272123 6 0 0
272154 6 56 1
272161 6 9 0
272252 6 0 0
272264 6 0 0
272345 6 0 0
272371 6 9 2
272403 6 8 0
272421 6 55 2
272470 6 0 0
272492 6 8 2
272502 6 56 2
272520 6 41 0
272537 6 0 0
272612 6 0 0
272748 6 0 0
272748 6 0 0
272878 6 41 2
272904 6 0 0
272986 6 14 0
273012 6 0 0
273070 6 0 0
273090 6 14 2
273162 6 0 0
273174 6 0 0
273330 6 0 0
273362 6 61 0
273388 6 0 0
273491 6 0 0
273691 6 61 2
273712 6 0 0
273737 6 0 0
273763 6 54 0
273855 6 0 0
273902 6 0 0
273990 6 0 0
274015 6 54 2
274028 6 0 0
274047 6 55 0
274184 6 55 2
274193 6 0 0
274197 6 0 0
274305 6 0 0
274412 6 40 0
274426 6 0 0
274497 6 0 0
274534 6 0 0
274541 6 40 2
274569 6 49 0
274625 6 0 0
274634 6 0 0
274718 6 0 0
274730 6 49 2
274742 6 51 0
274832 6 0 0
274874 6 51 2
274894 6 37 0
274895 6 0 0
274976 6 37 2
274980 6 20 0
275035 6 0 0
275045 6 20 2
275050 6 0 0
275061 6 3 0
275149 6 0 0
275206 6 0 0
275366 6 3 2
275398 6 0 0
275458 6 21 0
275499 6 0 0
275522 6 0 0
275523 6 21 2
275531 6 56 0
275659 6 0 0
275915 6 0 0
275958 6 0 0
276051 6 0 0
276144 6 56 2
276148 6 0 0
276159 6 0 0
276164 6 57 0
276251 6 0 0
276292 6 0 0
276318 6 57 2
276394 6 0 0
276406 6 58 0
276509 6 0 0
276548 6 58 2
276628 6 59 0
276738 6 0 0
276770 6 0 0
276785 6 59 2
276809 6 63 0
276881 6 0 0
276961 6 63 2
276962 6 0 0
277045 6 33 0
277113 6 0 0
277129 6 0 0
277201 6 33 2
277280 6 0 0
277286 6 0 0
277430 6 0 0
277538 6 0 0
277566 6 0 0
277708 6 0 0
277786 6 0 0
277856 6 0 0
277993 6 0 0
278034 6 0 0
278134 6 0 0
278157 6 0 0
278272 6 0 0
278292 6 0 0
278403 6 0 0
278412 6 0 0
278554 6 0 0
278743 6 0 0
278890 6 0 0
279008 6 0 0
279126 6 0 0
279239 6 0 0
280245 6 0 0
280859 6 2 0
280860 6 0 0
282019 6 0 2
282480 6 2 0
282481 6 56 1
282741 6 2 2
282798 6 56 2
291756 6 0 0
317868 6 2 0
317869 6 56 1
318132 6 2 2
318190 6 56 2
425238 6 2 0
425239 6 56 1
425522 6 2 2
425579 6 56 2
452320 6 56 1
452582 6 2 2
452639 6 56 2
455840 6 56 1
456102 6 2 2
456159 6 56 2
475612 6 2 0
475613 6 56 1
475872 6 2 2
475929 6 56 2
512325 6 2 0
512326 6 56 1
512592 6 2 2
512649 6 56 2
516625 6 2 0
516626 6 56 1
516892 6 2 2
516949 6 56 2
545733 6 2 0
545734 6 56 1
546002 6 2 2
546059 6 56 2
611028 6 2 0
611029 6 2 2
627770 6 2 0
627771 6 56 1
628031 6 2 2
628088 6 56 2
632144 6 2 0
632145 6 56 1
632412 6 2 2
632470 6 56 2
655474 6 2 0
655475 6 56 1
655742 6 2 2
655800 6 56 2
677240 6 2 0
677241 6 56 1
677501 6 2 2
677558 6 56 2
690218 6 56 1
690219 6 2 0
690481 6 2 2
690538 6 56 2
690926 6 2 0
690927 6 2 2
735278 6 2 0
735279 6 56 1
735541 6 2 2
735598 6 56 2
783327 6 2 0
783328 6 2 2
785396 6 2 0
785397 6 2 2
820663 6 2 0
820664 6 56 1
820924 6 2 2
820981 6 56 2
822333 6 2 0
822334 6 56 1
822594 6 2 2
822651 6 56 2
840529 6 2 0
840530 6 2 2
870978 6 2 0
870979 6 2 2
877702 6 2 0
877703 6 2 2
891193 6 2 0
891194 6 2 2
927182 6 2 0
927183 6 56 1
927450 6 2 2
927507 6 56 2
961055 6 2 0
961056 6 56 1
961320 6 2 2
961377 6 56 2
998536 6 2 0
998537 6 0 0
999654 6 2 0
999655 6 56 1
999920 6 2 2
999977 6 56 2
1023128 6 56 1
1023129 6 2 0
1023390 6 2 2
1023447 6 56 2
1044006 6 2 0
1044007 6 56 1
1044270 6 2 2
1044327 6 56 2
1051162 6 2 2
1051309 6 2 2
1051528 6 2 2
1163244 6 56 1
1163245 6 2 0
1163504 6 2 2
1163561 6 56 2
1203960 6 15 0
1203960 6 15 0
1206244 6 15 2
1206455 6 15 2
1206804 6 38 0
1206804 6 38 0
1206854 6 38 2
1207159 6 38 2
1207351 6 12 0
1207400 6 12 2
1207877 6 2 0
1207878 6 56 1
1208144 6 2 2
1208201 6 56 2
1208660 6 7 0
1208865 6 2 0
1208866 6 56 1
1208914 6 7 2
1209124 6 2 2
1209182 6 56 2
1209394 6 15 0
1209394 6 15 0
1209448 6 15 2
1209816 6 15 2
1209904 6 38 0
1209904 6 38 0
1211189 6 38 2
1211345 6 46 0
1211411 6 46 2
1211611 6 47 0
1211684 6 47 2
1213734 6 38 2
1213888 6 15 0
1213888 6 15 0
1213922 6 15 2
1214140 6 15 2
1214496 6 42 0
1214782 6 42 2
1215358 6 43 0
1215656 6 43 2
1216232 6 44 0
1216548 6 44 2
1217124 6 45 0
1217416 6 45 2
1217992 6 46 0
1218282 6 46 2
1218858 6 47 0
1219112 6 47 2
1219688 6 48 0
1220016 6 48 2
1220592 6 49 0
1220967 6 49 2
1221543 6 50 0
1221832 6 50 2
1222408 6 51 0
1222706 6 51 2
1223282 6 52 0
1223626 6 52 2
1224202 6 53 0
1224503 6 53 2
1225079 6 54 0
1225372 6 54 2
1225375 6 2 0
1225376 6 2 2
1225948 6 55 0
1226202 6 55 2
1226778 6 56 0
1227134 6 56 2
1227710 6 57 0
1228093 6 57 2
1228669 6 58 0
1228963 6 58 2
1229539 6 59 0
1229866 6 59 2
1230442 6 60 0
1230785 6 60 2
1231361 6 61 0
1231691 6 61 2
1232267 6 62 0
1232573 6 62 2
1233149 6 63 0
1233401 6 63 2
1233977 6 0 0
1233977 6 0 0
1234043 6 0 2
1234210 6 0 2
1234478 6 2 0
1234584 6 2 2
1234640 6 3 0
1234738 6 3 2
1234742 6 7 0
1234801 6 2 0
1234802 6 56 1
1234990 6 7 2
1235064 6 2 2
1235078 6 4 0
1235121 6 56 2
1235168 6 4 2
1235170 6 56 1
1235436 6 46 2
1235502 6 56 2
1235556 6 1 0
1235827 6 1 2
1235928 6 56 1
1236197 6 17 2
1236236 6 56 1
1236279 6 56 2
1236403 6 2 0
1236495 6 55 2
1236543 6 56 1
1236577 6 56 2
1236712 6 2 2
1236805 6 63 2
1236818 6 56 1
1236895 6 56 2
1236988 6 56 1
1237085 6 14 2
1237119 6 56 2
1237255 6 13 2
1237288 6 3 0
1237297 6 56 2
1237626 6 3 2
1237826 6 56 1
1238095 6 15 2
1238122 6 56 1
1238136 6 56 2
1238202 6 4 0
1238202 6 56 1
1238303 6 56 1
1238385 6 50 2
1238438 6 4 2
1238491 6 56 2
1238495 6 28 2
1238560 6 56 2
1238605 6 30 2
1238655 6 56 2
1238657 6 56 1
1238733 6 56 1
1238805 6 56 1
1238925 6 56 2
1239014 6 5 0
1239035 6 51 2
1239055 6 56 2
1239096 6 56 1
1239135 6 56 2
1239145 6 23 2
1239195 6 56 2
1239198 6 56 1
1239224 6 5 2
1239325 6 56 1
1239365 6 62 2
1239402 6 56 1
1239447 6 56 2
1239475 6 54 2
1239520 6 56 1
1239549 6 56 2
1239585 6 42 2
1239677 6 56 1
1239685 6 56 2
1239695 6 38 2
1239753 6 56 2
1239800 6 6 0
1239811 6 56 1
1239815 6 18 2
1239889 6 56 2
1239945 6 25 2
1240035 6 56 2
1240095 6 6 2
1240111 6 6 2
1240120 6 56 2
1240360 6 56 1
1240405 6 56 1
1240556 6 56 1
1240625 6 40 2
1240658 6 56 1
1240687 6 7 0
1240735 6 12 2
1240738 6 56 2
1240785 6 56 2
1240845 6 16 2
1240927 6 56 1
1240944 6 56 2
1240955 6 44 2
1240982 6 7 2
1240999 6 56 1
1241037 6 56 2
1241150 6 56 1
1241195 6 47 2
1241269 6 56 2
1241305 6 7 2
1241339 6 56 2
1241415 6 8 2
1241499 6 56 2
1241552 6 56 1
1241558 6 8 0
1241789 6 56 1
1241815 6 49 2
1241826 6 56 1
1241826 6 8 2
1241929 6 56 2
1241968 6 56 1
1242055 6 48 2
1242086 6 56 1
1242165 6 21 2
1242177 6 56 2
1242182 6 56 1
1242214 6 56 2
1242274 6 26 2
1242356 6 56 2
1242363 6 56 1
1242385 6 34 2
1242402 6 9 0
1242450 6 56 1
1242475 6 56 2
1242495 6 1 2
1242519 6 56 1
1242563 6 56 2
1242625 6 24 2
1242717 6 9 2
1242723 6 56 2
1242735 6 27 2
1242809 6 56 2
1242811 6 56 1
1242845 6 5 2
1242879 6 56 2
1242896 6 56 1
1242982 6 56 1
1243075 6 58 2
1243189 6 56 2
1243195 6 43 2
1243266 6 56 1
1243289 6 56 2
1243293 6 10 0
1243305 6 10 2
1243375 6 56 2
1243393 6 56 1
1243472 6 56 1
1243535 6 61 2
1243574 6 56 1
1243625 6 56 2
1243632 6 10 2
1243655 6 33 2
1243676 6 56 1
1243753 6 56 2
1243765 6 37 2
1243801 6 56 1
1243832 6 56 2
1243875 6 11 2
1243897 6 56 1
1243933 6 56 2
1243985 6 3 2
1243998 6 56 1
1244042 6 56 2
1244095 6 19 2
1244140 6 56 1
1244163 6 56 2
1244205 6 22 2
1244208 6 11 0
1244208 6 11 0
1244234 6 56 1
1244246 6 56 2
1244259 6 11 2
1244315 6 4 2
1244357 6 56 2
1244378 6 56 1
1244425 6 9 2
1244472 6 56 1
1244501 6 56 2
1244536 6 11 2
1244537 6 20 2
1244585 6 56 1
1244595 6 56 2
1244645 6 53 2
1244727 6 56 2
1244755 6 31 2
1244813 6 56 2
1244834 6 56 1
1244875 6 29 2
1244933 6 56 2
1244936 6 56 1
1245029 6 56 1
1245095 6 60 2
1245112 6 12 0
1245160 6 56 1
1245193 6 56 2
1245205 6 52 2
1245295 6 56 2
1245302 6 56 1
1245315 6 39 2
1245381 6 56 2
1245416 6 12 2
1245435 6 35 2
1245455 6 56 1
1245519 6 56 2
1245575 6 32 2
1245648 6 56 1
1245681 6 56 2
1245709 6 56 1
1245725 6 59 2
1245820 6 56 1
1245831 6 56 2
1245915 6 57 2
1245962 6 56 1
1245992 6 13 0
1246025 6 45 2
1246037 6 56 2
1246099 6 56 2
1246135 6 36 2
1246211 6 56 2
1246244 6 13 2
1246245 6 41 2
1246351 6 56 2
1246820 6 14 0
1247152 6 14 2
1247728 6 15 0
1248032 6 15 2
1248608 6 16 0
1248914 6 16 2
1249490 6 17 0
1249813 6 17 2
1250389 6 18 0
1250826 6 18 2
1251402 6 19 0
1251696 6 19 2
1252272 6 20 0
1252543 6 20 2
1253119 6 21 0
1253431 6 21 2
1254007 6 22 0
1254342 6 22 2
1254918 6 23 0
1255221 6 23 2
1255797 6 24 0
1256132 6 24 2
1256708 6 25 0
1257032 6 25 2
1257608 6 26 0
1257903 6 26 2
1258479 6 27 0
1258776 6 27 2
1259352 6 28 0
1259550 6 56 1
1259631 6 28 2
1259835 6 0 2
1259909 6 56 2
1260207 6 29 0
1260469 6 29 2
1261045 6 30 0
1261392 6 30 2
1261968 6 31 0
1262352 6 31 2
1262928 6 32 0
1263230 6 32 2
1263806 6 33 0
1264168 6 33 2
1264744 6 34 0
1265032 6 34 2
1265608 6 35 0
1265907 6 35 2
1266483 6 36 0
1266800 6 36 2
1267376 6 37 0
1267666 6 37 2
1268242 6 38 0
1268592 6 38 2
1269168 6 39 0
1269432 6 39 2
1270008 6 40 0
1270428 6 40 2
1284588 6 8 0
1284846 6 8 2
1290672 6 2 0
1290673 6 56 1
1290934 6 2 2
1290991 6 56 2
1301080 6 2 0
1301081 6 2 2
1318538 6 31 0
1318619 6 31 2
1318663 6 35 0
1319096 6 35 2
1319156 6 32 0
1319280 6 32 2
1319380 6 33 0
1319494 6 33 2
1319586 6 34 0
1319693 6 34 2
1319725 6 1 0
1319725 6 1 0
1319783 6 1 2
1319791 6 1 2
1319835 6 32 0
1319989 6 32 2
1319997 6 35 0
1320093 6 2 0
1320094 6 0 0
1320106 6 35 2
1320110 6 60 0
1320294 6 60 2
1320310 6 61 0
1320471 6 61 2
1320531 6 48 0
1320661 6 48 2
1320701 6 49 0
1320822 6 49 2
1320858 6 36 0
1320858 6 36 0
1320924 6 36 2
1320951 6 36 2
1321015 6 37 0
1321015 6 37 0
1321047 6 2 0
1321048 6 0 0
1321073 6 37 2
1321099 6 37 2
1321147 6 58 0
1321147 6 58 0
1321253 6 58 2
1321270 6 58 2
1321282 6 31 0
1321531 6 31 2
1321543 6 30 0
1321832 6 30 2
1321840 6 59 0
1321840 6 59 0
1321938 6 59 2
1321955 6 59 2
1322007 6 34 0
1322322 6 34 2
1322362 6 0 0
1322597 6 0 2
1322605 6 33 0
1322824 6 46 2
1322940 6 33 2
1322956 6 60 0
1323066 6 60 2
1323086 6 32 0
1323380 6 32 2
1323456 6 61 0
1323468 6 46 0
1323553 6 61 2
1323635 6 46 0
1323677 6 62 0
1323800 6 62 2
1323888 6 12 0
1323993 6 12 2
1324005 6 39 0
1324052 6 46 0
1324111 6 39 2
1324123 6 13 0
1324214 6 13 2
1324218 6 48 0
1324219 6 46 0
1324341 6 46 0
1324348 6 48 2
1324360 6 59 0
1324447 6 46 0
1324481 6 59 2
1324509 6 54 0
1324509 6 54 0
1324579 6 54 2
1324654 6 46 0
1324665 6 54 2
1324705 6 55 0
1324780 6 46 0
1324840 6 55 2
1324864 6 56 0
1324883 6 46 0
1325034 6 56 2
1325062 6 57 0
1325067 6 46 0
1325223 6 57 2
1325287 6 58 0
1325411 6 58 2
1325447 6 49 0
1325568 6 49 2
1325608 6 63 0
1325777 6 63 2
1325825 6 15 0
1325907 6 15 2
1325923 6 44 0
1326028 6 44 2
1326048 6 45 0
1326156 6 45 2
1326404 6 0 0
1326567 6 0 2
1326659 6 1 0
1326736 6 1 2
1326832 6 46 0
1326836 6 2 0
1326944 6 46 0
1327035 6 2 2
1327055 6 41 0
1327085 6 46 0
1327170 6 41 2
1327233 6 46 0
1327242 6 3 0
1327326 6 46 0
1327361 6 3 2
1327412 6 46 0
1327525 6 46 0
1327621 6 5 0
1327658 6 46 0
1327768 6 46 0
1327773 6 5 2
1327821 6 6 0
1327850 6 46 0
1327915 6 6 2
1327984 6 46 0
1328003 6 7 0
1328111 6 46 0
1328122 6 7 2
1328230 6 8 0
1328311 6 8 2
1328367 6 1 0
1328370 6 46 0
1328449 6 1 2
1328645 6 46 0
1328774 6 46 0
1328865 6 46 0
1328897 6 46 0
1328978 6 46 0
1328979 6 46 2
1328987 6 4 0
1329077 6 4 2
1329101 6 47 0
1329186 6 47 2
1329330 6 12 0
1329374 6 46 0
1329395 6 12 2
1329559 6 46 0
1329698 6 46 0
1329759 6 10 0
1329789 6 46 0
1329837 6 10 2
1329904 6 46 0
1329957 6 1 0
1329957 6 1 0
1330015 6 1 2
1330017 6 46 0
1330048 6 1 2
1330138 6 46 0
1330245 6 46 0
1330355 6 46 0
1330480 6 8 0
1330480 6 8 0
1330554 6 8 2
1330571 6 8 2
1330587 6 46 0
1330639 6 46 0
1330669 6 46 2
1330701 6 47 0
1330701 6 47 0
1330767 6 47 2
1330772 6 46 0
1330784 6 47 2
1330811 6 5 2
1330875 6 46 0
1330928 6 12 0
1330928 6 12 0
1330970 6 12 2
1330987 6 46 0
1330995 6 12 2
1331106 6 46 0
1331231 6 46 0
1331341 6 5 2
1331345 6 46 0
1331450 6 46 0
1331479 6 1 0
1331549 6 46 0
1331600 6 1 2
1331660 6 46 0
1331673 6 5 2
1331875 6 5 2
1331934 6 46 0
1332048 6 46 0
1332048 6 46 0
1332106 6 46 2
1332110 6 46 0
1332209 6 46 0
1332221 6 46 2
1332253 6 47 0
1332382 6 46 0
1332383 6 47 2
1332502 6 46 0
1332527 6 12 0
1332607 6 46 0
1332617 6 12 2
1332704 6 46 0
1332991 6 46 0
1333038 6 5 2
1333101 6 1 0
1333101 6 1 0
1333101 6 46 0
1333159 6 1 2
1333161 6 5 2
1333184 6 1 2
1333364 6 5 2
1333374 6 46 0
1333500 6 46 0
1333632 6 46 0
1333677 6 46 0
1333774 6 46 2
1333796 6 46 0
1333806 6 47 0
1333935 6 46 0
1334056 6 47 2
1334068 6 46 0
1334164 6 46 0
1334200 6 12 0
1334290 6 12 2
1334774 6 1 0
1334774 6 1 0
1334832 6 1 2
1334857 6 1 2
1335305 6 46 0
1335305 6 46 0
1335363 6 46 2
1335422 6 46 2
1335454 6 47 0
1335454 6 47 0
1335520 6 47 2
1335573 6 47 2
1335717 6 12 0
1335717 6 12 0
1335760 6 12 2
1335793 6 12 2
1336277 6 1 0
1336277 6 1 0
1336336 6 1 2
1336352 6 1 2
1336800 6 46 0
1336800 6 46 0
1336858 6 46 2
1336910 6 46 2
1336942 6 47 0
1336942 6 47 0
1337008 6 47 2
1337059 6 47 2
1337203 6 12 0
1337203 6 12 0
1337245 6 12 2
1337270 6 12 2
1337754 6 1 0
1337754 6 1 0
1337812 6 1 2
1337820 6 1 2
1338268 6 46 0
1338268 6 46 0
1338328 6 46 2
1338344 6 46 2
1338376 6 47 0
1338376 6 47 0
1338443 6 47 2
1338454 6 47 2
1338598 6 12 0
1338598 6 12 0
1338640 6 12 2
1338647 6 12 2
1339131 6 1 0
1339131 6 1 0
1339191 6 1 2
1339206 6 1 2
1339654 6 46 0
1339654 6 46 0
1339723 6 46 2
1339735 6 46 2
1339767 6 47 0
1339767 6 47 0
1339834 6 47 2
1339845 6 47 2
1339989 6 12 0
1339989 6 12 0
1340031 6 12 2
1340045 6 12 2
1340529 6 1 0
1340529 6 1 0
1340587 6 1 2
1340595 6 1 2
1341043 6 46 0
1341043 6 46 0
1341101 6 46 2
1341122 6 46 2
1341154 6 47 0
1341154 6 47 0
1341220 6 47 2
1341227 6 47 2
1341371 6 12 0
1341371 6 12 0
1341413 6 12 2
1341422 6 12 2
1341906 6 1 0
1341906 6 1 0
1341965 6 1 2
1341982 6 1 2
1342414 6 9 0
1342534 6 9 2
1342550 6 46 0
1342550 6 46 0
1342608 6 46 2
1342627 6 46 2
1342659 6 47 0
1342659 6 47 0
1342725 6 47 2
1342735 6 47 2
1342879 6 12 0
1342879 6 12 0
1342921 6 12 2
1342929 6 12 2
1343413 6 1 0
1343413 6 1 0
1343471 6 1 2
1343479 6 1 2
1343927 6 46 0
1343927 6 46 0
1343989 6 46 2
1343998 6 46 2
1344030 6 47 0
1344030 6 47 0
1344101 6 47 2
1344104 6 47 2
1344248 6 12 0
1344248 6 12 0
1344290 6 12 2
1344297 6 12 2
1344781 6 1 0
1344781 6 1 0
1344839 6 1 2
1344847 6 1 2
1345295 6 46 0
1345295 6 46 0
1345353 6 46 2
1345361 6 46 2
1345393 6 47 0
1345393 6 47 0
1345459 6 47 2
1345467 6 47 2
1345611 6 12 0
1345611 6 12 0
1345653 6 12 2
1345662 6 12 2
1346146 6 1 0
1346146 6 1 0
1346204 6 1 2
1346224 6 1 2
1346672 6 46 0
1346672 6 46 0
1346733 6 46 2
1346739 6 46 2
1346771 6 47 0
1346771 6 47 0
1346837 6 47 2
1346845 6 47 2
1346989 6 12 0
1346989 6 12 0
1347031 6 12 2
1347038 6 12 2
1347522 6 1 0
1347522 6 1 0
1347591 6 1 2
1347599 6 1 2
1348047 6 46 0
1348047 6 46 0
1348105 6 46 2
1348123 6 46 2
1348155 6 47 0
1348155 6 47 0
1348221 6 47 2
1348229 6 47 2
1348373 6 12 0
1348373 6 12 0
1348415 6 12 2
1348425 6 12 2
1348909 6 1 0
1348909 6 1 0
1348977 6 1 2
1348985 6 1 2
1349433 6 46 0
1349433 6 46 0
1349493 6 46 2
1349508 6 46 2
1349540 6 47 0
1349540 6 47 0
1349609 6 47 2
1349618 6 47 2
1349762 6 12 0
1349762 6 12 0
1349804 6 12 2
1349812 6 12 2
1350296 6 1 0
1350296 6 1 0
1350355 6 1 2
1350373 6 1 2
1350821 6 46 0
1350821 6 46 0
1350882 6 46 2
1350899 6 46 2
1350931 6 47 0
1350931 6 47 0
1350997 6 47 2
1351014 6 47 2
1351158 6 12 0
1351158 6 12 0
1351200 6 12 2
1351208 6 12 2
1351692 6 1 0
1351692 6 1 0
1351750 6 1 2
1351768 6 1 2
1352216 6 46 0
1352216 6 46 0
1352274 6 46 2
1352293 6 46 2
1352325 6 47 0
1352325 6 47 0
1352391 6 47 2
1352420 6 47 2
1352564 6 12 0
1352564 6 12 0
1352606 6 12 2
1352613 6 12 2
1353097 6 1 0
1353097 6 1 0
1353155 6 1 2
1353174 6 1 2
1353606 6 10 0
1353636 6 2 0
1353637 6 2 2
1353726 6 10 2
1353742 6 46 0
1353742 6 46 0
1353811 6 46 2
1353814 6 46 2
1353846 6 47 0
1353846 6 47 0
1353926 6 47 2
1353927 6 47 2
1354071 6 12 0
1354071 6 12 0
1354113 6 12 2
1354122 6 12 2
1354606 6 1 0
1354606 6 1 0
1354664 6 1 2
1354671 6 1 2
1355119 6 46 0
1355119 6 46 0
1355187 6 46 2
1355207 6 46 2
1355239 6 47 0
1355239 6 47 0
1355305 6 47 2
1355313 6 47 2
1355457 6 12 0
1355457 6 12 0
1355500 6 12 2
1355508 6 12 2
1355992 6 1 0
1355992 6 1 0
1356060 6 1 2
1356136 6 1 2
1356584 6 46 0
1356584 6 46 0
1356661 6 46 2
1356693 6 47 0
1356693 6 47 0
1356722 6 46 2
1356769 6 47 2
1356849 6 47 2
1356913 6 12 0
1356913 6 12 0
1356965 6 12 2
1356995 6 12 2
1357449 6 1 0
1357449 6 1 0
1357529 6 1 2
1357557 6 1 2
1357977 6 46 0
1357977 6 46 0
1358045 6 46 2
1358077 6 47 0
1358077 6 47 0
1358115 6 46 2
1358143 6 47 2
1358151 6 47 2
1358295 6 12 0
1358295 6 12 0
1358337 6 12 2
1358345 6 12 2
1358829 6 1 0
1358829 6 1 0
1358888 6 1 2
1358906 6 1 2
1359354 6 46 0
1359354 6 46 0
1359412 6 46 2
1359430 6 46 2
1359462 6 47 0
1359462 6 47 0
1359528 6 47 2
1359536 6 47 2
1359680 6 12 0
1359680 6 12 0
1359722 6 12 2
1359731 6 12 2
1360215 6 1 0
1360215 6 1 0
1360273 6 1 2
1360290 6 1 2
1360738 6 46 0
1360738 6 46 0
1360796 6 46 2
1360805 6 46 2
1360837 6 47 0
1360837 6 47 0
1360903 6 47 2
1360913 6 47 2
1361057 6 12 0
1361057 6 12 0
1361099 6 12 2
1361107 6 12 2
1361591 6 1 0
1361591 6 1 0
1361649 6 1 2
1361668 6 1 2
1362116 6 46 0
1362116 6 46 0
1362174 6 46 2
1362181 6 46 2
1362213 6 47 0
1362213 6 47 0
1362299 6 47 2
1362317 6 47 2
1362461 6 12 0
1362461 6 12 0
1362510 6 12 2
1362514 6 12 2
1362998 6 1 0
1362998 6 1 0
1363066 6 1 2
1363084 6 1 2
1363532 6 46 0
1363532 6 46 0
1363590 6 46 2
1363621 6 46 2
1363653 6 47 0
1363653 6 47 0
1363719 6 47 2
1363727 6 47 2
1363871 6 12 0
1363871 6 12 0
1363913 6 12 2
1363921 6 12 2
1364405 6 1 0
1364405 6 1 0
1364463 6 1 2
1364480 6 1 2
1364912 6 11 0
1364912 6 11 0
1364962 6 11 2
1365033 6 11 2
1365049 6 46 0
1365049 6 46 0
1365117 6 46 2
1365149 6 47 0
1365149 6 47 0
1365174 6 46 2
1365223 6 47 2
1365305 6 47 2
1365367 6 12 0
1365367 6 12 0
1365421 6 12 2
1365449 6 12 2
1365905 6 1 0
1365905 6 1 0
1365963 6 1 2
1365988 6 1 2
1366436 6 46 0
1366436 6 46 0
1366494 6 46 2
1366502 6 46 2
1366534 6 47 0
1366534 6 47 0
1366600 6 47 2
1366642 6 47 2
1366786 6 12 0
1366786 6 12 0
1366828 6 12 2
1366836 6 12 2
1367320 6 1 0
1367320 6 1 0
1367378 6 1 2
1367401 6 1 2
1367849 6 46 0
1367849 6 46 0
1367907 6 46 2
1367928 6 46 2
1367960 6 47 0
1367960 6 47 0
1368027 6 47 2
1368035 6 47 2
1368179 6 12 0
1368179 6 12 0
1368221 6 12 2
1368229 6 12 2
1368713 6 1 0
1368713 6 1 0
1368781 6 1 2
1368802 6 1 2
1369250 6 46 0
1369250 6 46 0
1369309 6 46 2
1369317 6 46 2
1369349 6 47 0
1369349 6 47 0
1369415 6 47 2
1369433 6 47 2
1369577 6 12 0
1369577 6 12 0
1369620 6 12 2
1369628 6 12 2
1370112 6 1 0
1370112 6 1 0
1370180 6 1 2
1370198 6 1 2
1370646 6 46 0
1370646 6 46 0
1370714 6 46 2
1370722 6 46 2
1370754 6 47 0
1370754 6 47 0
1370820 6 47 2
1370838 6 47 2
1370982 6 12 0
1370982 6 12 0
1371024 6 12 2
1371032 6 12 2
1371516 6 1 0
1371516 6 1 0
1371584 6 1 2
1371601 6 1 2
1372049 6 46 0
1372049 6 46 0
1372107 6 46 2
1372124 6 46 2
1372156 6 47 0
1372156 6 47 0
1372222 6 47 2
1372250 6 47 2
1372394 6 12 0
1372394 6 12 0
1372436 6 12 2
1372444 6 12 2
1372928 6 1 0
1372928 6 1 0
1372996 6 1 2
1373014 6 1 2
1373462 6 46 0
1373462 6 46 0
1373520 6 46 2
1373538 6 46 2
1373570 6 47 0
1373570 6 47 0
1373646 6 47 2
1373685 6 47 2
1373829 6 12 0
1373829 6 12 0
1373871 6 12 2
1373910 6 12 2
1374394 6 1 0
1374394 6 1 0
1374452 6 1 2
1374459 6 1 2
1374907 6 46 0
1374907 6 46 0
1374965 6 46 2
1374995 6 46 2
1375027 6 47 0
1375027 6 47 0
1375093 6 47 2
1375100 6 47 2
1375244 6 12 0
1375244 6 12 0
1375286 6 12 2
1375303 6 12 2
1375787 6 1 0
1375787 6 1 0
1375845 6 1 2
1375857 6 1 2
1376289 6 12 0
1376289 6 12 0
1376331 6 12 2
1376341 6 12 2
1376357 6 46 0
1376357 6 46 0
1376416 6 46 2
1376454 6 46 2
1376486 6 47 0
1376486 6 47 0
1376552 6 47 2
1376563 6 47 2
1376707 6 12 0
1376707 6 12 0
1376757 6 12 2
1376772 6 12 2
1377241 6 1 0
1377241 6 1 0
1377299 6 1 2
1377308 6 1 2
1377756 6 46 0
1377756 6 46 0
1377814 6 46 2
1377833 6 46 2
1377865 6 47 0
1377865 6 47 0
1377931 6 47 2
1377949 6 47 2
1378093 6 12 0
1378093 6 12 0
1378135 6 12 2
1378143 6 12 2
1378627 6 1 0
1378627 6 1 0
1378695 6 1 2
1378713 6 1 2
1379161 6 46 0
1379161 6 46 0
1379219 6 46 2
1379228 6 46 2
1379260 6 47 0
1379260 6 47 0
1379326 6 47 2
1379354 6 47 2
1379498 6 12 0
1379498 6 12 0
1379548 6 12 2
1379570 6 12 2
1380032 6 1 0
1380032 6 1 0
1380109 6 1 2
1380111 6 1 2
1380559 6 46 0
1380559 6 46 0
1380618 6 46 2
1380634 6 46 2
1380666 6 47 0
1380666 6 47 0
1380732 6 47 2
1380750 6 47 2
1380894 6 12 0
1380894 6 12 0
1380939 6 12 2
1380947 6 12 2
1381431 6 1 0
1381431 6 1 0
1381489 6 1 2
1381507 6 1 2
1381955 6 46 0
1381955 6 46 0
1382013 6 46 2
1382031 6 46 2
1382063 6 47 0
1382063 6 47 0
1382129 6 47 2
1382167 6 47 2
1382311 6 12 0
1382311 6 12 0
1382361 6 12 2
1382363 6 12 2
1382845 6 1 0
1382845 6 1 0
1382913 6 1 2
1382931 6 1 2
1383379 6 46 0
1383379 6 46 0
1383447 6 46 2
1383475 6 46 2
1383507 6 47 0
1383507 6 47 0
1383593 6 47 2
1383613 6 47 2
1383757 6 12 0
1383757 6 12 0
1383799 6 12 2
1383807 6 12 2
1384291 6 1 0
1384291 6 1 0
1384376 6 1 2
1384377 6 1 2
1384824 6 46 0
1384824 6 46 0
1384882 6 46 2
1384902 6 46 2
1384934 6 47 0
1384934 6 47 0
1385000 6 47 2
1385019 6 47 2
1385163 6 12 0
1385163 6 12 0
1385205 6 12 2
1385213 6 12 2
1385697 6 1 0
1385697 6 1 0
1385765 6 1 2
1385773 6 1 2
1386221 6 46 0
1386221 6 46 0
1386279 6 46 2
1386297 6 46 2
1386329 6 47 0
1386329 6 47 0
1386395 6 47 2
1386413 6 47 2
1386557 6 12 0
1386557 6 12 0
1386599 6 12 2
1386613 6 12 2
1387097 6 1 0
1387097 6 1 0
1387165 6 1 2
1387185 6 1 2
1387371 6 2 0
1387372 6 0 0
1387617 6 13 0
1387781 6 13 2
1387797 6 46 0
1387797 6 46 0
1387862 6 46 2
1387894 6 47 0
1387894 6 47 0
1387908 6 46 2
1387967 6 47 2
1388031 6 47 2
1388111 6 12 0
1388111 6 12 0
1388153 6 12 2
1388165 6 12 2
1388649 6 1 0
1388649 6 1 0
1388716 6 1 2
1388727 6 1 2
1389164 6 46 0
1389164 6 46 0
1389230 6 46 2
1389262 6 47 0
1389262 6 47 0
1389282 6 46 2
1389336 6 47 2
1389408 6 47 2
1389480 6 12 0
1389480 6 12 0
1389535 6 12 2
1389552 6 12 2
1390019 6 1 0
1390019 6 1 0
1390085 6 1 2
1390127 6 1 2
1390533 6 46 0
1390533 6 46 0
1390591 6 46 2
1390609 6 46 2
1390641 6 47 0
1390641 6 47 0
1390708 6 47 2
1390713 6 47 2
1390857 6 12 0
1390857 6 12 0
1390899 6 12 2
1390911 6 12 2
1391395 6 1 0
1391395 6 1 0
1391463 6 1 2
1391472 6 1 2
1391920 6 46 0
1391920 6 46 0
1391978 6 46 2
1391998 6 46 2
1392030 6 47 0
1392030 6 47 0
1392096 6 47 2
1392124 6 47 2
1392268 6 12 0
1392268 6 12 0
1392310 6 12 2
1392318 6 12 2
1392802 6 1 0
1392802 6 1 0
1392871 6 1 2
1392887 6 1 2
1393335 6 46 0
1393335 6 46 0
1393393 6 46 2
1393402 6 46 2
1393434 6 47 0
1393434 6 47 0
1393501 6 47 2
1393527 6 47 2
1393671 6 12 0
1393671 6 12 0
1393713 6 12 2
1393721 6 12 2
1394205 6 1 0
1394205 6 1 0
1394273 6 1 2
1394291 6 1 2
1394739 6 46 0
1394739 6 46 0
1394797 6 46 2
1394814 6 46 2
1394846 6 47 0
1394846 6 47 0
1394912 6 47 2
1394930 6 47 2
1395074 6 12 0
1395074 6 12 0
1395118 6 12 2
1395128 6 12 2
1395363 6 2 0
1395364 6 46 0
1395612 6 1 0
1395612 6 1 0
1395680 6 1 2
1395691 6 1 2
1396139 6 46 0
1396139 6 46 0
1396207 6 46 2
1396214 6 46 2
1396246 6 47 0
1396246 6 47 0
1396313 6 47 2
1396329 6 47 2
1396473 6 12 0
1396473 6 12 0
1396515 6 12 2
1396524 6 12 2
1397008 6 1 0
1397008 6 1 0
1397076 6 1 2
1397094 6 1 2
1397542 6 46 0
1397542 6 46 0
1397600 6 46 2
1397608 6 46 2
1397640 6 47 0
1397640 6 47 0
1397706 6 47 2
1397724 6 47 2
1397868 6 12 0
1397868 6 12 0
1397910 6 12 2
1397917 6 12 2
1398401 6 1 0
1398401 6 1 0
1398469 6 1 2
1398479 6 1 2
1398911 6 14 0
1399049 6 14 2
1399065 6 46 0
1399065 6 46 0
1399193 6 46 2
1399211 6 46 2
1399243 6 47 0
1399243 6 47 0
1399347 6 47 2
1399389 6 47 2
1399491 6 12 0
1399491 6 12 0
1399533 6 12 2
1399541 6 12 2
1400025 6 1 0
1400025 6 1 0
1400084 6 1 2
1400102 6 1 2
1400550 6 46 0
1400550 6 46 0
1400626 6 46 2
1400628 6 46 2
1400658 6 47 0
1400658 6 47 0
1400732 6 47 2
1400755 6 47 2
1400876 6 12 0
1400876 6 12 0
1400919 6 12 2
1400927 6 12 2
1401411 6 1 0
1401411 6 1 0
1401479 6 1 2
1401497 6 1 2
1401945 6 46 0
1401945 6 46 0
1402004 6 46 2
1402012 6 46 2
1402044 6 47 0
1402044 6 47 0
1402121 6 47 2
1402140 6 47 2
1402284 6 12 0
1402284 6 12 0
1402326 6 12 2
1402333 6 12 2
1402817 6 1 0
1402817 6 1 0
1402885 6 1 2
1402904 6 1 2
1403352 6 46 0
1403352 6 46 0
1403428 6 46 2
1403460 6 47 0
1403460 6 47 0
1403470 6 46 2
1403544 6 47 2
1403606 6 47 2
1403688 6 12 0
1403688 6 12 0
1403730 6 12 2
1403739 6 12 2
1404223 6 1 0
1404223 6 1 0
1404282 6 1 2
1404299 6 1 2
1404747 6 46 0
1404747 6 46 0
1404805 6 46 2
1404833 6 46 2
1404865 6 47 0
1404865 6 47 0
1404982 6 47 2
1405041 6 47 2
1405126 6 12 0
1405126 6 12 0
1405176 6 12 2
1405198 6 12 2
1405660 6 1 0
1405660 6 1 0
1405728 6 1 2
1405748 6 1 2
1406196 6 46 0
1406196 6 46 0
1406254 6 46 2
1406262 6 46 2
1406294 6 47 0
1406294 6 47 0
1406375 6 47 2
1406389 6 47 2
1406533 6 12 0
1406533 6 12 0
1406575 6 12 2
1406582 6 12 2
1407066 6 1 0
1407066 6 1 0
1407134 6 1 2
1407168 6 1 2
1407616 6 46 0
1407616 6 46 0
1407674 6 46 2
1407705 6 46 2
1407737 6 47 0
1407737 6 47 0
1407833 6 47 2
1407870 6 47 2
1408014 6 12 0
1408014 6 12 0
1408056 6 12 2
1408065 6 12 2
1408549 6 1 0
1408549 6 1 0
1408617 6 1 2
1408635 6 1 2
1409083 6 46 0
1409083 6 46 0
1409141 6 46 2
1409160 6 46 2
1409192 6 47 0
1409192 6 47 0
1409271 6 47 2
1409309 6 47 2
1409453 6 12 0
1409453 6 12 0
1409495 6 12 2
1409503 6 12 2
1409891 6 1 0
1409891 6 1 0
1409959 6 1 2
1409977 6 1 2
1410425 6 46 0
1410425 6 46 0
1410560 6 46 2
1410587 6 46 2
1410619 6 47 0
1410619 6 47 0
1410715 6 47 2
1410733 6 47 2
1410877 6 12 0
1410877 6 12 0
1410919 6 12 2
1410939 6 12 2
1411423 6 1 0
1411423 6 1 0
1411491 6 1 2
1411509 6 1 2
1411957 6 46 0
1411957 6 46 0
1412016 6 46 2
1412036 6 46 2
1412068 6 47 0
1412068 6 47 0
1412134 6 47 2
1412163 6 47 2
1412307 6 12 0
1412307 6 12 0
1412349 6 12 2
1412356 6 12 2
1412840 6 1 0
1412840 6 1 0
1412908 6 1 2
1412925 6 1 2
1413373 6 46 0
1413373 6 46 0
1413441 6 46 2
1413452 6 46 2
1413484 6 47 0
1413484 6 47 0
1413561 6 47 2
1413591 6 47 2
1413735 6 5 0
1413811 6 5 2
1413819 6 61 0
1413819 6 61 0
1413951 6 61 2
1414128 6 61 2
1414136 6 29 0
1414399 6 29 2
1414415 6 62 0
1414415 6 62 0
1414489 6 62 2
1414574 6 62 2
1414850 6 63 0
1414850 6 63 0
1414932 6 63 2
1415007 6 63 2
1415431 6 12 0
1415431 6 12 0
1415473 6 12 2
1415500 6 12 2
1415940 6 11 0
1416032 6 11 2
1416244 6 1 0
1416244 6 1 0
1416302 6 1 2
1416310 6 1 2
1416758 6 46 0
1416758 6 46 0
1416820 6 46 2
1416822 6 46 2
1416854 6 47 0
1416854 6 47 0
1416920 6 47 2
1416928 6 47 2
1417072 6 12 0
1417072 6 12 0
1417098 6 5 2
1417114 6 12 2
1417121 6 12 2
1417605 6 1 0
1417605 6 1 0
1417663 6 1 2
1417671 6 1 2
1418119 6 46 0
1418119 6 46 0
1418177 6 46 2
1418185 6 46 2
1418217 6 47 0
1418217 6 47 0
1418283 6 47 2
1418291 6 47 2
1418435 6 12 0
1418435 6 12 0
1418477 6 12 2
1418485 6 12 2
1418969 6 1 0
1418969 6 1 0
1419027 6 1 2
1419035 6 1 2
1419483 6 46 0
1419483 6 46 0
1419542 6 46 2
1419557 6 46 2
1419589 6 47 0
1419589 6 47 0
1419661 6 47 2
1419673 6 47 2
1419817 6 12 0
1419817 6 12 0
1419859 6 12 2
1419867 6 12 2
1420343 6 9 0
1420525 6 9 2
1420649 6 55 0
1420748 6 55 2
1420752 6 1 0
1420752 6 1 0
1420810 6 1 2
1420838 6 1 2
1420862 6 56 0
1421022 6 5 2
1421100 6 56 2
1421120 6 45 0
1421202 6 45 2
1421212 6 8 2
1421218 6 1 0
1421360 6 1 2
1421396 6 1 0
1421509 6 1 2
1421513 6 46 0
1421571 6 8 2
1421594 6 46 2
1421610 6 1 0
1421820 6 1 2
1421880 6 63 0
1422227 6 63 2
1422235 6 47 0
1422325 6 47 2
1422429 6 62 0
1422429 6 62 0
1422503 6 62 2
1422511 6 62 2
1422635 6 61 0
1422635 6 61 0
1422717 6 61 2
1422725 6 61 2
1423176 6 4 2
1423261 6 1 0
1423353 6 1 2
1423437 6 58 0
1423437 6 58 0
1423543 6 58 2
1423570 6 58 2
1423650 6 59 0
1423650 6 59 0
1423686 6 0 2
1423748 6 59 2
1423765 6 59 2
1426315 6 3 2
1476232 6 2 0
1476233 6 2 2
1564449 6 2 2
1569495 6 2 2
1573861 6 2 2
1576011 6 2 0
1576012 6 2 2
1579790 6 2 0
1579791 6 2 2
1589687 6 2 0
1589688 6 2 2
1591517 6 2 0
1591518 6 2 2
1594868 6 2 0
1594869 6 56 1
1595135 6 2 2
1595193 6 56 2
1618208 6 2 0
1618209 6 56 1
1618475 6 2 2
1618533 6 56 2
1640064 6 2 0
1640065 6 2 2
1648632 6 2 0
1648633 6 56 1
1648894 6 2 2
1648951 6 56 2
1693362 6 2 0
1693363 6 56 1
1693624 6 2 2
1693681 6 56 2
1744458 6 2 0
1744459 6 56 1
1744725 6 2 2
1744783 6 56 2
1767758 6 2 0
1767759 6 56 1
1768025 6 2 2
1768083 6 56 2
1797082 6 2 0
1797083 6 56 1
1797344 6 2 2
1797401 6 56 2
1841832 6 2 0
1841833 6 56 1
1842094 6 2 2
1842151 6 56 2
1890778 6 2 0
1890779 6 56 1
1891045 6 2 2
1891103 6 56 2
1914118 6 2 0
1914119 6 56 1
1914385 6 2 2
1914443 6 56 2
1938385 6 2 0
1938386 6 0 0
1954342 6 2 0
1954343 6 56 1
1954604 6 2 2
1954661 6 56 2
1955049 6 2 0
1955050 6 2 2
2000013 6 2 0
2000014 6 56 1
2000274 6 2 2
2000331 6 56 2
2043152 6 2 0
2043153 6 2 2
2051148 6 2 0
2051149 6 56 1
2051415 6 2 2
2051473 6 56 2
2074468 6 2 0
2074469 6 56 1
2074735 6 2 2
2074793 6 56 2
2103202 6 2 0
2103203 6 56 1
2103464 6 2 2
2103521 6 56 2
2147922 6 56 1
2147923 6 2 0
2148184 6 2 2
2148241 6 56 2
2180523 6 15 0
2180523 6 15 0
2182205 6 15 2
2182421 6 36 0
2182421 6 36 0
2182546 6 36 2
2182590 6 37 0
2182590 6 37 0
2182617 6 36 2
2182700 6 37 2
2182832 6 8 0
2182832 6 8 0
2182906 6 8 2
2183133 6 8 2
2183181 6 0 0
2183181 6 0 0
2183271 6 37 2
2183277 6 0 2
2183314 6 0 2
2183402 6 36 0
2183402 6 36 0
2183468 6 36 2
2183877 6 15 2
2184586 6 36 2
2184618 6 38 0
2184618 6 38 0
2184668 6 38 2
2184733 6 38 2
2184893 6 54 0
2184893 6 54 0
2184959 6 54 2
2184992 6 54 2
2185024 6 12 0
2185073 6 12 2
2185137 6 37 0
2185137 6 37 0
2185195 6 37 2
2185394 6 37 2
2186382 6 47 0
2186480 6 47 2
2186504 6 11 0
2186504 6 11 0
2186554 6 11 2
2186628 6 11 2
2186756 6 1 0
2186756 6 1 0
2186815 6 1 2
2186848 6 1 2
2186904 6 7 0
2187080 6 7 2
2187512 6 2 0
2187812 6 2 2
2187860 6 15 0
2187860 6 15 0
2187894 6 15 2
2187997 6 15 2
2188085 6 38 0
2188085 6 38 0
2188135 6 38 2
2188811 6 38 2
2188826 6 2 0
2188827 6 0 0
2188967 6 46 0
2189084 6 46 2
2189136 6 0 0
2189136 6 0 0
2189202 6 0 2
2189219 6 0 2
2189367 6 47 0
2189367 6 47 0
2189433 6 47 2
2189441 6 47 2
2189457 6 12 0
2189542 6 12 2
2189578 6 47 0
2189695 6 47 2
2190751 6 63 0
2190751 6 63 0
2190834 6 63 2
2190857 6 63 2
2191061 6 58 0
2191061 6 58 0
2191167 6 58 2
2191184 6 58 2
2191268 6 46 0
2191268 6 46 0
2191326 6 46 2
2191368 6 46 2
2191924 6 15 0
2191924 6 15 0
2191958 6 15 2
2192066 6 15 2
2192809 6 3 2
2192949 6 3 2
2193692 6 4 2
2194128 6 4 2
2194401 6 5 2
2194834 6 5 2
2194980 6 5 2
2196519 6 2 0
2196520 6 0 0
2196772 6 2 0
2196773 6 0 0
2210359 6 2 0
2210360 6 2 2
2314938 6 2 0
2314939 6 2 2
2317162 6 2 0
2317163 6 2 2
2331807 6 2 0
2331808 6 2 2
2333163 6 2 0
2333164 6 2 2
2343797 6 2 0
2343798 6 2 2
2400556 6 2 0
2400557 6 2 2
2402713 6 2 0
2402714 6 2 2
2408667 6 2 0
2408668 6 0 0
2421914 6 2 0
2421915 6 2 2
2423456 6 2 0
2423457 6 2 2
2438426 6 2 0
2438427 6 2 2
2452507 6 2 0
2452508 6 2 2
2465540 6 2 0
2465541 6 56 1
2465800 6 2 2
2465857 6 56 2
2475535 6 2 0
2475536 6 56 1
2475800 6 2 2
2475857 6 56 2
2476626 6 2 0
2476627 6 0 0
2477160 6 2 0
2477161 6 2 2
2496592 6 2 0
2496593 6 2 2
2502831 6 2 0
2502832 6 2 2
2504599 6 2 0
2504600 6 2 2
2507714 6 2 0
2507715 6 56 1
2507981 6 2 2
2508039 6 56 2
2531144 6 2 0
2531145 6 56 1
2531411 6 2 2
2531469 6 56 2
2553301 6 2 0
2553302 6 2 2
2562208 6 2 0
2562209 6 56 1
2562470 6 2 2
2562527 6 56 2
2562915 6 2 0
2562916 6 2 2
2607388 6 2 0
2607389 6 56 1
2607650 6 2 2
2607707 6 56 2
2657167 6 2 0
2657168 6 2 2
2659193 6 2 0
2659194 6 2 2
2662294 6 2 0
2662295 6 56 1
2662571 6 2 2
2662629 6 56 2
2701345 6 2 0
2701346 6 2 2
2701953 6 2 0
2701954 6 2 2
2739301 6 2 0
2739302 6 2 2
2741540 6 2 0
2741541 6 2 2
2745681 6 2 0
2745682 6 2 2
2750277 6 2 0
2750278 6 0 0
2782090 6 2 0
2782091 6 56 1
2782351 6 2 2
2782409 6 56 2
2812714 6 2 0
2812715 6 56 1
2812980 6 2 2
2813037 6 56 2
2813425 6 2 0
2813426 6 2 2
2859004 6 56 1
2859005 6 2 0
2859270 6 2 2
2859327 6 56 2
2902694 6 2 0
2902695 6 2 2
2912636 6 2 0
2912637 6 56 1
2912903 6 2 2
2912961 6 56 2
2936066 6 2 0
2936067 6 56 1
2936333 6 2 2
2936391 6 56 2
2964880 6 2 0
2964881 6 56 1
2965142 6 2 2
2965199 6 56 2
2965587 6 2 0
2965588 6 2 2
3009940 6 2 0
3009941 6 56 1
3010202 6 2 2
3010259 6 56 2
3058272 6 2 0
3058273 6 2 2
3060298 6 2 0
3060299 6 2 2
3063507 6 2 0
3063508 6 56 1
3063773 6 2 2
3063831 6 56 2
3087067 6 2 0
3087068 6 56 1
3087333 6 2 2
3087391 6 56 2
3115701 6 2 0
3115702 6 56 1
3115962 6 2 2
3116019 6 56 2
3157085 6 15 0
3157085 6 15 0
3157909 6 15 2
3158139 6 15 2
3158699 6 38 0
3158699 6 38 0
3158750 6 38 2
3159605 6 38 2
3161537 6 15 0
3161537 6 15 0
3161571 6 15 2
3161619 6 15 2
3161707 6 38 0
3161707 6 38 0
3163512 6 38 2
3165313 6 0 2
3165820 6 15 0
3165820 6 15 0
3165855 6 15 2
3165981 6 15 2
3166006 6 2 0
3166007 6 0 0
3166105 6 7 0
3167067 6 38 2
3170525 6 7 2
3171198 6 2 0
3171199 6 0 0
3179253 6 2 0
3179254 6 0 0
3179573 6 2 0
3179574 6 0 0
3187208 6 2 0
3187209 6 56 1
3187474 6 2 2
3187531 6 56 2
3230906 6 2 0
3230907 6 2 2
3239447 6 2 0
3239448 6 56 1
3239714 6 2 2
3239772 6 56 2
3262767 6 2 0
3262768 6 56 1
3263034 6 2 2
3263092 6 56 2
3291561 6 2 0
3291562 6 56 1
3291823 6 2 2
3291880 6 56 2
3292268 6 2 0
3292269 6 2 2
3336711 6 2 0
3336712 6 56 1
3336973 6 2 2
3337030 6 56 2
3385183 6 2 0
3385184 6 2 2
3387209 6 2 2
3387210 6 2 0
3390309 6 2 0
3390310 6 56 1
3390575 6 2 2
3390633 6 56 2
3413709 6 2 0
3413710 6 56 1
3413975 6 2 2
3414033 6 56 2
3442403 6 2 0
3442404 6 56 1
3442664 6 2 2
3442721 6 56 2
3487373 6 2 0
3487374 6 56 1
3487634 6 2 2
3487691 6 56 2
3530389 6 2 0
3530390 6 2 2
3538287 6 2 0
3538288 6 56 1
3538555 6 2 2
3538613 6 56 2
3561707 6 2 0
3561708 6 56 1
3561975 6 2 2
3562033 6 56 2
3590621 6 2 0
3590622 6 56 1
3590884 6 2 2
3590941 6 56 2
3591329 6 2 0
3591330 6 2 2
3635751 6 2 0
3635752 6 56 1
3636014 6 2 2
3636071 6 56 2
3683912 6 2 0
3683913 6 2 2
3685938 6 2 0
3685939 6 2 2
3689103 6 2 0
3689104 6 56 1
3689369 6 2 2
3689427 6 56 2
3712423 6 2 0
3712424 6 56 1
3712699 6 2 2
3712757 6 56 2
3741067 6 2 0
3741068 6 56 1
3741328 6 2 2
3741385 6 56 2
3785987 6 2 0
3785988 6 56 1
3786248 6 2 2
3786305 6 56 2
3829042 6 2 0
3829043 6 2 2
3860836 6 2 0
3860837 6 56 1
3861097 6 2 2
3861155 6 56 2
3912043 6 2 0
3912044 6 0 0
3916737 6 2 0
3916738 6 2 2
3919011 6 2 0
3919012 6 2 2
3933120 6 2 0
3933121 6 2 2
3934272 6 2 2
3934273 6 2 0
4007837 6 2 2
4007838 6 2 0
4009906 6 2 0
4009907 6 2 2
4015852 6 2 0
4015853 6 0 0
4028964 6 2 0
4028965 6 2 2
4030520 6 2 2
4030521 6 2 0
4045165 6 2 0
4045166 6 2 2
4059230 6 2 0
4059231 6 2 2
4071955 6 2 0
4071956 6 2 2
4082108 6 2 0
4082109 6 0 0
4082642 6 2 0
4082643 6 2 2
4101833 6 2 0
4101834 6 2 2
4108166 6 2 0
4108167 6 2 2
4109934 6 2 0
4109935 6 2 2
4113078 6 2 0
4113079 6 56 1
4113345 6 2 2
4113403 6 56 2
4133648 6 15 0
4133648 6 15 0
4137143 6 15 2
4138728 6 15 2
4139288 6 38 0
4139288 6 38 0
4139468 6 38 2
4142503 6 38 2
4144435 6 15 0
4144435 6 15 0
4144469 6 15 2
4144547 6 15 2
4144635 6 38 0
4144635 6 38 0
4144695 6 38 2
4144939 6 38 2
4146855 6 2 0
4146856 6 0 0
4147247 6 15 0
4147247 6 15 0
4147281 6 15 2
4147289 6 15 2
4148044 6 2 0
4148045 6 0 0
4156150 6 2 0
4156151 6 0 0
4156428 6 2 0
4156429 6 0 0
4163298 6 2 0
4163299 6 56 1
4163565 6 2 2
4163623 6 56 2
4185331 6 2 0
4185332 6 2 2
4193312 6 2 0
4193313 6 56 1
4193594 6 2 2
4193651 6 56 2
4238232 6 2 0
4238233 6 56 1
4238494 6 2 2
4238551 6 56 2
4302495 6 2 0
4302496 6 0 0
4304444 6 2 0
4304445 6 2 2
4305054 6 2 0
4305055 6 2 2
4340460 6 2 0
4340461 6 2 2
4342343 6 2 0
4342344 6 2 2
4346568 6 2 0
4346569 6 2 2
4373594 6 2 0
4373595 6 2 2
4380423 6 2 0
4380424 6 2 2
4381005 6 2 0
4381006 6 2 2
4383975 6 2 0
4383976 6 56 1
4384242 6 2 2
4384300 6 56 2
4407305 6 2 0
4407306 6 56 1
4407572 6 2 2
4407630 6 56 2
4437239 6 2 0
4437240 6 56 1
4437501 6 2 2
4437558 6 56 2
4437946 6 2 0
4437947 6 2 2
4482379 6 2 0
4482380 6 56 1
4482641 6 2 2
4482698 6 56 2
4530747 6 2 0
4530748 6 2 2
4532773 6 2 0
4532774 6 2 2
4535955 6 2 0
4535956 6 56 1
4536222 6 2 2
4536280 6 56 2
4559285 6 2 0
4559286 6 56 1
4559552 6 2 2
4559610 6 56 2
4587909 6 56 1
4587910 6 2 0
4588171 6 2 2
4588228 6 56 2
4632859 6 2 0
4632860 6 56 1
4633121 6 2 2
4633178 6 56 2
4675977 6 2 0
4675978 6 2 2
4683970 6 2 0
4683971 6 56 1
4684232 6 2 2
4684290 6 56 2
4707280 6 2 0
4707281 6 56 1
4707542 6 2 2
4707600 6 56 2
4736074 6 2 0
4736075 6 56 1
4736341 6 2 2
4736398 6 56 2
4736786 6 2 0
4736787 6 2 2
4781154 6 2 0
4781155 6 56 1
4781421 6 2 2
4781478 6 56 2
4829371 6 2 0
4829372 6 2 2
4831397 6 2 0
4831398 6 2 2
4834546 6 2 0
4834547 6 56 1
4834813 6 2 2
4834871 6 56 2
4857876 6 2 0
4857877 6 56 1
4858143 6 2 2
4858201 6 56 2
4881094 6 2 0
4881095 6 0 0
4895145 6 2 0
4895146 6 56 1
4895406 6 2 2
4895463 6 56 2
4895851 6 2 2
4895852 6 2 0
4940245 6 2 0
4940246 6 56 1
4940506 6 2 2
4940563 6 56 2
4984280 6 2 2
4984281 6 2 0
4995221 6 2 0
4995222 6 56 1
4995487 6 2 2
4995545 6 56 2
5018551 6 2 0
5018552 6 56 1
5018817 6 2 2
5018875 6 56 2
5064088 6 2 0
5064089 6 56 1
5064348 6 2 2
5064405 6 56 2
5072191 6 2 0
5072192 6 56 1
5072459 6 2 2
5072517 6 56 2
5095671 6 2 0
5095672 6 56 1
5095939 6 2 2
5095997 6 56 2
5110210 6 15 0
5110210 6 15 0
5112115 6 15 2
5113404 6 15 2
5113964 6 38 0
5113964 6 38 0
5114144 6 38 2
5117409 6 38 2
5119341 6 15 0
5119341 6 15 0
5119375 6 15 2
5119383 6 15 2
5119471 6 38 0
5119471 6 38 0
5120071 6 38 2
5120466 6 38 2
5122266 6 0 2
5122774 6 15 0
5122774 6 15 0
5122808 6 15 2
5122816 6 15 2
5122940 6 7 0
5123656 6 7 2
5124717 6 2 0
5124718 6 0 0
5124970 6 2 0
5124971 6 0 0
5143340 6 2 0
5143341 6 56 1
5143606 6 2 2
5143663 6 56 2
5188410 6 2 0
5188411 6 56 1
5188676 6 2 2
5188733 6 56 2
5231544 6 2 0
5231545 6 2 2
5239827 6 2 0
5239828 6 56 1
5240094 6 2 2
5240152 6 56 2
5263167 6 2 0
5263168 6 56 1
5263434 6 2 2
5263492 6 56 2
5291951 6 2 0
5291952 6 56 1
5292213 6 2 2
5292270 6 56 2
5336671 6 2 0
5336672 6 56 1
5336933 6 2 2
5336990 6 56 2
5386257 6 2 0
5386258 6 56 1
5386524 6 2 2
5386582 6 56 2
5409577 6 2 0
5409578 6 56 1
5409844 6 2 2
5409902 6 56 2
5438301 6 2 0
5438302 6 56 1
5438563 6 2 2
5438620 6 56 2
5483021 6 2 0
5483022 6 56 1
5483283 6 2 2
5483340 6 56 2
5532427 6 2 0
5532428 6 56 1
5532694 6 2 2
5532752 6 56 2
5555797 6 2 0
5555798 6 56 1
5556064 6 2 2
5556122 6 56 2
5584641 6 2 0
5584642 6 56 1
5584903 6 2 2
5584960 6 56 2
5629391 6 2 0
5629392 6 56 1
5629653 6 2 2
5629710 6 56 2
5679027 6 2 0
5679028 6 56 1
5679294 6 2 2
5679352 6 56 2
5702417 6 2 0
5702418 6 56 1
5702684 6 2 2
5702742 6 56 2
5731261 6 2 0
5731262 6 56 1
5731523 6 2 2
5731580 6 56 2
5776011 6 2 0
5776012 6 56 1
5776273 6 2 2
5776330 6 56 2
5825227 6 2 0
5825228 6 56 1
5825494 6 2 2
5825552 6 56 2
5848597 6 2 0
5848598 6 56 1
5848864 6 2 2
5848922 6 56 2
5877441 6 2 0
5877442 6 56 1
5877703 6 2 2
5877760 6 56 2
5922181 6 2 0
5922182 6 56 1
5922443 6 2 2
5922500 6 56 2
5971487 6 2 0
5971488 6 56 1
5971754 6 2 2
5971812 6 56 2
5994827 6 2 0
5994828 6 56 1
5995094 6 2 2
5995152 6 56 2
6023451 6 2 0
6023452 6 56 1
6023713 6 2 2
6023770 6 56 2
6068211 6 2 0
6068212 6 56 1
6068473 6 2 2
6068530 6 56 2
6086775 6 15 0
6086775 6 15 0
6087809 6 15 2
6088954 6 15 2
6089514 6 38 0
6089514 6 38 0
6089564 6 38 2
6089669 6 38 2
6091601 6 15 0
6091601 6 15 0
6091635 6 15 2
6091753 6 15 2
6091841 6 38 0
6091841 6 38 0
6094435 6 38 2
6096743 6 15 0
6096743 6 15 0
6096777 6 15 2
6096935 6 15 2
6097131 6 38 2
6106604 6 2 0
6106605 6 0 0
6133598 6 2 0
6133599 6 2 2
6141351 6 2 0
6141352 6 56 1
6141620 6 2 2
6141678 6 56 2
6164681 6 2 0
6164682 6 56 1
6164950 6 2 2
6165008 6 56 2
6193415 6 2 0
6193416 6 56 1
6193689 6 2 2
6193746 6 56 2
6238175 6 2 0
6238176 6 56 1
6238439 6 2 2
6238496 6 56 2
6287611 6 2 0
6287612 6 56 1
6287880 6 2 2
6287938 6 56 2
6310981 6 2 0
6310982 6 56 1
6311250 6 2 2
6311308 6 56 2
6339635 6 2 0
6339636 6 56 1
6339899 6 2 2
6339956 6 56 2
6384345 6 2 0
6384346 6 56 1
6384609 6 2 2
6384666 6 56 2
6431687 6 2 0
6431688 6 56 1
6431949 6 2 2
6432006 6 56 2
6441189 6 2 0
6441190 6 56 1
6441449 6 2 2
6441506 6 56 2
6462238 6 2 0
6462239 6 56 1
6462499 6 2 2
6462556 6 56 2
6462568 6 2 0
6462569 6 2 2
6511905 6 2 0
6511906 6 2 2
6515021 6 2 0
6515022 6 56 1
6515290 6 2 2
6515348 6 56 2
6538361 6 2 0
6538362 6 56 1
6538630 6 2 2
6538688 6 56 2
6594819 6 2 0
6594820 6 56 1
6595080 6 2 2
6595137 6 56 2
6637763 6 2 0
6637764 6 2 2
6643690 6 2 0
6643691 6 2 2
6646410 6 2 0
6646411 6 56 1
6646677 6 2 2
6646735 6 56 2
6669750 6 2 0
6669751 6 56 1
6670017 6 2 2
6670075 6 56 2
6699124 6 2 0
6699125 6 56 1
6699386 6 2 2
6699443 6 56 2
6744104 6 2 0
6744105 6 56 1
6744366 6 2 2
6744423 6 56 2
6787056 6 2 0
6787057 6 2 2
6865514 6 2 0
6865515 6 0 0
6870513 6 2 0
6870514 6 2 2
6872793 6 2 0
6872794 6 2 2
6876073 6 2 0
6876074 6 56 1
6876333 6 2 2
6876390 6 56 2
6887046 6 2 0
6887047 6 2 2
6888200 6 2 0
6888201 6 2 2
6892683 6 2 0
6892684 6 2 2
6954952 6 2 0
6954953 6 2 2
6957116 6 2 0
6957117 6 2 2
6963136 6 2 0
6963137 6 0 0
6976468 6 2 0
6976469 6 2 2
6978034 6 2 0
6978035 6 2 2
6992659 6 2 0
6992660 6 2 2
7007140 6 2 0
7007141 6 2 2
7020021 6 2 0
7020022 6 2 2
7030199 6 2 0
7030200 6 0 0
7030735 6 2 0
7030736 6 2 2
7049969 6 2 0
7049970 6 2 2
7056224 6 2 0
7056225 6 2 2
7058056 6 2 0
7058057 6 2 2
7061097 6 2 0
7061098 6 56 1
7061364 6 2 2
7061422 6 56 2
7063335 6 15 0
7063335 6 15 0
7064081 6 15 2
7064376 6 15 2
7064936 6 38 0
7064936 6 38 0
7064986 6 38 2
7065241 6 38 2
7067173 6 15 0
7067173 6 15 0
7067207 6 15 2
7068915 6 15 2
7069003 6 38 0
7069003 6 38 0
7069947 6 38 2
7070813 6 38 2
7072255 6 15 0
7072255 6 15 0
7072289 6 15 2
7072327 6 15 2
7073278 6 0 2
7076427 6 2 0
7076428 6 0 0
7077778 6 2 0
7077779 6 0 0
7085884 6 2 0
7085885 6 0 0
7086212 6 2 0
7086213 6 0 0
7112097 6 2 0
7112098 6 56 1
7112364 6 2 2
7112422 6 56 2
7134160 6 2 0
7134161 6 2 2
7142141 6 56 1
7142142 6 2 0
7142403 6 2 2
7142460 6 56 2
7142848 6 2 0
7142849 6 2 2
7187261 6 2 0
7187262 6 56 1
7187523 6 2 2
7187580 6 56 2
7251959 6 2 0
7251960 6 0 0
7253908 6 2 0
7253909 6 2 2
7254370 6 2 0
7254371 6 2 2
7270755 6 2 0
7270756 6 56 1
7271015 6 2 2
7271072 6 56 2
7287659 6 2 0
7287660 6 2 2
7294042 6 2 0
7294043 6 2 2
7299118 6 2 0
7299119 6 0 0
7323684 6 2 0
7323685 6 2 2
7331262 6 2 0
7331263 6 2 2
7334157 6 2 0
7334158 6 56 1
7334424 6 2 2
7334482 6 56 2
7357597 6 2 0
7357598 6 56 1
7357864 6 2 2
7357922 6 56 2
7387421 6 2 0
7387422 6 56 1
7387683 6 2 2
7387740 6 56 2
7388128 6 2 0
7388129 6 2 2
7432531 6 2 0
7432532 6 56 1
7432793 6 2 2
7432850 6 56 2
7480664 6 2 0
7480665 6 2 2
7482688 6 2 0
7482689 6 2 2
7485889 6 56 1
7485890 6 2 0
7486156 6 2 2
7486214 6 56 2
7509229 6 56 1
7509230 6 2 0
7509496 6 2 2
7509554 6 56 2
7532591 6 0 0
7532592 6 2 0
7546704 6 56 1
7546705 6 2 0
7546965 6 2 2
7547022 6 56 2
7547410 6 2 0
7547411 6 2 2
7591804 6 2 0
7591805 6 56 1
7592065 6 2 2
7592122 6 56 2
7635205 6 2 0
7635206 6 2 2
7667581 6 2 0
7667582 6 56 1
7667844 6 2 2
7667902 6 56 2
7690941 6 2 0
7690942 6 56 1
7691204 6 2 2
7691262 6 56 2
7719795 6 2 0
7719796 6 56 1
7720063 6 2 2
7720120 6 56 2
7764545 6 2 0
7764546 6 56 1
7764813 6 2 2
7764870 6 56 2
7814241 6 2 0
7814242 6 56 1
7814514 6 2 2
7814572 6 56 2
7837731 6 56 1
7837732 6 2 0
7837994 6 2 2
7838052 6 56 2
7866545 6 2 0
7866546 6 56 1
7866813 6 2 2
7866870 6 56 2
7911325 6 2 0
7911326 6 56 1
7911593 6 2 2
7911650 6 56 2
7955222 6 2 0
7955223 6 2 2
7959338 6 2 0
7959339 6 2 2
7973886 6 2 0
7973887 6 56 1
7974146 6 2 2
7974203 6 56 2
7974215 6 2 0
7974216 6 2 2
8019111 6 2 0
8019112 6 2 2
8021539 6 2 0
8021540 6 2 2
8024917 6 2 0
8024918 6 56 1
8025184 6 2 2
8025242 6 56 2
8039898 6 15 0
8039898 6 15 0
8041210 6 15 2
8041712 6 15 2
8041770 6 38 0
8041770 6 38 0
8041820 6 38 2
8041976 6 38 2
8043428 6 7 0
8043542 6 7 2
8044022 6 15 0
8044022 6 15 0
8044056 6 15 2
8045553 6 15 2
8045641 6 38 0
8045641 6 38 0
8046128 6 38 2
8047021 6 38 2
8048436 6 15 0
8048436 6 15 0
8048474 6 15 2
8048498 6 15 2
8055933 6 2 0
8055934 6 0 0
8056253 6 2 0
8056254 6 0 0
8067984 6 2 0
8067985 6 56 1
8068251 6 2 2
8068309 6 56 2
8094820 6 2 0
8094821 6 2 2
8095242 6 2 0
8095243 6 2 2
8128491 6 2 0
8128492 6 56 1
8128757 6 2 2
8128814 6 56 2
8171298 6 2 0
8171299 6 2 2
8180529 6 2 0
8180530 6 56 1
8180796 6 2 2
8180854 6 56 2
8203879 6 2 0
8203880 6 56 1
8204146 6 2 2
8204204 6 56 2
8233193 6 2 0
8233194 6 56 1
8233455 6 2 2
8233512 6 56 2
8233900 6 2 0
8233901 6 2 2
8278313 6 2 0
8278314 6 56 1
8278575 6 2 2
8278632 6 56 2
8326387 6 2 0
8326388 6 2 2
8328411 6 2 0
8328412 6 2 2
8331620 6 2 0
8331621 6 56 1
8331887 6 2 2
8331945 6 56 2
8354960 6 2 0
8354961 6 56 1
8355227 6 2 2
8355285 6 56 2
8383744 6 2 0
8383745 6 56 1
8384006 6 2 2
8384063 6 56 2
8428474 6 2 0
8428475 6 56 1
8428736 6 2 2
8428793 6 56 2
8477630 6 2 0
8477631 6 56 1
8477897 6 2 2
8477955 6 56 2
8500990 6 2 0
8500991 6 56 1
8501257 6 2 2
8501315 6 56 2
8529884 6 2 0
8529885 6 56 1
8530146 6 2 2
8530203 6 56 2
8574664 6 2 0
8574665 6 56 1
8574926 6 2 2
8574983 6 56 2
8624000 6 2 0
8624001 6 56 1
8624267 6 2 2
8624325 6 56 2
8647320 6 2 0
8647321 6 56 1
8647587 6 2 2
8647645 6 56 2
8675994 6 2 0
8675995 6 56 1
8676256 6 2 2
8676313 6 56 2
8720854 6 2 0
8720855 6 56 1
8721116 6 2 2
8721173 6 56 2
8769850 6 2 0
8769851 6 56 1
8770117 6 2 2
8770175 6 56 2
8793390 6 2 0
8793391 6 56 1
8793657 6 2 2
8793715 6 56 2
8822104 6 2 0
8822105 6 56 1
8822366 6 2 2
8822423 6 56 2
8866884 6 2 0
8866885 6 56 1
8867146 6 2 2
8867203 6 56 2
8916230 6 2 0
8916231 6 56 1
8916497 6 2 2
8916555 6 56 2
8939720 6 2 0
8939721 6 56 1
8939987 6 2 2
8940045 6 56 2
8968384 6 2 0
8968385 6 56 1
8968646 6 2 2
8968703 6 56 2
9013174 6 2 0
9013175 6 56 1
9013436 6 2 2
9013493 6 56 2
9016462 6 15 0
9016462 6 15 0
9018216 6 15 2
9020943 6 15 2
9021503 6 38 0
9021503 6 38 0
9022543 6 38 2
9023869 6 38 2
9024822 6 0 2
9025321 6 7 0
9027699 6 7 2
9028179 6 15 0
9028179 6 15 0
9028223 6 15 2
9028241 6 15 2
9028329 6 38 0
9028329 6 38 0
9028379 6 38 2
9028494 6 38 2
9031054 6 15 0
9031054 6 15 0
9031119 6 15 2
9031315 6 15 2
9032391 6 1 0
9032391 6 1 0
9032449 6 1 2
9032660 6 1 2
9032868 6 36 0
9032868 6 36 0
9032934 6 36 2
9032983 6 36 2
9033047 6 37 0
9033047 6 37 0
9033105 6 37 2
9033162 6 37 2
9033210 6 58 0
9033210 6 58 0
9033316 6 58 2
9033333 6 58 2
9033365 6 59 0
9033365 6 59 0
9033463 6 59 2
9033491 6 59 2
9033703 6 61 0
9033703 6 61 0
9033845 6 61 2
9033926 6 61 2
9034206 6 54 0
9034206 6 54 0
9034272 6 54 2
9034321 6 54 2
9034490 6 5 2
9035024 6 5 2
9035129 6 46 0
9035146 6 5 2
9035211 6 46 2
9035247 6 47 0
9035253 6 2 0
9035254 6 0 0
9035337 6 47 2
9035348 6 5 2
9035349 6 12 0
9035437 6 12 2
9035989 6 1 0
9036079 6 1 2
9036471 6 4 2
9036527 6 46 0
9036609 6 46 2
9036641 6 47 0
9036731 6 47 2
9036875 6 12 0
9036934 6 12 2
9037418 6 1 0
9037418 6 1 0
9037496 6 1 2
9037501 6 1 2
9037949 6 46 0
9038031 6 46 2
9038063 6 47 0
9038063 6 47 0
9038146 6 47 2
9038169 6 47 2
9038290 6 12 0
9038356 6 12 2
9038840 6 1 0
9038922 6 1 2
9039370 6 46 0
9039370 6 46 0
9039428 6 46 2
9039453 6 46 2
9039485 6 47 0
9039566 6 47 2
9039710 6 12 0
9039778 6 12 2
9040262 6 1 0
9040262 6 1 0
9040320 6 1 2
9040345 6 1 2
9040793 6 46 0
9040793 6 46 0
9040851 6 46 2
9040876 6 46 2
9040908 6 47 0
9040908 6 47 0
9040974 6 47 2
9041001 6 47 2
9041145 6 12 0
9041145 6 12 0
9041187 6 12 2
9041211 6 12 2
9041695 6 1 0
9041695 6 1 0
9041753 6 1 2
9041778 6 1 2
9042226 6 46 0
9042226 6 46 0
9042284 6 46 2
9042319 6 46 2
9042351 6 47 0
9042351 6 47 0
9042417 6 47 2
9042444 6 47 2
9042588 6 12 0
9042588 6 12 0
9042631 6 12 2
9042654 6 12 2
9043138 6 1 0
9043138 6 1 0
9043196 6 1 2
9043221 6 1 2
9043669 6 46 0
9043669 6 46 0
9043727 6 46 2
9043762 6 46 2
9043794 6 47 0
9043794 6 47 0
9043860 6 47 2
9043887 6 47 2
9044031 6 12 0
9044031 6 12 0
9044073 6 12 2
9044100 6 12 2
9044584 6 1 0
9044584 6 1 0
9044642 6 1 2
9044683 6 1 2
9045131 6 46 0
9045131 6 46 0
9045189 6 46 2
9045214 6 46 2
9045246 6 47 0
9045246 6 47 0
9045312 6 47 2
9045329 6 47 2
9045473 6 12 0
9045473 6 12 0
9045516 6 12 2
9045539 6 12 2
9046023 6 1 0
9046023 6 1 0
9046081 6 1 2
9046106 6 1 2
9046554 6 46 0
9046554 6 46 0
9046612 6 46 2
9046647 6 46 2
9046679 6 47 0
9046679 6 47 0
9046745 6 47 2
9046772 6 47 2
9046916 6 12 0
9046916 6 12 0
9046958 6 12 2
9046983 6 12 2
9047467 6 1 0
9047467 6 1 0
9047525 6 1 2
9047533 6 1 2
9047981 6 46 0
9047981 6 46 0
9048039 6 46 2
9048064 6 46 2
9048096 6 47 0
9048096 6 47 0
9048162 6 47 2
9048189 6 47 2
9048333 6 12 0
9048333 6 12 0
9048376 6 12 2
9048399 6 12 2
9048883 6 1 0
9048883 6 1 0
9048941 6 1 2
9048969 6 1 2
9049417 6 46 0
9049417 6 46 0
9049475 6 46 2
9049500 6 46 2
9049532 6 47 0
9049532 6 47 0
9049598 6 47 2
9049625 6 47 2
9049769 6 12 0
9049769 6 12 0
9049811 6 12 2
9049836 6 12 2
9050320 6 1 0
9050320 6 1 0
9050378 6 1 2
9050403 6 1 2
9050851 6 46 0
9050851 6 46 0
9050910 6 46 2
9050943 6 46 2
9050975 6 47 0
9050975 6 47 0
9051041 6 47 2
9051068 6 47 2
9051212 6 12 0
9051212 6 12 0
9051256 6 12 2
9051279 6 12 2
9051763 6 1 0
9051763 6 1 0
9051821 6 1 2
9051849 6 1 2
9052297 6 46 0
9052297 6 46 0
9052355 6 46 2
9052380 6 46 2
9052412 6 47 0
9052412 6 47 0
9052478 6 47 2
9052505 6 47 2
9052649 6 12 0
9052649 6 12 0
9052691 6 12 2
9052716 6 12 2
9053200 6 1 0
9053200 6 1 0
9053258 6 1 2
9053283 6 1 2
9053731 6 46 0
9053731 6 46 0
9053789 6 46 2
9053824 6 46 2
9053856 6 47 0
9053856 6 47 0
9053922 6 47 2
9053949 6 47 2
9054093 6 12 0
9054093 6 12 0
9054136 6 12 2
9054159 6 12 2
9054643 6 1 0
9054643 6 1 0
9054701 6 1 2
9054726 6 1 2
9055174 6 46 0
9055174 6 46 0
9055232 6 46 2
9055257 6 46 2
9055289 6 47 0
9055289 6 47 0
9055355 6 47 2
9055382 6 47 2
9055526 6 12 0
9055526 6 12 0
9055568 6 12 2
9055593 6 12 2
9056077 6 1 0
9056077 6 1 0
9056135 6 1 2
9056168 6 1 2
9056616 6 46 0
9056616 6 46 0
9056674 6 46 2
9056709 6 46 2
9056741 6 47 0
9056741 6 47 0
9056807 6 47 2
9056834 6 47 2
9056978 6 12 0
9056978 6 12 0
9057021 6 12 2
9057044 6 12 2
9057528 6 1 0
9057528 6 1 0
9057586 6 1 2
9057611 6 1 2
9058059 6 46 0
9058059 6 46 0
9058117 6 46 2
9058152 6 46 2
9058184 6 47 0
9058184 6 47 0
9058250 6 47 2
9058267 6 47 2
9058411 6 12 0
9058411 6 12 0
9058453 6 12 2
9058478 6 12 2
9058962 6 1 0
9058962 6 1 0
9059020 6 1 2
9059079 6 1 2
9059527 6 46 0
9059527 6 46 0
9059585 6 46 2
9059610 6 46 2
9059642 6 47 0
9059642 6 47 0
9059708 6 47 2
9059726 6 47 2
9059870 6 12 0
9059870 6 12 0
9059913 6 12 2
9059936 6 12 2
9060420 6 1 0
9060420 6 1 0
9060478 6 1 2
9060503 6 1 2
9060951 6 46 0
9060951 6 46 0
9061009 6 46 2
9061044 6 46 2
9061076 6 47 0
9061076 6 47 0
9061142 6 47 2
9061169 6 47 2
9061313 6 12 0
9061313 6 12 0
9061355 6 12 2
9061380 6 12 2
9061864 6 1 0
9061864 6 1 0
9061922 6 1 2
9061947 6 1 2
9062395 6 46 0
9062395 6 46 0
9062453 6 46 2
9062488 6 46 2
9062520 6 47 0
9062520 6 47 0
9062586 6 47 2
9062603 6 47 2
9062747 6 12 0
9062747 6 12 0
9062789 6 12 2
9062814 6 12 2
9063298 6 1 0
9063298 6 1 0
9063356 6 1 2
9063381 6 1 2
9063829 6 46 0
9063829 6 46 0
9063887 6 46 2
9063922 6 46 2
9063954 6 47 0
9063954 6 47 0
9064020 6 47 2
9064047 6 47 2
9064191 6 12 0
9064191 6 12 0
9064233 6 12 2
9064258 6 12 2
9064742 6 1 0
9064742 6 1 0
9064800 6 1 2
9064808 6 1 2
9065256 6 46 0
9065256 6 46 0
9065314 6 46 2
9065338 6 46 2
9065370 6 47 0
9065370 6 47 0
9065436 6 47 2
9065463 6 47 2
9065607 6 12 0
9065607 6 12 0
9065650 6 12 2
9065673 6 12 2
9066157 6 1 0
9066157 6 1 0
9066215 6 1 2
9066240 6 1 2
9066688 6 46 0
9066688 6 46 0
9066746 6 46 2
9066781 6 46 2
9066813 6 47 0
9066813 6 47 0
9066879 6 47 2
9066896 6 47 2
9067040 6 12 0
9067040 6 12 0
9067082 6 12 2
9067107 6 12 2
9067591 6 1 0
9067591 6 1 0
9067649 6 1 2
9067726 6 1 2
9068174 6 46 0
9068174 6 46 0
9068232 6 46 2
9068257 6 46 2
9068289 6 47 0
9068289 6 47 0
9068355 6 47 2
9068373 6 47 2
9068517 6 12 0
9068517 6 12 0
9068560 6 12 2
9068583 6 12 2
9069067 6 1 0
9069067 6 1 0
9069125 6 1 2
9069150 6 1 2
9069598 6 46 0
9069598 6 46 0
9069656 6 46 2
9069681 6 46 2
9069713 6 47 0
9069713 6 47 0
9069779 6 47 2
9069806 6 47 2
9069950 6 12 0
9069950 6 12 0
9069993 6 12 2
9070018 6 12 2
9070502 6 1 0
9070502 6 1 0
9070560 6 1 2
9070628 6 1 2
9071076 6 46 0
9071076 6 46 0
9071134 6 46 2
9071159 6 46 2
9071191 6 47 0
9071191 6 47 0
9071258 6 47 2
9071276 6 47 2
9071420 6 12 0
9071420 6 12 0
9071463 6 12 2
9071486 6 12 2
9071970 6 1 0
9071970 6 1 0
9072028 6 1 2
9072053 6 1 2
9072485 6 11 0
9072485 6 11 0
9072535 6 11 2
9072576 6 11 2
9072592 6 46 0
9072592 6 46 0
9072650 6 46 2
9072675 6 46 2
9072707 6 47 0
9072707 6 47 0
9072773 6 47 2
9072790 6 47 2
9072934 6 12 0
9072934 6 12 0
9072976 6 12 2
9073001 6 12 2
9073485 6 1 0
9073485 6 1 0
9073543 6 1 2
9073568 6 1 2
9074016 6 46 0
9074016 6 46 0
9074074 6 46 2
9074099 6 46 2
9074131 6 47 0
9074131 6 47 0
9074198 6 47 2
9074213 6 47 2
9074357 6 12 0
9074357 6 12 0
9074399 6 12 2
9074424 6 12 2
9074908 6 1 0
9074908 6 1 0
9074966 6 1 2
9074991 6 1 2
9075439 6 46 0
9075439 6 46 0
9075497 6 46 2
9075522 6 46 2
9075554 6 47 0
9075554 6 47 0
9075620 6 47 2
9075637 6 47 2
9075781 6 12 0
9075781 6 12 0
9075823 6 12 2
9075848 6 12 2
9076332 6 1 0
9076332 6 1 0
9076390 6 1 2
9076415 6 1 2
9076863 6 46 0
9076863 6 46 0
9076921 6 46 2
9076946 6 46 2
9076978 6 47 0
9076978 6 47 0
9077045 6 47 2
9077060 6 47 2
9077204 6 12 0
9077204 6 12 0
9077246 6 12 2
9077271 6 12 2
9077755 6 1 0
9077755 6 1 0
9077813 6 1 2
9077838 6 1 2
9078286 6 46 0
9078286 6 46 0
9078344 6 46 2
9078369 6 46 2
9078401 6 47 0
9078401 6 47 0
9078467 6 47 2
9078484 6 47 2
9078628 6 12 0
9078628 6 12 0
9078670 6 12 2
9078695 6 12 2
9079179 6 1 0
9079179 6 1 0
9079237 6 1 2
9079271 6 2 0
9079272 6 2 2
9079304 6 1 2
9079752 6 46 0
9079752 6 46 0
9079810 6 46 2
9079836 6 46 2
9079868 6 47 0
9079868 6 47 0
9079935 6 47 2
9079950 6 47 2
9080094 6 12 0
9080094 6 12 0
9080136 6 12 2
9080161 6 12 2
9080645 6 1 0
9080645 6 1 0
9080703 6 1 2
9080728 6 1 2
9081176 6 46 0
9081176 6 46 0
9081234 6 46 2
9081259 6 46 2
9081291 6 47 0
9081291 6 47 0
9081357 6 47 2
9081384 6 47 2
9081528 6 12 0
9081528 6 12 0
9081570 6 12 2
9081595 6 12 2
9082079 6 1 0
9082079 6 1 0
9082137 6 1 2
9082162 6 1 2
9082201 6 2 0
9082202 6 2 2
9082610 6 46 0
9082610 6 46 0
9082668 6 46 2
9082694 6 46 2
9082726 6 47 0
9082726 6 47 0
9082793 6 47 2
9082820 6 47 2
9082964 6 12 0
9082964 6 12 0
9083008 6 12 2
9083033 6 12 2
9083517 6 1 0
9083517 6 1 0
9083575 6 1 2
9083600 6 1 2
9084032 6 12 0
9084032 6 12 0
9084074 6 12 2
9084082 6 12 2
9084098 6 46 0
9084098 6 46 0
9084156 6 46 2
9084181 6 46 2
9084213 6 47 0
9084213 6 47 0
9084282 6 47 2
9084310 6 47 2
9084454 6 12 0
9084454 6 12 0
9084496 6 12 2
9084544 6 12 2
9085028 6 1 0
9085028 6 1 0
9085086 6 1 2
9085111 6 1 2
9085559 6 46 0
9085559 6 46 0
9085622 6 46 2
9085642 6 46 2
9085674 6 47 0
9085674 6 47 0
9085740 6 47 2
9085757 6 47 2
9085901 6 12 0
9085901 6 12 0
9085943 6 12 2
9085968 6 12 2
9086452 6 1 0
9086452 6 1 0
9086510 6 1 2
9086535 6 1 2
9086983 6 46 0
9086983 6 46 0
9087041 6 46 2
9087066 6 46 2
9087098 6 47 0
9087098 6 47 0
9087164 6 47 2
9087181 6 47 2
9087325 6 12 0
9087325 6 12 0
9087367 6 12 2
9087415 6 12 2
9087899 6 1 0
9087899 6 1 0
9087957 6 1 2
9088014 6 1 2
9088462 6 46 0
9088462 6 46 0
9088521 6 46 2
9088544 6 46 2
9088576 6 47 0
9088576 6 47 0
9088642 6 47 2
9088659 6 47 2
9088803 6 12 0
9088803 6 12 0
9088845 6 12 2
9088870 6 12 2
9089354 6 1 0
9089354 6 1 0
9089412 6 1 2
9089437 6 1 2
9089885 6 46 0
9089885 6 46 0
9089943 6 46 2
9089968 6 46 2
9090000 6 47 0
9090000 6 47 0
9090066 6 47 2
9090083 6 47 2
9090227 6 12 0
9090227 6 12 0
9090269 6 12 2
9090286 6 12 2
9090488 6 2 0
9090489 6 2 2
9090770 6 1 0
9090770 6 1 0
9090828 6 1 2
9090853 6 1 2
9091301 6 46 0
9091301 6 46 0
9091359 6 46 2
9091384 6 46 2
9091416 6 47 0
9091416 6 47 0
9091482 6 47 2
9091499 6 47 2
9091643 6 12 0
9091643 6 12 0
9091685 6 12 2
9091710 6 12 2
9092194 6 1 0
9092194 6 1 0
9092252 6 1 2
9092277 6 1 2
9092725 6 46 0
9092725 6 46 0
9092783 6 46 2
9092818 6 46 2
9092850 6 47 0
9092850 6 47 0
9092916 6 47 2
9092943 6 47 2
9093087 6 12 0
9093087 6 12 0
9093129 6 12 2
9093146 6 12 2
9093630 6 1 0
9093630 6 1 0
9093689 6 1 2
9093771 6 1 2
9094219 6 46 0
9094219 6 46 0
9094278 6 46 2
9094302 6 46 2
9094334 6 47 0
9094334 6 47 0
9094340 6 56 1
9094341 6 2 0
9094401 6 47 2
9094418 6 47 2
9094562 6 12 0
9094562 6 12 0
9094599 6 2 2
9094604 6 12 2
9094629 6 12 2
9094656 6 56 2
9094668 6 2 0
9094669 6 2 2
9095113 6 1 0
9095113 6 1 0
9095171 6 1 2
9095196 6 1 2
9095644 6 46 0
9095644 6 46 0
9095702 6 46 2
9095727 6 46 2
9095759 6 47 0
9095759 6 47 0
9095825 6 47 2
9095842 6 47 2
9095986 6 12 0
9095986 6 12 0
9096028 6 12 2
9096053 6 12 2
9096537 6 1 0
9096537 6 1 0
9096595 6 1 2
9096620 6 1 2
9097068 6 46 0
9097068 6 46 0
9097127 6 46 2
9097150 6 46 2
9097182 6 47 0
9097182 6 47 0
9097248 6 47 2
9097275 6 47 2
9097419 6 12 0
9097419 6 12 0
9097461 6 12 2
9097486 6 12 2
9097970 6 1 0
9097970 6 1 0
9098028 6 1 2
9098053 6 1 2
9098501 6 46 0
9098501 6 46 0
9098559 6 46 2
9098594 6 46 2
9098626 6 47 0
9098626 6 47 0
9098692 6 47 2
9098710 6 47 2
9098854 6 12 0
9098854 6 12 0
9098896 6 12 2
9098921 6 12 2
9099405 6 1 0
9099405 6 1 0
9099463 6 1 2
9099471 6 1 2
9099919 6 46 0
9099919 6 46 0
9099978 6 46 2
9100001 6 46 2
9100033 6 47 0
9100033 6 47 0
9100099 6 47 2
9100125 6 47 2
9100269 6 12 0
9100269 6 12 0
9100311 6 12 2
9100336 6 12 2
9100820 6 1 0
9100820 6 1 0
9100878 6 1 2
9100903 6 1 2
9101351 6 46 0
9101351 6 46 0
9101409 6 46 2
9101444 6 46 2
9101476 6 47 0
9101476 6 47 0
9101542 6 47 2
9101569 6 47 2
9101713 6 12 0
9101713 6 12 0
9101755 6 12 2
9101780 6 12 2
9102264 6 1 0
9102264 6 1 0
9102322 6 1 2
9102347 6 1 2
9102795 6 46 0
9102795 6 46 0
9102858 6 46 2
9102888 6 46 2
9102920 6 47 0
9102920 6 47 0
9102986 6 47 2
9103013 6 47 2
9103157 6 12 0
9103157 6 12 0
9103199 6 12 2
9103225 6 12 2
9103709 6 1 0
9103709 6 1 0
9103767 6 1 2
9103793 6 1 2
9104241 6 46 0
9104241 6 46 0
9104299 6 46 2
9104324 6 46 2
9104356 6 47 0
9104356 6 47 0
9104422 6 47 2
9104449 6 47 2
9104593 6 12 0
9104593 6 12 0
9104635 6 12 2
9104660 6 12 2
9105144 6 1 0
9105144 6 1 0
9105202 6 1 2
9105210 6 1 2
9105658 6 46 0
9105658 6 46 0
9105717 6 46 2
9105740 6 46 2
9105772 6 47 0
9105772 6 47 0
9105838 6 47 2
9105864 6 47 2
9106008 6 12 0
9106008 6 12 0
9106050 6 12 2
9106075 6 12 2
9106559 6 1 0
9106559 6 1 0
9106617 6 1 2
9106644 6 1 2
9107092 6 46 0
9107092 6 46 0
9107150 6 46 2
9107187 6 46 2
9107219 6 47 0
9107219 6 47 0
9107285 6 47 2
9107302 6 47 2
9107446 6 12 0
9107446 6 12 0
9107488 6 12 2
9107513 6 12 2
9107997 6 1 0
9107997 6 1 0
9108055 6 1 2
9108080 6 1 2
9108528 6 46 0
9108528 6 46 0
9108587 6 46 2
9108620 6 46 2
9108652 6 47 0
9108652 6 47 0
9108718 6 47 2
9108745 6 47 2
9108889 6 12 0
9108889 6 12 0
9108931 6 12 2
9108956 6 12 2
9109440 6 1 0
9109440 6 1 0
9109498 6 1 2
9109523 6 1 2
9109971 6 46 0
9109971 6 46 0
9110029 6 46 2
9110064 6 46 2
9110096 6 47 0
9110096 6 47 0
9110162 6 47 2
9110179 6 47 2
9110323 6 12 0
9110323 6 12 0
9110365 6 12 2
9110390 6 12 2
9110874 6 1 0
9110874 6 1 0
9110932 6 1 2
9110957 6 1 2
9111405 6 46 0
9111405 6 46 0
9111464 6 46 2
9111497 6 46 2
9111529 6 47 0
9111529 6 47 0
9111595 6 47 2
9111622 6 47 2
9111766 6 12 0
9111766 6 12 0
9111808 6 12 2
9111833 6 12 2
9112317 6 1 0
9112317 6 1 0
9112376 6 1 2
9112401 6 1 2
9112849 6 46 0
9112849 6 46 0
9112907 6 46 2
9112942 6 46 2
9112974 6 47 0
9112974 6 47 0
9113040 6 47 2
9113067 6 47 2
9113211 6 12 0
9113211 6 12 0
9113253 6 12 2
9113278 6 12 2
9113762 6 1 0
9113762 6 1 0
9113820 6 1 2
9113845 6 1 2
9114293 6 46 0
9114293 6 46 0
9114353 6 46 2
9114385 6 46 2
9114417 6 47 0
9114417 6 47 0
9114483 6 47 2
9114510 6 47 2
9114654 6 12 0
9114654 6 12 0
9114696 6 12 2
9114721 6 12 2
9115205 6 1 0
9115205 6 1 0
9115263 6 1 2
9115288 6 1 2
9115736 6 46 0
9115736 6 46 0
9115794 6 46 2
9115819 6 46 2
9115851 6 47 0
9115851 6 47 0
9115917 6 47 2
9115944 6 47 2
9116088 6 12 0
9116088 6 12 0
9116130 6 12 2
9116155 6 12 2
9116639 6 1 0
9116639 6 1 0
9116697 6 1 2
9116714 6 1 2
9117162 6 46 0
9117162 6 46 0
9117221 6 46 2
9117244 6 46 2
9117276 6 47 0
9117276 6 47 0
9117342 6 47 2
9117368 6 47 2
9117512 6 12 0
9117512 6 12 0
9117554 6 12 2
9117579 6 12 2
9117967 6 1 0
9117967 6 1 0
9118026 6 1 2
9118051 6 1 2
9118499 6 46 0
9118499 6 46 0
9118557 6 46 2
9118592 6 46 2
9118624 6 47 0
9118624 6 47 0
9118690 6 47 2
9118707 6 47 2
9118851 6 12 0
9118851 6 12 0
9118893 6 12 2
9118918 6 12 2
9119402 6 1 0
9119402 6 1 0
9119460 6 1 2
9119485 6 1 2
9119933 6 46 0
9119933 6 46 0
9119992 6 46 2
9120025 6 46 2
9120057 6 47 0
9120057 6 47 0
9120123 6 47 2
9120151 6 47 2
9120295 6 12 0
9120295 6 12 0
9120337 6 12 2
9120361 6 12 2
9120845 6 1 0
9120845 6 1 0
9120903 6 1 2
9120928 6 1 2
9121376 6 46 0
9121376 6 46 0
9121434 6 46 2
9121469 6 46 2
9121501 6 47 0
9121501 6 47 0
9121568 6 47 2
9121585 6 47 2
9121737 6 61 0
9121737 6 61 0
9121819 6 61 2
9121916 6 61 2
9121940 6 62 0
9121940 6 62 0
9122045 6 62 2
9122053 6 62 2
9122329 6 63 0
9122329 6 63 0
9122412 6 63 2
9122427 6 63 2
9122851 6 12 0
9122851 6 12 0
9122893 6 12 2
9122911 6 12 2
9123563 6 1 0
9123563 6 1 0
9123621 6 1 2
9123646 6 1 2
9124094 6 46 0
9124094 6 46 0
9124152 6 46 2
9124177 6 46 2
9124209 6 47 0
9124209 6 47 0
9124275 6 47 2
9124292 6 47 2
9124436 6 12 0
9124436 6 12 0
9124478 6 12 2
9124503 6 12 2
9124554 6 4 2
9124987 6 1 0
9124987 6 1 0
9125045 6 1 2
9125070 6 1 2
9125518 6 46 0
9125518 6 46 0
9125576 6 46 2
9125604 6 46 2
9125636 6 47 0
9125636 6 47 0
9125703 6 47 2
9125717 6 47 2
9125861 6 12 0
9125861 6 12 0
9125903 6 12 2
9125928 6 12 2
9126412 6 1 0
9126412 6 1 0
9126470 6 1 2
9126495 6 1 2
9126563 6 5 2
9126675 6 1 0
9126749 6 1 2
9126826 6 4 2
9127017 6 46 0
9127017 6 46 0
9127075 6 46 2
9127100 6 46 2
9127132 6 47 0
9127132 6 47 0
9127198 6 47 2
9127215 6 47 2
9127359 6 12 0
9127359 6 12 0
9127401 6 12 2
9127426 6 12 2
9128030 6 1 0
9128030 6 1 0
9128088 6 1 2
9128115 6 1 2
9128403 6 62 0
9128403 6 62 0
9128477 6 62 2
9128485 6 62 2
9128609 6 61 0
9128609 6 61 0
9128691 6 61 2
9128699 6 61 2
9129235 6 1 0
9129317 6 1 2
9129401 6 58 0
9129401 6 58 0
9129507 6 58 2
9129524 6 58 2
9129604 6 59 0
9129604 6 59 0
9129702 6 59 2
9129719 6 59 2
9142019 6 2 0
9142020 6 2 2
9145397 6 2 0
9145398 6 56 1
9145664 6 2 2
9145722 6 56 2
9168867 6 2 0
9168868 6 56 1
9169134 6 2 2
9169192 6 56 2
9205305 6 2 0
9205306 6 2 2
9206352 6 2 0
9206353 6 2 2
9232997 6 2 0
9232998 6 2 2
9261604 6 2 0
9261605 6 56 1
9261868 6 2 2
9261926 6 56 2
9285004 6 2 0
9285005 6 56 1
9285268 6 2 2
9285326 6 56 2
9307256 6 2 0
9307257 6 2 2
9312018 6 2 0
9312019 6 56 1
9312277 6 2 2
9312334 6 56 2
9316634 6 2 0
9316635 6 56 1
9316898 6 2 2
9316956 6 56 2
9340034 6 2 0
9340035 6 56 1
9340298 6 2 2
9340356 6 56 2
9361740 6 2 0
9361741 6 2 2
9375810 6 2 0
9375811 6 56 1
9376077 6 2 2
9376134 6 56 2
9380880 6 2 0
9380881 6 56 1
9381148 6 2 2
9381206 6 56 2
9405269 6 2 0
9405270 6 56 1
9405538 6 2 2
9405596 6 56 2
9414023 6 2 0
9414024 6 56 1
9414287 6 2 2
9414344 6 56 2
9433540 6 2 0
9433541 6 2 2
9434264 6 2 0
9434265 6 56 1
9434527 6 2 2
9434584 6 56 2
9435584 6 2 0
9435585 6 2 2
9441544 6 2 0
9441545 6 56 1
9441807 6 2 2
9441864 6 56 2
9444834 6 2 0
9444835 6 56 1
9445097 6 2 2
9445154 6 56 2
9449730 6 2 0
9449731 6 2 2
9492278 6 2 2
9493403 6 2 2
9572520 6 2 0
9572521 6 56 1
9572786 6 2 2
9572844 6 56 2
9587157 6 2 0
9587158 6 56 1
9587425 6 2 2
9587482 6 56 2
9589850 6 2 0
9589851 6 0 0
9602441 6 2 0
9602442 6 56 1
9602498 6 56 1
9602624 6 56 2
9602705 6 2 2
9602762 6 56 2
9605868 6 2 2
9606027 6 2 0
9606028 6 2 2
9606745 6 2 2
9610107 6 2 2
9618251 6 2 0
9618252 6 0 0
9618956 6 2 0
9618957 6 2 2
9620448 6 3 2
9621679 6 2 0
9621680 6 2 2
9627759 6 3 0
9627760 6 2 0
9633699 6 2 0
9636925 6 2 0
9636926 6 2 2
9636981 6 56 1
9637107 6 56 2
9641124 6 2 0
9641124 6 3 2
9651349 6 2 0
9651350 6 56 1
9651616 6 2 2
9651674 6 56 2
9653975 6 3 0
9653976 6 56 1
9654236 6 3 2
9654286 6 56 2
9689924 6 15 0
9689924 6 15 0
9689958 6 15 2
9689999 6 15 2
9690087 6 30 0
9690177 6 30 2
9690189 6 24 0
9690294 6 24 2
9690394 6 25 0
9690492 6 25 2
9690500 6 6 0
9690500 6 6 0
9690509 6 6 0
9690510 6 2 0
9690510 6 6 2
9690518 6 6 2
9690569 6 6 2
9690633 6 26 0
9690723 6 26 2
9690787 6 27 0
9690869 6 27 2
9690901 6 34 0
9691014 6 34 2
9691026 6 26 0
9691131 6 26 2
9691227 6 55 0
9691364 6 55 2
9691372 6 27 0
9691478 6 27 2
9691526 6 23 0
9691633 6 23 2
9691637 6 28 0
9691742 6 28 2
9691794 6 60 0
9691805 6 0 2
9691933 6 60 2
9691949 6 61 0
9692087 6 61 2
9692107 6 29 0
9692366 6 29 2
9692402 6 33 0
9692516 6 33 2
9692568 6 23 0
9693481 6 56 1
9693678 6 23 2
9693714 6 29 0
9693735 6 3 2
9693745 6 10 2
9693810 6 56 2
9693820 6 29 2
9693836 6 23 0
9694121 6 23 2
9694175 6 12 2
9694185 6 23 0
9694514 6 23 2
9694550 6 32 0
9694568 6 5 2
9694640 6 7 2
9694668 6 32 2
9694752 6 28 0
9694815 6 3 2
9694817 6 28 2
9694869 6 2 0
9694926 6 2 2
9694938 6 29 0
9695020 6 29 2
9695052 6 4 0
9695111 6 4 2
9695119 6 35 0
9695119 6 35 0
9695193 6 35 2
9695210 6 35 2
9695250 6 36 0
9695250 6 36 0
9695317 6 36 2
9695368 6 36 2
9703941 6 56 1
9704205 6 28 2
9704270 6 56 2
9706931 6 56 1
9707195 6 46 2
9707260 6 56 2
9713093 6 56 1
9713355 6 3 2
9713404 6 56 2
9734068 6 56 1
9734069 6 3 0
9734336 6 3 2
9734386 6 56 2
9764660 6 3 0
9764661 6 2 0
9772365 6 3 2
9775518 6 3 0
9775519 6 3 2
9777392 6 2 0
9778450 6 3 2
9782589 6 56 1
9782856 6 3 2
9782906 6 56 2
9805729 6 56 1
9805996 6 3 2
9806046 6 56 2
9827688 6 3 0
9827689 6 3 2
9837833 6 3 0
9837834 6 56 1
9838095 6 3 2
9838144 6 56 2
9851058 6 20 2
9854016 6 2 0
9854017 6 3 0
9857358 6 3 0
9857359 6 3 2
9870033 6 2 0
9870034 6 56 1
9870295 6 2 2
9870352 6 56 2
9870384 6 2 0
9870385 6 56 1
9870645 6 2 2
9870702 6 56 2
9872398 6 2 0
9872399 6 56 1
9872666 6 2 2
9872724 6 56 2
9880045 6 3 0
9880046 6 56 1
9880305 6 3 2
9880354 6 56 2
9918174 6 3 0
9918175 6 3 2
9920293 6 3 0
9920294 6 3 2
9920341 6 56 1
9920467 6 56 2
9921284 6 2 0
9921285 6 56 1
9921545 6 2 2
9921603 6 56 2
9923048 6 2 0
9923049 6 56 1
9923316 6 2 2
9923374 6 56 2
9923709 6 3 0
9923710 6 56 1
9923976 6 3 2
9924026 6 56 2
9946979 6 3 0
9946980 6 56 1
9947256 6 3 2
9947306 6 56 2
9970584 6 56 1
9970845 6 2 2
9970902 6 56 2
9972368 6 2 0
9972369 6 56 1
9972636 6 2 2
9972694 6 56 2
9975328 6 3 0
9975329 6 56 1
9975595 6 3 2
9975644 6 56 2
9993283 6 37 0
9993283 6 37 0
9993401 6 37 2
9993511 6 37 2
9993779 6 36 0
9993779 6 36 0
9993845 6 36 2
9993853 6 36 2
9993885 6 38 0
9993885 6 38 0
9995285 6 38 2
9998170 6 38 2
9998330 6 54 0
9998330 6 54 0
9998396 6 54 2
9998439 6 54 2
9998471 6 12 0
9998537 6 12 2
9998601 6 37 0
9998601 6 37 0
9998659 6 37 2
9998667 6 37 2
9998799 6 35 0
9998799 6 35 0
9998873 6 35 2
9998914 6 35 2
9999770 6 47 0
9999770 6 47 0
9999836 6 47 2
9999869 6 47 2
9999893 6 11 0
9999893 6 11 0
9999943 6 11 2
10000036 6 11 2
10000164 6 1 0
10000245 6 1 2
10000781 6 15 0
10000781 6 15 0
10000986 6 15 2
10000989 6 15 2
10001077 6 38 0
10001077 6 38 0
10001292 6 38 2
10001448 6 46 0
10001448 6 46 0
10001506 6 46 2
10001532 6 46 2
10001732 6 47 0
10001732 6 47 0
10001799 6 47 2
10001814 6 47 2
10001818 6 3 0
10001819 6 0 0
10001830 6 12 0
10001897 6 12 2
10001933 6 47 0
10002016 6 47 2
10002786 6 2 0
10002787 6 0 0
10003059 6 4 2
10003072 6 63 0
10003072 6 63 0
10003154 6 63 2
10003179 6 63 2
10003383 6 58 0
10003383 6 58 0
10003433 6 4 2
10003489 6 58 2
10003506 6 58 2
10003559 6 5 2
10003590 6 46 0
10003688 6 46 2
10003977 6 38 2
10003993 6 5 2
10004129 6 5 2
10004244 6 15 0
10004244 6 15 0
10004298 6 15 2
10004456 6 15 2
10008490 6 3 0
10008491 6 0 0
10009311 6 20 2
10011209 6 2 0
10011210 6 0 0
10011529 6 2 0
10011530 6 0 0
10011830 6 0 2
10013868 6 0 2
10014031 6 0 2
10014265 6 0 2
10016139 6 63 2
10024354 6 56 1
10024615 6 2 2
10024672 6 56 2
10024973 6 55 2
10026128 6 2 0
10026129 6 56 1
10026183 6 54 2
10026186 6 56 1
10026312 6 56 2
10026396 6 2 2
10026454 6 56 2
10031545 6 3 0
10031546 6 56 1
10031805 6 3 2
10031854 6 56 2
10048585 6 2 2
10048586 6 2 0
10053163 6 37 2
10053390 6 2 0
10053391 6 0 0
10056186 6 2 0
10056187 6 6 0
10056187 6 2 2
10056196 6 2 2
10056244 6 56 1
10056370 6 56 2
10066522 6 3 0
10066523 6 2 0
10070665 6 25 2
10075861 6 3 0
10075862 6 56 1
10076126 6 3 2
10076176 6 56 2
10080298 6 14 2
10082849 6 15 0
10082849 6 15 0
10082883 6 15 2
10082890 6 15 2
10083098 6 6 0
10083107 6 2 0
10083107 6 6 2
10083164 6 6 2
10083432 6 55 0
10083565 6 55 2
10083621 6 19 0
10083745 6 19 2
10083805 6 0 2
10083873 6 33 0
10083961 6 15 2
10083979 6 33 2
10084031 6 19 0
10084046 6 7 2
10084174 6 19 2
10084182 6 19 0
10084256 6 19 2
10084310 6 7 2
10084320 6 19 0
10084421 6 19 2
10084483 6 8 2
10084585 6 0 2
10084589 6 19 0
10084727 6 19 2
10084788 6 7 2
10084872 6 8 2
10084883 6 19 0
10085243 6 19 2
10085476 6 9 2
10085483 6 19 0
10085883 6 19 2
10085945 6 3 2
10085955 6 19 0
10086342 6 19 2
10087341 6 10 2
10087350 6 19 0
10087865 6 19 2
10087999 6 16 2
10088009 6 19 0
10089983 6 19 2
10090044 6 18 2
10090127 6 14 2
10090206 6 3 2
10090281 6 17 2
10090376 6 19 2
10090451 6 9 2
10090546 6 8 2
10090646 6 11 2
10090729 6 21 2
10090739 6 19 0
10092820 6 19 2
10092879 6 20 2
10092954 6 21 2
10093030 6 31 2
10093122 6 9 2
10093213 6 16 2
10093312 6 30 2
10093395 6 29 2
10093478 6 10 2
10093563 6 0 2
10093663 6 25 2
10093764 6 15 2
10093847 6 12 2
10093934 6 30 2
10093936 6 19 0
10094210 6 19 2
10095005 6 31 2
10095014 6 19 0
10095756 6 19 2
10095815 6 24 2
10095816 6 19 0
10098102 6 19 2
10098161 6 13 2
10098236 6 11 2
10098313 6 35 2
10098318 6 19 0
10102700 6 19 2
10102759 6 16 2
10102858 6 10 2
10102943 6 38 2
10102952 6 19 0
10109032 6 19 2
10109179 6 58 2
10109188 6 19 0
10112460 6 19 2
10112522 6 55 2
10112532 6 19 0
10124688 6 19 2
