0 30 51 0
4730 30 51 2
4734 30 22 0
5744 30 56 1
5979 30 0 2
6076 30 56 2
6434 30 22 2
6446 30 1 0
7341 30 1 2
7361 30 24 0
7517 30 24 2
10065 30 56 1
10299 30 2 2
10380 30 56 2
11832 30 56 1
12069 30 2 2
12150 30 56 2
13480 30 56 1
13719 30 0 2
13816 30 56 2
16849 30 56 1
17089 30 2 2
17170 30 56 2
50973 30 56 1
51209 30 2 2
51290 30 56 2
52125 30 56 1
52360 30 2 2
52442 30 56 2
86378 30 56 1
86619 30 0 2
86716 30 56 2
91100 30 56 1
91339 30 2 2
91420 30 56 2
93301 30 56 1
93539 30 2 2
93620 30 56 2
103031 30 56 1
103269 30 2 2
103350 30 56 2
141656 30 2 0
141657 30 56 1
141899 30 2 2
141980 30 56 2
142368 30 56 1
142610 30 2 2
142692 30 56 2
212384 30 2 0
212385 30 56 1
212619 30 2 2
212700 30 56 2
223030 30 56 1
223269 30 2 2
223350 30 56 2
226717 30 4 0
227938 30 4 2
227990 30 44 0
229175 30 44 2
229187 30 5 0
229261 30 5 2
229273 30 45 0
229698 30 45 2
229766 30 24 0
229894 30 24 2
229926 30 25 0
230130 30 25 2
230138 30 26 0
230268 30 26 2
230308 30 27 0
230480 30 27 2
230500 30 33 0
231455 30 33 2
231475 30 35 0
231565 30 35 2
231573 30 41 0
232179 30 41 2
232195 30 42 0
232496 30 42 2
232528 30 1 0
232635 30 1 2
232671 30 36 0
232855 30 36 2
232867 30 43 0
233166 30 43 2
233182 30 17 0
233289 30 17 2
233381 30 27 0
233547 30 27 2
233551 30 37 0
233742 30 37 2
233754 30 17 0
233862 30 17 2
233870 30 15 0
234090 30 15 2
234130 30 16 0
234335 30 16 2
234375 30 18 0
234494 30 18 2
234518 30 61 0
235087 30 61 2
235099 30 54 0
235544 30 54 2
235564 30 10 0
235861 30 10 2
235869 30 19 0
235988 30 19 2
235992 30 35 0
236078 30 28 2
236264 30 35 2
236280 30 53 0
236410 30 53 2
236450 30 33 0
236565 30 33 2
236577 30 36 0
236690 30 56 1
236740 30 36 2
236760 30 40 0
236786 30 29 2
236929 30 5 2
236986 30 56 2
237053 30 40 2
237077 30 37 0
237190 30 27 2
237229 30 37 2
237333 30 38 0
237495 30 38 2
237499 30 55 0
237750 30 55 2
237774 30 8 0
237879 30 8 2
237887 30 29 0
238198 30 29 2
238238 30 0 0
238343 30 0 2
238355 30 38 0
238520 30 38 2
238536 30 39 0
238767 30 39 2
238771 30 39 0
238992 30 39 2
239048 30 36 0
239202 30 36 2
239203 30 26 2
239234 30 38 0
239367 30 38 2
239383 30 51 0
239922 30 51 2
239978 30 29 0
240046 30 24 2
240209 30 29 2
240217 30 52 0
240963 30 31 2
241031 30 52 2
241067 30 37 0
241316 30 37 2
241336 30 53 0
241840 30 53 2
241864 30 54 0
242025 30 54 2
242041 30 11 0
242360 30 11 2
242372 30 56 0
242549 30 56 2
242553 30 12 0
242635 30 25 2
242809 30 12 2
242817 30 57 0
243341 30 57 2
243345 30 2 0
243662 30 2 2
243714 30 37 0
243839 30 37 2
243855 30 40 0
243984 30 40 2
244040 30 58 0
244479 30 58 2
244539 30 35 0
244653 30 35 2
244657 30 50 0
245617 30 50 2
245637 30 62 0
248865 30 62 2
248893 30 38 0
249176 30 38 2
249248 30 63 0
249936 30 63 2
249976 30 12 0
250237 30 12 2
250261 30 2 0
250367 30 2 2
250391 30 13 0
250619 30 13 2
250715 30 3 0
250820 30 3 2
250860 30 23 0
250984 30 23 2
251000 30 24 0
251108 30 24 2
251216 30 1 0
251519 30 1 2
251527 30 25 0
251625 30 56 1
251825 30 25 2
251853 30 26 0
251879 30 3 2
251952 30 56 2
252004 30 26 2
252084 30 0 0
252198 30 0 2
252206 30 3 0
252335 30 3 2
252379 30 4 0
252541 30 4 2
252637 30 5 0
252841 30 5 2
252881 30 15 0
253136 30 15 2
253144 30 14 0
253460 30 14 2
253472 30 50 0
253636 30 50 2
253664 30 6 0
254325 30 6 2
254345 30 4 0
254527 30 56 1
254620 30 4 2
254628 30 8 0
254770 30 59 2
254809 30 8 2
254813 30 47 0
254851 30 56 2
255112 30 47 2
255120 30 49 0
255268 30 49 2
255284 30 11 0
255465 30 11 2
255501 30 5 0
255644 30 5 2
255668 30 37 0
255949 30 37 2
256013 30 4 0
256144 30 4 2
256148 30 1 0
256390 30 1 2
256418 30 27 0
256574 30 27 2
256582 30 2 0
256698 30 2 2
256710 30 11 0
256964 30 11 2
256972 30 7 0
257127 30 7 2
257147 30 3 0
257253 30 3 2
257361 30 6 0
257604 30 6 2
257624 30 9 0
257833 30 9 2
258005 30 8 0
258115 30 8 2
258127 30 11 0
258469 30 11 2
258489 30 12 0
258604 30 12 2
258628 30 16 0
258886 30 16 2
258894 30 13 0
259121 30 13 2
259169 30 2 0
259221 30 56 1
259286 30 2 2
259322 30 14 0
259469 30 0 2
259577 30 56 2
259579 30 0 0
259711 30 0 0
259719 30 14 2
259723 30 17 0
259833 30 0 0
259955 30 0 0
260022 30 17 2
260030 30 15 0
260065 30 0 0
260173 30 0 0
260289 30 0 0
260411 30 0 0
260521 30 15 2
260539 30 0 0
260541 30 18 0
260665 30 0 0
260779 30 0 0
260824 30 18 2
260848 30 4 0
260956 30 4 2
260996 30 40 0
261027 30 0 0
261119 30 40 2
261123 30 38 0
261123 30 38 0
261149 30 38 2
261434 30 38 2
261442 30 27 0
261455 30 0 0
261548 30 27 2
261568 30 35 0
261573 30 0 0
261695 30 0 0
261857 30 0 0
261942 30 35 2
261998 30 28 0
262049 30 0 0
262208 30 28 2
262219 30 0 0
262276 30 3 0
262351 30 0 0
262405 30 3 2
262409 30 46 0
262495 30 0 0
262621 30 0 0
262677 30 46 2
262697 30 4 0
262759 30 0 0
262845 30 4 2
262875 30 0 0
262877 30 0 0
263067 30 0 0
263173 30 0 2
263177 30 29 0
263237 30 0 0
263362 30 29 2
263377 30 0 0
263506 30 47 0
263529 30 0 0
263678 30 0 0
263750 30 47 2
263817 30 0 0
263822 30 30 0
263941 30 0 0
264038 30 30 2
264055 30 0 0
264177 30 0 0
264287 30 0 0
264390 30 31 0
264399 30 0 0
264527 30 0 0
264650 30 0 0
264707 30 31 2
264711 30 44 0
264797 30 0 0
264885 30 44 2
264893 30 43 0
264919 30 0 0
265014 30 43 2
265033 30 0 0
265146 30 32 0
265154 30 0 0
265260 30 32 2
265279 30 0 0
265332 30 33 0
265395 30 0 0
265451 30 33 2
265499 30 33 0
265563 30 0 0
265655 30 33 2
265663 30 27 0
265737 30 0 0
265864 30 27 2
265939 30 0 0
265968 30 54 0
266050 30 0 0
266131 30 54 2
266143 30 28 0
266181 30 0 0
266262 30 28 2
266278 30 38 0
266311 30 0 0
266433 30 0 0
266565 30 38 2
266573 30 56 0
266577 30 0 0
266662 30 56 1
266693 30 0 0
266871 30 0 0
266899 30 54 2
266902 30 56 2
266918 30 39 0
266948 30 56 2
267015 30 0 0
267140 30 39 2
267161 30 0 0
267240 30 41 0
267307 30 0 0
267397 30 41 2
267441 30 0 0
267445 30 61 0
267549 30 0 0
267676 30 61 2
267680 30 39 0
267703 30 0 0
267812 30 39 2
267824 30 7 0
267835 30 0 0
267964 30 7 2
267986 30 0 0
268024 30 8 0
268121 30 0 0
268140 30 56 1
268241 30 0 0
268251 30 8 2
268283 30 63 0
268380 30 36 2
268429 30 56 2
268533 30 63 2
268641 30 0 0
268747 30 0 2
268775 30 57 0
269054 30 57 2
269122 30 58 0
269337 30 58 2
269421 30 46 0
269585 30 46 2
269597 30 59 0
269851 30 59 2
269883 30 32 0
270017 30 32 2
270025 30 50 0
270191 30 50 2
270267 30 60 0
270487 30 0 0
271204 30 60 2
271212 30 62 0
271327 30 56 1
271474 30 62 2
271478 30 3 0
271569 30 18 2
271634 30 3 2
271635 30 56 2
271646 30 5 0
271823 30 5 2
271851 30 17 0
272054 30 17 2
272074 30 6 0
272439 30 6 2
272531 30 11 0
272830 30 11 2
272838 30 10 0
272928 30 10 2
272948 30 11 0
273055 30 11 2
273063 30 6 0
273267 30 6 2
273303 30 36 0
273701 30 36 2
273761 30 12 0
273868 30 12 2
273876 30 0 0
273983 30 0 2
274107 30 15 0
274107 30 15 0
274149 30 15 2
274442 30 15 2
274562 30 7 0
274896 30 7 2
274912 30 0 0
275174 30 0 2
275322 30 9 0
275429 30 9 2
275461 30 8 0
275567 30 8 2
275595 30 41 0
275937 30 41 2
276045 30 14 0
276372 30 14 2
276644 30 61 0
276866 30 61 2
276938 30 54 0
277099 30 54 2
277131 30 55 0
277363 30 55 2
277591 30 40 0
277722 30 40 2
277750 30 49 0
277906 30 49 2
277918 30 51 0
278082 30 51 2
278102 30 37 0
278177 30 37 2
278181 30 20 0
278247 30 20 2
278263 30 3 0
278580 30 3 2
278672 30 21 0
278738 30 21 2
278746 30 56 0
278904 30 56 2
278924 30 57 0
279083 30 57 2
279171 30 58 0
279397 30 58 2
279477 30 59 0
279618 30 59 2
279642 30 63 0
279789 30 63 2
279873 30 33 0
279987 30 33 2
281539 30 56 1
281799 30 0 2
281897 30 56 2
281992 30 0 2
285801 30 0 0
285802 30 56 1
286039 30 0 2
286136 30 56 2
338224 30 56 1
338460 30 2 2
338542 30 56 2
395664 30 2 0
395665 30 56 1
395900 30 2 2
395981 30 56 2
414009 30 56 1
414250 30 2 2
414331 30 56 2
448777 30 56 1
449030 30 2 2
449111 30 56 2
466018 30 2 0
466019 30 56 1
466260 30 2 2
466341 30 56 2
485622 30 56 1
485860 30 2 2
485941 30 56 2
496941 30 2 0
496942 30 56 1
497180 30 2 2
497261 30 56 2
566709 30 2 0
566710 30 56 1
566950 30 2 2
567031 30 56 2
640610 30 2 0
640611 30 56 1
640850 30 2 2
640932 30 56 2
663970 30 2 0
663971 30 56 1
664210 30 2 2
664292 30 56 2
706754 30 2 0
706755 30 56 1
706989 30 2 2
707070 30 56 2
752144 30 2 0
752145 30 56 1
752379 30 2 2
752460 30 56 2
815836 30 2 0
815837 30 56 1
816072 30 2 2
816153 30 56 2
817956 30 2 0
817957 30 56 1
818193 30 2 2
818275 30 56 2
835500 30 2 0
835501 30 56 1
835743 30 2 2
835825 30 56 2
870205 30 2 0
870206 30 2 2
905532 30 2 0
905533 30 56 1
905768 30 2 2
905849 30 56 2
915795 30 2 0
915796 30 56 1
916038 30 2 2
916119 30 56 2
916935 30 2 0
916936 30 56 1
917178 30 2 2
917259 30 56 2
932855 30 2 0
932856 30 56 1
933098 30 2 2
933179 30 56 2
949662 30 0 0
965867 30 2 0
965868 30 56 1
966108 30 2 2
966189 30 56 2
969096 30 2 0
969097 30 2 2
994093 30 2 0
994094 30 56 1
994328 30 2 2
994409 30 56 2
1007388 30 2 0
1007389 30 56 1
1007638 30 2 2
1007719 30 56 2
1021686 30 2 2
1021687 30 2 0
1080998 30 2 2
1091070 30 2 2
1091217 30 2 2
1091452 30 2 2
1203936 30 15 0
1203936 30 15 0
1204988 30 15 2
1205657 30 15 2
1206217 30 38 0
1206217 30 38 0
1206243 30 38 2
1206412 30 38 2
1206604 30 12 0
1206661 30 12 2
1207921 30 7 0
1208049 30 7 2
1208529 30 15 0
1208529 30 15 0
1208571 30 15 2
1208759 30 15 2
1208847 30 38 0
1208847 30 38 0
1209502 30 38 2
1209658 30 46 0
1209700 30 46 2
1209900 30 47 0
1209948 30 47 2
1210063 30 38 2
1212152 30 15 0
1212152 30 15 0
1212194 30 15 2
1212272 30 15 2
1212628 30 42 0
1212940 30 42 2
1213516 30 43 0
1213794 30 43 2
1214370 30 44 0
1214656 30 44 2
1215232 30 45 0
1215492 30 45 2
1216068 30 46 0
1216330 30 46 2
1216906 30 47 0
1217162 30 2 0
1217163 30 56 1
1217170 30 47 2
1217405 30 2 2
1217487 30 56 2
1217746 30 48 0
1218064 30 48 2
1218640 30 49 0
1219013 30 49 2
1219589 30 50 0
1219951 30 50 2
1220527 30 51 0
1220814 30 51 2
1221390 30 52 0
1221695 30 52 2
1222271 30 53 0
1222562 30 53 2
1222696 30 56 1
1222933 30 0 2
1223031 30 56 2
1223138 30 54 0
1223461 30 54 2
1224037 30 55 0
1224290 30 55 2
1224866 30 56 0
1225372 30 56 2
1225948 30 57 0
1226311 30 57 2
1226887 30 58 0
1227149 30 58 2
1227725 30 59 0
1228054 30 59 2
1228630 30 60 0
1228952 30 60 2
1229528 30 61 0
1229839 30 61 2
1230415 30 62 0
1230700 30 62 2
1231276 30 63 0
1231549 30 63 2
1232125 30 0 0
1232125 30 0 0
1232215 30 0 2
1232438 30 0 2
1232706 30 2 0
1232822 30 2 2
1232878 30 3 0
1232976 30 3 2
1232980 30 7 0
1233302 30 7 2
1233390 30 4 0
1233523 30 4 2
1233911 30 1 0
1234219 30 1 2
1234795 30 2 0
1235115 30 2 2
1235691 30 3 0
1236068 30 3 2
1236644 30 4 0
1236900 30 4 2
1237476 30 5 0
1237706 30 5 2
1238282 30 6 0
1238634 30 6 2
1239210 30 7 0
1239546 30 7 2
1240122 30 8 0
1240400 30 8 2
1240976 30 9 0
1241289 30 9 2
1241865 30 10 0
1242166 30 10 2
1242742 30 11 0
1242742 30 11 0
1242800 30 11 2
1243050 30 11 2
1243626 30 12 0
1243890 30 12 2
1244466 30 13 0
1244737 30 13 2
1245313 30 14 0
1245655 30 14 2
1246231 30 15 0
1246676 30 15 2
1247252 30 16 0
1247520 30 16 2
1248096 30 17 0
1248409 30 17 2
1248985 30 18 0
1249268 30 18 2
1249844 30 19 0
1250007 30 2 0
1250008 30 56 1
1250132 30 19 2
1250272 30 2 2
1250353 30 56 2
1250708 30 20 0
1250990 30 20 2
1251566 30 21 0
1251796 30 21 2
1252372 30 22 0
1252658 30 22 2
1253234 30 23 0
1253538 30 23 2
1254114 30 24 0
1254400 30 24 2
1254976 30 25 0
1255270 30 25 2
1255846 30 26 0
1255948 30 56 1
1256110 30 26 2
1256183 30 46 2
1256225 30 56 2
1256532 30 56 1
1256686 30 27 0
1256783 30 17 2
1256857 30 56 2
1256964 30 27 2
1257424 30 56 1
1257540 30 28 0
1257673 30 55 2
1257731 30 56 2
1257810 30 28 2
1257921 30 56 1
1258008 30 56 1
1258117 30 56 1
1258163 30 63 2
1258229 30 56 2
1258273 30 14 2
1258315 30 56 2
1258346 30 56 1
1258383 30 13 2
1258386 30 29 0
1258433 30 56 2
1258583 30 15 2
1258633 30 56 2
1258637 30 29 2
1259049 30 56 1
1259120 30 56 1
1259213 30 30 0
1259222 30 56 1
1259293 30 50 2
1259375 30 56 2
1259403 30 28 2
1259445 30 56 2
1259513 30 30 2
1259529 30 30 2
1259538 30 56 2
1260105 30 31 0
1260114 30 56 1
1260192 30 56 1
1260278 30 56 1
1260353 30 56 2
1260390 30 31 2
1260405 30 56 1
1260459 30 56 2
1260463 30 51 2
1260506 30 56 1
1260536 30 56 2
1260573 30 23 2
1260615 30 56 2
1260632 30 56 1
1260703 30 62 2
1260711 30 56 1
1260761 30 56 2
1260813 30 54 2
1260844 30 56 1
1260863 30 56 2
1260923 30 42 2
1260954 30 56 1
1260966 30 32 0
1260997 30 56 2
1261033 30 38 2
1261066 30 56 1
1261067 30 56 2
1261143 30 18 2
1261209 30 56 2
1261253 30 25 2
1261268 30 32 2
1261326 30 56 2
1261363 30 6 2
1261398 30 56 1
1261413 30 56 2
1261476 30 56 1
1261610 30 56 1
1261643 30 40 2
1261696 30 56 1
1261733 30 56 2
1261753 30 12 2
1261811 30 56 2
1261844 30 33 0
1261863 30 16 2
1261935 30 56 1
1261945 30 56 2
1261973 30 44 2
1262031 30 56 2
1262085 30 56 1
1262156 30 33 2
1262173 30 47 2
1262223 30 56 2
1262228 30 56 1
1262323 30 7 2
1262381 30 56 2
1262463 30 8 2
1262553 30 56 2
1262578 30 56 1
1262732 30 34 0
1262813 30 49 2
1262903 30 56 2
1263000 30 34 2
1263016 30 56 1
1263070 30 56 1
1263196 30 56 1
1263253 30 48 2
1263314 30 56 1
1263351 30 56 2
1263363 30 21 2
1263405 30 56 2
1263474 30 26 2
1263508 30 56 1
1263532 30 56 2
1263576 30 35 0
1263583 30 34 2
1263602 30 56 1
1263649 30 56 2
1263688 30 56 1
1263753 30 1 2
1263843 30 56 2
1263864 30 35 2
1263865 30 24 2
1263876 30 56 1
1263939 30 56 2
1263973 30 27 2
1264023 30 56 2
1264048 30 56 1
1264123 30 5 2
1264134 30 56 1
1264182 30 56 2
1264253 30 56 1
1264283 30 58 2
1264373 30 56 2
1264374 30 56 1
1264393 30 43 2
1264440 30 36 0
1264459 30 56 2
1264492 30 56 1
1264503 30 10 2
1264570 30 56 1
1264577 30 56 2
1264613 30 61 2
1264679 30 56 2
1264703 30 56 1
1264718 30 36 2
1264733 30 33 2
1264807 30 56 2
1264822 30 56 1
1264843 30 37 2
1264885 30 56 2
1264919 30 56 1
1264953 30 11 2
1265010 30 56 1
1265019 30 56 2
1265063 30 3 2
1265137 30 56 2
1265164 30 56 1
1265173 30 19 2
1265231 30 56 2
1265293 30 22 2
1265294 30 37 0
1265320 30 56 1
1265327 30 56 2
1265399 30 56 1
1265403 30 4 2
1265468 30 56 2
1265516 30 56 1
1265545 30 37 2
1265563 30 9 2
1265645 30 56 2
1265673 30 20 2
1265690 30 56 1
1265723 30 56 2
1265783 30 53 2
1265791 30 56 1
1265841 30 56 2
1265933 30 31 2
1265967 30 56 2
1265972 30 56 1
1266043 30 29 2
1266074 30 56 1
1266077 30 56 2
1266121 30 38 0
1266198 30 56 1
1266215 30 60 2
1266289 30 56 2
1266316 30 56 1
1266323 30 52 2
1266389 30 56 2
1266391 30 38 2
1266433 30 39 2
1266460 30 56 1
1266475 30 56 2
1266553 30 35 2
1266580 30 56 1
1266611 30 56 2
1266703 30 32 2
1266785 30 56 2
1266823 30 59 2
1266897 30 56 1
1266905 30 56 2
1266958 30 56 1
1266967 30 39 0
1267068 30 56 1
1267133 30 57 2
1267212 30 56 1
1267231 30 56 2
1267260 30 39 2
1267353 30 45 2
1267403 30 56 2
1267463 30 36 2
1267513 30 56 2
1267573 30 41 2
1267655 30 56 2
1267836 30 40 0
1268125 30 40 2
1282216 30 2 0
1282217 30 56 1
1282285 30 8 0
1282452 30 2 2
1282533 30 56 2
1282540 30 8 2
1316232 30 31 0
1316290 30 31 2
1316334 30 35 0
1316624 30 35 2
1316684 30 32 0
1316782 30 32 2
1316882 30 33 0
1316972 30 33 2
1317064 30 34 0
1317146 30 34 2
1317178 30 1 0
1317178 30 1 0
1317187 30 56 1
1317260 30 1 2
1317268 30 1 2
1317305 30 56 1
1317312 30 32 0
1317423 30 46 2
1317426 30 32 2
1317434 30 35 0
1317459 30 56 1
1317465 30 56 2
1317508 30 35 2
1317512 30 60 0
1317563 30 55 2
1317621 30 56 2
1317638 30 60 2
1317654 30 61 0
1317703 30 17 2
1317776 30 61 2
1317777 30 56 2
1317836 30 48 0
1317873 30 56 1
1317942 30 48 2
1317982 30 49 0
1318027 30 56 1
1318082 30 49 2
1318113 30 63 2
1318118 30 36 0
1318118 30 36 0
1318160 30 36 2
1318165 30 56 1
1318178 30 56 2
1318185 30 36 2
1318249 30 37 0
1318249 30 37 0
1318263 30 14 2
1318283 30 37 2
1318305 30 56 2
1318307 30 37 2
1318329 30 56 1
1318355 30 58 0
1318355 30 58 0
1318403 30 13 2
1318437 30 58 2
1318453 30 56 2
1318454 30 58 2
1318466 30 31 0
1318526 30 56 1
1318583 30 15 2
1318597 30 56 1
1318633 30 56 2
1318700 30 31 2
1318712 30 30 0
1318721 30 56 1
1318763 30 50 2
1318845 30 56 2
1318883 30 28 2
1318925 30 56 2
1319003 30 30 2
1319019 30 30 2
1319027 30 59 0
1319027 30 59 0
1319028 30 56 2
1319101 30 59 2
1319123 30 59 2
1319175 30 34 0
1319440 30 34 2
1319480 30 0 0
1319737 30 0 2
1319745 30 33 0
1320059 30 33 2
1320075 30 60 0
1320158 30 60 2
1320178 30 32 0
1320280 30 56 1
1320360 30 56 1
1320482 30 32 2
1320523 30 56 2
1320558 30 61 0
1320610 30 56 1
1320630 30 56 2
1320633 30 51 2
1320662 30 61 2
1320707 30 56 2
1320773 30 56 1
1320786 30 62 0
1320853 30 23 2
1320877 30 56 1
1320895 30 56 2
1320978 30 62 2
1321009 30 56 1
1321066 30 12 0
1321073 30 62 2
1321131 30 56 2
1321149 30 12 2
1321161 30 39 0
1321171 30 56 1
1321183 30 54 2
1321233 30 56 2
1321281 30 56 1
1321289 30 39 2
1321293 30 42 2
1321301 30 13 0
1321359 30 56 1
1321367 30 56 2
1321375 30 13 2
1321379 30 48 0
1321413 30 18 2
1321479 30 56 2
1321518 30 48 2
1321523 30 25 2
1321530 30 59 0
1321564 30 56 1
1321589 30 56 2
1321633 30 38 2
1321655 30 59 2
1321666 30 56 2
1321683 30 54 0
1321683 30 54 0
1321726 30 54 2
1321775 30 56 1
1321803 30 6 2
1321812 30 54 2
1321852 30 55 0
1321853 30 56 1
1321854 30 56 2
1321983 30 55 2
1322007 30 56 0
1322023 30 40 2
1322027 30 56 1
1322113 30 56 1
1322114 30 56 2
1322133 30 12 2
1322146 30 56 2
1322174 30 57 0
1322191 30 56 2
1322207 30 56 1
1322263 30 16 2
1322306 30 57 2
1322345 30 56 2
1322370 30 58 0
1322373 30 44 2
1322415 30 56 1
1322431 30 56 2
1322468 30 58 2
1322503 30 47 2
1322504 30 49 0
1322553 30 56 2
1322627 30 49 2
1322653 30 7 2
1322655 30 56 1
1322667 30 63 0
1322711 30 56 2
1322796 30 56 1
1322857 30 63 2
1322893 30 8 2
1322905 30 15 0
1322918 30 56 1
1322969 30 56 1
1322983 30 56 2
1323003 30 15 2
1323019 30 44 0
1323033 30 49 2
1323093 30 56 1
1323123 30 56 2
1323125 30 44 2
1323145 30 45 0
1323163 30 48 2
1323211 30 56 1
1323251 30 45 2
1323261 30 56 2
1323273 30 21 2
1323315 30 56 2
1323383 30 26 2
1323441 30 56 2
1323480 30 56 1
1323495 30 34 2
1323499 30 0 0
1323561 30 56 2
1323589 30 56 1
1323675 30 56 1
1323695 30 0 2
1323723 30 1 2
1323787 30 1 0
1323813 30 56 2
1323833 30 24 2
1323834 30 56 1
1323885 30 1 2
1323906 30 56 2
1323943 30 27 2
1323985 30 2 0
1323993 30 56 2
1324005 30 56 1
1324073 30 5 2
1324093 30 56 1
1324115 30 2 2
1324130 30 56 2
1324135 30 41 0
1324212 30 56 1
1324250 30 41 2
1324253 30 58 2
1324322 30 3 0
1324322 30 56 1
1324343 30 56 2
1324363 30 43 2
1324399 30 2 0
1324400 30 0 0
1324422 30 3 2
1324429 30 56 2
1324442 30 56 1
1324473 30 10 2
1324516 30 56 1
1324548 30 56 2
1324583 30 61 2
1324649 30 56 2
1324682 30 5 0
1324693 30 33 2
1324741 30 56 1
1324764 30 5 2
1324767 30 56 2
1324803 30 37 2
1324812 30 6 0
1324845 30 56 2
1324918 30 56 1
1324938 30 6 2
1324983 30 11 2
1325012 30 56 1
1325026 30 7 0
1325051 30 56 2
1325099 30 56 1
1325153 30 3 2
1325176 30 7 2
1325227 30 56 2
1325251 30 56 1
1325264 30 19 2
1325284 30 8 0
1325322 30 56 2
1325373 30 22 2
1325396 30 8 2
1325407 30 56 2
1325452 30 1 0
1325460 30 56 1
1325494 30 4 2
1325536 30 56 1
1325558 30 1 2
1325560 30 56 2
1325653 30 56 1
1325723 30 9 2
1325730 30 56 1
1325806 30 56 2
1325833 30 20 2
1325848 30 56 1
1325883 30 56 2
1325943 30 53 2
1325999 30 56 1
1326001 30 56 2
1326006 30 46 0
1326053 30 31 2
1326063 30 46 2
1326069 30 56 1
1326071 30 4 0
1326087 30 56 2
1326163 30 29 2
1326166 30 4 2
1326190 30 47 0
1326197 30 56 2
1326203 30 56 1
1326248 30 47 2
1326275 30 60 2
1326349 30 56 2
1326384 30 39 2
1326390 30 56 1
1326392 30 12 0
1326426 30 56 2
1326466 30 12 2
1326491 30 56 1
1326495 30 35 2
1326553 30 56 2
1326619 30 56 1
1326633 30 32 2
1326715 30 56 2
1326743 30 52 2
1326803 30 56 1
1326809 30 56 2
1326830 30 10 0
1326863 30 59 2
1326865 30 56 1
1326946 30 56 2
1326977 30 56 1
1326992 30 10 2
1327014 30 28 2
1327043 30 57 2
1327112 30 1 0
1327112 30 1 0
1327117 30 56 1
1327141 30 56 2
1327164 30 36 2
1327195 30 1 2
1327214 30 56 2
1327227 30 1 2
1327274 30 45 2
1327324 30 56 2
1327383 30 41 2
1327465 30 56 2
1327528 30 28 2
1327635 30 28 2
1327659 30 11 0
1327659 30 11 0
1327717 30 11 2
1327742 30 11 2
1327758 30 46 0
1327846 30 28 2
1327856 30 46 2
1327888 30 47 0
1327888 30 47 0
1327931 30 47 2
1327996 30 47 2
1328115 30 23 2
1328140 30 12 0
1328140 30 12 0
1328190 30 12 2
1328246 30 12 2
1328730 30 1 0
1328730 30 1 0
1328812 30 1 2
1328837 30 1 2
1328952 30 28 2
1329061 30 28 2
1329271 30 28 2
1329285 30 46 0
1329285 30 46 0
1329319 30 46 2
1329376 30 46 2
1329408 30 47 0
1329506 30 47 2
1329650 30 12 0
1329747 30 12 2
1329805 30 33 2
1330122 30 33 2
1330231 30 1 0
1330231 30 1 0
1330313 30 1 2
1330338 30 1 2
1330447 30 28 2
1330525 30 33 2
1330554 30 28 2
1330767 30 28 2
1330786 30 46 0
1330868 30 46 2
1330900 30 47 0
1330989 30 47 2
1331133 30 12 0
1331223 30 12 2
1331317 30 31 2
1331593 30 31 2
1331707 30 1 0
1331707 30 1 0
1331789 30 1 2
1331814 30 1 2
1331856 30 28 2
1331963 30 28 2
1332027 30 31 2
1332036 30 32 2
1332174 30 28 2
1332220 30 33 2
1332262 30 46 0
1332262 30 46 0
1332297 30 46 2
1332344 30 46 2
1332376 30 47 0
1332376 30 47 0
1332418 30 47 2
1332445 30 32 2
1332468 30 47 2
1332475 30 33 2
1332612 30 12 0
1332612 30 12 0
1332662 30 12 2
1332705 30 12 2
1332718 30 33 2
1332859 30 32 2
1333189 30 1 0
1333189 30 1 0
1333266 30 28 2
1333271 30 1 2
1333296 30 1 2
1333373 30 28 2
1333584 30 28 2
1333702 30 17 2
1333715 30 31 2
1333744 30 46 0
1333744 30 46 0
1333778 30 46 2
1333827 30 46 2
1333859 30 47 0
1333859 30 47 0
1333901 30 47 2
1333953 30 47 2
1334097 30 12 0
1334097 30 12 0
1334147 30 12 2
1334190 30 12 2
1334297 30 21 2
1334446 30 32 2
1334615 30 22 2
1334674 30 1 0
1334674 30 1 0
1334706 30 32 2
1334758 30 1 2
1334787 30 1 2
1334956 30 32 2
1335235 30 46 0
1335235 30 46 0
1335274 30 46 2
1335321 30 46 2
1335353 30 47 0
1335353 30 47 0
1335395 30 47 2
1335444 30 47 2
1335588 30 12 0
1335588 30 12 0
1335638 30 12 2
1335679 30 12 2
1336133 30 32 2
1336163 30 1 0
1336163 30 1 0
1336245 30 1 2
1336261 30 1 2
1336272 30 32 2
1336391 30 18 2
1336523 30 32 2
1336709 30 46 0
1336709 30 46 0
1336752 30 46 2
1336781 30 46 2
1336813 30 47 0
1336813 30 47 0
1336855 30 47 2
1336881 30 47 2
1337025 30 12 0
1337025 30 12 0
1337075 30 12 2
1337116 30 12 2
1337600 30 1 0
1337600 30 1 0
1337682 30 1 2
1337715 30 1 2
1337862 30 20 2
1338163 30 46 0
1338163 30 46 0
1338170 30 2 0
1338171 30 2 2
1338198 30 46 2
1338210 30 46 2
1338236 30 15 2
1338242 30 47 0
1338242 30 47 0
1338284 30 47 2
1338307 30 47 2
1338451 30 12 0
1338451 30 12 0
1338502 30 12 2
1338512 30 12 2
1338780 30 14 2
1338959 30 19 2
1338996 30 1 0
1338996 30 1 0
1339078 30 1 2
1339085 30 1 2
1339517 30 12 0
1339517 30 12 0
1339567 30 12 2
1339608 30 12 2
1339611 30 13 2
1339624 30 46 0
1339624 30 46 0
1339670 30 46 2
1339702 30 47 0
1339702 30 47 0
1339710 30 46 2
1339753 30 47 2
1339794 30 47 2
1339897 30 12 0
1339897 30 12 0
1339947 30 12 2
1339988 30 12 2
1340181 30 16 2
1340472 30 1 0
1340472 30 1 0
1340561 30 1 2
1340635 30 1 2
1341009 30 46 0
1341009 30 46 0
1341051 30 46 2
1341083 30 47 0
1341083 30 47 0
1341084 30 46 2
1341135 30 47 2
1341155 30 47 2
1341279 30 12 0
1341279 30 12 0
1341336 30 12 2
1341389 30 12 2
1341820 30 1 0
1341820 30 1 0
1341916 30 1 2
1342004 30 1 2
1342364 30 46 0
1342364 30 46 0
1342405 30 46 2
1342437 30 47 0
1342437 30 47 0
1342448 30 46 2
1342487 30 47 2
1342519 30 47 2
1342631 30 12 0
1342631 30 12 0
1342681 30 12 2
1342722 30 12 2
1343206 30 1 0
1343206 30 1 0
1343289 30 1 2
1343294 30 1 2
1343742 30 46 0
1343742 30 46 0
1343776 30 46 2
1343784 30 46 2
1343816 30 47 0
1343816 30 47 0
1343858 30 47 2
1343865 30 47 2
1344009 30 12 0
1344009 30 12 0
1344059 30 12 2
1344066 30 12 2
1344550 30 1 0
1344550 30 1 0
1344588 30 12 2
1344632 30 1 2
1344640 30 1 2
1345088 30 46 0
1345088 30 46 0
1345122 30 46 2
1345130 30 46 2
1345162 30 47 0
1345162 30 47 0
1345204 30 47 2
1345212 30 47 2
1345356 30 12 0
1345356 30 12 0
1345406 30 12 2
1345449 30 12 2
1345933 30 1 0
1345933 30 1 0
1346016 30 1 2
1346022 30 1 2
1346470 30 46 0
1346470 30 46 0
1346504 30 46 2
1346512 30 46 2
1346544 30 47 0
1346544 30 47 0
1346593 30 47 2
1346606 30 47 2
1346737 30 12 0
1346737 30 12 0
1346795 30 12 2
1346839 30 12 2
1347279 30 1 0
1347279 30 1 0
1347369 30 1 2
1347391 30 1 2
1347817 30 46 0
1347817 30 46 0
1347858 30 46 2
1347890 30 47 0
1347890 30 47 0
1347911 30 46 2
1347932 30 47 2
1347940 30 47 2
1348084 30 12 0
1348084 30 12 0
1348135 30 12 2
1348175 30 12 2
1348659 30 1 0
1348659 30 1 0
1348743 30 1 2
1348748 30 1 2
1349196 30 46 0
1349196 30 46 0
1349230 30 46 2
1349238 30 46 2
1349270 30 47 0
1349270 30 47 0
1349278 30 11 2
1349313 30 47 2
1349322 30 47 2
1349466 30 12 0
1349466 30 12 0
1349516 30 12 2
1349526 30 12 2
1350010 30 1 0
1350010 30 1 0
1350092 30 1 2
1350103 30 1 2
1350535 30 13 0
1350641 30 13 2
1350657 30 46 0
1350657 30 46 0
1350691 30 46 2
1350699 30 46 2
1350731 30 47 0
1350731 30 47 0
1350773 30 47 2
1350784 30 47 2
1350866 30 2 0
1350867 30 2 2
1350928 30 12 0
1350928 30 12 0
1350936 30 10 2
1350978 30 12 2
1350986 30 12 2
1351470 30 1 0
1351470 30 1 0
1351552 30 1 2
1351570 30 1 2
1352018 30 46 0
1352018 30 46 0
1352052 30 8 2
1352066 30 46 2
1352089 30 46 2
1352098 30 47 0
1352098 30 47 0
1352140 30 47 2
1352159 30 47 2
1352303 30 12 0
1352303 30 12 0
1352353 30 12 2
1352361 30 12 2
1352845 30 1 0
1352845 30 1 0
1352927 30 1 2
1352936 30 1 2
1353384 30 46 0
1353384 30 46 0
1353418 30 46 2
1353433 30 46 2
1353440 30 9 2
1353465 30 47 0
1353465 30 47 0
1353507 30 47 2
1353517 30 47 2
1353598 30 7 2
1353661 30 12 0
1353661 30 12 0
1353698 30 6 2
1353721 30 12 2
1353722 30 12 2
1354206 30 1 0
1354206 30 1 0
1354288 30 1 2
1354296 30 1 2
1354744 30 46 0
1354744 30 46 0
1354778 30 46 2
1354787 30 46 2
1354819 30 47 0
1354819 30 47 0
1354861 30 47 2
1354870 30 47 2
1355014 30 12 0
1355014 30 12 0
1355064 30 12 2
1355078 30 12 2
1355562 30 1 0
1355562 30 1 0
1355647 30 1 2
1355659 30 1 2
1356107 30 46 0
1356107 30 46 0
1356141 30 46 2
1356159 30 46 2
1356191 30 47 0
1356191 30 47 0
1356233 30 47 2
1356244 30 47 2
1356388 30 12 0
1356388 30 12 0
1356443 30 12 2
1356447 30 12 2
1356830 30 5 2
1356931 30 1 0
1356931 30 1 0
1357013 30 1 2
1357023 30 1 2
1357471 30 46 0
1357471 30 46 0
1357505 30 46 2
1357513 30 46 2
1357545 30 47 0
1357545 30 47 0
1357587 30 47 2
1357596 30 47 2
1357740 30 12 0
1357740 30 12 0
1357790 30 12 2
1357808 30 12 2
1358292 30 1 0
1358292 30 1 0
1358377 30 1 2
1358381 30 1 2
1358403 30 2 0
1358404 30 2 2
1358829 30 46 0
1358829 30 46 0
1358863 30 46 2
1358871 30 46 2
1358903 30 47 0
1358903 30 47 0
1358955 30 47 2
1358956 30 47 2
1359099 30 12 0
1359099 30 12 0
1359149 30 12 2
1359163 30 12 2
1359436 30 4 2
1359647 30 1 0
1359647 30 1 0
1359729 30 1 2
1359737 30 1 2
1360185 30 46 0
1360185 30 46 0
1360219 30 46 2
1360227 30 46 2
1360259 30 47 0
1360259 30 47 0
1360301 30 47 2
1360310 30 47 2
1360454 30 12 0
1360454 30 12 0
1360504 30 12 2
1360518 30 12 2
1361002 30 1 0
1361002 30 1 0
1361090 30 1 2
1361094 30 1 2
1361526 30 14 0
1361616 30 14 2
1361632 30 46 0
1361632 30 46 0
1361666 30 46 2
1361673 30 46 2
1361705 30 47 0
1361705 30 47 0
1361747 30 47 2
1361755 30 47 2
1361781 30 0 2
1361894 30 3 2
1361899 30 12 0
1361899 30 12 0
1361950 30 12 2
1361955 30 12 2
1362439 30 1 0
1362439 30 1 0
1362521 30 1 2
1362528 30 1 2
1362976 30 46 0
1362976 30 46 0
1363014 30 46 2
1363019 30 46 2
1363051 30 47 0
1363051 30 47 0
1363093 30 47 2
1363102 30 47 2
1363246 30 12 0
1363246 30 12 0
1363296 30 12 2
1363304 30 12 2
1363788 30 1 0
1363788 30 1 0
1363843 30 63 2
1363870 30 1 2
1363878 30 1 2
1364326 30 46 0
1364326 30 46 0
1364360 30 46 2
1364372 30 46 2
1364404 30 47 0
1364404 30 47 0
1364446 30 47 2
1364454 30 47 2
1364598 30 12 0
1364598 30 12 0
1364652 30 12 2
1364654 30 12 2
1364867 30 1 2
1365138 30 1 0
1365138 30 1 0
1365222 30 1 2
1365230 30 1 2
1365678 30 46 0
1365678 30 46 0
1365712 30 46 2
1365720 30 46 2
1365752 30 47 0
1365752 30 47 0
1365794 30 47 2
1365802 30 47 2
1365946 30 12 0
1365946 30 12 0
1365996 30 12 2
1366004 30 12 2
1366488 30 1 0
1366488 30 1 0
1366579 30 1 2
1366583 30 1 2
1367031 30 46 0
1367031 30 46 0
1367051 30 62 2
1367065 30 46 2
1367073 30 46 2
1367105 30 47 0
1367105 30 47 0
1367148 30 47 2
1367156 30 47 2
1367300 30 12 0
1367300 30 12 0
1367351 30 12 2
1367356 30 12 2
1367840 30 1 0
1367840 30 1 0
1367922 30 1 2
1367931 30 1 2
1368379 30 46 0
1368379 30 46 0
1368413 30 46 2
1368421 30 46 2
1368453 30 47 0
1368453 30 47 0
1368495 30 47 2
1368503 30 47 2
1368647 30 12 0
1368647 30 12 0
1368697 30 12 2
1368705 30 12 2
1369189 30 1 0
1369189 30 1 0
1369271 30 1 2
1369283 30 1 2
1369731 30 46 0
1369731 30 46 0
1369767 30 46 2
1369779 30 46 2
1369811 30 47 0
1369811 30 47 0
1369853 30 47 2
1369862 30 47 2
1370006 30 12 0
1370006 30 12 0
1370057 30 12 2
1370068 30 12 2
1370552 30 1 0
1370552 30 1 0
1370634 30 1 2
1370641 30 1 2
1371089 30 46 0
1371089 30 46 0
1371123 30 46 2
1371131 30 46 2
1371142 30 2 0
1371143 30 56 1
1371163 30 47 0
1371163 30 47 0
1371205 30 47 2
1371213 30 47 2
1371349 30 61 2
1371357 30 12 0
1371357 30 12 0
1371383 30 2 2
1371407 30 12 2
1371415 30 12 2
1371464 30 56 2
1371803 30 1 0
1371803 30 1 0
1371885 30 1 2
1371893 30 1 2
1372325 30 7 0
1372444 30 7 2
1372460 30 46 0
1372460 30 46 0
1372494 30 46 2
1372511 30 46 2
1372543 30 47 0
1372543 30 47 0
1372585 30 47 2
1372594 30 47 2
1372738 30 12 0
1372738 30 12 0
1372788 30 12 2
1372796 30 12 2
1373036 30 55 2
1373280 30 1 0
1373280 30 1 0
1373362 30 1 2
1373375 30 1 2
1373823 30 46 0
1373823 30 46 0
1373857 30 46 2
1373879 30 46 2
1373911 30 47 0
1373911 30 47 0
1373957 30 47 2
1373972 30 47 2
1374116 30 12 0
1374116 30 12 0
1374171 30 12 2
1374175 30 12 2
1374659 30 1 0
1374659 30 1 0
1374741 30 1 2
1374748 30 1 2
1375058 30 60 2
1375196 30 46 0
1375196 30 46 0
1375230 30 46 2
1375238 30 46 2
1375270 30 47 0
1375270 30 47 0
1375336 30 47 2
1375348 30 47 2
1375492 30 5 0
1375582 30 5 2
1375590 30 61 0
1375590 30 61 0
1375648 30 61 2
1375729 30 61 2
1375737 30 29 0
1375967 30 29 2
1375983 30 62 0
1375983 30 62 0
1376035 30 62 2
1376123 30 62 2
1376399 30 63 0
1376399 30 63 0
1376457 30 63 2
1376547 30 63 2
1376971 30 12 0
1376971 30 12 0
1377022 30 12 2
1377048 30 12 2
1377488 30 11 0
1377598 30 11 2
1377711 30 56 2
1377810 30 1 0
1377810 30 1 0
1377850 30 58 2
1377904 30 1 2
1377932 30 1 2
1378036 30 35 2
1378089 30 59 2
1378213 30 54 2
1378352 30 46 0
1378352 30 46 0
1378395 30 46 2
1378427 30 47 0
1378427 30 47 0
1378446 30 46 2
1378470 30 47 2
1378481 30 47 2
1378625 30 12 0
1378625 30 12 0
1378675 30 12 2
1378683 30 12 2
1379167 30 1 0
1379167 30 1 0
1379257 30 1 2
1379309 30 1 2
1379705 30 46 0
1379705 30 46 0
1379739 30 46 2
1379746 30 46 2
1379778 30 47 0
1379778 30 47 0
1379827 30 47 2
1379830 30 47 2
1379974 30 12 0
1379974 30 12 0
1380024 30 12 2
1380032 30 12 2
1380516 30 1 0
1380516 30 1 0
1380598 30 1 2
1380606 30 1 2
1381054 30 46 0
1381054 30 46 0
1381088 30 46 2
1381105 30 46 2
1381137 30 47 0
1381137 30 47 0
1381180 30 47 2
1381186 30 47 2
1381330 30 12 0
1381330 30 12 0
1381380 30 12 2
1381388 30 12 2
1381718 30 57 2
1381848 30 50 2
1381872 30 1 0
1381872 30 1 0
1381959 30 51 2
1381964 30 1 2
1381985 30 1 2
1382433 30 46 0
1382433 30 46 0
1382467 30 46 2
1382475 30 46 2
1382507 30 47 0
1382507 30 47 0
1382549 30 47 2
1382577 30 47 2
1382721 30 12 0
1382782 30 12 2
1383266 30 1 0
1383266 30 1 0
1383358 30 1 2
1383376 30 1 2
1383824 30 46 0
1383824 30 46 0
1383859 30 46 2
1383867 30 46 2
1383899 30 47 0
1383899 30 47 0
1383941 30 47 2
1383949 30 47 2
1384093 30 12 0
1384093 30 12 0
1384143 30 12 2
1384145 30 46 2
1384172 30 12 2
1384363 30 53 2
1384656 30 1 0
1384656 30 1 0
1384758 30 1 2
1384767 30 1 2
1385199 30 8 0
1385199 30 8 0
1385281 30 8 2
1385308 30 8 2
1385324 30 46 0
1385324 30 46 0
1385358 30 46 2
1385365 30 46 2
1385397 30 47 0
1385397 30 47 0
1385439 30 47 2
1385448 30 47 2
1385592 30 12 0
1385592 30 12 0
1385642 30 12 2
1385660 30 12 2
1385717 30 52 2
1386144 30 1 0
1386144 30 1 0
1386246 30 1 2
1386307 30 1 2
1386755 30 46 0
1386755 30 46 0
1386789 30 46 2
1386827 30 46 2
1386859 30 47 0
1386859 30 47 0
1386921 30 47 2
1386949 30 47 2
1387093 30 12 0
1387093 30 12 0
1387143 30 12 2
1387181 30 12 2
1387665 30 1 0
1387665 30 1 0
1387767 30 1 2
1387778 30 1 2
1388189 30 49 2
1388226 30 46 0
1388226 30 46 0
1388260 30 46 2
1388268 30 46 2
1388300 30 47 0
1388300 30 47 0
1388342 30 47 2
1388350 30 47 2
1388494 30 12 0
1388494 30 12 0
1388544 30 12 2
1388572 30 12 2
1389056 30 1 0
1389056 30 1 0
1389148 30 1 2
1389176 30 1 2
1389624 30 46 0
1389624 30 46 0
1389658 30 46 2
1389696 30 46 2
1389728 30 47 0
1389728 30 47 0
1389780 30 47 2
1389848 30 47 2
1389992 30 12 0
1389992 30 12 0
1390042 30 12 2
1390052 30 12 2
1390536 30 1 0
1390536 30 1 0
1390623 30 48 2
1390628 30 1 2
1390646 30 1 2
1390765 30 47 2
1390882 30 44 2
1391094 30 46 0
1391094 30 46 0
1391128 30 46 2
1391166 30 46 2
1391198 30 47 0
1391198 30 47 0
1391240 30 47 2
1391278 30 47 2
1391422 30 12 0
1391422 30 12 0
1391472 30 12 2
1391499 30 12 2
1391983 30 1 0
1391983 30 1 0
1392065 30 1 2
1392077 30 1 2
1392525 30 46 0
1392525 30 46 0
1392559 30 46 2
1392568 30 46 2
1392600 30 47 0
1392600 30 47 0
1392642 30 47 2
1392651 30 47 2
1392795 30 12 0
1392795 30 12 0
1392845 30 12 2
1392853 30 12 2
1393337 30 1 0
1393337 30 1 0
1393419 30 1 2
1393427 30 1 2
1393875 30 46 0
1393875 30 46 0
1393909 30 46 2
1393917 30 46 2
1393949 30 47 0
1393949 30 47 0
1393991 30 47 2
1394000 30 47 2
1394144 30 12 0
1394144 30 12 0
1394194 30 12 2
1394202 30 12 2
1394686 30 1 0
1394686 30 1 0
1394737 30 42 2
1394768 30 1 2
1394779 30 1 2
1395227 30 46 0
1395227 30 46 0
1395261 30 46 2
1395268 30 46 2
1395300 30 47 0
1395300 30 47 0
1395342 30 47 2
1395350 30 47 2
1395494 30 12 0
1395494 30 12 0
1395544 30 12 2
1395552 30 12 2
1396036 30 1 0
1396036 30 1 0
1396128 30 1 2
1396129 30 1 2
1396561 30 9 0
1396651 30 9 2
1396667 30 46 0
1396667 30 46 0
1396701 30 46 2
1396709 30 46 2
1396741 30 47 0
1396741 30 47 0
1396783 30 47 2
1396792 30 47 2
1396831 30 45 2
1396936 30 12 0
1396936 30 12 0
1396986 30 12 2
1396997 30 12 2
1397009 30 43 2
1397481 30 1 0
1397481 30 1 0
1397570 30 1 2
1397572 30 1 2
1398020 30 46 0
1398020 30 46 0
1398054 30 46 2
1398062 30 46 2
1398094 30 47 0
1398094 30 47 0
1398136 30 47 2
1398154 30 47 2
1398298 30 12 0
1398298 30 12 0
1398348 30 12 2
1398356 30 12 2
1398840 30 1 0
1398840 30 1 0
1398933 30 1 2
1398950 30 1 2
1399398 30 46 0
1399398 30 46 0
1399433 30 46 2
1399441 30 46 2
1399467 30 40 2
1399473 30 47 0
1399473 30 47 0
1399515 30 47 2
1399534 30 47 2
1399584 30 38 2
1399678 30 12 0
1399678 30 12 0
1399728 30 12 2
1399748 30 12 2
1400232 30 1 0
1400232 30 1 0
1400324 30 1 2
1400342 30 1 2
1400790 30 46 0
1400790 30 46 0
1400828 30 46 2
1400830 30 46 2
1400862 30 47 0
1400862 30 47 0
1400904 30 47 2
1400921 30 47 2
1401065 30 12 0
1401065 30 12 0
1401115 30 12 2
1401123 30 12 2
1401607 30 1 0
1401607 30 1 0
1401709 30 1 2
1401716 30 1 2
1402164 30 46 0
1402164 30 46 0
1402198 30 46 2
1402206 30 46 2
1402238 30 47 0
1402238 30 47 0
1402281 30 47 2
1402308 30 47 2
1402452 30 12 0
1402452 30 12 0
1402502 30 12 2
1402510 30 12 2
1402866 30 41 2
1402974 30 39 2
1402994 30 1 0
1402994 30 1 0
1403096 30 1 2
1403114 30 1 2
1403165 30 37 2
1403562 30 46 0
1403562 30 46 0
1403597 30 46 2
1403607 30 46 2
1403639 30 47 0
1403639 30 47 0
1403681 30 47 2
1403689 30 47 2
1403833 30 12 0
1403833 30 12 0
1403883 30 12 2
1403891 30 12 2
1404375 30 1 0
1404375 30 1 0
1404477 30 1 2
1404485 30 1 2
1404933 30 46 0
1404933 30 46 0
1404967 30 46 2
1404975 30 46 2
1405007 30 47 0
1405007 30 47 0
1405049 30 47 2
1405077 30 47 2
1405221 30 12 0
1405221 30 12 0
1405271 30 12 2
1405278 30 12 2
1405762 30 1 0
1405762 30 1 0
1405864 30 1 2
1405893 30 1 2
1406341 30 46 0
1406341 30 46 0
1406376 30 46 2
1406381 30 46 2
1406413 30 47 0
1406413 30 47 0
1406455 30 47 2
1406463 30 47 2
1406607 30 12 0
1406607 30 12 0
1406659 30 12 2
1406666 30 12 2
1407150 30 1 0
1407150 30 1 0
1407252 30 1 2
1407270 30 1 2
1407583 30 34 2
1407679 30 36 2
1407718 30 46 0
1407718 30 46 0
1407752 30 46 2
1407762 30 46 2
1407794 30 47 0
1407794 30 47 0
1407866 30 47 2
1407874 30 47 2
1408018 30 12 0
1408018 30 12 0
1408068 30 12 2
1408086 30 12 2
1408570 30 1 0
1408570 30 1 0
1408652 30 1 2
1408660 30 1 2
1409092 30 35 2
1409108 30 46 0
1409108 30 46 0
1409143 30 46 2
1409153 30 46 2
1409185 30 47 0
1409185 30 47 0
1409237 30 47 2
1409256 30 47 2
1409400 30 12 0
1409400 30 12 0
1409450 30 12 2
1409470 30 12 2
1409954 30 1 0
1409954 30 1 0
1410036 30 1 2
1410047 30 1 2
1410495 30 46 0
1410495 30 46 0
1410529 30 46 2
1410536 30 46 2
1410568 30 47 0
1410568 30 47 0
1410630 30 47 2
1410651 30 47 2
1410765 30 33 2
1410795 30 12 0
1410795 30 12 0
1410845 30 12 2
1410854 30 12 2
1411338 30 1 0
1411338 30 1 0
1411421 30 1 2
1411428 30 1 2
1411876 30 46 0
1411876 30 46 0
1411923 30 46 2
1411926 30 46 2
1411958 30 47 0
1411958 30 47 0
1412011 30 47 2
1412028 30 47 2
1412172 30 12 0
1412172 30 12 0
1412222 30 12 2
1412240 30 12 2
1412724 30 1 0
1412724 30 1 0
1412806 30 1 2
1412815 30 1 2
1413263 30 46 0
1413263 30 46 0
1413297 30 46 2
1413309 30 46 2
1413341 30 47 0
1413341 30 47 0
1413395 30 47 2
1413417 30 47 2
1413561 30 12 0
1413561 30 12 0
1413611 30 12 2
1413619 30 12 2
1414103 30 1 0
1414103 30 1 0
1414185 30 1 2
1414193 30 1 2
1414641 30 46 0
1414641 30 46 0
1414679 30 46 2
1414681 30 46 2
1414713 30 47 0
1414713 30 47 0
1414775 30 47 2
1414802 30 47 2
1414946 30 12 0
1414946 30 12 0
1414996 30 12 2
1415011 30 12 2
1415487 30 9 0
1415585 30 9 2
1415709 30 55 0
1415799 30 55 2
1415803 30 1 0
1415803 30 1 0
1415885 30 1 2
1415916 30 1 2
1415940 30 56 0
1416070 30 56 2
1416090 30 45 0
1416164 30 45 2
1416220 30 46 0
1416231 30 28 2
1416373 30 32 2
1416384 30 46 2
1416460 30 63 0
1416524 30 34 2
1416745 30 63 2
1416753 30 47 0
1416837 30 47 2
1416941 30 62 0
1416941 30 62 0
1416991 30 62 2
1416999 30 62 2
1417115 30 1 0
1417115 30 1 0
1417199 30 1 2
1417217 30 1 2
1417225 30 61 0
1417225 30 61 0
1417283 30 61 2
1417292 30 61 2
1417828 30 1 0
1417926 30 1 2
1418010 30 58 0
1418010 30 58 0
1418092 30 58 2
1418125 30 58 2
1418205 30 59 0
1418205 30 59 0
1418280 30 59 2
1418312 30 59 2
1423658 30 0 2
1423983 30 29 2
1426392 30 2 2
1562635 30 2 0
1562636 30 2 2
1564474 30 2 2
1579035 30 2 0
1579036 30 2 2
1581127 30 2 0
1581128 30 56 1
1581371 30 2 2
1581452 30 56 2
1603364 30 2 0
1603365 30 56 1
1603603 30 2 2
1603685 30 56 2
1626674 30 2 0
1626675 30 56 1
1626913 30 2 2
1626995 30 56 2
1665128 30 2 0
1665129 30 56 1
1665372 30 2 2
1665453 30 56 2
1709858 30 2 0
1709859 30 56 1
1710102 30 2 2
1710183 30 56 2
1735745 30 2 0
1735746 30 2 2
1752924 30 2 0
1752925 30 56 1
1753163 30 2 2
1753245 30 56 2
1776224 30 2 0
1776225 30 56 1
1776463 30 2 2
1776545 30 56 2
1813568 30 2 0
1813569 30 56 1
1813812 30 2 2
1813893 30 56 2
1858368 30 2 0
1858369 30 56 1
1858612 30 2 2
1858693 30 56 2
1899254 30 2 0
1899255 30 56 1
1899493 30 2 2
1899575 30 56 2
1922604 30 2 0
1922605 30 56 1
1922853 30 2 2
1922935 30 56 2
1970998 30 2 0
1970999 30 56 1
1971242 30 2 2
1971323 30 56 2
2016898 30 2 0
2016899 30 56 1
2017142 30 2 2
2017223 30 56 2
2042266 30 2 0
2042267 30 2 2
2059624 30 2 0
2059625 30 56 1
2059863 30 2 2
2059945 30 56 2
2082954 30 2 0
2082955 30 56 1
2083193 30 2 2
2083275 30 56 2
2119698 30 56 1
2119699 30 2 0
2119932 30 2 2
2120013 30 56 2
2164478 30 2 0
2164479 30 56 1
2164722 30 2 2
2164803 30 56 2
2180499 30 15 0
2180499 30 15 0
2181200 30 15 2
2181416 30 36 0
2181416 30 36 0
2181458 30 36 2
2181508 30 36 2
2181552 30 37 0
2181552 30 37 0
2181586 30 37 2
2181645 30 37 2
2181777 30 8 0
2181777 30 8 0
2181860 30 8 2
2181904 30 8 2
2181952 30 0 0
2181952 30 0 0
2182042 30 0 2
2182081 30 15 2
2182089 30 0 2
2182177 30 36 0
2182177 30 36 0
2182219 30 36 2
2185583 30 36 2
2185615 30 38 0
2185615 30 38 0
2185641 30 38 2
2185802 30 38 2
2185962 30 54 0
2185962 30 54 0
2186044 30 54 2
2186072 30 29 2
2186117 30 54 2
2186149 30 12 0
2186149 30 12 0
2186199 30 12 2
2186207 30 12 2
2186271 30 37 0
2186271 30 37 0
2186305 30 37 2
2186549 30 29 2
2186679 30 29 2
2187423 30 37 2
2188411 30 47 0
2188411 30 47 0
2188453 30 47 2
2188486 30 47 2
2188510 30 11 0
2188510 30 11 0
2188569 30 11 2
2188624 30 11 2
2188752 30 1 0
2188858 30 1 2
2188914 30 7 0
2189028 30 7 2
2189460 30 2 0
2189590 30 2 2
2189638 30 15 0
2189638 30 15 0
2189700 30 15 2
2189868 30 15 2
2189956 30 38 0
2189956 30 38 0
2190662 30 38 2
2190871 30 38 2
2191024 30 2 0
2191027 30 46 0
2191027 30 46 0
2191061 30 46 2
2191121 30 46 2
2191173 30 0 0
2191173 30 0 0
2191259 30 2 0
2191260 30 0 0
2191263 30 0 2
2191283 30 0 2
2191431 30 47 0
2191431 30 47 0
2191473 30 47 2
2191481 30 47 2
2191497 30 12 0
2191598 30 12 2
2191634 30 47 0
2191686 30 47 2
2192742 30 63 0
2192742 30 63 0
2192800 30 63 2
2192825 30 63 2
2193029 30 58 0
2193029 30 58 0
2193111 30 58 2
2193127 30 58 2
2193211 30 46 0
2193211 30 46 0
2193245 30 46 2
2193286 30 46 2
2193842 30 15 0
2193842 30 15 0
2193884 30 15 2
2193892 30 15 2
2195143 30 28 2
2195477 30 27 2
2195590 30 28 2
2195591 30 27 2
2218743 30 2 0
2218744 30 2 2
2228812 30 2 0
2228813 30 56 1
2229047 30 2 2
2229128 30 56 2
2311074 30 2 0
2311075 30 2 2
2315946 30 2 0
2315947 30 2 2
2316610 30 2 0
2316611 30 2 2
2327850 30 2 0
2327851 30 2 2
2329605 30 2 0
2329606 30 2 2
2399337 30 2 0
2399338 30 2 2
2406999 30 2 0
2407000 30 2 2
2415817 30 2 0
2415818 30 2 2
2434107 30 2 0
2434108 30 2 2
2434533 30 2 0
2434534 30 2 2
2440715 30 2 0
2440716 30 2 2
2445318 30 2 0
2445319 30 0 0
2454121 30 2 0
2454122 30 2 2
2455259 30 2 0
2455260 30 2 2
2473504 30 2 0
2473505 30 2 2
2486798 30 2 0
2486799 30 2 2
2516230 30 2 0
2516231 30 56 1
2516469 30 2 2
2516551 30 56 2
2539820 30 2 0
2539821 30 56 1
2540079 30 2 2
2540161 30 56 2
2578784 30 2 0
2578785 30 56 1
2579028 30 2 2
2579109 30 56 2
2624164 30 2 0
2624165 30 56 1
2624408 30 2 2
2624489 30 56 2
2651748 30 2 0
2651749 30 2 2
2670811 30 2 0
2670812 30 56 1
2671049 30 2 2
2671131 30 56 2
2677387 30 2 0
2677388 30 2 2
2720256 30 2 0
2720257 30 2 2
2720647 30 2 0
2720648 30 56 1
2720889 30 2 2
2720970 30 56 2
2721038 30 2 0
2721039 30 2 2
2752233 30 2 0
2752234 30 2 2
2756348 30 2 0
2756349 30 2 2
2790596 30 2 0
2790597 30 56 1
2790839 30 2 2
2790921 30 56 2
2830135 30 2 0
2830136 30 56 1
2830378 30 2 2
2830459 30 56 2
2875710 30 2 0
2875711 30 56 1
2875948 30 2 2
2876029 30 56 2
2901472 30 2 0
2901473 30 2 2
2921152 30 2 0
2921153 30 56 1
2921391 30 2 2
2921473 30 56 2
2944562 30 2 0
2944563 30 56 1
2944801 30 2 2
2944883 30 56 2
2981416 30 2 0
2981417 30 56 1
2981660 30 2 2
2981741 30 56 2
3026696 30 2 0
3026697 30 56 1
3026940 30 2 2
3027021 30 56 2
3071983 30 2 0
3071984 30 56 1
3072221 30 2 2
3072303 30 56 2
3095543 30 56 1
3095544 30 2 0
3095781 30 2 2
3095863 30 56 2
3132307 30 2 0
3132308 30 56 1
3132550 30 2 2
3132631 30 56 2
3157061 30 15 0
3157061 30 15 0
3157253 30 15 2
3158001 30 15 2
3158561 30 38 0
3158561 30 38 0
3158647 30 38 2
3161556 30 38 2
3163488 30 15 0
3163488 30 15 0
3163640 30 15 2
3163698 30 15 2
3163786 30 38 0
3163786 30 38 0
3163902 30 38 2
3165287 30 0 2
3166210 30 15 0
3166210 30 15 0
3166312 30 15 2
3166330 30 15 2
3166454 30 7 0
3166733 30 38 2
3168782 30 7 2
3173743 30 2 0
3173744 30 0 0
3204004 30 2 0
3204005 30 56 1
3204242 30 2 2
3204323 30 56 2
3229954 30 2 0
3229955 30 2 2
3247923 30 2 0
3247924 30 56 1
3248162 30 2 2
3248244 30 56 2
3271243 30 2 0
3271244 30 56 1
3271482 30 2 2
3271564 30 56 2
3308117 30 2 0
3308118 30 56 1
3308361 30 2 2
3308442 30 56 2
3353447 30 2 0
3353448 30 56 1
3353691 30 2 2
3353772 30 56 2
3398835 30 2 0
3398836 30 56 1
3399073 30 2 2
3399155 30 56 2
3422235 30 2 0
3422236 30 56 1
3422473 30 2 2
3422555 30 56 2
3459069 30 2 0
3459070 30 56 1
3459312 30 2 2
3459393 30 56 2
3504069 30 2 0
3504070 30 56 1
3504312 30 2 2
3504393 30 56 2
3529503 30 2 0
3529504 30 2 2
3546843 30 2 0
3546844 30 56 1
3547083 30 2 2
3547165 30 56 2
3570233 30 2 0
3570234 30 56 1
3570473 30 2 2
3570555 30 56 2
3607167 30 56 1
3607168 30 2 0
3607402 30 2 2
3607483 30 56 2
3652507 30 2 0
3652508 30 56 1
3652742 30 2 2
3652823 30 56 2
3697589 30 2 0
3697590 30 56 1
3697827 30 2 2
3697909 30 56 2
3720929 30 2 0
3720930 30 56 1
3721167 30 2 2
3721249 30 56 2
3757673 30 2 0
3757674 30 56 1
3757916 30 2 2
3757997 30 56 2
3802683 30 2 0
3802684 30 56 1
3802926 30 2 2
3803007 30 56 2
3828080 30 2 0
3828081 30 2 2
3856817 30 2 2
3856818 30 2 0
3912876 30 2 0
3912877 30 2 2
3917668 30 2 0
3917669 30 2 2
3918330 30 2 0
3918331 30 2 2
3929169 30 2 0
3929170 30 2 2
3930922 30 2 2
3930923 30 2 0
3936610 30 2 0
3936611 30 2 2
4006832 30 2 0
4006833 30 2 2
4014186 30 2 0
4014187 30 2 2
4022972 30 2 0
4022973 30 2 2
4041122 30 2 0
4041123 30 2 2
4041546 30 2 0
4041547 30 2 2
4047450 30 2 0
4047451 30 2 2
4051988 30 2 0
4051989 30 0 0
4060842 30 2 0
4060843 30 2 2
4062044 30 2 0
4062045 30 2 2
4079510 30 2 0
4079511 30 2 2
4092248 30 2 0
4092249 30 2 2
4121604 30 2 0
4121605 30 56 1
4121843 30 2 2
4121925 30 56 2
4133624 30 15 0
4133624 30 15 0
4133876 30 15 2
4136827 30 15 2
4137387 30 38 0
4137387 30 38 0
4137583 30 38 2
4138132 30 38 2
4140064 30 15 0
4140064 30 15 0
4140136 30 15 2
4140204 30 15 2
4140292 30 38 0
4140292 30 38 0
4141597 30 38 2
4141909 30 38 2
4143905 30 15 0
4143905 30 15 0
4143947 30 15 2
4144195 30 15 2
4150672 30 2 0
4150673 30 0 0
4171814 30 2 0
4171815 30 56 1
4172053 30 2 2
4172135 30 56 2
4209888 30 2 0
4209889 30 56 1
4210132 30 2 2
4210213 30 56 2
4254728 30 2 0
4254729 30 56 1
4254972 30 2 2
4255053 30 56 2
4280466 30 2 0
4280467 30 2 2
4311956 30 2 0
4311957 30 2 2
4357079 30 2 0
4357080 30 2 2
4392461 30 2 0
4392462 30 56 1
4392700 30 2 2
4392782 30 56 2
4415791 30 2 0
4415792 30 56 1
4416030 30 2 2
4416112 30 56 2
4453845 30 2 0
4453846 30 56 1
4454099 30 2 2
4454180 30 56 2
4499235 30 2 0
4499236 30 56 1
4499479 30 2 2
4499560 30 56 2
4544431 30 2 0
4544432 30 56 1
4544670 30 2 2
4544752 30 56 2
4567761 30 2 0
4567762 30 56 1
4568000 30 2 2
4568082 30 56 2
4604525 30 2 0
4604526 30 56 1
4604769 30 2 2
4604850 30 56 2
4649535 30 2 0
4649536 30 56 1
4649779 30 2 2
4649860 30 56 2
4675061 30 2 0
4675062 30 2 2
4692426 30 2 0
4692427 30 56 1
4692670 30 2 2
4692752 30 56 2
4715736 30 2 0
4715737 30 56 1
4715980 30 2 2
4716062 30 56 2
4752640 30 2 0
4752641 30 56 1
4752879 30 2 2
4752960 30 56 2
4797920 30 2 0
4797921 30 56 1
4798159 30 2 2
4798240 30 56 2
4825479 30 2 0
4825480 30 2 2
4843012 30 2 0
4843013 30 56 1
4843251 30 2 2
4843333 30 56 2
4866362 30 2 0
4866363 30 56 1
4866601 30 2 2
4866683 30 56 2
4911811 30 2 0
4911812 30 56 1
4912054 30 2 2
4912135 30 56 2
4957001 30 2 0
4957002 30 56 1
4957244 30 2 2
4957325 30 56 2
4983066 30 2 0
4983067 30 2 2
4983304 30 2 0
4983305 30 2 2
5003707 30 2 0
5003708 30 56 1
5003945 30 2 2
5004027 30 56 2
5027027 30 2 0
5027028 30 56 1
5027265 30 2 2
5027347 30 56 2
5048752 30 2 0
5048753 30 2 2
5080687 30 2 0
5080688 30 56 1
5080927 30 2 2
5081009 30 56 2
5104247 30 2 0
5104248 30 56 1
5104487 30 2 2
5104569 30 56 2
5110186 30 15 0
5110186 30 15 0
5111173 30 2 0
5111174 30 2 2
5111209 30 15 2
5112296 30 15 2
5112856 30 38 0
5112856 30 38 0
5112883 30 38 2
5113060 30 38 2
5114992 30 15 0
5114992 30 15 0
5115034 30 15 2
5116232 30 15 2
5116320 30 38 0
5116320 30 38 0
5118166 30 38 2
5118765 30 38 2
5121073 30 15 0
5121073 30 15 0
5121115 30 15 2
5121123 30 15 2
5122243 30 0 2
5160016 30 2 0
5160017 30 56 1
5160254 30 2 2
5160335 30 56 2
5204926 30 2 0
5204927 30 56 1
5205164 30 2 2
5205245 30 56 2
5230380 30 2 0
5230381 30 2 2
5248303 30 2 0
5248304 30 56 1
5248542 30 2 2
5248624 30 56 2
5271653 30 2 0
5271654 30 56 1
5271892 30 2 2
5271974 30 56 2
5308437 30 2 0
5308438 30 56 1
5308681 30 2 2
5308762 30 56 2
5353267 30 2 0
5353268 30 56 1
5353511 30 2 2
5353592 30 56 2
5394733 30 2 0
5394734 30 56 1
5394972 30 2 2
5395054 30 56 2
5418143 30 2 0
5418144 30 56 1
5418382 30 2 2
5418464 30 56 2
5454787 30 2 0
5454788 30 56 1
5455031 30 2 2
5455112 30 56 2
5499507 30 2 0
5499508 30 56 1
5499751 30 2 2
5499832 30 56 2
5540933 30 2 0
5540934 30 56 1
5541172 30 2 2
5541254 30 56 2
5564313 30 2 0
5564314 30 56 1
5564552 30 2 2
5564634 30 56 2
5601157 30 2 0
5601158 30 56 1
5601401 30 2 2
5601482 30 56 2
5645957 30 2 0
5645958 30 56 1
5646201 30 2 2
5646282 30 56 2
5687503 30 2 0
5687504 30 56 1
5687742 30 2 2
5687824 30 56 2
5710913 30 2 0
5710914 30 56 1
5711152 30 2 2
5711234 30 56 2
5747747 30 2 0
5747748 30 56 1
5747991 30 2 2
5748072 30 56 2
5792607 30 2 0
5792608 30 56 1
5792851 30 2 2
5792932 30 56 2
5833733 30 2 0
5833734 30 56 1
5833972 30 2 2
5834054 30 56 2
5857113 30 2 0
5857114 30 56 1
5857352 30 2 2
5857434 30 56 2
5893947 30 2 0
5893948 30 56 1
5894191 30 2 2
5894272 30 56 2
5938797 30 2 0
5938798 30 56 1
5939041 30 2 2
5939122 30 56 2
5979973 30 2 0
5979974 30 56 1
5980212 30 2 2
5980294 30 56 2
6003303 30 2 0
6003304 30 56 1
6003542 30 2 2
6003624 30 56 2
6039937 30 2 0
6039938 30 56 1
6040181 30 2 2
6040262 30 56 2
6084697 30 2 0
6084698 30 56 1
6084941 30 2 2
6085022 30 56 2
6086751 30 15 0
6086751 30 15 0
6089208 30 15 2
6093455 30 15 2
6094015 30 38 0
6094015 30 38 0
6095071 30 38 2
6096100 30 38 2
6097552 30 7 0
6097658 30 7 2
6098138 30 15 0
6098138 30 15 0
6098208 30 15 2
6098250 30 15 2
6098296 30 38 0
6098296 30 38 0
6098372 30 38 2
6099131 30 38 2
6101439 30 15 0
6101439 30 15 0
6101501 30 15 2
6101509 30 15 2
6149817 30 2 0
6149818 30 56 1
6150058 30 2 2
6150140 30 56 2
6173157 30 2 0
6173158 30 56 1
6173398 30 2 2
6173480 30 56 2
6209941 30 2 0
6209942 30 56 1
6210177 30 2 2
6210258 30 56 2
6254741 30 2 0
6254742 30 56 1
6254977 30 2 2
6255058 30 56 2
6296107 30 2 0
6296108 30 56 1
6296348 30 2 2
6296430 30 56 2
6319447 30 2 0
6319448 30 56 1
6319688 30 2 2
6319770 30 56 2
6356121 30 2 0
6356122 30 56 1
6356357 30 2 2
6356438 30 56 2
6400851 30 2 0
6400852 30 56 1
6401087 30 2 2
6401168 30 56 2
6445181 30 2 0
6445182 30 56 1
6445417 30 2 2
6445498 30 56 2
6448092 30 2 2
6448093 30 2 0
6448954 30 2 2
6448955 30 2 0
6455033 30 2 0
6455034 30 2 2
6455367 30 2 0
6455368 30 2 2
6457439 30 2 2
6457440 30 2 0
6477678 30 56 1
6477679 30 2 0
6477917 30 2 2
6477998 30 56 2
6478010 30 2 0
6478011 30 2 2
6505229 30 2 0
6505230 30 56 1
6505467 30 2 2
6505548 30 56 2
6523497 30 2 0
6523498 30 56 1
6523738 30 2 2
6523820 30 56 2
6546827 30 2 0
6546828 30 56 1
6547068 30 2 2
6547150 30 56 2
6571922 30 2 0
6571923 30 2 2
6611375 30 2 0
6611376 30 56 1
6611618 30 2 2
6611699 30 56 2
6654886 30 2 0
6654887 30 56 1
6655125 30 2 2
6655207 30 56 2
6678306 30 2 0
6678307 30 56 1
6678545 30 2 2
6678627 30 56 2
6715780 30 2 0
6715781 30 56 1
6716024 30 2 2
6716105 30 56 2
6760770 30 2 0
6760771 30 56 1
6761014 30 2 2
6761095 30 56 2
6786120 30 2 0
6786121 30 2 2
6795020 30 2 0
6795021 30 2 2
6807725 30 2 0
6807726 30 2 2
6866398 30 2 0
6866399 30 2 2
6871446 30 2 0
6871447 30 2 2
6872110 30 2 0
6872111 30 2 2
6883047 30 2 0
6883048 30 2 2
6884844 30 2 0
6884845 30 2 2
6953947 30 2 0
6953948 30 2 2
6961402 30 2 0
6961403 30 2 2
6970360 30 2 0
6970361 30 2 2
6988602 30 2 0
6988603 30 2 2
6989028 30 2 0
6989029 30 2 2
6994948 30 2 0
6994949 30 2 2
6999605 30 2 0
6999606 30 0 0
7008836 30 2 0
7008837 30 2 2
7010098 30 2 0
7010099 30 2 2
7027581 30 2 0
7027582 30 2 2
7040371 30 2 0
7040372 30 2 2
7063311 30 15 0
7063311 30 15 0
7063704 30 15 2
7063933 30 15 2
7064493 30 38 0
7064493 30 38 0
7064519 30 38 2
7065138 30 38 2
7067070 30 15 0
7067070 30 15 0
7067112 30 15 2
7069370 30 15 2
7069458 30 38 0
7069458 30 38 0
7072014 30 38 2
7072203 30 38 2
7073247 30 0 2
7074511 30 15 0
7074511 30 15 0
7074553 30 15 2
7074561 30 15 2
7074685 30 7 0
7076059 30 7 2
7080406 30 2 0
7080407 30 0 0
7097063 30 2 0
7097064 30 56 1
7097302 30 2 2
7097384 30 56 2
7120623 30 2 0
7120624 30 56 1
7120862 30 2 2
7120944 30 56 2
7158857 30 2 0
7158858 30 56 1
7159101 30 2 2
7159182 30 56 2
7203987 30 56 1
7203988 30 2 0
7204221 30 2 2
7204302 30 56 2
7261187 30 2 0
7261188 30 2 2
7284817 30 2 0
7284818 30 2 2
7305230 30 2 0
7305231 30 2 2
7321810 30 2 0
7321811 30 2 2
7342683 30 2 0
7342684 30 56 1
7342992 30 2 2
7343074 30 56 2
7366113 30 2 0
7366114 30 56 1
7366352 30 2 2
7366434 30 56 2
7404007 30 2 0
7404008 30 56 1
7404251 30 2 2
7404332 30 56 2
7449287 30 2 0
7449288 30 56 1
7449531 30 2 2
7449612 30 56 2
7494355 30 56 1
7494356 30 2 0
7494594 30 2 2
7494676 30 56 2
7517725 30 56 1
7517726 30 2 0
7517964 30 2 2
7518046 30 56 2
7563360 30 2 0
7563361 30 56 1
7563603 30 2 2
7563684 30 56 2
7608590 30 2 0
7608591 30 56 1
7608833 30 2 2
7608914 30 56 2
7634303 30 2 0
7634304 30 2 2
7643919 30 2 0
7643920 30 2 2
7650766 30 56 1
7650767 30 2 0
7651002 30 2 2
7651084 30 56 2
7676067 30 2 0
7676068 30 56 1
7676312 30 2 2
7676394 30 56 2
7699447 30 2 0
7699448 30 56 1
7699692 30 2 2
7699774 30 56 2
7736311 30 2 0
7736312 30 56 1
7736551 30 2 2
7736632 30 56 2
7781051 30 2 0
7781052 30 56 1
7781291 30 2 2
7781372 30 56 2
7822817 30 56 1
7822818 30 2 0
7823052 30 2 2
7823134 30 56 2
7846227 30 2 0
7846228 30 56 1
7846472 30 2 2
7846554 30 56 2
7883061 30 2 0
7883062 30 56 1
7883301 30 2 2
7883382 30 56 2
7927901 30 56 1
7927902 30 2 0
7928141 30 2 2
7928222 30 56 2
7960823 30 2 0
7960824 30 2 2
7962890 30 2 0
7962891 30 2 2
7963528 30 2 0
7963529 30 2 2
7966706 30 2 0
7966707 30 2 2
7967042 30 2 0
7967043 30 2 2
7969112 30 2 0
7969113 30 2 2
7988736 30 2 0
7988737 30 56 1
7988974 30 2 2
7989055 30 56 2
7989067 30 2 0
7989068 30 2 2
8015444 30 2 0
8015445 30 2 2
8033383 30 2 0
8033384 30 56 1
8033622 30 2 2
8033704 30 56 2
8039874 30 15 0
8039874 30 15 0
8040177 30 15 2
8043602 30 15 2
8044162 30 38 0
8044162 30 38 0
8044649 30 38 2
8044906 30 38 2
8046838 30 15 0
8046838 30 15 0
8046888 30 15 2
8046950 30 15 2
8046976 30 38 0
8046976 30 38 0
8047601 30 38 2
8048542 30 38 2
8049909 30 15 0
8049909 30 15 0
8049951 30 15 2
8050049 30 15 2
8051173 30 2 0
8051174 30 0 0
8076450 30 2 0
8076451 30 56 1
8076689 30 2 2
8076771 30 56 2
8104232 30 2 0
8104233 30 2 2
8121009 30 2 0
8121010 30 2 2
8122974 30 2 0
8122975 30 2 2
8144977 30 2 0
8144978 30 56 1
8145215 30 2 2
8145296 30 56 2
8145684 30 2 0
8145685 30 2 2
8189005 30 2 0
8189006 30 56 1
8189244 30 2 2
8189326 30 56 2
8212405 30 2 0
8212406 30 56 1
8212644 30 2 2
8212726 30 56 2
8249799 30 2 0
8249800 30 56 1
8250043 30 2 2
8250124 30 56 2
8295049 30 2 0
8295050 30 56 1
8295293 30 2 2
8295374 30 56 2
8340106 30 2 0
8340107 30 56 1
8340345 30 2 2
8340427 30 56 2
8363436 30 2 0
8363437 30 56 1
8363675 30 2 2
8363757 30 56 2
8400240 30 2 0
8400241 30 56 1
8400484 30 2 2
8400565 30 56 2
8445060 30 2 0
8445061 30 56 1
8445304 30 2 2
8445385 30 56 2
8486126 30 2 0
8486127 30 56 1
8486365 30 2 2
8486447 30 56 2
8509496 30 2 0
8509497 30 56 1
8509735 30 2 2
8509817 30 56 2
8546420 30 2 0
8546421 30 56 1
8546664 30 2 2
8546745 30 56 2
8591210 30 2 0
8591211 30 56 1
8591454 30 2 2
8591535 30 56 2
8632476 30 2 0
8632477 30 56 1
8632715 30 2 2
8632797 30 56 2
8655816 30 2 0
8655817 30 56 1
8656055 30 2 2
8656137 30 56 2
8692520 30 2 0
8692521 30 56 1
8692764 30 2 2
8692845 30 56 2
8737350 30 2 0
8737351 30 56 1
8737594 30 2 2
8737675 30 56 2
8767151 30 2 0
8767152 30 2 2
8778346 30 2 0
8778347 30 56 1
8778585 30 2 2
8778667 30 56 2
8801896 30 2 0
8801897 30 56 1
8802135 30 2 2
8802217 30 56 2
8838590 30 2 0
8838591 30 56 1
8838834 30 2 2
8838915 30 56 2
8883430 30 2 0
8883431 30 56 1
8883674 30 2 2
8883755 30 56 2
8924726 30 2 0
8924727 30 56 1
8924965 30 2 2
8925047 30 56 2
8948196 30 2 0
8948197 30 56 1
8948435 30 2 2
8948517 30 56 2
8984880 30 2 0
8984881 30 56 1
8985124 30 2 2
8985205 30 56 2
9016438 30 15 0
9016438 30 15 0
9019546 30 15 2
9023061 30 15 2
9023621 30 38 0
9023621 30 38 0
9024367 30 38 2
9024850 30 0 2
9025146 30 38 2
9026598 30 7 0
9029773 30 7 2
9030253 30 15 0
9030253 30 15 0
9030304 30 15 2
9030392 30 38 0
9030392 30 38 0
9030418 30 38 2
9030507 30 38 2
9030855 30 15 2
9033067 30 15 0
9033067 30 15 0
9033109 30 15 2
9033117 30 15 2
9034193 30 1 0
9034193 30 1 0
9034275 30 1 2
9034283 30 1 2
9034491 30 36 0
9034491 30 36 0
9034533 30 36 2
9034582 30 36 2
9034646 30 37 0
9034646 30 37 0
9034680 30 37 2
9034737 30 37 2
9034785 30 58 0
9034785 30 58 0
9034867 30 58 2
9034884 30 58 2
9034916 30 59 0
9034916 30 59 0
9034990 30 59 2
9035015 30 59 2
9035227 30 61 0
9035227 30 61 0
9035285 30 61 2
9035326 30 61 2
9035606 30 54 0
9035606 30 54 0
9035648 30 54 2
9035697 30 54 2
9037105 30 1 0
9037219 30 1 2
9037437 30 28 2
9037667 30 46 0
9037725 30 46 2
9037757 30 47 0
9037815 30 47 2
9037951 30 28 2
9037959 30 12 0
9038032 30 12 2
9038058 30 28 2
9038268 30 28 2
9038516 30 1 0
9038516 30 1 0
9038598 30 1 2
9038812 30 1 2
9039108 30 26 2
9039244 30 11 0
9039244 30 11 0
9039274 30 27 2
9039302 30 11 2
9039327 30 11 2
9039343 30 46 0
9039365 30 28 2
9039441 30 46 2
9039471 30 28 2
9039473 30 47 0
9039473 30 47 0
9039515 30 47 2
9039580 30 47 2
9039681 30 28 2
9039724 30 12 0
9039830 30 12 2
9040265 30 28 2
9040314 30 1 0
9040314 30 1 0
9040396 30 1 2
9040405 30 1 2
9040853 30 46 0
9040853 30 46 0
9040854 30 28 2
9040887 30 46 2
9040944 30 46 2
9040961 30 28 2
9040976 30 47 0
9041067 30 26 2
9041074 30 47 2
9041134 30 23 2
9041171 30 28 2
9041190 30 26 2
9041211 30 27 2
9041218 30 12 0
9041316 30 12 2
9041327 30 27 2
9041416 30 26 2
9041546 30 27 2
9041753 30 28 2
9041800 30 1 0
9041800 30 1 0
9041882 30 1 2
9041890 30 1 2
9041999 30 26 2
9042129 30 27 2
9042268 30 28 2
9042338 30 46 0
9042375 30 28 2
9042379 30 46 2
9042411 30 47 0
9042460 30 47 2
9042586 30 28 2
9042604 30 12 0
9042613 30 26 2
9042661 30 12 2
9042702 30 27 2
9042736 30 26 2
9042829 30 27 2
9042968 30 26 2
9043060 30 27 2
9043121 30 23 2
9043145 30 1 0
9043145 30 1 0
9043169 30 28 2
9043220 30 23 2
9043227 30 1 2
9043235 30 1 2
9043441 30 23 2
9043551 30 26 2
9043652 30 27 2
9043683 30 46 0
9043683 30 46 0
9043683 30 28 2
9043721 30 46 2
9043728 30 46 2
9043760 30 47 0
9043760 30 47 0
9043790 30 28 2
9043802 30 47 2
9043810 30 47 2
9043954 30 12 0
9043954 30 12 0
9044001 30 28 2
9044004 30 12 2
9044011 30 12 2
9044032 30 23 2
9044082 30 26 2
9044175 30 27 2
9044204 30 26 2
9044300 30 27 2
9044431 30 26 2
9044495 30 1 0
9044495 30 1 0
9044518 30 27 2
9044547 30 23 2
9044578 30 1 2
9044583 30 28 2
9044584 30 1 2
9044646 30 23 2
9044865 30 23 2
9045014 30 26 2
9045032 30 46 0
9045032 30 46 0
9045066 30 46 2
9045074 30 46 2
9045097 30 28 2
9045106 30 47 0
9045106 30 47 0
9045121 30 27 2
9045148 30 47 2
9045156 30 47 2
9045204 30 28 2
9045300 30 12 0
9045300 30 12 0
9045350 30 12 2
9045358 30 12 2
9045415 30 28 2
9045456 30 23 2
9045545 30 26 2
9045644 30 27 2
9045668 30 26 2
9045769 30 27 2
9045842 30 1 0
9045842 30 1 0
9045895 30 26 2
9045924 30 1 2
9045957 30 1 2
9045971 30 23 2
9045988 30 27 2
9045998 30 28 2
9046070 30 23 2
9046289 30 23 2
9046405 30 46 0
9046405 30 46 0
9046439 30 46 2
9046447 30 46 2
9046478 30 26 2
9046479 30 47 0
9046479 30 47 0
9046513 30 28 2
9046524 30 47 2
9046532 30 47 2
9046580 30 27 2
9046619 30 28 2
9046676 30 12 0
9046676 30 12 0
9046726 30 12 2
9046734 30 12 2
9046830 30 28 2
9046880 30 23 2
9047008 30 26 2
9047103 30 27 2
9047130 30 26 2
9047218 30 1 0
9047218 30 1 0
9047228 30 27 2
9047301 30 1 2
9047306 30 1 2
9047357 30 26 2
9047395 30 23 2
9047447 30 27 2
9047494 30 23 2
9047713 30 23 2
9047754 30 46 0
9047754 30 46 0
9047788 30 46 2
9047796 30 46 2
9047828 30 47 0
9047828 30 47 0
9047870 30 47 2
9047878 30 47 2
9047941 30 26 2
9047943 30 28 2
9048022 30 12 0
9048022 30 12 0
9048041 30 27 2
9048051 30 28 2
9048072 30 12 2
9048079 30 12 2
9048262 30 28 2
9048304 30 23 2
9048472 30 26 2
9048563 30 1 0
9048563 30 1 0
9048564 30 27 2
9048595 30 26 2
9048645 30 1 2
9048657 30 1 2
9048689 30 27 2
9048819 30 23 2
9048822 30 26 2
9048845 30 28 2
9048908 30 27 2
9048918 30 23 2
9049105 30 46 0
9049105 30 46 0
9049137 30 23 2
9049139 30 46 2
9049147 30 46 2
9049179 30 47 0
9049179 30 47 0
9049221 30 47 2
9049229 30 47 2
9049358 30 28 2
9049373 30 12 0
9049373 30 12 0
9049423 30 12 2
9049431 30 12 2
9049465 30 28 2
9049676 30 28 2
9049727 30 23 2
9049915 30 1 0
9049915 30 1 0
9049953 30 26 2
9049998 30 1 2
9050003 30 1 2
9050070 30 27 2
9050076 30 26 2
9050185 30 27 2
9050242 30 23 2
9050259 30 28 2
9050306 30 26 2
9050341 30 23 2
9050404 30 27 2
9050435 30 12 0
9050435 30 12 0
9050485 30 12 2
9050493 30 12 2
9050509 30 46 0
9050509 30 46 0
9050543 30 46 2
9050551 30 46 2
9050583 30 47 0
9050583 30 47 0
9050626 30 47 2
9050634 30 47 2
9050773 30 28 2
9050778 30 12 0
9050778 30 12 0
9050828 30 12 2
9050836 30 12 2
9050880 30 28 2
9050889 30 26 2
9050989 30 27 2
9051091 30 28 2
9051320 30 1 0
9051320 30 1 0
9051402 30 1 2
9051410 30 1 2
9051419 30 26 2
9051513 30 27 2
9051542 30 26 2
9051638 30 27 2
9051657 30 23 2
9051674 30 28 2
9051756 30 23 2
9051858 30 46 0
9051858 30 46 0
9051892 30 46 2
9051899 30 46 2
9051931 30 47 0
9051931 30 47 0
9051973 30 47 2
9051975 30 23 2
9051980 30 47 2
9052083 30 2 0
9052084 30 56 1
9052124 30 12 0
9052124 30 12 0
9052175 30 12 2
9052186 30 12 2
9052229 30 28 2
9052322 30 2 2
9052327 30 26 2
9052336 30 28 2
9052402 30 56 2
9052434 30 27 2
9052547 30 28 2
9052567 30 23 2
9052670 30 1 0
9052670 30 1 0
9052752 30 1 2
9052760 30 1 2
9052858 30 26 2
9052957 30 27 2
9052979 30 26 2
9053072 30 27 2
9053082 30 23 2
9053130 30 28 2
9053181 30 23 2
9053206 30 26 2
9053208 30 46 0
9053208 30 46 0
9053242 30 46 2
9053257 30 46 2
9053289 30 47 0
9053289 30 47 0
9053291 30 27 2
9053331 30 47 2
9053338 30 47 2
9053482 30 12 0
9053482 30 12 0
9053532 30 12 2
9053540 30 12 2
9053645 30 28 2
9053752 30 28 2
9053789 30 26 2
9053897 30 27 2
9053963 30 28 2
9053974 30 23 2
9054024 30 1 0
9054024 30 1 0
9054106 30 1 2
9054139 30 1 2
9054378 30 26 2
9054470 30 27 2
9054488 30 23 2
9054502 30 26 2
9054545 30 28 2
9054587 30 46 0
9054587 30 46 0
9054587 30 23 2
9054594 30 27 2
9054625 30 46 2
9054632 30 46 2
9054664 30 47 0
9054664 30 47 0
9054707 30 47 2
9054717 30 47 2
9054806 30 23 2
9054861 30 12 0
9054861 30 12 0
9054912 30 12 2
9054917 30 12 2
9055060 30 28 2
9055167 30 28 2
9055288 30 26 2
9055378 30 28 2
9055389 30 27 2
9055397 30 23 2
9055401 30 1 0
9055401 30 1 0
9055490 30 1 2
9055513 30 1 2
9055818 30 26 2
9055911 30 27 2
9055938 30 46 0
9055938 30 46 0
9055941 30 26 2
9055972 30 46 2
9055982 30 46 2
9056014 30 47 0
9056014 30 47 0
9056035 30 27 2
9056056 30 47 2
9056064 30 47 2
9056168 30 26 2
9056208 30 12 0
9056208 30 12 0
9056254 30 27 2
9056258 30 12 2
9056266 30 12 2
9056485 30 28 2
9056592 30 28 2
9056750 30 1 0
9056750 30 1 0
9056751 30 26 2
9056803 30 28 2
9056832 30 1 2
9056839 30 1 2
9056857 30 27 2
9057283 30 26 2
9057287 30 46 0
9057287 30 46 0
9057321 30 46 2
9057329 30 46 2
9057361 30 47 0
9057361 30 47 0
9057380 30 27 2
9057385 30 28 2
9057403 30 47 2
9057406 30 26 2
9057411 30 47 2
9057505 30 27 2
9057555 30 12 0
9057555 30 12 0
9057606 30 12 2
9057611 30 12 2
9057899 30 28 2
9058006 30 28 2
9058095 30 1 0
9058095 30 1 0
9058177 30 1 2
9058185 30 1 2
9058217 30 28 2
9058633 30 46 0
9058633 30 46 0
9058667 30 46 2
9058675 30 46 2
9058707 30 47 0
9058707 30 47 0
9058730 30 26 2
9058749 30 47 2
9058756 30 47 2
9058800 30 28 2
9058830 30 27 2
9058853 30 26 2
9058900 30 12 0
9058900 30 12 0
9058947 30 27 2
9058950 30 12 2
9058959 30 12 2
9059082 30 26 2
9059166 30 27 2
9059318 30 28 2
9059425 30 28 2
9059443 30 1 0
9059443 30 1 0
9059525 30 1 2
9059574 30 1 2
9059636 30 28 2
9059665 30 26 2
9059772 30 27 2
9060022 30 46 0
9060022 30 46 0
9060056 30 46 2
9060064 30 46 2
9060096 30 47 0
9060096 30 47 0
9060138 30 47 2
9060146 30 47 2
9060197 30 26 2
9060219 30 28 2
9060290 30 12 0
9060290 30 12 0
9060297 30 27 2
9060320 30 26 2
9060341 30 12 2
9060346 30 12 2
9060412 30 27 2
9060734 30 28 2
9060830 30 1 0
9060830 30 1 0
9060841 30 28 2
9060912 30 1 2
9060920 30 1 2
9061052 30 28 2
9061104 30 26 2
9061207 30 27 2
9061368 30 46 0
9061368 30 46 0
9061402 30 46 2
9061410 30 46 2
9061442 30 47 0
9061442 30 47 0
9061484 30 47 2
9061492 30 47 2
9061636 30 12 0
9061636 30 12 0
9061636 30 26 2
9061686 30 12 2
9061694 30 12 2
9061731 30 27 2
9061761 30 26 2
9061856 30 27 2
9061989 30 26 2
9062075 30 27 2
9062166 30 28 2
9062178 30 1 0
9062178 30 1 0
9062260 30 1 2
9062268 30 1 2
9062273 30 28 2
9062484 30 28 2
9062572 30 26 2
9062679 30 27 2
9062716 30 46 0
9062716 30 46 0
9062750 30 46 2
9062758 30 46 2
9062790 30 47 0
9062790 30 47 0
9062832 30 47 2
9062840 30 47 2
9062984 30 12 0
9062984 30 12 0
9063038 30 12 2
9063040 30 12 2
9063066 30 28 2
9063103 30 26 2
9063202 30 27 2
9063229 30 26 2
9063327 30 27 2
9063524 30 1 0
9063524 30 1 0
9063581 30 28 2
9063606 30 1 2
9063614 30 1 2
9063688 30 28 2
9063899 30 28 2
9064062 30 46 0
9064062 30 46 0
9064096 30 46 2
9064104 30 46 2
9064136 30 47 0
9064136 30 47 0
9064178 30 47 2
9064186 30 47 2
9064330 30 12 0
9064330 30 12 0
9064380 30 12 2
9064388 30 12 2
9064482 30 28 2
9064547 30 26 2
9064653 30 27 2
9064670 30 26 2
9064768 30 27 2
9064872 30 1 0
9064872 30 1 0
9064896 30 26 2
9064954 30 1 2
9064962 30 1 2
9064987 30 27 2
9064997 30 28 2
9065104 30 28 2
9065315 30 28 2
9065410 30 46 0
9065410 30 46 0
9065444 30 46 2
9065452 30 46 2
9065479 30 26 2
9065484 30 47 0
9065484 30 47 0
9065526 30 47 2
9065534 30 47 2
9065580 30 27 2
9065678 30 12 0
9065678 30 12 0
9065729 30 12 2
9065734 30 12 2
9065897 30 28 2
9066010 30 26 2
9066103 30 27 2
9066133 30 26 2
9066218 30 1 0
9066218 30 1 0
9066228 30 27 2
9066300 30 1 2
9066308 30 1 2
9066361 30 26 2
9066411 30 28 2
9066447 30 27 2
9066518 30 28 2
9066729 30 28 2
9066756 30 46 0
9066756 30 46 0
9066790 30 46 2
9066798 30 46 2
9066830 30 47 0
9066830 30 47 0
9066872 30 47 2
9066880 30 47 2
9066944 30 26 2
9067024 30 12 0
9067024 30 12 0
9067050 30 27 2
9067074 30 12 2
9067082 30 12 2
9067474 30 26 2
9067566 30 1 0
9067566 30 1 0
9067573 30 27 2
9067597 30 26 2
9067648 30 1 2
9067656 30 1 2
9067698 30 27 2
9067802 30 28 2
9067824 30 26 2
9067912 30 28 2
9067917 30 27 2
9068104 30 46 0
9068104 30 46 0
9068123 30 28 2
9068143 30 46 2
9068147 30 46 2
9068179 30 47 0
9068179 30 47 0
9068221 30 47 2
9068230 30 47 2
9068374 30 12 0
9068374 30 12 0
9068407 30 26 2
9068425 30 12 2
9068431 30 12 2
9068509 30 27 2
9068704 30 28 2
9068915 30 1 0
9068915 30 1 0
9068938 30 26 2
9068997 30 1 2
9069005 30 1 2
9069032 30 27 2
9069061 30 26 2
9069157 30 27 2
9069218 30 28 2
9069288 30 26 2
9069325 30 28 2
9069375 30 27 2
9069453 30 46 0
9069453 30 46 0
9069487 30 46 2
9069495 30 46 2
9069527 30 47 0
9069527 30 47 0
9069536 30 28 2
9069569 30 47 2
9069577 30 47 2
9069721 30 12 0
9069721 30 12 0
9069771 30 12 2
9069779 30 12 2
9070119 30 28 2
9070263 30 1 0
9070263 30 1 0
9070345 30 1 2
9070353 30 1 2
9070359 30 26 2
9070448 30 27 2
9070482 30 26 2
9070573 30 27 2
9070634 30 28 2
9070709 30 26 2
9070741 30 28 2
9070801 30 46 0
9070801 30 46 0
9070802 30 27 2
9070835 30 46 2
9070843 30 46 2
9070875 30 47 0
9070875 30 47 0
9070917 30 47 2
9070925 30 47 2
9070952 30 28 2
9071069 30 12 0
9071069 30 12 0
9071120 30 12 2
9071125 30 12 2
9071292 30 26 2
9071397 30 27 2
9071534 30 28 2
9071609 30 1 0
9071609 30 1 0
9071691 30 1 2
9071699 30 1 2
9071823 30 26 2
9071920 30 27 2
9071945 30 26 2
9072045 30 27 2
9072049 30 28 2
9072147 30 46 0
9072147 30 46 0
9072155 30 28 2
9072172 30 26 2
9072181 30 46 2
9072189 30 46 2
9072221 30 47 0
9072221 30 47 0
9072262 30 27 2
9072263 30 47 2
9072271 30 47 2
9072366 30 28 2
9072415 30 12 0
9072415 30 12 0
9072465 30 12 2
9072473 30 12 2
9072755 30 26 2
9072856 30 27 2
9072957 30 1 0
9072957 30 1 0
9073039 30 1 2
9073047 30 1 2
9073285 30 26 2
9073379 30 27 2
9073407 30 26 2
9073439 30 28 2
9073495 30 46 0
9073495 30 46 0
9073504 30 27 2
9073529 30 46 2
9073537 30 46 2
9073546 30 28 2
9073569 30 47 0
9073569 30 47 0
9073611 30 47 2
9073619 30 47 2
9073634 30 26 2
9073724 30 27 2
9073757 30 28 2
9073763 30 12 0
9073763 30 12 0
9073815 30 12 2
9073820 30 12 2
9074217 30 26 2
9074304 30 1 0
9074304 30 1 0
9074318 30 27 2
9074342 30 28 2
9074394 30 1 2
9074426 30 1 2
9074748 30 26 2
9074841 30 27 2
9074842 30 46 0
9074842 30 46 0
9074859 30 28 2
9074871 30 26 2
9074883 30 46 2
9074915 30 47 0
9074915 30 47 0
9074916 30 46 2
9074964 30 47 2
9074965 30 27 2
9074967 30 28 2
9075057 30 47 2
9075098 30 26 2
9075108 30 12 0
9075108 30 12 0
9075166 30 12 2
9075178 30 28 2
9075187 30 27 2
9075268 30 12 2
9075650 30 1 0
9075650 30 1 0
9075740 30 1 2
9075742 30 1 2
9075761 30 28 2
9076170 30 26 2
9076188 30 46 0
9076188 30 46 0
9076230 30 46 2
9076262 30 47 0
9076262 30 47 0
9076262 30 46 2
9076276 30 28 2
9076293 30 26 2
9076312 30 47 2
9076384 30 47 2
9076385 30 28 2
9076456 30 12 0
9076456 30 12 0
9076510 30 12 2
9076512 30 12 2
9076599 30 28 2
9076996 30 1 0
9076996 30 1 0
9077078 30 1 2
9077086 30 1 2
9077181 30 28 2
9077534 30 46 0
9077534 30 46 0
9077569 30 46 2
9077577 30 46 2
9077609 30 47 0
9077609 30 47 0
9077651 30 47 2
9077659 30 47 2
9077696 30 28 2
9077803 30 12 0
9077803 30 12 0
9077803 30 28 2
9077853 30 12 2
9077861 30 12 2
9078015 30 28 2
9078345 30 1 0
9078345 30 1 0
9078427 30 1 2
9078435 30 1 2
9078598 30 28 2
9078883 30 46 0
9078883 30 46 0
9078917 30 46 2
9078925 30 46 2
9078957 30 47 0
9078957 30 47 0
9078999 30 47 2
9079007 30 47 2
9079113 30 28 2
9079151 30 12 0
9079151 30 12 0
9079202 30 12 2
9079207 30 12 2
9079220 30 28 2
9079431 30 28 2
9079691 30 1 0
9079691 30 1 0
9079774 30 1 2
9079785 30 1 2
9080013 30 28 2
9080233 30 46 0
9080233 30 46 0
9080267 30 46 2
9080275 30 46 2
9080307 30 47 0
9080307 30 47 0
9080349 30 47 2
9080357 30 47 2
9080501 30 12 0
9080501 30 12 0
9080528 30 28 2
9080551 30 12 2
9080559 30 12 2
9080635 30 28 2
9080846 30 28 2
9081043 30 1 0
9081043 30 1 0
9081125 30 1 2
9081142 30 1 2
9081429 30 28 2
9081590 30 46 0
9081590 30 46 0
9081624 30 46 2
9081632 30 46 2
9081664 30 47 0
9081664 30 47 0
9081706 30 47 2
9081714 30 47 2
9081858 30 12 0
9081858 30 12 0
9081908 30 12 2
9081915 30 12 2
9081944 30 28 2
9082050 30 28 2
9082263 30 28 2
9082303 30 1 0
9082303 30 1 0
9082385 30 1 2
9082393 30 1 2
9082841 30 46 0
9082841 30 46 0
9082845 30 28 2
9082875 30 46 2
9082883 30 46 2
9082915 30 47 0
9082915 30 47 0
9082957 30 47 2
9082965 30 47 2
9083059 30 2 0
9083060 30 2 2
9083109 30 12 0
9083109 30 12 0
9083140 30 56 1
9083159 30 12 2
9083167 30 12 2
9083242 30 56 2
9083359 30 28 2
9083468 30 28 2
9083651 30 1 0
9083651 30 1 0
9083733 30 1 2
9083743 30 1 2
9084191 30 46 0
9084191 30 46 0
9084226 30 46 2
9084234 30 46 2
9084266 30 47 0
9084266 30 47 0
9084308 30 47 2
9084316 30 47 2
9084460 30 12 0
9084460 30 12 0
9084511 30 12 2
9084516 30 12 2
9084758 30 2 0
9084759 30 2 2
9085000 30 1 0
9085000 30 1 0
9085082 30 1 2
9085089 30 1 2
9085198 30 2 0
9085199 30 2 2
9085537 30 46 0
9085537 30 46 0
9085571 30 46 2
9085579 30 46 2
9085611 30 47 0
9085611 30 47 0
9085653 30 47 2
9085661 30 47 2
9085813 30 61 0
9085813 30 61 0
9085871 30 61 2
9085952 30 61 2
9085976 30 62 0
9085976 30 62 0
9086026 30 62 2
9086034 30 62 2
9086310 30 63 0
9086310 30 63 0
9086368 30 63 2
9086385 30 63 2
9086809 30 12 0
9086809 30 12 0
9086859 30 12 2
9086868 30 12 2
9087520 30 1 0
9087520 30 1 0
9087602 30 1 2
9087610 30 1 2
9087749 30 2 0
9087750 30 2 2
9088058 30 46 0
9088058 30 46 0
9088083 30 2 0
9088084 30 2 2
9088092 30 46 2
9088101 30 46 2
9088133 30 47 0
9088133 30 47 0
9088175 30 47 2
9088185 30 47 2
9088329 30 12 0
9088329 30 12 0
9088379 30 12 2
9088387 30 12 2
9088871 30 1 0
9088871 30 1 0
9088953 30 1 2
9088962 30 1 2
9089410 30 46 0
9089410 30 46 0
9089444 30 46 2
9089451 30 46 2
9089483 30 47 0
9089483 30 47 0
9089525 30 47 2
9089533 30 47 2
9089604 30 2 2
9089605 30 2 0
9089677 30 12 0
9089677 30 12 0
9089727 30 12 2
9089735 30 12 2
9090012 30 28 2
9090219 30 1 0
9090219 30 1 0
9090302 30 1 2
9090307 30 1 2
9090755 30 46 0
9090755 30 46 0
9090764 30 28 2
9090789 30 46 2
9090797 30 46 2
9090829 30 47 0
9090829 30 47 0
9090871 30 47 2
9090878 30 47 2
9091022 30 12 0
9091022 30 12 0
9091072 30 12 2
9091080 30 12 2
9091279 30 28 2
9091386 30 28 2
9091564 30 1 0
9091564 30 1 0
9091598 30 28 2
9091646 30 1 2
9091654 30 1 2
9092102 30 46 0
9092102 30 46 0
9092136 30 46 2
9092147 30 46 2
9092179 30 47 0
9092179 30 47 0
9092181 30 28 2
9092221 30 47 2
9092229 30 47 2
9092373 30 12 0
9092430 30 12 2
9092695 30 28 2
9092802 30 28 2
9092914 30 1 0
9092914 30 1 0
9092996 30 1 2
9093013 30 28 2
9093021 30 1 2
9093469 30 46 0
9093469 30 46 0
9093503 30 46 2
9093511 30 46 2
9093543 30 47 0
9093543 30 47 0
9093585 30 47 2
9093593 30 47 2
9093596 30 28 2
9093737 30 12 0
9093737 30 12 0
9093787 30 12 2
9093795 30 12 2
9094110 30 28 2
9094217 30 28 2
9094279 30 1 0
9094279 30 1 0
9094361 30 1 2
9094369 30 1 2
9094428 30 28 2
9094817 30 46 0
9094817 30 46 0
9094851 30 46 2
9094859 30 46 2
9094891 30 47 0
9094891 30 47 0
9094933 30 47 2
9094941 30 47 2
9095011 30 28 2
9095085 30 12 0
9095085 30 12 0
9095135 30 12 2
9095143 30 12 2
9095526 30 28 2
9095627 30 1 0
9095627 30 1 0
9095633 30 28 2
9095709 30 1 2
9095717 30 1 2
9095843 30 28 2
9096165 30 46 0
9096165 30 46 0
9096199 30 46 2
9096207 30 46 2
9096239 30 47 0
9096239 30 47 0
9096281 30 47 2
9096289 30 47 2
9096433 30 12 0
9096433 30 12 0
9096483 30 12 2
9096491 30 12 2
9096933 30 28 2
9096975 30 1 0
9096975 30 1 0
9097040 30 28 2
9097057 30 1 2
9097065 30 1 2
9097251 30 28 2
9097513 30 46 0
9097513 30 46 0
9097547 30 46 2
9097555 30 46 2
9097587 30 47 0
9097587 30 47 0
9097629 30 47 2
9097637 30 47 2
9097781 30 12 0
9097781 30 12 0
9097831 30 12 2
9097834 30 28 2
9097849 30 12 2
9098333 30 1 0
9098333 30 1 0
9098350 30 28 2
9098415 30 1 2
9098423 30 1 2
9098457 30 28 2
9098668 30 28 2
9098871 30 46 0
9098871 30 46 0
9098905 30 46 2
9098913 30 46 2
9098945 30 47 0
9098945 30 47 0
9098987 30 47 2
9099015 30 47 2
9099159 30 12 0
9099159 30 12 0
9099210 30 12 2
9099228 30 12 2
9099251 30 28 2
9099712 30 1 0
9099712 30 1 0
9099766 30 28 2
9099794 30 1 2
9099802 30 1 2
9099873 30 28 2
9100084 30 28 2
9100250 30 46 0
9100250 30 46 0
9100284 30 46 2
9100292 30 46 2
9100324 30 47 0
9100324 30 47 0
9100368 30 47 2
9100395 30 47 2
9100539 30 12 0
9100539 30 12 0
9100589 30 12 2
9100607 30 12 2
9100667 30 28 2
9101091 30 1 0
9101091 30 1 0
9101173 30 1 2
9101182 30 28 2
9101198 30 1 2
9101289 30 28 2
9101500 30 28 2
9101646 30 46 0
9101646 30 46 0
9101680 30 46 2
9101688 30 46 2
9101720 30 47 0
9101720 30 47 0
9101762 30 47 2
9101780 30 47 2
9101924 30 12 0
9101924 30 12 0
9101975 30 12 2
9101992 30 12 2
9102083 30 28 2
9102476 30 1 0
9102476 30 1 0
9102558 30 1 2
9102566 30 1 2
9102598 30 28 2
9102705 30 28 2
9102917 30 28 2
9103014 30 46 0
9103014 30 46 0
9103049 30 46 2
9103056 30 46 2
9103088 30 47 0
9103088 30 47 0
9103130 30 47 2
9103158 30 47 2
9103302 30 12 0
9103302 30 12 0
9103352 30 12 2
9103370 30 12 2
9103500 30 28 2
9103854 30 1 0
9103854 30 1 0
9103936 30 1 2
9103944 30 1 2
9104015 30 28 2
9104122 30 28 2
9104333 30 28 2
9104392 30 46 0
9104392 30 46 0
9104426 30 46 2
9104434 30 46 2
9104466 30 47 0
9104466 30 47 0
9104508 30 47 2
9104536 30 47 2
9104680 30 12 0
9104680 30 12 0
9104730 30 12 2
9104748 30 12 2
9105232 30 1 0
9105232 30 1 0
9105314 30 1 2
9105322 30 1 2
9105423 30 28 2
9105530 30 28 2
9105741 30 28 2
9105770 30 46 0
9105770 30 46 0
9105804 30 46 2
9105812 30 46 2
9105844 30 47 0
9105844 30 47 0
9105886 30 47 2
9105914 30 47 2
9106058 30 12 0
9106058 30 12 0
9106108 30 12 2
9106127 30 12 2
9106324 30 28 2
9106611 30 1 0
9106611 30 1 0
9106693 30 1 2
9106701 30 1 2
9106838 30 28 2
9106945 30 28 2
9107149 30 46 0
9107149 30 46 0
9107156 30 28 2
9107183 30 46 2
9107221 30 46 2
9107253 30 47 0
9107253 30 47 0
9107295 30 47 2
9107333 30 47 2
9107477 30 12 0
9107477 30 12 0
9107527 30 12 2
9107546 30 12 2
9108030 30 1 0
9108030 30 1 0
9108112 30 1 2
9108120 30 1 2
9108228 30 28 2
9108335 30 28 2
9108546 30 28 2
9108568 30 46 0
9108568 30 46 0
9108602 30 46 2
9108610 30 46 2
9108642 30 47 0
9108642 30 47 0
9108684 30 47 2
9108712 30 47 2
9108856 30 12 0
9108856 30 12 0
9108907 30 12 2
9108917 30 12 2
9109129 30 28 2
9109168 30 2 0
9109169 30 56 1
9109401 30 1 0
9109401 30 1 0
9109407 30 2 2
9109483 30 1 2
9109488 30 56 2
9109491 30 1 2
9109500 30 2 0
9109501 30 2 2
9109644 30 28 2
9109750 30 28 2
9109939 30 46 0
9109939 30 46 0
9109961 30 28 2
9109973 30 46 2
9109991 30 46 2
9110023 30 47 0
9110023 30 47 0
9110065 30 47 2
9110112 30 47 2
9110256 30 12 0
9110256 30 12 0
9110306 30 12 2
9110315 30 12 2
9110544 30 28 2
9110799 30 1 0
9110799 30 1 0
9110881 30 1 2
9110889 30 1 2
9111059 30 28 2
9111166 30 28 2
9111337 30 46 0
9111337 30 46 0
9111371 30 46 2
9111377 30 28 2
9111378 30 46 2
9111410 30 47 0
9111410 30 47 0
9111453 30 47 2
9111489 30 47 2
9111633 30 12 0
9111633 30 12 0
9111683 30 12 2
9111691 30 12 2
9111962 30 28 2
9112175 30 1 0
9112175 30 1 0
9112257 30 1 2
9112274 30 1 2
9112477 30 28 2
9112584 30 28 2
9112722 30 46 0
9112722 30 46 0
9112756 30 46 2
9112764 30 46 2
9112795 30 28 2
9112796 30 47 0
9112796 30 47 0
9112841 30 47 2
9112869 30 47 2
9113013 30 12 0
9113013 30 12 0
9113063 30 12 2
9113081 30 12 2
9113377 30 28 2
9113565 30 1 0
9113565 30 1 0
9113647 30 1 2
9113655 30 1 2
9113892 30 28 2
9113999 30 28 2
9114103 30 46 0
9114103 30 46 0
9114137 30 46 2
9114145 30 46 2
9114177 30 47 0
9114177 30 47 0
9114210 30 28 2
9114219 30 47 2
9114247 30 47 2
9114391 30 12 0
9114391 30 12 0
9114441 30 12 2
9114459 30 12 2
9114793 30 28 2
9114943 30 1 0
9114943 30 1 0
9115025 30 1 2
9115050 30 1 2
9115308 30 28 2
9115415 30 28 2
9115498 30 46 0
9115498 30 46 0
9115532 30 46 2
9115540 30 46 2
9115572 30 47 0
9115572 30 47 0
9115614 30 47 2
9115629 30 28 2
9115632 30 47 2
9115776 30 12 0
9115776 30 12 0
9115826 30 12 2
9115834 30 12 2
9116318 30 1 0
9116318 30 1 0
9116400 30 1 2
9116408 30 1 2
9116727 30 28 2
9116833 30 28 2
9116856 30 46 0
9116856 30 46 0
9116890 30 46 2
9116898 30 46 2
9116930 30 47 0
9116930 30 47 0
9116972 30 47 2
9117010 30 47 2
9117044 30 28 2
9117154 30 12 0
9117154 30 12 0
9117204 30 12 2
9117222 30 12 2
9117627 30 28 2
9117706 30 1 0
9117706 30 1 0
9117788 30 1 2
9117796 30 1 2
9118142 30 28 2
9118244 30 46 0
9118244 30 46 0
9118248 30 28 2
9118278 30 46 2
9118286 30 46 2
9118318 30 47 0
9118318 30 47 0
9118360 30 47 2
9118407 30 47 2
9118458 30 28 2
9118551 30 12 0
9118551 30 12 0
9118601 30 12 2
9118619 30 12 2
9119103 30 1 0
9119103 30 1 0
9119185 30 1 2
9119193 30 1 2
9119548 30 28 2
9119641 30 46 0
9119641 30 46 0
9119654 30 28 2
9119675 30 46 2
9119683 30 46 2
9119715 30 47 0
9119715 30 47 0
9119757 30 47 2
9119785 30 47 2
9119865 30 28 2
9119929 30 12 0
9119929 30 12 0
9119979 30 12 2
9119998 30 12 2
9120448 30 28 2
9120482 30 1 0
9120482 30 1 0
9120564 30 1 2
9120572 30 1 2
9120963 30 28 2
9121020 30 46 0
9121020 30 46 0
9121054 30 46 2
9121063 30 46 2
9121069 30 28 2
9121095 30 47 0
9121095 30 47 0
9121137 30 47 2
9121184 30 47 2
9121280 30 28 2
9121328 30 12 0
9121328 30 12 0
9121378 30 12 2
9121395 30 12 2
9121862 30 28 2
9121879 30 1 0
9121879 30 1 0
9121961 30 1 2
9121971 30 1 2
9122419 30 46 0
9122419 30 46 0
9122453 30 46 2
9122461 30 46 2
9122481 30 28 2
9122493 30 47 0
9122493 30 47 0
9122535 30 47 2
9122563 30 47 2
9122692 30 28 2
9122707 30 12 0
9122707 30 12 0
9122759 30 12 2
9122777 30 12 2
9123261 30 1 0
9123261 30 1 0
9123275 30 28 2
9123343 30 1 2
9123376 30 1 2
9123790 30 28 2
9123824 30 46 0
9123824 30 46 0
9123858 30 46 2
9123865 30 46 2
9123897 30 47 0
9123897 30 47 0
9123897 30 28 2
9123939 30 47 2
9123947 30 47 2
9124091 30 12 0
9124091 30 12 0
9124113 30 28 2
9124141 30 12 2
9124159 30 12 2
9124763 30 1 0
9124763 30 1 0
9124845 30 1 2
9124854 30 1 2
9125142 30 62 0
9125142 30 62 0
9125184 30 28 2
9125252 30 62 2
9125261 30 62 2
9125290 30 28 2
9125377 30 1 0
9125377 30 1 0
9125459 30 1 2
9125467 30 1 2
9125475 30 61 0
9125475 30 61 0
9125501 30 28 2
9125533 30 61 2
9125541 30 61 2
9126077 30 1 0
9126077 30 1 0
9126107 30 27 2
9126159 30 1 2
9126177 30 1 2
9126222 30 27 2
9126261 30 58 0
9126261 30 58 0
9126343 30 58 2
9126376 30 58 2
9126441 30 27 2
9126456 30 59 0
9126456 30 59 0
9126530 30 59 2
9126562 30 59 2
9142457 30 2 2
9142458 30 2 0
9153963 30 2 0
9153964 30 56 1
9154202 30 2 2
9154284 30 56 2
9177363 30 2 0
9177364 30 56 1
9177602 30 2 2
9177684 30 56 2
9204249 30 2 0
9204250 30 56 1
9204485 30 2 2
9204566 30 56 2
9206451 30 2 0
9206452 30 56 1
9206695 30 2 2
9206776 30 56 2
9224634 30 2 0
9224635 30 56 1
9224875 30 2 2
9224956 30 56 2
9250024 30 2 0
9250025 30 56 1
9250265 30 2 2
9250346 30 56 2
9270100 30 2 0
9270101 30 56 1
9270336 30 2 2
9270418 30 56 2
9293490 30 2 0
9293491 30 56 1
9293726 30 2 2
9293808 30 56 2
9325140 30 2 0
9325141 30 56 1
9325376 30 2 2
9325458 30 56 2
9348520 30 2 0
9348521 30 56 1
9348756 30 2 2
9348838 30 56 2
9365990 30 2 0
9365991 30 2 2
9368650 30 2 0
9368651 30 56 1
9368885 30 2 2
9368966 30 56 2
9383630 30 2 0
9383631 30 56 1
9383865 30 2 2
9383946 30 56 2
9418410 30 2 0
9418411 30 56 1
9418645 30 2 2
9418726 30 56 2
9449328 30 2 0
9449329 30 56 1
9449565 30 2 2
9449646 30 56 2
9451750 30 2 0
9451751 30 2 2
9485770 30 56 1
9485771 30 2 0
9486005 30 2 2
9486086 30 56 2
9513376 30 2 2
9515668 30 2 2
9515819 30 2 2
9516784 30 2 2
9516935 30 2 2
9517909 30 2 2
9518060 30 2 2
9519034 30 2 2
9519185 30 2 2
9519651 30 2 2
9592929 30 2 0
9592930 30 56 1
9593173 30 2 2
9593254 30 56 2
9616940 30 2 0
9622973 30 2 0
9622974 30 56 1
9623213 30 2 2
9623294 30 56 2
9635669 30 2 0
9635787 30 2 0
9635787 30 3 2
9638845 30 2 0
9638846 30 56 1
9639083 30 2 2
9639164 30 56 2
9639580 30 56 1
9639823 30 3 2
9639896 30 56 2
9644708 30 3 0
9644709 30 3 2
9646803 30 3 2
9653449 30 2 0
9665905 30 56 1
9666004 30 3 0
9666005 30 56 1
9666077 30 56 1
9666144 30 2 2
9666179 30 56 2
9666226 30 56 2
9666254 30 3 2
9666328 30 56 2
9672561 30 3 0
9672562 30 2 0
9672562 30 3 2
9676306 30 3 0
9676307 30 3 2
9677651 30 3 2
9681642 30 2 0
9681643 30 3 0
9688336 30 2 0
9688688 30 2 0
9689388 30 2 0
9689748 30 2 0
9690108 30 2 0
9690476 30 2 0
9690880 30 2 0
9691232 30 2 0
9691584 30 2 0
9691936 30 2 0
9692296 30 2 0
9692656 30 2 0
9693016 30 2 0
9693384 30 2 0
9693796 30 2 0
9694148 30 2 0
9694500 30 2 0
9694851 30 2 0
9695212 30 2 0
9695572 30 2 0
9695932 30 2 0
9696300 30 2 0
9696712 30 2 0
9697064 30 2 0
9697416 30 2 0
9697769 30 2 0
9698128 30 2 0
9698488 30 2 0
9698660 30 15 0
9698660 30 15 0
9698702 30 15 2
9698751 30 15 2
9698839 30 30 0
9698848 30 2 0
9698931 30 30 2
9698943 30 24 0
9699049 30 24 2
9699149 30 25 0
9699215 30 2 0
9699248 30 25 2
9699256 30 30 0
9699265 30 2 0
9699265 30 30 2
9699347 30 30 2
9699411 30 26 0
9699501 30 26 2
9699565 30 27 0
9699638 30 2 0
9699647 30 27 2
9699679 30 34 0
9699793 30 34 2
9699805 30 26 0
9699911 30 26 2
9699988 30 2 0
9700007 30 55 0
9700145 30 55 2
9700153 30 27 0
9700259 30 27 2
9700307 30 23 0
9700343 30 2 0
9700692 30 2 0
9701052 30 2 0
9701412 30 2 0
9701772 30 2 0
9702140 30 2 0
9702560 30 2 0
9702912 30 2 0
9703264 30 2 0
9703616 30 2 0
9703975 30 2 0
9704013 30 23 2
9704017 30 28 0
9704123 30 28 2
9704175 30 60 0
9704313 30 60 2
9704329 30 61 0
9704336 30 2 0
9704468 30 61 2
9704488 30 33 0
9704555 30 26 2
9704696 30 2 0
9704804 30 33 2
9704840 30 36 0
9704940 30 36 2
9704992 30 23 0
9705065 30 2 0
9705484 30 2 0
9705836 30 2 0
9706187 30 2 0
9706540 30 2 0
9706901 30 2 0
9707260 30 2 0
9707620 30 2 0
9707988 30 2 0
9708345 30 23 2
9708353 30 19 0
9708400 30 24 2
9708408 30 2 0
9708435 30 19 2
9708439 30 23 0
9708761 30 2 0
9709112 30 2 0
9709464 30 2 0
9709824 30 2 0
9710184 30 2 0
9710545 30 2 0
9710910 30 2 0
9714347 30 23 2
9714402 30 45 2
9714478 30 46 2
9714479 30 23 0
9723201 30 23 2
9723984 30 59 2
9723993 30 23 0
9733505 30 3 0
9733506 30 56 1
9733743 30 3 2
9733816 30 56 2
9741332 30 23 2
9741674 30 27 2
9741680 30 23 0
9742409 30 23 2
9745424 30 21 2
9745433 30 23 0
9745763 30 23 2
9748822 30 29 2
9748823 30 23 0
9750579 30 23 2
9753510 30 23 2
9753519 30 23 0
9754275 30 23 2
9754520 30 3 0
9754521 30 56 1
9754764 30 3 2
9754838 30 56 2
9757640 30 25 2
9757647 30 23 0
9758255 30 23 2
9758553 30 46 2
9758555 30 23 0
9760589 30 23 2
9762202 30 46 2
9762209 30 23 0
9763668 30 3 0
9763669 30 2 0
9766105 30 23 2
9767006 30 28 2
9767017 30 23 0
9768839 30 23 2
9770461 30 28 2
9770471 30 23 0
9770791 30 23 2
9773299 30 23 0
9773299 30 13 2
9777035 30 23 2
9777199 30 54 2
9777203 30 23 0
9778131 30 56 1
9778373 30 3 2
9778446 30 56 2
9779273 30 23 2
9781793 30 23 0
9781793 30 34 2
9782153 30 23 2
9782631 30 15 2
9782633 30 23 0
9783671 30 23 2
9786426 30 19 2
9786431 30 23 0
9786989 30 23 2
9788865 30 19 2
9788873 30 23 0
9790851 30 23 2
9790985 30 3 0
9790986 30 56 1
9791215 30 8 2
9791223 30 23 0
9791224 30 3 2
9791298 30 56 2
9793977 30 23 2
9794330 30 44 2
9794337 30 23 0
9795189 30 23 2
9797149 30 62 2
9797157 30 23 0
9798195 30 23 2
9800008 30 47 2
9800019 30 23 0
9801275 30 23 2
9801482 30 31 2
9801491 30 23 0
9802443 30 23 2
9804614 30 38 2
9804615 30 23 0
9805223 30 23 2
9805962 30 53 2
9805967 30 23 0
9809023 30 23 2
9809423 30 42 2
9809431 30 23 0
9809831 30 23 2
9811366 30 14 2
9811367 30 23 0
9811877 30 23 2
9813299 30 61 2
9813305 30 23 0
9814225 30 3 0
9814226 30 56 1
9814464 30 3 2
9814538 30 56 2
9814821 30 23 2
9816006 30 17 2
9816009 30 23 0
9817367 30 23 2
9819213 30 50 2
9819215 30 23 0
9819901 30 23 2
9821478 30 32 2
9821485 30 23 0
9821791 30 23 2
9821846 30 60 2
9821945 30 2 2
9822044 30 45 2
9822119 30 26 2
9822202 30 37 2
9822269 30 24 2
9822368 30 41 2
9822475 30 52 2
9822567 30 20 2
9822634 30 43 2
9822725 30 58 2
9822840 30 22 2
9822892 30 40 2
9823007 30 18 2
9823090 30 63 2
9823174 30 51 2
9823274 30 39 2
9823337 30 16 2
9823437 30 49 2
9823558 30 56 2
9823689 30 48 2
9823819 30 57 2
9823962 30 7 2
9823963 30 23 0
9824543 30 23 2
9825961 30 52 2
9825971 30 23 0
9826633 30 23 2
9828184 30 39 2
9828193 30 23 0
9830625 30 23 2
9830661 30 23 0
9830661 30 37 2
9831173 30 23 2
9832229 30 23 0
9832229 30 49 2
9833289 30 23 2
9834135 30 40 2
9834141 30 23 0
9834727 30 23 2
9835965 30 60 2
9835975 30 23 0
9836163 30 23 2
9836215 30 29 0
9836219 30 18 2
9836321 30 29 2
9836337 30 23 0
9837694 30 23 2
9837749 30 57 2
9837758 30 23 0
9839612 30 23 2
9839648 30 32 0
9839762 30 32 2
9839846 30 28 0
9839887 30 28 2
9839939 30 2 0
9840020 30 2 2
9840032 30 29 0
9840065 30 29 2
9840097 30 4 0
9840179 30 4 2
9840187 30 35 0
9840187 30 35 0
9840237 30 35 2
9840278 30 35 2
9840302 30 63 2
9840318 30 36 0
9840318 30 36 0
9840360 30 36 2
9840409 30 36 2
9850434 30 56 1
9850673 30 20 2
9850722 30 56 2
9851008 30 20 2
9856791 30 3 0
9856792 30 56 1
9857033 30 3 2
9857106 30 56 2
9871400 30 3 0
9871401 30 3 2
9888966 30 2 0
9888967 30 56 1
9889203 30 2 2
9889284 30 56 2
9890874 30 2 0
9890875 30 56 1
9891114 30 2 2
9891196 30 56 2
9893621 30 3 0
9893622 30 56 1
9893863 30 3 2
9893936 30 56 2
9932135 30 3 0
9932136 30 56 1
9932374 30 3 2
9932448 30 56 2
9939346 30 2 0
9939347 30 56 1
9939583 30 2 2
9939664 30 56 2
9941254 30 56 1
9941494 30 2 2
9941576 30 56 2
9955405 30 3 0
9955406 30 56 1
9955478 30 56 1
9955580 30 56 2
9955644 30 3 2
9955718 30 56 2
9990441 30 3 0
9990442 30 56 1
9990683 30 3 2
9990756 30 56 2
9993259 30 37 0
9993259 30 37 0
9993713 30 37 2
9994362 30 37 2
9994630 30 36 0
9994630 30 36 0
9994672 30 36 2
9994680 30 36 2
9994712 30 38 0
9994712 30 38 0
9995378 30 38 2
9997060 30 27 2
9998297 30 38 2
9998457 30 54 0
9998457 30 54 0
9998499 30 54 2
9998532 30 54 2
9998564 30 12 0
9998564 30 12 0
9998614 30 12 2
9998658 30 12 2
9998722 30 37 0
9998722 30 37 0
9998756 30 37 2
9998764 30 37 2
9998896 30 35 0
9998896 30 35 0
9998946 30 35 2
9999040 30 35 2
9999430 30 3 0
9999431 30 3 2
9999442 30 28 2
9999896 30 47 0
9999896 30 47 0
9999938 30 47 2
9999971 30 47 2
9999995 30 11 0
9999995 30 11 0
10000053 30 11 2
10000150 30 11 2
10000278 30 1 0
10000446 30 1 2
10000794 30 29 2
10000982 30 15 0
10000982 30 15 0
10001326 30 15 2
10001329 30 15 2
10001417 30 38 0
10001417 30 38 0
10001974 30 27 2
10002150 30 38 2
10002306 30 46 0
10002306 30 46 0
10002341 30 46 2
10002348 30 27 2
10002389 30 46 2
10002440 30 27 2
10002455 30 28 2
10002559 30 27 2
10002589 30 47 0
10002589 30 47 0
10002631 30 47 2
10002680 30 47 2
10002696 30 12 0
10002757 30 12 2
10002793 30 47 0
10002803 30 28 2
10002884 30 47 2
10003244 30 38 2
10003673 30 29 2
10003940 30 63 0
10003940 30 63 0
10004041 30 29 2
10004068 30 63 2
10004103 30 63 2
10004123 30 29 2
10004227 30 29 2
10004307 30 58 0
10004307 30 58 0
10004389 30 58 2
10004406 30 58 2
10004490 30 46 0
10004564 30 46 2
10005120 30 15 0
10005120 30 15 0
10005162 30 15 2
10005229 30 15 2
10005581 30 2 0
10005582 30 0 0
10008185 30 20 2
10009299 30 20 2
10013669 30 25 2
10013800 30 25 2
10014034 30 25 2
10044961 30 3 0
10044962 30 56 1
10045203 30 3 2
10045276 30 56 2
10065773 30 30 0
10065773 30 2 2
10065782 30 2 2
10083017 30 3 0
10083018 30 56 1
10083254 30 3 2
10083328 30 56 2
10091585 30 15 0
10091585 30 15 0
10091627 30 15 2
10091635 30 15 2
10091843 30 30 0
10091852 30 2 0
10091852 30 30 2
10091934 30 30 2
10092202 30 55 0
10092332 30 55 2
10092388 30 19 0
10093340 30 19 2
10093520 30 19 0
10093981 30 19 2
10094032 30 22 2
10094041 30 19 0
10094487 30 19 2
10094996 30 31 2
10095003 30 19 0
10102129 30 19 2
10102258 30 37 2
10102261 30 19 0
10104391 30 19 2
10105608 30 52 2
10105615 30 19 0
10108869 30 19 2
10109164 30 58 2
10109169 30 19 0
10112140 30 19 2
10112191 30 51 2
10112282 30 29 2
10112349 30 17 2
10112432 30 6 2
10112516 30 55 2
10112524 30 19 0
10123074 30 19 2
