0 9 51 0
3455 9 51 2
3459 9 22 0
4243 9 22 2
4255 9 1 0
5053 9 1 2
5073 9 24 0
5254 9 24 2
14825 9 7 1
15037 9 2 2
15078 9 7 2
19532 9 7 1
19747 9 2 2
19788 9 7 2
34263 9 7 1
34477 9 2 2
34518 9 7 2
35268 9 7 1
35488 9 2 2
35530 9 7 2
121543 9 7 1
121757 9 2 2
121798 9 7 2
122186 9 7 1
122398 9 2 2
122440 9 7 2
226204 9 7 1
226418 9 2 2
226460 9 7 2
226717 9 4 0
227682 9 4 2
227734 9 44 0
228748 9 44 2
228760 9 5 0
228834 9 5 2
228846 9 45 0
229277 9 45 2
229345 9 24 0
229465 9 24 2
229497 9 25 0
229832 9 25 2
229840 9 26 0
229984 9 26 2
230024 9 27 0
230285 9 27 2
230305 9 33 0
230726 9 33 2
230746 9 35 0
230876 9 35 2
230884 9 41 0
231387 9 41 2
231403 9 42 0
231703 9 42 2
231735 9 1 0
231787 9 1 2
231823 9 36 0
232044 9 36 2
232056 9 43 0
232399 9 43 2
232415 9 17 0
232472 9 17 2
232564 9 27 0
232645 9 27 2
232649 9 37 0
232764 9 37 2
232776 9 17 0
232847 9 17 2
232855 9 15 0
233692 9 15 2
233732 9 16 0
233841 9 7 1
234067 9 19 2
234115 9 7 2
234130 9 19 0
234422 9 16 2
234462 9 18 0
234701 9 19 0
234905 9 18 2
234929 9 61 0
236018 9 61 2
236030 9 54 0
236399 9 54 2
236419 9 8 0
236493 9 8 2
236501 9 19 0
236581 9 19 2
236585 9 35 0
236948 9 35 2
236964 9 53 0
237499 9 53 2
237539 9 33 0
237634 9 33 2
237646 9 36 0
237756 9 36 2
237776 9 40 0
238072 9 40 2
238096 9 37 0
238294 9 37 2
238398 9 38 0
238641 9 38 2
238644 9 19 0
238645 9 34 0
238900 9 34 2
238924 9 8 0
239059 9 8 2
239067 9 29 0
239164 9 29 2
239204 9 0 0
239327 9 0 2
239339 9 38 0
239441 9 19 0
239498 9 38 2
239514 9 39 0
239664 9 39 2
239668 9 39 0
239970 9 39 2
240026 9 36 0
240132 9 36 2
240164 9 38 0
240167 9 19 0
240321 9 38 2
240337 9 51 0
240449 9 19 0
240502 9 51 2
240558 9 27 0
240858 9 27 2
240866 9 52 0
241272 9 52 2
241308 9 35 0
241587 9 35 2
241607 9 53 0
241690 9 19 0
242700 9 53 2
242724 9 54 0
243043 9 7 1
243257 9 48 2
243289 9 54 2
243305 9 11 0
243332 9 7 2
243628 9 11 2
243640 9 56 0
243822 9 56 2
243826 9 12 0
244102 9 12 2
244110 9 57 0
244692 9 57 2
244696 9 2 0
245088 9 2 2
245140 9 37 0
245369 9 37 2
245385 9 40 0
245516 9 40 2
245572 9 58 0
245839 9 58 2
245899 9 35 0
246026 9 35 2
246030 9 50 0
246242 9 50 2
246262 9 62 0
247275 9 7 1
247488 9 3 2
247537 9 7 2
248265 9 62 2
248293 9 38 0
248685 9 38 2
248757 9 63 0
249284 9 63 2
249324 9 12 0
249577 9 12 2
249601 9 2 0
249660 9 2 2
249684 9 13 0
249994 9 13 2
250090 9 3 0
250286 9 3 2
250326 9 23 0
250443 9 7 1
250531 9 23 2
250547 9 24 0
250665 9 24 2
250668 9 3 2
250717 9 7 2
250773 9 44 0
251117 9 44 2
251125 9 25 0
251212 9 25 2
251240 9 26 0
251508 9 26 2
251588 9 0 0
251752 9 0 2
251760 9 3 0
251955 9 3 2
251999 9 4 0
252097 9 4 2
252193 9 5 0
252326 9 5 2
252366 9 15 0
252678 9 15 2
252686 9 14 0
252900 9 7 1
253006 9 14 2
253018 9 50 0
253117 9 0 2
253139 9 50 2
253162 9 7 2
253167 9 6 0
253171 9 0 0
253301 9 0 0
253388 9 6 2
253392 9 0 0
253408 9 4 0
253482 9 0 0
253503 9 4 2
253511 9 8 0
253621 9 8 2
253622 9 0 0
253625 9 47 0
253742 9 0 0
253844 9 0 0
253945 9 0 0
253949 9 47 2
253957 9 49 0
254035 9 0 0
254171 9 0 0
254212 9 49 2
254228 9 11 0
254303 9 0 0
254373 9 0 0
254531 9 0 0
254597 9 11 2
254606 9 0 0
254633 9 5 0
254683 9 7 1
254714 9 5 2
254738 9 37 0
254765 9 0 0
254858 9 0 0
254897 9 38 2
254986 9 0 0
254986 9 7 2
255030 9 37 2
255087 9 0 0
255094 9 4 0
255167 9 4 2
255171 9 1 0
255212 9 0 0
255413 9 0 0
255560 9 0 0
255573 9 1 2
255601 9 27 0
255671 9 0 0
255702 9 27 2
255710 9 2 0
255988 9 2 2
256000 9 11 0
256064 9 0 0
256140 9 11 2
256148 9 7 0
256242 9 0 0
256394 9 0 0
256625 9 7 2
256642 9 0 0
256645 9 3 0
256777 9 3 2
256781 9 0 0
256875 9 0 0
256885 9 6 0
257008 9 0 0
257059 9 6 2
257079 9 9 0
257125 9 0 0
257198 9 0 0
257427 9 9 2
257441 9 0 0
257543 9 0 0
257599 9 8 0
257635 9 0 0
257651 9 8 2
257663 9 11 0
257761 9 0 0
257879 9 0 0
257993 9 0 0
258140 9 0 0
258212 9 0 0
258231 9 11 2
258251 9 12 0
258348 9 0 0
258383 9 12 2
258407 9 16 0
258459 9 0 0
258611 9 0 0
258625 9 16 2
258633 9 13 0
258722 9 0 0
258958 9 0 0
259201 9 0 0
259332 9 0 0
259408 9 13 2
259421 9 0 0
259456 9 2 0
259528 9 0 0
259550 9 2 2
259586 9 14 0
259642 9 0 0
259748 9 0 0
259991 9 0 0
260047 9 14 2
260051 9 17 0
260137 9 0 0
260249 9 0 0
260324 9 17 2
260332 9 15 0
260413 9 0 0
260537 9 0 0
260746 9 0 0
260876 9 0 0
260939 9 15 2
260959 9 18 0
261000 9 0 0
261168 9 0 0
261251 9 18 2
261275 9 4 0
261395 9 0 0
261540 9 4 2
261562 9 0 0
261580 9 40 0
261675 9 40 2
261679 9 38 0
261679 9 38 0
261726 9 0 0
261762 9 38 2
261812 9 38 2
261820 9 27 0
261905 9 27 2
261925 9 35 0
262453 9 35 2
262509 9 28 0
263000 9 28 2
263068 9 3 0
263175 9 3 2
263179 9 46 0
263515 9 46 2
263535 9 4 0
263622 9 4 2
263654 9 0 0
263778 9 0 2
263782 9 29 0
263902 9 0 0
263933 9 29 2
264077 9 47 0
264368 9 47 2
264440 9 30 0
264603 9 30 2
264955 9 31 0
265037 9 7 1
265152 9 31 2
265156 9 44 0
265257 9 43 2
265330 9 7 2
265346 9 44 2
265354 9 43 0
265455 9 7 1
265557 9 43 2
265667 9 7 2
265689 9 32 0
265748 9 7 2
265866 9 32 2
265938 9 33 0
266016 9 33 2
266064 9 33 0
266311 9 33 2
266319 9 27 0
266416 9 27 2
266520 9 54 0
266711 9 54 2
266723 9 28 0
266859 9 28 2
266875 9 36 0
267167 9 36 2
267175 9 56 0
267739 9 56 2
267755 9 37 0
268048 9 37 2
268148 9 41 0
268252 9 41 2
268300 9 61 0
269571 9 61 2
269575 9 39 0
269802 9 39 2
269814 9 7 0
270026 9 7 2
270086 9 8 0
270138 9 7 1
270141 9 8 2
270173 9 63 0
270347 9 63 2
270357 9 0 2
270405 9 7 2
270407 9 0 0
270455 9 0 0
270498 9 0 0
270619 9 0 2
270629 9 0 0
270647 9 57 0
270837 9 57 2
270905 9 58 0
271032 9 0 0
271150 9 58 2
271157 9 0 0
271180 9 7 1
271234 9 46 0
271398 9 61 2
271476 9 46 2
271488 9 59 0
271491 9 0 0
271502 9 7 2
271654 9 0 0
271675 9 59 2
271707 9 32 0
271817 9 32 2
271825 9 50 0
271949 9 7 1
271986 9 50 2
272046 9 0 0
272062 9 60 0
272167 9 25 2
272176 9 0 0
272208 9 7 2
272314 9 0 0
272387 9 60 2
272395 9 62 0
272411 9 0 0
272572 9 0 0
272687 9 0 0
272726 9 62 2
272730 9 3 0
272872 9 3 2
272884 9 5 0
272966 9 5 2
272992 9 0 0
272994 9 17 0
273059 9 17 2
273079 9 6 0
273174 9 0 0
273225 9 6 2
273317 9 11 0
273325 9 0 0
273479 9 0 0
273628 9 11 2
273636 9 10 0
273744 9 10 2
273764 9 11 0
273899 9 11 2
273907 9 6 0
274040 9 0 0
274047 9 6 2
274083 9 36 0
274194 9 0 0
274461 9 0 0
274483 9 36 2
274543 9 12 0
274679 9 0 0
274819 9 0 0
274825 9 12 2
274833 9 0 0
274942 9 0 0
275008 9 0 2
275132 9 15 0
275132 9 15 0
275132 9 0 0
275198 9 15 2
275236 9 0 0
275241 9 15 2
275359 9 0 0
275361 9 7 0
275552 9 0 0
275568 9 7 2
275584 9 0 0
275693 9 0 0
275826 9 0 0
275836 9 0 2
275962 9 0 0
275984 9 9 0
276093 9 0 0
276138 9 9 2
276170 9 8 0
276177 9 0 0
276298 9 0 0
276317 9 8 2
276345 9 41 0
276466 9 0 0
276642 9 0 0
276675 9 41 2
276783 9 14 0
276834 9 0 0
277004 9 0 0
277033 9 14 2
277114 9 0 0
277224 9 0 0
277305 9 61 0
277309 9 0 0
277452 9 0 0
277704 9 0 0
277763 9 61 2
277835 9 54 0
277835 9 0 0
277957 9 0 0
277997 9 54 2
278029 9 55 0
278074 9 0 0
278212 9 0 0
278231 9 55 2
278376 9 0 0
278459 9 40 0
278562 9 0 0
278567 9 40 2
278595 9 49 0
278737 9 0 0
278782 9 49 2
278794 9 51 0
278952 9 51 2
278972 9 37 0
279043 9 0 0
279062 9 37 2
279066 9 20 0
279132 9 20 2
279148 9 3 0
279289 9 0 0
279467 9 3 2
279546 9 0 0
279559 9 21 0
279615 9 3 0
279615 9 0 2
279634 9 21 2
279642 9 56 0
279712 9 0 0
279895 9 0 0
279902 9 56 2
279922 9 57 0
280026 9 0 0
280084 9 57 2
280172 9 58 0
280221 9 0 0
280338 9 58 2
280369 9 0 0
280418 9 59 0
280553 9 59 2
280554 9 0 0
280577 9 63 0
280692 9 0 0
280784 9 63 2
280810 9 0 0
280868 9 33 0
280880 9 0 0
280973 9 33 2
280984 9 0 0
281962 9 0 0
282046 9 0 2
320411 9 7 1
320628 9 2 2
320670 9 7 2
428264 9 7 1
428475 9 2 2
428516 9 7 2
455233 9 7 1
455445 9 2 2
455486 9 7 2
478637 9 2 0
478638 9 7 1
478855 9 2 2
478896 9 7 2
479644 9 7 1
479855 9 2 2
479896 9 7 2
519498 9 2 0
519499 9 7 1
519715 9 2 2
519756 9 7 2
527424 9 2 0
527425 9 7 1
527635 9 2 2
527676 9 7 2
624561 9 7 1
624779 9 2 2
624820 9 7 2
633197 9 7 1
633410 9 2 2
633452 9 7 2
656537 9 7 1
656538 9 2 0
656750 9 2 2
656792 9 7 2
680972 9 7 1
681189 9 2 2
681230 9 7 2
692331 9 2 0
692332 9 7 1
692549 9 2 2
692590 9 7 2
737390 9 2 0
737391 9 7 1
737609 9 2 2
737650 9 7 2
738038 9 2 0
738039 9 2 2
823415 9 2 0
823416 9 7 1
823629 9 2 2
823670 9 7 2
841091 9 2 0
841092 9 2 2
900223 9 2 0
900224 9 7 1
900443 9 2 2
900484 9 7 2
934603 9 2 0
934604 9 7 1
934823 9 2 2
934864 9 7 2
977679 9 2 0
977680 9 7 1
977893 9 2 2
977934 9 7 2
1024592 9 2 0
1024593 9 7 1
1024803 9 2 2
1024844 9 7 2
1056258 9 2 2
1056412 9 2 2
1056623 9 2 2
1067698 9 2 0
1067699 9 19 0
1151501 9 7 1
1151502 9 2 0
1151713 9 2 2
1151754 9 7 2
1176193 9 2 0
1176194 9 7 1
1176413 9 2 2
1176454 9 7 2
1203957 9 15 0
1203957 9 15 0
1205413 9 15 2
1209768 9 15 2
1209866 9 0 0
1210328 9 38 0
1210328 9 38 0
1210670 9 38 2
1212873 9 38 2
1213065 9 12 0
1213114 9 12 2
1214374 9 7 0
1214464 9 7 2
1214944 9 15 0
1214944 9 15 0
1215010 9 15 2
1215018 9 15 2
1215106 9 38 0
1215106 9 38 0
1215176 9 2 0
1215177 9 7 1
1215322 9 38 2
1215328 9 38 2
1215393 9 2 2
1215434 9 7 2
1215478 9 46 0
1215576 9 46 2
1215776 9 47 0
1215881 9 47 2
1218085 9 15 0
1218085 9 15 0
1218151 9 15 2
1218159 9 15 2
1218515 9 42 0
1218785 9 42 2
1219361 9 43 0
1219638 9 43 2
1220214 9 44 0
1220214 9 44 0
1220288 9 44 2
1220528 9 44 2
1221104 9 45 0
1221413 9 45 2
1221989 9 46 0
1222308 9 46 2
1222431 9 7 1
1222432 9 2 0
1222643 9 2 2
1222684 9 7 2
1222884 9 47 0
1223168 9 47 2
1223744 9 48 0
1224021 9 48 2
1224597 9 49 0
1224921 9 49 2
1225497 9 50 0
1225755 9 50 2
1226331 9 51 0
1226618 9 51 2
1226885 9 2 2
1226888 9 2 0
1227194 9 52 0
1227526 9 52 2
1228102 9 53 0
1228422 9 53 2
1228998 9 54 0
1229338 9 54 2
1229914 9 55 0
1230218 9 55 2
1230794 9 56 0
1231090 9 56 2
1231666 9 57 0
1232069 9 57 2
1232645 9 58 0
1232946 9 58 2
1233522 9 59 0
1233829 9 59 2
1234405 9 60 0
1234768 9 60 2
1235344 9 61 0
1235691 9 61 2
1236267 9 62 0
1236588 9 62 2
1237164 9 63 0
1237447 9 63 2
1237818 9 7 1
1238023 9 0 0
1238023 9 0 0
1238045 9 46 2
1238057 9 0 2
1238143 9 7 2
1238221 9 0 2
1238489 9 2 0
1238525 9 7 1
1238613 9 2 2
1238669 9 3 0
1238744 9 17 2
1238778 9 7 2
1238783 9 3 2
1238787 9 7 0
1238925 9 7 1
1239134 9 7 2
1239144 9 55 2
1239222 9 4 0
1239259 9 7 2
1239272 9 7 1
1239336 9 4 2
1239387 9 7 1
1239484 9 63 2
1239529 9 7 1
1239604 9 14 2
1239606 9 7 2
1239670 9 7 2
1239724 9 1 0
1239755 9 13 2
1239813 9 7 2
1239980 9 1 2
1240374 9 7 1
1240556 9 2 0
1240594 9 15 2
1240668 9 7 2
1240785 9 7 1
1240887 9 7 1
1240897 9 2 2
1241014 9 7 1
1241014 9 50 2
1241089 9 7 2
1241134 9 28 2
1241200 9 7 2
1241244 9 30 2
1241326 9 7 2
1241354 9 7 1
1241473 9 3 0
1241473 9 7 1
1241583 9 7 1
1241585 9 56 2
1241667 9 7 2
1241695 9 51 2
1241777 9 7 2
1241795 9 7 1
1241804 9 23 2
1241846 9 3 2
1241886 9 7 2
1241898 9 7 1
1241987 9 7 1
1242015 9 62 2
1242124 9 7 1
1242124 9 54 2
1242129 9 7 2
1242183 9 7 1
1242231 9 7 2
1242234 9 42 2
1242293 9 7 1
1242300 9 7 2
1242344 9 38 2
1242422 9 4 0
1242434 9 7 2
1242435 9 7 1
1242454 9 18 2
1242496 9 7 2
1242564 9 25 2
1242606 9 7 2
1242676 9 6 2
1242697 9 4 2
1242750 9 7 2
1243019 9 7 1
1243123 9 7 1
1243215 9 7 1
1243245 9 40 2
1243273 9 5 0
1243311 9 7 2
1243354 9 12 2
1243373 9 7 1
1243404 9 7 2
1243464 9 16 2
1243506 9 7 2
1243531 9 5 2
1243586 9 7 1
1243594 9 44 2
1243673 9 7 1
1243681 9 7 2
1243726 9 7 1
1243805 9 47 2
1243911 9 7 2
1243915 9 7 2
1243997 9 7 2
1244025 9 8 2
1244059 9 7 2
1244107 9 6 0
1244208 9 7 1
1244424 9 49 2
1244467 9 6 2
1244467 9 7 1
1244490 9 7 2
1244588 9 7 1
1244681 9 7 1
1244685 9 48 2
1244758 9 7 2
1244799 9 7 1
1244815 9 21 2
1244884 9 7 2
1244896 9 7 1
1244924 9 26 2
1244973 9 7 2
1245013 9 7 1
1245034 9 34 2
1245043 9 7 0
1245092 9 7 2
1245144 9 1 2
1245146 9 7 1
1245178 9 7 2
1245254 9 24 2
1245257 9 7 1
1245306 9 7 2
1245364 9 27 2
1245376 9 7 2
1245422 9 7 2
1245476 9 5 2
1245492 9 7 1
1245542 9 7 2
1245595 9 7 1
1245664 9 7 1
1245704 9 58 2
1245786 9 7 2
1245814 9 43 2
1245888 9 7 2
1245924 9 10 2
1245952 9 8 0
1245952 9 8 0
1245958 9 7 2
1245967 9 7 1
1245978 9 8 2
1246021 9 7 1
1246163 9 7 1
1246184 9 61 2
1246202 9 8 2
1246234 9 7 1
1246290 9 7 2
1246294 9 33 2
1246343 9 7 2
1246360 9 7 1
1246404 9 37 2
1246471 9 7 1
1246486 9 7 2
1246514 9 11 2
1246556 9 7 2
1246605 9 7 1
1246624 9 3 2
1246674 9 7 2
1246699 9 7 1
1246734 9 19 2
1246778 9 9 0
1246786 9 7 2
1246787 9 7 1
1246844 9 22 2
1246919 9 7 2
1246929 9 7 1
1246954 9 4 2
1247012 9 7 2
1247064 9 9 2
1247080 9 9 2
1247089 9 7 2
1247174 9 20 2
1247191 9 7 1
1247232 9 7 2
1247292 9 7 1
1247385 9 7 1
1247404 9 53 2
1247504 9 7 2
1247514 9 31 2
1247520 9 7 1
1247604 9 7 2
1247624 9 7 1
1247624 9 29 2
1247656 9 10 0
1247700 9 7 2
1247734 9 60 2
1247739 9 7 1
1247827 9 7 1
1247832 9 7 2
1247844 9 52 2
1247934 9 7 2
1247951 9 7 1
1247954 9 39 2
1247988 9 10 2
1248052 9 7 2
1248064 9 35 2
1248131 9 7 2
1248161 9 7 1
1248174 9 32 2
1248232 9 7 2
1248345 9 7 1
1248384 9 59 2
1248471 9 7 1
1248474 9 7 2
1248564 9 11 0
1248564 9 57 2
1248565 9 7 1
1248637 9 7 2
1248658 9 7 1
1248684 9 45 2
1248774 9 7 2
1248794 9 36 2
1248868 9 7 2
1248898 9 11 2
1248904 9 41 2
1248963 9 7 2
1249474 9 12 0
1249766 9 12 2
1250342 9 13 0
1250615 9 13 2
1251191 9 14 0
1251529 9 14 2
1252105 9 15 0
1252418 9 15 2
1252994 9 16 0
1253240 9 16 2
1253816 9 17 0
1254139 9 17 2
1254715 9 18 0
1255026 9 18 2
1255602 9 19 0
1255938 9 19 2
1256514 9 20 0
1256834 9 20 2
1257410 9 21 0
1257709 9 21 2
1258285 9 22 0
1258608 9 22 2
1259184 9 23 0
1259488 9 23 2
1260064 9 24 0
1260308 9 24 2
1260884 9 25 0
1261217 9 25 2
1261793 9 26 0
1262096 9 26 2
1262114 9 7 1
1262334 9 0 2
1262376 9 7 2
1262672 9 27 0
1262988 9 27 2
1263564 9 28 0
1263852 9 28 2
1264428 9 29 0
1264707 9 29 2
1265283 9 30 0
1265608 9 30 2
1266184 9 31 0
1266538 9 31 2
1267114 9 32 0
1267386 9 32 2
1267962 9 33 0
1268254 9 33 2
1268830 9 34 0
1269096 9 34 2
1269672 9 35 0
1269968 9 35 2
1270544 9 36 0
1270840 9 36 2
1271416 9 37 0
1271705 9 37 2
1272281 9 38 0
1272598 9 38 2
1273174 9 39 0
1273458 9 39 2
1274034 9 40 0
1274314 9 40 2
1288474 9 8 0
1288802 9 8 2
1302693 9 2 0
1302694 9 7 1
1302913 9 2 2
1302954 9 7 2
1322494 9 31 0
1322612 9 31 2
1322656 9 35 0
1323018 9 35 2
1323078 9 32 0
1323224 9 32 2
1323324 9 33 0
1323445 9 33 2
1323537 9 34 0
1323645 9 34 2
1323677 9 1 0
1323710 9 1 2
1323754 9 32 0
1323847 9 32 2
1323855 9 35 0
1323962 9 35 2
1323966 9 60 0
1324128 9 60 2
1324144 9 61 0
1324265 9 61 2
1324325 9 48 0
1324457 9 48 2
1324497 9 49 0
1324612 9 49 2
1324648 9 36 0
1324648 9 36 0
1324714 9 36 2
1324769 9 36 2
1324833 9 37 0
1324833 9 37 0
1324907 9 37 2
1324941 9 37 2
1324989 9 58 0
1324989 9 58 0
1325063 9 58 2
1325111 9 58 2
1325123 9 31 0
1325411 9 31 2
1325423 9 30 0
1325525 9 19 0
1325769 9 30 2
1325777 9 59 0
1325777 9 59 0
1325860 9 59 2
1325900 9 59 2
1325952 9 34 0
1326218 9 34 2
1326258 9 0 0
1326258 9 0 0
1326292 9 0 2
1326459 9 0 2
1326467 9 33 0
1326755 9 33 2
1326771 9 60 0
1326901 9 60 2
1326904 9 19 0
1326921 9 32 0
1327166 9 32 2
1327242 9 61 0
1327363 9 61 2
1327487 9 62 0
1327709 9 62 2
1327797 9 12 0
1327910 9 12 2
1327922 9 39 0
1328039 9 39 2
1328051 9 13 0
1328157 9 13 2
1328161 9 48 0
1328262 9 48 2
1328274 9 59 0
1328379 9 19 0
1328387 9 59 2
1328415 9 54 0
1328415 9 54 0
1328513 9 54 2
1328539 9 54 2
1328579 9 55 0
1329104 9 55 2
1329128 9 56 0
1329270 9 56 2
1329298 9 57 0
1329407 9 57 2
1329471 9 58 0
1329547 9 8 2
1329593 9 58 2
1329629 9 49 0
1329719 9 49 2
1329759 9 63 0
1330099 9 63 2
1330109 9 8 2
1330147 9 15 0
1330238 9 15 2
1330254 9 44 0
1330368 9 44 2
1330388 9 45 0
1330470 9 8 2
1330517 9 45 2
1330679 9 8 2
1330765 9 0 0
1330978 9 0 2
1331070 9 1 0
1331119 9 1 2
1331123 9 46 0
1331237 9 46 2
1331333 9 2 0
1331449 9 2 2
1331457 9 47 0
1331464 9 7 2
1331561 9 6 2
1331581 9 47 2
1331593 9 41 0
1331675 9 41 2
1331747 9 3 0
1331861 9 3 2
1331869 9 12 0
1331935 9 12 2
1332187 9 5 0
1332300 9 5 2
1332348 9 6 0
1332462 9 6 2
1332550 9 7 0
1332640 9 7 2
1332748 9 8 0
1332781 9 8 2
1332837 9 1 0
1332837 9 1 0
1332863 9 1 2
1332889 9 1 2
1333337 9 46 0
1333451 9 46 2
1333459 9 4 0
1333623 9 4 2
1333647 9 47 0
1333680 9 19 0
1333769 9 47 2
1333913 9 12 0
1333979 9 12 2
1334343 9 10 0
1334393 9 10 2
1334513 9 1 0
1334571 9 1 2
1335019 9 46 0
1335019 9 46 0
1335109 9 46 2
1335126 9 46 2
1335158 9 47 0
1335272 9 47 2
1335416 9 12 0
1335428 9 5 2
1335474 9 12 2
1335958 9 1 0
1335958 9 1 0
1335991 9 1 2
1336064 9 1 2
1336439 9 46 0
1336547 9 46 2
1336579 9 47 0
1336579 9 47 0
1336694 9 47 2
1336718 9 47 2
1336838 9 12 0
1336838 9 12 0
1336880 9 12 2
1336897 9 12 2
1337381 9 1 0
1337381 9 1 0
1337407 9 1 2
1337414 9 1 2
1337862 9 46 0
1337862 9 46 0
1337952 9 46 2
1337964 9 46 2
1337996 9 47 0
1337996 9 47 0
1338095 9 47 2
1338108 9 47 2
1338197 9 19 0
1338252 9 12 0
1338252 9 12 0
1338294 9 12 2
1338303 9 12 2
1338787 9 1 0
1338787 9 1 0
1338814 9 1 2
1338819 9 1 2
1339267 9 46 0
1339267 9 46 0
1339358 9 46 2
1339365 9 46 2
1339397 9 47 0
1339397 9 47 0
1339495 9 47 2
1339505 9 47 2
1339649 9 12 0
1339649 9 12 0
1339691 9 12 2
1339704 9 12 2
1339745 9 19 0
1340188 9 1 0
1340188 9 1 0
1340214 9 1 2
1340227 9 1 2
1340439 9 19 0
1340675 9 46 0
1340675 9 46 0
1340776 9 46 2
1340780 9 46 2
1340812 9 47 0
1340812 9 47 0
1340910 9 47 2
1340918 9 47 2
1341062 9 12 0
1341062 9 12 0
1341104 9 12 2
1341112 9 12 2
1341596 9 1 0
1341596 9 1 0
1341622 9 1 2
1341629 9 1 2
1342061 9 9 0
1342070 9 19 0
1342119 9 9 2
1342135 9 46 0
1342135 9 46 0
1342225 9 46 2
1342235 9 46 2
1342267 9 47 0
1342267 9 47 0
1342365 9 47 2
1342370 9 19 0
1342373 9 47 2
1342477 9 19 0
1342517 9 12 0
1342517 9 12 0
1342559 9 12 2
1342567 9 12 2
1343017 9 2 0
1343018 9 2 2
1343051 9 1 0
1343051 9 1 0
1343077 9 1 2
1343085 9 1 2
1343533 9 46 0
1343533 9 46 0
1343623 9 46 2
1343634 9 46 2
1343666 9 47 0
1343666 9 47 0
1343765 9 47 2
1343771 9 47 2
1343915 9 12 0
1343915 9 12 0
1343957 9 12 2
1343966 9 12 2
1344450 9 1 0
1344450 9 1 0
1344476 9 1 2
1344484 9 1 2
1344932 9 46 0
1344932 9 46 0
1345022 9 46 2
1345041 9 46 2
1345073 9 47 0
1345073 9 47 0
1345171 9 47 2
1345188 9 47 2
1345332 9 12 0
1345332 9 12 0
1345374 9 12 2
1345383 9 12 2
1345780 9 19 0
1345867 9 1 0
1345867 9 1 0
1345893 9 1 2
1345901 9 1 2
1346349 9 46 0
1346349 9 46 0
1346442 9 46 2
1346450 9 46 2
1346482 9 47 0
1346482 9 47 0
1346584 9 47 2
1346589 9 47 2
1346733 9 12 0
1346733 9 12 0
1346775 9 12 2
1346783 9 12 2
1347267 9 1 0
1347267 9 1 0
1347294 9 1 2
1347309 9 1 2
1347757 9 46 0
1347757 9 46 0
1347847 9 46 2
1347855 9 46 2
1347887 9 47 0
1347887 9 47 0
1347985 9 47 2
1347994 9 47 2
1348138 9 12 0
1348138 9 12 0
1348182 9 12 2
1348190 9 12 2
1348228 9 19 0
1348674 9 1 0
1348674 9 1 0
1348700 9 1 2
1348708 9 1 2
1349156 9 46 0
1349156 9 46 0
1349246 9 46 2
1349253 9 46 2
1349285 9 47 0
1349285 9 47 0
1349385 9 47 2
1349390 9 47 2
1349534 9 12 0
1349534 9 12 0
1349577 9 12 2
1349599 9 12 2
1350068 9 19 0
1350083 9 1 0
1350083 9 1 0
1350113 9 1 2
1350128 9 1 2
1350168 9 19 0
1350576 9 46 0
1350576 9 46 0
1350677 9 46 2
1350681 9 46 2
1350709 9 47 0
1350709 9 47 0
1350823 9 47 2
1350834 9 47 2
1350978 9 12 0
1350978 9 12 0
1351021 9 12 2
1351035 9 12 2
1351519 9 1 0
1351519 9 1 0
1351545 9 1 2
1351552 9 1 2
1352000 9 46 0
1352000 9 46 0
1352104 9 46 2
1352120 9 46 2
1352136 9 47 0
1352136 9 47 0
1352155 9 19 0
1352236 9 47 2
1352248 9 47 2
1352392 9 12 0
1352392 9 12 0
1352434 9 12 2
1352442 9 12 2
1352926 9 1 0
1352926 9 1 0
1352953 9 1 2
1352962 9 1 2
1353247 9 19 0
1353394 9 10 0
1353484 9 10 2
1353500 9 46 0
1353500 9 46 0
1353590 9 46 2
1353598 9 46 2
1353630 9 47 0
1353630 9 47 0
1353730 9 47 2
1353737 9 47 2
1353881 9 12 0
1353881 9 12 0
1353923 9 12 2
1353930 9 12 2
1354414 9 1 0
1354414 9 1 0
1354440 9 1 2
1354448 9 1 2
1354896 9 46 0
1354896 9 46 0
1354988 9 46 2
1355003 9 46 2
1355035 9 47 0
1355035 9 47 0
1355136 9 47 2
1355148 9 47 2
1355292 9 12 0
1355292 9 12 0
1355334 9 12 2
1355342 9 12 2
1355581 9 19 0
1355826 9 1 0
1355826 9 1 0
1355852 9 1 2
1355860 9 1 2
1356308 9 46 0
1356308 9 46 0
1356398 9 46 2
1356409 9 46 2
1356441 9 47 0
1356441 9 47 0
1356539 9 47 2
1356547 9 47 2
1356691 9 12 0
1356691 9 12 0
1356733 9 12 2
1356740 9 12 2
1357224 9 1 0
1357224 9 1 0
1357250 9 1 2
1357258 9 1 2
1357706 9 46 0
1357706 9 46 0
1357796 9 46 2
1357803 9 46 2
1357835 9 47 0
1357835 9 47 0
1357933 9 47 2
1357941 9 47 2
1358085 9 12 0
1358085 9 12 0
1358127 9 12 2
1358135 9 12 2
1358619 9 1 0
1358619 9 1 0
1358645 9 1 2
1358655 9 1 2
1359103 9 46 0
1359103 9 46 0
1359207 9 46 2
1359209 9 46 2
1359239 9 47 0
1359239 9 47 0
1359337 9 47 2
1359347 9 47 2
1359491 9 12 0
1359491 9 12 0
1359533 9 12 2
1359540 9 12 2
1359885 9 19 0
1360024 9 1 0
1360024 9 1 0
1360050 9 1 2
1360058 9 1 2
1360506 9 46 0
1360506 9 46 0
1360597 9 46 2
1360605 9 46 2
1360637 9 47 0
1360637 9 47 0
1360735 9 47 2
1360743 9 47 2
1360887 9 12 0
1360887 9 12 0
1360929 9 12 2
1360936 9 12 2
1361420 9 1 0
1361420 9 1 0
1361448 9 1 2
1361460 9 1 2
1361700 9 19 0
1361908 9 46 0
1361908 9 46 0
1361998 9 46 2
1362011 9 46 2
1362043 9 47 0
1362043 9 47 0
1362143 9 47 2
1362151 9 47 2
1362295 9 12 0
1362295 9 12 0
1362337 9 12 2
1362344 9 12 2
1362828 9 1 0
1362828 9 1 0
1362855 9 1 2
1362864 9 1 2
1363312 9 46 0
1363312 9 46 0
1363402 9 46 2
1363410 9 46 2
1363442 9 47 0
1363442 9 47 0
1363542 9 47 2
1363551 9 19 0
1363552 9 47 2
1363696 9 12 0
1363696 9 12 0
1363738 9 12 2
1363746 9 12 2
1364230 9 1 0
1364230 9 1 0
1364256 9 1 2
1364269 9 1 2
1364701 9 11 0
1364701 9 11 0
1364735 9 11 2
1364793 9 11 2
1364809 9 46 0
1364809 9 46 0
1364899 9 46 2
1364915 9 46 2
1364947 9 47 0
1364947 9 47 0
1365050 9 47 2
1365053 9 47 2
1365197 9 12 0
1365197 9 12 0
1365241 9 12 2
1365253 9 12 2
1365625 9 19 0
1365737 9 1 0
1365737 9 1 0
1365763 9 1 2
1365776 9 1 2
1365829 9 19 0
1366224 9 46 0
1366224 9 46 0
1366314 9 46 2
1366321 9 46 2
1366353 9 47 0
1366353 9 47 0
1366452 9 47 2
1366469 9 19 0
1366470 9 47 2
1366583 9 19 0
1366614 9 12 0
1366614 9 12 0
1366656 9 12 2
1366663 9 12 2
1367147 9 1 0
1367147 9 1 0
1367175 9 1 2
1367182 9 1 2
1367630 9 46 0
1367630 9 46 0
1367723 9 46 2
1367731 9 46 2
1367763 9 47 0
1367763 9 47 0
1367862 9 47 2
1367874 9 47 2
1368018 9 12 0
1368018 9 12 0
1368060 9 12 2
1368067 9 12 2
1368551 9 1 0
1368551 9 1 0
1368577 9 1 2
1368585 9 1 2
1369033 9 46 0
1369033 9 46 0
1369123 9 46 2
1369132 9 46 2
1369164 9 47 0
1369164 9 47 0
1369262 9 47 2
1369271 9 47 2
1369415 9 12 0
1369415 9 12 0
1369457 9 12 2
1369464 9 12 2
1369874 9 19 0
1369948 9 1 0
1369948 9 1 0
1369974 9 1 2
1369982 9 1 2
1370272 9 19 0
1370370 9 19 0
1370430 9 46 0
1370430 9 46 0
1370520 9 46 2
1370532 9 46 2
1370564 9 47 0
1370564 9 47 0
1370667 9 47 2
1370674 9 47 2
1370818 9 12 0
1370818 9 12 0
1370860 9 12 2
1370867 9 12 2
1371351 9 1 0
1371351 9 1 0
1371377 9 1 2
1371385 9 1 2
1371833 9 46 0
1371833 9 46 0
1371923 9 46 2
1371943 9 46 2
1371975 9 47 0
1371975 9 47 0
1372073 9 47 2
1372084 9 47 2
1372228 9 12 0
1372228 9 12 0
1372271 9 12 2
1372279 9 12 2
1372526 9 19 0
1372641 9 19 0
1372763 9 1 0
1372763 9 1 0
1372789 9 1 2
1372810 9 1 2
1373258 9 46 0
1373258 9 46 0
1373359 9 46 2
1373370 9 46 2
1373402 9 47 0
1373402 9 47 0
1373500 9 47 2
1373511 9 47 2
1373655 9 12 0
1373655 9 12 0
1373697 9 12 2
1373704 9 12 2
1374188 9 1 0
1374188 9 1 0
1374214 9 1 2
1374223 9 1 2
1374507 9 19 0
1374671 9 46 0
1374671 9 46 0
1374761 9 46 2
1374783 9 46 2
1374815 9 47 0
1374815 9 47 0
1374913 9 47 2
1374924 9 47 2
1375068 9 12 0
1375068 9 12 0
1375110 9 12 2
1375117 9 12 2
1375601 9 1 0
1375601 9 1 0
1375627 9 1 2
1375634 9 1 2
1376066 9 12 0
1376066 9 12 0
1376108 9 12 2
1376116 9 12 2
1376132 9 46 0
1376132 9 46 0
1376225 9 46 2
1376233 9 46 2
1376265 9 47 0
1376265 9 47 0
1376363 9 47 2
1376372 9 47 2
1376516 9 12 0
1376516 9 12 0
1376558 9 12 2
1376565 9 12 2
1376573 9 19 0
1377049 9 1 0
1377049 9 1 0
1377075 9 1 2
1377093 9 1 2
1377541 9 46 0
1377541 9 46 0
1377631 9 46 2
1377645 9 46 2
1377677 9 47 0
1377677 9 47 0
1377775 9 47 2
1377783 9 47 2
1377927 9 12 0
1377927 9 12 0
1377969 9 12 2
1377977 9 12 2
1378461 9 1 0
1378461 9 1 0
1378487 9 1 2
1378495 9 1 2
1378765 9 19 0
1378915 9 19 0
1378943 9 46 0
1378943 9 46 0
1379033 9 46 2
1379047 9 46 2
1379079 9 47 0
1379079 9 47 0
1379179 9 47 2
1379186 9 47 2
1379330 9 12 0
1379330 9 12 0
1379372 9 12 2
1379379 9 12 2
1379713 9 19 0
1379863 9 1 0
1379863 9 1 0
1379889 9 1 2
1379901 9 1 2
1380349 9 46 0
1380349 9 46 0
1380439 9 46 2
1380447 9 46 2
1380479 9 47 0
1380479 9 47 0
1380577 9 47 2
1380585 9 47 2
1380729 9 12 0
1380729 9 12 0
1380771 9 12 2
1380779 9 12 2
1381263 9 1 0
1381263 9 1 0
1381289 9 1 2
1381301 9 1 2
1381749 9 46 0
1381749 9 46 0
1381839 9 46 2
1381848 9 46 2
1381880 9 47 0
1381880 9 47 0
1381978 9 47 2
1382008 9 47 2
1382152 9 12 0
1382152 9 12 0
1382197 9 12 2
1382242 9 12 2
1382726 9 1 0
1382726 9 1 0
1382754 9 1 2
1382761 9 1 2
1383209 9 46 0
1383209 9 46 0
1383299 9 46 2
1383307 9 46 2
1383339 9 47 0
1383339 9 47 0
1383437 9 47 2
1383449 9 47 2
1383526 9 19 0
1383593 9 12 0
1383593 9 12 0
1383635 9 12 2
1383643 9 12 2
1384127 9 1 0
1384127 9 1 0
1384153 9 1 2
1384161 9 1 2
1384609 9 46 0
1384609 9 46 0
1384699 9 46 2
1384707 9 46 2
1384739 9 47 0
1384739 9 47 0
1384837 9 47 2
1384845 9 47 2
1384960 9 19 0
1384989 9 12 0
1384989 9 12 0
1385041 9 12 2
1385063 9 19 0
1385071 9 12 2
1385525 9 1 0
1385525 9 1 0
1385553 9 1 2
1385565 9 1 2
1386013 9 46 0
1386013 9 46 0
1386103 9 46 2
1386112 9 46 2
1386144 9 47 0
1386144 9 47 0
1386242 9 47 2
1386252 9 47 2
1386396 9 12 0
1386396 9 12 0
1386438 9 12 2
1386449 9 12 2
1386933 9 1 0
1386933 9 1 0
1386959 9 1 2
1386967 9 1 2
1387399 9 13 0
1387507 9 13 2
1387523 9 46 0
1387523 9 46 0
1387613 9 46 2
1387622 9 46 2
1387654 9 47 0
1387654 9 47 0
1387752 9 47 2
1387760 9 47 2
1387840 9 19 0
1387904 9 12 0
1387904 9 12 0
1387948 9 12 2
1387953 9 12 2
1387978 9 19 0
1388437 9 1 0
1388437 9 1 0
1388463 9 1 2
1388471 9 1 2
1388919 9 46 0
1388919 9 46 0
1389009 9 46 2
1389019 9 46 2
1389051 9 47 0
1389051 9 47 0
1389149 9 47 2
1389157 9 47 2
1389301 9 12 0
1389301 9 12 0
1389343 9 12 2
1389351 9 12 2
1389835 9 1 0
1389835 9 1 0
1389861 9 1 2
1389869 9 1 2
1390317 9 46 0
1390317 9 46 0
1390407 9 46 2
1390414 9 46 2
1390446 9 47 0
1390446 9 47 0
1390544 9 47 2
1390552 9 47 2
1390696 9 12 0
1390696 9 12 0
1390739 9 12 2
1390744 9 12 2
1390957 9 19 0
1391228 9 1 0
1391228 9 1 0
1391263 9 1 2
1391265 9 1 2
1391374 9 19 0
1391713 9 46 0
1391713 9 46 0
1391811 9 46 2
1391818 9 46 2
1391850 9 47 0
1391850 9 47 0
1391948 9 47 2
1391956 9 47 2
1392100 9 12 0
1392100 9 12 0
1392142 9 12 2
1392154 9 12 2
1392219 9 19 0
1392638 9 1 0
1392638 9 1 0
1392666 9 1 2
1392673 9 1 2
1393121 9 46 0
1393121 9 46 0
1393211 9 46 2
1393219 9 46 2
1393251 9 47 0
1393251 9 47 0
1393349 9 47 2
1393365 9 47 2
1393509 9 12 0
1393509 9 12 0
1393555 9 12 2
1393557 9 12 2
1394041 9 1 0
1394041 9 1 0
1394067 9 1 2
1394075 9 1 2
1394523 9 46 0
1394523 9 46 0
1394615 9 46 2
1394624 9 46 2
1394656 9 47 0
1394656 9 47 0
1394754 9 47 2
1394762 9 47 2
1394906 9 12 0
1394906 9 12 0
1394948 9 12 2
1394956 9 12 2
1395440 9 1 0
1395440 9 1 0
1395468 9 1 2
1395478 9 1 2
1395926 9 46 0
1395926 9 46 0
1396016 9 46 2
1396023 9 46 2
1396055 9 47 0
1396055 9 47 0
1396155 9 47 2
1396163 9 47 2
1396307 9 12 0
1396307 9 12 0
1396350 9 12 2
1396355 9 12 2
1396393 9 19 0
1396486 9 19 0
1396598 9 19 0
1396839 9 1 0
1396839 9 1 0
1396865 9 1 2
1396873 9 1 2
1397230 9 19 0
1397321 9 46 0
1397321 9 46 0
1397411 9 46 2
1397419 9 46 2
1397451 9 47 0
1397451 9 47 0
1397549 9 47 2
1397557 9 47 2
1397701 9 12 0
1397701 9 12 0
1397743 9 12 2
1397752 9 12 2
1398236 9 1 0
1398236 9 1 0
1398262 9 1 2
1398270 9 1 2
1398702 9 14 0
1398832 9 14 2
1398848 9 46 0
1398848 9 46 0
1398938 9 46 2
1398946 9 46 2
1398978 9 47 0
1398978 9 47 0
1399077 9 47 2
1399085 9 47 2
1399229 9 12 0
1399229 9 12 0
1399271 9 12 2
1399278 9 12 2
1399433 9 19 0
1399528 9 19 0
1399762 9 1 0
1399762 9 1 0
1399788 9 1 2
1399800 9 1 2
1400248 9 46 0
1400248 9 46 0
1400338 9 46 2
1400346 9 46 2
1400378 9 47 0
1400378 9 47 0
1400476 9 47 2
1400484 9 47 2
1400628 9 12 0
1400628 9 12 0
1400670 9 12 2
1400678 9 12 2
1401162 9 1 0
1401162 9 1 0
1401188 9 1 2
1401196 9 1 2
1401644 9 46 0
1401644 9 46 0
1401734 9 46 2
1401745 9 46 2
1401777 9 47 0
1401777 9 47 0
1401875 9 47 2
1401976 9 47 2
1402120 9 12 0
1402120 9 12 0
1402171 9 12 2
1402192 9 12 2
1402655 9 1 0
1402655 9 1 0
1402690 9 1 2
1402731 9 1 2
1403138 9 46 0
1403138 9 46 0
1403243 9 46 2
1403275 9 47 0
1403275 9 47 0
1403322 9 46 2
1403381 9 47 2
1403454 9 47 2
1403525 9 12 0
1403525 9 12 0
1403576 9 12 2
1403577 9 12 2
1404060 9 1 0
1404060 9 1 0
1404095 9 1 2
1404106 9 1 2
1404543 9 46 0
1404543 9 46 0
1404635 9 46 2
1404651 9 19 0
1404668 9 46 2
1404700 9 47 0
1404700 9 47 0
1404781 9 19 0
1404799 9 47 2
1404811 9 47 2
1404887 9 19 0
1404955 9 12 0
1404955 9 12 0
1404997 9 12 2
1405005 9 12 2
1405285 9 19 0
1405489 9 1 0
1405489 9 1 0
1405515 9 1 2
1405523 9 1 2
1405971 9 46 0
1405971 9 46 0
1406062 9 46 2
1406090 9 46 2
1406122 9 47 0
1406122 9 47 0
1406220 9 47 2
1406228 9 47 2
1406372 9 12 0
1406372 9 12 0
1406414 9 12 2
1406424 9 12 2
1406908 9 1 0
1406908 9 1 0
1406934 9 1 2
1406941 9 1 2
1407165 9 19 0
1407255 9 19 0
1407389 9 46 0
1407389 9 46 0
1407492 9 46 2
1407541 9 46 2
1407573 9 47 0
1407573 9 47 0
1407681 9 47 2
1407704 9 47 2
1407848 9 12 0
1407848 9 12 0
1407890 9 12 2
1407899 9 12 2
1408383 9 1 0
1408383 9 1 0
1408409 9 1 2
1408416 9 1 2
1408864 9 46 0
1408864 9 46 0
1408954 9 46 2
1408986 9 46 2
1409018 9 47 0
1409018 9 47 0
1409116 9 47 2
1409137 9 47 2
1409281 9 12 0
1409281 9 12 0
1409323 9 12 2
1409330 9 12 2
1409718 9 1 0
1409718 9 1 0
1409744 9 1 2
1409751 9 1 2
1410183 9 7 0
1410291 9 7 2
1410307 9 46 0
1410307 9 46 0
1410401 9 46 2
1410412 9 46 2
1410444 9 47 0
1410444 9 47 0
1410553 9 47 2
1410571 9 47 2
1410715 9 12 0
1410715 9 12 0
1410757 9 12 2
1410764 9 12 2
1411248 9 1 0
1411248 9 1 0
1411274 9 1 2
1411282 9 1 2
1411730 9 46 0
1411730 9 46 0
1411830 9 46 2
1411838 9 46 2
1411870 9 47 0
1411870 9 47 0
1411978 9 47 2
1411999 9 47 2
1412143 9 12 0
1412143 9 12 0
1412185 9 12 2
1412192 9 12 2
1412676 9 1 0
1412676 9 1 0
1412711 9 1 2
1412713 9 1 2
1413161 9 46 0
1413161 9 46 0
1413255 9 46 2
1413269 9 46 2
1413301 9 47 0
1413301 9 47 0
1413345 9 19 0
1413410 9 47 2
1413426 9 47 2
1413543 9 2 0
1413570 9 5 0
1413644 9 5 2
1413652 9 61 0
1413652 9 61 0
1413760 9 61 2
1413814 9 61 2
1413822 9 29 0
1414101 9 29 2
1414117 9 62 0
1414117 9 62 0
1414223 9 62 2
1414266 9 62 2
1414404 9 2 0
1414542 9 63 0
1414542 9 63 0
1414656 9 63 2
1414691 9 63 2
1415115 9 12 0
1415115 9 12 0
1415158 9 12 2
1415184 9 12 2
1415298 9 2 0
1415330 9 7 2
1415524 9 2 0
1415624 9 11 0
1415690 9 11 2
1415740 9 2 0
1415807 9 2 0
1415902 9 1 0
1415902 9 1 0
1415928 9 1 2
1415936 9 1 2
1416384 9 46 0
1416384 9 46 0
1416474 9 46 2
1416485 9 46 2
1416517 9 47 0
1416517 9 47 0
1416594 9 2 0
1416617 9 47 2
1416628 9 47 2
1416772 9 12 0
1416772 9 12 0
1416814 9 12 2
1416821 9 12 2
1417022 9 2 0
1417142 9 2 0
1417305 9 1 0
1417305 9 1 0
1417331 9 1 2
1417339 9 1 2
1417787 9 46 0
1417787 9 46 0
1417880 9 46 2
1417895 9 46 2
1417927 9 47 0
1417927 9 47 0
1418035 9 47 2
1418056 9 47 2
1418200 9 12 0
1418200 9 12 0
1418242 9 12 2
1418251 9 12 2
1418524 9 2 0
1418735 9 1 0
1418735 9 1 0
1418745 9 2 0
1418761 9 1 2
1418768 9 1 2
1418855 9 2 0
1419216 9 46 0
1419216 9 46 0
1419327 9 46 2
1419358 9 2 0
1419369 9 46 2
1419401 9 47 0
1419401 9 47 0
1419499 9 47 2
1419517 9 47 2
1419651 9 2 0
1419661 9 12 0
1419661 9 12 0
1419703 9 12 2
1419711 9 12 2
1419789 9 2 0
1419890 9 2 0
1420195 9 1 0
1420195 9 1 0
1420221 9 1 2
1420228 9 1 2
1420230 9 2 0
1420376 9 2 0
1420476 9 2 0
1420560 9 2 0
1420635 9 2 0
1420676 9 46 0
1420676 9 46 0
1420736 9 2 0
1420776 9 46 2
1420794 9 46 2
1420797 9 6 2
1420826 9 47 0
1420826 9 47 0
1420873 9 2 0
1420937 9 47 2
1420941 9 2 0
1420947 9 47 2
1421009 9 5 2
1421045 9 2 0
1421091 9 12 0
1421139 9 12 2
1421148 9 2 0
1421271 9 1 0
1421431 9 1 2
1421459 9 6 2
1421607 9 1 0
1421638 9 2 0
1421719 9 2 0
1421821 9 2 0
1421897 9 1 2
1421975 9 2 0
1422051 9 2 0
1422073 9 1 0
1422073 9 1 0
1422099 9 1 2
1422110 9 2 0
1422116 9 1 2
1422273 9 2 0
1422541 9 7 2
1422564 9 46 0
1422564 9 46 0
1422655 9 46 2
1422660 9 46 2
1422692 9 47 0
1422692 9 47 0
1422699 9 2 0
1422791 9 47 2
1422800 9 47 2
1422850 9 2 0
1422944 9 12 0
1422944 9 12 0
1422945 9 2 0
1422986 9 12 2
1422995 9 12 2
1423019 9 2 0
1423110 9 2 0
1423127 9 1 0
1423163 9 4 2
1423203 9 2 0
1423256 9 3 0
1423256 9 0 2
1423367 9 1 2
1423379 9 2 0
1423630 9 2 0
1423715 9 0 2
1423719 9 1 0
1423752 9 1 2
1423782 9 8 2
1423915 9 2 0
1423932 9 1 0
1423983 9 1 2
1423999 9 2 0
1424098 9 2 0
1424149 9 2 0
1424251 9 46 0
1424251 9 46 0
1424268 9 8 2
1424276 9 2 0
1424341 9 46 2
1424350 9 46 2
1424382 9 47 0
1424382 9 47 0
1424450 9 2 0
1424461 9 8 2
1424480 9 47 2
1424488 9 47 2
1424526 9 2 0
1424632 9 12 0
1424632 9 12 0
1424674 9 12 2
1424681 9 12 2
1424813 9 1 0
1424863 9 1 2
1424904 9 2 0
1425207 9 9 0
1425216 9 2 0
1425257 9 9 2
1425381 9 55 0
1425507 9 55 2
1425511 9 1 0
1425573 9 1 2
1425597 9 56 0
1425709 9 2 0
1425719 9 56 2
1425739 9 45 0
1425818 9 2 0
1425836 9 45 2
1425880 9 7 0
1425926 9 2 0
1425985 9 7 2
1425997 9 46 0
1426002 9 2 0
1426102 9 46 2
1426110 9 2 0
1426178 9 63 0
1426341 9 2 0
1426453 9 63 2
1426461 9 47 0
1426574 9 47 2
1426678 9 62 0
1426678 9 62 0
1426784 9 62 2
1426791 9 62 2
1426807 9 2 0
1426915 9 61 0
1426915 9 61 0
1427013 9 61 2
1427021 9 61 2
1427557 9 1 0
1427557 9 1 0
1427583 9 1 2
1427594 9 2 0
1427633 9 1 2
1427713 9 2 0
1427717 9 58 0
1427717 9 58 0
1427791 9 58 2
1427842 9 58 2
1427922 9 59 0
1427922 9 59 0
1428004 9 59 2
1428047 9 59 2
1428101 9 2 0
1429357 9 2 0
1430437 9 2 0
1430582 9 2 0
1479055 9 2 0
1479056 9 2 2
1482807 9 2 0
1482808 9 2 2
1564486 9 2 2
1588123 9 2 0
1588124 9 2 2
1595926 9 2 0
1595927 9 7 1
1596144 9 2 2
1596186 9 7 2
1619266 9 2 0
1619267 9 7 1
1619484 9 2 2
1619526 9 7 2
1641232 9 2 0
1641233 9 2 2
1650690 9 2 0
1650691 9 7 1
1650903 9 2 2
1650944 9 7 2
1695420 9 2 0
1695421 9 7 1
1695633 9 2 2
1695674 9 7 2
1745518 9 2 0
1745519 9 7 1
1745734 9 2 2
1745776 9 7 2
1768818 9 2 0
1768819 9 7 1
1769034 9 2 2
1769076 9 7 2
1799142 9 2 0
1799143 9 7 1
1799353 9 2 2
1799394 9 7 2
1843943 9 2 0
1843944 9 7 1
1844163 9 2 2
1844204 9 7 2
1891838 9 2 0
1891839 9 7 1
1892054 9 2 2
1892096 9 7 2
1915178 9 2 0
1915179 9 7 1
1915394 9 2 2
1915436 9 7 2
1944874 9 2 0
1944875 9 2 2
1956522 9 2 0
1956523 9 7 1
1956733 9 2 2
1956774 9 7 2
2002123 9 7 1
2002124 9 2 0
2002333 9 2 2
2002374 9 7 2
2002762 9 2 0
2002763 9 2 2
2052208 9 2 0
2052209 9 7 1
2052424 9 2 2
2052466 9 7 2
2075528 9 2 0
2075529 9 7 1
2075744 9 2 2
2075786 9 7 2
2105262 9 2 0
2105263 9 7 1
2105473 9 2 2
2105514 9 7 2
2150033 9 2 0
2150034 9 7 1
2150253 9 2 2
2150294 9 7 2
2180520 9 15 0
2180520 9 15 0
2183727 9 15 2
2185598 9 15 2
2185814 9 36 0
2185814 9 36 0
2186242 9 36 2
2186286 9 37 0
2186286 9 37 0
2186427 9 37 2
2186559 9 8 0
2186559 9 8 0
2186585 9 8 2
2186630 9 37 2
2186680 9 8 2
2186728 9 0 0
2186728 9 0 0
2186763 9 0 2
2186849 9 0 2
2186937 9 36 0
2187004 9 36 2
2188256 9 0 0
2188801 9 36 2
2188807 9 36 0
2189043 9 6 2
2189501 9 6 2
2189530 9 36 2
2189562 9 38 0
2189562 9 38 0
2189661 9 6 2
2189887 9 38 2
2189893 9 8 2
2190047 9 54 0
2190047 9 54 0
2190165 9 54 2
2190261 9 54 2
2190293 9 12 0
2190293 9 12 0
2190332 9 8 2
2190341 9 12 2
2190345 9 12 2
2190409 9 37 0
2190409 9 37 0
2190483 9 37 2
2190488 9 8 2
2190491 9 37 2
2190585 9 38 2
2191479 9 47 0
2191650 9 47 2
2191674 9 11 0
2191674 9 11 0
2191708 9 11 2
2192357 9 11 2
2192485 9 1 0
2192485 9 1 0
2192511 9 1 2
2192536 9 1 2
2193024 9 2 0
2193383 9 2 2
2193431 9 15 0
2193431 9 15 0
2193457 9 7 2
2193564 9 15 2
2193577 9 15 2
2193652 9 38 0
2193652 9 38 0
2193734 9 38 2
2193808 9 38 2
2193922 9 7 2
2193964 9 46 0
2193964 9 46 0
2194054 9 46 2
2194070 9 46 2
2194082 9 7 2
2194122 9 0 0
2194122 9 0 0
2194156 9 0 2
2194175 9 0 2
2194323 9 47 0
2194323 9 47 0
2194421 9 47 2
2194433 9 47 2
2194449 9 12 0
2194504 9 12 2
2194540 9 47 0
2194651 9 47 2
2195027 9 44 0
2195027 9 44 0
2195101 9 44 2
2195135 9 44 2
2195815 9 63 0
2195815 9 63 0
2195939 9 63 2
2195976 9 63 2
2196180 9 58 0
2196180 9 58 0
2196254 9 58 2
2196325 9 58 2
2196409 9 46 0
2196532 9 46 2
2197088 9 15 0
2197088 9 15 0
2197168 9 3 0
2197168 9 0 2
2197204 9 15 2
2197212 9 15 2
2197475 9 2 0
2197476 9 0 0
2319806 9 2 0
2319807 9 2 2
2332943 9 2 0
2332944 9 2 2
2403945 9 2 0
2403946 9 2 2
2404363 9 2 0
2404364 9 2 2
2424369 9 2 0
2424370 9 2 2
2437822 9 2 0
2437823 9 2 2
2459705 9 2 0
2459706 9 2 2
2508773 9 2 0
2508774 9 7 1
2508990 9 2 2
2509032 9 7 2
2532213 9 2 0
2532214 9 7 1
2532430 9 2 2
2532472 9 7 2
2564337 9 2 0
2564338 9 7 1
2564549 9 2 2
2564590 9 7 2
2609499 9 2 0
2609500 9 7 1
2609719 9 2 2
2609760 9 7 2
2610148 9 2 0
2610149 9 2 2
2657041 9 2 0
2657042 9 2 2
2663363 9 2 0
2663364 9 7 1
2663580 9 2 2
2663622 9 7 2
2679755 9 2 0
2679756 9 2 2
2705849 9 2 2
2705850 9 2 0
2709459 9 2 2
2709460 9 2 0
2711180 9 2 2
2711181 9 2 0
2718950 9 2 0
2718951 9 7 1
2719167 9 2 2
2719208 9 7 2
2746413 9 2 0
2746414 9 2 2
2783151 9 2 0
2783152 9 7 1
2783366 9 2 2
2783408 9 7 2
2814956 9 2 0
2814957 9 7 1
2815175 9 2 2
2815216 9 7 2
2815604 9 2 0
2815605 9 2 2
2861065 9 2 0
2861066 9 7 1
2861295 9 2 2
2861336 9 7 2
2913696 9 2 0
2913697 9 7 1
2913912 9 2 2
2913954 9 7 2
2937126 9 2 0
2937127 9 7 1
2937342 9 2 2
2937384 9 7 2
2966990 9 2 0
2966991 9 7 1
2967201 9 2 2
2967242 9 7 2
3012051 9 2 0
3012052 9 7 1
3012271 9 2 2
3012312 9 7 2
3012700 9 2 0
3012701 9 2 2
3058146 9 2 0
3058147 9 2 2
3064567 9 2 0
3064568 9 7 1
3064783 9 2 2
3064825 9 7 2
3088127 9 2 0
3088128 9 7 1
3088353 9 2 2
3088395 9 7 2
3117821 9 7 1
3117822 9 2 0
3118032 9 2 2
3118073 9 7 2
3157082 9 15 0
3157082 9 15 0
3159599 9 15 2
3161018 9 15 2
3161578 9 38 0
3161578 9 38 0
3161870 9 38 2
3162804 9 0 0
3162833 9 38 2
3164765 9 15 0
3164765 9 15 0
3164831 9 15 2
3164839 9 15 2
3164927 9 38 0
3164927 9 38 0
3164937 9 3 0
3164937 9 0 2
3165340 9 0 2
3165502 9 38 2
3165786 9 7 0
3166044 9 7 2
3166359 9 38 2
3168068 9 15 0
3168068 9 15 0
3168134 9 15 2
3168172 9 15 2
3180442 9 2 0
3180443 9 0 0
3189341 9 2 0
3189342 9 7 1
3189559 9 2 2
3189600 9 7 2
3240507 9 7 1
3240508 9 2 0
3240723 9 2 2
3240765 9 7 2
3263827 9 7 1
3263828 9 2 0
3264043 9 2 2
3264085 9 7 2
3293681 9 2 0
3293682 9 7 1
3293892 9 2 2
3293933 9 7 2
3338822 9 2 0
3338823 9 7 1
3339042 9 2 2
3339083 9 7 2
3339471 9 2 2
3339472 9 2 0
3385057 9 2 0
3385058 9 2 2
3391369 9 2 0
3391370 9 7 1
3391585 9 2 2
3391627 9 7 2
3414769 9 2 0
3414770 9 7 1
3414985 9 2 2
3415027 9 7 2
3444523 9 2 0
3444524 9 7 1
3444734 9 2 2
3444775 9 7 2
3489433 9 2 0
3489434 9 7 1
3489644 9 2 2
3489685 9 7 2
3539348 9 7 1
3539349 9 2 0
3539563 9 2 2
3539605 9 7 2
3562768 9 7 1
3562769 9 2 0
3562983 9 2 2
3563025 9 7 2
3592732 9 2 0
3592733 9 7 1
3592952 9 2 2
3592993 9 7 2
3637853 9 7 1
3637854 9 2 0
3638072 9 2 2
3638113 9 7 2
3638501 9 2 0
3638502 9 2 2
3683786 9 2 0
3683787 9 2 2
3690163 9 2 0
3690164 9 7 1
3690379 9 2 2
3690421 9 7 2
3713493 9 2 0
3713494 9 7 1
3713709 9 2 2
3713751 9 7 2
3743187 9 2 0
3743188 9 7 1
3743408 9 2 2
3743449 9 7 2
3788037 9 2 0
3788038 9 7 1
3788248 9 2 2
3788289 9 7 2
3921513 9 2 0
3921514 9 2 2
3934052 9 2 0
3934053 9 2 2
4011136 9 2 0
4011137 9 2 2
4011554 9 2 0
4011555 9 2 2
4031429 9 2 0
4031430 9 2 2
4044565 9 2 0
4044566 9 2 2
4066482 9 2 0
4066483 9 2 2
4086029 9 2 0
4086030 9 7 1
4086241 9 2 2
4086282 9 7 2
4114137 9 2 0
4114138 9 7 1
4114354 9 2 2
4114396 9 7 2
4133645 9 15 0
4133645 9 15 0
4135601 9 15 2
4136946 9 15 2
4137506 9 38 0
4137506 9 38 0
4137638 9 38 2
4137671 9 38 2
4139603 9 15 0
4139603 9 15 0
4139669 9 15 2
4139837 9 15 2
4139925 9 38 0
4139925 9 38 0
4140213 9 0 0
4144020 9 38 2
4144627 9 38 2
4146316 9 3 0
4146316 9 0 2
4146328 9 15 0
4146328 9 15 0
4146404 9 15 2
4146422 9 15 2
4164357 9 2 0
4164358 9 7 1
4164584 9 2 2
4164626 9 7 2
4195401 9 2 0
4195402 9 7 1
4195613 9 2 2
4195654 9 7 2
4240281 9 2 0
4240282 9 7 1
4240493 9 2 2
4240534 9 7 2
4283578 9 2 0
4283579 9 2 2
4308525 9 2 0
4308526 9 2 2
4311526 9 2 0
4311527 9 2 2
4313170 9 2 0
4313171 9 2 2
4347408 9 2 0
4347409 9 2 2
4385035 9 2 0
4385036 9 7 1
4385251 9 2 2
4385293 9 7 2
4408375 9 2 0
4408376 9 7 1
4408591 9 2 2
4408633 9 7 2
4439359 9 2 0
4439360 9 7 1
4439570 9 2 2
4439611 9 7 2
4484490 9 2 0
4484491 9 7 1
4484710 9 2 2
4484751 9 7 2
4485139 9 2 0
4485140 9 2 2
4530623 9 2 2
4530624 9 2 0
4537015 9 2 0
4537016 9 7 1
4537231 9 2 2
4537273 9 7 2
4560345 9 2 0
4560346 9 7 1
4560561 9 2 2
4560603 9 7 2
4590029 9 2 0
4590030 9 7 1
4590240 9 2 2
4590281 9 7 2
4634919 9 2 0
4634920 9 7 1
4635130 9 2 2
4635171 9 7 2
4685030 9 2 0
4685031 9 7 1
4685246 9 2 2
4685288 9 7 2
4708340 9 2 0
4708341 9 7 1
4708556 9 2 2
4708598 9 7 2
4738194 9 2 0
4738195 9 7 1
4738405 9 2 2
4738446 9 7 2
4783275 9 2 0
4783276 9 7 1
4783495 9 2 2
4783536 9 7 2
4783924 9 2 0
4783925 9 2 2
4829245 9 2 0
4829246 9 2 2
4835606 9 2 0
4835607 9 7 1
4835822 9 2 2
4835864 9 7 2
4858936 9 2 0
4858937 9 7 1
4859152 9 2 2
4859194 9 7 2
4897324 9 2 0
4897325 9 7 1
4897536 9 2 2
4897577 9 7 2
4942304 9 7 1
4942305 9 2 0
4942516 9 2 2
4942557 9 7 2
4996280 9 2 0
4996281 9 7 1
4996497 9 2 2
4996539 9 7 2
5019610 9 2 0
5019611 9 7 1
5019827 9 2 2
5019869 9 7 2
5063132 9 2 0
5063133 9 7 1
5063347 9 2 2
5063389 9 7 2
5073248 9 2 0
5073249 9 7 1
5073467 9 2 2
5073509 9 7 2
5096798 9 2 0
5096799 9 7 1
5097017 9 2 2
5097059 9 7 2
5110207 9 15 0
5110207 9 15 0
5112013 9 15 2
5113088 9 15 2
5113648 9 38 0
5113648 9 38 0
5113730 9 38 2
5114263 9 38 2
5116195 9 15 0
5116195 9 15 0
5116261 9 15 2
5116399 9 15 2
5116487 9 38 0
5116487 9 38 0
5117853 9 38 2
5117969 9 38 2
5118185 9 0 0
5120161 9 15 0
5120161 9 15 0
5120307 9 15 2
5120444 9 15 2
5121892 9 3 0
5121892 9 0 2
5122293 9 0 2
5126129 9 2 0
5126130 9 0 0
5145405 9 7 1
5145406 9 2 0
5145621 9 2 2
5145662 9 7 2
5190475 9 2 0
5190476 9 7 1
5190691 9 2 2
5190732 9 7 2
5240887 9 2 0
5240888 9 7 1
5241103 9 2 2
5241145 9 7 2
5264227 9 2 0
5264228 9 7 1
5264443 9 2 2
5264485 9 7 2
5294011 9 2 0
5294012 9 7 1
5294222 9 2 2
5294263 9 7 2
5338782 9 2 0
5338783 9 7 1
5339002 9 2 2
5339043 9 7 2
5387317 9 2 0
5387318 9 7 1
5387533 9 2 2
5387575 9 7 2
5410637 9 2 0
5410638 9 7 1
5410853 9 2 2
5410895 9 7 2
5440361 9 2 0
5440362 9 7 1
5440572 9 2 2
5440613 9 7 2
5485081 9 2 0
5485082 9 7 1
5485292 9 2 2
5485333 9 7 2
5533487 9 2 0
5533488 9 7 1
5533703 9 2 2
5533745 9 7 2
5556857 9 2 0
5556858 9 7 1
5557073 9 2 2
5557115 9 7 2
5586701 9 2 0
5586702 9 7 1
5586912 9 2 2
5586953 9 7 2
5631502 9 2 0
5631503 9 7 1
5631722 9 2 2
5631763 9 7 2
5680087 9 2 0
5680088 9 7 1
5680303 9 2 2
5680345 9 7 2
5703477 9 2 0
5703478 9 7 1
5703693 9 2 2
5703735 9 7 2
5733321 9 2 0
5733322 9 7 1
5733532 9 2 2
5733573 9 7 2
5778071 9 2 0
5778072 9 7 1
5778282 9 2 2
5778323 9 7 2
5826287 9 2 0
5826288 9 7 1
5826503 9 2 2
5826545 9 7 2
5849657 9 2 0
5849658 9 7 1
5849873 9 2 2
5849915 9 7 2
5879501 9 2 0
5879502 9 7 1
5879712 9 2 2
5879753 9 7 2
5924292 9 2 0
5924293 9 7 1
5924512 9 2 2
5924553 9 7 2
5972547 9 2 0
5972548 9 7 1
5972763 9 2 2
5972805 9 7 2
5995887 9 2 0
5995888 9 7 1
5996103 9 2 2
5996145 9 7 2
6025511 9 2 0
6025512 9 7 1
6025722 9 2 2
6025763 9 7 2
6070271 9 2 0
6070272 9 7 1
6070482 9 2 2
6070523 9 7 2
6086772 9 15 0
6086772 9 15 0
6088238 9 15 2
6090986 9 15 2
6091546 9 38 0
6091546 9 38 0
6092918 9 38 2
6093241 9 38 2
6094693 9 7 0
6094807 9 7 2
6095287 9 15 0
6095287 9 15 0
6095353 9 15 2
6095361 9 15 2
6095449 9 38 0
6095449 9 38 0
6095774 9 38 2
6096108 9 0 0
6097311 9 38 2
6098082 9 15 0
6098082 9 15 0
6098188 9 15 2
6098195 9 15 2
6099206 9 3 0
6099206 9 0 2
6142411 9 2 0
6142412 9 7 1
6142627 9 2 2
6142669 9 7 2
6165741 9 2 0
6165742 9 7 1
6165957 9 2 2
6165999 9 7 2
6195485 9 2 0
6195486 9 7 1
6195696 9 2 2
6195737 9 7 2
6240286 9 2 0
6240287 9 7 1
6240506 9 2 2
6240547 9 7 2
6288681 9 2 0
6288682 9 7 1
6288897 9 2 2
6288939 9 7 2
6312041 9 2 0
6312042 9 7 1
6312257 9 2 2
6312299 9 7 2
6341695 9 2 0
6341696 9 7 1
6341906 9 2 2
6341947 9 7 2
6386425 9 2 0
6386426 9 7 1
6386636 9 2 2
6386677 9 7 2
6432983 9 2 0
6432984 9 7 1
6433196 9 2 2
6433237 9 7 2
6434043 9 2 0
6434044 9 0 0
6464257 9 2 0
6464258 9 7 1
6464476 9 2 2
6464517 9 7 2
6464529 9 2 0
6464530 9 2 2
6506116 9 2 0
6506117 9 2 2
6516085 9 2 0
6516086 9 7 1
6516297 9 2 2
6516339 9 7 2
6539425 9 2 0
6539426 9 7 1
6539637 9 2 2
6539679 9 7 2
6596927 9 2 0
6596928 9 7 1
6597140 9 2 2
6597181 9 7 2
6647470 9 2 0
6647471 9 7 1
6647686 9 2 2
6647728 9 7 2
6670810 9 2 0
6670811 9 7 1
6671026 9 2 2
6671068 9 7 2
6701244 9 2 0
6701245 9 7 1
6701455 9 2 2
6701496 9 7 2
6746164 9 2 0
6746165 9 7 1
6746375 9 2 2
6746416 9 7 2
6793635 9 2 0
6793636 9 2 2
6875243 9 2 0
6875244 9 2 2
6887980 9 2 0
6887981 9 2 2
6958348 9 2 0
6958349 9 2 2
6958766 9 2 0
6958767 9 2 2
6978947 9 2 0
6978948 9 2 2
6992055 9 2 0
6992056 9 2 2
7014544 9 2 0
7014545 9 2 2
7028699 9 2 0
7028700 9 2 2
7062156 9 7 1
7062157 9 2 0
7062373 9 2 2
7062415 9 7 2
7063332 9 15 0
7063332 9 15 0
7064614 9 15 2
7064709 9 15 2
7065174 9 38 0
7065174 9 38 0
7065256 9 38 2
7066489 9 38 2
7067051 9 3 2
7068421 9 15 0
7068421 9 15 0
7068528 9 15 2
7068854 9 15 2
7068942 9 38 0
7068942 9 38 0
7069426 9 38 2
7071734 9 15 0
7071734 9 15 0
7071843 9 15 2
7071898 9 15 2
7072144 9 38 2
7072896 9 3 0
7072896 9 0 2
7073242 9 0 2
7087082 9 2 0
7087083 9 0 0
7113156 9 2 0
7113157 9 7 1
7113373 9 2 2
7113415 9 7 2
7144371 9 2 0
7144372 9 7 1
7144582 9 2 2
7144623 9 7 2
7189320 9 7 1
7189321 9 2 0
7189532 9 2 2
7189573 9 7 2
7232115 9 2 0
7232116 9 2 2
7255502 9 2 0
7255503 9 2 2
7257854 9 2 0
7257855 9 2 2
7260707 9 2 0
7260708 9 2 2
7262172 9 2 0
7262173 9 2 2
7294882 9 2 0
7294883 9 2 2
7296376 9 2 0
7296377 9 2 2
7335217 9 2 0
7335218 9 7 1
7335433 9 2 2
7335475 9 7 2
7358657 9 2 0
7358658 9 7 1
7358873 9 2 2
7358915 9 7 2
7389541 9 2 0
7389542 9 7 1
7389752 9 2 2
7389793 9 7 2
7434642 9 2 0
7434643 9 7 1
7434862 9 2 2
7434903 9 7 2
7435291 9 2 0
7435292 9 2 2
7480538 9 2 0
7480539 9 2 2
7486949 9 2 0
7486950 9 7 1
7487165 9 2 2
7487207 9 7 2
7510289 9 2 0
7510290 9 7 1
7510525 9 2 2
7510567 9 7 2
7548882 9 2 0
7548883 9 7 1
7549095 9 2 2
7549136 9 7 2
7593862 9 2 0
7593863 9 7 1
7594075 9 2 2
7594116 9 7 2
7668644 9 2 0
7668645 9 7 1
7668857 9 2 2
7668899 9 7 2
7692004 9 2 0
7692005 9 7 1
7692217 9 2 2
7692259 9 7 2
7721858 9 2 0
7721859 9 7 1
7722076 9 2 2
7722117 9 7 2
7766608 9 2 0
7766609 9 7 1
7766826 9 2 2
7766867 9 7 2
7815314 9 2 0
7815315 9 7 1
7815527 9 2 2
7815569 9 7 2
7838794 9 2 0
7838795 9 7 1
7839007 9 2 2
7839049 9 7 2
7868608 9 2 0
7868609 9 7 1
7868826 9 2 2
7868867 9 7 2
7913439 9 2 0
7913440 9 7 1
7913656 9 2 2
7913697 9 7 2
7955654 9 2 0
7955655 9 2 2
7956041 9 2 0
7956042 9 0 0
7975736 9 2 0
7975737 9 7 1
7975954 9 2 2
7975995 9 7 2
7976007 9 2 0
7976008 9 2 2
8015840 9 2 2
8015841 9 2 0
8025977 9 2 0
8025978 9 7 1
8026193 9 2 2
8026235 9 7 2
8039895 9 15 0
8039895 9 15 0
8042452 9 15 2
8044882 9 2 0
8045438 9 15 2
8045998 9 38 0
8045998 9 38 0
8047294 9 38 2
8048746 9 7 0
8048860 9 7 2
8049340 9 15 0
8049340 9 15 0
8049414 9 15 2
8049502 9 38 0
8049604 9 38 2
8049786 9 15 2
8051004 9 3 0
8051004 9 2 0
8051004 9 0 2
8051360 9 38 2
8051362 9 38 0
8051476 9 38 2
8053784 9 15 0
8053784 9 15 0
8053850 9 15 2
8053858 9 15 2
8069037 9 2 0
8069038 9 7 1
8069250 9 2 2
8069292 9 7 2
8130559 9 2 0
8130560 9 7 1
8130772 9 2 2
8130813 9 7 2
8181589 9 2 0
8181590 9 7 1
8181805 9 2 2
8181847 9 7 2
8204939 9 2 0
8204940 9 7 1
8205155 9 2 2
8205197 9 7 2
8235313 9 2 0
8235314 9 7 1
8235524 9 2 2
8235565 9 7 2
8280414 9 2 0
8280415 9 7 1
8280634 9 2 2
8280675 9 7 2
8281063 9 2 0
8281064 9 2 2
8326261 9 2 0
8326262 9 2 2
8332680 9 2 0
8332681 9 7 1
8332896 9 2 2
8332938 9 7 2
8356020 9 7 1
8356236 9 2 2
8356278 9 7 2
8385804 9 2 0
8385805 9 7 1
8386015 9 2 2
8386056 9 7 2
8430534 9 2 0
8430535 9 7 1
8430745 9 2 2
8430786 9 7 2
8478690 9 2 0
8478691 9 7 1
8478906 9 2 2
8478948 9 7 2
8502050 9 2 0
8502051 9 7 1
8502266 9 2 2
8502308 9 7 2
8531944 9 2 0
8531945 9 7 1
8532205 9 2 2
8532246 9 7 2
8576775 9 2 0
8576776 9 7 1
8576995 9 2 2
8577036 9 7 2
8625060 9 2 0
8625061 9 7 1
8625276 9 2 2
8625318 9 7 2
8648390 9 2 0
8648391 9 7 1
8648431 9 7 1
8648509 9 7 2
8648606 9 2 2
8648648 9 7 2
8678054 9 2 0
8678055 9 7 1
8678265 9 2 2
8678306 9 7 2
8722914 9 2 0
8722915 9 7 1
8723125 9 2 2
8723166 9 7 2
8770910 9 7 1
8770911 9 2 0
8771126 9 2 2
8771168 9 7 2
8794450 9 2 0
8794451 9 7 1
8794676 9 2 2
8794718 9 7 2
8824164 9 2 0
8824165 9 7 1
8824375 9 2 2
8824416 9 7 2
8868995 9 2 0
8868996 9 7 1
8869215 9 2 2
8869256 9 7 2
8917290 9 2 0
8917291 9 7 1
8917506 9 2 2
8917548 9 7 2
8940780 9 2 0
8940781 9 7 1
8940996 9 2 2
8941038 9 7 2
8970444 9 2 0
8970445 9 7 1
8970655 9 2 2
8970696 9 7 2
9015234 9 2 0
9015235 9 7 1
9015445 9 2 2
9015486 9 7 2
9016459 9 15 0
9016459 9 15 0
9020022 9 15 2
9020582 9 38 0
9020582 9 38 0
9020827 9 0 0
9020916 9 15 2
9021166 9 38 2
9021455 9 38 2
9023098 9 15 0
9023098 9 15 0
9023194 9 15 2
9023212 9 15 2
9023300 9 38 0
9023300 9 38 0
9023636 9 38 2
9024500 9 3 0
9024500 9 0 2
9024849 9 0 2
9025003 9 38 2
9025944 9 15 0
9025944 9 15 0
9026010 9 15 2
9026128 9 15 2
9026252 9 7 0
9026850 9 7 2
9035585 9 7 2
9036006 9 2 0
9036007 9 0 0
9036156 9 7 2
9036310 9 7 2
9036544 9 7 2
9079702 9 2 0
9079703 9 2 2
9079840 9 2 0
9079841 9 0 0
9096182 9 2 0
9096183 9 7 1
9096396 9 2 2
9096437 9 7 2
9096449 9 2 0
9096450 9 2 2
9125056 9 7 2
9146457 9 2 0
9146458 9 7 1
9146673 9 2 2
9146715 9 7 2
9169927 9 2 0
9169928 9 7 1
9170143 9 2 2
9170185 9 7 2
9262664 9 2 0
9262665 9 7 1
9262880 9 2 2
9262922 9 7 2
9286064 9 2 0
9286065 9 7 1
9286280 9 2 2
9286322 9 7 2
9317694 9 2 0
9317695 9 7 1
9317910 9 2 2
9317952 9 7 2
9341094 9 2 0
9341095 9 7 1
9341310 9 2 2
9341352 9 7 2
9376174 9 2 0
9376175 9 7 1
9376389 9 2 2
9376430 9 7 2
9377178 9 2 0
9377179 9 7 1
9377390 9 2 2
9377432 9 7 2
9411139 9 7 1
9411140 9 2 0
9411349 9 2 2
9411390 9 7 2
9420332 9 2 0
9420333 9 7 1
9420549 9 2 2
9420590 9 7 2
9436203 9 2 0
9436204 9 7 1
9436244 9 7 1
9436322 9 7 2
9436419 9 2 2
9436460 9 7 2
9443372 9 2 0
9443373 9 7 1
9443589 9 2 2
9443630 9 7 2
9449910 9 2 0
9449911 9 7 1
9450129 9 2 2
9450170 9 7 2
9469704 9 7 1
9469705 9 2 0
9469919 9 2 2
9469960 9 7 2
9476789 9 2 0
9476790 9 2 2
9504606 9 2 0
9504607 9 19 0
9598107 9 2 0
9598108 9 7 1
9598322 9 2 2
9598363 9 7 2
9621161 9 3 2
9644351 9 2 0
9644352 9 7 1
9644562 9 2 2
9644603 9 7 2
9645801 9 3 2
9647772 9 3 0
9647773 9 3 2
9653165 9 2 0
9653166 9 7 1
9653383 9 2 2
9653425 9 7 2
9655460 9 3 0
9655461 9 7 1
9655673 9 3 2
9655723 9 7 2
9691016 9 15 0
9691016 9 15 0
9691082 9 15 2
9691107 9 15 2
9691195 9 30 0
9691293 9 30 2
9691305 9 24 0
9691371 9 24 2
9691471 9 25 0
9691545 9 25 2
9691553 9 9 0
9691553 9 9 0
9691562 9 9 0
9691563 9 2 0
9691563 9 9 2
9691571 9 9 2
9691605 9 9 2
9691669 9 26 0
9691744 9 26 2
9691808 9 27 0
9691882 9 27 2
9691914 9 34 0
9691996 9 34 2
9692008 9 26 0
9692081 9 26 2
9692177 9 55 0
9692326 9 55 2
9692334 9 27 0
9692416 9 27 2
9692464 9 23 0
9693372 9 23 2
9693376 9 28 0
9693447 9 7 2
9693466 9 28 2
9693518 9 60 0
9693545 9 11 2
9693638 9 6 2
9693639 9 60 2
9693655 9 61 0
9693786 9 61 2
9693806 9 31 0
9694083 9 31 2
9694119 9 34 0
9694194 9 34 2
9694246 9 23 0
9694395 9 23 2
9694403 9 19 0
9694475 9 6 2
9694479 9 19 2
9694483 9 23 0
9694833 9 23 2
9695091 9 11 2
9695097 9 23 0
9695375 9 23 2
9695555 9 23 0
9695555 9 3 2
9696066 9 23 2
9696141 9 3 2
9696240 9 14 2
9696332 9 18 2
9696423 9 5 2
9696525 9 13 2
9696616 9 11 2
9696707 9 19 2
9696798 9 17 2
9696903 9 1 2
9696906 9 23 0
9698563 9 23 2
9698638 9 13 2
9698647 9 23 0
9703265 9 23 2
9703631 9 21 2
9703637 9 23 0
9707055 9 23 2
9707131 9 12 2
9707139 9 23 0
9710663 9 23 2
9710679 9 23 0
9712250 9 33 2
9715665 9 7 1
9715758 9 23 2
9715833 9 24 2
9715842 9 23 0
9715882 9 3 2
9715931 9 7 2
9726218 9 23 2
9726294 9 23 2
9726386 9 23 0
9726386 9 57 2
9727442 9 23 2
9727494 9 29 0
9727517 9 26 2
9727592 9 29 2
9727608 9 23 0
9728739 9 23 2
9728814 9 55 2
9728839 9 32 0
9728913 9 32 2
9728997 9 28 0
9729062 9 28 2
9729114 9 2 0
9729154 9 2 2
9729166 9 29 0
9729239 9 29 2
9729271 9 4 0
9729336 9 4 2
9729344 9 35 0
9729344 9 35 0
9729402 9 35 2
9729427 9 35 2
9736599 9 7 1
9736813 9 3 2
9736863 9 7 2
9772156 9 2 0
9783650 9 7 1
9783863 9 3 2
9783913 9 7 2
9806790 9 7 1
9807003 9 3 2
9807053 9 7 2
9829730 9 2 0
9840404 9 7 1
9840622 9 3 2
9840671 9 7 2
9851077 9 20 2
9855201 9 2 0
9855202 9 2 2
9867699 9 7 1
9867912 9 2 2
9867953 9 7 2
9872900 9 2 0
9872901 9 7 1
9873112 9 2 2
9873153 9 7 2
9874680 9 2 0
9874681 9 7 1
9874893 9 2 2
9874935 9 7 2
9881805 9 3 0
9881806 9 7 1
9882022 9 3 2
9882071 9 7 2
9895959 9 3 0
9895960 9 3 2
9918048 9 3 0
9918049 9 3 2
9924770 9 3 0
9924771 9 7 1
9924983 9 3 2
9925033 9 7 2
9925080 9 2 0
9925081 9 7 1
9925293 9 2 2
9925335 9 7 2
9948050 9 3 0
9948051 9 7 1
9948263 9 3 2
9948313 9 7 2
9972871 9 7 1
9973082 9 2 2
9973123 9 7 2
9974650 9 2 0
9974651 9 7 1
9974863 9 2 2
9974905 9 7 2
9977295 9 3 0
9977296 9 7 1
9977512 9 3 2
9977561 9 7 2
9993580 9 38 0
9993580 9 38 0
9995902 9 38 2
9998611 9 3 0
9998614 9 2 0
9998659 9 7 1
9998737 9 7 2
9999182 9 3 2
9999183 9 3 0
10001921 9 3 0
10001922 9 0 0
10003104 9 38 2
10003296 9 12 0
10003345 9 12 2
10005085 9 15 0
10005085 9 15 0
10005161 9 15 2
10005184 9 15 2
10005272 9 38 0
10005272 9 38 0
10005355 9 38 2
10005389 9 38 2
10005545 9 46 0
10005644 9 46 2
10005844 9 47 0
10005949 9 47 2
10007901 9 15 0
10007901 9 15 0
10007967 9 15 2
10007975 9 15 2
10009259 9 20 2
10018428 9 0 2
10018591 9 0 2
10018811 9 0 2
10026630 9 2 0
10026631 9 7 1
10026872 9 2 2
10026913 9 7 2
10028440 9 2 0
10028441 9 7 1
10028653 9 2 2
10028695 9 7 2
10033206 9 3 0
10033207 9 7 1
10033422 9 3 2
10033471 9 7 2
10051366 9 2 0
10051367 9 2 2
10051406 9 7 1
10051484 9 7 2
10057370 9 2 0
10057371 9 9 0
10057371 9 2 2
10057380 9 2 2
10057411 9 7 1
10057489 9 7 2
10076923 9 7 1
10076924 9 3 0
10077205 9 3 2
10077255 9 7 2
10083941 9 15 0
10083941 9 15 0
10084007 9 15 2
10084016 9 15 2
10084224 9 9 0
10084233 9 2 0
10084233 9 9 2
10084275 9 9 2
10084543 9 55 0
10084672 9 55 2
10084728 9 19 0
10084994 9 19 2
10085051 9 0 2
10085133 9 3 2
10085174 9 19 0
10085203 9 6 2
10085294 9 7 2
10085394 9 8 2
10085519 9 19 2
10085573 9 0 2
10085579 9 19 0
10086503 9 19 2
10087336 9 10 2
10087343 9 19 0
10087729 9 19 2
10087993 9 19 0
10087993 9 16 2
10088901 9 19 2
10088957 9 0 2
10089032 9 7 2
10089133 9 18 2
10089141 9 19 0
10090491 9 19 2
10090715 9 21 2
10090719 9 19 0
10091582 9 19 2
10092120 9 14 2
10092122 9 19 0
10093162 9 19 2
10093916 9 30 2
10093918 9 19 0
10094293 9 19 2
10095000 9 31 2
10095001 9 19 0
10096961 9 19 2
10097096 9 28 2
10097105 9 19 0
10098715 9 19 2
10099473 9 27 2
10099483 9 19 0
10099697 9 19 2
10100695 9 47 2
10100705 9 19 0
10101991 9 19 2
10102252 9 37 2
10102255 9 19 0
10103869 9 19 2
10104026 9 39 2
10104037 9 19 0
10106929 9 19 2
10106982 9 7 2
10107081 9 16 2
10107148 9 10 2
10107207 9 15 2
10107298 9 0 2
10107373 9 29 2
10107456 9 24 2
10107531 9 2 2
10107606 9 44 2
10107613 9 19 0
10110011 9 19 2
10111315 9 36 2
10111319 9 19 0
10116685 9 19 2
10117266 9 54 2
10117273 9 19 0
10120987 9 19 2
