0 43 51 0
319 43 63 1
512 43 51 2
516 43 22 0
529 43 0 2
619 43 63 2
756 43 22 2
768 43 1 0
1187 43 1 2
1207 43 24 0
1429 43 24 2
7690 43 63 1
7898 43 2 2
7971 43 63 2
61814 43 63 1
62018 43 2 2
62091 43 63 2
62937 43 63 1
63149 43 2 2
63223 43 63 2
112810 43 63 1
113018 43 2 2
113091 43 63 2
154564 43 63 1
154778 43 2 2
154851 43 63 2
155239 43 63 1
155449 43 2 2
155523 43 63 2
193739 43 63 1
193949 43 2 2
194023 43 63 2
226717 43 4 0
228017 43 4 2
228069 43 44 0
229272 43 44 2
229284 43 5 0
229374 43 5 2
229386 43 45 0
229803 43 45 2
229871 43 24 0
230008 43 24 2
230040 43 25 0
230237 43 25 2
230245 43 26 0
230367 43 26 2
230407 43 27 0
230570 43 27 2
230590 43 33 0
230924 43 63 1
231027 43 63 1
231128 43 63 1
231149 43 13 2
231224 43 63 2
231228 43 63 1
231259 43 4 2
231270 43 33 2
231290 43 35 0
231336 43 63 2
231346 43 63 1
231369 43 12 2
231381 43 35 2
231389 43 41 0
231435 43 63 2
231444 43 63 1
231479 43 20 2
231536 43 63 2
231544 43 63 1
231589 43 6 2
231669 43 63 1
231682 43 63 2
231698 43 19 2
231747 43 63 2
231789 43 63 1
231809 43 10 2
231874 43 63 2
231882 43 63 1
231919 43 37 2
231943 43 41 2
231959 43 42 0
231969 43 63 2
231985 43 63 1
232029 43 22 2
232089 43 63 1
232104 43 63 2
232139 43 11 2
232196 43 63 2
232204 43 63 1
232249 43 3 2
232257 43 42 2
232289 43 1 0
232305 43 63 1
232314 43 63 2
232359 43 9 2
232406 43 1 2
232432 43 63 2
232442 43 36 0
232443 43 63 1
232469 43 5 2
232551 43 63 2
232569 43 63 1
232579 43 44 2
232612 43 63 2
232668 43 63 1
232689 43 39 2
232741 43 36 2
232753 43 43 0
232755 43 63 2
232762 43 63 1
232799 43 7 2
232896 43 63 1
232897 43 63 2
232909 43 28 2
232959 43 63 2
233007 43 63 1
233019 43 43 2
233035 43 43 2
233044 43 63 2
233051 43 17 0
233129 43 30 2
233145 43 63 1
233179 43 17 2
233195 43 63 2
233239 43 29 2
233247 43 63 1
233271 43 27 0
233297 43 63 2
233349 43 15 2
233373 43 63 1
233439 43 27 2
233440 43 63 2
233443 43 37 0
233459 43 50 2
233476 43 63 1
233503 43 63 2
233579 43 21 2
233607 43 37 2
233619 43 17 0
233633 43 63 1
233644 43 63 2
233689 43 32 2
233733 43 17 2
233741 43 15 0
233747 43 63 2
233757 43 63 1
233839 43 63 2
233858 43 63 1
233913 43 63 2
233983 43 63 1
233999 43 14 2
234081 43 63 2
234083 43 63 1
234109 43 49 2
234159 43 63 2
234186 43 63 1
234219 43 45 2
234260 43 63 2
234293 43 63 1
234329 43 27 2
234371 43 63 2
234443 43 63 1
234459 43 1 2
234541 43 63 2
234551 43 15 2
234563 43 63 1
234569 43 51 2
234591 43 16 0
234602 43 63 2
234679 43 62 2
234704 43 63 1
234739 43 16 2
234744 43 63 2
234779 43 18 0
234789 43 57 2
234834 43 63 1
234847 43 63 2
234909 43 36 2
234932 43 63 1
234951 43 63 2
235006 43 18 2
235030 43 61 0
235039 43 55 2
235043 43 63 1
235104 43 63 2
235149 43 41 2
235161 43 63 1
235190 43 63 2
235259 43 35 2
235295 43 63 2
235310 43 63 1
235369 43 58 2
235371 43 61 2
235383 43 54 0
235418 43 63 2
235446 43 63 1
235519 43 52 2
235561 43 63 2
235596 43 63 1
235659 43 61 2
235697 43 63 1
235718 43 63 2
235799 43 47 2
235801 43 63 1
235825 43 54 2
235845 43 12 0
235857 43 63 2
235911 43 26 2
235916 43 63 1
235963 43 63 2
236019 43 42 2
236052 43 63 1
236053 43 63 2
236121 43 12 2
236129 43 19 0
236129 43 34 2
236171 43 63 2
236175 43 63 1
236259 43 54 2
236306 43 63 1
236307 43 19 2
236311 43 35 0
236317 43 63 2
236379 43 56 2
236413 43 63 1
236445 43 63 2
236512 43 63 1
236519 43 53 2
236569 43 63 2
236602 43 35 2
236618 43 53 0
236618 43 63 1
236629 43 8 2
236710 43 63 2
236739 43 17 2
236776 43 63 1
236805 43 63 2
236859 43 40 2
236862 43 53 2
236902 43 33 0
236906 43 63 1
236909 43 63 2
236920 43 44 2
236979 43 23 2
237010 43 33 2
237016 43 63 1
237022 43 36 0
237061 43 63 2
237115 43 63 1
237119 43 16 2
237137 43 36 2
237157 43 40 0
237194 43 63 2
237229 43 18 2
237235 43 63 1
237287 43 63 2
237339 43 25 2
237377 43 63 1
237397 43 63 2
237405 43 40 2
237429 43 37 0
237479 43 24 2
237545 43 63 2
237575 43 63 1
237593 43 37 2
237599 43 48 2
237657 43 63 2
237697 43 38 0
237725 43 63 1
237779 43 31 2
237853 43 63 2
237864 43 63 1
237889 43 38 2
237893 43 4 0
237939 43 46 2
237991 43 63 2
238007 43 63 1
238069 43 59 2
238111 43 63 2
238154 43 63 1
238161 43 4 2
238185 43 8 0
238219 43 38 2
238253 43 63 1
238276 43 63 2
238285 43 8 2
238293 43 29 0
238369 43 60 2
238397 43 47 2
238419 43 63 2
238445 43 29 2
238485 43 0 0
238499 43 33 2
238549 43 63 2
238595 43 0 2
238607 43 38 0
238768 43 38 2
238784 43 39 0
238823 43 45 2
238895 43 63 1
239042 43 39 2
239046 43 39 0
239098 43 20 2
239155 43 63 2
239304 43 39 2
239360 43 36 0
239470 43 36 2
239502 43 38 0
239640 43 38 2
239644 43 42 2
239656 43 51 0
239756 43 63 1
239806 43 51 2
239862 43 0 0
239919 43 40 2
239958 43 50 2
239999 43 63 2
240111 43 0 2
240119 43 52 0
240121 43 63 1
240369 43 52 2
240385 43 46 2
240388 43 32 2
240405 43 8 0
240445 43 63 2
240764 43 8 2
240784 43 53 0
241087 43 63 1
241106 43 53 2
241130 43 54 0
241308 43 14 2
241389 43 63 2
241612 43 54 2
241628 43 11 0
241926 43 11 2
241938 43 56 0
241941 43 41 2
241983 43 63 1
242164 43 56 2
242168 43 12 0
242188 43 18 2
242245 43 63 2
242430 43 12 2
242438 43 57 0
242668 43 57 2
242672 43 2 0
242976 43 2 2
243028 43 37 0
243141 43 37 2
243157 43 40 0
243345 43 40 2
243401 43 58 0
243726 43 58 2
243786 43 35 0
243887 43 35 2
243891 43 50 0
244638 43 50 2
244658 43 62 0
245122 43 62 2
245150 43 38 0
245490 43 38 2
245562 43 63 0
245729 43 63 2
245769 43 12 0
246121 43 12 2
246145 43 2 0
246245 43 2 2
246269 43 13 0
246521 43 13 2
246617 43 3 0
246725 43 3 2
246765 43 23 0
246895 43 23 2
246911 43 24 0
247017 43 24 2
247021 43 63 1
247125 43 14 0
247228 43 38 2
247287 43 63 2
247404 43 63 1
247471 43 14 2
247479 43 25 0
247577 43 25 2
247605 43 26 0
247608 43 56 2
247673 43 63 2
247717 43 26 2
247797 43 0 0
247905 43 0 2
247913 43 3 0
248016 43 3 2
248060 43 4 0
248184 43 4 2
248280 43 5 0
248693 43 5 2
248733 43 15 0
249240 43 15 2
249248 43 14 0
249297 43 63 1
249508 43 3 2
249573 43 63 2
249632 43 14 2
249644 43 50 0
250463 43 50 2
250491 43 6 0
250655 43 6 2
250675 43 4 0
250786 43 4 2
250794 43 8 0
250891 43 8 2
250895 43 47 0
252089 43 47 2
252097 43 49 0
252229 43 49 2
252245 43 11 0
252402 43 11 2
252438 43 5 0
252646 43 5 2
252670 43 37 0
252933 43 37 2
252997 43 4 0
253180 43 4 2
253184 43 1 0
253220 43 63 1
253291 43 1 2
253319 43 27 0
253428 43 8 2
253495 43 27 2
253503 43 2 0
253509 43 63 2
253637 43 2 2
253649 43 11 0
254127 43 11 2
254135 43 7 0
254363 43 7 2
254383 43 3 0
254512 43 3 2
254620 43 6 0
255024 43 6 2
255044 43 9 0
255151 43 9 2
255323 43 8 0
255431 43 8 2
255443 43 11 0
255676 43 11 2
255696 43 12 0
255803 43 12 2
255827 43 16 0
256322 43 16 2
256330 43 13 0
256494 43 13 2
256542 43 2 0
256828 43 2 2
256864 43 14 0
257572 43 14 2
257576 43 17 0
257967 43 17 2
257975 43 15 0
259075 43 15 2
259095 43 18 0
259378 43 18 2
259402 43 4 0
259511 43 4 2
259551 43 40 0
259724 43 40 2
259728 43 38 0
259728 43 38 0
259778 43 38 2
259948 43 38 2
259956 43 27 0
260095 43 27 2
260115 43 35 0
260386 43 35 2
260442 43 28 0
260552 43 63 1
260758 43 0 2
260848 43 28 2
260852 43 63 2
260855 43 0 0
260916 43 3 0
260960 43 0 0
261049 43 3 2
261053 43 46 0
261158 43 0 0
261278 43 0 0
261331 43 46 2
261351 43 4 0
261389 43 0 0
261510 43 0 0
261552 43 4 2
261584 43 0 0
261584 43 0 0
261625 43 0 0
261667 43 0 2
261749 43 0 0
261762 43 0 2
261766 43 29 0
261868 43 0 0
261972 43 29 2
262018 43 0 0
262116 43 47 0
262126 43 0 0
262225 43 0 0
262344 43 47 2
262371 43 0 0
262416 43 30 0
262502 43 0 0
262589 43 30 2
262614 43 0 0
262718 43 0 0
262850 43 0 0
262941 43 31 0
263065 43 0 0
263204 43 31 2
263208 43 44 0
263259 43 0 0
263440 43 44 2
263448 43 43 0
263457 43 0 0
263568 43 43 2
263591 43 0 0
263700 43 32 0
263770 43 0 0
263797 43 32 2
263869 43 33 0
263894 43 0 0
264044 43 33 2
264092 43 33 0
264158 43 0 0
264250 43 33 2
264258 43 27 0
264312 43 0 0
264439 43 0 0
264484 43 27 2
264588 43 54 0
264600 43 0 0
264748 43 0 0
264847 43 54 2
264859 43 28 0
264922 43 0 0
264988 43 28 2
265004 43 9 0
265053 43 0 0
265175 43 0 0
265297 43 9 2
265305 43 56 0
265357 43 63 1
265386 43 0 0
265458 43 56 2
265474 43 10 0
265488 43 0 0
265568 43 35 2
265599 43 0 0
265601 43 63 2
265751 43 0 0
265768 43 10 2
265868 43 41 0
265883 43 0 0
266025 43 41 2
266050 43 0 0
266073 43 61 0
266161 43 0 0
266285 43 0 0
266386 43 0 0
266386 43 61 2
266390 43 39 0
266486 43 0 0
266541 43 39 2
266553 43 7 0
266611 43 0 0
266717 43 0 0
266743 43 7 2
266803 43 8 0
266822 43 0 0
266964 43 0 0
267036 43 8 2
267068 43 63 0
267077 43 0 0
267236 43 0 0
267261 43 63 2
267369 43 0 0
267392 43 0 0
267466 43 0 2
267494 43 57 0
267528 43 0 0
267708 43 57 2
267723 43 0 0
267776 43 58 0
267839 43 0 0
267947 43 58 2
267957 43 0 0
268031 43 46 0
268144 43 0 0
268251 43 46 2
268252 43 0 0
268263 43 59 0
268420 43 59 2
268428 43 0 0
268452 43 32 0
268558 43 0 0
268695 43 0 0
268728 43 32 2
268736 43 50 0
268856 43 0 0
268890 43 50 2
268966 43 60 0
269028 43 0 0
269101 43 60 2
269109 43 62 0
269164 43 0 0
269307 43 0 0
269388 43 62 2
269392 43 3 0
269497 43 3 2
269509 43 5 0
269568 43 0 0
269587 43 63 1
269735 43 5 2
269763 43 17 0
269798 43 17 2
269863 43 63 2
269891 43 17 2
269911 43 6 0
270032 43 6 2
270124 43 11 0
270445 43 11 2
270453 43 10 0
270535 43 10 2
270555 43 11 0
270662 43 11 2
270670 43 6 0
271116 43 6 2
271152 43 36 0
271447 43 36 2
271507 43 12 0
271672 43 12 2
271680 43 0 0
271855 43 0 2
271979 43 15 0
271979 43 15 0
272061 43 15 2
272295 43 15 2
272415 43 7 0
272508 43 63 1
272546 43 7 2
272562 43 0 0
272718 43 53 2
272766 43 63 2
272811 43 0 2
272959 43 9 0
273062 43 9 2
273094 43 8 0
273208 43 8 2
273236 43 41 0
273289 43 63 1
273508 43 0 2
273527 43 41 2
273598 43 63 2
273635 43 14 0
273761 43 14 2
274033 43 61 0
274430 43 61 2
274502 43 54 0
274770 43 54 2
274802 43 55 0
275237 43 55 2
275465 43 40 0
275597 43 40 2
275625 43 49 0
275804 43 49 2
275816 43 51 0
275957 43 51 2
275977 43 37 0
276060 43 37 2
276064 43 20 0
276138 43 20 2
276154 43 3 0
276464 43 3 2
276556 43 21 0
276639 43 21 2
276647 43 56 0
276910 43 56 2
276930 43 57 0
277074 43 57 2
277162 43 58 0
277338 43 58 2
277418 43 59 0
277567 43 59 2
277591 43 63 0
277789 43 63 2
277873 43 33 0
277983 43 33 2
282025 43 0 2
289061 43 63 1
289268 43 2 2
289341 43 63 2
293182 43 63 1
293389 43 2 2
293463 43 63 2
466914 43 63 1
467116 43 2 2
467189 43 63 2
469699 43 63 1
469906 43 2 2
469979 43 63 2
504501 43 63 1
504706 43 2 2
504779 43 63 2
510523 43 63 1
510726 43 2 2
510799 43 63 2
525265 43 63 1
525476 43 2 2
525549 43 63 2
536463 43 2 0
536464 43 63 1
536666 43 2 2
536739 43 63 2
616849 43 2 0
616850 43 63 1
617054 43 2 2
617127 43 63 2
645436 43 2 0
645437 43 63 1
645645 43 2 2
645719 43 63 2
668776 43 2 0
668777 43 63 1
668985 43 2 2
669059 43 63 2
686172 43 2 0
686173 43 2 2
715970 43 63 1
715971 43 2 0
716174 43 2 2
716247 43 63 2
761847 43 2 0
761848 43 63 1
762054 43 2 2
762127 43 63 2
762515 43 2 0
762516 43 2 2
784208 43 2 0
784209 43 2 2
823971 43 2 0
823972 43 63 1
824177 43 2 2
824250 43 63 2
871072 43 2 0
871073 43 2 2
872498 43 2 0
872499 43 2 2
879942 43 2 0
879943 43 63 1
880148 43 2 2
880222 43 63 2
898921 43 63 1
899124 43 2 2
899197 43 63 2
913567 43 2 0
913568 43 63 1
913774 43 2 2
913847 43 63 2
941361 43 2 0
941362 43 63 1
941564 43 2 2
941637 43 63 2
993793 43 63 1
993794 43 2 0
994004 43 2 2
994077 43 63 2
1006553 43 2 0
1006554 43 63 1
1006764 43 2 2
1006837 43 63 2
1009421 43 2 0
1009422 43 63 1
1009624 43 2 2
1009697 43 63 2
1012291 43 2 0
1012292 43 2 2
1107822 43 2 2
1113004 43 2 2
1113151 43 2 2
1113386 43 2 2
1159199 43 2 0
1159200 43 63 1
1159406 43 2 2
1159479 43 63 2
1173889 43 2 0
1173890 43 0 0
1203923 43 15 0
1203923 43 15 0
1206761 43 15 2
1210327 43 15 2
1210767 43 0 0
1210767 43 0 0
1210849 43 0 2
1210866 43 0 2
1210986 43 38 0
1210986 43 38 0
1211289 43 63 1
1211497 43 46 2
1211540 43 38 2
1211546 43 63 2
1211587 43 63 1
1211732 43 12 0
1211797 43 17 2
1211800 43 12 2
1211865 43 63 2
1212036 43 63 1
1212167 43 38 2
1212203 43 63 1
1212247 43 55 2
1212313 43 63 2
1212407 43 63 2
1212481 43 63 2
1212551 43 63 1
1212692 43 63 1
1212757 43 14 2
1212839 43 63 2
1212897 43 13 2
1212971 43 63 2
1213060 43 7 0
1213099 43 63 1
1213204 43 7 2
1213233 43 63 1
1213307 43 15 2
1213397 43 63 2
1213419 43 63 1
1213437 43 50 2
1213479 43 63 2
1213545 43 63 1
1213627 43 28 2
1213677 43 63 2
1213684 43 15 0
1213684 43 15 0
1213757 43 30 2
1213774 43 15 2
1213823 43 63 2
1213826 43 15 2
1213862 43 38 0
1213862 43 38 0
1213952 43 38 2
1214005 43 38 2
1214017 43 63 1
1214103 43 63 1
1214161 43 46 0
1214211 43 46 2
1214227 43 56 2
1214261 43 63 1
1214263 43 0 0
1214263 43 0 0
1214293 43 63 2
1214337 43 51 2
1214345 43 0 2
1214355 43 63 1
1214362 43 0 2
1214371 43 63 2
1214457 43 63 1
1214467 43 23 2
1214510 43 47 0
1214544 43 63 1
1214549 43 63 2
1214567 43 47 2
1214577 43 62 2
1214643 43 63 2
1214687 43 54 2
1214745 43 63 2
1214797 43 63 1
1214807 43 42 2
1214841 43 63 2
1214939 43 63 1
1215007 43 38 2
1215065 43 63 2
1215119 43 63 1
1215147 43 18 2
1215205 43 63 2
1215337 43 25 2
1215394 43 63 2
1215399 43 63 1
1215461 43 63 1
1215605 43 63 1
1215607 43 6 2
1215697 43 63 2
1215717 43 40 2
1215766 43 63 1
1215767 43 63 2
1215827 43 12 2
1215893 43 63 2
1215923 43 63 1
1215977 43 16 2
1216053 43 63 2
1216057 43 63 1
1216147 43 44 2
1216180 43 63 2
1216207 43 63 1
1216267 43 47 2
1216325 43 63 2
1216417 43 7 2
1216466 43 63 1
1216515 43 63 2
1216602 43 63 1
1216677 43 8 2
1216759 43 63 2
1216771 43 15 0
1216771 43 15 0
1216817 43 49 2
1216819 43 63 1
1216854 43 15 2
1216862 43 15 2
1216867 43 63 2
1216985 43 63 1
1217027 43 48 2
1217071 43 63 1
1217085 43 63 2
1217207 43 21 2
1217218 43 42 0
1217273 43 63 2
1217282 43 63 1
1217317 43 26 2
1217367 43 63 2
1217433 43 63 1
1217469 43 42 2
1217487 43 34 2
1217527 43 63 1
1217529 43 63 2
1217637 43 1 2
1217719 43 63 2
1217744 43 63 1
1217747 43 24 2
1217813 43 63 2
1217891 43 63 1
1217947 43 27 2
1217961 43 63 1
1217989 43 63 2
1218045 43 43 0
1218054 43 63 1
1218107 43 5 2
1218189 43 63 2
1218198 43 63 1
1218217 43 58 2
1218267 43 63 2
1218307 43 63 1
1218327 43 43 2
1218343 43 43 2
1218352 43 63 2
1218401 43 63 1
1218437 43 10 2
1218503 43 63 2
1218547 43 61 2
1218579 43 63 1
1218605 43 63 2
1218667 43 33 2
1218697 43 63 1
1218717 43 63 2
1218787 43 37 2
1218825 43 63 1
1218837 43 63 2
1218907 43 11 2
1218919 43 44 0
1218919 43 63 1
1218965 43 63 2
1219037 43 3 2
1219052 43 63 1
1219102 43 63 2
1219234 43 44 2
1219243 43 63 1
1219257 43 19 2
1219307 43 63 2
1219367 43 22 2
1219394 43 63 1
1219441 43 63 2
1219477 43 4 2
1219497 43 63 1
1219551 43 63 2
1219597 43 9 2
1219629 43 63 1
1219671 43 63 2
1219707 43 20 2
1219763 43 63 1
1219765 43 63 2
1219810 43 45 0
1219837 43 53 2
1219887 43 63 2
1219937 43 63 1
1219967 43 31 2
1220040 43 63 2
1220049 43 63 1
1220099 43 45 2
1220147 43 29 2
1220205 43 63 2
1220257 43 60 2
1220261 43 63 1
1220306 43 63 2
1220395 43 63 1
1220473 43 63 1
1220477 43 52 2
1220518 43 63 2
1220607 43 39 2
1220629 43 63 1
1220673 43 63 2
1220675 43 46 0
1220717 43 35 2
1220740 43 63 1
1220751 43 63 2
1220837 43 32 2
1220859 43 63 1
1220895 43 63 2
1220947 43 59 2
1220963 43 63 1
1220975 43 46 2
1220989 43 63 2
1221067 43 57 2
1221071 43 63 1
1221125 43 63 2
1221177 43 45 2
1221219 43 63 2
1221287 43 36 2
1221329 43 63 2
1221413 43 63 1
1221551 43 47 0
1221627 43 41 2
1221669 43 63 2
1221804 43 47 2
1222380 43 48 0
1222684 43 48 2
1223260 43 49 0
1223623 43 49 2
1224199 43 50 0
1224490 43 50 2
1225066 43 51 0
1225354 43 51 2
1225930 43 52 0
1226272 43 52 2
1226848 43 53 0
1227167 43 53 2
1227743 43 54 0
1228044 43 54 2
1228620 43 55 0
1228895 43 55 2
1229471 43 56 0
1229792 43 56 2
1230368 43 57 0
1230752 43 57 2
1231328 43 58 0
1231620 43 58 2
1232196 43 59 0
1232504 43 59 2
1233080 43 60 0
1233440 43 60 2
1234016 43 61 0
1234366 43 61 2
1234942 43 62 0
1235244 43 62 2
1235402 43 63 1
1235657 43 0 2
1235747 43 63 2
1235820 43 63 0
1236103 43 63 2
1236679 43 0 0
1236679 43 0 0
1236761 43 0 2
1236935 43 0 2
1237203 43 2 0
1237339 43 2 2
1237395 43 3 0
1237513 43 3 2
1237517 43 7 0
1237832 43 7 2
1237920 43 4 0
1238058 43 4 2
1238446 43 1 0
1238736 43 1 2
1239312 43 2 0
1239649 43 2 2
1240225 43 3 0
1240583 43 3 2
1241159 43 4 0
1241424 43 4 2
1242000 43 5 0
1242279 43 5 2
1242855 43 6 0
1243248 43 6 2
1243824 43 7 0
1244145 43 7 2
1244721 43 8 0
1244986 43 8 2
1245562 43 9 0
1245855 43 9 2
1246431 43 10 0
1246732 43 10 2
1247308 43 11 0
1247636 43 11 2
1248212 43 12 0
1248505 43 12 2
1249081 43 13 0
1249389 43 13 2
1249965 43 14 0
1250416 43 14 2
1250992 43 15 0
1251316 43 15 2
1251892 43 16 0
1252157 43 16 2
1252733 43 17 0
1253035 43 17 2
1253611 43 18 0
1253904 43 18 2
1254480 43 19 0
1254778 43 19 2
1255354 43 20 0
1255664 43 20 2
1256240 43 21 0
1256499 43 21 2
1257075 43 22 0
1257422 43 22 2
1257998 43 23 0
1258307 43 23 2
1258883 43 24 0
1259156 43 24 2
1259732 43 25 0
1260055 43 25 2
1260631 43 26 0
1260916 43 26 2
1261492 43 27 0
1261791 43 27 2
1262367 43 28 0
1262664 43 28 2
1263240 43 29 0
1263529 43 29 2
1264105 43 30 0
1264430 43 30 2
1265006 43 31 0
1265301 43 31 2
1265877 43 32 0
1266146 43 32 2
1266722 43 33 0
1267015 43 33 2
1267591 43 34 0
1267957 43 34 2
1268533 43 35 0
1268822 43 35 2
1269398 43 36 0
1269714 43 36 2
1270290 43 37 0
1270563 43 37 2
1271139 43 38 0
1271452 43 38 2
1272028 43 39 0
1272302 43 39 2
1272878 43 40 0
1273145 43 40 2
1287305 43 8 0
1287566 43 8 2
1291745 43 2 2
1291746 43 2 0
1299853 43 2 2
1299854 43 2 0
1311830 43 2 0
1311831 43 2 2
1312300 43 2 0
1312301 43 2 2
1317079 43 63 1
1317286 43 2 2
1317359 43 63 2
1321258 43 31 0
1321361 43 31 2
1321405 43 35 0
1321672 43 35 2
1321732 43 32 0
1321843 43 32 2
1321943 43 33 0
1322123 43 33 2
1322215 43 34 0
1322299 43 34 2
1322331 43 1 0
1322413 43 1 2
1322457 43 32 0
1322595 43 32 2
1322603 43 35 0
1322669 43 35 2
1322673 43 60 0
1322812 43 60 2
1322828 43 61 0
1322951 43 61 2
1323011 43 48 0
1323121 43 48 2
1323161 43 49 0
1323283 43 49 2
1323319 43 36 0
1323319 43 36 0
1323353 43 36 2
1323406 43 36 2
1323470 43 37 0
1323470 43 37 0
1323512 43 37 2
1323577 43 37 2
1323625 43 58 0
1323625 43 58 0
1323669 43 58 2
1323730 43 58 2
1323742 43 31 0
1324050 43 31 2
1324062 43 30 0
1324400 43 30 2
1324408 43 59 0
1324408 43 59 0
1324442 43 59 2
1324491 43 59 2
1324543 43 34 0
1324838 43 34 2
1324878 43 0 0
1324878 43 0 0
1324960 43 0 2
1325106 43 2 0
1325108 43 0 0
1325133 43 0 2
1325141 43 33 0
1325450 43 33 2
1325466 43 60 0
1325560 43 60 2
1325580 43 32 0
1325877 43 32 2
1325953 43 61 0
1326032 43 61 2
1326156 43 62 0
1326414 43 62 2
1326502 43 12 0
1326593 43 12 2
1326605 43 39 0
1326739 43 39 2
1326751 43 13 0
1326840 43 13 2
1326844 43 48 0
1326965 43 48 2
1326977 43 59 0
1327075 43 59 2
1327103 43 54 0
1327103 43 54 0
1327153 43 54 2
1327241 43 54 2
1327281 43 55 0
1327523 43 55 2
1327547 43 56 0
1327670 43 56 2
1327698 43 57 0
1327824 43 57 2
1327888 43 58 0
1327969 43 58 2
1328005 43 49 0
1328156 43 49 2
1328196 43 63 0
1328216 43 42 2
1328426 43 63 2
1328474 43 15 0
1328607 43 15 2
1328623 43 44 0
1328715 43 44 2
1328729 43 42 2
1328735 43 45 0
1328849 43 45 2
1329041 43 42 2
1329097 43 0 0
1329253 43 0 2
1329268 43 42 2
1329345 43 1 0
1329454 43 1 2
1329458 43 46 0
1329524 43 46 2
1329620 43 2 0
1329746 43 2 2
1329754 43 47 0
1329828 43 47 2
1329840 43 41 0
1329945 43 41 2
1330017 43 3 0
1330144 43 3 2
1330152 43 12 0
1330234 43 12 2
1330486 43 5 0
1330756 43 5 2
1330767 43 38 2
1330804 43 6 0
1330932 43 6 2
1331020 43 7 0
1331193 43 7 2
1331301 43 8 0
1331402 43 8 2
1331458 43 1 0
1331458 43 1 0
1331558 43 1 2
1331562 43 1 2
1331843 43 40 2
1332006 43 46 0
1332072 43 46 2
1332080 43 4 0
1332497 43 4 2
1332521 43 47 0
1332597 43 47 2
1332741 43 12 0
1332741 43 12 0
1332800 43 12 2
1332806 43 12 2
1333170 43 10 0
1333282 43 10 2
1333402 43 1 0
1333508 43 1 2
1333760 43 39 2
1333956 43 46 0
1333956 43 46 0
1334015 43 46 2
1334047 43 47 0
1334113 43 47 2
1334118 43 46 2
1334257 43 12 0
1334331 43 12 2
1334815 43 1 0
1334815 43 1 0
1334889 43 1 2
1334914 43 1 2
1334935 43 38 2
1335219 43 37 2
1335362 43 46 0
1335420 43 46 2
1335452 43 47 0
1335452 43 47 0
1335523 43 47 2
1335572 43 47 2
1335667 43 12 0
1335667 43 12 0
1335727 43 12 2
1335743 43 12 2
1335908 43 41 2
1336227 43 1 0
1336227 43 1 0
1336303 43 1 2
1336311 43 1 2
1336759 43 46 0
1336759 43 46 0
1336803 43 46 2
1336814 43 46 2
1336846 43 47 0
1336846 43 47 0
1336904 43 47 2
1336907 43 47 2
1337051 43 12 0
1337051 43 12 0
1337112 43 12 2
1337126 43 12 2
1337610 43 1 0
1337610 43 1 0
1337686 43 1 2
1337698 43 1 2
1338130 43 13 0
1338228 43 13 2
1338244 43 46 0
1338244 43 46 0
1338285 43 34 2
1338286 43 46 2
1338317 43 46 2
1338349 43 47 0
1338349 43 47 0
1338399 43 47 2
1338408 43 47 2
1338552 43 12 0
1338552 43 12 0
1338610 43 12 2
1338618 43 12 2
1339102 43 1 0
1339102 43 1 0
1339177 43 1 2
1339182 43 1 2
1339278 43 36 2
1339572 43 30 2
1339630 43 46 0
1339630 43 46 0
1339672 43 46 2
1339682 43 46 2
1339714 43 47 0
1339714 43 47 0
1339768 43 47 2
1339776 43 47 2
1339920 43 12 0
1339920 43 12 0
1339978 43 12 2
1339989 43 12 2
1340106 43 35 2
1340473 43 1 0
1340473 43 1 0
1340547 43 1 2
1340572 43 1 2
1341020 43 46 0
1341020 43 46 0
1341045 43 33 2
1341062 43 46 2
1341070 43 46 2
1341102 43 47 0
1341102 43 47 0
1341152 43 47 2
1341162 43 47 2
1341306 43 12 0
1341306 43 12 0
1341365 43 12 2
1341373 43 12 2
1341857 43 1 0
1341857 43 1 0
1341936 43 1 2
1341950 43 1 2
1342398 43 46 0
1342398 43 46 0
1342442 43 46 2
1342451 43 46 2
1342483 43 47 0
1342483 43 47 0
1342534 43 47 2
1342544 43 47 2
1342688 43 12 0
1342688 43 12 0
1342748 43 12 2
1342758 43 12 2
1343242 43 1 0
1343242 43 1 0
1343320 43 1 2
1343335 43 1 2
1343783 43 46 0
1343783 43 46 0
1343825 43 46 2
1343833 43 46 2
1343865 43 47 0
1343865 43 47 0
1343915 43 47 2
1343923 43 47 2
1344067 43 12 0
1344067 43 12 0
1344125 43 12 2
1344133 43 12 2
1344617 43 1 0
1344617 43 1 0
1344691 43 1 2
1344699 43 1 2
1345147 43 46 0
1345147 43 46 0
1345194 43 46 2
1345196 43 46 2
1345228 43 47 0
1345228 43 47 0
1345278 43 47 2
1345288 43 47 2
1345432 43 12 0
1345432 43 12 0
1345490 43 12 2
1345497 43 12 2
1345981 43 1 0
1345981 43 1 0
1346055 43 1 2
1346063 43 1 2
1346511 43 46 0
1346511 43 46 0
1346553 43 46 2
1346562 43 46 2
1346594 43 47 0
1346594 43 47 0
1346644 43 47 2
1346652 43 47 2
1346796 43 12 0
1346796 43 12 0
1346854 43 12 2
1346862 43 12 2
1347346 43 1 0
1347346 43 1 0
1347423 43 1 2
1347433 43 1 2
1347881 43 46 0
1347881 43 46 0
1347923 43 46 2
1347935 43 46 2
1347967 43 47 0
1347967 43 47 0
1348017 43 47 2
1348026 43 47 2
1348170 43 12 0
1348170 43 12 0
1348228 43 12 2
1348236 43 12 2
1348720 43 1 0
1348720 43 1 0
1348794 43 1 2
1348802 43 1 2
1349234 43 14 0
1349348 43 14 2
1349364 43 46 0
1349364 43 46 0
1349406 43 46 2
1349413 43 46 2
1349445 43 47 0
1349445 43 47 0
1349495 43 47 2
1349503 43 47 2
1349647 43 12 0
1349647 43 12 0
1349705 43 12 2
1349713 43 12 2
1350197 43 1 0
1350197 43 1 0
1350272 43 1 2
1350281 43 1 2
1350729 43 46 0
1350729 43 46 0
1350771 43 46 2
1350784 43 46 2
1350816 43 47 0
1350816 43 47 0
1350866 43 47 2
1350876 43 47 2
1351020 43 12 0
1351020 43 12 0
1351078 43 12 2
1351086 43 12 2
1351570 43 1 0
1351570 43 1 0
1351644 43 1 2
1351651 43 1 2
1352099 43 46 0
1352099 43 46 0
1352141 43 46 2
1352148 43 46 2
1352180 43 47 0
1352180 43 47 0
1352230 43 47 2
1352238 43 47 2
1352382 43 12 0
1352382 43 12 0
1352440 43 12 2
1352453 43 12 2
1352937 43 1 0
1352937 43 1 0
1353011 43 1 2
1353020 43 1 2
1353468 43 46 0
1353468 43 46 0
1353513 43 46 2
1353521 43 46 2
1353553 43 47 0
1353553 43 47 0
1353603 43 47 2
1353627 43 47 2
1353771 43 12 0
1353771 43 12 0
1353829 43 12 2
1353839 43 12 2
1354323 43 1 0
1354323 43 1 0
1354397 43 1 2
1354404 43 1 2
1354852 43 46 0
1354852 43 46 0
1354895 43 46 2
1354902 43 46 2
1354934 43 47 0
1354934 43 47 0
1354986 43 47 2
1354994 43 47 2
1355138 43 12 0
1355138 43 12 0
1355196 43 12 2
1355204 43 12 2
1355688 43 1 0
1355688 43 1 0
1355762 43 1 2
1355770 43 1 2
1356218 43 46 0
1356218 43 46 0
1356260 43 46 2
1356268 43 46 2
1356300 43 47 0
1356300 43 47 0
1356350 43 47 2
1356358 43 47 2
1356502 43 12 0
1356502 43 12 0
1356560 43 12 2
1356575 43 12 2
1357059 43 1 0
1357059 43 1 0
1357133 43 1 2
1357140 43 1 2
1357588 43 46 0
1357588 43 46 0
1357630 43 46 2
1357641 43 46 2
1357673 43 47 0
1357673 43 47 0
1357723 43 47 2
1357730 43 47 2
1357778 43 2 0
1357779 43 2 2
1357874 43 12 0
1357874 43 12 0
1357933 43 12 2
1357940 43 12 2
1358424 43 1 0
1358424 43 1 0
1358508 43 1 2
1358525 43 1 2
1358973 43 46 0
1358973 43 46 0
1359015 43 46 2
1359022 43 46 2
1359047 43 2 0
1359048 43 2 2
1359054 43 47 0
1359054 43 47 0
1359104 43 47 2
1359119 43 47 2
1359263 43 12 0
1359263 43 12 0
1359321 43 12 2
1359335 43 12 2
1359723 43 1 0
1359723 43 1 0
1359797 43 1 2
1359805 43 1 2
1360153 43 2 0
1360154 43 2 2
1360237 43 7 0
1360367 43 7 2
1360383 43 46 0
1360383 43 46 0
1360425 43 46 2
1360432 43 46 2
1360464 43 47 0
1360464 43 47 0
1360514 43 47 2
1360523 43 47 2
1360667 43 12 0
1360667 43 12 0
1360726 43 12 2
1360738 43 12 2
1361222 43 1 0
1361222 43 1 0
1361296 43 1 2
1361314 43 1 2
1361762 43 46 0
1361762 43 46 0
1361805 43 46 2
1361820 43 46 2
1361852 43 47 0
1361852 43 47 0
1361902 43 47 2
1361913 43 47 2
1362057 43 12 0
1362057 43 12 0
1362115 43 12 2
1362124 43 12 2
1362608 43 1 0
1362608 43 1 0
1362682 43 1 2
1362689 43 1 2
1363137 43 46 0
1363137 43 46 0
1363180 43 46 2
1363188 43 46 2
1363220 43 47 0
1363220 43 47 0
1363273 43 47 2
1363286 43 47 2
1363430 43 5 0
1363528 43 5 2
1363536 43 61 0
1363536 43 61 0
1363586 43 61 2
1363667 43 61 2
1363675 43 29 0
1363929 43 29 2
1363945 43 62 0
1363945 43 62 0
1364003 43 62 2
1364084 43 62 2
1364360 43 63 0
1364360 43 63 0
1364426 43 63 2
1364507 43 63 2
1364931 43 12 0
1364931 43 12 0
1364937 43 2 0
1364938 43 63 1
1364989 43 12 2
1365018 43 12 2
1365144 43 2 2
1365148 43 45 2
1365217 43 63 2
1365458 43 11 0
1365556 43 11 2
1365768 43 1 0
1365768 43 1 0
1365842 43 1 2
1365850 43 1 2
1366298 43 46 0
1366298 43 46 0
1366340 43 46 2
1366348 43 46 2
1366380 43 47 0
1366380 43 47 0
1366433 43 47 2
1366446 43 47 2
1366590 43 12 0
1366590 43 12 0
1366648 43 12 2
1366661 43 12 2
1367145 43 1 0
1367145 43 1 0
1367219 43 1 2
1367227 43 1 2
1367675 43 46 0
1367675 43 46 0
1367717 43 46 2
1367725 43 46 2
1367757 43 47 0
1367757 43 47 0
1367807 43 47 2
1367815 43 47 2
1367959 43 12 0
1367959 43 12 0
1368017 43 12 2
1368025 43 12 2
1368509 43 1 0
1368509 43 1 0
1368583 43 1 2
1368591 43 1 2
1369039 43 46 0
1369039 43 46 0
1369081 43 46 2
1369092 43 46 2
1369124 43 47 0
1369124 43 47 0
1369174 43 47 2
1369182 43 47 2
1369326 43 12 0
1369326 43 12 0
1369384 43 12 2
1369391 43 12 2
1369875 43 1 0
1369875 43 1 0
1369949 43 1 2
1369957 43 1 2
1370405 43 46 0
1370405 43 46 0
1370447 43 46 2
1370455 43 46 2
1370487 43 47 0
1370487 43 47 0
1370537 43 47 2
1370545 43 47 2
1370689 43 12 0
1370755 43 12 2
1371239 43 1 0
1371239 43 1 0
1371313 43 1 2
1371322 43 1 2
1371770 43 46 0
1371770 43 46 0
1371812 43 46 2
1371822 43 46 2
1371854 43 47 0
1371854 43 47 0
1371904 43 47 2
1371916 43 47 2
1372060 43 12 0
1372060 43 12 0
1372122 43 12 2
1372125 43 12 2
1372609 43 1 0
1372609 43 1 0
1372683 43 1 2
1372691 43 1 2
1373123 43 8 0
1373123 43 8 0
1373197 43 8 2
1373230 43 8 2
1373246 43 46 0
1373246 43 46 0
1373288 43 46 2
1373296 43 46 2
1373328 43 47 0
1373328 43 47 0
1373378 43 47 2
1373387 43 47 2
1373531 43 12 0
1373531 43 12 0
1373589 43 12 2
1373597 43 12 2
1374081 43 1 0
1374081 43 1 0
1374155 43 1 2
1374164 43 1 2
1374612 43 46 0
1374612 43 46 0
1374654 43 46 2
1374662 43 46 2
1374694 43 47 0
1374694 43 47 0
1374748 43 47 2
1374751 43 47 2
1374895 43 12 0
1374895 43 12 0
1374953 43 12 2
1374971 43 12 2
1375455 43 1 0
1375455 43 1 0
1375529 43 1 2
1375599 43 1 2
1376047 43 46 0
1376047 43 46 0
1376089 43 46 2
1376097 43 46 2
1376129 43 47 0
1376129 43 47 0
1376179 43 47 2
1376187 43 47 2
1376331 43 12 0
1376331 43 12 0
1376389 43 12 2
1376438 43 12 2
1376922 43 1 0
1376922 43 1 0
1376998 43 1 2
1377065 43 1 2
1377513 43 46 0
1377513 43 46 0
1377555 43 46 2
1377562 43 46 2
1377594 43 47 0
1377594 43 47 0
1377645 43 47 2
1377651 43 47 2
1377795 43 12 0
1377795 43 12 0
1377853 43 12 2
1377900 43 12 2
1378384 43 1 0
1378384 43 1 0
1378458 43 1 2
1378526 43 1 2
1378974 43 46 0
1378974 43 46 0
1379024 43 46 2
1379025 43 46 2
1379057 43 47 0
1379057 43 47 0
1379110 43 47 2
1379147 43 47 2
1379291 43 12 0
1379291 43 12 0
1379349 43 12 2
1379458 43 12 2
1379942 43 1 0
1379942 43 1 0
1380016 43 1 2
1380085 43 1 2
1380533 43 46 0
1380533 43 46 0
1380576 43 46 2
1380586 43 46 2
1380618 43 47 0
1380618 43 47 0
1380669 43 47 2
1380675 43 47 2
1380819 43 12 0
1380819 43 12 0
1380877 43 12 2
1380926 43 12 2
1381410 43 1 0
1381410 43 1 0
1381484 43 1 2
1381551 43 1 2
1381999 43 46 0
1381999 43 46 0
1382041 43 46 2
1382049 43 46 2
1382081 43 47 0
1382081 43 47 0
1382133 43 47 2
1382140 43 47 2
1382284 43 12 0
1382284 43 12 0
1382342 43 12 2
1382400 43 12 2
1382884 43 1 0
1382884 43 1 0
1382960 43 1 2
1383030 43 1 2
1383478 43 46 0
1383478 43 46 0
1383520 43 46 2
1383528 43 46 2
1383560 43 47 0
1383560 43 47 0
1383614 43 47 2
1383617 43 47 2
1383761 43 12 0
1383761 43 12 0
1383819 43 12 2
1383857 43 12 2
1384341 43 1 0
1384341 43 1 0
1384417 43 1 2
1384495 43 1 2
1384927 43 9 0
1385009 43 9 2
1385025 43 46 0
1385025 43 46 0
1385067 43 46 2
1385078 43 46 2
1385110 43 47 0
1385110 43 47 0
1385160 43 47 2
1385168 43 47 2
1385312 43 12 0
1385312 43 12 0
1385370 43 12 2
1385377 43 12 2
1385861 43 1 0
1385861 43 1 0
1385938 43 1 2
1385946 43 1 2
1386394 43 46 0
1386394 43 46 0
1386436 43 46 2
1386444 43 46 2
1386476 43 47 0
1386476 43 47 0
1386526 43 47 2
1386534 43 47 2
1386678 43 12 0
1386678 43 12 0
1386736 43 12 2
1386774 43 12 2
1387258 43 1 0
1387258 43 1 0
1387332 43 1 2
1387411 43 1 2
1387859 43 46 0
1387859 43 46 0
1387901 43 46 2
1387909 43 46 2
1387941 43 47 0
1387941 43 47 0
1387991 43 47 2
1388004 43 47 2
1388148 43 12 0
1388148 43 12 0
1388206 43 12 2
1388233 43 12 2
1388717 43 1 0
1388717 43 1 0
1388791 43 1 2
1388869 43 1 2
1389317 43 46 0
1389317 43 46 0
1389360 43 46 2
1389372 43 46 2
1389404 43 47 0
1389404 43 47 0
1389456 43 47 2
1389504 43 47 2
1389648 43 12 0
1389648 43 12 0
1389706 43 12 2
1389765 43 12 2
1390249 43 1 0
1390249 43 1 0
1390323 43 1 2
1390341 43 1 2
1390789 43 46 0
1390789 43 46 0
1390835 43 46 2
1390848 43 46 2
1390880 43 47 0
1390880 43 47 0
1390932 43 47 2
1390992 43 47 2
1391136 43 12 0
1391136 43 12 0
1391194 43 12 2
1391212 43 12 2
1391696 43 1 0
1391696 43 1 0
1391773 43 1 2
1391784 43 1 2
1392232 43 46 0
1392232 43 46 0
1392274 43 46 2
1392291 43 46 2
1392323 43 47 0
1392323 43 47 0
1392373 43 47 2
1392443 43 47 2
1392587 43 12 0
1392587 43 12 0
1392645 43 12 2
1392764 43 12 2
1393248 43 1 0
1393248 43 1 0
1393322 43 1 2
1393584 43 1 2
1394032 43 46 0
1394032 43 46 0
1394085 43 46 2
1394117 43 47 0
1394117 43 47 0
1394135 43 46 2
1394167 43 47 2
1394177 43 47 2
1394321 43 12 0
1394321 43 12 0
1394379 43 12 2
1394387 43 12 2
1394871 43 1 0
1394871 43 1 0
1394957 43 1 2
1395054 43 1 2
1395502 43 46 0
1395502 43 46 0
1395551 43 46 2
1395583 43 47 0
1395583 43 47 0
1395604 43 46 2
1395633 43 47 2
1395657 43 47 2
1395801 43 12 0
1395801 43 12 0
1395859 43 12 2
1395868 43 12 2
1396352 43 1 0
1396352 43 1 0
1396426 43 1 2
1396515 43 1 2
1396947 43 10 0
1397045 43 10 2
1397061 43 46 0
1397061 43 46 0
1397120 43 46 2
1397143 43 46 2
1397152 43 47 0
1397152 43 47 0
1397209 43 47 2
1397222 43 47 2
1397353 43 12 0
1397353 43 12 0
1397419 43 12 2
1397491 43 12 2
1397903 43 1 0
1397903 43 1 0
1397978 43 1 2
1397995 43 1 2
1398443 43 46 0
1398443 43 46 0
1398494 43 46 2
1398496 43 46 2
1398526 43 47 0
1398526 43 47 0
1398584 43 47 2
1398586 43 47 2
1398728 43 12 0
1398728 43 12 0
1398794 43 12 2
1398826 43 12 2
1399278 43 1 0
1399278 43 1 0
1399361 43 1 2
1399433 43 1 2
1399809 43 46 0
1399809 43 46 0
1399852 43 46 2
1399865 43 46 2
1399897 43 47 0
1399897 43 47 0
1399947 43 47 2
1399955 43 47 2
1400099 43 12 0
1400099 43 12 0
1400157 43 12 2
1400165 43 12 2
1400649 43 1 0
1400649 43 1 0
1400723 43 1 2
1400753 43 1 2
1401201 43 46 0
1401201 43 46 0
1401244 43 46 2
1401254 43 46 2
1401286 43 47 0
1401286 43 47 0
1401337 43 47 2
1401345 43 47 2
1401489 43 12 0
1401489 43 12 0
1401547 43 12 2
1401595 43 12 2
1402079 43 1 0
1402079 43 1 0
1402153 43 1 2
1402221 43 1 2
1402669 43 46 0
1402669 43 46 0
1402711 43 46 2
1402739 43 46 2
1402771 43 47 0
1402771 43 47 0
1402821 43 47 2
1402869 43 47 2
1403013 43 12 0
1403013 43 12 0
1403071 43 12 2
1403118 43 12 2
1403602 43 1 0
1403602 43 1 0
1403676 43 1 2
1403687 43 1 2
1404135 43 46 0
1404135 43 46 0
1404177 43 46 2
1404262 43 46 2
1404294 43 47 0
1404294 43 47 0
1404344 43 47 2
1404402 43 47 2
1404546 43 12 0
1404546 43 12 0
1404604 43 12 2
1404672 43 12 2
1405156 43 1 0
1405156 43 1 0
1405230 43 1 2
1405242 43 1 2
1405690 43 46 0
1405690 43 46 0
1405732 43 46 2
1405740 43 46 2
1405772 43 47 0
1405772 43 47 0
1405822 43 47 2
1405831 43 47 2
1405975 43 12 0
1405975 43 12 0
1406033 43 12 2
1406041 43 12 2
1406525 43 1 0
1406525 43 1 0
1406605 43 1 2
1406608 43 1 2
1407056 43 46 0
1407056 43 46 0
1407099 43 46 2
1407109 43 46 2
1407141 43 47 0
1407141 43 47 0
1407191 43 47 2
1407199 43 47 2
1407343 43 12 0
1407343 43 12 0
1407401 43 12 2
1407409 43 12 2
1407893 43 1 0
1407893 43 1 0
1407967 43 1 2
1407977 43 1 2
1408409 43 11 0
1408409 43 11 0
1408459 43 11 2
1408492 43 11 2
1408508 43 46 0
1408508 43 46 0
1408550 43 46 2
1408557 43 46 2
1408589 43 47 0
1408589 43 47 0
1408639 43 47 2
1408651 43 47 2
1408795 43 12 0
1408795 43 12 0
1408853 43 12 2
1408860 43 12 2
1409344 43 1 0
1409344 43 1 0
1409421 43 1 2
1409432 43 1 2
1409880 43 46 0
1409880 43 46 0
1409926 43 46 2
1409930 43 46 2
1409962 43 47 0
1409962 43 47 0
1410012 43 47 2
1410020 43 47 2
1410164 43 12 0
1410164 43 12 0
1410222 43 12 2
1410230 43 12 2
1410714 43 1 0
1410714 43 1 0
1410789 43 1 2
1410799 43 1 2
1411247 43 46 0
1411247 43 46 0
1411289 43 46 2
1411299 43 46 2
1411331 43 47 0
1411331 43 47 0
1411382 43 47 2
1411394 43 47 2
1411538 43 12 0
1411538 43 12 0
1411596 43 12 2
1411604 43 12 2
1412088 43 1 0
1412088 43 1 0
1412162 43 1 2
1412170 43 1 2
1412618 43 46 0
1412618 43 46 0
1412660 43 46 2
1412671 43 46 2
1412703 43 47 0
1412703 43 47 0
1412753 43 47 2
1412761 43 47 2
1412905 43 12 0
1412905 43 12 0
1412963 43 12 2
1412972 43 12 2
1413456 43 1 0
1413456 43 1 0
1413530 43 1 2
1413537 43 1 2
1413985 43 46 0
1413985 43 46 0
1414027 43 46 2
1414035 43 46 2
1414067 43 47 0
1414067 43 47 0
1414117 43 47 2
1414125 43 47 2
1414269 43 12 0
1414269 43 12 0
1414327 43 12 2
1414335 43 12 2
1414819 43 1 0
1414819 43 1 0
1414894 43 1 2
1414899 43 1 2
1415347 43 46 0
1415347 43 46 0
1415389 43 46 2
1415397 43 46 2
1415429 43 47 0
1415429 43 47 0
1415479 43 47 2
1415487 43 47 2
1415631 43 12 0
1415631 43 12 0
1415689 43 12 2
1415697 43 12 2
1416181 43 1 0
1416181 43 1 0
1416255 43 1 2
1416264 43 1 2
1416712 43 46 0
1416712 43 46 0
1416754 43 46 2
1416763 43 46 2
1416795 43 47 0
1416795 43 47 0
1416845 43 47 2
1416852 43 47 2
1416996 43 12 0
1416996 43 12 0
1417054 43 12 2
1417062 43 12 2
1417546 43 1 0
1417546 43 1 0
1417623 43 1 2
1417628 43 1 2
1418076 43 46 0
1418076 43 46 0
1418118 43 46 2
1418125 43 46 2
1418157 43 47 0
1418157 43 47 0
1418207 43 47 2
1418216 43 47 2
1418360 43 12 0
1418360 43 12 0
1418418 43 12 2
1418426 43 12 2
1418910 43 1 0
1418910 43 1 0
1418984 43 1 2
1418992 43 1 2
1419120 43 38 2
1419424 43 12 0
1419424 43 12 0
1419482 43 12 2
1419489 43 12 2
1419505 43 46 0
1419505 43 46 0
1419547 43 46 2
1419554 43 46 2
1419586 43 47 0
1419586 43 47 0
1419636 43 47 2
1419643 43 47 2
1419787 43 12 0
1419787 43 12 0
1419846 43 12 2
1419852 43 12 2
1420336 43 1 0
1420336 43 1 0
1420410 43 1 2
1420419 43 1 2
1420867 43 46 0
1420867 43 46 0
1420909 43 46 2
1420920 43 46 2
1420952 43 47 0
1420952 43 47 0
1421002 43 47 2
1421009 43 47 2
1421153 43 12 0
1421153 43 12 0
1421212 43 12 2
1421220 43 12 2
1421704 43 1 0
1421794 43 1 2
1422242 43 46 0
1422242 43 46 0
1422284 43 46 2
1422296 43 46 2
1422328 43 47 0
1422328 43 47 0
1422378 43 47 2
1422390 43 47 2
1422534 43 12 0
1422534 43 12 0
1422592 43 12 2
1422600 43 12 2
1422684 43 40 2
1423076 43 9 0
1423167 43 9 2
1423291 43 55 0
1423421 43 45 2
1423487 43 55 2
1423491 43 1 0
1423491 43 1 0
1423565 43 1 2
1423614 43 1 2
1423638 43 56 0
1423693 43 0 2
1423834 43 56 2
1423854 43 45 0
1423935 43 45 2
1423979 43 7 0
1424120 43 7 2
1424132 43 46 0
1424281 43 46 2
1424357 43 63 0
1424589 43 63 2
1424597 43 47 0
1424697 43 47 2
1424801 43 62 0
1424801 43 62 0
1424827 43 45 2
1424859 43 62 2
1424867 43 62 2
1424991 43 61 0
1424991 43 61 0
1425041 43 61 2
1425049 43 61 2
1425585 43 1 0
1425691 43 1 2
1425775 43 58 0
1425775 43 58 0
1425818 43 58 2
1425901 43 58 2
1425981 43 59 0
1425981 43 59 0
1426015 43 59 2
1426100 43 59 2
1427181 43 41 2
1451911 43 2 2
1457088 43 2 0
1457089 43 0 0
1502339 43 2 0
1502340 43 2 2
1505768 43 2 0
1505769 43 2 2
1510882 43 2 0
1510883 43 2 2
1510968 43 2 0
1510969 43 2 2
1564483 43 2 2
1585673 43 2 0
1585674 43 2 2
1608189 43 63 1
1608190 43 2 0
1608393 43 2 2
1608467 43 63 2
1631489 43 2 0
1631490 43 63 1
1631693 43 2 2
1631767 43 63 2
1641150 43 2 0
1641151 43 2 2
1644661 43 2 0
1644662 43 2 2
1674293 43 2 0
1674294 43 63 1
1674502 43 2 2
1674575 43 63 2
1719023 43 2 0
1719024 43 63 1
1719232 43 2 2
1719305 43 63 2
1757739 43 2 0
1757740 43 63 1
1757943 43 2 2
1758017 43 63 2
1781039 43 2 0
1781040 43 63 1
1781243 43 2 2
1781317 43 63 2
1791107 43 2 0
1791108 43 63 1
1791313 43 2 2
1791387 43 63 2
1822733 43 63 1
1822734 43 2 0
1822942 43 2 2
1823015 43 63 2
1867533 43 2 0
1867534 43 63 1
1867742 43 2 2
1867815 43 63 2
1904069 43 2 0
1904070 43 63 1
1904273 43 2 2
1904347 43 63 2
1927429 43 2 0
1927430 43 63 1
1927633 43 2 2
1927707 43 63 2
1980233 43 2 0
1980234 43 63 1
1980442 43 2 2
1980515 43 63 2
2026063 43 2 0
2026064 43 63 1
2026282 43 2 2
2026355 43 63 2
2064439 43 2 0
2064440 43 63 1
2064643 43 2 2
2064717 43 63 2
2087789 43 2 0
2087790 43 63 1
2087993 43 2 2
2088067 43 63 2
2128853 43 2 0
2128854 43 63 1
2129062 43 2 2
2129135 43 63 2
2173643 43 2 0
2173644 43 63 1
2173852 43 2 2
2173925 43 63 2
2180486 43 15 0
2180486 43 15 0
2181117 43 15 2
2186383 43 15 2
2186599 43 36 0
2186599 43 36 0
2186800 43 36 2
2186844 43 37 0
2186844 43 37 0
2186998 43 37 2
2187046 43 37 2
2187130 43 8 0
2187130 43 8 0
2187143 43 36 2
2187204 43 8 2
2187250 43 8 2
2187285 43 39 2
2187298 43 0 0
2187298 43 0 0
2187381 43 0 2
2187412 43 0 2
2187500 43 36 0
2187500 43 36 0
2187534 43 36 2
2187934 43 39 2
2188062 43 39 2
2189528 43 42 2
2189592 43 36 2
2189624 43 38 0
2189624 43 38 0
2189721 43 40 2
2189980 43 42 2
2189985 43 38 2
2190084 43 42 2
2190307 43 40 2
2190507 43 38 2
2190579 43 0 0
2190579 43 0 0
2190661 43 0 2
2190670 43 0 2
2190758 43 54 0
2190758 43 54 0
2190808 43 54 2
2190841 43 54 2
2190873 43 12 0
2190938 43 12 2
2191002 43 37 0
2191002 43 37 0
2191044 43 37 2
2191052 43 37 2
2192040 43 47 0
2192123 43 47 2
2192147 43 11 0
2192147 43 11 0
2192198 43 11 2
2193391 43 11 2
2193519 43 1 0
2193519 43 1 0
2193597 43 1 2
2193622 43 1 2
2194110 43 2 0
2194269 43 41 2
2194450 43 2 2
2194498 43 15 0
2194498 43 15 0
2194613 43 15 2
2194701 43 38 0
2194701 43 38 0
2194720 43 15 2
2194727 43 41 2
2194751 43 38 2
2194843 43 41 2
2195064 43 38 2
2195220 43 46 0
2195272 43 46 2
2195324 43 0 0
2195324 43 0 0
2195406 43 0 2
2195424 43 0 2
2195572 43 47 0
2195629 43 47 2
2195645 43 12 0
2195737 43 12 2
2195773 43 47 0
2195841 43 47 2
2196897 43 63 0
2196897 43 63 0
2196973 43 63 2
2197070 43 63 2
2197274 43 58 0
2197274 43 58 0
2197317 43 58 2
2197368 43 58 2
2197452 43 46 0
2197566 43 46 2
2198122 43 15 0
2198122 43 15 0
2198214 43 15 2
2198233 43 15 2
2299271 43 2 0
2299272 43 63 1
2299484 43 2 2
2299558 43 63 2
2399631 43 2 0
2399632 43 2 2
2400650 43 2 0
2400651 43 2 2
2402203 43 2 0
2402204 43 2 2
2404955 43 2 0
2404956 43 2 2
2421216 43 2 0
2421217 43 2 2
2426413 43 2 0
2426414 43 2 2
2433447 43 2 0
2433448 43 2 2
2442490 43 2 0
2442491 43 2 2
2473414 43 2 0
2473415 43 2 2
2486173 43 2 0
2486174 43 2 2
2487534 43 2 0
2487535 43 2 2
2488881 43 2 0
2488882 43 2 2
2499188 43 2 2
2499189 43 2 0
2521065 43 2 0
2521066 43 63 1
2521278 43 2 2
2521352 43 63 2
2544685 43 2 0
2544686 43 63 1
2544898 43 2 2
2544972 43 63 2
2554549 43 2 0
2554550 43 2 2
2558148 43 2 0
2558149 43 2 2
2588019 43 2 0
2588020 43 63 1
2588227 43 2 2
2588300 43 63 2
2633876 43 2 0
2633877 43 63 1
2634087 43 2 2
2634160 43 63 2
2634548 43 2 0
2634549 43 2 2
2655261 43 2 0
2655262 43 2 2
2678351 43 2 0
2678352 43 0 0
2705577 43 2 0
2705578 43 2 2
2739636 43 2 0
2739637 43 2 2
2741943 43 2 0
2741944 43 2 2
2744400 43 2 0
2744401 43 2 2
2751633 43 2 0
2751634 43 2 2
2751719 43 2 0
2751720 43 2 2
2753029 43 2 0
2753030 43 2 2
2772045 43 2 0
2772046 43 63 1
2772250 43 2 2
2772324 43 63 2
2795455 43 2 0
2795456 43 63 1
2795660 43 2 2
2795734 43 63 2
2808568 43 2 0
2808569 43 2 2
2839799 43 2 0
2839800 43 63 1
2840009 43 2 2
2840082 43 63 2
2885029 43 2 0
2885030 43 63 1
2885239 43 2 2
2885312 43 63 2
2904821 43 2 0
2904822 43 2 2
2926027 43 2 0
2926028 43 63 1
2926231 43 2 2
2926305 43 63 2
2949387 43 2 0
2949388 43 63 1
2949591 43 2 2
2949665 43 63 2
2990641 43 2 0
2990642 43 63 1
2990850 43 2 2
2990923 43 63 2
3036398 43 2 0
3036399 43 63 1
3036610 43 2 2
3036683 43 63 2
3037071 43 2 0
3037072 43 2 2
3056369 43 2 0
3056370 43 2 2
3076857 43 2 0
3076858 43 63 1
3077061 43 2 2
3077135 43 63 2
3100347 43 2 0
3100348 43 63 1
3100551 43 2 2
3100625 43 63 2
3141461 43 2 0
3141462 43 63 1
3141670 43 2 2
3141743 43 63 2
3157048 43 15 0
3157048 43 15 0
3157840 43 15 2
3158280 43 0 0
3158280 43 0 0
3158362 43 0 2
3158379 43 0 2
3158499 43 38 0
3158499 43 38 0
3158600 43 38 2
3159409 43 15 2
3161172 43 38 2
3163104 43 15 0
3163104 43 15 0
3163186 43 15 2
3163214 43 15 2
3163302 43 38 0
3163302 43 38 0
3163635 43 38 2
3163843 43 0 0
3163843 43 0 0
3163925 43 0 2
3163942 43 0 2
3165320 43 0 2
3166042 43 15 0
3166042 43 15 0
3166124 43 15 2
3166132 43 15 2
3166256 43 7 0
3166292 43 38 2
3166920 43 7 2
3213403 43 2 0
3213404 43 63 1
3213606 43 2 2
3213679 43 63 2
3252738 43 2 0
3252739 43 63 1
3252942 43 2 2
3253016 43 63 2
3276058 43 2 0
3276059 43 63 1
3276262 43 2 2
3276336 43 63 2
3317352 43 2 0
3317353 43 63 1
3317561 43 2 2
3317634 43 63 2
3363149 43 2 0
3363150 43 63 1
3363361 43 2 2
3363434 43 63 2
3363822 43 2 0
3363823 43 2 2
3383280 43 2 0
3383281 43 2 2
3403649 43 2 0
3403650 43 63 1
3403862 43 2 2
3403936 43 63 2
3427069 43 2 0
3427070 43 63 1
3427282 43 2 2
3427356 43 63 2
3468223 43 2 0
3468224 43 63 1
3468431 43 2 2
3468504 43 63 2
3513323 43 2 0
3513324 43 63 1
3513531 43 2 2
3513604 43 63 2
3551659 43 2 0
3551660 43 63 1
3551872 43 2 2
3551946 43 63 2
3575039 43 2 0
3575040 43 63 1
3575252 43 2 2
3575326 43 63 2
3616393 43 2 0
3616394 43 63 1
3616601 43 2 2
3616674 43 63 2
3662220 43 2 0
3662221 43 63 1
3662431 43 2 2
3662504 43 63 2
3662892 43 2 0
3662893 43 2 2
3682008 43 2 0
3682009 43 2 2
3702393 43 2 0
3702394 43 63 1
3702597 43 2 2
3702671 43 63 2
3725743 43 2 0
3725744 43 63 1
3725947 43 2 2
3726021 43 63 2
3766827 43 2 0
3766828 43 63 1
3767036 43 2 2
3767109 43 63 2
3811907 43 2 0
3811908 43 63 1
3812116 43 2 2
3812189 43 63 2
3845948 43 2 0
3845949 43 2 2
3980684 43 2 0
3980685 43 2 2
4007929 43 2 0
4007930 43 2 2
4009398 43 2 0
4009399 43 2 2
4012144 43 2 0
4012145 43 2 2
4028248 43 2 0
4028249 43 2 2
4033552 43 2 0
4033553 43 2 2
4040462 43 2 0
4040463 43 2 2
4079420 43 2 0
4079421 43 2 2
4091623 43 2 0
4091624 43 2 2
4092984 43 2 2
4092985 43 2 0
4094327 43 2 0
4094328 43 2 2
4104459 43 2 2
4104460 43 2 0
4126469 43 2 0
4126470 43 63 1
4126682 43 2 2
4126756 43 63 2
4133611 43 15 0
4133611 43 15 0
4137050 43 15 2
4137053 43 15 2
4137493 43 0 0
4137493 43 0 0
4137575 43 0 2
4137592 43 0 2
4137712 43 38 0
4137712 43 38 0
4138005 43 38 2
4138212 43 38 2
4139937 43 15 0
4139937 43 15 0
4140069 43 15 2
4140127 43 15 2
4140215 43 38 0
4140215 43 38 0
4141715 43 38 2
4142178 43 38 2
4142386 43 0 0
4142386 43 0 0
4142468 43 0 2
4142485 43 0 2
4144585 43 15 0
4144585 43 15 0
4144667 43 15 2
4144674 43 15 2
4176659 43 2 0
4176660 43 63 1
4176872 43 2 2
4176946 43 63 2
4186195 43 2 0
4186196 43 2 2
4189344 43 2 0
4189345 43 2 2
4219053 43 2 0
4219054 43 63 1
4219261 43 2 2
4219334 43 63 2
4263923 43 2 0
4263924 43 63 1
4264131 43 2 2
4264204 43 63 2
4282527 43 2 0
4282528 43 0 0
4340795 43 2 0
4340796 43 2 2
4342748 43 2 0
4342749 43 2 2
4345195 43 2 0
4345196 43 2 2
4352668 43 2 0
4352669 43 2 2
4352754 43 2 0
4352755 43 2 2
4353818 43 2 0
4353819 43 2 2
4375821 43 2 0
4375822 43 2 2
4397276 43 2 0
4397277 43 63 1
4397480 43 2 2
4397554 43 63 2
4420626 43 2 0
4420627 43 63 1
4420830 43 2 2
4420904 43 63 2
4433190 43 2 0
4433191 43 2 2
4463090 43 2 0
4463091 43 63 1
4463299 43 2 2
4463372 43 63 2
4508937 43 2 0
4508938 43 63 1
4509149 43 2 2
4509222 43 63 2
4509610 43 2 0
4509611 43 2 2
4528846 43 2 0
4528847 43 2 2
4549256 43 2 0
4549257 43 63 1
4549460 43 2 2
4549534 43 63 2
4572586 43 2 0
4572587 43 63 1
4572790 43 2 2
4572864 43 63 2
4613680 43 2 0
4613681 43 63 1
4613889 43 2 2
4613962 43 63 2
4658710 43 2 0
4658711 43 63 1
4658919 43 2 2
4658992 43 63 2
4697246 43 2 0
4697247 43 63 1
4697450 43 2 2
4697524 43 63 2
4720556 43 2 0
4720557 43 63 1
4720760 43 2 2
4720834 43 63 2
4761850 43 2 0
4761851 43 63 1
4762059 43 2 2
4762132 43 63 2
4807617 43 2 0
4807618 43 63 1
4807829 43 2 2
4807902 43 63 2
4808290 43 2 0
4808291 43 2 2
4827468 43 2 0
4827469 43 2 2
4847817 43 63 1
4847818 43 2 0
4848020 43 2 2
4848094 43 63 2
4871167 43 63 1
4871168 43 2 0
4871370 43 2 2
4871444 43 63 2
4921055 43 63 1
4921056 43 2 0
4921264 43 2 2
4921337 43 63 2
4966775 43 2 0
4966776 43 63 1
4966984 43 2 2
4967057 43 63 2
4985280 43 2 0
4985281 43 63 1
4985484 43 2 2
4985557 43 63 2
5008511 43 2 0
5008512 43 63 1
5008715 43 2 2
5008789 43 63 2
5031831 43 2 0
5031832 43 63 1
5032035 43 2 2
5032109 43 63 2
5085503 43 2 0
5085504 43 63 1
5085716 43 2 2
5085790 43 63 2
5109063 43 2 0
5109064 43 63 1
5109276 43 2 2
5109350 43 63 2
5110173 43 15 0
5110173 43 15 0
5112766 43 15 2
5113193 43 15 2
5113206 43 0 0
5113206 43 0 0
5113288 43 0 2
5113305 43 0 2
5113425 43 38 0
5113425 43 38 0
5113475 43 38 2
5113668 43 38 2
5115600 43 15 0
5115600 43 15 0
5115682 43 15 2
5115780 43 15 2
5115868 43 38 0
5115868 43 38 0
5115918 43 38 2
5116631 43 38 2
5116839 43 0 0
5116839 43 0 0
5116921 43 0 2
5116938 43 0 2
5119038 43 15 0
5119038 43 15 0
5119120 43 15 2
5119128 43 15 2
5122276 43 0 2
5169185 43 2 0
5169186 43 63 1
5169397 43 2 2
5169470 43 63 2
5214095 43 2 0
5214096 43 63 1
5214307 43 2 2
5214380 43 63 2
5253128 43 2 0
5253129 43 63 1
5253332 43 2 2
5253406 43 63 2
5276468 43 2 0
5276469 43 63 1
5276672 43 2 2
5276746 43 63 2
5317602 43 2 0
5317603 43 63 1
5317811 43 2 2
5317884 43 63 2
5362442 43 2 0
5362443 43 63 1
5362651 43 2 2
5362724 43 63 2
5399548 43 2 0
5399549 43 63 1
5399752 43 2 2
5399826 43 63 2
5422958 43 2 0
5422959 43 63 1
5423162 43 2 2
5423236 43 63 2
5463952 43 2 0
5463953 43 63 1
5464161 43 2 2
5464234 43 63 2
5508692 43 63 1
5508693 43 2 0
5508901 43 2 2
5508974 43 63 2
5545748 43 2 0
5545749 43 63 1
5545952 43 2 2
5546026 43 63 2
5569128 43 2 0
5569129 43 63 1
5569332 43 2 2
5569406 43 63 2
5610322 43 2 0
5610323 43 63 1
5610531 43 2 2
5610604 43 63 2
5655132 43 2 0
5655133 43 63 1
5655351 43 2 2
5655424 43 63 2
5692328 43 2 0
5692329 43 63 1
5692532 43 2 2
5692606 43 63 2
5715728 43 2 0
5715729 43 63 1
5715932 43 2 2
5716006 43 63 2
5756922 43 2 0
5756923 43 63 1
5757131 43 2 2
5757204 43 63 2
5801772 43 63 1
5801773 43 2 0
5801981 43 2 2
5802054 43 63 2
5838548 43 2 0
5838549 43 63 1
5838752 43 2 2
5838826 43 63 2
5861928 43 2 0
5861929 43 63 1
5862132 43 2 2
5862206 43 63 2
5903112 43 2 0
5903113 43 63 1
5903321 43 2 2
5903394 43 63 2
5947962 43 2 0
5947963 43 63 1
5948171 43 2 2
5948244 43 63 2
5984788 43 2 0
5984789 43 63 1
5984992 43 2 2
5985066 43 63 2
6008128 43 2 0
6008129 43 63 1
6008332 43 2 2
6008406 43 63 2
6049142 43 2 0
6049143 43 63 1
6049351 43 2 2
6049424 43 63 2
6086738 43 15 0
6086738 43 15 0
6090697 43 15 2
6091540 43 15 2
6091980 43 0 0
6091980 43 0 0
6092062 43 0 2
6092079 43 0 2
6092199 43 38 0
6092199 43 38 0
6092589 43 38 2
6094201 43 38 2
6095653 43 7 0
6095767 43 7 2
6096247 43 15 0
6096247 43 15 0
6096329 43 15 2
6096338 43 15 2
6096426 43 38 0
6096426 43 38 0
6096949 43 38 2
6097157 43 0 0
6097157 43 0 0
6097239 43 0 2
6097256 43 0 2
6097816 43 38 2
6099356 43 15 0
6099356 43 15 0
6099438 43 15 2
6099506 43 15 2
6116398 43 2 0
6116399 43 63 1
6116602 43 2 2
6116675 43 63 2
6154624 43 2 0
6154625 43 63 1
6154833 43 2 2
6154907 43 63 2
6177964 43 2 0
6177965 43 63 1
6178173 43 2 2
6178247 43 63 2
6219098 43 2 0
6219099 43 63 1
6219302 43 2 2
6219375 43 63 2
6263898 43 2 0
6263899 43 63 1
6264102 43 2 2
6264175 43 63 2
6300944 43 2 0
6300945 43 63 1
6301153 43 2 2
6301227 43 63 2
6324254 43 2 0
6324255 43 63 1
6324463 43 2 2
6324537 43 63 2
6365278 43 2 0
6365279 43 63 1
6365482 43 2 2
6365555 43 63 2
6410028 43 2 0
6410029 43 63 1
6410232 43 2 2
6410305 43 63 2
6434316 43 2 0
6434317 43 63 1
6434522 43 2 2
6434595 43 63 2
6486287 43 2 0
6486288 43 63 1
6486492 43 2 2
6486565 43 63 2
6486577 43 2 0
6486578 43 2 2
6502400 43 2 0
6502401 43 2 2
6528304 43 63 1
6528305 43 2 0
6528507 43 2 2
6528581 43 63 2
6551634 43 63 1
6551635 43 2 0
6551837 43 2 2
6551911 43 63 2
6620539 43 2 0
6620540 43 63 1
6620748 43 2 2
6620821 43 63 2
6638969 43 2 0
6638970 43 2 2
6659721 43 2 0
6659722 43 63 1
6659925 43 2 2
6659999 43 63 2
6683121 43 2 0
6683122 43 63 1
6683325 43 2 2
6683399 43 63 2
6724945 43 2 0
6724946 43 63 1
6725154 43 2 2
6725227 43 63 2
6769945 43 2 0
6769946 43 63 1
6770154 43 2 2
6770227 43 63 2
6955136 43 2 0
6955137 43 2 2
6956607 43 2 2
6956608 43 2 0
6959358 43 2 0
6959359 43 2 2
6975750 43 2 0
6975751 43 2 2
6981074 43 2 0
6981075 43 2 2
6987942 43 2 0
6987943 43 2 2
7027491 43 2 0
7027492 43 2 2
7039746 43 2 0
7039747 43 2 2
7041107 43 2 0
7041108 43 2 2
7042454 43 2 0
7042455 43 2 2
7052511 43 2 0
7052512 43 2 2
7063298 43 15 0
7063298 43 15 0
7066718 43 15 2
7069412 43 15 2
7069852 43 0 0
7069852 43 0 0
7069934 43 0 2
7069951 43 0 2
7070071 43 38 0
7070071 43 38 0
7070703 43 38 2
7070981 43 38 2
7072635 43 15 0
7072635 43 15 0
7072734 43 15 2
7072738 43 15 2
7072822 43 38 0
7072822 43 38 0
7073279 43 0 2
7073525 43 38 2
7073733 43 0 0
7073733 43 0 0
7073815 43 0 2
7073832 43 0 2
7073908 43 7 0
7074352 43 38 2
7078598 43 7 2
7080622 43 15 0
7080622 43 15 0
7080704 43 15 2
7080712 43 15 2
7101928 43 2 0
7101929 43 63 1
7102141 43 2 2
7102215 43 63 2
7125498 43 2 0
7125499 43 63 1
7125711 43 2 2
7125785 43 63 2
7135048 43 2 0
7135049 43 2 2
7138073 43 2 0
7138074 43 2 2
7168122 43 2 0
7168123 43 63 1
7168330 43 2 2
7168403 43 63 2
7213142 43 2 0
7213143 43 63 1
7213350 43 2 2
7213423 43 63 2
7230939 43 2 0
7230940 43 0 0
7270042 43 2 0
7270043 43 63 1
7270254 43 2 2
7270327 43 63 2
7288260 43 2 0
7288261 43 2 2
7292669 43 2 0
7292670 43 2 2
7300531 43 2 0
7300532 43 2 2
7300617 43 2 0
7300618 43 2 2
7301845 43 2 0
7301846 43 2 2
7325905 43 2 0
7325906 43 2 2
7347568 43 2 0
7347569 43 63 1
7347772 43 2 2
7347846 43 63 2
7370948 43 2 0
7370949 43 63 1
7371152 43 2 2
7371226 43 63 2
7383372 43 2 0
7383373 43 2 2
7413232 43 2 0
7413233 43 63 1
7413441 43 2 2
7413514 43 63 2
7458999 43 2 0
7459000 43 63 1
7459211 43 2 2
7459284 43 63 2
7459672 43 2 0
7459673 43 2 2
7478760 43 2 0
7478761 43 2 2
7499180 43 2 0
7499181 43 63 1
7499384 43 2 2
7499458 43 63 2
7522550 43 2 0
7522551 43 63 1
7522754 43 2 2
7522828 43 63 2
7572604 43 2 0
7572605 43 63 1
7572813 43 2 2
7572886 43 63 2
7617754 43 2 0
7617755 43 63 1
7617963 43 2 2
7618036 43 63 2
7634859 43 2 0
7634860 43 2 2
7680898 43 2 0
7680899 43 63 1
7681103 43 2 2
7681177 43 63 2
7704318 43 2 0
7704319 43 63 1
7704523 43 2 2
7704597 43 63 2
7745472 43 2 0
7745473 43 63 1
7745682 43 2 2
7745755 43 63 2
7790222 43 2 0
7790223 43 63 1
7790432 43 2 2
7790505 43 63 2
7827638 43 2 0
7827639 43 63 1
7827843 43 2 2
7827917 43 63 2
7851128 43 2 0
7851129 43 63 1
7851333 43 2 2
7851407 43 63 2
7892222 43 2 0
7892223 43 63 1
7892432 43 2 2
7892505 43 63 2
7937052 43 2 0
7937053 43 63 1
7937262 43 2 2
7937335 43 63 2
7956330 43 2 0
7956331 43 2 2
7997234 43 2 0
7997235 43 63 1
7997446 43 2 2
7997519 43 63 2
7997531 43 2 0
7997532 43 2 2
8038218 43 63 1
8038219 43 2 0
8038421 43 2 2
8038495 43 63 2
8039861 43 15 0
8039861 43 15 0
8044151 43 15 2
8045340 43 15 2
8045780 43 0 0
8045780 43 0 0
8045862 43 0 2
8045879 43 0 2
8045999 43 38 0
8045999 43 38 0
8049649 43 38 2
8050372 43 38 2
8052304 43 15 0
8052304 43 15 0
8052386 43 15 2
8052394 43 15 2
8052482 43 38 0
8052482 43 38 0
8052532 43 38 2
8052695 43 38 2
8052903 43 0 0
8052903 43 0 0
8052985 43 0 2
8053002 43 0 2
8055102 43 15 0
8055102 43 15 0
8055184 43 15 2
8055192 43 15 2
8081355 43 2 0
8081356 43 63 1
8081561 43 2 2
8081635 43 63 2
8112229 43 2 0
8112230 43 2 2
8154226 43 2 0
8154227 43 63 1
8154429 43 2 2
8154502 43 63 2
8193830 43 2 0
8193831 43 63 1
8194034 43 2 2
8194108 43 63 2
8217260 43 2 0
8217261 43 63 1
8217464 43 2 2
8217538 43 63 2
8259024 43 63 1
8259025 43 2 0
8259233 43 2 2
8259306 43 63 2
8304761 43 2 0
8304762 43 63 1
8304973 43 2 2
8305046 43 63 2
8305434 43 2 0
8305435 43 2 2
8324482 43 2 0
8324483 43 2 2
8344921 43 2 0
8344922 43 63 1
8345125 43 2 2
8345199 43 63 2
8368261 43 2 0
8368262 43 63 1
8368465 43 2 2
8368539 43 63 2
8409405 43 2 0
8409406 43 63 1
8409614 43 2 2
8409687 43 63 2
8454235 43 2 0
8454236 43 63 1
8454444 43 2 2
8454517 43 63 2
8490951 43 2 0
8490952 43 63 1
8491155 43 2 2
8491229 43 63 2
8514321 43 2 0
8514322 43 63 1
8514525 43 2 2
8514599 43 63 2
8555585 43 2 0
8555586 43 63 1
8555794 43 2 2
8555867 43 63 2
8600385 43 2 0
8600386 43 63 1
8600594 43 2 2
8600667 43 63 2
8637291 43 2 0
8637292 43 63 1
8637495 43 2 2
8637569 43 63 2
8660631 43 2 0
8660632 43 63 1
8660835 43 2 2
8660909 43 63 2
8701685 43 2 0
8701686 43 63 1
8701894 43 2 2
8701967 43 63 2
8746515 43 2 0
8746516 43 63 1
8746724 43 2 2
8746797 43 63 2
8783341 43 2 0
8783342 43 63 1
8783545 43 2 2
8783619 43 63 2
8806721 43 2 0
8806722 43 63 1
8806925 43 2 2
8806999 43 63 2
8847755 43 2 0
8847756 43 63 1
8847964 43 2 2
8848037 43 63 2
8892605 43 2 0
8892606 43 63 1
8892844 43 2 2
8892917 43 63 2
8929551 43 2 0
8929552 43 63 1
8929755 43 2 2
8929829 43 63 2
8953011 43 2 0
8953012 43 63 1
8953235 43 2 2
8953309 43 63 2
8994045 43 2 0
8994046 43 63 1
8994254 43 2 2
8994327 43 63 2
9016425 43 15 0
9016425 43 15 0
9019483 43 15 2
9022567 43 15 2
9023007 43 0 0
9023007 43 0 0
9023089 43 0 2
9023105 43 0 2
9023225 43 38 0
9023225 43 38 0
9024883 43 0 2
9025225 43 38 2
9027228 43 38 2
9028680 43 7 0
9029866 43 7 2
9030346 43 15 0
9030346 43 15 0
9030436 43 15 2
9030438 43 15 2
9030524 43 38 0
9030524 43 38 0
9030575 43 38 2
9030646 43 38 2
9030854 43 0 0
9030854 43 0 0
9030936 43 0 2
9030953 43 0 2
9032384 43 42 2
9032490 43 42 2
9032716 43 42 2
9033053 43 15 0
9033053 43 15 0
9033175 43 15 2
9033193 43 15 2
9061243 43 2 0
9061244 43 63 1
9061452 43 2 2
9061524 43 63 2
9080062 43 2 0
9080063 43 2 2
9117676 43 2 0
9117677 43 63 1
9117879 43 2 2
9117952 43 63 2
9117964 43 2 0
9117965 43 2 2
9133770 43 2 0
9133771 43 2 2
9158778 43 2 0
9158779 43 63 1
9158982 43 2 2
9159056 43 63 2
9182178 43 2 0
9182179 43 63 1
9182382 43 2 2
9182456 43 63 2
9206987 43 2 0
9206988 43 63 1
9207194 43 2 2
9207267 43 63 2
9220354 43 2 0
9220355 43 63 1
9220564 43 2 2
9220637 43 63 2
9232628 43 2 0
9232629 43 63 1
9232834 43 2 2
9232907 43 63 2
9232915 43 2 0
9232916 43 2 2
9238241 43 2 0
9238242 43 63 1
9238444 43 2 2
9238517 43 63 2
9248150 43 2 0
9248151 43 63 1
9248354 43 2 2
9248427 43 63 2
9250354 43 2 0
9250355 43 3 0
9253029 43 2 0
9253030 43 2 2
9274942 43 2 0
9274943 43 63 1
9275155 43 2 2
9275229 43 63 2
9298312 43 2 0
9298313 43 63 1
9298525 43 2 2
9298599 43 63 2
9310624 43 2 0
9310625 43 63 1
9310834 43 2 2
9310907 43 63 2
9329962 43 2 0
9329963 43 63 1
9330035 43 63 1
9330105 43 63 2
9330175 43 2 2
9330249 43 63 2
9353342 43 2 0
9353343 43 63 1
9353555 43 2 2
9353629 43 63 2
9362354 43 2 0
9362355 43 2 2
9365330 43 2 0
9365331 43 63 1
9365534 43 2 2
9365607 43 63 2
9372720 43 2 0
9372721 43 63 1
9372924 43 2 2
9372997 43 63 2
9373988 43 2 0
9373989 43 63 1
9374194 43 2 2
9374267 43 63 2
9377734 43 2 0
9377735 43 63 1
9377944 43 2 2
9378017 43 63 2
9382912 43 2 0
9382913 43 63 1
9383124 43 2 2
9383197 43 63 2
9383970 43 2 0
9383971 43 63 1
9384174 43 2 2
9384247 43 63 2
9396102 43 63 1
9396103 43 2 0
9396304 43 2 2
9396377 43 63 2
9422059 43 2 0
9422060 43 63 1
9422264 43 2 2
9422337 43 63 2
9450916 43 2 0
9450917 43 2 2
9478005 43 2 0
9478006 43 63 1
9478214 43 2 2
9478287 43 63 2
9483000 43 2 0
9483001 43 63 1
9483204 43 2 2
9483277 43 63 2
9583522 43 2 0
9583523 43 63 1
9583733 43 2 2
9583806 43 63 2
9606848 43 2 0
9606849 43 63 1
9607063 43 2 2
9607136 43 63 2
9621811 43 3 2
9641932 43 2 0
9641933 43 63 1
9642143 43 2 2
9642216 43 63 2
9643282 43 3 2
9659805 43 3 0
9659806 43 3 2
9673992 43 2 0
9673993 43 63 1
9674204 43 2 2
9674278 43 63 2
9685071 43 3 2
9688341 43 3 0
9688342 43 63 1
9688554 43 3 2
9688620 43 63 2
9691722 43 63 1
9691934 43 3 2
9692000 43 63 2
9692939 43 63 1
9693143 43 8 2
9693224 43 63 2
9699980 43 63 1
9700183 43 26 2
9700232 43 63 2
9703392 43 15 0
9703392 43 15 0
9703474 43 15 2
9703499 43 15 2
9703587 43 30 0
9703693 43 30 2
9703705 43 24 0
9703806 43 24 2
9703906 43 25 0
9703995 43 25 2
9704003 43 43 0
9704012 43 2 0
9704012 43 43 2
9704086 43 43 2
9704150 43 26 0
9704232 43 26 2
9704296 43 27 0
9704371 43 27 2
9704403 43 34 0
9704501 43 34 2
9704513 43 26 0
9704611 43 26 2
9704707 43 55 0
9704848 43 55 2
9704856 43 27 0
9704954 43 27 2
9705002 43 23 0
9708348 43 63 1
9708553 43 44 2
9708586 43 63 2
9710548 43 23 2
9710552 43 28 0
9710623 43 9 2
9710659 43 28 2
9710711 43 60 0
9710738 43 16 2
9710832 43 60 2
9710848 43 61 0
9710853 43 21 2
9710944 43 24 2
9710978 43 61 2
9710998 43 4 0
9711058 43 28 2
9711149 43 37 2
9711242 43 15 2
9711259 43 4 2
9711295 43 38 0
9711342 43 17 2
9711400 43 38 2
9711449 43 47 2
9711452 43 23 0
9711542 43 52 2
9711642 43 13 2
9711742 43 49 2
9711857 43 27 2
9711948 43 20 2
9712039 43 14 2
9712138 43 25 2
9712251 43 33 2
9716452 43 23 2
9716460 43 19 0
9716527 43 23 2
9716542 43 19 2
9716546 43 23 0
9718263 43 63 1
9718473 43 62 2
9718539 43 63 2
9718596 43 23 2
9718935 43 33 2
9718944 43 23 0
9727234 43 23 2
9727316 43 36 2
9727318 43 23 0
9728516 43 23 2
9728694 43 9 2
9728696 43 23 0
9732226 43 23 2
9734279 43 60 2
9734290 43 23 0
9735894 43 23 2
9736949 43 63 2
9736950 43 23 0
9739614 43 23 2
9741703 43 27 2
9741714 43 23 0
9744484 43 63 1
9744693 43 3 2
9744758 43 63 2
9744952 43 23 2
9745454 43 21 2
9745456 43 23 0
9747766 43 23 2
9748826 43 29 2
9748834 43 23 0
9751842 43 23 2
9753540 43 23 2
9753546 43 23 0
9755466 43 23 2
9757669 43 25 2
9757674 43 23 0
9761422 43 23 2
9762206 43 46 2
9762214 43 23 0
9764950 43 23 2
9767007 43 28 2
9767014 43 23 0
9767228 43 3 0
9767229 43 2 0
9770043 43 23 2
9770489 43 28 2
9770499 43 23 0
9776739 43 23 2
9777198 43 54 2
9777207 43 23 0
9778453 43 23 2
9781800 43 34 2
9781801 43 23 0
9782382 43 23 2
9782652 43 15 2
9782658 43 23 0
9785688 43 23 2
9786456 43 23 0
9786456 43 19 2
9787726 43 23 2
9788895 43 19 2
9788902 43 23 0
9793062 43 23 2
9794333 43 44 2
9794334 43 23 0
9794591 43 23 2
9794666 43 53 2
9794765 43 26 2
9794864 43 7 2
9794971 43 20 2
9795062 43 39 2
9795153 43 30 2
9795244 43 14 2
9795343 43 37 2
9795434 43 16 2
9795549 43 17 2
9795657 43 47 2
9795748 43 40 2
9795780 43 63 1
9795863 43 32 2
9795978 43 56 2
9795984 43 3 2
9796050 43 63 2
9796109 43 58 2
9796224 43 51 2
9796324 43 49 2
9796441 43 42 2
9796541 43 52 2
9796641 43 24 2
9796757 43 38 2
9796848 43 22 2
9796942 43 63 2
9797055 43 41 2
9797180 43 62 2
9797183 43 23 0
9798453 43 23 2
9800048 43 47 2
9800049 43 23 0
9802059 43 23 2
9804619 43 38 2
9804627 43 23 0
9805045 43 23 2
9805984 43 53 2
9805993 43 23 0
9811659 43 23 2
9811734 43 7 2
9811841 43 30 2
9811932 43 50 2
9812039 43 20 2
9812130 43 16 2
9812245 43 52 2
9812344 43 39 2
9812436 43 51 2
9812536 43 41 2
9812644 43 60 2
9812751 43 32 2
9812866 43 56 2
9812997 43 37 2
9813089 43 26 2
9813190 43 57 2
9813314 43 61 2
9813315 43 23 0
9815585 43 23 2
9816042 43 17 2
9816053 43 23 0
9817788 43 23 2
9819060 43 3 0
9819061 43 63 1
9819240 43 23 0
9819240 43 50 2
9819264 43 3 2
9819330 43 63 2
9822670 43 23 2
9823984 43 7 2
9823990 43 23 0
9824740 43 23 2
9825986 43 52 2
9825988 43 23 0
9827594 43 23 2
9828192 43 39 2
9828194 43 23 0
9829232 43 23 2
9829649 43 3 2
9830010 43 37 2
9830012 43 23 0
9832050 43 23 2
9832252 43 49 2
9832254 43 23 0
9832994 43 23 2
9834157 43 40 2
9834158 43 23 0
9834538 43 23 2
9835871 43 63 1
9835987 43 60 2
9835990 43 23 0
9836074 43 3 2
9836140 43 63 2
9837258 43 23 2
9837628 43 30 2
9837630 43 23 0
9838064 43 23 2
9838140 43 57 2
9838148 43 23 0
9840108 43 23 2
9840324 43 23 0
9840324 43 63 2
9840490 43 23 2
9840542 43 29 0
9840567 43 56 2
9840656 43 29 2
9840672 43 23 0
9841550 43 23 2
9841625 43 22 2
9841650 43 32 0
9841748 43 32 2
9841832 43 28 0
9841881 43 28 2
9841933 43 2 0
9842006 43 2 2
9842018 43 29 0
9842075 43 29 2
9842107 43 4 0
9842189 43 4 2
9842197 43 35 0
9842197 43 35 0
9842223 43 35 2
9842272 43 35 2
9851025 43 20 2
9853143 43 63 1
9853353 43 20 2
9853410 43 63 2
9864336 43 3 0
9864337 43 63 1
9864543 43 3 2
9864608 43 63 2
9899384 43 2 0
9899385 43 63 1
9899593 43 2 2
9899666 43 63 2
9901246 43 3 0
9901247 43 63 1
9901363 43 2 0
9901364 43 63 1
9901453 43 3 2
9901518 43 63 2
9901574 43 2 2
9901648 43 63 2
9936930 43 3 0
9936931 43 63 1
9937134 43 3 2
9937200 43 63 2
9949804 43 2 0
9949805 43 63 1
9950013 43 2 2
9950086 43 63 2
9951783 43 2 0
9951784 43 63 1
9951856 43 63 1
9951926 43 63 2
9951994 43 2 2
9952068 43 63 2
9960220 43 3 0
9960221 43 63 1
9960424 43 3 2
9960490 43 63 2
9974071 43 3 0
9974072 43 3 2
9974135 43 63 1
9974205 43 63 2
9993424 43 0 0
9993424 43 0 0
9993506 43 0 2
9993522 43 0 2
9993642 43 38 0
9993642 43 38 0
9996272 43 38 2
9996375 43 38 2
9996567 43 12 0
9996633 43 12 2
9998373 43 15 0
9998373 43 15 0
9998455 43 15 2
9998505 43 15 2
9998593 43 38 0
9998593 43 38 0
9998852 43 3 0
9998853 43 3 2
9999465 43 38 2
9999621 43 46 0
9999675 43 46 2
9999727 43 0 0
9999727 43 0 0
9999809 43 0 2
9999832 43 0 2
9999980 43 47 0
10000037 43 47 2
10000053 43 12 0
10000138 43 12 2
10000174 43 47 0
10000236 43 47 2
10001013 43 38 2
10002136 43 15 0
10002136 43 15 0
10002218 43 15 2
10002276 43 15 2
10009312 43 20 2
10015646 43 37 2
10015753 43 37 2
10015926 43 3 0
10015927 43 63 1
10015980 43 37 2
10015991 43 63 1
10016061 43 63 2
10016133 43 3 2
10016198 43 63 2
10052536 43 3 0
10052537 43 63 1
10052743 43 3 2
10052808 43 63 2
10071212 43 43 0
10071212 43 2 2
10071221 43 2 2
10096317 43 15 0
10096317 43 15 0
10096399 43 15 2
10096409 43 15 2
10096617 43 43 0
10096626 43 2 0
10096626 43 43 2
10096700 43 43 2
10096968 43 55 0
10097098 43 55 2
10097154 43 19 0
10099348 43 19 2
10099468 43 27 2
10099528 43 19 0
10106836 43 19 2
10106889 43 9 2
10106896 43 19 0
10111881 43 19 2
10111926 43 56 2
10111929 43 19 0
10120623 43 19 2
