0 63 51 0
178 63 51 2
208 63 11 2
488 63 59 2
1448 63 3 2
1768 63 59 2
2067 63 51 2
2071 63 22 0
2798 63 11 2
3398 63 43 2
3663 63 63 1
3808 63 63 2
3823 63 2 2
3944 63 63 2
4458 63 7 2
4587 63 22 2
4599 63 1 0
5384 63 1 2
5404 63 24 0
5518 63 31 2
5526 63 24 2
5738 63 43 2
6628 63 31 2
7868 63 19 2
8168 63 31 2
8588 63 59 2
8779 63 63 1
8918 63 63 2
8933 63 0 2
9070 63 63 2
10238 63 23 2
10778 63 7 2
11268 63 7 2
11388 63 59 2
11628 63 11 2
11978 63 19 2
12258 63 27 2
12568 63 35 2
12838 63 35 2
16378 63 35 2
16858 63 15 2
17128 63 3 2
17458 63 31 2
17768 63 3 2
17808 63 23 2
19108 63 23 2
19778 63 47 2
21378 63 11 2
24408 63 43 2
25198 63 47 2
26328 63 15 2
26698 63 51 2
27008 63 39 2
27638 63 31 2
29218 63 11 2
32638 63 55 2
33818 63 51 2
34458 63 55 2
37068 63 51 2
37820 63 63 1
37948 63 4 0
37958 63 63 2
37974 63 2 2
38096 63 63 2
40258 63 27 2
40259 63 4 2
40311 63 44 0
40898 63 35 2
41859 63 44 2
41871 63 5 0
41984 63 5 2
41996 63 45 0
42354 63 45 2
42422 63 24 0
42428 63 43 2
42538 63 43 2
42628 63 24 2
42648 63 43 2
42660 63 25 0
42731 63 63 1
42758 63 43 2
42798 63 25 2
42806 63 26 0
42868 63 43 2
42908 63 63 2
42924 63 2 2
42936 63 26 2
42976 63 27 0
42978 63 43 2
43046 63 63 2
43088 63 43 2
43101 63 27 2
43118 63 27 2
43121 63 33 0
43198 63 43 2
43308 63 43 2
43528 63 43 2
43638 63 43 2
43748 63 43 2
43858 63 43 2
43968 63 43 2
43998 63 15 2
44078 63 43 2
44188 63 43 2
44298 63 43 2
44408 63 43 2
44518 63 43 2
44628 63 43 2
44738 63 43 2
44848 63 43 2
44899 63 33 2
44919 63 35 0
44958 63 43 2
45051 63 35 2
45059 63 41 0
45068 63 43 2
45178 63 43 2
45298 63 43 2
45408 63 43 2
45518 63 43 2
45598 63 7 2
45628 63 43 2
45738 63 43 2
45777 63 41 2
45793 63 42 0
45848 63 43 2
45878 63 19 2
45958 63 43 2
46068 63 43 2
46101 63 42 2
46133 63 1 0
46168 63 35 2
46188 63 43 2
46278 63 35 2
46286 63 1 2
46298 63 43 2
46322 63 36 0
46388 63 35 2
46408 63 43 2
46452 63 36 2
46464 63 43 0
46498 63 35 2
46518 63 43 2
46608 63 35 2
46628 63 43 2
46738 63 35 2
46758 63 43 2
46848 63 35 2
46868 63 43 2
46888 63 59 2
46950 63 43 2
46958 63 35 2
46966 63 17 0
46978 63 43 2
47068 63 35 2
47088 63 43 2
47144 63 17 2
47178 63 35 2
47218 63 43 2
47236 63 27 0
47288 63 35 2
47328 63 43 2
47364 63 27 2
47368 63 37 0
47398 63 35 2
47438 63 43 2
47508 63 35 2
47517 63 37 2
47529 63 17 0
47548 63 43 2
47618 63 35 2
47658 63 43 2
47727 63 17 2
47728 63 35 2
47735 63 15 0
47768 63 43 2
47838 63 35 2
47878 63 43 2
47913 63 15 2
47948 63 35 2
47953 63 16 0
47988 63 43 2
48058 63 35 2
48098 63 43 2
48165 63 16 2
48178 63 35 2
48205 63 18 0
48208 63 43 2
48288 63 35 2
48318 63 43 2
48340 63 18 2
48364 63 61 0
48398 63 35 2
48428 63 43 2
48508 63 35 2
48538 63 43 2
48578 63 51 2
48618 63 35 2
48658 63 43 2
48728 63 35 2
48768 63 43 2
48838 63 35 2
48868 63 47 2
48898 63 43 2
48948 63 35 2
49008 63 43 2
49058 63 35 2
49138 63 43 2
49168 63 35 2
49218 63 35 2
49248 63 43 2
49278 63 35 2
49308 63 31 2
49358 63 43 2
49388 63 35 2
49498 63 35 2
49618 63 39 2
49648 63 35 2
49668 63 39 2
49728 63 15 2
49758 63 11 2
49788 63 35 2
49898 63 35 2
49938 63 39 2
49938 63 61 2
49950 63 54 0
50008 63 35 2
50048 63 39 2
50118 63 35 2
50127 63 54 2
50147 63 14 0
50158 63 39 2
50228 63 35 2
50261 63 14 2
50268 63 39 2
50269 63 19 0
50338 63 35 2
50378 63 39 2
50391 63 19 2
50395 63 35 0
50448 63 35 2
50488 63 39 2
50578 63 27 2
50608 63 35 2
50628 63 39 2
50718 63 35 2
50738 63 39 2
50828 63 35 2
50848 63 39 2
50908 63 51 2
50916 63 35 2
50932 63 53 0
50938 63 35 2
50958 63 39 2
51058 63 35 2
51078 63 39 2
51108 63 11 2
51168 63 35 2
51188 63 39 2
51278 63 35 2
51298 63 39 2
51388 63 35 2
51408 63 39 2
51478 63 43 2
51508 63 35 2
51548 63 39 2
51608 63 7 2
51638 63 35 2
51658 63 39 2
51748 63 35 2
51768 63 39 2
51858 63 35 2
51878 63 39 2
51918 63 31 2
51968 63 35 2
51988 63 39 2
52078 63 35 2
52098 63 39 2
52118 63 47 2
52148 63 19 2
52179 63 53 2
52188 63 35 2
52208 63 39 2
52219 63 33 0
52298 63 35 2
52318 63 39 2
52356 63 33 2
52368 63 36 0
52398 63 43 2
52418 63 35 2
52438 63 39 2
52486 63 36 2
52506 63 40 0
52528 63 35 2
52548 63 39 2
52578 63 39 2
52598 63 55 2
52628 63 43 2
52648 63 35 2
52668 63 39 2
52698 63 23 2
52758 63 35 2
52778 63 39 2
52808 63 40 2
52832 63 37 0
52868 63 35 2
52888 63 39 2
52918 63 27 2
52948 63 37 2
52978 63 11 2
53008 63 35 2
53028 63 39 2
53052 63 38 0
53108 63 11 2
53138 63 35 2
53158 63 39 2
53191 63 38 2
53195 63 24 0
53218 63 11 2
53248 63 35 2
53268 63 39 2
53288 63 51 2
53328 63 11 2
53348 63 31 2
53378 63 55 2
53408 63 35 2
53428 63 39 2
53468 63 11 2
53496 63 24 2
53518 63 35 2
53520 63 8 0
53538 63 39 2
53568 63 23 2
53588 63 11 2
53648 63 35 2
53678 63 39 2
53697 63 8 2
53705 63 29 0
53708 63 11 2
53738 63 35 2
53788 63 39 2
53818 63 11 2
53818 63 29 2
53838 63 27 2
53858 63 0 0
53898 63 39 2
53938 63 11 2
53958 63 31 2
54003 63 0 2
54008 63 39 2
54015 63 38 0
54048 63 11 2
54118 63 39 2
54152 63 63 1
54158 63 11 2
54196 63 38 2
54208 63 43 2
54212 63 39 0
54228 63 39 2
54268 63 11 2
54298 63 35 2
54318 63 63 2
54333 63 38 2
54348 63 39 2
54368 63 43 2
54388 63 47 2
54390 63 63 2
54428 63 11 2
54458 63 3 2
54488 63 39 2
54538 63 11 2
54598 63 39 2
54648 63 11 2
54668 63 3 2
54708 63 39 2
54758 63 11 2
54818 63 39 2
54868 63 11 2
54928 63 39 2
54931 63 39 2
54935 63 39 0
54958 63 51 2
54988 63 11 2
55038 63 39 2
55098 63 11 2
55148 63 39 2
55208 63 11 2
55258 63 39 2
55318 63 11 2
55378 63 39 2
55428 63 11 2
55436 63 39 2
55458 63 59 2
55488 63 39 2
55492 63 36 0
55538 63 11 2
55568 63 35 2
55598 63 39 2
55628 63 23 2
55635 63 36 2
55658 63 11 2
55667 63 38 0
55708 63 39 2
55768 63 11 2
55818 63 39 2
55858 63 27 2
55874 63 38 2
55878 63 11 2
55890 63 51 0
55928 63 39 2
55988 63 11 2
56028 63 23 2
56058 63 39 2
56098 63 11 2
56104 63 51 2
56160 63 27 0
56168 63 39 2
56208 63 11 2
56268 63 35 2
56298 63 39 2
56338 63 11 2
56378 63 47 2
56408 63 27 2
56438 63 39 2
56468 63 11 2
56503 63 27 2
56511 63 52 0
56528 63 31 2
56558 63 39 2
56588 63 11 2
56638 63 31 2
56657 63 52 2
56668 63 39 2
56693 63 35 0
56698 63 11 2
56719 63 63 1
56768 63 35 2
56788 63 39 2
56828 63 11 2
56858 63 63 2
56873 63 4 2
56898 63 35 2
56928 63 39 2
56958 63 11 2
56980 63 63 2
56986 63 4 0
56986 63 35 2
56988 63 43 2
57006 63 53 0
57038 63 39 2
57068 63 11 2
57110 63 4 0
57118 63 39 2
57148 63 39 2
57178 63 11 2
57198 63 23 2
57228 63 43 2
57244 63 4 0
57258 63 39 2
57268 63 53 2
57292 63 54 0
57298 63 11 2
57366 63 4 0
57368 63 39 2
57408 63 11 2
57438 63 51 2
57478 63 39 2
57491 63 4 0
57518 63 11 2
57585 63 54 2
57601 63 11 0
57608 63 31 2
57614 63 4 0
57628 63 11 2
57738 63 11 2
57752 63 4 0
57848 63 11 2
57866 63 4 0
57958 63 11 2
57960 63 11 2
57972 63 56 0
58006 63 4 0
58068 63 11 2
58088 63 3 2
58108 63 31 2
58140 63 4 0
58178 63 11 2
58262 63 4 0
58288 63 11 2
58348 63 39 2
58378 63 4 0
58398 63 11 2
58428 63 23 2
58513 63 4 0
58528 63 11 2
58628 63 39 2
58634 63 4 0
58658 63 11 2
58698 63 56 2
58702 63 12 0
58752 63 4 0
58778 63 11 2
58838 63 47 2
58876 63 4 0
58888 63 11 2
58995 63 12 2
58998 63 11 2
59003 63 57 0
59004 63 4 0
59088 63 39 2
59128 63 11 2
59134 63 4 0
59238 63 11 2
59262 63 4 0
59348 63 11 2
59361 63 63 1
59378 63 4 0
59488 63 11 2
59518 63 63 2
59533 63 28 2
59534 63 4 0
59591 63 57 2
59595 63 2 0
59598 63 11 2
59613 63 63 2
59675 63 4 0
59698 63 47 2
59738 63 11 2
59805 63 4 0
59858 63 11 2
59908 63 55 2
59928 63 4 0
59951 63 2 2
59968 63 11 2
60003 63 37 0
60057 63 4 0
60078 63 11 2
60128 63 3 2
60135 63 37 2
60151 63 40 0
60207 63 4 0
60300 63 40 2
60348 63 4 0
60356 63 58 0
60486 63 58 2
60490 63 4 0
60546 63 35 0
60606 63 4 0
60671 63 35 2
60675 63 50 0
60752 63 4 0
60836 63 50 2
60856 63 62 0
60869 63 4 0
61026 63 4 0
61028 63 15 2
61058 63 35 2
61108 63 7 2
61143 63 4 0
61148 63 15 2
61170 63 62 2
61198 63 38 0
61258 63 15 2
61278 63 4 0
61368 63 15 2
61419 63 4 0
61478 63 15 2
61529 63 38 2
61541 63 4 0
61588 63 15 2
61601 63 63 0
61670 63 4 0
61698 63 15 2
61718 63 11 2
61776 63 63 2
61792 63 4 0
61808 63 15 2
61816 63 12 0
61848 63 27 2
61918 63 15 2
61948 63 4 0
62028 63 15 2
62063 63 4 0
62138 63 15 2
62186 63 4 0
62197 63 12 2
62221 63 2 0
62248 63 15 2
62278 63 3 2
62308 63 59 2
62310 63 4 0
62351 63 2 2
62358 63 15 2
62375 63 13 0
62426 63 4 0
62468 63 15 2
62547 63 4 0
62578 63 15 2
62669 63 4 0
62688 63 15 2
62742 63 13 2
62788 63 47 2
62818 63 15 2
62824 63 4 0
62838 63 3 0
62858 63 43 2
62928 63 15 2
62955 63 4 0
62969 63 3 2
63009 63 23 0
63058 63 15 2
63106 63 4 0
63126 63 23 2
63142 63 24 0
63168 63 15 2
63238 63 4 0
63278 63 15 2
63288 63 24 2
63359 63 4 0
63388 63 15 2
63396 63 34 0
63438 63 11 2
63498 63 15 2
63518 63 4 0
63608 63 15 2
63638 63 4 0
63648 63 47 2
63687 63 34 2
63695 63 25 0
63718 63 15 2
63748 63 43 2
63760 63 4 0
63828 63 15 2
63863 63 25 2
63891 63 26 0
63920 63 4 0
63938 63 15 2
64027 63 26 2
64048 63 15 2
64052 63 4 0
64068 63 31 2
64107 63 0 0
64158 63 15 2
64190 63 4 0
64253 63 0 2
64261 63 3 0
64268 63 15 2
64309 63 4 0
64318 63 23 2
64378 63 15 2
64384 63 3 2
64428 63 4 0
64470 63 4 0
64498 63 15 2
64555 63 4 2
64578 63 11 2
64600 63 4 0
64608 63 15 2
64651 63 5 0
64718 63 15 2
64742 63 4 0
64768 63 5 2
64778 63 51 2
64808 63 15 0
64828 63 35 2
64858 63 15 2
64888 63 7 2
64890 63 4 0
64908 63 27 2
64978 63 15 2
65022 63 4 0
65088 63 15 2
65118 63 3 2
65170 63 4 0
65198 63 15 2
65228 63 3 2
65278 63 15 2
65286 63 14 0
65308 63 15 2
65418 63 15 2
65488 63 11 2
65528 63 15 2
65638 63 15 2
65731 63 14 2
65743 63 50 0
65748 63 15 2
65768 63 7 2
65858 63 15 2
65968 63 15 2
66058 63 3 2
66078 63 15 2
66148 63 19 2
66188 63 15 2
66196 63 50 2
66224 63 6 0
66298 63 15 2
66382 63 6 2
66402 63 4 0
66418 63 15 2
66528 63 15 2
66553 63 4 2
66561 63 8 0
66638 63 15 2
66722 63 8 2
66726 63 47 0
66748 63 15 2
66858 63 15 2
66892 63 47 2
66900 63 49 0
66998 63 15 2
67138 63 15 2
67258 63 15 2
67378 63 15 2
67458 63 11 2
67538 63 15 2
67728 63 15 2
67837 63 49 2
67853 63 11 0
67898 63 15 2
67975 63 11 2
68011 63 5 0
68018 63 15 2
68124 63 5 2
68128 63 15 2
68148 63 37 0
68238 63 15 2
68348 63 15 2
68424 63 37 2
68488 63 4 0
68518 63 15 2
68605 63 4 2
68609 63 1 0
68763 63 1 2
68791 63 27 0
68926 63 27 2
68934 63 2 0
69075 63 2 2
69087 63 11 0
69208 63 11 2
69216 63 7 0
69353 63 7 2
69373 63 3 0
69478 63 31 2
69497 63 3 2
69605 63 6 0
70063 63 6 2
70083 63 9 0
70330 63 9 2
70502 63 8 0
70712 63 8 2
70724 63 11 0
70855 63 11 2
70875 63 12 0
70989 63 12 2
71013 63 16 0
71318 63 35 2
71436 63 16 2
71460 63 2 0
71558 63 11 2
71610 63 2 2
71622 63 13 0
71874 63 13 2
71946 63 40 0
72868 63 27 2
73233 63 40 2
73237 63 25 0
73391 63 25 2
73407 63 31 0
73525 63 31 2
73561 63 33 0
73857 63 33 2
73861 63 36 0
74000 63 36 2
74008 63 4 0
74126 63 4 2
74218 63 5 0
74335 63 5 2
74367 63 34 0
74368 63 11 2
74728 63 47 2
74736 63 34 2
74756 63 35 0
74838 63 47 2
74889 63 35 2
74913 63 32 0
74948 63 47 2
75118 63 47 2
75228 63 47 2
75271 63 32 2
75338 63 47 2
75339 63 17 0
75448 63 47 2
75558 63 47 2
75668 63 47 2
75680 63 17 2
75718 63 31 2
75778 63 47 2
75888 63 47 2
75976 63 38 0
75976 63 38 0
75998 63 47 2
76027 63 38 2
76090 63 38 2
76098 63 27 0
76108 63 47 2
76218 63 47 2
76224 63 27 2
76244 63 35 0
76298 63 43 2
76328 63 47 2
76366 63 35 2
76422 63 28 0
76438 63 47 2
76548 63 47 2
76548 63 28 2
76616 63 3 0
76658 63 47 2
76740 63 3 2
76744 63 46 0
76768 63 47 2
76878 63 47 2
76988 63 47 2
77098 63 47 2
77208 63 47 2
77222 63 46 2
77242 63 4 0
77318 63 47 2
77364 63 4 2
77396 63 0 0
77428 63 47 2
77538 63 47 2
77541 63 0 2
77545 63 29 0
77648 63 47 2
77673 63 29 2
77758 63 47 2
77817 63 47 0
77818 63 27 2
77868 63 47 2
77938 63 27 2
77988 63 47 2
78036 63 47 2
78108 63 47 2
78108 63 30 0
78278 63 47 2
78292 63 30 2
78388 63 47 2
78498 63 47 2
78608 63 47 2
78644 63 31 0
78718 63 47 2
78828 63 7 2
78853 63 31 2
78857 63 44 0
78858 63 47 2
78968 63 47 2
78980 63 44 2
78988 63 43 0
79078 63 47 2
79188 63 47 2
79199 63 43 2
79268 63 11 2
79298 63 47 2
79331 63 32 0
79408 63 47 2
79448 63 7 2
79518 63 47 2
79628 63 47 2
79738 63 47 2
79858 63 47 2
79968 63 47 2
80078 63 47 2
80158 63 35 2
80188 63 47 2
80298 63 47 2
80408 63 47 2
80438 63 31 2
80518 63 47 2
80548 63 39 2
80628 63 47 2
80688 63 55 2
80738 63 47 2
80828 63 7 2
80858 63 47 2
80968 63 47 2
81017 63 32 2
81078 63 47 2
81089 63 33 0
81128 63 51 2
81188 63 47 2
81239 63 33 2
81277 63 63 1
81287 63 33 0
81298 63 47 2
81408 63 51 2
81438 63 63 2
81453 63 4 2
81468 63 47 2
81538 63 31 2
81557 63 63 2
81558 63 4 0
81588 63 47 2
81674 63 4 0
81708 63 47 2
81738 63 33 2
81746 63 27 0
81778 63 11 2
81795 63 4 0
81808 63 51 2
81848 63 47 2
81868 63 27 2
81939 63 4 0
81958 63 47 2
81972 63 54 0
82057 63 4 0
82078 63 43 2
82098 63 47 2
82138 63 15 2
82180 63 4 0
82300 63 4 0
82431 63 4 0
82478 63 35 2
82546 63 54 2
82551 63 4 0
82558 63 28 0
82693 63 4 0
82694 63 28 2
82710 63 36 0
82809 63 4 0
82898 63 51 2
82939 63 4 0
82968 63 47 2
83006 63 36 2
83014 63 56 0
83048 63 7 2
83079 63 4 0
83138 63 15 2
83168 63 59 2
83215 63 4 0
83218 63 47 2
83349 63 4 0
83408 63 47 2
83464 63 4 0
83587 63 4 0
83598 63 35 2
83711 63 4 0
83738 63 43 2
83840 63 4 0
83908 63 15 2
83920 63 56 2
83936 63 37 0
83955 63 4 0
84091 63 4 0
84213 63 37 2
84227 63 4 0
84248 63 39 2
84313 63 41 0
84338 63 7 2
84374 63 4 0
84453 63 41 2
84497 63 4 0
84501 63 61 0
84630 63 61 2
84634 63 39 0
84663 63 4 0
84668 63 11 2
84750 63 39 2
84762 63 7 0
84780 63 4 0
84788 63 51 2
84858 63 3 2
84901 63 7 2
84904 63 4 0
84961 63 8 0
85043 63 4 0
85107 63 8 2
85139 63 63 0
85165 63 4 0
85286 63 4 0
85406 63 4 0
85518 63 39 2
85537 63 4 0
85678 63 43 2
85698 63 4 0
85804 63 63 2
85808 63 43 2
85815 63 4 0
85912 63 0 0
85952 63 4 0
86101 63 0 2
86110 63 4 0
86129 63 57 0
86228 63 11 2
86232 63 4 0
86338 63 11 2
86382 63 4 0
86448 63 11 2
86498 63 3 2
86503 63 4 0
86558 63 11 2
86598 63 11 2
86623 63 4 0
86628 63 39 2
86668 63 11 2
86698 63 47 2
86754 63 4 0
86778 63 11 2
86888 63 11 2
86905 63 4 0
86998 63 11 2
87108 63 11 2
87136 63 4 0
87158 63 27 2
87218 63 11 2
87267 63 4 0
87328 63 11 2
87358 63 31 2
87384 63 4 0
87437 63 57 2
87438 63 11 2
87468 63 23 2
87505 63 58 0
87526 63 4 0
87548 63 11 2
87648 63 4 0
87658 63 11 2
87659 63 58 2
87743 63 46 0
87768 63 11 2
87782 63 4 0
87798 63 35 2
87872 63 46 2
87878 63 11 2
87884 63 59 0
87939 63 4 0
87988 63 11 2
88048 63 59 2
88059 63 4 0
88080 63 32 0
88098 63 11 2
88168 63 15 2
88208 63 11 2
88208 63 4 0
88318 63 11 2
88349 63 4 0
88428 63 11 2
88538 63 11 2
88558 63 7 2
88575 63 4 0
88609 63 32 2
88617 63 50 0
88648 63 11 2
88710 63 4 0
88758 63 11 2
88831 63 4 0
88868 63 11 2
88978 63 11 2
89012 63 4 0
89088 63 11 2
89100 63 50 2
89162 63 4 0
89176 63 60 0
89198 63 11 2
89291 63 4 0
89308 63 11 2
89315 63 60 2
89323 63 62 0
89418 63 11 2
89424 63 4 0
89528 63 11 2
89572 63 4 0
89638 63 11 2
89693 63 4 0
89748 63 11 2
89756 63 62 2
89760 63 3 0
89818 63 55 2
89825 63 4 0
89858 63 11 2
89885 63 3 2
89897 63 5 0
89938 63 55 2
89968 63 11 2
90032 63 5 2
90048 63 55 2
90060 63 17 0
90078 63 11 2
90108 63 23 2
90158 63 55 2
90258 63 11 2
90261 63 17 2
90281 63 6 0
90288 63 55 2
90388 63 11 2
90395 63 6 2
90428 63 55 2
90487 63 11 0
90528 63 11 2
90558 63 55 2
90638 63 11 2
90668 63 55 2
90708 63 51 2
90748 63 11 2
90778 63 55 2
90858 63 11 2
90860 63 11 2
90868 63 10 0
90898 63 55 2
90968 63 11 2
90998 63 10 2
91008 63 55 2
91018 63 11 0
91078 63 11 2
91118 63 55 2
91142 63 11 2
91150 63 6 0
91188 63 11 2
91228 63 55 2
91263 63 6 2
91298 63 11 2
91299 63 36 0
91338 63 55 2
91408 63 11 2
91448 63 55 2
91558 63 55 2
91588 63 11 2
91668 63 55 2
91718 63 11 2
91778 63 55 2
91828 63 11 2
91888 63 55 2
91898 63 36 2
91958 63 12 0
91968 63 11 2
91998 63 55 2
92075 63 12 2
92083 63 0 0
92098 63 11 2
92128 63 55 2
92168 63 19 2
92208 63 11 2
92238 63 55 2
92272 63 0 2
92308 63 3 2
92348 63 55 2
92378 63 11 2
92396 63 15 0
92458 63 55 2
92488 63 11 2
92566 63 15 2
92568 63 55 2
92598 63 11 2
92628 63 15 2
92678 63 55 2
92686 63 7 0
92708 63 11 2
92788 63 55 2
92828 63 11 2
92853 63 7 2
92869 63 0 0
92898 63 55 2
93008 63 55 2
93038 63 11 2
93118 63 55 2
93148 63 11 2
93228 63 55 2
93252 63 0 2
93258 63 11 2
93338 63 55 2
93368 63 11 2
93448 63 55 2
93476 63 0 2
93478 63 11 2
93558 63 55 2
93624 63 9 0
93668 63 55 2
93780 63 9 2
93784 63 7 0
93818 63 55 2
93878 63 35 2
93968 63 55 2
94118 63 55 2
94548 63 55 2
94658 63 55 2
94768 63 55 2
94878 63 55 2
94988 63 55 2
95058 63 3 2
95098 63 55 2
95218 63 55 2
95328 63 55 2
95428 63 23 2
95458 63 55 2
95508 63 51 2
95648 63 55 2
95758 63 55 2
95838 63 27 2
95868 63 55 2
95978 63 55 2
96028 63 27 2
96058 63 3 2
96088 63 55 2
96178 63 3 2
96208 63 55 2
96288 63 3 2
96368 63 55 2
96398 63 3 2
96412 63 7 2
96440 63 8 0
96478 63 55 2
96508 63 3 2
96598 63 55 2
96628 63 3 2
96738 63 3 2
96768 63 55 2
96817 63 8 2
96845 63 55 0
96848 63 3 2
96908 63 55 2
96968 63 3 2
97018 63 55 2
97058 63 55 2
97158 63 3 2
97188 63 55 2
97208 63 59 2
97268 63 3 2
97298 63 55 2
97318 63 59 2
97378 63 3 2
97418 63 55 2
97438 63 59 2
97488 63 3 2
97502 63 56 0
97548 63 59 2
97578 63 11 2
97618 63 3 2
97648 63 55 2
97668 63 59 2
97728 63 3 2
97798 63 59 2
97838 63 55 2
97868 63 3 2
97888 63 7 2
97978 63 3 2
98038 63 59 2
98058 63 56 2
98098 63 3 2
98148 63 59 2
98208 63 3 2
98258 63 59 2
98288 63 35 2
98301 63 63 1
98318 63 3 2
98368 63 59 2
98428 63 3 2
98458 63 63 2
98473 63 4 2
98478 63 59 2
98538 63 3 2
98580 63 63 2
98590 63 4 0
98634 63 57 0
98648 63 59 2
98678 63 3 2
98710 63 4 0
98778 63 59 2
98808 63 3 2
98831 63 4 0
98888 63 59 2
98918 63 3 2
98970 63 4 0
98998 63 57 2
99028 63 3 2
99103 63 4 0
99138 63 3 2
99168 63 59 2
99218 63 4 0
99248 63 3 2
99278 63 59 2
99283 63 0 0
99337 63 4 0
99358 63 3 2
99388 63 59 2
99456 63 4 0
99468 63 3 2
99498 63 59 2
99558 63 31 2
99574 63 58 0
99578 63 3 2
99589 63 4 0
99608 63 59 2
99688 63 3 2
99718 63 59 2
99730 63 4 0
99776 63 2 0
99777 63 63 1
99828 63 59 2
99851 63 4 0
99918 63 63 2
99933 63 2 2
99935 63 58 2
99948 63 59 2
99967 63 4 0
100054 63 63 2
100058 63 59 2
100120 63 4 0
100244 63 4 0
100278 63 59 2
100360 63 4 0
100388 63 59 2
100475 63 4 0
100498 63 59 2
100511 63 59 0
100528 63 23 2
100591 63 4 0
100608 63 59 2
100644 63 63 1
100712 63 4 0
100714 63 63 1
100718 63 59 2
100784 63 59 2
100788 63 63 2
100804 63 5 2
100828 63 59 2
100843 63 4 0
100864 63 63 1
100898 63 63 2
100902 63 63 2
100914 63 38 2
100938 63 59 2
100967 63 63 1
100972 63 63 2
100982 63 4 0
101008 63 63 2
101024 63 40 2
101048 63 59 2
101052 63 63 1
101113 63 4 0
101118 63 63 2
101122 63 63 2
101134 63 13 2
101158 63 59 2
101224 63 63 2
101228 63 63 2
101244 63 37 2
101249 63 4 0
101268 63 59 2
101274 63 63 1
101310 63 63 2
101360 63 60 0
101364 63 4 0
101405 63 63 1
101418 63 63 2
101434 63 33 2
101482 63 63 1
101506 63 4 0
101532 63 63 2
101548 63 63 2
101564 63 12 2
101576 63 63 1
101578 63 19 2
101632 63 4 0
101658 63 63 2
101662 63 63 2
101674 63 58 2
101688 63 60 2
101716 63 63 1
101740 63 63 2
101763 63 4 0
101768 63 63 2
101784 63 53 2
101834 63 63 2
101878 63 63 2
101887 63 4 0
101894 63 46 2
101944 63 63 2
101996 63 63 1
102002 63 4 0
102038 63 27 2
102064 63 63 1
102124 63 4 0
102138 63 63 2
102154 63 19 2
102248 63 63 2
102252 63 63 2
102264 63 61 0
102264 63 39 2
102268 63 63 1
102298 63 47 2
102313 63 63 2
102418 63 63 2
102434 63 25 2
102478 63 3 2
102539 63 63 2
102628 63 63 1
102723 63 61 2
102724 63 63 1
102758 63 7 2
102788 63 63 2
102804 63 16 2
102841 63 63 1
102868 63 7 2
102908 63 63 2
102910 63 63 1
102924 63 32 2
102926 63 63 2
102978 63 7 2
103018 63 63 2
103030 63 63 2
103034 63 17 2
103088 63 7 2
103128 63 63 2
103144 63 36 2
103147 63 63 2
103196 63 63 1
103198 63 7 2
103218 63 63 2
103234 63 63 1
103299 63 62 0
103308 63 7 2
103328 63 63 1
103338 63 63 2
103354 63 8 2
103418 63 7 2
103448 63 63 2
103464 63 52 2
103484 63 63 2
103486 63 63 1
103523 63 63 2
103528 63 7 2
103558 63 63 2
103574 63 55 2
103594 63 63 1
103605 63 62 2
103608 63 63 2
103638 63 7 2
103668 63 63 2
103684 63 41 2
103748 63 7 2
103774 63 63 2
103778 63 63 2
103794 63 45 2
103820 63 63 1
103852 63 63 2
103858 63 7 2
103891 63 63 1
103908 63 43 2
103958 63 63 2
103974 63 3 2
103977 63 63 1
103988 63 7 2
104068 63 63 2
104084 63 30 2
104088 63 63 2
104098 63 7 2
104136 63 63 1
104149 63 63 2
104178 63 63 2
104181 63 63 0
104190 63 63 1
104194 63 61 2
104235 63 63 2
104288 63 63 2
104304 63 48 2
104358 63 63 1
104368 63 7 2
104394 63 63 2
104398 63 63 2
104414 63 63 2
104430 63 63 2
104439 63 63 2
104461 63 63 1
104508 63 63 2
104524 63 42 2
104538 63 7 2
104568 63 35 2
104586 63 63 1
104606 63 63 2
104618 63 63 2
104634 63 43 2
104648 63 7 2
104688 63 63 1
104708 63 63 2
104738 63 63 2
104749 63 63 1
104754 63 27 2
104768 63 7 2
104844 63 63 2
104848 63 63 2
104864 63 56 2
104898 63 7 2
104946 63 63 2
104958 63 63 2
104974 63 62 2
105006 63 0 0
105006 63 0 0
105008 63 63 2
105088 63 7 2
105136 63 0 2
105228 63 7 2
105307 63 0 2
105378 63 7 2
105428 63 3 2
105488 63 7 2
105575 63 2 0
105598 63 7 2
105628 63 3 2
105708 63 7 2
105715 63 2 2
105738 63 3 2
105771 63 3 0
105848 63 7 2
105878 63 3 2
105893 63 3 2
105897 63 7 0
105938 63 51 2
105988 63 3 2
106018 63 7 2
106098 63 3 2
106128 63 7 2
106208 63 3 2
106216 63 7 2
106258 63 7 2
106304 63 4 0
106304 63 4 0
106318 63 3 2
106354 63 4 0
106368 63 7 2
106422 63 4 2
106428 63 3 2
106470 63 4 2
106478 63 7 2
106538 63 3 2
106588 63 7 2
106648 63 3 2
106698 63 7 2
106758 63 3 2
106858 63 1 0
106868 63 3 2
106978 63 3 2
107178 63 3 2
107196 63 1 2
107288 63 3 2
107398 63 3 2
107508 63 3 2
107772 63 2 0
107788 63 3 2
107958 63 3 2
108068 63 3 2
108178 63 3 2
108191 63 2 2
108288 63 3 2
108398 63 3 2
108568 63 3 2
108718 63 3 2
108738 63 7 2
108767 63 3 0
109008 63 3 2
109078 63 7 2
109130 63 3 2
109138 63 3 2
109198 63 7 2
109248 63 3 2
109358 63 3 2
109468 63 3 2
109488 63 7 2
109518 63 59 2
109578 63 3 2
109598 63 7 2
109706 63 4 0
109708 63 7 2
109838 63 7 2
109948 63 7 2
110007 63 4 2
110058 63 7 2
110168 63 7 2
110278 63 7 2
110388 63 7 2
110508 63 7 2
110583 63 5 0
110618 63 7 2
110768 63 7 2
110853 63 5 2
110878 63 7 2
110988 63 7 2
111098 63 7 2
111288 63 7 2
111429 63 6 0
111488 63 7 2
111648 63 7 2
111778 63 7 2
111781 63 6 2
111888 63 7 2
111998 63 7 2
112148 63 7 2
112218 63 11 2
112357 63 7 0
112378 63 7 2
112568 63 7 2
112588 63 11 2
112658 63 7 2
112688 63 7 2
112708 63 11 2
112798 63 7 2
112908 63 7 2
112928 63 11 2
112968 63 63 1
113038 63 11 2
113108 63 63 2
113124 63 2 2
113138 63 7 2
113158 63 11 2
113234 63 8 0
113246 63 63 2
113248 63 7 2
113328 63 11 2
113468 63 11 2
113528 63 8 2
113578 63 11 2
113688 63 11 2
113798 63 11 2
113918 63 11 2
114028 63 11 2
114104 63 9 0
114138 63 11 2
114248 63 11 2
114358 63 11 2
114446 63 9 2
114468 63 11 2
114578 63 11 2
114628 63 7 2
114778 63 11 2
115022 63 10 0
115068 63 11 2
115178 63 11 2
115288 63 11 2
115373 63 10 2
115398 63 11 2
115508 63 11 2
115558 63 15 2
115698 63 11 2
115858 63 11 2
115949 63 11 0
115998 63 15 2
116108 63 15 2
116178 63 11 2
116288 63 11 2
116292 63 11 2
116398 63 11 2
116498 63 15 2
116518 63 11 2
116608 63 15 2
116648 63 11 2
116718 63 15 2
116828 63 11 2
116868 63 12 0
116878 63 15 2
116988 63 15 2
117098 63 15 2
117118 63 3 2
117168 63 12 2
117208 63 15 2
117318 63 15 2
117428 63 15 2
117538 63 15 2
117648 63 15 2
117744 63 13 0
117788 63 15 2
117898 63 15 2
118008 63 15 2
118014 63 13 2
118118 63 15 2
118258 63 15 2
118558 63 15 2
118590 63 14 0
118718 63 15 2
118828 63 15 2
118933 63 14 2
118938 63 15 2
118978 63 19 2
119048 63 15 2
119198 63 15 2
119438 63 19 2
119458 63 15 2
119509 63 15 0
119548 63 19 2
119708 63 15 2
119790 63 15 2
119838 63 15 2
119928 63 19 2
119948 63 15 2
120038 63 19 2
120058 63 15 2
120148 63 19 2
120288 63 15 2
120358 63 19 2
120366 63 16 0
120398 63 15 2
120478 63 19 2
120498 63 7 2
120608 63 19 2
120668 63 16 2
120718 63 19 2
120828 63 19 2
120938 63 19 2
121048 63 19 2
121158 63 19 2
121244 63 17 0
121268 63 19 2
121378 63 19 2
121488 63 19 2
121586 63 17 2
121598 63 19 2
121718 63 19 2
122098 63 19 2
122162 63 18 0
122208 63 19 2
122318 63 19 2
122368 63 23 2
122428 63 19 2
122485 63 18 2
122538 63 19 2
122718 63 19 2
122818 63 23 2
122908 63 19 2
122938 63 23 2
123061 63 19 0
123288 63 19 2
123394 63 19 2
123398 63 19 2
123468 63 23 2
123508 63 19 2
123578 63 23 2
123618 63 19 2
123688 63 23 2
123768 63 19 2
123818 63 11 2
123898 63 23 2
123958 63 19 2
123970 63 20 0
124018 63 23 2
124128 63 23 2
124238 63 23 2
124268 63 20 2
124348 63 23 2
124458 63 23 2
124568 63 23 2
124678 63 23 2
124788 63 23 2
124844 63 21 0
124898 63 23 2
125008 63 23 2
125114 63 21 2
125118 63 23 2
125228 63 23 2
125568 63 23 2
125690 63 22 0
125728 63 23 2
125828 63 27 2
125848 63 23 2
125958 63 23 2
126015 63 22 2
126068 63 23 2
126178 63 23 2
126238 63 27 2
126348 63 27 2
126458 63 23 2
126591 63 23 0
126778 63 23 2
126852 63 23 2
126868 63 27 2
126918 63 23 2
127018 63 27 2
127038 63 23 2
127148 63 23 2
127218 63 27 2
127238 63 15 2
127378 63 27 2
127408 63 23 2
127428 63 24 0
127488 63 27 2
127518 63 23 2
127598 63 27 2
127728 63 24 2
127768 63 27 2
127878 63 27 2
128028 63 27 2
128138 63 27 2
128248 63 27 2
128304 63 25 0
128358 63 27 2
128468 63 27 2
128578 63 27 2
128646 63 25 2
128688 63 27 2
128798 63 27 2
129068 63 27 2
129178 63 27 2
129222 63 26 0
129228 63 31 2
129298 63 27 2
129408 63 27 2
129527 63 26 2
129578 63 31 2
129618 63 27 2
129718 63 31 2
129778 63 27 2
129888 63 27 2
130103 63 27 0
130318 63 27 2
130378 63 31 2
130416 63 27 2
130428 63 27 2
130488 63 31 2
130538 63 27 2
130628 63 19 2
130648 63 27 2
130678 63 31 2
130878 63 31 2
130898 63 27 2
130988 63 31 2
130992 63 28 0
131038 63 27 2
131098 63 31 2
131218 63 31 2
131288 63 28 2
131328 63 31 2
131438 63 31 2
131558 63 31 2
131718 63 31 2
131828 63 31 2
131864 63 29 0
131938 63 31 2
132048 63 31 2
132164 63 29 2
132178 63 31 2
132288 63 31 2
132498 63 31 2
132658 63 31 2
132708 63 35 2
132740 63 30 0
132768 63 31 2
132878 63 31 2
132988 63 31 2
133018 63 35 2
133047 63 30 2
133138 63 35 2
133218 63 31 2
133408 63 31 2
133623 63 31 0
133728 63 35 2
133808 63 31 2
133874 63 31 2
133928 63 31 2
133958 63 35 2
134038 63 31 2
134068 63 23 2
134108 63 35 2
134148 63 31 2
134268 63 35 2
134438 63 35 2
134450 63 32 0
134468 63 31 2
134548 63 35 2
134588 63 31 2
134658 63 35 2
134751 63 32 2
134768 63 35 2
134878 63 35 2
134988 63 35 2
135098 63 35 2
135208 63 35 2
135318 63 35 2
135327 63 33 0
135428 63 35 2
135578 63 35 2
135667 63 33 2
135688 63 35 2
135968 63 35 2
136078 63 35 2
136148 63 39 2
136188 63 35 2
136243 63 34 0
136308 63 35 2
136328 63 39 2
136418 63 35 2
136448 63 39 2
136529 63 34 2
136678 63 35 2
136788 63 35 2
137105 63 35 0
137188 63 39 2
137308 63 35 2
137388 63 39 2
137398 63 35 2
137418 63 35 2
137458 63 27 2
137528 63 35 2
137548 63 39 2
137638 63 35 2
137728 63 39 2
137838 63 39 2
137878 63 35 2
137948 63 39 2
137974 63 36 0
138068 63 35 2
138088 63 39 2
138198 63 39 2
138268 63 36 2
138308 63 39 2
138418 63 39 2
138588 63 39 2
138698 63 39 2
138808 63 39 2
138844 63 37 0
138918 63 39 2
139108 63 39 2
139114 63 37 2
139218 63 39 2
139378 63 39 2
139538 63 39 2
139648 63 39 2
139668 63 43 2
139690 63 38 0
139778 63 43 2
139808 63 39 2
139888 63 43 2
139918 63 39 2
139978 63 38 2
140078 63 39 2
140288 63 39 2
140508 63 43 2
140554 63 39 0
140728 63 39 2
140758 63 19 2
140786 63 39 2
140868 63 39 2
140888 63 43 2
140938 63 31 2
140998 63 39 2
141018 63 43 2
141108 63 39 2
141128 63 43 2
141248 63 43 2
141358 63 43 2
141362 63 40 0
141398 63 39 2
141508 63 39 2
141588 63 43 2
141658 63 40 2
141698 63 43 2
141808 63 43 2
141918 63 43 2
142028 63 43 2
142138 63 43 2
142234 63 41 0
142258 63 43 2
142368 63 43 2
142548 63 43 2
142576 63 41 2
142658 63 43 2
142818 63 43 2
142928 63 43 2
143038 63 43 2
143128 63 47 2
143152 63 42 0
143238 63 47 2
143308 63 43 2
143348 63 47 2
143418 63 43 2
143430 63 42 2
143528 63 43 2
143638 63 43 2
143938 63 47 2
144006 63 43 0
144208 63 43 2
144290 63 43 2
144318 63 43 2
144338 63 47 2
144358 63 35 2
144468 63 47 2
144488 63 43 2
144578 63 47 2
144618 63 43 2
144688 63 47 2
144778 63 43 2
144866 63 44 0
144878 63 47 2
145038 63 47 2
145058 63 43 2
145148 63 47 2
145178 63 44 2
145258 63 47 2
145408 63 47 2
145648 63 47 2
145754 63 45 0
145758 63 47 2
145868 63 47 2
145978 63 47 2
146024 63 45 2
146108 63 47 2
146218 63 47 2
146328 63 47 2
146438 63 47 2
146548 63 47 2
146600 63 46 0
146678 63 51 2
146788 63 51 2
146818 63 47 2
146870 63 46 2
146898 63 51 2
146928 63 47 2
147038 63 47 2
147148 63 47 2
147288 63 51 2
147446 63 47 0
147618 63 47 2
147668 63 47 2
147738 63 47 2
147848 63 47 2
147868 63 39 2
147888 63 51 2
147998 63 51 2
148038 63 47 2
148108 63 51 2
148218 63 51 2
148244 63 48 0
148268 63 47 2
148328 63 51 2
148438 63 47 2
148518 63 51 2
148538 63 48 2
148628 63 51 2
148738 63 51 2
148848 63 51 2
149078 63 51 2
149114 63 49 0
149188 63 51 2
149298 63 51 2
149408 63 51 2
149456 63 49 2
149578 63 51 2
149688 63 51 2
149798 63 51 2
149908 63 51 2
150018 63 51 2
150032 63 50 0
150293 63 50 2
150318 63 51 2
150428 63 51 2
150538 63 51 2
150648 63 51 2
150869 63 51 0
151058 63 51 2
151132 63 51 2
151168 63 51 2
151278 63 51 2
151318 63 43 2
151468 63 51 2
151618 63 51 2
151708 63 52 0
151858 63 51 2
152008 63 52 2
152584 63 53 0
152854 63 53 2
153430 63 54 0
153683 63 54 2
154838 63 47 2
158338 63 51 2
159779 63 8 0
160078 63 8 2
196490 63 3 2
196960 63 3 2
197470 63 4 0
197570 63 3 2
197590 63 14 0
197709 63 14 2
197710 63 3 2
197820 63 3 2
197957 63 4 0
198025 63 29 0
198090 63 3 2
198138 63 29 2
198178 63 30 0
198292 63 30 2
198336 63 17 0
198474 63 17 2
198490 63 3 2
198554 63 18 0
198600 63 4 0
198650 63 3 2
198684 63 18 2
198732 63 22 0
198779 63 4 0
198790 63 3 2
198900 63 3 2
198927 63 4 0
198948 63 22 2
199000 63 3 0
199010 63 3 2
199114 63 4 0
199123 63 3 2
199170 63 3 2
199179 63 23 0
199280 63 3 2
199293 63 23 2
199301 63 26 0
199390 63 3 2
199407 63 26 2
199447 63 27 0
199500 63 3 2
199518 63 4 0
199553 63 27 2
199597 63 19 0
199610 63 3 2
199674 63 4 0
199719 63 19 2
199731 63 21 0
199740 63 3 2
199837 63 4 0
199850 63 3 2
199895 63 21 2
199974 63 4 0
200050 63 3 2
200083 63 4 0
200098 63 4 0
200226 63 4 2
200251 63 4 0
200254 63 18 0
200380 63 3 2
200402 63 4 0
200490 63 3 2
200541 63 4 0
200578 63 18 2
200600 63 3 2
200691 63 4 0
200710 63 3 2
200750 63 61 0
200820 63 3 2
200845 63 4 0
200864 63 61 2
200936 63 54 0
200963 63 4 0
201010 63 3 2
201080 63 54 2
201112 63 55 0
201115 63 4 0
201140 63 3 2
201255 63 4 0
201267 63 55 2
201430 63 3 2
201464 63 4 0
201495 63 40 0
201550 63 3 2
201619 63 4 0
201641 63 40 2
201660 63 3 2
201669 63 49 0
201759 63 4 0
201815 63 49 2
201827 63 51 0
201880 63 4 0
201972 63 51 2
201992 63 37 0
202004 63 4 0
202123 63 4 0
202138 63 37 2
202142 63 20 0
202220 63 3 2
202259 63 20 2
202275 63 3 0
202297 63 4 0
202447 63 4 0
202510 63 3 2
202582 63 4 0
202630 63 3 2
202650 63 3 2
202706 63 4 0
202722 63 21 0
202836 63 21 2
202844 63 56 0
202989 63 56 2
203009 63 57 0
203148 63 57 2
203236 63 58 0
203304 63 4 0
203366 63 58 2
203446 63 59 0
203568 63 59 2
203592 63 63 0
203601 63 4 0
203706 63 63 2
203731 63 4 0
203790 63 33 0
203928 63 33 2
208210 63 3 2
209291 63 4 0
209940 63 27 2
212190 63 7 2
212500 63 59 2
213333 63 2 0
213334 63 63 1
213480 63 63 2
213495 63 2 2
213616 63 63 2
220535 63 2 0
220536 63 2 2
220881 63 63 1
221020 63 63 2
221035 63 2 2
221156 63 63 2
222280 63 35 2
223780 63 23 2
225280 63 23 2
226240 63 39 2
228000 63 55 2
229350 63 15 2
229950 63 43 2
230640 63 3 2
231640 63 7 2
231960 63 3 2
233110 63 55 2
233460 63 7 2
233760 63 27 2
234690 63 23 2
235030 63 51 2
235790 63 59 2
237470 63 35 2
237560 63 23 2
238850 63 19 2
240180 63 23 2
240590 63 19 2
240860 63 43 2
240910 63 55 2
241150 63 15 2
242180 63 47 2
242660 63 19 2
243550 63 23 2
243580 63 51 2
244710 63 7 2
245010 63 15 2
245590 63 31 2
246240 63 31 2
246540 63 11 2
246920 63 35 2
247700 63 11 2
248430 63 59 2
249220 63 3 2
250250 63 7 2
251230 63 11 2
251679 63 0 0
251680 63 63 1
251820 63 63 2
251835 63 0 2
251850 63 43 2
251972 63 63 2
252760 63 3 2
253480 63 35 2
255460 63 51 2
256630 63 43 2
257470 63 23 2
259270 63 35 2
262490 63 55 2
262820 63 39 2
263170 63 3 2
263460 63 23 2
264080 63 39 2
267020 63 43 2
267689 63 63 1
267840 63 63 2
267855 63 2 2
267976 63 63 2
269570 63 15 2
270610 63 47 2
271710 63 43 2
272487 63 2 0
272488 63 63 1
272640 63 63 2
272655 63 2 2
272776 63 63 2
273680 63 3 2
274110 63 51 2
275650 63 19 2
276900 63 51 2
277740 63 55 2
280710 63 7 2
281280 63 59 2
282660 63 23 2
284799 63 63 1
284940 63 63 2
284956 63 0 2
285094 63 63 2
285560 63 59 2
287910 63 39 2
288250 63 3 2
289890 63 15 2
290610 63 43 2
291200 63 51 2
291680 63 7 2
292110 63 23 2
293823 63 2 0
293824 63 0 0
294580 63 15 2
295020 63 11 2
295170 63 51 2
298320 63 51 2
298600 63 15 2
300815 63 63 1
300960 63 63 2
300975 63 2 2
301096 63 63 2
301590 63 31 2
301970 63 19 2
302540 63 39 2
303180 63 31 2
304010 63 55 2
305373 63 2 0
305374 63 4 0
305470 63 23 2
307330 63 43 2
308510 63 39 2
308870 63 27 2
309200 63 19 2
309600 63 23 2
310260 63 27 2
312390 63 31 2
313800 63 15 2
314130 63 7 2
314770 63 11 2
315470 63 59 2
316860 63 15 2
317230 63 35 2
317510 63 11 2
318900 63 31 2
321200 63 55 2
325760 63 39 2
327110 63 43 2
327410 63 43 2
330550 63 55 2
334560 63 47 2
337020 63 59 2
340990 63 51 2
343415 63 63 1
343560 63 63 2
343576 63 2 2
343698 63 63 2
347330 63 55 2
349830 63 3 2
353580 63 59 2
356170 63 7 2
356990 63 31 2
359600 63 27 2
359843 63 63 1
359910 63 7 2
360000 63 63 2
360015 63 2 2
360136 63 63 2
361730 63 11 2
362360 63 11 2
365924 63 63 1
366030 63 3 2
366070 63 63 2
366085 63 0 2
366222 63 63 2
366380 63 19 2
368500 63 15 2
372230 63 7 2
374610 63 19 2
378340 63 11 2
380830 63 23 2
384600 63 15 2
387000 63 27 2
390760 63 19 2
393280 63 31 2
397110 63 23 2
399530 63 35 2
403340 63 27 2
405850 63 39 2
409730 63 31 2
412180 63 43 2
416060 63 35 2
416707 63 0 0
416708 63 4 0
418590 63 47 2
420515 63 0 0
420516 63 0 2
422530 63 39 2
423360 63 55 2
423989 63 0 0
423990 63 4 0
424970 63 51 2
426610 63 47 2
462145 63 7 2
463675 63 11 2
469345 63 7 2
471925 63 15 2
472645 63 35 2
473595 63 51 2
474885 63 31 2
476275 63 15 2
477125 63 35 2
479845 63 39 2
480855 63 3 2
481725 63 19 2
482935 63 15 2
483815 63 7 2
485905 63 11 2
487735 63 35 2
488085 63 11 2
489735 63 15 2
491875 63 55 2
495065 63 27 2
497687 63 63 1
497845 63 63 2
497860 63 2 2
497981 63 63 2
502507 63 2 0
502508 63 63 1
502655 63 63 2
502670 63 2 2
502791 63 63 2
505315 63 51 2
507535 63 55 2
517629 63 11 2
527761 63 15 2
529561 63 19 2
529981 63 59 2
530331 63 7 2
534661 63 15 2
536731 63 23 2
538271 63 27 2
538691 63 43 2
539381 63 23 2
540021 63 55 2
544791 63 19 2
554391 63 11 2
555931 63 23 2
563621 63 31 2
568391 63 59 2
581233 63 31 2
588403 63 7 2
593283 63 59 2
594013 63 55 2
597033 63 47 2
598763 63 39 2
602353 63 23 2
607743 63 3 2
613023 63 51 2
624939 63 63 1
625078 63 63 2
625093 63 2 2
625214 63 63 2
629358 63 55 2
629938 63 11 2
634398 63 47 2
636748 63 43 2
637068 63 19 2
640778 63 51 2
647168 63 3 2
660639 63 35 2
664169 63 31 2
676096 63 47 2
692377 63 19 2
707244 63 59 2
719670 63 27 2
766679 63 39 2
790812 63 43 2
797312 63 3 2
811483 63 2 0
811484 63 63 1
811623 63 63 2
811639 63 2 2
811761 63 63 2
912875 63 3 2
1013286 63 7 2
1014627 63 2 0
1014628 63 2 2
1015574 63 0 0
1015574 63 0 0
1017648 63 0 2
1017742 63 0 2
1017768 63 38 0
1017768 63 38 0
1017885 63 38 2
1018456 63 15 2
1018538 63 38 2
1019813 63 14 0
1019935 63 14 2
1019947 63 15 0
1019947 63 15 0
1020013 63 15 2
1020070 63 15 2
1020158 63 38 0
1020158 63 38 0
1020576 63 38 2
1020784 63 0 0
1020784 63 0 0
1020914 63 0 2
1020937 63 0 2
1021267 63 2 0
1021268 63 4 0
1021638 63 38 2
1023289 63 15 0
1023289 63 15 0
1023355 63 15 2
1023404 63 15 2
1023466 63 31 2
1023583 63 4 0
1023772 63 31 0
1023776 63 35 2
1023886 63 35 2
1023886 63 31 2
1023930 63 35 0
1024136 63 35 2
1024225 63 35 2
1024246 63 35 2
1024285 63 32 0
1024356 63 35 2
1024400 63 32 2
1024476 63 59 2
1024500 63 33 0
1024636 63 35 2
1024686 63 33 2
1024756 63 59 2
1024778 63 34 0
1024786 63 35 2
1024886 63 59 2
1024916 63 35 2
1025017 63 34 2
1025026 63 35 2
1025049 63 1 0
1025086 63 59 2
1025236 63 35 2
1025316 63 59 2
1025411 63 1 2
1025426 63 59 2
1025455 63 32 0
1025456 63 35 2
1025536 63 59 2
1025566 63 35 2
1025578 63 32 2
1025586 63 35 0
1025646 63 59 2
1025676 63 35 2
1025756 63 59 2
1025806 63 35 2
1025916 63 59 2
1025992 63 35 2
1025996 63 60 0
1026026 63 59 2
1026106 63 35 2
1026136 63 59 2
1026226 63 35 2
1026266 63 59 2
1026313 63 60 2
1026329 63 61 0
1026376 63 59 2
1026436 63 35 2
1026486 63 59 2
1026566 63 35 2
1026596 63 59 2
1026706 63 59 2
1026746 63 35 2
1026755 63 61 2
1026815 63 48 0
1026816 63 59 2
1026896 63 35 2
1026926 63 59 2
1027016 63 35 2
1027019 63 48 2
1027046 63 59 2
1027059 63 49 0
1027136 63 35 2
1027166 63 59 2
1027256 63 35 2
1027286 63 59 2
1027396 63 59 2
1027426 63 35 2
1027506 63 59 2
1027536 63 35 2
1027656 63 35 2
1027679 63 63 1
1027706 63 59 2
1027766 63 35 2
1027797 63 49 2
1027816 63 59 2
1027833 63 36 0
1027833 63 36 0
1027836 63 63 2
1027852 63 54 2
1027876 63 35 2
1027894 63 63 2
1027899 63 36 2
1027926 63 59 2
1027986 63 35 2
1028009 63 36 2
1028013 63 63 1
1028046 63 39 2
1028073 63 37 0
1028073 63 37 0
1028106 63 35 2
1028123 63 63 1
1028131 63 37 2
1028156 63 63 2
1028172 63 50 2
1028216 63 35 2
1028246 63 63 2
1028266 63 63 2
1028282 63 51 2
1028290 63 37 2
1028296 63 31 2
1028326 63 35 2
1028338 63 58 0
1028338 63 58 0
1028348 63 63 2
1028390 63 63 1
1028398 63 58 2
1028406 63 31 2
1028496 63 35 2
1028526 63 31 2
1028556 63 59 2
1028576 63 63 2
1028592 63 28 2
1028652 63 63 1
1028666 63 59 2
1028674 63 63 2
1028706 63 31 2
1028776 63 59 2
1028777 63 63 1
1028796 63 63 2
1028807 63 58 2
1028812 63 22 2
1028819 63 31 0
1028826 63 31 2
1028859 63 63 1
1028886 63 59 2
1028886 63 63 2
1028916 63 63 2
1028932 63 20 2
1028946 63 31 2
1028991 63 63 1
1029022 63 63 2
1029026 63 63 2
1029042 63 59 2
1029056 63 31 2
1029083 63 63 1
1029100 63 63 2
1029122 63 31 2
1029134 63 30 0
1029146 63 63 2
1029162 63 35 2
1029176 63 31 2
1029244 63 63 2
1029256 63 63 2
1029272 63 44 2
1029286 63 31 2
1029338 63 63 2
1029339 63 63 1
1029396 63 31 2
1029458 63 30 2
1029466 63 59 0
1029466 63 59 0
1029471 63 63 1
1029486 63 63 2
1029502 63 6 2
1029516 63 7 2
1029516 63 59 2
1029536 63 31 2
1029565 63 63 1
1029593 63 63 2
1029616 63 63 2
1029632 63 24 2
1029656 63 31 2
1029683 63 63 1
1029713 63 59 2
1029726 63 63 2
1029742 63 26 2
1029746 63 63 2
1029762 63 63 1
1029765 63 34 0
1029766 63 31 2
1029806 63 7 2
1029836 63 63 2
1029841 63 63 2
1029852 63 18 2
1029876 63 31 2
1029905 63 63 1
1029916 63 7 2
1029946 63 63 2
1029959 63 63 2
1029962 63 57 2
1029986 63 31 2
1029997 63 63 1
1030036 63 63 2
1030056 63 63 2
1030072 63 4 2
1030099 63 63 1
1030106 63 31 2
1030130 63 34 2
1030146 63 7 2
1030170 63 0 0
1030170 63 0 0
1030176 63 63 2
1030180 63 63 2
1030192 63 34 2
1030193 63 63 1
1030216 63 31 2
1030281 63 63 2
1030286 63 63 2
1030302 63 14 2
1030326 63 31 2
1030384 63 63 2
1030396 63 63 2
1030412 63 31 2
1030427 63 63 1
1030436 63 31 2
1030457 63 63 1
1030466 63 7 2
1030469 63 63 2
1030546 63 31 2
1030586 63 63 2
1030599 63 63 1
1030602 63 1 2
1030616 63 7 2
1030656 63 31 2
1030696 63 63 2
1030710 63 0 2
1030712 63 47 2
1030732 63 63 2
1030733 63 63 1
1030754 63 63 2
1030766 63 31 2
1030787 63 63 1
1030806 63 63 2
1030822 63 49 2
1030876 63 31 2
1030904 63 63 2
1030916 63 63 2
1030929 63 0 2
1030932 63 11 2
1030937 63 33 0
1030971 63 63 1
1030986 63 31 2
1031006 63 7 2
1031036 63 63 2
1031038 63 63 2
1031051 63 63 1
1031053 63 60 2
1031096 63 31 2
1031103 63 63 2
1031146 63 63 2
1031162 63 10 2
1031176 63 7 2
1031206 63 31 2
1031236 63 39 2
1031266 63 63 2
1031276 63 63 2
1031276 63 33 2
1031282 63 23 2
1031292 63 60 0
1031296 63 7 2
1031316 63 31 2
1031339 63 63 1
1031348 63 63 2
1031409 63 63 1
1031426 63 7 2
1031438 63 60 2
1031446 63 31 2
1031458 63 32 0
1031486 63 63 2
1031502 63 9 2
1031556 63 31 2
1031596 63 63 2
1031612 63 21 2
1031624 63 63 2
1031666 63 31 2
1031694 63 63 2
1031746 63 7 2
1031776 63 31 2
1031886 63 31 2
1031953 63 32 2
1031987 63 63 1
1032029 63 61 0
1032036 63 7 2
1032136 63 63 2
1032152 63 7 2
1032166 63 7 2
1032177 63 61 2
1032189 63 63 1
1032226 63 3 2
1032234 63 63 2
1032301 63 62 0
1032311 63 63 1
1032336 63 63 2
1032352 63 15 2
1032386 63 59 2
1032426 63 63 2
1032447 63 62 2
1032456 63 63 2
1032472 63 29 2
1032486 63 7 2
1032526 63 3 2
1032535 63 12 0
1032546 63 63 2
1032596 63 7 2
1032636 63 3 2
1032683 63 12 2
1032695 63 39 0
1032746 63 3 2
1032836 63 7 2
1032841 63 39 2
1032853 63 13 0
1032996 63 7 2
1032998 63 13 2
1033002 63 48 0
1033026 63 3 2
1033086 63 55 2
1033146 63 3 2
1033149 63 48 2
1033161 63 59 0
1033276 63 7 2
1033417 63 59 2
1033445 63 54 0
1033445 63 54 0
1033479 63 54 2
1033526 63 7 2
1033716 63 3 2
1033766 63 7 2
1033826 63 3 2
1033844 63 54 2
1033884 63 55 0
1033946 63 3 2
1033996 63 7 2
1034056 63 3 2
1034106 63 7 2
1034221 63 55 2
1034245 63 56 0
1034346 63 3 2
1034436 63 7 2
1034546 63 7 2
1034606 63 3 2
1034716 63 3 2
1034796 63 7 2
1034914 63 56 2
1034942 63 57 0
1034986 63 7 2
1035176 63 3 2
1035286 63 3 2
1035326 63 7 2
1035416 63 3 2
1035566 63 3 2
1035583 63 57 2
1035647 63 58 0
1035866 63 7 2
1035876 63 63 1
1035906 63 3 2
1036016 63 63 2
1036031 63 0 2
1036046 63 3 2
1036116 63 7 2
1036143 63 58 2
1036169 63 63 2
1036176 63 0 0
1036179 63 49 0
1036328 63 0 0
1036356 63 7 2
1036386 63 15 2
1036456 63 3 2
1036479 63 0 0
1036518 63 49 2
1036558 63 63 0
1036576 63 7 2
1036630 63 0 0
1036646 63 3 2
1036756 63 3 2
1036776 63 0 0
1036934 63 0 0
1037085 63 0 0
1037166 63 3 2
1037196 63 7 2
1037235 63 0 0
1037276 63 3 2
1037383 63 0 0
1037406 63 3 2
1037426 63 7 2
1037516 63 3 2
1037530 63 0 0
1037536 63 7 2
1037646 63 7 2
1037677 63 0 0
1037756 63 7 2
1037816 63 63 2
1037828 63 0 0
1037864 63 15 0
1037866 63 7 2
1037886 63 3 2
1037976 63 7 2
1037979 63 0 0
1038013 63 15 2
1038029 63 44 0
1038086 63 7 2
1038130 63 0 0
1038196 63 7 2
1038233 63 44 2
1038253 63 45 0
1038279 63 0 0
1038306 63 7 2
1038416 63 7 2
1038426 63 0 0
1038436 63 3 2
1038526 63 7 2
1038578 63 0 0
1038578 63 45 2
1038666 63 3 2
1038706 63 3 2
1038726 63 0 0
1038806 63 7 2
1038826 63 0 0
1038900 63 0 0
1038916 63 7 2
1038946 63 3 2
1038976 63 0 2
1039026 63 7 2
1039047 63 0 0
1039068 63 1 0
1039136 63 7 2
1039194 63 0 0
1039237 63 1 2
1039337 63 2 0
1039349 63 0 0
1039356 63 7 2
1039476 63 7 2
1039482 63 2 2
1039502 63 41 0
1039511 63 0 0
1039640 63 41 2
1039667 63 0 0
1039712 63 3 0
1039814 63 0 0
1039928 63 3 2
1039936 63 7 2
1039974 63 0 0
1040016 63 7 2
1040092 63 5 0
1040122 63 0 0
1040126 63 11 2
1040236 63 7 2
1040278 63 0 0
1040346 63 7 2
1040431 63 0 0
1040437 63 5 2
1040485 63 6 0
1040583 63 0 0
1040676 63 11 2
1040697 63 2 0
1040734 63 0 0
1040736 63 7 2
1040846 63 7 2
1040886 63 0 0
1040894 63 6 2
1040906 63 11 2
1040956 63 7 2
1040982 63 7 0
1041016 63 11 2
1041038 63 0 0
1041066 63 7 2
1041126 63 11 2
1041236 63 11 2
1041256 63 7 2
1041376 63 11 2
1041486 63 11 2
1041596 63 11 2
1041612 63 7 2
1041706 63 11 2
1041720 63 8 0
1041766 63 7 2
1041816 63 11 2
1041869 63 8 2
1041925 63 1 0
1041925 63 1 0
1041926 63 11 2
1042036 63 7 2
1042047 63 1 2
1042056 63 11 2
1042075 63 1 2
1042286 63 11 2
1042366 63 7 2
1042396 63 11 2
1042506 63 11 2
1042507 63 7 0
1042616 63 11 2
1042621 63 7 2
1042637 63 46 0
1042783 63 46 2
1042791 63 4 0
1042816 63 11 2
1042905 63 4 2
1042926 63 11 2
1042929 63 47 0
1043076 63 47 2
1043220 63 12 0
1043371 63 12 2
1043476 63 11 2
1043616 63 15 2
1043667 63 2 0
1043668 63 63 1
1043686 63 11 2
1043735 63 10 0
1043796 63 11 2
1043826 63 63 2
1043833 63 62 2
1043841 63 2 2
1043962 63 63 2
1044057 63 10 2
1044177 63 1 0
1044206 63 15 2
1044266 63 11 2
1044323 63 1 2
1044339 63 62 2
1044376 63 11 2
1044416 63 15 2
1044486 63 11 2
1044515 63 0 0
1044517 63 2 0
1044526 63 15 2
1044596 63 11 2
1044605 63 62 2
1044636 63 15 2
1044706 63 11 2
1044714 63 61 2
1044746 63 15 2
1044771 63 46 0
1044771 63 46 0
1044813 63 46 2
1044855 63 62 2
1044919 63 46 2
1044926 63 15 2
1044951 63 47 0
1045036 63 15 2
1045098 63 47 2
1045146 63 15 2
1045236 63 11 2
1045242 63 12 0
1045256 63 15 2
1045386 63 15 2
1045388 63 12 2
1045446 63 11 2
1045496 63 15 2
1045696 63 15 2
1045746 63 11 2
1045796 63 11 2
1045872 63 1 0
1045872 63 1 0
1045886 63 15 2
1045994 63 1 2
1045996 63 15 2
1046020 63 1 2
1046106 63 15 2
1046153 63 62 2
1046216 63 15 2
1046243 63 62 2
1046326 63 15 2
1046436 63 15 2
1046468 63 46 0
1046495 63 62 2
1046616 63 46 2
1046648 63 47 0
1046648 63 47 0
1046682 63 47 2
1046709 63 61 2
1046795 63 47 2
1046807 63 61 2
1046939 63 5 0
1046946 63 15 2
1047060 63 61 2
1047069 63 5 2
1047077 63 61 0
1047077 63 61 0
1047111 63 61 2
1047126 63 19 2
1047208 63 61 2
1047216 63 29 0
1047266 63 15 2
1047386 63 15 2
1047491 63 29 2
1047507 63 62 0
1047507 63 62 0
1047533 63 62 2
1047636 63 19 2
1047638 63 62 2
1047776 63 15 2
1047866 63 19 2
1047886 63 15 2
1047914 63 63 0
1047914 63 63 0
1047923 63 63 0
1047924 63 2 0
1047932 63 63 2
1047976 63 19 2
1047996 63 15 2
1048045 63 63 2
1048086 63 19 2
1048106 63 15 2
1048196 63 19 2
1048216 63 15 2
1048396 63 19 2
1048469 63 12 0
1048469 63 12 0
1048506 63 19 2
1048559 63 12 2
1048616 63 15 2
1048616 63 12 2
1048636 63 19 2
1048746 63 19 2
1048796 63 15 2
1048856 63 19 2
1048966 63 19 2
1049056 63 11 0
1049076 63 19 2
1049166 63 15 2
1049202 63 11 2
1049356 63 19 2
1049414 63 1 0
1049414 63 1 0
1049466 63 19 2
1049537 63 1 2
1049545 63 1 2
1049576 63 19 2
1049686 63 19 2
1049796 63 19 2
1049906 63 19 2
1049993 63 46 0
1050123 63 46 2
1050155 63 47 0
1050284 63 47 2
1050428 63 12 0
1050456 63 19 2
1050485 63 62 0
1050486 63 2 0
1050559 63 12 2
1050576 63 23 2
1050696 63 19 2
1050806 63 19 2
1051026 63 61 0
1051027 63 2 0
1051043 63 1 0
1051043 63 1 0
1051113 63 62 2
1051126 63 23 2
1051165 63 1 2
1051173 63 1 2
1051276 63 19 2
1051326 63 23 2
1051386 63 19 2
1051436 63 23 2
1051496 63 19 2
1051546 63 23 2
1051606 63 19 2
1051621 63 46 0
1051621 63 46 0
1051656 63 23 2
1051663 63 46 2
1051670 63 46 2
1051702 63 47 0
1051702 63 47 0
1051716 63 19 2
1051736 63 47 2
1051744 63 47 2
1051886 63 23 2
1051888 63 12 0
1051888 63 12 0
1051978 63 12 2
1051986 63 12 2
1051996 63 23 2
1052086 63 19 2
1052106 63 23 2
1052216 63 23 2
1052236 63 19 2
1052336 63 23 2
1052446 63 23 2
1052470 63 1 0
1052470 63 1 0
1052556 63 19 2
1052576 63 23 2
1052592 63 1 2
1052604 63 1 2
1052916 63 23 2
1053026 63 23 2
1053052 63 46 0
1053052 63 46 0
1053095 63 46 2
1053104 63 46 2
1053136 63 47 0
1053136 63 47 0
1053146 63 23 2
1053170 63 47 2
1053178 63 47 2
1053256 63 23 2
1053322 63 12 0
1053322 63 12 0
1053366 63 23 2
1053412 63 12 2
1053420 63 12 2
1053476 63 23 2
1053896 63 23 2
1053904 63 1 0
1053904 63 1 0
1054031 63 1 2
1054034 63 1 2
1054056 63 27 2
1054236 63 23 2
1054346 63 23 2
1054482 63 46 0
1054482 63 46 0
1054516 63 27 2
1054524 63 46 2
1054532 63 46 2
1054564 63 47 0
1054564 63 47 0
1054598 63 47 2
1054610 63 47 2
1054726 63 27 2
1054746 63 23 2
1054754 63 12 0
1054836 63 27 2
1054853 63 12 2
1054856 63 23 2
1054966 63 23 2
1054986 63 27 2
1055076 63 23 2
1055186 63 23 2
1055206 63 27 2
1055316 63 27 2
1055337 63 1 0
1055337 63 1 0
1055426 63 27 2
1055459 63 1 2
1055467 63 1 2
1055486 63 23 2
1055546 63 27 2
1055616 63 23 2
1055716 63 27 2
1055826 63 27 2
1055896 63 23 2
1055915 63 46 0
1055915 63 46 0
1055936 63 27 2
1055961 63 46 2
1055963 63 46 2
1055995 63 47 0
1055995 63 47 0
1056029 63 47 2
1056037 63 47 2
1056046 63 27 2
1056178 63 58 0
1056179 63 2 0
1056181 63 12 0
1056181 63 12 0
1056271 63 12 2
1056279 63 12 2
1056346 63 27 2
1056456 63 27 2
1056566 63 27 2
1056706 63 27 2
1056763 63 1 0
1056763 63 1 0
1056816 63 27 2
1056885 63 1 2
1056896 63 1 2
1056926 63 27 2
1057328 63 8 0
1057328 63 8 0
1057376 63 27 2
1057450 63 8 2
1057466 63 31 2
1057470 63 8 2
1057486 63 46 0
1057486 63 46 0
1057528 63 46 2
1057538 63 46 2
1057570 63 47 0
1057570 63 47 0
1057604 63 47 2
1057611 63 47 2
1057626 63 27 2
1057736 63 27 2
1057755 63 12 0
1057755 63 12 0
1057845 63 12 2
1057853 63 12 2
1057976 63 31 2
1058156 63 31 2
1058206 63 27 2
1058266 63 31 2
1058316 63 27 2
1058337 63 1 0
1058337 63 1 0
1058376 63 31 2
1058426 63 27 2
1058460 63 1 2
1058465 63 1 2
1058536 63 27 2
1058566 63 31 2
1058646 63 27 2
1058776 63 31 2
1058886 63 31 2
1058913 63 46 0
1058913 63 46 0
1058955 63 46 2
1058963 63 46 2
1058995 63 47 0
1058995 63 47 0
1058996 63 31 2
1059016 63 27 2
1059029 63 47 2
1059037 63 47 2
1059126 63 27 2
1059146 63 31 2
1059181 63 12 0
1059181 63 12 0
1059181 63 56 0
1059182 63 2 0
1059266 63 27 2
1059271 63 12 2
1059280 63 12 2
1059286 63 31 2
1059396 63 31 2
1059506 63 31 2
1059764 63 1 0
1059764 63 1 0
1059876 63 31 2
1059886 63 1 2
1059894 63 1 2
1059986 63 31 2
1060096 63 31 2
1060206 63 31 2
1060316 63 31 2
1060342 63 46 0
1060342 63 46 0
1060384 63 46 2
1060392 63 46 2
1060424 63 47 0
1060424 63 47 0
1060426 63 31 2
1060473 63 47 2
1060476 63 47 2
1060620 63 12 0
1060620 63 12 0
1060710 63 12 2
1060718 63 12 2
1060786 63 31 2
1060906 63 35 2
1061064 63 53 0
1061065 63 2 0
1061116 63 31 2
1061202 63 1 0
1061202 63 1 0
1061226 63 31 2
1061328 63 1 2
1061330 63 1 2
1061336 63 35 2
1061526 63 35 2
1061583 63 55 0
1061584 63 2 0
1061646 63 35 2
1061676 63 31 2
1061778 63 46 0
1061778 63 46 0
1061786 63 31 2
1061820 63 46 2
1061828 63 46 2
1061846 63 35 2
1061860 63 47 0
1061860 63 47 0
1061894 63 47 2
1061896 63 31 2
1061902 63 47 2
1061986 63 35 2
1062046 63 12 0
1062046 63 12 0
1062056 63 31 2
1062140 63 12 2
1062142 63 12 2
1062166 63 31 2
1062196 63 35 2
1062306 63 35 2
1062416 63 35 2
1062446 63 31 2
1062556 63 31 2
1062626 63 1 0
1062626 63 1 0
1062666 63 31 2
1062726 63 35 2
1062748 63 1 2
1062756 63 1 2
1062836 63 35 2
1062946 63 35 2
1063056 63 35 2
1063204 63 46 0
1063204 63 46 0
1063246 63 46 2
1063254 63 46 2
1063276 63 35 2
1063286 63 47 0
1063286 63 47 0
1063320 63 47 2
1063328 63 47 2
1063472 63 12 0
1063472 63 12 0
1063496 63 35 2
1063562 63 12 2
1063569 63 12 2
1063606 63 35 2
1063726 63 35 2
1063836 63 35 2
1063946 63 35 2
1064053 63 1 0
1064053 63 1 0
1064176 63 1 2
1064182 63 1 2
1064226 63 35 2
1064286 63 39 2
1064476 63 35 2
1064630 63 46 0
1064630 63 46 0
1064672 63 46 2
1064680 63 46 2
1064682 63 52 0
1064683 63 2 0
1064712 63 47 0
1064712 63 47 0
1064716 63 35 2
1064746 63 47 2
1064754 63 47 2
1064756 63 39 2
1064898 63 12 0
1064898 63 12 0
1064926 63 39 2
1064988 63 12 2
1064996 63 12 2
1065096 63 35 2
1065116 63 39 2
1065206 63 35 2
1065236 63 39 2
1065356 63 39 2
1065396 63 35 2
1065480 63 1 0
1065480 63 1 0
1065506 63 35 2
1065602 63 1 2
1065610 63 1 2
1065626 63 35 2
1065646 63 39 2
1065756 63 39 2
1065866 63 39 2
1065986 63 35 2
1066058 63 46 0
1066058 63 46 0
1066100 63 46 2
1066106 63 35 2
1066107 63 46 2
1066139 63 47 0
1066139 63 47 0
1066173 63 47 2
1066181 63 47 2
1066186 63 39 2
1066216 63 35 2
1066325 63 12 0
1066325 63 12 0
1066326 63 39 2
1066415 63 12 2
1066423 63 12 2
1066436 63 39 2
1066546 63 39 2
1066786 63 39 2
1066907 63 1 0
1066907 63 1 0
1066946 63 39 2
1067029 63 1 2
1067037 63 1 2
1067066 63 39 2
1067176 63 39 2
1067286 63 39 2
1067476 63 39 2
1067485 63 46 0
1067485 63 46 0
1067527 63 46 2
1067535 63 46 2
1067567 63 47 0
1067567 63 47 0
1067596 63 39 2
1067601 63 47 2
1067609 63 47 2
1067706 63 43 2
1067753 63 12 0
1067753 63 12 0
1067843 63 12 2
1067850 63 12 2
1067936 63 39 2
1068116 63 43 2
1068146 63 39 2
1068266 63 43 2
1068334 63 1 0
1068334 63 1 0
1068456 63 1 2
1068468 63 1 2
1068506 63 39 2
1068546 63 43 2
1068666 63 39 2
1068716 63 43 2
1068806 63 39 2
1068836 63 43 2
1068900 63 9 0
1068996 63 39 2
1069030 63 9 2
1069046 63 43 2
1069046 63 46 0
1069046 63 46 0
1069089 63 46 2
1069096 63 46 2
1069106 63 39 2
1069128 63 47 0
1069128 63 47 0
1069156 63 43 2
1069162 63 47 2
1069172 63 47 2
1069266 63 43 2
1069316 63 12 0
1069316 63 12 0
1069406 63 12 2
1069416 63 12 2
1069436 63 39 2
1069546 63 39 2
1069656 63 39 2
1069746 63 43 2
1069856 63 43 2
1069900 63 1 0
1069900 63 1 0
1069966 63 43 2
1070002 63 2 0
1070003 63 48 0
1070022 63 1 2
1070029 63 1 2
1070076 63 43 2
1070186 63 43 2
1070426 63 43 2
1070477 63 46 0
1070477 63 46 0
1070519 63 46 2
1070527 63 46 2
1070536 63 43 2
1070559 63 47 0
1070559 63 47 0
1070593 63 47 2
1070601 63 47 2
1070676 63 43 2
1070745 63 12 0
1070745 63 12 0
1070786 63 43 2
1070836 63 12 2
1070843 63 12 2
1070916 63 43 2
1071026 63 43 2
1071046 63 47 2
1071266 63 43 2
1071327 63 1 0
1071327 63 1 0
1071416 63 45 0
1071417 63 2 0
1071449 63 1 2
1071457 63 1 2
1071536 63 47 2
1071576 63 43 2
1071656 63 47 2
1071905 63 46 0
1071905 63 46 0
1071906 63 43 2
1071948 63 46 2
1071955 63 46 2
1071976 63 47 2
1071987 63 47 0
1071987 63 47 0
1072021 63 47 2
1072031 63 47 2
1072076 63 43 2
1072126 63 47 2
1072175 63 12 0
1072175 63 12 0
1072265 63 12 2
1072272 63 12 2
1072276 63 47 2
1072316 63 43 2
1072446 63 47 2
1072536 63 43 2
1072556 63 47 2
1072646 63 43 2
1072666 63 47 2
1072756 63 1 0
1072756 63 1 0
1072879 63 1 2
1072888 63 1 2
1073006 63 43 2
1073116 63 43 2
1073165 63 46 0
1073166 63 2 0
1073216 63 47 2
1073236 63 43 2
1073336 63 46 0
1073336 63 46 0
1073376 63 47 2
1073378 63 46 2
1073407 63 46 2
1073439 63 47 0
1073439 63 47 0
1073473 63 47 2
1073480 63 47 2
1073486 63 47 2
1073596 63 47 2
1073624 63 12 0
1073624 63 12 0
1073706 63 47 2
1073714 63 12 2
1073722 63 12 2
1073906 63 47 2
1074016 63 47 2
1074126 63 47 2
1074206 63 1 0
1074206 63 1 0
1074236 63 47 2
1074330 63 1 2
1074337 63 1 2
1074436 63 51 2
1074486 63 47 2
1074596 63 47 2
1074706 63 47 2
1074785 63 46 0
1074785 63 46 0
1074826 63 51 2
1074830 63 46 2
1074838 63 46 2
1074870 63 47 0
1074870 63 47 0
1074904 63 47 2
1074914 63 47 2
1074966 63 51 2
1075046 63 47 2
1075058 63 12 0
1075058 63 12 0
1075148 63 12 2
1075162 63 12 2
1075296 63 47 2
1075406 63 51 2
1075451 63 43 0
1075452 63 2 0
1075576 63 47 2
1075626 63 51 2
1075646 63 1 0
1075646 63 1 0
1075736 63 51 2
1075756 63 47 2
1075768 63 1 2
1075777 63 1 2
1075846 63 51 2
1075956 63 51 2
1076066 63 51 2
1076086 63 47 2
1076196 63 47 2
1076225 63 46 0
1076225 63 46 0
1076268 63 46 2
1076277 63 46 2
1076309 63 47 0
1076309 63 47 0
1076343 63 47 2
1076351 63 47 2
1076495 63 12 0
1076495 63 12 0
1076496 63 47 2
1076585 63 12 2
1076594 63 12 2
1076606 63 47 2
1076716 63 47 2
1076796 63 51 2
1076906 63 51 2
1077016 63 51 2
1077078 63 1 0
1077078 63 1 0
1077126 63 51 2
1077200 63 1 2
1077207 63 1 2
1077236 63 51 2
1077426 63 51 2
1077536 63 51 2
1077655 63 46 0
1077655 63 46 0
1077676 63 51 2
1077689 63 42 0
1077690 63 2 0
1077697 63 46 2
1077786 63 51 2
1077796 63 46 2
1077828 63 47 0
1077828 63 47 0
1077862 63 47 2
1077949 63 47 2
1077986 63 51 2
1078093 63 12 0
1078093 63 12 0
1078106 63 51 2
1078183 63 12 2
1078192 63 12 2
1078216 63 51 2
1078516 63 51 2
1078666 63 51 2
1078676 63 1 0
1078676 63 1 0
1078798 63 1 2
1078806 63 1 2
1079026 63 51 2
1079254 63 46 0
1079254 63 46 0
1079296 63 51 2
1079296 63 46 2
1079304 63 46 2
1079336 63 47 0
1079336 63 47 0
1079370 63 47 2
1079379 63 47 2
1079523 63 12 0
1079523 63 12 0
1079546 63 51 2
1079613 63 12 2
1079621 63 12 2
1079676 63 51 2
1079684 63 41 0
1079685 63 2 0
1080086 63 51 2
1080105 63 1 0
1080105 63 1 0
1080196 63 51 2
1080227 63 1 2
1080234 63 1 2
1080306 63 51 2
1080666 63 10 0
1080788 63 10 2
1080804 63 46 0
1080804 63 46 0
1080846 63 46 2
1080854 63 46 2
1080886 63 47 0
1080886 63 47 0
1080920 63 47 2
1080968 63 47 2
1081020 63 40 0
1081021 63 2 0
1081112 63 12 0
1081112 63 12 0
1081146 63 38 0
1081175 63 2 0
1081203 63 12 2
1081208 63 12 2
1081692 63 1 0
1081692 63 1 0
1081814 63 1 2
1081822 63 1 2
1082144 63 39 0
1082145 63 2 0
1082270 63 46 0
1082270 63 46 0
1082312 63 46 2
1082320 63 46 2
1082352 63 47 0
1082352 63 47 0
1082395 63 47 2
1082397 63 47 2
1082541 63 12 0
1082541 63 12 0
1082631 63 12 2
1082642 63 12 2
1083057 63 37 0
1083058 63 2 0
1083126 63 1 0
1083126 63 1 0
1083248 63 1 2
1083256 63 1 2
1083704 63 46 0
1083704 63 46 0
1083746 63 46 2
1083833 63 46 2
1083865 63 47 0
1083865 63 47 0
1083899 63 47 2
1083973 63 2 0
1083975 63 36 0
1083989 63 47 2
1084133 63 12 0
1084133 63 12 0
1084224 63 12 2
1084229 63 12 2
1084713 63 1 0
1084713 63 1 0
1084837 63 1 2
1084841 63 1 2
1085289 63 46 0
1085289 63 46 0
1085331 63 46 2
1085340 63 46 2
1085372 63 47 0
1085372 63 47 0
1085406 63 47 2
1085413 63 47 2
1085557 63 12 0
1085557 63 12 0
1085647 63 12 2
1085658 63 12 2
1086142 63 1 0
1086142 63 1 0
1086264 63 1 2
1086272 63 1 2
1086720 63 46 0
1086720 63 46 0
1086762 63 46 2
1086772 63 46 2
1086804 63 47 0
1086804 63 47 0
1086838 63 47 2
1086876 63 47 2
1087020 63 12 0
1087020 63 12 0
1087111 63 12 2
1087116 63 12 2
1087600 63 1 0
1087600 63 1 0
1087722 63 1 2
1087730 63 1 2
1088178 63 46 0
1088178 63 46 0
1088220 63 46 2
1088228 63 46 2
1088260 63 47 0
1088260 63 47 0
1088294 63 47 2
1088303 63 47 2
1088447 63 12 0
1088447 63 12 0
1088538 63 12 2
1088545 63 12 2
1089029 63 1 0
1089029 63 1 0
1089151 63 1 2
1089159 63 1 2
1089574 63 33 0
1089575 63 2 0
1089607 63 46 0
1089607 63 46 0
1089649 63 46 2
1089717 63 46 2
1089749 63 47 0
1089749 63 47 0
1089783 63 47 2
1089870 63 47 2
1090014 63 12 0
1090014 63 12 0
1090109 63 12 2
1090111 63 12 2
1090595 63 1 0
1090595 63 1 0
1090717 63 1 2
1090725 63 1 2
1091173 63 46 0
1091173 63 46 0
1091215 63 46 2
1091233 63 46 2
1091265 63 47 0
1091265 63 47 0
1091299 63 47 2
1091376 63 47 2
1091520 63 12 0
1091520 63 12 0
1091610 63 12 2
1091617 63 12 2
1091921 63 32 0
1091923 63 2 0
1092101 63 1 0
1092101 63 1 0
1092223 63 1 2
1092231 63 1 2
1092663 63 11 0
1092663 63 11 0
1092762 63 11 2
1092778 63 11 2
1092794 63 46 0
1092794 63 46 0
1092836 63 46 2
1092844 63 46 2
1092876 63 47 0
1092876 63 47 0
1092911 63 47 2
1092916 63 47 2
1093060 63 12 0
1093060 63 12 0
1093150 63 12 2
1093158 63 12 2
1093642 63 1 0
1093642 63 1 0
1093745 63 30 0
1093746 63 2 0
1093764 63 1 2
1093772 63 1 2
1094220 63 46 0
1094220 63 46 0
1094262 63 46 2
1094269 63 46 2
1094301 63 47 0
1094301 63 47 0
1094335 63 47 2
1094342 63 47 2
1094486 63 12 0
1094486 63 12 0
1094576 63 12 2
1094586 63 12 2
1094649 63 62 2
1094740 63 62 2
1094882 63 61 2
1094981 63 61 2
1095070 63 1 0
1095070 63 1 0
1095197 63 1 2
1095200 63 1 2
1095648 63 46 0
1095648 63 46 0
1095690 63 46 2
1095698 63 46 2
1095730 63 47 0
1095730 63 47 0
1095765 63 47 2
1095770 63 47 2
1095914 63 12 0
1095914 63 12 0
1096004 63 12 2
1096012 63 12 2
1096161 63 27 0
1096163 63 2 0
1096496 63 1 0
1096496 63 1 0
1096618 63 1 2
1096626 63 1 2
1097074 63 46 0
1097074 63 46 0
1097116 63 46 2
1097124 63 46 2
1097156 63 47 0
1097156 63 47 0
1097190 63 47 2
1097198 63 47 2
1097342 63 12 0
1097342 63 12 0
1097432 63 12 2
1097440 63 12 2
1097498 63 62 2
1097589 63 62 2
1097734 63 61 2
1097833 63 61 2
1097924 63 1 0
1097924 63 1 0
1098046 63 1 2
1098054 63 1 2
1098502 63 46 0
1098502 63 46 0
1098544 63 46 2
1098551 63 46 2
1098583 63 47 0
1098583 63 47 0
1098619 63 47 2
1098634 63 47 2
1098778 63 12 0
1098778 63 12 0
1098868 63 12 2
1098876 63 12 2
1099360 63 1 0
1099360 63 1 0
1099482 63 1 2
1099493 63 1 2
1099941 63 46 0
1099941 63 46 0
1099983 63 46 2
1099991 63 46 2
1100023 63 47 0
1100023 63 47 0
1100024 63 25 0
1100025 63 2 0
1100057 63 47 2
1100065 63 47 2
1100209 63 12 0
1100209 63 12 0
1100300 63 12 2
1100312 63 12 2
1100348 63 62 2
1100439 63 62 2
1100587 63 61 2
1100686 63 61 2
1100796 63 1 0
1100796 63 1 0
1100918 63 1 2
1100926 63 1 2
1101374 63 46 0
1101374 63 46 0
1101416 63 46 2
1101427 63 46 2
1101459 63 47 0
1101459 63 47 0
1101494 63 47 2
1101580 63 47 2
1101724 63 12 0
1101724 63 12 0
1101814 63 12 2
1101822 63 12 2
1102306 63 1 0
1102306 63 1 0
1102428 63 1 2
1102436 63 1 2
1102884 63 46 0
1102884 63 46 0
1102926 63 46 2
1102933 63 46 2
1102965 63 47 0
1102965 63 47 0
1102999 63 47 2
1103007 63 47 2
1103151 63 12 0
1103151 63 12 0
1103200 63 62 2
1103241 63 12 2
1103249 63 12 2
1103292 63 62 2
1103451 63 61 2
1103545 63 62 2
1103550 63 61 2
1103733 63 1 0
1103733 63 1 0
1103800 63 61 2
1103857 63 1 2
1103868 63 1 2
1104300 63 12 0
1104300 63 12 0
1104390 63 12 2
1104408 63 12 2
1104424 63 46 0
1104424 63 46 0
1104467 63 46 2
1104472 63 46 2
1104504 63 47 0
1104504 63 47 0
1104538 63 47 2
1104595 63 47 2
1104739 63 12 0
1104739 63 12 0
1104830 63 12 2
1104838 63 12 2
1105322 63 1 0
1105322 63 1 0
1105444 63 1 2
1105452 63 1 2
1105900 63 46 0
1105900 63 46 0
1105942 63 46 2
1105950 63 46 2
1105982 63 47 0
1105982 63 47 0
1106016 63 47 2
1106024 63 47 2
1106168 63 12 0
1106168 63 12 0
1106173 63 62 2
1106258 63 12 2
1106263 63 62 2
1106266 63 12 2
1106435 63 61 2
1106513 63 62 2
1106534 63 61 2
1106750 63 1 0
1106750 63 1 0
1106785 63 61 2
1106873 63 1 2
1106881 63 1 2
1107329 63 46 0
1107329 63 46 0
1107372 63 46 2
1107467 63 46 2
1107499 63 47 0
1107499 63 47 0
1107534 63 47 2
1107612 63 47 2
1107756 63 12 0
1107756 63 12 0
1107846 63 12 2
1107854 63 12 2
1108338 63 1 0
1108338 63 1 0
1108460 63 1 2
1108468 63 1 2
1108916 63 46 0
1108916 63 46 0
1108958 63 46 2
1108966 63 46 2
1108998 63 47 0
1108998 63 47 0
1109032 63 47 2
1109038 63 62 2
1109040 63 47 2
1109129 63 62 2
1109184 63 12 0
1109184 63 12 0
1109274 63 12 2
1109287 63 12 2
1109311 63 61 2
1109379 63 62 2
1109410 63 61 2
1109662 63 61 2
1109771 63 1 0
1109771 63 1 0
1109893 63 1 2
1109901 63 1 2
1110286 63 19 0
1110288 63 2 0
1110349 63 46 0
1110349 63 46 0
1110393 63 46 2
1110467 63 46 2
1110499 63 47 0
1110499 63 47 0
1110533 63 47 2
1110630 63 47 2
1110774 63 12 0
1110774 63 12 0
1110864 63 12 2
1110873 63 12 2
1111357 63 1 0
1111357 63 1 0
1111479 63 1 2
1111487 63 1 2
1111910 63 62 2
1111935 63 46 0
1111935 63 46 0
1111978 63 46 2
1111986 63 46 2
1112001 63 62 2
1112018 63 47 0
1112018 63 47 0
1112052 63 47 2
1112060 63 47 2
1112191 63 61 2
1112204 63 12 0
1112204 63 12 0
1112251 63 62 2
1112290 63 61 2
1112294 63 12 2
1112303 63 12 2
1112541 63 61 2
1112787 63 1 0
1112787 63 1 0
1112909 63 1 2
1112920 63 1 2
1113368 63 46 0
1113368 63 46 0
1113411 63 46 2
1113417 63 46 2
1113449 63 47 0
1113449 63 47 0
1113483 63 47 2
1113490 63 47 2
1113634 63 12 0
1113634 63 12 0
1113724 63 12 2
1113781 63 12 2
1113970 63 17 0
1113971 63 2 0
1114265 63 1 0
1114265 63 1 0
1114390 63 1 2
1114405 63 1 2
1114853 63 46 0
1114853 63 46 0
1114895 63 46 2
1114903 63 46 2
1114935 63 47 0
1114935 63 47 0
1114969 63 47 2
1114979 63 47 2
1115123 63 12 0
1115123 63 12 0
1115213 63 12 2
1115221 63 12 2
1115705 63 1 0
1115705 63 1 0
1115827 63 1 2
1115836 63 1 2
1116268 63 13 0
1116367 63 13 2
1116383 63 46 0
1116383 63 46 0
1116425 63 46 2
1116438 63 46 2
1116470 63 47 0
1116470 63 47 0
1116504 63 47 2
1116512 63 47 2
1116656 63 12 0
1116656 63 12 0
1116754 63 12 2
1116755 63 12 2
1117067 63 16 0
1117068 63 2 0
1117199 63 13 0
1117217 63 2 0
1117238 63 1 0
1117238 63 1 0
1117331 63 12 0
1117350 63 2 0
1117360 63 1 2
1117368 63 1 2
1117816 63 46 0
1117816 63 46 0
1117864 63 46 2
1117866 63 46 2
1117898 63 47 0
1117898 63 47 0
1117932 63 47 2
1117939 63 47 2
1118083 63 12 0
1118083 63 12 0
1118173 63 12 2
1118180 63 12 2
1118664 63 1 0
1118664 63 1 0
1118786 63 1 2
1118794 63 1 2
1119242 63 46 0
1119242 63 46 0
1119284 63 46 2
1119292 63 46 2
1119324 63 47 0
1119324 63 47 0
1119358 63 47 2
1119366 63 47 2
1119510 63 12 0
1119510 63 12 0
1119600 63 12 2
1119608 63 12 2
1120092 63 1 0
1120092 63 1 0
1120214 63 1 2
1120222 63 1 2
1120670 63 46 0
1120670 63 46 0
1120712 63 46 2
1120719 63 46 2
1120751 63 47 0
1120751 63 47 0
1120785 63 47 2
1120793 63 47 2
1120937 63 12 0
1120937 63 12 0
1121028 63 12 2
1121036 63 12 2
1121520 63 1 0
1121520 63 1 0
1121549 63 35 2
1121642 63 1 2
1121649 63 1 2
1121959 63 35 2
1122069 63 35 2
1122097 63 46 0
1122097 63 46 0
1122139 63 46 2
1122146 63 46 2
1122178 63 47 0
1122178 63 47 0
1122212 63 47 2
1122219 63 47 2
1122363 63 12 0
1122363 63 12 0
1122453 63 12 2
1122461 63 12 2
1122519 63 35 2
1122819 63 35 2
1122929 63 35 2
1122945 63 1 0
1122945 63 1 0
1123067 63 1 2
1123076 63 1 2
1123079 63 35 2
1123189 63 35 2
1123299 63 35 2
1123524 63 46 0
1123524 63 46 0
1123566 63 46 2
1123573 63 46 2
1123605 63 47 0
1123605 63 47 0
1123639 63 47 2
1123646 63 47 2
1123790 63 12 0
1123790 63 12 0
1123879 63 31 2
1123880 63 12 2
1123888 63 12 2
1123989 63 31 2
1124049 63 35 2
1124099 63 31 2
1124159 63 35 2
1124269 63 35 2
1124372 63 1 0
1124372 63 1 0
1124379 63 35 2
1124494 63 1 2
1124507 63 1 2
1124509 63 35 2
1124539 63 31 2
1124659 63 35 2
1124769 63 35 2
1124955 63 46 0
1124955 63 46 0
1124979 63 35 2
1124997 63 46 2
1125012 63 46 2
1125019 63 31 2
1125044 63 47 0
1125044 63 47 0
1125078 63 47 2
1125086 63 47 2
1125089 63 35 2
1125230 63 12 0
1125230 63 12 0
1125269 63 31 2
1125299 63 35 2
1125320 63 12 2
1125328 63 12 2
1125409 63 31 2
1125439 63 35 2
1125519 63 31 2
1125549 63 35 2
1125629 63 31 2
1125769 63 35 2
1125812 63 1 0
1125812 63 1 0
1125879 63 35 2
1125934 63 1 2
1125941 63 1 2
1126349 63 35 2
1126389 63 46 0
1126389 63 46 0
1126437 63 46 2
1126440 63 46 2
1126472 63 47 0
1126472 63 47 0
1126506 63 47 2
1126514 63 47 2
1126529 63 35 2
1126559 63 31 2
1126658 63 12 0
1126658 63 12 0
1126679 63 31 2
1126748 63 12 2
1126757 63 12 2
1126779 63 35 2
1126809 63 31 2
1126899 63 35 2
1126929 63 31 2
1127039 63 31 2
1127149 63 31 2
1127241 63 1 0
1127241 63 1 0
1127259 63 31 2
1127364 63 1 2
1127369 63 31 2
1127375 63 1 2
1127399 63 35 2
1127479 63 31 2
1127509 63 35 2
1127619 63 35 2
1127649 63 31 2
1127823 63 46 0
1127823 63 46 0
1127866 63 46 2
1127873 63 46 2
1127879 63 31 2
1127905 63 47 0
1127905 63 47 0
1127939 63 47 2
1127967 63 47 2
1127999 63 31 2
1128109 63 31 2
1128111 63 12 0
1128111 63 12 0
1128195 63 0 0
1128201 63 12 2
1128209 63 12 2
1128219 63 31 2
1128351 63 0 0
1128459 63 31 2
1128502 63 0 0
1128651 63 0 0
1128693 63 1 0
1128693 63 1 0
1128815 63 1 2
1128825 63 1 2
1128939 63 31 2
1129045 63 0 0
1129079 63 31 2
1129113 63 8 0
1129114 63 2 0
1129219 63 31 2
1129273 63 46 0
1129273 63 46 0
1129315 63 46 2
1129322 63 46 2
1129354 63 47 0
1129354 63 47 0
1129388 63 47 2
1129426 63 47 2
1129494 63 0 0
1129570 63 12 0
1129570 63 12 0
1129652 63 0 0
1129660 63 12 2
1129668 63 12 2
1129813 63 0 0
1129968 63 0 0
1130039 63 31 2
1130152 63 1 0
1130152 63 1 0
1130179 63 31 2
1130274 63 1 2
1130284 63 1 2
1130289 63 31 2
1130732 63 46 0
1130732 63 46 0
1130774 63 46 2
1130783 63 46 2
1130815 63 47 0
1130815 63 47 0
1130849 63 47 2
1130853 63 0 0
1130898 63 47 2
1131003 63 0 0
1131042 63 12 0
1131042 63 12 0
1131049 63 55 2
1131132 63 12 2
1131139 63 12 2
1131166 63 0 0
1131316 63 0 0
1131470 63 0 0
1131623 63 1 0
1131623 63 1 0
1131651 63 0 0
1131747 63 1 2
1131757 63 1 2
1131808 63 0 0
1132011 63 0 0
1132205 63 46 0
1132205 63 46 0
1132221 63 0 0
1132247 63 46 2
1132255 63 46 2
1132287 63 47 0
1132287 63 47 0
1132322 63 47 2
1132330 63 47 2
1132372 63 0 0
1132474 63 12 0
1132474 63 12 0
1132566 63 12 2
1132573 63 12 2
1132608 63 0 0
1132619 63 63 1
1132759 63 63 2
1132770 63 0 0
1132774 63 27 2
1132789 63 63 1
1132793 63 63 1
1132866 63 63 2
1132926 63 0 0
1132929 63 63 2
1132944 63 12 2
1133019 63 47 2
1133041 63 63 2
1133049 63 63 2
1133057 63 1 0
1133057 63 1 0
1133064 63 36 2
1133074 63 0 0
1133137 63 63 2
1133185 63 1 2
1133187 63 1 2
1133229 63 0 0
1133234 63 63 1
1133379 63 63 2
1133382 63 0 0
1133394 63 25 2
1133499 63 63 2
1133529 63 63 1
1133544 63 0 0
1133635 63 46 0
1133635 63 46 0
1133669 63 63 2
1133673 63 27 2
1133677 63 46 2
1133684 63 37 2
1133687 63 46 2
1133705 63 63 1
1133710 63 0 0
1133719 63 47 0
1133719 63 47 0
1133749 63 63 2
1133753 63 47 2
1133761 63 47 2
1133849 63 63 2
1133864 63 13 2
1133905 63 12 0
1133905 63 12 0
1133953 63 63 2
1133996 63 12 2
1134005 63 12 2
1134009 63 19 2
1134062 63 63 1
1134209 63 63 2
1134224 63 33 2
1134322 63 63 2
1134430 63 63 1
1134478 63 0 0
1134489 63 1 0
1134489 63 1 0
1134564 63 63 1
1134569 63 63 2
1134584 63 38 2
1134611 63 1 2
1134620 63 1 2
1134641 63 63 2
1134680 63 0 0
1134709 63 63 2
1134724 63 19 2
1134821 63 63 2
1134836 63 0 0
1135068 63 46 0
1135068 63 46 0
1135110 63 46 2
1135119 63 46 2
1135138 63 5 0
1135139 63 2 0
1135151 63 47 0
1135151 63 47 0
1135185 63 47 2
1135193 63 47 2
1135337 63 12 0
1135337 63 12 0
1135375 63 3 0
1135376 63 2 0
1135428 63 12 2
1135439 63 12 2
1135606 63 63 1
1135749 63 63 2
1135764 63 30 2
1135832 63 63 2
1135923 63 1 0
1135923 63 1 0
1136041 63 63 1
1136046 63 1 2
1136087 63 1 2
1136179 63 63 2
1136183 63 63 1
1136194 63 42 2
1136275 63 63 2
1136329 63 63 2
1136335 63 63 1
1136344 63 39 2
1136393 63 63 2
1136430 63 61 2
1136479 63 63 2
1136494 63 41 2
1136535 63 46 0
1136535 63 46 0
1136577 63 46 2
1136583 63 63 2
1136585 63 46 2
1136617 63 47 0
1136617 63 47 0
1136651 63 47 2
1136659 63 47 2
1136781 63 2 0
1136782 63 63 1
1136803 63 12 0
1136803 63 12 0
1136887 63 63 1
1136894 63 12 2
1136907 63 12 2
1136929 63 63 2
1136944 63 2 2
1137039 63 63 2
1137054 63 17 2
1137059 63 1 0
1137060 63 2 0
1137065 63 63 2
1137168 63 63 2
1137200 63 63 1
1137222 63 63 1
1137339 63 63 2
1137354 63 61 2
1137383 63 9 0
1137395 63 63 2
1137449 63 63 2
1137463 63 63 1
1137464 63 52 2
1137465 63 63 1
1137513 63 9 2
1137520 63 63 2
1137553 63 63 1
1137597 63 62 2
1137609 63 63 2
1137624 63 0 2
1137637 63 55 0
1137719 63 63 2
1137734 63 32 2
1137735 63 55 2
1137739 63 1 0
1137739 63 1 0
1137761 63 63 2
1137829 63 63 2
1137840 63 63 2
1137844 63 43 2
1137861 63 1 2
1137880 63 1 2
1137904 63 56 0
1137906 63 63 1
1137916 63 63 2
1137938 63 63 1
1138028 63 56 2
1138049 63 63 2
1138064 63 3 2
1138068 63 45 0
1138089 63 63 1
1138159 63 63 2
1138167 63 45 2
1138174 63 45 2
1138178 63 63 2
1138223 63 46 0
1138231 63 63 2
1138269 63 63 2
1138284 63 53 2
1138308 63 63 1
1138321 63 46 2
1138333 63 63 2
1138397 63 63 0
1138406 63 63 1
1138440 63 59 2
1138449 63 63 2
1138464 63 62 2
1138497 63 63 2
1138559 63 63 2
1138574 63 63 2
1138575 63 63 1
1138589 63 63 2
1138597 63 47 0
1138598 63 63 2
1138696 63 47 2
1138719 63 63 2
1138734 63 16 2
1138800 63 62 0
1138800 63 62 0
1138827 63 62 2
1138855 63 63 2
1138913 63 63 1
1138964 63 62 2
1139059 63 63 2
1139074 63 8 2
1139087 63 63 1
1139088 63 61 0
1139088 63 61 0
1139122 63 61 2
1139203 63 63 2
1139206 63 61 2
1139229 63 63 2
1139244 63 48 2
1139264 63 63 1
1139333 63 63 2
1139381 63 63 1
1139409 63 63 2
1139424 63 58 2
1139489 63 63 2
1139519 63 63 2
1139534 63 40 2
1139631 63 63 2
1139742 63 1 0
1139742 63 1 0
1139864 63 1 2
1139872 63 1 2
1139956 63 58 0
1139956 63 58 0
1140014 63 58 2
1140055 63 58 2
1140135 63 59 0
1140135 63 59 0
1140185 63 59 2
1140226 63 59 2
1140451 63 63 1
1140589 63 63 2
1140604 63 5 2
1140701 63 63 2
1141593 63 63 1
1141739 63 63 2
1141752 63 63 1
1141754 63 55 2
1141787 63 63 2
1141899 63 63 2
1141914 63 46 2
1141963 63 63 2
1143526 63 59 0
1143527 63 2 0
1143644 63 63 1
1143789 63 63 2
1143804 63 56 2
1143885 63 63 2
1145289 63 60 0
1145290 63 2 0
1148367 63 57 0
1148368 63 2 0
1148442 63 54 0
1148513 63 2 0
1153233 63 51 0
1153234 63 2 0
1154779 63 50 0
1154780 63 2 0
1161115 63 49 0
1161116 63 2 0
1162429 63 47 0
1162430 63 2 0
1163535 63 44 0
1163536 63 2 0
1176622 63 35 0
1176623 63 2 0
1180397 63 34 0
1180398 63 2 0
1184187 63 31 0
1184188 63 2 0
1184543 63 28 0
1184544 63 2 0
1188728 63 29 0
1188729 63 2 0
1190665 63 26 0
1190666 63 2 0
1195385 63 24 0
1195386 63 2 0
1195494 63 22 0
1195535 63 2 0
1195577 63 20 0
1195668 63 2 0
1196573 63 23 0
1196574 63 2 0
1199942 63 21 0
1199943 63 2 0
1202021 63 18 0
1202022 63 2 0
1207441 63 14 0
1207442 63 2 0
1209019 63 15 0
1209020 63 2 0
1213335 63 11 0
1213336 63 2 0
1215527 63 10 0
1215529 63 2 0
1218013 63 9 0
1218014 63 2 0
1218137 63 6 0
1218158 63 2 0
1220767 63 7 0
1220768 63 2 0
1221264 63 4 0
1221265 63 2 0
1221561 63 63 1
1221700 63 63 2
1221715 63 28 2
1221796 63 63 2
1222742 63 63 1
1222880 63 63 2
1222895 63 20 2
1222984 63 63 2
1223258 63 63 1
1223400 63 63 2
1223415 63 35 2
1223496 63 63 2
1223836 63 63 1
1223964 63 63 1
1223980 63 63 2
1223995 63 44 2
1224060 63 63 2
1224110 63 63 2
1224125 63 51 2
1224190 63 63 2
1224973 63 63 1
1224977 63 63 1
1225120 63 63 2
1225135 63 6 2
1225224 63 63 2
1225240 63 63 2
1225255 63 14 2
1225282 63 63 1
1225336 63 63 2
1225420 63 63 2
1225423 63 63 1
1225435 63 26 2
1225532 63 63 2
1225570 63 63 2
1225585 63 4 2
1225654 63 63 1
1225690 63 63 2
1225800 63 63 2
1225815 63 18 2
1225918 63 63 1
1225920 63 63 2
1225977 63 63 1
1226060 63 63 2
1226075 63 31 2
1226132 63 63 2
1226170 63 63 2
1226185 63 22 2
1226258 63 63 2
1226417 63 63 1
1226560 63 63 2
1226575 63 34 2
1226664 63 63 2
1226717 63 63 1
1226798 63 63 1
1226860 63 63 2
1226875 63 11 2
1226880 63 63 1
1226970 63 63 2
1226983 63 63 2
1226985 63 29 2
1227059 63 63 2
1227080 63 63 2
1227095 63 54 2
1227131 63 63 1
1227136 63 63 2
1227270 63 63 2
1227273 63 63 1
1227285 63 21 2
1227363 63 63 1
1227366 63 63 2
1227420 63 63 2
1227435 63 50 2
1227508 63 63 2
1227530 63 63 2
1227545 63 59 2
1227602 63 63 2
1227623 63 63 1
1227738 63 63 1
1227770 63 63 2
1227785 63 23 2
1227850 63 63 2
1227880 63 63 2
1227895 63 10 2
1228008 63 63 2
1228067 63 63 1
1228210 63 63 2
1228225 63 15 2
1228298 63 63 2
1228315 63 63 1
1228460 63 63 2
1228475 63 47 2
1228516 63 63 2
1228767 63 63 1
1228875 63 63 1
1228910 63 63 2
1228925 63 1 2
1229001 63 63 1
1229020 63 63 2
1229035 63 24 2
1229054 63 63 2
1229140 63 63 2
1229148 63 63 2
1229155 63 9 2
1229197 63 63 1
1229276 63 63 2
1229340 63 63 2
1229355 63 7 2
1229436 63 63 2
1229945 63 63 1
1230090 63 63 2
1230105 63 60 2
1230154 63 63 2
1231183 63 63 1
1231330 63 63 2
1231345 63 49 2
1231426 63 63 2
1231900 63 63 1
1232040 63 63 2
1232055 63 57 2
1232128 63 63 2
1991716 63 15 0
1991716 63 15 0
1991942 63 15 2
1992041 63 15 2
1992257 63 36 0
1992257 63 36 0
1992323 63 36 2
1992630 63 36 2
1992674 63 37 0
1992674 63 37 0
1992732 63 37 2
1992779 63 37 2
1992959 63 0 0
1992959 63 0 0
1993090 63 0 2
1993095 63 0 2
1993183 63 36 0
1993183 63 36 0
1993249 63 36 2
1993568 63 36 2
1993600 63 38 0
1993600 63 38 0
1993650 63 38 2
1993657 63 38 2
1993817 63 54 0
1993817 63 54 0
1993851 63 54 2
1993894 63 54 2
1993926 63 12 0
1993926 63 12 0
1994017 63 12 2
1994025 63 12 2
1994089 63 37 0
1994089 63 37 0
1994147 63 37 2
1994214 63 37 2
1994353 63 11 1
1995202 63 47 0
1995202 63 47 0
1995236 63 47 2
1995279 63 47 2
1995431 63 1 0
1995619 63 1 2
1996163 63 15 0
1996163 63 15 0
1996229 63 15 2
1996254 63 15 2
1996342 63 38 0
1996342 63 38 0
1996452 63 38 2
1996530 63 38 2
1996686 63 46 0
1996686 63 46 0
1996728 63 46 2
1996829 63 46 2
1996881 63 0 0
1996881 63 0 0
1997011 63 0 2
1997069 63 0 2
1997112 63 38 0
1997113 63 38 2
1997217 63 47 0
1997217 63 47 0
1997251 63 47 2
1997259 63 47 2
1997275 63 12 0
1997415 63 12 2
1997451 63 47 0
1997599 63 47 2
1997995 63 11 1
1998111 63 11 1
1998234 63 50 0
1998235 63 38 0
1998367 63 61 2
1998655 63 63 0
1998655 63 63 0
1998664 63 63 0
1998665 63 38 0
1998673 63 63 2
1998722 63 63 2
1998926 63 58 0
1998926 63 58 0
1998984 63 58 2
1999018 63 61 2
1999057 63 58 2
1999141 63 46 0
1999142 63 61 2
1999207 63 46 2
1999763 63 15 0
1999763 63 15 0
1999770 63 11 1
1999830 63 15 2
1999866 63 15 2
2000349 63 0 2
2000435 63 11 1
2000629 63 11 1
2001119 63 62 2
2001547 63 11 1
2003427 63 60 2
2003998 63 60 2
2004328 63 62 2
2004442 63 62 2
2968267 63 15 0
2968267 63 15 0
2968493 63 15 2
2968592 63 15 2
2969152 63 38 0
2969152 63 38 0
2972120 63 38 2
2972262 63 38 2
2973199 63 11 1
2973302 63 11 1
2973444 63 11 1
2973572 63 7 0
2973782 63 7 2
2974270 63 15 0
2974270 63 15 0
2974336 63 15 2
2974345 63 15 2
2974387 63 0 2
2974433 63 38 0
2974433 63 38 0
2974483 63 38 2
2976011 63 38 2
2976295 63 7 0
2977231 63 7 2
2979507 63 15 0
2979507 63 15 0
2979573 63 15 2
2979581 63 15 2
2980801 63 1 0
2980939 63 1 2
2981147 63 36 0
2981147 63 36 0
2981213 63 36 2
2981221 63 36 2
3944835 63 15 0
3944835 63 15 0
3945051 63 15 2
3945160 63 15 2
3945376 63 36 0
3945376 63 36 0
3945442 63 36 2
3945461 63 36 2
3945773 63 36 0
3945773 63 36 0
3945839 63 36 2
3945847 63 36 2
3945879 63 38 0
3945879 63 38 0
3947307 63 38 2
3949247 63 15 0
3949247 63 15 0
3949313 63 15 2
3949383 63 15 2
3949471 63 38 0
3949522 63 38 2
3949719 63 38 2
3949721 63 38 0
3949778 63 38 2
3952086 63 15 0
3952086 63 15 0
3952152 63 15 2
3952160 63 15 2
4921390 63 15 0
4921390 63 15 0
4921606 63 15 2
4921715 63 15 2
4922275 63 38 0
4922275 63 38 0
4922586 63 38 2
4923234 63 38 2
4925174 63 15 0
4925174 63 15 0
4925240 63 15 2
4925248 63 15 2
4925336 63 38 0
4925336 63 38 0
4925446 63 38 2
4926074 63 38 2
4927587 63 0 2
4928382 63 15 0
4928382 63 15 0
4928448 63 15 2
4928456 63 15 2
4928580 63 7 0
4929556 63 7 2
4955881 63 50 2
4956004 63 50 2
4956271 63 50 2
4961231 63 50 0
4961232 63 2 0
5897961 63 15 0
5897961 63 15 0
5898177 63 15 2
5898286 63 15 2
5898846 63 38 0
5898846 63 38 0
5900936 63 38 2
5902234 63 38 2
5902426 63 12 0
5902523 63 12 2
5904271 63 15 0
5904271 63 15 0
5904337 63 15 2
5904345 63 15 2
5904433 63 38 0
5904433 63 38 0
5904503 63 38 2
5905141 63 38 2
5905297 63 46 0
5905347 63 46 2
5905547 63 47 0
5905588 63 47 2
5905678 63 50 0
5905679 63 38 0
5907792 63 15 0
5907792 63 15 0
5907858 63 15 2
5907866 63 15 2
5908770 63 36 0
5908770 63 36 0
5908836 63 36 2
5908844 63 36 2
5908908 63 37 0
5908908 63 37 0
5908966 63 37 2
5908974 63 37 2
5909022 63 58 0
5909022 63 58 0
5909080 63 58 2
5909129 63 58 2
5909161 63 59 0
5909161 63 59 0
5909211 63 59 2
5909219 63 59 2
5909311 63 0 0
5909311 63 0 0
5909441 63 0 2
5909449 63 0 2
5909569 63 61 0
5909569 63 61 0
5909603 63 61 2
5909716 63 61 2
5909996 63 54 0
5909996 63 54 0
5910030 63 54 2
5910038 63 54 2
5911350 63 1 0
5911350 63 1 0
5911472 63 1 2
5911480 63 1 2
5911928 63 46 0
5911977 63 46 2
5912009 63 47 0
5912155 63 47 2
5912299 63 12 0
5912445 63 12 2
5912929 63 1 0
5913058 63 1 2
5913506 63 46 0
5913506 63 46 0
5913548 63 46 2
5913645 63 46 2
5913677 63 47 0
5913815 63 47 2
5913959 63 12 0
5914097 63 12 2
5914581 63 1 0
5914581 63 1 0
5914703 63 1 2
5914711 63 1 2
5915159 63 46 0
5915289 63 46 2
5915321 63 47 0
5915321 63 47 0
5915355 63 47 2
5915452 63 47 2
5915604 63 61 0
5915604 63 61 0
5915638 63 61 2
5915735 63 61 2
5915759 63 62 0
5915759 63 62 0
5915785 63 62 2
5915793 63 62 2
5916069 63 63 0
5916069 63 63 0
5916078 63 63 0
5916079 63 2 0
5916087 63 63 2
5916200 63 63 2
5916624 63 12 0
5916755 63 12 2
5917407 63 1 0
5917407 63 1 0
5917529 63 1 2
5917546 63 1 2
5917994 63 46 0
5917994 63 46 0
5918036 63 46 2
5918117 63 46 2
5918149 63 47 0
5918149 63 47 0
5918183 63 47 2
5918272 63 47 2
5918416 63 12 0
5918416 63 12 0
5918506 63 12 2
5918539 63 12 2
5919023 63 1 0
5919023 63 1 0
5919145 63 1 2
5919153 63 1 2
5919601 63 46 0
5919601 63 46 0
5919643 63 46 2
5919716 63 46 2
5919748 63 47 0
5919748 63 47 0
5919782 63 47 2
5919863 63 47 2
5920007 63 12 0
5920007 63 12 0
5920097 63 12 2
5920122 63 12 2
5920606 63 1 0
5920606 63 1 0
5920728 63 1 2
5920736 63 1 2
5921184 63 46 0
5921184 63 46 0
5921226 63 46 2
5921290 63 46 2
5921322 63 47 0
5921322 63 47 0
5921356 63 47 2
5921429 63 47 2
5921573 63 12 0
5921573 63 12 0
5921663 63 12 2
5921688 63 12 2
5922172 63 1 0
5922172 63 1 0
5922294 63 1 2
5922302 63 1 2
5922750 63 46 0
5922750 63 46 0
5922792 63 46 2
5922849 63 46 2
5922881 63 47 0
5922881 63 47 0
5922915 63 47 2
5922980 63 47 2
5923124 63 12 0
5923124 63 12 0
5923214 63 12 2
5923239 63 12 2
5923723 63 1 0
5923723 63 1 0
5923845 63 1 2
5923853 63 1 2
5924301 63 46 0
5924301 63 46 0
5924343 63 46 2
5924400 63 46 2
5924432 63 47 0
5924432 63 47 0
5924466 63 47 2
5924523 63 47 2
5924667 63 12 0
5924667 63 12 0
5924757 63 12 2
5924782 63 12 2
5925266 63 1 0
5925266 63 1 0
5925388 63 1 2
5925396 63 1 2
5925844 63 46 0
5925844 63 46 0
5925886 63 46 2
5925983 63 46 2
5926015 63 47 0
5926015 63 47 0
5926049 63 47 2
5926154 63 47 2
5926298 63 12 0
5926298 63 12 0
5926388 63 12 2
5926437 63 12 2
5926921 63 1 0
5926921 63 1 0
5927043 63 1 2
5927051 63 1 2
5927499 63 46 0
5927499 63 46 0
5927541 63 46 2
5927630 63 46 2
5927662 63 47 0
5927662 63 47 0
5927696 63 47 2
5927793 63 47 2
5927937 63 12 0
5927937 63 12 0
5928028 63 12 2
5928069 63 12 2
5928553 63 1 0
5928553 63 1 0
5928675 63 1 2
5928683 63 1 2
5929131 63 46 0
5929131 63 46 0
5929173 63 46 2
5929258 63 46 2
5929290 63 47 0
5929290 63 47 0
5929324 63 47 2
5929413 63 47 2
5929557 63 12 0
5929557 63 12 0
5929647 63 12 2
5929680 63 12 2
5930164 63 1 0
5930164 63 1 0
5930286 63 1 2
5930294 63 1 2
5930742 63 46 0
5930742 63 46 0
5930784 63 46 2
5930857 63 46 2
5930889 63 47 0
5930889 63 47 0
5930923 63 47 2
5931004 63 47 2
5931148 63 12 0
5931148 63 12 0
5931238 63 12 2
5931263 63 12 2
5931747 63 1 0
5931747 63 1 0
5931869 63 1 2
5931877 63 1 2
5932325 63 46 0
5932325 63 46 0
5932367 63 46 2
5932432 63 46 2
5932464 63 47 0
5932464 63 47 0
5932498 63 47 2
5932571 63 47 2
5932715 63 12 0
5932715 63 12 0
5932805 63 12 2
5932822 63 12 2
5933306 63 1 0
5933306 63 1 0
5933428 63 1 2
5933453 63 1 2
5933901 63 46 0
5933901 63 46 0
5933943 63 46 2
5934000 63 46 2
5934032 63 47 0
5934032 63 47 0
5934066 63 47 2
5934131 63 47 2
5934275 63 12 0
5934275 63 12 0
5934365 63 12 2
5934382 63 12 2
5934866 63 1 0
5934866 63 1 0
5934988 63 1 2
5934996 63 1 2
5935444 63 46 0
5935444 63 46 0
5935486 63 46 2
5935535 63 46 2
5935567 63 47 0
5935567 63 47 0
5935601 63 47 2
5935658 63 47 2
5935802 63 12 0
5935802 63 12 0
5935892 63 12 2
5935909 63 12 2
5936393 63 1 0
5936393 63 1 0
5936515 63 1 2
5936523 63 1 2
5936971 63 46 0
5936971 63 46 0
5937013 63 46 2
5937062 63 46 2
5937094 63 47 0
5937094 63 47 0
5937128 63 47 2
5937177 63 47 2
5937321 63 12 0
5937321 63 12 0
5937411 63 12 2
5937428 63 12 2
5937912 63 1 0
5937912 63 1 0
5938034 63 1 2
5938042 63 1 2
5938490 63 46 0
5938490 63 46 0
5938532 63 46 2
5938621 63 46 2
5938653 63 47 0
5938653 63 47 0
5938687 63 47 2
5938784 63 47 2
5938928 63 12 0
5938928 63 12 0
5939018 63 12 2
5939067 63 12 2
5939551 63 1 0
5939551 63 1 0
5939673 63 1 2
5939681 63 1 2
5940129 63 46 0
5940129 63 46 0
5940171 63 46 2
5940252 63 46 2
5940284 63 47 0
5940284 63 47 0
5940318 63 47 2
5940407 63 47 2
5940551 63 12 0
5940551 63 12 0
5940641 63 12 2
5940682 63 12 2
5941166 63 1 0
5941166 63 1 0
5941288 63 1 2
5941296 63 1 2
5941744 63 46 0
5941744 63 46 0
5941786 63 46 2
5941859 63 46 2
5941891 63 47 0
5941891 63 47 0
5941925 63 47 2
5942006 63 47 2
5942150 63 12 0
5942150 63 12 0
5942240 63 12 2
5942273 63 12 2
5942757 63 1 0
5942757 63 1 0
5942879 63 1 2
5942887 63 1 2
5943335 63 46 0
5943335 63 46 0
5943377 63 46 2
5943442 63 46 2
5943474 63 47 0
5943474 63 47 0
5943508 63 47 2
5943581 63 47 2
5943725 63 12 0
5943725 63 12 0
5943815 63 12 2
5943840 63 12 2
5944324 63 1 0
5944324 63 1 0
5944446 63 1 2
5944454 63 1 2
5944902 63 46 0
5944902 63 46 0
5944944 63 46 2
5945001 63 46 2
5945033 63 47 0
5945033 63 47 0
5945067 63 47 2
5945132 63 47 2
5945276 63 12 0
5945276 63 12 0
5945366 63 12 2
5945383 63 12 2
5945867 63 1 0
5945867 63 1 0
5945989 63 1 2
5945997 63 1 2
5946445 63 46 0
5946445 63 46 0
5946487 63 46 2
5946536 63 46 2
5946568 63 47 0
5946568 63 47 0
5946602 63 47 2
5946659 63 47 2
5946803 63 12 0
5946803 63 12 0
5946893 63 12 2
5946910 63 12 2
5947394 63 1 0
5947394 63 1 0
5947516 63 1 2
5947524 63 1 2
5947972 63 46 0
5947972 63 46 0
5948014 63 46 2
5948055 63 46 2
5948087 63 47 0
5948087 63 47 0
5948121 63 47 2
5948170 63 47 2
5948314 63 12 0
5948314 63 12 0
5948404 63 12 2
5948421 63 12 2
5948905 63 1 0
5948905 63 1 0
5949027 63 1 2
5949052 63 1 2
5949500 63 46 0
5949500 63 46 0
5949542 63 46 2
5949583 63 46 2
5949615 63 47 0
5949615 63 47 0
5949649 63 47 2
5949690 63 47 2
5949834 63 12 0
5949834 63 12 0
5949924 63 12 2
5949941 63 12 2
5950425 63 1 0
5950425 63 1 0
5950547 63 1 2
5950555 63 1 2
5951003 63 46 0
5951003 63 46 0
5951045 63 46 2
5951126 63 46 2
5951158 63 47 0
5951158 63 47 0
5951192 63 47 2
5951281 63 47 2
5951425 63 12 0
5951425 63 12 0
5951495 63 38 0
5951496 63 2 0
5951515 63 12 2
5951564 63 12 2
5952048 63 1 0
5952048 63 1 0
5952170 63 1 2
5952178 63 1 2
5952626 63 46 0
5952626 63 46 0
5952668 63 46 2
5952741 63 46 2
5952773 63 47 0
5952773 63 47 0
5952807 63 47 2
5952888 63 47 2
5953032 63 12 0
5953032 63 12 0
5953122 63 12 2
5953163 63 12 2
5953647 63 1 0
5953647 63 1 0
5953769 63 1 2
5953777 63 1 2
5954225 63 46 0
5954225 63 46 0
5954267 63 46 2
5954332 63 46 2
5954364 63 47 0
5954364 63 47 0
5954398 63 47 2
5954471 63 47 2
5954615 63 12 0
5954615 63 12 0
5954705 63 12 2
5954738 63 12 2
5955222 63 1 0
5955222 63 1 0
5955344 63 1 2
5955352 63 1 2
5955800 63 46 0
5955800 63 46 0
5955842 63 46 2
5955850 63 46 2
5955882 63 47 0
5955882 63 47 0
5955916 63 47 2
5955924 63 47 2
5956068 63 12 0
5956068 63 12 0
5956158 63 12 2
5956166 63 12 2
5956650 63 1 0
5956650 63 1 0
5956772 63 1 2
5956780 63 1 2
5957228 63 46 0
5957228 63 46 0
5957270 63 46 2
5957319 63 46 2
5957351 63 47 0
5957351 63 47 0
5957385 63 47 2
5957442 63 47 2
5957586 63 12 0
5957586 63 12 0
5957676 63 12 2
5957693 63 12 2
5958177 63 1 0
5958177 63 1 0
5958299 63 1 2
5958307 63 1 2
5958755 63 46 0
5958755 63 46 0
5958797 63 46 2
5958838 63 46 2
5958870 63 47 0
5958870 63 47 0
5958904 63 47 2
5958953 63 47 2
5959097 63 12 0
5959097 63 12 0
5959187 63 12 2
5959204 63 12 2
5959688 63 1 0
5959688 63 1 0
5959810 63 1 2
5959818 63 1 2
5960266 63 46 0
5960266 63 46 0
5960308 63 46 2
5960341 63 46 2
5960373 63 47 0
5960373 63 47 0
5960407 63 47 2
5960448 63 47 2
5960592 63 12 0
5960592 63 12 0
5960682 63 12 2
5960699 63 12 2
5961183 63 1 0
5961183 63 1 0
5961305 63 1 2
5961313 63 1 2
5961761 63 46 0
5961761 63 46 0
5961803 63 46 2
5961836 63 46 2
5961868 63 47 0
5961868 63 47 0
5961902 63 47 2
5961935 63 47 2
5962079 63 12 0
5962079 63 12 0
5962169 63 12 2
5962186 63 12 2
5962670 63 1 0
5962670 63 1 0
5962792 63 1 2
5962800 63 1 2
5963248 63 46 0
5963248 63 46 0
5963290 63 46 2
5963363 63 46 2
5963395 63 47 0
5963395 63 47 0
5963429 63 47 2
5963510 63 47 2
5963654 63 12 0
5963654 63 12 0
5963744 63 12 2
5963793 63 12 2
5964277 63 1 0
5964277 63 1 0
5964399 63 1 2
5964416 63 1 2
5964864 63 46 0
5964864 63 46 0
5964906 63 46 2
5964971 63 46 2
5965003 63 47 0
5965003 63 47 0
5965037 63 47 2
5965110 63 47 2
5965254 63 12 0
5965254 63 12 0
5965344 63 12 2
5965385 63 12 2
5965869 63 1 0
5965869 63 1 0
5965991 63 1 2
5965999 63 1 2
5966447 63 46 0
5966447 63 46 0
5966489 63 46 2
5966546 63 46 2
5966578 63 47 0
5966578 63 47 0
5966612 63 47 2
5966677 63 47 2
5966821 63 12 0
5966821 63 12 0
5966911 63 12 2
5966944 63 12 2
5967428 63 1 0
5967428 63 1 0
5967550 63 1 2
5967558 63 1 2
5968006 63 46 0
5968006 63 46 0
5968048 63 46 2
5968097 63 46 2
5968129 63 47 0
5968129 63 47 0
5968163 63 47 2
5968220 63 47 2
5968364 63 12 0
5968364 63 12 0
5968454 63 12 2
5968479 63 12 2
5968963 63 1 0
5968963 63 1 0
5969085 63 1 2
5969093 63 1 2
5969541 63 46 0
5969541 63 46 0
5969583 63 46 2
5969624 63 46 2
5969656 63 47 0
5969656 63 47 0
5969690 63 47 2
5969739 63 47 2
5969883 63 12 0
5969883 63 12 0
5969973 63 12 2
5969990 63 12 2
5970474 63 1 0
5970474 63 1 0
5970596 63 1 2
5970613 63 1 2
5971061 63 46 0
5971061 63 46 0
5971103 63 46 2
5971136 63 46 2
5971168 63 47 0
5971168 63 47 0
5971202 63 47 2
5971243 63 47 2
5971387 63 12 0
5971387 63 12 0
5971477 63 12 2
5971494 63 12 2
5971978 63 1 0
5971978 63 1 0
5972100 63 1 2
5972108 63 1 2
5972556 63 46 0
5972556 63 46 0
5972598 63 46 2
5972606 63 46 2
5972638 63 47 0
5972638 63 47 0
5972673 63 47 2
5972678 63 47 2
5972822 63 12 0
5972822 63 12 0
5972912 63 12 2
5972920 63 12 2
5973404 63 1 0
5973404 63 1 0
5973526 63 1 2
5973551 63 1 2
5973999 63 46 0
5973999 63 46 0
5974041 63 46 2
5974049 63 46 2
5974081 63 47 0
5974081 63 47 0
5974115 63 47 2
5974123 63 47 2
5974267 63 12 0
5974267 63 12 0
5974357 63 12 2
5974365 63 12 2
5974849 63 1 0
5974849 63 1 0
5974971 63 1 2
5974979 63 1 2
5975411 63 12 0
5975411 63 12 0
5975501 63 12 2
5975509 63 12 2
5975525 63 46 0
5975525 63 46 0
5975567 63 46 2
5975575 63 46 2
5975607 63 47 0
5975607 63 47 0
5975641 63 47 2
5975649 63 47 2
5975793 63 12 0
5975793 63 12 0
5975883 63 12 2
5975891 63 12 2
5976375 63 1 0
5976375 63 1 0
5976497 63 1 2
5976505 63 1 2
5976953 63 46 0
5976953 63 46 0
5976995 63 46 2
5977003 63 46 2
5977035 63 47 0
5977035 63 47 0
5977069 63 47 2
5977077 63 47 2
5977221 63 12 0
5977221 63 12 0
5977311 63 12 2
5977319 63 12 2
5977803 63 1 0
5977803 63 1 0
5977925 63 1 2
5977933 63 1 2
5978381 63 46 0
5978381 63 46 0
5978423 63 46 2
5978431 63 46 2
5978463 63 47 0
5978463 63 47 0
5978497 63 47 2
5978505 63 47 2
5978649 63 12 0
5978649 63 12 0
5978739 63 12 2
5978747 63 12 2
5979231 63 1 0
5979231 63 1 0
5979353 63 1 2
5979370 63 1 2
5979818 63 46 0
5979818 63 46 0
5979860 63 46 2
5979868 63 46 2
5979900 63 47 0
5979900 63 47 0
5979934 63 47 2
5979942 63 47 2
5980086 63 12 0
5980086 63 12 0
5980176 63 12 2
5980184 63 12 2
5980668 63 1 0
5980668 63 1 0
5980790 63 1 2
5980798 63 1 2
5981246 63 46 0
5981246 63 46 0
5981288 63 46 2
5981296 63 46 2
5981328 63 47 0
5981328 63 47 0
5981362 63 47 2
5981370 63 47 2
5981514 63 12 0
5981514 63 12 0
5981604 63 12 2
5981612 63 12 2
5982096 63 1 0
5982096 63 1 0
5982218 63 1 2
5982235 63 1 2
5982683 63 46 0
5982683 63 46 0
5982725 63 46 2
5982733 63 46 2
5982765 63 47 0
5982765 63 47 0
5982799 63 47 2
5982807 63 47 2
5982951 63 12 0
5982951 63 12 0
5983041 63 12 2
5983049 63 12 2
5983533 63 1 0
5983533 63 1 0
5983655 63 1 2
5983663 63 1 2
5984111 63 46 0
5984111 63 46 0
5984153 63 46 2
5984161 63 46 2
5984193 63 47 0
5984193 63 47 0
5984227 63 47 2
5984235 63 47 2
5984379 63 12 0
5984379 63 12 0
5984469 63 12 2
5984477 63 12 2
5984961 63 1 0
5984961 63 1 0
5985083 63 1 2
5985100 63 1 2
5985548 63 46 0
5985548 63 46 0
5985590 63 46 2
5985598 63 46 2
5985630 63 47 0
5985630 63 47 0
5985664 63 47 2
5985672 63 47 2
5985816 63 12 0
5985816 63 12 0
5985906 63 12 2
5985914 63 12 2
5986398 63 1 0
5986398 63 1 0
5986520 63 1 2
5986528 63 1 2
5986976 63 46 0
5986976 63 46 0
5987018 63 46 2
5987026 63 46 2
5987058 63 47 0
5987058 63 47 0
5987092 63 47 2
5987099 63 47 2
5987243 63 12 0
5987243 63 12 0
5987334 63 12 2
5987347 63 12 2
5987831 63 1 0
5987831 63 1 0
5987953 63 1 2
5987970 63 1 2
5988418 63 46 0
5988418 63 46 0
5988460 63 46 2
5988468 63 46 2
5988500 63 47 0
5988500 63 47 0
5988534 63 47 2
5988542 63 47 2
5988686 63 12 0
5988686 63 12 0
5988776 63 12 2
5988784 63 12 2
5989268 63 1 0
5989268 63 1 0
5989390 63 1 2
5989398 63 1 2
5989846 63 46 0
5989846 63 46 0
5989888 63 46 2
5989896 63 46 2
5989928 63 47 0
5989928 63 47 0
5989962 63 47 2
5989970 63 47 2
5990114 63 12 0
5990114 63 12 0
5990204 63 12 2
5990212 63 12 2
5990696 63 1 0
5990696 63 1 0
5990818 63 1 2
5990826 63 1 2
5991274 63 46 0
5991274 63 46 0
5991316 63 46 2
5991324 63 46 2
5991356 63 47 0
5991356 63 47 0
5991390 63 47 2
5991398 63 47 2
5991542 63 12 0
5991542 63 12 0
5991632 63 12 2
5991640 63 12 2
5992124 63 1 0
5992124 63 1 0
5992246 63 1 2
5992254 63 1 2
5992702 63 46 0
5992702 63 46 0
5992744 63 46 2
5992752 63 46 2
5992784 63 47 0
5992784 63 47 0
5992818 63 47 2
5992826 63 47 2
5992970 63 12 0
5992970 63 12 0
5993060 63 12 2
5993068 63 12 2
5993552 63 1 0
5993552 63 1 0
5993674 63 1 2
5993699 63 1 2
5994147 63 46 0
5994147 63 46 0
5994189 63 46 2
5994197 63 46 2
5994229 63 47 0
5994229 63 47 0
5994263 63 47 2
5994271 63 47 2
5994415 63 12 0
5994415 63 12 0
5994505 63 12 2
5994513 63 12 2
5994997 63 1 0
5994997 63 1 0
5995119 63 1 2
5995127 63 1 2
5995575 63 46 0
5995575 63 46 0
5995617 63 46 2
5995625 63 46 2
5995657 63 47 0
5995657 63 47 0
5995691 63 47 2
5995699 63 47 2
5995843 63 12 0
5995843 63 12 0
5995933 63 12 2
5995941 63 12 2
5996425 63 1 0
5996425 63 1 0
5996547 63 1 2
5996572 63 1 2
5997020 63 46 0
5997020 63 46 0
5997062 63 46 2
5997070 63 46 2
5997102 63 47 0
5997102 63 47 0
5997136 63 47 2
5997144 63 47 2
5997288 63 12 0
5997288 63 12 0
5997378 63 12 2
5997386 63 12 2
5997870 63 1 0
5997870 63 1 0
5997992 63 1 2
5998000 63 1 2
5998448 63 46 0
5998448 63 46 0
5998490 63 46 2
5998498 63 46 2
5998530 63 47 0
5998530 63 47 0
5998564 63 47 2
5998572 63 47 2
5998716 63 12 0
5998716 63 12 0
5998806 63 12 2
5998814 63 12 2
5999298 63 1 0
5999298 63 1 0
5999420 63 1 2
5999428 63 1 2
5999876 63 46 0
5999876 63 46 0
5999918 63 46 2
5999926 63 46 2
5999958 63 47 0
5999958 63 47 0
5999992 63 47 2
6000000 63 47 2
6000144 63 12 0
6000144 63 12 0
6000234 63 12 2
6000242 63 12 2
6000726 63 1 0
6000726 63 1 0
6000848 63 1 2
6000856 63 1 2
6001304 63 46 0
6001304 63 46 0
6001346 63 46 2
6001354 63 46 2
6001386 63 47 0
6001386 63 47 0
6001420 63 47 2
6001428 63 47 2
6001572 63 12 0
6001572 63 12 0
6001662 63 12 2
6001670 63 12 2
6002154 63 1 0
6002154 63 1 0
6002276 63 1 2
6002293 63 1 2
6002741 63 46 0
6002741 63 46 0
6002783 63 46 2
6002791 63 46 2
6002823 63 47 0
6002823 63 47 0
6002857 63 47 2
6002865 63 47 2
6003009 63 12 0
6003009 63 12 0
6003099 63 12 2
6003107 63 12 2
6003591 63 1 0
6003591 63 1 0
6003713 63 1 2
6003721 63 1 2
6004169 63 46 0
6004169 63 46 0
6004211 63 46 2
6004219 63 46 2
6004251 63 47 0
6004251 63 47 0
6004285 63 47 2
6004293 63 47 2
6004437 63 12 0
6004437 63 12 0
6004527 63 12 2
6004535 63 12 2
6005019 63 1 0
6005019 63 1 0
6005141 63 1 2
6005149 63 1 2
6005597 63 46 0
6005597 63 46 0
6005639 63 46 2
6005647 63 46 2
6005679 63 47 0
6005679 63 47 0
6005713 63 47 2
6005721 63 47 2
6005865 63 12 0
6005865 63 12 0
6005955 63 12 2
6005963 63 12 2
6006447 63 1 0
6006447 63 1 0
6006569 63 1 2
6006577 63 1 2
6007025 63 46 0
6007025 63 46 0
6007067 63 46 2
6007075 63 46 2
6007107 63 47 0
6007107 63 47 0
6007141 63 47 2
6007149 63 47 2
6007293 63 12 0
6007293 63 12 0
6007383 63 12 2
6007391 63 12 2
6007995 63 1 0
6007995 63 1 0
6008117 63 1 2
6008135 63 1 2
6008443 63 62 0
6008443 63 62 0
6008469 63 62 2
6008477 63 62 2
6008601 63 61 0
6008601 63 61 0
6008635 63 61 2
6008643 63 61 2
6009179 63 1 0
6009179 63 1 0
6009301 63 1 2
6009309 63 1 2
6009393 63 58 0
6009393 63 58 0
6009451 63 58 2
6009459 63 58 2
6009539 63 59 0
6009539 63 59 0
6009589 63 59 2
6009597 63 59 2
