0 5 51 0
29 5 7 1
210 5 0 2
275 5 7 2
1445 5 51 2
1449 5 22 0
3165 5 22 2
3177 5 1 0
3758 5 1 2
3778 5 24 0
3900 5 24 2
4844 5 7 1
5021 5 2 2
5071 5 7 2
18481 5 7 1
18660 5 0 2
18725 5 7 2
30256 5 7 1
30430 5 2 2
30479 5 7 2
37948 5 4 0
38543 5 7 1
38720 5 4 2
38753 5 7 2
38761 5 4 0
38841 5 4 0
38904 5 4 0
38920 5 4 2
38972 5 44 0
38983 5 4 0
39118 5 4 0
39227 5 4 0
39321 5 4 0
39469 5 4 0
39571 5 4 0
39672 5 4 0
39784 5 4 0
39910 5 4 0
39982 5 44 2
39994 5 5 0
40003 5 4 0
40036 5 5 2
40048 5 45 0
40114 5 4 0
40231 5 4 0
40349 5 4 0
40462 5 4 0
40468 5 45 2
40536 5 24 0
40579 5 4 0
40674 5 24 2
40697 5 4 0
40706 5 25 0
40795 5 25 2
40799 5 4 0
40803 5 26 0
40892 5 4 0
41012 5 4 0
41120 5 4 0
41134 5 26 2
41174 5 27 0
41239 5 4 0
41280 5 27 2
41300 5 33 0
41365 5 4 0
41480 5 4 0
41593 5 4 0
41687 5 4 0
41798 5 4 0
41916 5 4 0
42035 5 4 0
42148 5 33 2
42153 5 4 0
42168 5 35 0
42280 5 35 2
42284 5 4 0
42288 5 41 0
42375 5 4 0
42463 5 4 0
42585 5 4 0
42699 5 4 0
42802 5 4 0
42931 5 4 0
43022 5 41 2
43038 5 42 0
43071 5 4 0
43162 5 4 0
43223 5 4 0
43325 5 42 2
43349 5 4 0
43357 5 1 0
43441 5 1 2
43456 5 4 0
43477 5 36 0
43550 5 36 2
43562 5 43 0
43577 5 4 0
43655 5 4 0
43779 5 4 0
43892 5 4 0
43990 5 4 0
44073 5 4 0
44154 5 4 0
44249 5 4 0
44274 5 43 2
44290 5 17 0
44349 5 4 0
44371 5 17 2
44451 5 4 0
44463 5 27 0
44531 5 4 0
44537 5 27 2
44541 5 37 0
44625 5 4 0
44722 5 4 0
44797 5 37 2
44809 5 17 0
44817 5 4 0
45025 5 4 0
45147 5 4 0
45277 5 4 0
45290 5 17 2
45298 5 15 0
45387 5 4 0
45458 5 15 2
45497 5 4 0
45498 5 16 0
45692 5 16 2
45732 5 18 0
45997 5 18 2
46021 5 61 0
46388 5 61 2
46400 5 54 0
46588 5 54 2
46608 5 7 0
46669 5 7 2
46677 5 19 0
46782 5 19 2
46786 5 35 0
47482 5 35 2
47498 5 53 0
48254 5 53 2
48294 5 33 0
48406 5 33 2
48418 5 36 0
48493 5 36 2
48513 5 40 0
48952 5 40 2
48976 5 37 0
49049 5 37 2
49153 5 38 0
49316 5 38 2
49320 5 30 0
49611 5 30 2
49635 5 8 0
49909 5 8 2
49917 5 29 0
50056 5 29 2
50064 5 7 1
50096 5 0 0
50240 5 0 2
50240 5 44 2
50252 5 38 0
50313 5 7 2
51318 5 38 2
51334 5 39 0
51983 5 39 2
51987 5 39 0
52388 5 39 2
52444 5 36 0
52518 5 36 2
52550 5 38 0
52654 5 38 2
52670 5 51 0
52849 5 51 2
52905 5 37 0
53167 5 37 2
53175 5 52 0
53505 5 52 2
53541 5 45 0
53816 5 45 2
53836 5 53 0
54344 5 53 2
54368 5 54 0
54766 5 54 2
54782 5 11 0
55181 5 11 2
55193 5 56 0
55824 5 56 2
55828 5 12 0
56138 5 12 2
56146 5 57 0
56357 5 57 2
56361 5 2 0
56643 5 2 2
56695 5 37 0
56785 5 37 2
56801 5 40 0
56935 5 40 2
56991 5 58 0
57107 5 58 2
57167 5 35 0
57253 5 35 2
57257 5 50 0
57713 5 50 2
57733 5 62 0
59748 5 62 2
59776 5 38 0
60093 5 38 2
60165 5 63 0
60558 5 63 2
60598 5 12 0
60604 5 7 1
60780 5 4 2
60814 5 7 2
60816 5 4 0
60898 5 12 2
60906 5 4 0
60922 5 2 0
60983 5 2 2
61004 5 4 0
61007 5 13 0
61076 5 4 0
61135 5 4 0
61192 5 4 0
61249 5 4 0
61274 5 13 2
61328 5 4 0
61370 5 3 0
61390 5 4 0
61464 5 4 0
61464 5 3 2
61504 5 23 0
61534 5 4 0
61596 5 4 0
61640 5 23 2
61656 5 24 0
61692 5 4 0
61744 5 4 0
61754 5 24 2
61812 5 4 0
61862 5 40 0
61872 5 4 0
61948 5 4 0
62054 5 4 0
62170 5 40 2
62178 5 25 0
62203 5 4 0
62283 5 4 0
62353 5 4 0
62447 5 25 2
62475 5 26 0
62518 5 4 0
62597 5 26 2
62662 5 4 0
62677 5 0 0
62754 5 0 2
62762 5 3 0
62885 5 3 2
62929 5 4 0
62954 5 4 0
62979 5 4 2
63075 5 5 0
63094 5 4 0
63129 5 5 2
63139 5 4 0
63169 5 15 0
63237 5 4 0
63314 5 4 0
63427 5 4 0
63563 5 4 0
63568 5 7 1
63696 5 4 0
63740 5 4 2
63773 5 7 2
63781 5 4 0
63781 5 4 0
63891 5 4 0
63903 5 4 0
63959 5 4 0
64003 5 4 0
64006 5 15 2
64014 5 14 0
64042 5 4 0
64092 5 4 0
64111 5 4 0
64169 5 4 0
64241 5 4 0
64311 5 4 0
64460 5 4 0
64501 5 14 2
64513 5 50 0
64564 5 4 0
64677 5 50 2
64696 5 4 0
64705 5 6 0
64714 5 4 0
64818 5 4 0
64862 5 6 2
64865 5 4 0
64882 5 4 0
64909 5 4 0
64988 5 4 2
64996 5 8 0
65019 5 4 0
65052 5 4 0
65109 5 8 2
65113 5 47 0
65136 5 4 0
65171 5 4 0
65235 5 4 0
65273 5 4 0
65337 5 4 0
65422 5 4 0
65431 5 4 0
65538 5 4 0
65586 5 4 0
65613 5 47 2
65621 5 49 0
65695 5 4 0
65709 5 4 0
65709 5 7 1
65811 5 4 0
65814 5 4 0
65880 5 34 2
65915 5 4 0
65926 5 4 0
65961 5 7 2
66010 5 4 0
66058 5 4 0
66120 5 4 0
66150 5 4 0
66298 5 4 0
66412 5 4 0
66421 5 4 0
66549 5 4 0
66621 5 4 0
66643 5 4 0
66833 5 4 0
66855 5 4 0
66943 5 49 2
66946 5 4 0
66952 5 4 0
66959 5 11 0
67022 5 4 0
67026 5 11 2
67054 5 4 0
67062 5 5 0
67121 5 4 0
67153 5 5 2
67177 5 37 0
67202 5 4 0
67287 5 4 0
67419 5 4 0
67482 5 4 0
67540 5 37 2
67573 5 4 0
67604 5 4 0
67613 5 4 0
67681 5 4 2
67685 5 1 0
67700 5 4 0
67759 5 4 0
67807 5 4 0
67812 5 1 2
67840 5 27 0
67899 5 4 0
67915 5 4 0
68004 5 4 0
68056 5 4 0
68064 5 27 2
68072 5 2 0
68173 5 4 0
68176 5 2 2
68188 5 11 0
68204 5 4 0
68267 5 11 2
68275 5 7 0
68301 5 4 0
68408 5 4 0
68506 5 4 0
68513 5 7 2
68533 5 3 0
68622 5 4 0
68633 5 3 2
68741 5 6 0
68861 5 6 2
68868 5 4 0
68881 5 9 0
69012 5 4 0
69094 5 4 0
69254 5 4 0
69336 5 9 2
69444 5 4 0
69508 5 8 0
69611 5 4 0
69664 5 8 2
69676 5 11 0
69743 5 4 0
69881 5 4 0
69971 5 11 2
69991 5 12 0
69993 5 4 0
70096 5 12 2
70102 5 4 0
70120 5 16 0
70218 5 4 0
70345 5 4 0
70440 5 4 0
70586 5 7 1
70594 5 4 0
70753 5 4 0
70755 5 16 2
70763 5 13 0
70770 5 4 2
70811 5 7 2
70812 5 4 0
70878 5 4 0
70911 5 4 0
70914 5 13 2
70962 5 2 0
70998 5 4 0
71021 5 2 2
71053 5 40 0
71067 5 4 0
71146 5 4 0
71245 5 4 0
71378 5 4 0
71471 5 4 0
71505 5 4 0
71547 5 4 0
71633 5 4 0
71665 5 4 0
71687 5 0 0
71738 5 4 0
71742 5 4 0
71887 5 4 0
71958 5 4 0
72019 5 4 0
72093 5 4 0
72179 5 4 0
72264 5 4 0
72322 5 4 0
72393 5 4 0
72469 5 4 0
72523 5 4 0
72597 5 4 0
72851 5 4 0
72951 5 4 0
73061 5 4 0
73078 5 40 2
73082 5 25 0
73184 5 4 0
73237 5 25 2
73253 5 31 0
73283 5 4 0
73347 5 31 2
73355 5 4 0
73383 5 33 0
73480 5 4 0
73578 5 4 0
73658 5 4 0
73712 5 33 2
73716 5 36 0
73804 5 4 0
73875 5 36 2
73883 5 4 0
73900 5 4 0
73968 5 4 2
74005 5 4 0
74060 5 5 0
74106 5 4 0
74189 5 4 0
74225 5 5 2
74257 5 34 0
74263 5 4 0
74409 5 4 0
74539 5 4 0
74610 5 34 2
74623 5 4 0
74630 5 35 0
74731 5 4 0
74752 5 35 2
74776 5 32 0
74856 5 4 0
74905 5 32 2
74960 5 4 0
74973 5 17 0
75228 5 4 0
75289 5 17 2
75354 5 4 0
75466 5 4 0
75585 5 38 0
75585 5 38 0
75613 5 4 0
75643 5 38 2
75688 5 38 2
75696 5 27 0
75708 5 4 0
75844 5 4 0
75873 5 27 2
75893 5 35 0
75953 5 4 0
75976 5 35 2
76032 5 28 0
76101 5 4 0
76120 5 28 2
76188 5 3 0
76227 5 4 0
76278 5 3 2
76282 5 46 0
76329 5 4 0
76414 5 4 0
76546 5 4 0
76677 5 4 0
76746 5 4 0
76873 5 4 0
76903 5 46 2
76923 5 4 0
76982 5 4 0
76983 5 4 2
77015 5 0 0
77088 5 4 0
77159 5 0 2
77163 5 29 0
77186 5 4 0
77238 5 29 2
77382 5 47 0
77410 5 4 0
77530 5 4 0
77634 5 4 0
77716 5 47 2
77788 5 30 0
77863 5 30 2
77911 5 4 0
78037 5 4 0
78215 5 31 0
78484 5 31 2
78488 5 44 0
78574 5 44 2
78582 5 43 0
78826 5 7 1
78838 5 43 2
78970 5 32 0
79000 5 1 2
79061 5 7 2
79347 5 32 2
79419 5 33 0
79617 5 33 2
79665 5 33 0
80041 5 33 2
80049 5 27 0
80123 5 27 2
80227 5 54 0
80339 5 54 2
80351 5 28 0
80418 5 28 2
80434 5 46 0
81040 5 46 2
81048 5 56 0
81734 5 7 1
81910 5 37 2
81966 5 7 2
82769 5 56 2
82785 5 47 0
83035 5 47 2
83135 5 41 0
83290 5 41 2
83338 5 61 0
83496 5 61 2
83500 5 39 0
83648 5 39 2
83660 5 7 0
83782 5 7 2
83842 5 8 0
83956 5 8 2
83988 5 63 0
84734 5 63 2
84842 5 0 0
84915 5 0 2
84943 5 57 0
84963 5 7 1
85260 5 4 2
85298 5 7 2
85301 5 4 0
85374 5 4 0
85448 5 4 0
85518 5 4 0
85595 5 4 0
85670 5 4 0
85719 5 7 1
85741 5 4 0
85794 5 7 1
85804 5 4 0
85874 5 4 0
85890 5 55 2
85896 5 57 2
85964 5 58 0
85979 5 7 2
85991 5 4 0
86000 5 19 2
86057 5 7 2
86125 5 4 0
86148 5 58 2
86232 5 46 0
86232 5 46 0
86298 5 46 2
86315 5 4 0
86352 5 46 2
86364 5 59 0
86452 5 4 0
86537 5 59 2
86569 5 32 0
86577 5 4 0
86653 5 4 0
86773 5 4 0
86789 5 32 2
86797 5 50 0
86926 5 4 0
87043 5 50 2
87109 5 4 0
87119 5 60 0
87217 5 4 0
87311 5 4 0
87438 5 60 2
87446 5 62 0
87529 5 4 0
87671 5 4 0
87756 5 4 0
87852 5 4 0
87955 5 62 2
87959 5 3 0
88019 5 4 0
88041 5 3 2
88053 5 5 0
88162 5 4 0
88198 5 5 2
88226 5 17 0
88290 5 4 0
88382 5 17 2
88402 5 6 0
88423 5 4 0
88532 5 6 2
88564 5 4 0
88624 5 11 0
88661 5 4 0
88767 5 4 0
88860 5 4 0
89020 5 4 0
89148 5 4 0
89172 5 11 2
89180 5 10 0
89248 5 10 2
89268 5 11 0
89294 5 4 0
89407 5 11 2
89415 5 6 0
89421 5 4 0
89535 5 6 2
89571 5 36 0
89572 5 4 0
89675 5 4 0
89802 5 4 0
89942 5 4 0
90086 5 4 0
90159 5 4 0
90310 5 4 0
90339 5 36 2
90399 5 12 0
90400 5 4 0
90504 5 12 2
90512 5 0 0
90565 5 4 0
90695 5 4 0
90872 5 4 0
90989 5 0 2
91020 5 4 0
91113 5 15 0
91155 5 4 0
91258 5 15 2
91268 5 4 0
91378 5 7 0
91385 5 4 0
91501 5 4 0
91655 5 4 0
91786 5 7 2
91792 5 4 0
91802 5 0 0
91894 5 4 0
91996 5 4 0
92120 5 4 0
92292 5 4 0
92345 5 0 2
92444 5 4 0
92493 5 9 0
92577 5 4 0
92633 5 9 2
92665 5 8 0
92681 5 4 0
92802 5 4 0
93036 5 8 2
93064 5 55 0
93182 5 0 2
93406 5 55 2
93494 5 7 0
93877 5 7 2
94233 5 56 0
94568 5 56 2
95144 5 57 0
95531 5 57 2
96107 5 58 0
96395 5 58 2
96971 5 59 0
97293 5 59 2
97869 5 60 0
98208 5 60 2
98784 5 61 0
99114 5 61 2
99690 5 62 0
100023 5 62 2
100599 5 63 0
100857 5 63 2
101433 5 0 0
101433 5 0 0
101492 5 0 2
101680 5 0 2
101948 5 2 0
102223 5 2 2
102276 5 40 2
102279 5 3 0
102391 5 38 2
102493 5 37 2
102562 5 3 2
102566 5 7 0
102589 5 13 2
102617 5 38 2
102659 5 33 2
102711 5 37 2
102761 5 12 2
102796 5 40 2
102826 5 7 2
102873 5 58 2
102913 5 13 2
102914 5 4 0
102914 5 4 0
102943 5 4 2
102973 5 33 2
102999 5 53 2
103073 5 58 2
103109 5 46 2
103140 5 4 2
103192 5 38 2
103193 5 53 2
103283 5 37 2
103303 5 46 2
103321 5 19 2
103363 5 40 2
103404 5 12 2
103463 5 19 2
103479 5 13 2
103481 5 39 2
103528 5 1 0
103547 5 33 2
103601 5 25 2
103636 5 39 2
103673 5 58 2
103747 5 25 2
103789 5 1 2
103789 5 53 2
103881 5 46 2
103963 5 16 2
103979 5 12 2
104065 5 19 2
104099 5 32 2
104109 5 16 2
104203 5 39 2
104213 5 17 2
104261 5 32 2
104329 5 25 2
104336 5 36 2
104365 5 2 0
104371 5 17 2
104475 5 36 2
104505 5 8 2
104599 5 16 2
104643 5 8 2
104645 5 2 2
104671 5 52 2
104785 5 32 2
104805 5 55 2
104825 5 52 2
104902 5 17 2
104937 5 41 2
104975 5 55 2
104986 5 36 2
105053 5 45 2
105099 5 41 2
105121 5 8 2
105154 5 3 2
105209 5 45 2
105221 5 3 0
105283 5 30 2
105300 5 3 2
105319 5 52 2
105417 5 61 2
105421 5 30 2
105460 5 55 2
105514 5 3 2
105535 5 48 2
105578 5 61 2
105625 5 41 2
105663 5 63 2
105715 5 48 2
105741 5 45 2
105797 5 42 2
105829 5 3 2
105841 5 63 2
105905 5 43 2
105914 5 30 2
105971 5 42 2
106010 5 27 2
106071 5 43 2
106087 5 61 2
106090 5 4 0
106093 5 56 2
106170 5 27 2
106225 5 62 2
106280 5 56 2
106281 5 48 2
106312 5 4 2
106381 5 0 0
106414 5 62 2
106417 5 63 2
106537 5 42 2
106638 5 43 2
106733 5 27 2
106860 5 56 2
106888 5 5 0
106897 5 7 1
106997 5 62 2
107071 5 5 2
107087 5 5 2
107096 5 7 2
107187 5 7 1
107291 5 7 1
107361 5 38 2
107427 5 7 2
107471 5 37 2
107479 5 7 1
107525 5 7 1
107529 5 7 2
107651 5 40 2
107663 5 6 0
107683 5 7 1
107757 5 7 2
107761 5 13 2
107794 5 7 2
107809 5 7 1
107871 5 33 2
107897 5 7 1
107961 5 7 2
107963 5 6 2
107981 5 58 2
108008 5 7 1
108076 5 7 1
108087 5 7 2
108091 5 53 2
108164 5 7 2
108201 5 7 1
108311 5 46 2
108334 5 7 1
108385 5 7 2
108421 5 12 2
108445 5 7 1
108463 5 7 2
108531 5 19 2
108539 5 7 0
108556 5 7 1
108589 5 7 2
108641 5 39 2
108715 5 7 2
108751 5 25 2
108761 5 7 1
108808 5 7 2
108832 5 7 2
108847 5 7 1
108861 5 16 2
108942 5 7 2
108949 5 7 1
108972 5 32 2
109066 5 7 1
109070 5 7 2
109081 5 17 2
109155 5 7 2
109191 5 36 2
109257 5 7 2
109302 5 8 2
109345 5 7 1
109376 5 7 2
109384 5 8 0
109521 5 52 2
109562 5 7 1
109603 5 7 2
109671 5 7 1
109719 5 8 2
109741 5 55 2
109767 5 0 0
109768 5 0 2
109832 5 7 2
109852 5 41 2
109869 5 7 1
109945 5 7 1
109950 5 7 2
109957 5 0 0
109958 5 0 2
110041 5 45 2
110079 5 7 1
110107 5 7 2
110151 5 3 2
110193 5 7 2
110213 5 7 1
110262 5 30 2
110295 5 9 0
110320 5 7 2
110350 5 7 1
110391 5 61 2
110473 5 7 2
110541 5 48 2
110578 5 9 2
110628 5 7 1
110659 5 7 2
110722 5 7 1
110801 5 63 2
110825 5 7 1
110898 5 7 2
110911 5 42 2
110919 5 7 1
111003 5 7 2
111021 5 43 2
111103 5 7 2
111106 5 7 1
111131 5 27 2
111154 5 10 0
111191 5 7 1
111197 5 7 2
111281 5 56 2
111391 5 62 2
111403 5 7 2
111435 5 10 2
111481 5 7 2
112011 5 11 0
112304 5 11 2
112880 5 12 0
113121 5 12 2
113697 5 13 0
113916 5 13 2
114287 5 2 2
114401 5 2 2
114492 5 14 0
114793 5 14 2
114826 5 2 2
115369 5 15 0
115628 5 15 2
116204 5 16 0
116458 5 16 2
117034 5 17 0
117336 5 17 2
117912 5 18 0
118195 5 18 2
118613 5 7 1
118771 5 19 0
118791 5 2 2
118841 5 7 2
119064 5 19 2
119640 5 20 0
119898 5 20 2
120474 5 21 0
120724 5 21 2
121300 5 22 0
121603 5 22 2
122179 5 23 0
122438 5 23 2
123014 5 24 0
123296 5 24 2
123872 5 25 0
124184 5 25 2
124760 5 26 0
125045 5 26 2
125621 5 27 0
125913 5 27 2
126489 5 28 0
126766 5 28 2
127342 5 29 0
127592 5 29 2
128168 5 30 0
128462 5 30 2
129038 5 31 0
129298 5 31 2
129874 5 32 0
130164 5 32 2
130740 5 33 0
131072 5 33 2
131648 5 34 0
131927 5 34 2
132503 5 35 0
132795 5 35 2
133371 5 36 0
133664 5 36 2
134240 5 37 0
134510 5 37 2
135086 5 38 0
135383 5 38 2
135959 5 39 0
136218 5 39 2
136794 5 40 0
136794 5 40 0
136892 5 40 2
137102 5 40 2
137678 5 41 0
138020 5 41 2
138596 5 42 0
138886 5 42 2
139462 5 43 0
139754 5 43 2
140330 5 44 0
140632 5 44 2
141208 5 45 0
141488 5 45 2
142064 5 46 0
142363 5 46 2
142939 5 47 0
143198 5 47 2
143774 5 48 0
144100 5 48 2
144676 5 49 0
145038 5 49 2
145614 5 50 0
145894 5 50 2
146470 5 51 0
146764 5 51 2
147340 5 52 0
147660 5 52 2
148236 5 53 0
148536 5 53 2
149112 5 54 0
149413 5 54 2
155509 5 8 0
155750 5 8 2
193262 5 14 0
193320 5 14 2
193636 5 29 0
193702 5 29 2
193742 5 30 0
193816 5 30 2
193860 5 17 0
193941 5 17 2
193997 5 18 0
194070 5 18 2
194118 5 19 0
194184 5 19 2
194220 5 21 0
194278 5 21 2
194310 5 22 0
194376 5 22 2
194532 5 4 0
194574 5 4 2
194602 5 18 0
194878 5 18 2
195050 5 61 0
195147 5 61 2
195219 5 54 0
195316 5 54 2
195348 5 55 0
195453 5 55 2
195681 5 40 0
195795 5 40 2
195823 5 49 0
195945 5 49 2
195957 5 51 0
196082 5 51 2
196102 5 37 0
196210 5 37 2
196214 5 20 0
196274 5 20 2
196290 5 3 0
196575 5 3 2
196667 5 21 0
196725 5 21 2
196733 5 56 0
196863 5 56 2
196883 5 57 0
197009 5 57 2
197097 5 58 0
197214 5 58 2
197294 5 59 0
197400 5 59 2
197424 5 63 0
197540 5 63 2
197624 5 33 0
197724 5 33 2
243059 5 7 1
243236 5 2 2
243285 5 7 2
254521 5 0 0
254522 5 4 0
257837 5 2 0
257838 5 7 1
258016 5 2 2
258065 5 7 2
264960 5 0 2
265091 5 0 2
265537 5 0 2
279517 5 2 0
279518 5 7 1
279696 5 2 2
279745 5 7 2
289771 5 7 1
289947 5 0 2
290013 5 7 2
300509 5 7 1
300686 5 2 2
300735 5 7 2
312273 5 7 1
312446 5 2 2
312495 5 7 2
352791 5 2 0
352792 5 7 1
352967 5 2 2
353017 5 7 2
367721 5 0 0
367722 5 0 2
367911 5 0 2
367912 5 0 0
368987 5 7 1
369166 5 2 2
369215 5 7 2
476696 5 7 1
476868 5 2 2
476917 5 7 2
525609 5 7 1
525788 5 2 2
525837 5 7 2
689855 5 2 0
689856 5 7 1
690034 5 2 2
690083 5 7 2
839414 5 2 0
839415 5 7 1
839586 5 2 2
839635 5 7 2
963387 5 2 0
963388 5 7 1
963560 5 2 2
963610 5 7 2
1015632 5 0 0
1015632 5 0 0
1017867 5 0 2
1017940 5 0 2
1017987 5 38 0
1017987 5 38 0
1019155 5 38 2
1020688 5 38 2
1020856 5 0 0
1020857 5 4 0
1020960 5 40 0
1020960 5 40 0
1021058 5 40 2
1021075 5 40 2
1022799 5 4 0
1022799 5 4 0
1022945 5 4 2
1023072 5 4 2
1023107 5 2 0
1023108 5 4 0
1023604 5 38 0
1023604 5 38 0
1023720 5 38 2
1023876 5 46 0
1023876 5 46 0
1023942 5 46 2
1023951 5 46 2
1023971 5 4 0
1023971 5 4 0
1023997 5 4 2
1024002 5 38 2
1024502 5 0 0
1024503 5 4 0
1024565 5 4 2
1024597 5 0 0
1024597 5 0 0
1024655 5 0 2
1024672 5 0 2
1025900 5 46 0
1025900 5 46 0
1025966 5 46 2
1025974 5 46 2
1026542 5 46 0
1026542 5 46 0
1026608 5 46 2
1026632 5 46 2
1027556 5 31 0
1027739 5 31 2
1027783 5 35 0
1028073 5 35 2
1028133 5 32 0
1028239 5 32 2
1028295 5 46 0
1028295 5 46 0
1028361 5 46 2
1028369 5 46 2
1028413 5 33 0
1028518 5 33 2
1028610 5 34 0
1028708 5 34 2
1028740 5 1 0
1029005 5 1 2
1029049 5 32 0
1029072 5 54 2
1029163 5 32 2
1029171 5 35 0
1029233 5 54 2
1029273 5 35 2
1029277 5 60 0
1029360 5 50 2
1029399 5 60 2
1029415 5 61 0
1029479 5 51 2
1029522 5 50 2
1029537 5 61 2
1029597 5 48 0
1029635 5 51 2
1029719 5 48 2
1029759 5 49 0
1029772 5 28 2
1029873 5 49 2
1029901 5 28 2
1029909 5 36 0
1029909 5 36 0
1029968 5 36 2
1030009 5 36 2
1030073 5 37 0
1030073 5 37 0
1030110 5 22 2
1030123 5 37 2
1030204 5 20 2
1030212 5 37 2
1030240 5 22 2
1030260 5 58 0
1030260 5 58 0
1030325 5 20 2
1030358 5 58 2
1030565 5 59 2
1030730 5 59 2
1030762 5 35 2
1030813 5 58 2
1030825 5 31 0
1030888 5 44 2
1030902 5 35 2
1031038 5 44 2
1031057 5 2 0
1031058 5 4 0
1031104 5 6 2
1031218 5 6 2
1031316 5 24 2
1031474 5 24 2
1031626 5 31 2
1031638 5 30 0
1031646 5 26 2
1031748 5 18 2
1031784 5 26 2
1031880 5 18 2
1032010 5 57 2
1032024 5 30 2
1032032 5 59 0
1032032 5 59 0
1032122 5 59 2
1032188 5 57 2
1032189 5 4 2
1032243 5 59 2
1032295 5 34 0
1032318 5 4 2
1032423 5 34 2
1032569 5 34 2
1032579 5 34 2
1032619 5 0 0
1032619 5 0 0
1032655 5 14 2
1032677 5 0 2
1032777 5 14 2
1032896 5 31 2
1033042 5 31 2
1033162 5 1 2
1033285 5 1 2
1033352 5 47 2
1033514 5 47 2
1033540 5 49 2
1033709 5 49 2
1033728 5 11 2
1033842 5 11 2
1034004 5 60 2
1034167 5 60 2
1034169 5 10 2
1034293 5 10 2
1034438 5 23 2
1034576 5 23 2
1034610 5 9 2
1034659 5 7 1
1034741 5 9 2
1034838 5 54 2
1034919 5 7 2
1034982 5 21 2
1034984 5 0 2
1034992 5 33 0
1035103 5 21 2
1035216 5 7 1
1035318 5 33 2
1035329 5 7 1
1035334 5 60 0
1035399 5 50 2
1035407 5 7 1
1035490 5 60 2
1035497 5 7 2
1035508 5 51 2
1035510 5 32 0
1035517 5 7 1
1035533 5 7 2
1035598 5 7 2
1035620 5 7 1
1035637 5 28 2
1035656 5 7 2
1035696 5 7 2
1035748 5 22 2
1035776 5 15 2
1035778 5 7 1
1035798 5 7 2
1035858 5 20 2
1035862 5 7 1
1035869 5 32 2
1035906 5 15 2
1035907 5 7 2
1035945 5 61 0
1035968 5 59 2
1035984 5 7 1
1035990 5 29 2
1036059 5 7 1
1036066 5 7 2
1036078 5 35 2
1036120 5 29 2
1036152 5 7 2
1036188 5 44 2
1036218 5 7 1
1036262 5 7 2
1036308 5 6 2
1036312 5 7 1
1036341 5 7 2
1036418 5 24 2
1036424 5 7 1
1036508 5 7 2
1036528 5 26 2
1036602 5 7 2
1036638 5 18 2
1036704 5 7 2
1036796 5 7 1
1036825 5 7 1
1036836 5 61 2
1036960 5 62 0
1036968 5 57 2
1036980 5 7 1
1037072 5 7 1
1037078 5 4 2
1037086 5 7 2
1037112 5 7 2
1037150 5 62 2
1037188 5 34 2
1037238 5 12 0
1037271 5 7 2
1037298 5 14 2
1037320 5 12 2
1037332 5 39 0
1037339 5 7 2
1037477 5 7 1
1037560 5 7 1
1037569 5 39 2
1037581 5 13 0
1037648 5 31 2
1037662 5 13 2
1037666 5 48 0
1037714 5 7 2
1037758 5 1 2
1037811 5 48 2
1037816 5 7 2
1037823 5 59 0
1037985 5 59 2
1038013 5 54 0
1038013 5 54 0
1038037 5 7 1
1038088 5 54 2
1038184 5 54 2
1038208 5 47 2
1038224 5 55 0
1038255 5 7 1
1038290 5 7 2
1038317 5 7 1
1038398 5 55 2
1038422 5 56 0
1038428 5 49 2
1038534 5 7 2
1038538 5 11 2
1038552 5 56 2
1038580 5 57 0
1038587 5 7 2
1038729 5 57 2
1038750 5 7 1
1038793 5 58 0
1038826 5 7 1
1038928 5 60 2
1038932 5 58 2
1038945 5 7 1
1038968 5 49 0
1039019 5 7 2
1039038 5 10 2
1039056 5 7 1
1039082 5 7 1
1039096 5 7 2
1039104 5 49 2
1039144 5 63 0
1039148 5 23 2
1039206 5 7 2
1039258 5 9 2
1039307 5 0 2
1039325 5 7 2
1039372 5 7 2
1039380 5 0 0
1039390 5 7 1
1039463 5 63 2
1039491 5 0 0
1039511 5 15 0
1039568 5 21 2
1039610 5 7 2
1039616 5 0 0
1039616 5 15 2
1039632 5 44 0
1039732 5 0 0
1039748 5 44 2
1039768 5 45 0
1039864 5 0 0
1039939 5 7 1
1039965 5 0 0
1039965 5 45 2
1040051 5 0 0
1040118 5 7 2
1040158 5 0 0
1040161 5 7 2
1040188 5 7 1
1040213 5 0 0
1040246 5 0 0
1040287 5 0 2
1040337 5 0 0
1040368 5 15 2
1040379 5 1 0
1040418 5 7 2
1040453 5 1 2
1040477 5 7 1
1040489 5 0 0
1040553 5 2 0
1040610 5 0 0
1040658 5 29 2
1040688 5 2 2
1040701 5 0 0
1040707 5 7 2
1040708 5 41 0
1040811 5 0 0
1040824 5 41 2
1040896 5 3 0
1040919 5 0 0
1041032 5 3 2
1041037 5 0 0
1041144 5 0 0
1041277 5 0 0
1041292 5 5 0
1041393 5 0 0
1041501 5 0 0
1041566 5 5 2
1041577 5 0 0
1041614 5 6 0
1041669 5 0 0
1041708 5 6 2
1041796 5 7 0
1041804 5 0 0
1041938 5 0 0
1042069 5 0 0
1042089 5 7 2
1042189 5 0 0
1042197 5 8 0
1042279 5 8 2
1042335 5 1 0
1042335 5 1 0
1042384 5 0 0
1042385 5 1 2
1042434 5 2 0
1042435 5 7 1
1042516 5 0 0
1042595 5 1 2
1042607 5 2 2
1042656 5 7 2
1042664 5 0 0
1042812 5 0 0
1042958 5 0 0
1043042 5 0 0
1043043 5 46 0
1043125 5 46 2
1043133 5 4 0
1043444 5 4 2
1043468 5 47 0
1043559 5 47 2
1043703 5 12 0
1043761 5 12 2
1043827 5 2 0
1044125 5 10 0
1044393 5 10 2
1044513 5 1 0
1044660 5 2 0
1044661 5 0 0
1044774 5 1 2
1045222 5 46 0
1045222 5 46 0
1045288 5 46 2
1045314 5 46 2
1045346 5 47 0
1045346 5 47 0
1045420 5 47 2
1045437 5 47 2
1045581 5 12 0
1045647 5 12 2
1046082 5 3 2
1046131 5 1 0
1046131 5 1 0
1046191 5 1 2
1046214 5 1 2
1046629 5 3 2
1046646 5 8 0
1046646 5 8 0
1046712 5 8 2
1046730 5 8 2
1046746 5 46 0
1046768 5 3 2
1046869 5 46 2
1046901 5 47 0
1046901 5 47 0
1046970 5 3 2
1046984 5 2 0
1047033 5 47 2
1047045 5 47 2
1047177 5 12 0
1047177 5 12 0
1047212 5 12 2
1047259 5 12 2
1047523 5 3 2
1047743 5 1 0
1047743 5 1 0
1047793 5 1 2
1047826 5 1 2
1048069 5 3 2
1048208 5 3 2
1048274 5 46 0
1048274 5 46 0
1048340 5 46 2
1048397 5 46 2
1048411 5 3 2
1048429 5 47 0
1048559 5 47 2
1048703 5 12 0
1048785 5 12 2
1048962 5 3 2
1049269 5 1 0
1049269 5 1 0
1049319 5 1 2
1049352 5 1 2
1049508 5 3 2
1049566 5 2 0
1049646 5 3 2
1049800 5 46 0
1049800 5 46 0
1049848 5 3 2
1049867 5 46 2
1049924 5 46 2
1049956 5 47 0
1049956 5 47 0
1050030 5 47 2
1050087 5 47 2
1050128 5 2 0
1050231 5 12 0
1050231 5 12 0
1050265 5 12 2
1050315 5 12 2
1050799 5 1 0
1050799 5 1 0
1050850 5 1 2
1050881 5 1 2
1050988 5 3 2
1051128 5 3 2
1051329 5 46 0
1051329 5 46 0
1051331 5 3 2
1051395 5 46 2
1051452 5 46 2
1051484 5 47 0
1051484 5 47 0
1051558 5 47 2
1051617 5 47 2
1051761 5 12 0
1051761 5 12 0
1051795 5 12 2
1051844 5 12 2
1052328 5 1 0
1052328 5 1 0
1052378 5 1 2
1052411 5 1 2
1052859 5 46 0
1052859 5 46 0
1052925 5 46 2
1052981 5 46 2
1053013 5 47 0
1053013 5 47 0
1053087 5 47 2
1053144 5 47 2
1053288 5 12 0
1053288 5 12 0
1053322 5 12 2
1053371 5 12 2
1053855 5 1 0
1053855 5 1 0
1053906 5 1 2
1053940 5 1 2
1054388 5 46 0
1054388 5 46 0
1054454 5 46 2
1054511 5 46 2
1054543 5 47 0
1054543 5 47 0
1054617 5 47 2
1054676 5 47 2
1054820 5 12 0
1054820 5 12 0
1054854 5 12 2
1054903 5 12 2
1055254 5 2 0
1055387 5 1 0
1055387 5 1 0
1055467 5 1 2
1055470 5 1 2
1055918 5 46 0
1055918 5 46 0
1056043 5 46 2
1056054 5 46 2
1056075 5 47 0
1056075 5 47 0
1056201 5 47 2
1056206 5 47 2
1056350 5 12 0
1056350 5 12 0
1056385 5 12 2
1056434 5 12 2
1056918 5 1 0
1056918 5 1 0
1056969 5 1 2
1057000 5 1 2
1057448 5 46 0
1057448 5 46 0
1057514 5 46 2
1057571 5 46 2
1057603 5 47 0
1057603 5 47 0
1057678 5 47 2
1057735 5 47 2
1057879 5 12 0
1057879 5 12 0
1057913 5 12 2
1057962 5 12 2
1058197 5 2 0
1058446 5 1 0
1058446 5 1 0
1058496 5 1 2
1058529 5 1 2
1058961 5 9 0
1059043 5 9 2
1059059 5 46 0
1059059 5 46 0
1059125 5 46 2
1059182 5 46 2
1059214 5 47 0
1059214 5 47 0
1059288 5 47 2
1059344 5 47 2
1059488 5 12 0
1059488 5 12 0
1059522 5 12 2
1059571 5 12 2
1060055 5 1 0
1060055 5 1 0
1060105 5 1 2
1060138 5 1 2
1060174 5 2 0
1060586 5 46 0
1060586 5 46 0
1060647 5 2 0
1060652 5 46 2
1060709 5 46 2
1060741 5 47 0
1060741 5 47 0
1060815 5 47 2
1060872 5 47 2
1061016 5 12 0
1061016 5 12 0
1061050 5 12 2
1061099 5 12 2
1061583 5 1 0
1061583 5 1 0
1061633 5 1 2
1061666 5 1 2
1062114 5 46 0
1062114 5 46 0
1062183 5 46 2
1062240 5 46 2
1062272 5 47 0
1062272 5 47 0
1062346 5 47 2
1062403 5 47 2
1062547 5 12 0
1062547 5 12 0
1062581 5 12 2
1062630 5 12 2
1063114 5 1 0
1063114 5 1 0
1063164 5 1 2
1063197 5 1 2
1063645 5 46 0
1063645 5 46 0
1063711 5 46 2
1063768 5 46 2
1063790 5 2 0
1063800 5 47 0
1063800 5 47 0
1063874 5 47 2
1063931 5 47 2
1064075 5 12 0
1064075 5 12 0
1064109 5 12 2
1064158 5 12 2
1064642 5 1 0
1064642 5 1 0
1064692 5 1 2
1064725 5 1 2
1065173 5 46 0
1065173 5 46 0
1065239 5 46 2
1065296 5 46 2
1065328 5 47 0
1065328 5 47 0
1065402 5 47 2
1065461 5 47 2
1065605 5 12 0
1065605 5 12 0
1065639 5 12 2
1065688 5 12 2
1066172 5 1 0
1066172 5 1 0
1066222 5 1 2
1066260 5 1 2
1066708 5 46 0
1066708 5 46 0
1066774 5 46 2
1066834 5 46 2
1066866 5 47 0
1066866 5 47 0
1066940 5 47 2
1066997 5 47 2
1067141 5 12 0
1067141 5 12 0
1067175 5 12 2
1067224 5 12 2
1067708 5 1 0
1067708 5 1 0
1067758 5 1 2
1067791 5 1 2
1068239 5 46 0
1068239 5 46 0
1068305 5 46 2
1068362 5 46 2
1068394 5 47 0
1068394 5 47 0
1068468 5 47 2
1068525 5 47 2
1068669 5 12 0
1068669 5 12 0
1068703 5 12 2
1068752 5 12 2
1069021 5 2 0
1069236 5 1 0
1069236 5 1 0
1069286 5 1 2
1069319 5 1 2
1069767 5 46 0
1069767 5 46 0
1069833 5 46 2
1069891 5 46 2
1069923 5 47 0
1069923 5 47 0
1069998 5 47 2
1070055 5 47 2
1070199 5 12 0
1070199 5 12 0
1070233 5 12 2
1070283 5 12 2
1070534 5 2 0
1070767 5 1 0
1070767 5 1 0
1070817 5 1 2
1070850 5 1 2
1071282 5 10 0
1071367 5 10 2
1071383 5 46 0
1071383 5 46 0
1071449 5 46 2
1071506 5 46 2
1071538 5 47 0
1071538 5 47 0
1071614 5 47 2
1071671 5 47 2
1071815 5 12 0
1071815 5 12 0
1071854 5 12 2
1071896 5 12 2
1072271 5 2 0
1072380 5 1 0
1072380 5 1 0
1072430 5 1 2
1072463 5 1 2
1072911 5 46 0
1072911 5 46 0
1072977 5 46 2
1073034 5 46 2
1073066 5 47 0
1073066 5 47 0
1073140 5 47 2
1073197 5 47 2
1073341 5 12 0
1073341 5 12 0
1073376 5 12 2
1073425 5 12 2
1073909 5 1 0
1073909 5 1 0
1073959 5 1 2
1073992 5 1 2
1074440 5 46 0
1074440 5 46 0
1074506 5 46 2
1074552 5 2 0
1074567 5 46 2
1074599 5 47 0
1074599 5 47 0
1074673 5 47 2
1074730 5 47 2
1074874 5 12 0
1074874 5 12 0
1074909 5 12 2
1074956 5 12 2
1075440 5 1 0
1075440 5 1 0
1075490 5 1 2
1075523 5 1 2
1075971 5 46 0
1075971 5 46 0
1076037 5 46 2
1076094 5 46 2
1076126 5 47 0
1076126 5 47 0
1076200 5 47 2
1076257 5 47 2
1076401 5 12 0
1076401 5 12 0
1076435 5 12 2
1076484 5 12 2
1076782 5 2 0
1076968 5 1 0
1076968 5 1 0
1077018 5 1 2
1077051 5 1 2
1077499 5 46 0
1077499 5 46 0
1077565 5 46 2
1077622 5 46 2
1077654 5 47 0
1077654 5 47 0
1077728 5 47 2
1077785 5 47 2
1077929 5 12 0
1077929 5 12 0
1077964 5 12 2
1078011 5 12 2
1078495 5 1 0
1078495 5 1 0
1078545 5 1 2
1078578 5 1 2
1078737 5 2 0
1079026 5 46 0
1079026 5 46 0
1079092 5 46 2
1079149 5 46 2
1079181 5 47 0
1079181 5 47 0
1079255 5 47 2
1079312 5 47 2
1079456 5 12 0
1079456 5 12 0
1079492 5 12 2
1079541 5 12 2
1080025 5 1 0
1080025 5 1 0
1080049 5 2 0
1080083 5 1 2
1080116 5 1 2
1080169 5 2 0
1080564 5 46 0
1080564 5 46 0
1080633 5 46 2
1080690 5 46 2
1080722 5 47 0
1080722 5 47 0
1080796 5 47 2
1080853 5 47 2
1080997 5 12 0
1080997 5 12 0
1081034 5 12 2
1081081 5 12 2
1081227 5 2 0
1081565 5 1 0
1081565 5 1 0
1081615 5 1 2
1081647 5 1 2
1082095 5 46 0
1082095 5 46 0
1082161 5 46 2
1082184 5 2 0
1082221 5 46 2
1082253 5 47 0
1082253 5 47 0
1082327 5 47 2
1082384 5 47 2
1082528 5 12 0
1082528 5 12 0
1082562 5 12 2
1082611 5 12 2
1083089 5 2 0
1083095 5 1 0
1083095 5 1 0
1083145 5 1 2
1083178 5 1 2
1083610 5 11 0
1083610 5 11 0
1083652 5 11 2
1083692 5 11 2
1083708 5 46 0
1083708 5 46 0
1083831 5 46 2
1083846 5 46 2
1083863 5 47 0
1083863 5 47 0
1083994 5 47 2
1084007 5 47 2
1084138 5 12 0
1084138 5 12 0
1084172 5 12 2
1084221 5 12 2
1084705 5 1 0
1084705 5 1 0
1084755 5 1 2
1084788 5 1 2
1085236 5 46 0
1085236 5 46 0
1085302 5 46 2
1085359 5 46 2
1085391 5 47 0
1085391 5 47 0
1085465 5 47 2
1085522 5 47 2
1085666 5 12 0
1085666 5 12 0
1085700 5 12 2
1085749 5 12 2
1086233 5 1 0
1086233 5 1 0
1086283 5 1 2
1086315 5 1 2
1086763 5 46 0
1086763 5 46 0
1086829 5 46 2
1086886 5 46 2
1086918 5 47 0
1086918 5 47 0
1086994 5 47 2
1087049 5 47 2
1087193 5 12 0
1087193 5 12 0
1087227 5 12 2
1087276 5 12 2
1087760 5 1 0
1087760 5 1 0
1087810 5 1 2
1087843 5 1 2
1088291 5 46 0
1088291 5 46 0
1088359 5 46 2
1088416 5 46 2
1088448 5 47 0
1088448 5 47 0
1088522 5 47 2
1088579 5 47 2
1088643 5 2 0
1088723 5 12 0
1088723 5 12 0
1088757 5 12 2
1088806 5 12 2
1089290 5 1 0
1089290 5 1 0
1089340 5 1 2
1089373 5 1 2
1089821 5 46 0
1089821 5 46 0
1089887 5 46 2
1089945 5 46 2
1089977 5 47 0
1089977 5 47 0
1090052 5 47 2
1090107 5 47 2
1090251 5 12 0
1090251 5 12 0
1090285 5 12 2
1090293 5 12 2
1090672 5 3 2
1090777 5 1 0
1090777 5 1 0
1090827 5 1 2
1090860 5 1 2
1090962 5 2 0
1091308 5 46 0
1091308 5 46 0
1091374 5 46 2
1091431 5 46 2
1091463 5 47 0
1091463 5 47 0
1091537 5 47 2
1091594 5 47 2
1091738 5 12 0
1091738 5 12 0
1091772 5 12 2
1091821 5 12 2
1092305 5 1 0
1092305 5 1 0
1092355 5 1 2
1092388 5 1 2
1092836 5 46 0
1092836 5 46 0
1092861 5 2 0
1092883 5 2 2
1092902 5 46 2
1092959 5 46 2
1092991 5 47 0
1092991 5 47 0
1093066 5 47 2
1093121 5 47 2
1093265 5 12 0
1093265 5 12 0
1093299 5 12 2
1093306 5 12 2
1093644 5 3 2
1093790 5 1 0
1093790 5 1 0
1093840 5 1 2
1093873 5 1 2
1094321 5 46 0
1094321 5 46 0
1094387 5 46 2
1094444 5 46 2
1094476 5 47 0
1094476 5 47 0
1094550 5 47 2
1094607 5 47 2
1094751 5 12 0
1094751 5 12 0
1094785 5 12 2
1094834 5 12 2
1095280 5 2 0
1095318 5 1 0
1095318 5 1 0
1095368 5 1 2
1095401 5 1 2
1095696 5 2 2
1095748 5 0 2
1095833 5 12 0
1095833 5 12 0
1095868 5 12 2
1095933 5 12 2
1095949 5 46 0
1095949 5 46 0
1096016 5 46 2
1096071 5 46 2
1096103 5 47 0
1096103 5 47 0
1096177 5 47 2
1096233 5 47 2
1096377 5 12 0
1096377 5 12 0
1096411 5 12 2
1096420 5 12 2
1096623 5 3 2
1096904 5 1 0
1096904 5 1 0
1096954 5 1 2
1097002 5 1 2
1097174 5 3 2
1097450 5 46 0
1097450 5 46 0
1097516 5 46 2
1097594 5 46 2
1097626 5 47 0
1097626 5 47 0
1097700 5 47 2
1097720 5 3 2
1097748 5 47 2
1097859 5 3 2
1097892 5 12 0
1097892 5 12 0
1097926 5 12 2
1097934 5 12 2
1098062 5 3 2
1098418 5 1 0
1098418 5 1 0
1098468 5 1 2
1098476 5 1 2
1098613 5 3 2
1098625 5 2 2
1098924 5 46 0
1098924 5 46 0
1098991 5 46 2
1099030 5 46 2
1099062 5 47 0
1099062 5 47 0
1099101 5 2 0
1099136 5 47 2
1099160 5 3 2
1099176 5 2 2
1099186 5 47 2
1099300 5 3 2
1099330 5 12 0
1099330 5 12 0
1099364 5 12 2
1099372 5 12 2
1099503 5 3 2
1099730 5 2 2
1099856 5 1 0
1099856 5 1 0
1099877 5 2 2
1099906 5 1 2
1099914 5 1 2
1100055 5 3 2
1100088 5 2 2
1100362 5 46 0
1100362 5 46 0
1100428 5 46 2
1100456 5 46 2
1100488 5 47 0
1100488 5 47 0
1100562 5 47 2
1100605 5 3 2
1100614 5 47 2
1100640 5 2 2
1100744 5 3 2
1100758 5 12 0
1100758 5 12 0
1100792 5 12 2
1100800 5 12 2
1100947 5 3 2
1101195 5 2 2
1101284 5 1 0
1101284 5 1 0
1101334 5 1 2
1101342 5 2 2
1101343 5 1 2
1101499 5 3 2
1101552 5 2 2
1101791 5 46 0
1101791 5 46 0
1101858 5 46 2
1101912 5 46 2
1101944 5 47 0
1101944 5 47 0
1102018 5 47 2
1102074 5 47 2
1102103 5 2 2
1102218 5 12 0
1102218 5 12 0
1102236 5 0 2
1102252 5 12 2
1102265 5 12 2
1102467 5 3 2
1102658 5 2 2
1102749 5 1 0
1102749 5 1 0
1102799 5 1 2
1102805 5 2 2
1102807 5 0 2
1102838 5 1 2
1102974 5 0 2
1103018 5 2 2
1103019 5 3 2
1103201 5 0 2
1103286 5 46 0
1103286 5 46 0
1103352 5 46 2
1103440 5 46 2
1103472 5 47 0
1103472 5 47 0
1103546 5 47 2
1103568 5 2 2
1103570 5 3 2
1103594 5 47 2
1103711 5 3 2
1103738 5 12 0
1103738 5 12 0
1103760 5 0 2
1103773 5 12 2
1103780 5 12 2
1103914 5 3 2
1104264 5 1 0
1104264 5 1 0
1104314 5 1 2
1104322 5 1 2
1104331 5 0 2
1104465 5 3 2
1104466 5 2 2
1104494 5 0 2
1104770 5 46 0
1104770 5 46 0
1104837 5 46 2
1104863 5 46 2
1104895 5 47 0
1104895 5 47 0
1104969 5 47 2
1105015 5 3 2
1105018 5 47 2
1105020 5 2 2
1105154 5 3 2
1105162 5 12 0
1105162 5 12 0
1105196 5 12 2
1105203 5 12 2
1105264 5 0 2
1105360 5 3 2
1105574 5 2 2
1105687 5 1 0
1105687 5 1 0
1105721 5 2 2
1105737 5 1 2
1105745 5 1 2
1105835 5 0 2
1105911 5 3 2
1105932 5 2 2
1105997 5 0 2
1106193 5 46 0
1106193 5 46 0
1106225 5 0 2
1106259 5 46 2
1106286 5 46 2
1106318 5 47 0
1106318 5 47 0
1106392 5 47 2
1106440 5 47 2
1106457 5 3 2
1106483 5 2 2
1106584 5 12 0
1106584 5 12 0
1106596 5 3 2
1106619 5 12 2
1106627 5 12 2
1106784 5 0 2
1106799 5 3 2
1107037 5 2 2
1107111 5 1 0
1107111 5 1 0
1107161 5 1 2
1107169 5 1 2
1107184 5 2 2
1107350 5 3 2
1107395 5 2 2
1107601 5 13 0
1107691 5 13 2
1107707 5 46 0
1107707 5 46 0
1107773 5 46 2
1107781 5 46 2
1107813 5 47 0
1107813 5 47 0
1107887 5 47 2
1107895 5 47 2
1107947 5 2 2
1108003 5 3 2
1108039 5 12 0
1108039 5 12 0
1108073 5 12 2
1108081 5 12 2
1108142 5 3 2
1108269 5 0 2
1108345 5 3 2
1108502 5 2 2
1108565 5 1 0
1108565 5 1 0
1108615 5 1 2
1108623 5 1 2
1108649 5 2 2
1108840 5 0 2
1108860 5 2 2
1108896 5 3 2
1109004 5 0 2
1109071 5 46 0
1109071 5 46 0
1109137 5 46 2
1109165 5 46 2
1109197 5 47 0
1109197 5 47 0
1109231 5 0 2
1109271 5 47 2
1109319 5 47 2
1109400 5 2 0
1109411 5 2 2
1109443 5 3 2
1109463 5 12 0
1109463 5 12 0
1109497 5 12 2
1109506 5 12 2
1109584 5 3 2
1109787 5 3 2
1109790 5 0 2
1109990 5 1 0
1109990 5 1 0
1110040 5 1 2
1110047 5 1 2
1110085 5 2 2
1110232 5 2 2
1110338 5 3 2
1110361 5 0 2
1110443 5 2 2
1110495 5 46 0
1110495 5 46 0
1110524 5 0 2
1110562 5 46 2
1110589 5 46 2
1110621 5 47 0
1110621 5 47 0
1110696 5 47 2
1110745 5 47 2
1110886 5 3 2
1110889 5 12 0
1110889 5 12 0
1110924 5 12 2
1110934 5 12 2
1110993 5 2 2
1111031 5 3 2
1111235 5 3 2
1111295 5 0 2
1111418 5 1 0
1111418 5 1 0
1111468 5 1 2
1111475 5 1 2
1111548 5 2 2
1111695 5 2 2
1111786 5 3 2
1111868 5 0 2
1111907 5 2 2
1111923 5 46 0
1111923 5 46 0
1112002 5 46 2
1112029 5 46 2
1112031 5 0 2
1112061 5 47 0
1112061 5 47 0
1112165 5 47 2
1112183 5 47 2
1112258 5 0 2
1112327 5 12 0
1112327 5 12 0
1112333 5 3 2
1112361 5 12 2
1112369 5 12 2
1112458 5 2 2
1112474 5 3 2
1112677 5 3 2
1112819 5 0 2
1112853 5 1 0
1112853 5 1 0
1112903 5 1 2
1112911 5 1 2
1113015 5 2 2
1113045 5 2 0
1113162 5 2 2
1113228 5 3 2
1113359 5 46 0
1113359 5 46 0
1113373 5 2 2
1113425 5 46 2
1113482 5 46 2
1113514 5 47 0
1113514 5 47 0
1113588 5 47 2
1113645 5 47 2
1113789 5 12 0
1113789 5 12 0
1113823 5 12 2
1113872 5 12 2
1113924 5 2 2
1114356 5 1 0
1114356 5 1 0
1114406 5 1 2
1114425 5 1 2
1114480 5 2 2
1114627 5 2 2
1114633 5 3 2
1114838 5 2 2
1114873 5 46 0
1114873 5 46 0
1114939 5 46 2
1115017 5 46 2
1115049 5 47 0
1115049 5 47 0
1115123 5 47 2
1115172 5 47 2
1115182 5 3 2
1115316 5 12 0
1115316 5 12 0
1115321 5 3 2
1115351 5 12 2
1115359 5 12 2
1115389 5 2 2
1115523 5 3 2
1115843 5 1 0
1115843 5 1 0
1115893 5 1 2
1115901 5 1 2
1116074 5 3 2
1116104 5 2 0
1116198 5 2 0
1116299 5 2 0
1116349 5 46 0
1116349 5 46 0
1116415 5 46 2
1116452 5 46 2
1116484 5 47 0
1116484 5 47 0
1116558 5 47 2
1116610 5 47 2
1116621 5 3 2
1116754 5 12 0
1116754 5 12 0
1116760 5 3 2
1116788 5 12 2
1116801 5 12 2
1116817 5 2 2
1116963 5 3 2
1117285 5 1 0
1117285 5 1 0
1117335 5 1 2
1117342 5 1 2
1117373 5 2 2
1117514 5 3 2
1117521 5 2 2
1117732 5 2 2
1117790 5 46 0
1117790 5 46 0
1117856 5 46 2
1117873 5 46 2
1117905 5 47 0
1117905 5 47 0
1117979 5 47 2
1118036 5 47 2
1118061 5 3 2
1118180 5 12 0
1118180 5 12 0
1118200 5 3 2
1118214 5 12 2
1118222 5 12 2
1118283 5 2 2
1118402 5 3 2
1118706 5 1 0
1118706 5 1 0
1118756 5 1 2
1118766 5 1 2
1118838 5 2 2
1118953 5 3 2
1118985 5 2 2
1119196 5 2 2
1119198 5 14 0
1119315 5 14 2
1119331 5 46 0
1119331 5 46 0
1119397 5 46 2
1119404 5 46 2
1119436 5 47 0
1119436 5 47 0
1119510 5 47 2
1119518 5 47 2
1119614 5 3 2
1119662 5 12 0
1119662 5 12 0
1119696 5 12 2
1119704 5 12 2
1119747 5 2 2
1119753 5 3 2
1119958 5 3 2
1120188 5 1 0
1120188 5 1 0
1120238 5 1 2
1120246 5 1 2
1120302 5 2 2
1120448 5 2 2
1120508 5 3 2
1120659 5 2 2
1120694 5 46 0
1120694 5 46 0
1120760 5 46 2
1120769 5 46 2
1120801 5 47 0
1120801 5 47 0
1120875 5 47 2
1120882 5 47 2
1121026 5 12 0
1121026 5 12 0
1121055 5 3 2
1121060 5 12 2
1121068 5 12 2
1121194 5 3 2
1121210 5 2 2
1121398 5 3 2
1121552 5 1 0
1121552 5 1 0
1121603 5 1 2
1121612 5 1 2
1121888 5 2 2
1121891 5 54 2
1121949 5 3 2
1122024 5 54 2
1122035 5 2 2
1122060 5 46 0
1122060 5 46 0
1122126 5 46 2
1122153 5 46 2
1122185 5 47 0
1122185 5 47 0
1122245 5 2 2
1122259 5 47 2
1122307 5 47 2
1122451 5 12 0
1122451 5 12 0
1122485 5 12 2
1122493 5 12 2
1122497 5 3 2
1122635 5 3 2
1122796 5 2 2
1122839 5 3 2
1122977 5 1 0
1122977 5 1 0
1123027 5 1 2
1123034 5 1 2
1123353 5 2 2
1123389 5 3 2
1123482 5 46 0
1123482 5 46 0
1123500 5 2 2
1123548 5 46 2
1123605 5 46 2
1123637 5 47 0
1123637 5 47 0
1123711 5 47 2
1123713 5 2 2
1123738 5 47 2
1123882 5 12 0
1123882 5 12 0
1123916 5 12 2
1123924 5 12 2
1123986 5 59 2
1124067 5 3 2
1124266 5 2 2
1124408 5 1 0
1124408 5 1 0
1124460 5 1 2
1124465 5 1 2
1124803 5 3 2
1124821 5 2 2
1124845 5 57 2
1124913 5 46 0
1124913 5 46 0
1124968 5 2 2
1124979 5 46 2
1124999 5 57 2
1125020 5 46 2
1125052 5 47 0
1125052 5 47 0
1125126 5 47 2
1125164 5 47 2
1125179 5 2 2
1125308 5 12 0
1125308 5 12 0
1125342 5 12 2
1125350 5 12 2
1125351 5 3 2
1125382 5 57 2
1125490 5 3 2
1125694 5 3 2
1125731 5 2 2
1125834 5 1 0
1125834 5 1 0
1125884 5 1 2
1125892 5 1 2
1126237 5 60 2
1126244 5 3 2
1126340 5 46 0
1126340 5 46 0
1126370 5 60 2
1126406 5 46 2
1126427 5 2 2
1126444 5 46 2
1126476 5 47 0
1126476 5 47 0
1126550 5 47 2
1126617 5 47 2
1126761 5 12 0
1126761 5 12 0
1126792 5 3 2
1126795 5 60 2
1126796 5 12 2
1126804 5 12 2
1126933 5 3 2
1127135 5 3 2
1127174 5 2 2
1127288 5 1 0
1127288 5 1 0
1127338 5 1 2
1127348 5 1 2
1127686 5 3 2
1127730 5 2 2
1127796 5 46 0
1127796 5 46 0
1127862 5 46 2
1127876 5 2 2
1127899 5 46 2
1127931 5 47 0
1127931 5 47 0
1128006 5 47 2
1128063 5 47 2
1128088 5 2 2
1128140 5 2 0
1128207 5 12 0
1128207 5 12 0
1128233 5 3 2
1128241 5 12 2
1128290 5 12 2
1128373 5 3 2
1128638 5 2 2
1128774 5 1 0
1128774 5 1 0
1128824 5 1 2
1128858 5 1 2
1129193 5 2 2
1129306 5 46 0
1129306 5 46 0
1129341 5 2 2
1129372 5 46 2
1129429 5 46 2
1129461 5 47 0
1129461 5 47 0
1129535 5 47 2
1129552 5 2 2
1129592 5 47 2
1129736 5 12 0
1129736 5 12 0
1129770 5 12 2
1129818 5 12 2
1130103 5 2 2
1130206 5 1 0
1130206 5 1 0
1130258 5 1 2
1130288 5 1 2
1130333 5 0 0
1130471 5 0 0
1130622 5 0 0
1130659 5 2 2
1130736 5 46 0
1130736 5 46 0
1130756 5 0 0
1130803 5 46 2
1130805 5 2 2
1130866 5 46 2
1130898 5 47 0
1130898 5 47 0
1130921 5 0 0
1130972 5 47 2
1131029 5 47 2
1131173 5 12 0
1131173 5 12 0
1131207 5 12 2
1131256 5 12 2
1131474 5 0 0
1131740 5 1 0
1131740 5 1 0
1131771 5 0 0
1131791 5 1 2
1131824 5 1 2
1131909 5 0 0
1132031 5 0 0
1132272 5 46 0
1132272 5 46 0
1132343 5 46 2
1132396 5 46 2
1132428 5 47 0
1132428 5 47 0
1132503 5 47 2
1132560 5 47 2
1132704 5 12 0
1132704 5 12 0
1132739 5 12 2
1132780 5 12 2
1132787 5 0 0
1132931 5 0 0
1133037 5 0 0
1133144 5 0 0
1133264 5 1 0
1133264 5 1 0
1133315 5 1 2
1133346 5 1 2
1133631 5 0 0
1133771 5 0 0
1133794 5 46 0
1133794 5 46 0
1133846 5 0 0
1133860 5 46 2
1133917 5 46 2
1133949 5 47 0
1133949 5 47 0
1133960 5 0 0
1134023 5 47 2
1134080 5 47 2
1134224 5 5 0
1134233 5 2 0
1134264 5 0 0
1134286 5 5 2
1134294 5 61 0
1134294 5 61 0
1134368 5 61 2
1134385 5 0 0
1134409 5 61 2
1134417 5 29 0
1134471 5 2 0
1134676 5 29 2
1134692 5 62 0
1134692 5 62 0
1134747 5 0 0
1134774 5 62 2
1134817 5 62 2
1134883 5 0 0
1135010 5 0 0
1135093 5 63 0
1135093 5 63 0
1135183 5 63 2
1135201 5 0 0
1135224 5 63 2
1135338 5 0 0
1135429 5 0 0
1135543 5 0 0
1135630 5 0 0
1135648 5 12 0
1135648 5 12 0
1135682 5 12 2
1135711 5 12 2
1135913 5 3 2
1136009 5 2 2
1136027 5 1 0
1136089 5 2 0
1136112 5 1 2
1136194 5 3 2
1136236 5 11 0
1136318 5 11 2
1136341 5 2 2
1136415 5 0 0
1136444 5 2 2
1136446 5 1 0
1136554 5 1 2
1136636 5 2 2
1136638 5 1 0
1136638 5 1 0
1136676 5 0 0
1136688 5 1 2
1136696 5 1 2
1136753 5 3 2
1136804 5 0 0
1136812 5 0 2
1137144 5 46 0
1137144 5 46 0
1137210 5 46 2
1137218 5 46 2
1137250 5 47 0
1137250 5 47 0
1137272 5 3 2
1137325 5 47 2
1137333 5 47 2
1137477 5 12 0
1137477 5 12 0
1137511 5 12 2
1137521 5 12 2
1137653 5 1 0
1137718 5 1 2
1137769 5 3 2
1137803 5 1 2
1138070 5 1 0
1138127 5 1 2
1138554 5 1 2
1138575 5 46 0
1138575 5 46 0
1138641 5 46 2
1138648 5 46 2
1138680 5 47 0
1138680 5 47 0
1138754 5 47 2
1138812 5 47 2
1138956 5 12 0
1138956 5 12 0
1138990 5 12 2
1138998 5 12 2
1139117 5 1 2
1139273 5 1 2
1139474 5 9 0
1139491 5 1 2
1139564 5 9 2
1139688 5 55 0
1139803 5 55 2
1139807 5 1 0
1139807 5 1 0
1139857 5 1 2
1139892 5 1 2
1139916 5 56 0
1140046 5 56 2
1140086 5 45 0
1140176 5 45 2
1140232 5 46 0
1140330 5 46 2
1140406 5 63 0
1140656 5 63 2
1140664 5 47 0
1140770 5 47 2
1140874 5 62 0
1140874 5 62 0
1140956 5 62 2
1140981 5 62 2
1141277 5 3 0
1141471 5 1 2
1141823 5 59 2
1142188 5 3 2
1142196 5 19 0
1142245 5 8 2
1142264 5 19 2
1142268 5 3 0
1142687 5 2 0
1143460 5 3 2
1143495 5 2 2
1143496 5 3 0
1143623 5 60 2
1143848 5 3 2
1144304 5 3 0
1144304 5 55 2
1144468 5 2 0
1144976 5 59 2
1145143 5 3 2
1145198 5 36 2
1145281 5 12 2
1145341 5 55 2
1145460 5 48 2
1145467 5 3 0
1145538 5 59 2
1145680 5 3 2
1145697 5 59 2
1145735 5 42 2
1145834 5 16 2
1145927 5 43 2
1145932 5 3 0
1145948 5 59 2
1146567 5 57 2
1146765 5 60 2
1146791 5 54 2
1147323 5 60 2
1147470 5 60 2
1147475 5 2 0
1147602 5 2 0
1147713 5 60 2
1148466 5 3 2
1149835 5 57 2
1150034 5 54 2
1150046 5 58 2
1150050 5 3 0
1150415 5 57 2
1150573 5 54 2
1150587 5 57 2
1150735 5 54 2
1150854 5 57 2
1150981 5 54 2
1151553 5 51 2
1151816 5 3 2
1152390 5 2 0
1153063 5 50 2
1153925 5 2 0
1154684 5 51 2
1155239 5 51 2
1155386 5 51 2
1155629 5 51 2
1156244 5 50 2
1156808 5 50 2
1156963 5 50 2
1157214 5 50 2
1159341 5 49 2
1160229 5 2 0
1160831 5 47 2
1161594 5 2 0
1161922 5 44 2
1162639 5 49 2
1162711 5 2 0
1163211 5 49 2
1163373 5 49 2
1163632 5 49 2
1163952 5 47 2
1164491 5 47 2
1164614 5 47 2
1164856 5 47 2
1164979 5 44 2
1165518 5 44 2
1165649 5 44 2
1165876 5 44 2
1174962 5 35 2
1175784 5 2 0
1178001 5 35 2
1178548 5 35 2
1178687 5 35 2
1178695 5 34 2
1178914 5 35 2
1179541 5 2 0
1181784 5 34 2
1182339 5 34 2
1182486 5 34 2
1182559 5 31 2
1182721 5 34 2
1182917 5 28 2
1183341 5 2 0
1183722 5 2 0
1185656 5 31 2
1185938 5 28 2
1186194 5 31 2
1186316 5 31 2
1186477 5 28 2
1186543 5 31 2
1186610 5 28 2
1186821 5 28 2
1187123 5 29 2
1187914 5 2 0
1188958 5 26 2
1189811 5 2 0
1190122 5 29 2
1190652 5 29 2
1190775 5 29 2
1190986 5 29 2
1192036 5 26 2
1192590 5 26 2
1192737 5 26 2
1192964 5 26 2
1193564 5 24 2
1193668 5 22 2
1193759 5 20 2
1194469 5 2 0
1194569 5 2 0
1194652 5 2 0
1194919 5 23 2
1195710 5 2 0
1196772 5 24 2
1196969 5 22 2
1197061 5 20 2
1197343 5 24 2
1197499 5 22 2
1197508 5 24 2
1197599 5 20 2
1197642 5 22 2
1197740 5 20 2
1197751 5 24 2
1197853 5 22 2
1197943 5 20 2
1197992 5 23 2
1198330 5 21 2
1198531 5 23 2
1198654 5 23 2
1198874 5 23 2
1199118 5 2 0
1200293 5 18 2
1201152 5 2 0
1201329 5 21 2
1201859 5 21 2
1201982 5 21 2
1202185 5 21 2
1203368 5 18 2
1203923 5 18 2
1204070 5 18 2
1204289 5 18 2
1205798 5 14 2
1206590 5 2 0
1207350 5 15 2
1208146 5 2 0
1208838 5 14 2
1209369 5 14 2
1209491 5 14 2
1209694 5 14 2
1210415 5 15 2
1210954 5 15 2
1211076 5 15 2
1211287 5 15 2
1211606 5 11 2
1212456 5 2 0
1213764 5 10 2
1214636 5 2 0
1214675 5 11 2
1215222 5 11 2
1215361 5 11 2
1215564 5 11 2
1216192 5 9 2
1216307 5 6 2
1216843 5 10 2
1217087 5 2 0
1217164 5 2 0
1217398 5 10 2
1217545 5 10 2
1217756 5 10 2
1219031 5 7 2
1219337 5 9 2
1219552 5 6 2
1219560 5 4 2
1219876 5 2 0
1219900 5 9 2
1220055 5 9 2
1220083 5 6 2
1220206 5 6 2
1220274 5 9 2
1220390 5 2 0
1220411 5 6 2
1222164 5 7 2
1222391 5 28 2
1222400 5 3 0
1222613 5 4 2
1222703 5 7 2
1222826 5 7 2
1222958 5 3 2
1223036 5 7 2
1223162 5 4 2
1223303 5 4 2
1223498 5 4 2
1224347 5 20 2
1224350 5 3 0
1224485 5 4 2
1226834 5 3 2
1227771 5 54 2
1227782 5 3 0
1230954 5 3 2
1230990 5 3 0
1230990 5 34 2
1231160 5 3 2
1231215 5 4 2
1231220 5 3 0
1232788 5 3 2
1233374 5 15 2
1233376 5 3 0
1243394 5 3 2
1991547 5 1 0
1991547 5 1 0
1991598 5 1 2
1991977 5 1 2
1992373 5 36 0
1992373 5 36 0
1992431 5 36 2
1993212 5 36 2
1993256 5 37 0
1993256 5 37 0
1993358 5 37 2
1993400 5 37 2
1993580 5 0 0
1993580 5 0 0
1993658 5 0 2
1993666 5 0 2
1993754 5 36 0
1993754 5 36 0
1993812 5 36 2
1997050 5 36 2
1997082 5 38 0
1997082 5 38 0
1997147 5 38 2
1997210 5 38 2
1997307 5 54 0
1997307 5 54 0
1997398 5 54 2
1997401 5 54 2
1997458 5 37 0
1997458 5 37 0
1997508 5 37 2
1997916 5 37 2
1998720 5 4 2
1998904 5 47 0
1998904 5 47 0
1998978 5 47 2
1999094 5 47 2
1999166 5 4 2
1999246 5 1 0
1999312 5 4 2
1999402 5 1 2
1999926 5 14 0
2000060 5 14 2
2000072 5 15 0
2000072 5 15 0
2000115 5 15 2
2000153 5 15 2
2000241 5 38 0
2000241 5 38 0
2000299 5 38 2
2000308 5 0 2
2000357 5 38 2
2000513 5 46 0
2000513 5 46 0
2000579 5 46 2
2000639 5 46 2
2000683 5 12 0
2000683 5 12 0
2000717 5 12 2
2000766 5 12 2
2000774 5 0 0
2000774 5 0 0
2000832 5 0 2
2000890 5 0 2
2000966 5 7 0
2003244 5 7 2
2003316 5 47 0
2003316 5 47 0
2003442 5 47 2
2003447 5 47 2
2003463 5 12 0
2003548 5 12 2
2003584 5 47 0
2003716 5 47 2
2004464 5 54 0
2004464 5 54 0
2004538 5 54 2
2004556 5 54 2
2004584 5 46 0
2004584 5 46 0
2004650 5 46 2
2004658 5 46 2
2004682 5 47 0
2004682 5 47 0
2004756 5 47 2
2004764 5 47 2
2005360 5 58 0
2005360 5 58 0
2005458 5 58 2
2005483 5 58 2
2005563 5 59 0
2005563 5 59 0
2005653 5 59 2
2005677 5 59 2
2005737 5 38 0
2005737 5 38 0
2005795 5 38 2
2005803 5 38 2
2006022 5 3 2
2006243 5 2 2
2006402 5 3 2
2968860 5 38 0
2968860 5 38 0
2969628 5 38 2
2971719 5 38 2
2973703 5 38 0
2973703 5 38 0
2973761 5 38 2
2974019 5 38 2
2974309 5 0 2
2974967 5 7 0
2977423 5 7 2
2978671 5 38 0
2978671 5 38 0
2978736 5 38 2
2978770 5 38 2
3945421 5 38 0
3945421 5 38 0
3947715 5 38 2
3947907 5 38 2
3949891 5 38 0
3949891 5 38 0
3949949 5 38 2
3950709 5 38 2
3952905 5 38 0
3952905 5 38 0
3952972 5 38 2
3952993 5 38 2
4921989 5 38 0
4921989 5 38 0
4922110 5 38 2
4924204 5 38 2
4926188 5 38 0
4926188 5 38 0
4926246 5 38 2
4927364 5 38 2
4927509 5 0 2
4927648 5 7 0
4927768 5 7 2
4927825 5 61 2
4927933 5 24 2
4928048 5 8 2
4928147 5 19 2
4928230 5 15 2
4928289 5 31 2
4928364 5 49 2
4928495 5 46 2
4928586 5 52 2
4928693 5 7 2
4928744 5 4 2
4928803 5 62 2
4928910 5 26 2
4929009 5 56 2
4929156 5 60 2
4929271 5 30 2
4929346 5 47 2
4929437 5 21 2
4929504 5 63 2
4929611 5 33 2
4929680 5 38 0
4929680 5 38 0
4929726 5 43 2
4929738 5 38 2
4929746 5 38 2
4929832 5 18 2
4929923 5 13 2
4929982 5 44 2
4930081 5 14 2
4930140 5 39 2
4930225 5 28 2
4930308 5 54 2
4930407 5 3 2
4930475 5 55 2
4930575 5 32 2
4930698 5 53 2
4930797 5 38 2
4930880 5 6 2
4930931 5 23 2
4930999 5 12 2
4931066 5 17 2
4931166 5 9 2
4931259 5 29 2
4931339 5 50 2
4931462 5 40 2
4931600 5 48 2
4962568 5 50 2
4966183 5 50 2
4966338 5 50 2
4966589 5 50 2
5898509 5 38 0
5898509 5 38 0
5900030 5 2 2
5900125 5 38 2
5900142 5 0 2
5900187 5 38 2
5900322 5 59 2
5900446 5 41 2
5900598 5 37 2
5900725 5 45 2
5900821 5 22 2
5900941 5 10 2
5901419 5 11 2
5901509 5 1 2
5901673 5 25 2
5902027 5 16 2
5902109 5 38 0
5902109 5 38 0
5902134 5 57 2
5902168 5 38 2
5902283 5 58 2
5902682 5 42 2
5902799 5 20 2
5902834 5 38 2
5902922 5 34 2
5902990 5 46 0
5903064 5 46 2
5903100 5 36 2
5903108 5 12 0
5903149 5 12 2
5903237 5 35 2
5903305 5 47 0
5903386 5 47 2
5903651 5 51 2
5905226 5 38 0
5905226 5 38 0
5905291 5 38 2
5905294 5 38 2
5917494 5 63 2
5921239 5 63 2
5921377 5 63 2
5921636 5 63 2
5952813 5 38 2
