0 31 51 0
2335 31 51 2
2339 31 22 0
5357 31 63 1
5550 31 2 2
5639 31 63 2
5917 31 22 2
5929 31 1 0
6473 31 63 1
6660 31 0 2
6698 31 1 2
6718 31 24 0
6765 31 63 2
6832 31 24 2
8013 31 63 1
8200 31 0 2
8305 31 63 2
17285 31 63 1
17490 31 0 2
17595 31 63 2
27479 31 63 1
27670 31 2 2
27759 31 63 2
37948 31 4 0
39691 31 4 2
39743 31 44 0
41198 31 44 2
41210 31 5 0
41292 31 5 2
41304 31 45 0
41684 31 45 2
41752 31 24 0
41886 31 24 2
41918 31 25 0
42035 31 25 2
42043 31 26 0
42160 31 26 2
42200 31 27 0
42341 31 27 2
42361 31 33 0
42714 31 33 2
42734 31 35 0
42833 31 35 2
42841 31 41 0
43676 31 41 2
43692 31 42 0
43981 31 42 2
44013 31 1 0
44127 31 1 2
44163 31 36 0
44254 31 36 2
44266 31 43 0
44820 31 43 2
44836 31 17 0
44944 31 17 2
45036 31 27 0
45125 31 27 2
45129 31 37 0
45309 31 37 2
45321 31 17 0
45887 31 17 2
45895 31 15 0
46079 31 15 2
46119 31 16 0
47533 31 16 2
47573 31 18 0
47685 31 18 2
47709 31 61 0
48123 31 61 2
48135 31 54 0
48330 31 54 2
48350 31 10 0
48440 31 10 2
48448 31 19 0
48538 31 19 2
48542 31 35 0
49138 31 35 2
49154 31 53 0
49154 31 63 1
49340 31 6 2
49397 31 63 2
50202 31 53 2
50242 31 33 0
50360 31 33 2
50372 31 36 0
50476 31 36 2
50496 31 40 0
50797 31 40 2
50821 31 37 0
50911 31 37 2
51015 31 38 0
51189 31 38 2
51193 31 56 0
51522 31 56 2
51546 31 8 0
51671 31 8 2
51679 31 29 0
51760 31 63 1
51780 31 29 2
51820 31 0 0
51950 31 15 2
51991 31 63 2
51993 31 0 2
52005 31 38 0
52220 31 38 2
52236 31 39 0
52573 31 39 2
52577 31 39 0
53078 31 39 2
53134 31 36 0
53167 31 63 1
53235 31 36 2
53267 31 38 0
53380 31 3 2
53448 31 38 2
53461 31 63 2
53464 31 51 0
53693 31 51 2
53749 31 4 0
53783 31 63 1
53990 31 21 2
54010 31 4 2
54018 31 52 0
54038 31 63 2
54383 31 52 2
54419 31 12 0
54683 31 12 2
54703 31 53 0
54920 31 53 2
54944 31 54 0
55120 31 54 2
55136 31 11 0
55524 31 11 2
55536 31 56 0
56372 31 63 1
56414 31 63 1
56560 31 57 2
56666 31 63 2
56670 31 51 2
56750 31 63 2
57322 31 56 2
57326 31 12 0
57453 31 63 1
57591 31 12 2
57599 31 57 0
57640 31 39 2
57673 31 63 2
57948 31 63 1
58009 31 57 2
58013 31 2 0
58140 31 33 2
58221 31 63 2
58343 31 2 2
58395 31 37 0
58522 31 37 2
58538 31 40 0
58667 31 40 2
58723 31 58 0
58925 31 58 2
58985 31 35 0
59082 31 35 2
59086 31 50 0
59219 31 50 2
59239 31 62 0
59386 31 62 2
59414 31 38 0
59701 31 38 2
59773 31 63 0
60024 31 63 2
60064 31 12 0
60332 31 12 2
60356 31 2 0
60467 31 2 2
60491 31 13 0
60736 31 13 2
60832 31 3 0
60925 31 3 2
60965 31 23 0
61046 31 23 2
61062 31 24 0
61285 31 24 2
61393 31 2 0
61723 31 2 2
61731 31 25 0
61837 31 25 2
61865 31 26 0
61972 31 26 2
62052 31 0 0
62166 31 0 2
62174 31 3 0
62268 31 3 2
62312 31 4 0
62393 31 4 2
62489 31 5 0
62572 31 5 2
62612 31 15 0
63672 31 15 2
63680 31 14 0
63907 31 63 1
64054 31 14 2
64066 31 50 0
64100 31 60 2
64181 31 63 2
64292 31 50 2
64320 31 6 0
64415 31 6 2
64435 31 4 0
64534 31 4 2
64542 31 8 0
64775 31 8 2
64779 31 47 0
64967 31 47 2
64975 31 49 0
65881 31 49 2
65897 31 11 0
65993 31 11 2
66029 31 5 0
66118 31 5 2
66142 31 37 0
66396 31 37 2
66460 31 4 0
66556 31 4 2
66560 31 1 0
66773 31 1 2
66801 31 27 0
66916 31 27 2
66924 31 2 0
67142 31 2 2
67154 31 11 0
67315 31 11 2
67323 31 7 0
67540 31 7 2
67560 31 3 0
67662 31 3 2
67770 31 6 0
67922 31 6 2
67942 31 9 0
68502 31 9 2
68674 31 8 0
69022 31 8 2
69034 31 11 0
69127 31 11 2
69147 31 12 0
69231 31 12 2
69255 31 16 0
69320 31 63 1
69510 31 4 2
69588 31 63 2
69592 31 4 0
69687 31 4 0
69799 31 4 0
69915 31 4 0
69980 31 16 2
69988 31 13 0
70018 31 4 0
70070 31 13 2
70109 31 4 0
70118 31 2 0
70210 31 4 0
70357 31 2 2
70374 31 4 0
70389 31 40 0
70487 31 4 0
70609 31 40 2
70613 31 25 0
70678 31 4 0
70718 31 25 2
70734 31 31 0
70783 31 4 0
70869 31 31 2
70884 31 4 0
70905 31 33 0
70968 31 4 0
71065 31 4 0
71174 31 4 0
71188 31 33 2
71192 31 36 0
71266 31 4 0
71282 31 36 2
71290 31 4 0
71355 31 4 0
71440 31 4 0
71547 31 4 0
71672 31 4 0
71708 31 4 2
71800 31 5 0
71807 31 4 0
71960 31 4 0
72103 31 4 0
72234 31 5 2
72247 31 4 0
72266 31 34 0
72359 31 4 0
72466 31 4 0
72573 31 34 2
72577 31 4 0
72593 31 35 0
72705 31 4 0
72720 31 35 2
72744 31 32 0
72803 31 4 0
72925 31 4 0
73025 31 4 0
73142 31 32 2
73148 31 4 0
73210 31 17 0
73282 31 4 0
73432 31 4 0
73521 31 17 2
73669 31 4 0
73815 31 4 0
73817 31 38 0
73817 31 38 0
73851 31 38 2
73925 31 4 0
73930 31 38 2
73938 31 27 0
74020 31 4 0
74049 31 27 2
74069 31 35 0
74135 31 4 0
74170 31 35 2
74226 31 28 0
74240 31 4 0
74308 31 28 2
74376 31 3 0
74446 31 4 0
74466 31 3 2
74470 31 46 0
74613 31 4 0
74739 31 4 0
74877 31 4 0
74901 31 46 2
74921 31 4 0
75009 31 4 0
75017 31 4 2
75049 31 0 0
75175 31 4 0
75273 31 4 0
75277 31 0 2
75281 31 29 0
75383 31 29 2
75386 31 4 0
75515 31 4 0
75527 31 47 0
75560 31 63 1
75654 31 4 0
75750 31 4 2
75784 31 4 0
75824 31 63 2
75826 31 4 0
75826 31 47 2
75898 31 30 0
75927 31 4 0
75928 31 4 0
76019 31 4 0
76024 31 30 2
76059 31 4 0
76139 31 4 0
76157 31 4 0
76232 31 4 0
76273 31 4 0
76343 31 4 0
76376 31 31 0
76389 31 4 0
76435 31 4 0
76507 31 4 0
76512 31 31 2
76516 31 44 0
76526 31 4 0
76620 31 4 0
76648 31 4 0
76696 31 44 2
76704 31 43 0
76732 31 4 0
76746 31 4 0
76844 31 4 0
76888 31 4 0
76910 31 43 2
76954 31 4 0
77023 31 4 0
77042 31 32 0
77056 31 4 0
77151 31 4 0
77232 31 4 0
77239 31 4 0
77332 31 4 0
77388 31 4 0
77442 31 4 0
77570 31 4 0
77580 31 32 2
77652 31 33 0
77670 31 4 0
77811 31 4 0
77923 31 4 0
77936 31 33 2
77984 31 33 0
78006 31 4 0
78185 31 4 0
78291 31 4 0
78424 31 4 0
78521 31 4 0
78621 31 4 0
78759 31 4 0
78886 31 4 0
79014 31 4 0
79181 31 4 0
79286 31 4 0
79370 31 4 0
79478 31 4 0
79603 31 4 0
79611 31 33 2
79619 31 27 0
79695 31 4 0
79710 31 27 2
79813 31 4 0
79814 31 54 0
79976 31 4 0
80086 31 4 0
80194 31 4 0
80274 31 63 1
80280 31 4 0
80371 31 4 0
80465 31 54 2
80470 31 54 2
80477 31 28 0
80491 31 4 0
80529 31 63 2
80562 31 28 2
80578 31 13 0
80634 31 4 0
80756 31 4 0
80818 31 13 2
80826 31 56 0
80885 31 4 0
80996 31 4 0
81061 31 56 2
81077 31 14 0
81119 31 4 0
81222 31 4 0
81337 31 4 0
81383 31 63 1
81404 31 14 2
81480 31 4 0
81504 31 41 0
81570 31 18 2
81609 31 4 0
81643 31 63 2
81685 31 41 2
81702 31 4 0
81733 31 61 0
81794 31 4 0
81945 31 4 0
81947 31 61 2
81951 31 39 0
82038 31 4 0
82041 31 39 2
82053 31 7 0
82140 31 4 0
82178 31 7 2
82238 31 8 0
82244 31 4 0
82399 31 4 0
82522 31 4 0
82637 31 4 0
82720 31 8 2
82750 31 4 0
82752 31 63 0
82866 31 4 0
83685 31 63 2
83793 31 0 0
83908 31 0 2
83936 31 57 0
84425 31 57 2
84493 31 58 0
84741 31 58 2
84825 31 46 0
84924 31 46 2
84936 31 59 0
85307 31 59 2
85339 31 32 0
85629 31 32 2
85637 31 50 0
85804 31 50 2
85880 31 60 0
86133 31 60 2
86141 31 62 0
86614 31 62 2
86618 31 3 0
86732 31 3 2
86744 31 5 0
86834 31 5 2
86862 31 17 0
87108 31 17 2
87128 31 6 0
87199 31 63 1
87270 31 6 2
87362 31 11 0
87390 31 36 2
87447 31 63 2
87975 31 11 2
87983 31 10 0
88081 31 10 2
88101 31 11 0
88201 31 11 2
88209 31 6 0
88374 31 6 2
88410 31 36 0
89009 31 36 2
89069 31 12 0
89171 31 12 2
89179 31 0 0
89363 31 0 2
89487 31 15 0
89733 31 15 2
89853 31 7 0
90197 31 7 2
90213 31 0 0
90721 31 0 2
90869 31 9 0
91019 31 9 2
91051 31 8 0
91289 31 8 2
91317 31 55 0
91716 31 55 2
91824 31 14 0
91913 31 14 2
92229 31 29 0
92380 31 29 2
92420 31 30 0
92562 31 30 2
92606 31 17 0
93005 31 17 2
93061 31 18 0
93161 31 18 2
93204 31 0 2
93209 31 19 0
93342 31 19 2
93378 31 21 0
93529 31 21 2
93561 31 22 0
93732 31 22 2
93888 31 4 0
94000 31 4 2
94028 31 18 0
94656 31 18 2
94828 31 61 0
94962 31 61 2
95034 31 54 0
95211 31 54 2
95243 31 55 0
96250 31 55 2
96478 31 40 0
96684 31 40 2
96712 31 49 0
96900 31 49 2
96912 31 51 0
97071 31 51 2
97091 31 37 0
97247 31 37 2
97251 31 20 0
97333 31 20 2
97349 31 3 0
97722 31 3 2
97814 31 21 0
97899 31 21 2
97907 31 56 0
99401 31 63 1
99590 31 0 2
99697 31 63 2
99773 31 56 2
99793 31 57 0
100461 31 57 2
100549 31 58 0
100758 31 58 2
100838 31 59 0
100960 31 59 2
100984 31 63 0
101338 31 63 2
101422 31 33 0
101536 31 33 2
129067 31 63 1
129261 31 5 2
129327 31 63 2
129424 31 63 1
129562 31 63 1
129611 31 38 2
129653 31 63 2
129751 31 37 2
129801 31 63 2
130220 31 63 1
130290 31 63 1
130411 31 40 2
130509 31 63 2
130514 31 63 1
130521 31 13 2
130579 31 63 2
130711 31 33 2
130720 31 63 1
130793 31 63 2
130798 31 63 1
130892 31 63 1
130911 31 58 2
131010 31 63 2
131017 31 63 1
131021 31 53 2
131086 31 63 2
131128 31 63 1
131131 31 46 2
131181 31 63 2
131245 31 63 1
131251 31 12 2
131316 31 63 2
131361 31 19 2
131396 31 63 1
131427 31 63 2
131471 31 39 2
131505 31 63 2
131562 31 63 1
131591 31 25 2
131665 31 63 2
131672 31 63 1
131751 31 16 2
131774 31 63 1
131841 31 63 2
131860 31 63 1
131862 31 32 2
131952 31 63 2
131971 31 17 2
132020 31 63 1
132053 31 63 2
132081 31 36 2
132106 31 63 1
132139 31 63 2
132211 31 8 2
132309 31 63 2
132321 31 52 2
132340 31 63 1
132395 31 63 2
132502 31 63 1
132531 31 55 2
132580 31 63 1
132581 31 63 2
132691 31 41 2
132714 31 63 1
132783 31 63 2
132785 31 63 1
132801 31 45 2
132859 31 63 2
132911 31 3 2
132993 31 63 2
133021 31 30 2
133055 31 63 2
133056 31 63 1
133248 31 63 1
133251 31 61 2
133325 31 63 2
133441 31 48 2
133547 31 63 2
133648 31 63 1
133774 31 63 1
133841 31 63 2
133875 31 63 1
133899 31 63 2
133961 31 42 2
133970 31 63 1
134043 31 63 2
134071 31 43 2
134145 31 63 2
134181 31 27 2
134239 31 63 2
134306 31 63 1
134367 31 63 1
134501 31 56 2
134618 31 63 2
134621 31 62 2
134687 31 63 2
140782 31 63 1
140971 31 2 2
141061 31 63 2
245429 31 63 1
245622 31 2 2
245711 31 63 2
246075 31 63 1
246272 31 0 2
246377 31 63 2
277149 31 0 0
277810 31 0 0
301431 31 63 1
301622 31 2 2
301711 31 63 2
303023 31 63 1
303212 31 2 2
303301 31 63 2
312233 31 63 1
312423 31 0 2
312529 31 63 2
318741 31 63 1
318932 31 2 2
319021 31 63 2
356831 31 0 0
356832 31 63 1
357022 31 0 2
357127 31 63 2
360843 31 0 0
360844 31 0 2
393117 31 63 1
393313 31 2 2
393403 31 63 2
409569 31 63 1
409762 31 2 2
409851 31 63 2
419263 31 0 0
419264 31 0 2
474729 31 2 0
474730 31 63 1
474917 31 2 2
475006 31 63 2
563464 31 2 0
563465 31 63 1
563653 31 2 2
563742 31 63 2
581077 31 2 0
581078 31 63 1
581265 31 2 2
581354 31 63 2
664014 31 63 1
664201 31 2 2
664290 31 63 2
1015726 31 38 0
1015726 31 38 0
1017341 31 38 2
1017454 31 38 2
1018906 31 7 0
1019110 31 7 2
1020186 31 38 0
1020186 31 38 0
1020627 31 38 2
1022160 31 38 2
1023303 31 63 1
1023498 31 33 2
1023579 31 63 2
1023583 31 33 0
1023797 31 33 0
1023831 31 56 0
1023919 31 33 0
1024040 31 33 0
1024209 31 56 2
1024339 31 33 0
1024463 31 33 0
1024607 31 33 0
1024713 31 33 0
1024785 31 57 0
1024919 31 33 0
1025130 31 33 0
1025160 31 57 2
1025236 31 33 0
1025369 31 33 0
1025495 31 33 0
1025736 31 58 0
1025788 31 33 0
1025919 31 33 0
1026012 31 58 2
1026118 31 33 0
1026246 31 33 0
1026413 31 33 0
1026487 31 2 0
1026488 31 4 0
1026585 31 33 0
1026588 31 59 0
1026718 31 33 0
1026839 31 33 0
1026898 31 59 2
1026941 31 33 0
1027092 31 33 0
1027192 31 33 0
1027334 31 33 0
1027449 31 33 0
1027474 31 60 0
1027547 31 33 0
1027655 31 33 0
1027773 31 33 0
1027820 31 60 2
1027885 31 33 0
1027987 31 33 0
1028109 31 63 1
1028176 31 33 0
1028211 31 63 1
1028326 31 63 1
1028328 31 33 2
1028396 31 61 0
1028410 31 63 2
1028439 31 12 2
1028505 31 63 2
1028522 31 63 1
1028559 31 53 2
1028625 31 63 2
1028626 31 63 1
1028718 31 61 2
1028731 31 63 1
1028739 31 27 2
1028797 31 63 2
1028844 31 63 1
1028860 31 13 2
1028918 31 63 2
1028945 31 63 1
1028979 31 37 2
1029029 31 63 2
1029033 31 63 1
1029089 31 63 2
1029141 31 63 1
1029148 31 63 2
1029194 31 63 1
1029209 31 17 2
1029285 31 63 1
1029291 31 63 2
1029294 31 62 0
1029319 31 45 2
1029355 31 63 1
1029377 31 63 2
1029429 31 48 2
1029456 31 63 1
1029515 31 63 1
1029535 31 63 2
1029569 31 25 2
1029592 31 62 2
1029625 31 63 1
1029642 31 63 2
1029689 31 40 2
1029712 31 63 1
1029787 31 63 2
1029799 31 43 2
1029820 31 63 1
1029873 31 63 2
1029909 31 56 2
1029922 31 63 1
1030019 31 46 2
1030023 31 63 2
1030058 31 63 1
1030069 31 63 2
1030139 31 16 2
1030142 31 63 1
1030168 31 63 0
1030225 31 63 1
1030229 31 63 2
1030249 31 30 2
1030283 31 63 2
1030287 31 63 1
1030359 31 38 2
1030384 31 63 1
1030401 31 63 2
1030444 31 63 2
1030469 31 39 2
1030472 31 63 1
1030503 31 63 2
1030556 31 63 1
1030579 31 61 2
1030653 31 63 2
1030654 31 63 1
1030691 31 52 2
1030747 31 63 1
1030765 31 63 2
1030799 31 42 2
1030854 31 63 1
1030881 31 63 2
1030909 31 36 2
1030967 31 63 2
1030983 31 63 1
1031019 31 41 2
1031020 31 0 0
1031020 31 0 0
1031078 31 63 1
1031108 31 63 2
1031129 31 8 2
1031129 31 0 2
1031196 31 63 1
1031226 31 63 2
1031239 31 32 2
1031329 31 63 2
1031349 31 3 2
1031431 31 63 2
1031479 31 19 2
1031545 31 63 2
1031589 31 5 2
1031655 31 63 2
1031699 31 62 2
1031765 31 63 2
1031809 31 55 2
1031859 31 63 2
1031919 31 58 2
1032017 31 63 2
1032329 31 2 0
1032331 31 33 0
1032566 31 0 2
1032834 31 2 0
1032932 31 2 2
1032988 31 3 0
1033078 31 3 2
1033082 31 7 0
1033348 31 7 2
1033436 31 4 0
1033436 31 4 0
1033502 31 4 2
1033510 31 4 2
1033898 31 1 0
1034208 31 1 2
1034784 31 2 0
1035106 31 2 2
1035682 31 3 0
1036012 31 3 2
1036588 31 4 0
1036872 31 4 2
1037448 31 5 0
1037685 31 5 2
1038261 31 6 0
1038586 31 6 2
1039162 31 7 0
1039430 31 7 2
1040006 31 8 0
1040267 31 8 2
1040843 31 9 0
1041147 31 9 2
1041723 31 10 0
1042027 31 10 2
1042603 31 11 0
1042915 31 11 2
1043491 31 12 0
1043667 31 30 2
1043758 31 12 2
1043847 31 30 2
1044065 31 30 2
1044334 31 13 0
1044576 31 13 2
1045152 31 14 0
1045488 31 14 2
1046064 31 15 0
1046392 31 15 2
1046968 31 16 0
1047267 31 16 2
1047843 31 17 0
1048147 31 17 2
1048723 31 18 0
1049010 31 18 2
1049586 31 19 0
1049886 31 19 2
1050462 31 20 0
1050747 31 20 2
1051323 31 21 0
1051605 31 21 2
1052181 31 22 0
1052530 31 22 2
1053106 31 23 0
1053424 31 23 2
1054000 31 24 0
1054287 31 24 2
1054863 31 25 0
1055177 31 25 2
1055753 31 26 0
1056032 31 26 2
1056608 31 27 0
1056898 31 27 2
1057311 31 63 1
1057474 31 28 0
1057499 31 54 2
1057557 31 63 2
1057747 31 28 2
1057814 31 63 1
1057996 31 63 1
1058009 31 50 2
1058073 31 63 1
1058099 31 63 2
1058176 31 63 1
1058189 31 51 2
1058270 31 63 2
1058299 31 28 2
1058323 31 29 0
1058349 31 63 2
1058409 31 22 2
1058411 31 63 1
1058451 31 63 2
1058594 31 29 2
1058599 31 20 2
1058613 31 63 1
1058657 31 63 2
1058699 31 63 1
1058809 31 63 1
1058809 31 59 2
1058899 31 63 2
1058919 31 35 2
1058971 31 63 1
1058984 31 63 2
1059032 31 44 2
1059098 31 63 2
1059114 31 63 1
1059170 31 30 0
1059179 31 6 2
1059208 31 63 1
1059237 31 63 2
1059319 31 24 2
1059326 31 63 1
1059402 31 63 2
1059431 31 26 2
1059498 31 63 2
1059502 31 30 2
1059539 31 18 2
1059612 31 63 2
1059719 31 63 1
1059797 31 63 1
1059907 31 63 1
1059909 31 57 2
1059993 31 63 1
1060015 31 63 2
1060020 31 4 2
1060078 31 31 0
1060087 31 63 1
1060094 31 63 2
1060129 31 34 2
1060203 31 63 2
1060239 31 14 2
1060262 31 63 1
1060289 31 63 2
1060349 31 31 2
1060365 31 31 2
1060374 31 63 2
1060459 31 1 2
1060557 31 63 2
1060623 31 63 1
1060819 31 47 2
1060861 31 63 2
1060941 31 32 0
1060961 31 63 1
1061047 31 63 1
1061149 31 49 2
1061245 31 32 2
1061247 31 63 2
1061259 31 11 2
1061333 31 63 2
1061495 31 63 1
1061604 31 63 1
1061709 31 60 2
1061715 31 63 1
1061792 31 63 2
1061819 31 10 2
1061821 31 33 0
1061893 31 63 1
1061901 31 63 2
1061929 31 23 2
1061963 31 63 2
1061964 31 63 1
1062089 31 9 2
1062155 31 33 2
1062179 31 63 2
1062199 31 21 2
1062249 31 63 2
1062291 31 63 1
1062393 31 63 1
1062479 31 7 2
1062495 31 63 1
1062528 31 63 2
1062589 31 15 2
1062631 31 63 2
1062699 31 29 2
1062731 31 34 0
1062741 31 63 2
1063052 31 34 2
1063628 31 35 0
1063918 31 35 2
1064494 31 36 0
1064785 31 36 2
1065361 31 37 0
1065623 31 37 2
1066199 31 38 0
1066492 31 38 2
1067068 31 39 0
1067338 31 39 2
1067914 31 40 0
1068223 31 40 2
1068799 31 41 0
1069143 31 41 2
1069719 31 42 0
1070002 31 42 2
1070578 31 43 0
1070868 31 43 2
1071444 31 44 0
1071753 31 44 2
1072329 31 45 0
1072610 31 45 2
1073186 31 46 0
1073473 31 46 2
1074049 31 47 0
1074287 31 47 2
1074863 31 48 0
1075201 31 48 2
1075777 31 49 0
1076141 31 49 2
1076717 31 50 0
1077002 31 50 2
1077578 31 51 0
1077868 31 51 2
1078444 31 52 0
1078761 31 52 2
1079337 31 53 0
1079639 31 53 2
1080215 31 54 0
1080582 31 54 2
1086678 31 8 0
1086947 31 8 2
1121228 31 33 0
1121658 31 33 0
1121768 31 33 0
1122223 31 33 0
1122494 31 33 0
1122614 31 33 0
1122766 31 33 0
1122882 31 33 0
1122980 31 33 0
1123712 31 33 0
1123719 31 63 1
1123822 31 63 1
1123834 31 33 0
1123901 31 63 1
1123912 31 54 2
1123943 31 33 0
1123970 31 63 2
1124022 31 50 2
1124044 31 33 0
1124112 31 63 2
1124132 31 51 2
1124196 31 33 0
1124214 31 63 2
1124332 31 33 0
1124352 31 63 1
1124452 31 33 0
1124572 31 28 2
1124622 31 63 2
1124644 31 33 0
1124755 31 31 0
1124764 31 33 0
1124845 31 31 2
1124865 31 63 1
1124889 31 35 0
1124952 31 33 0
1125052 31 20 2
1125070 31 33 0
1125104 31 63 1
1125110 31 63 2
1125171 31 35 2
1125188 31 33 0
1125231 31 32 0
1125239 31 63 1
1125290 31 63 1
1125302 31 22 2
1125344 31 63 2
1125349 31 32 2
1125393 31 63 1
1125404 31 33 0
1125405 31 46 0
1125442 31 59 2
1125454 31 46 2
1125486 31 12 0
1125533 31 63 2
1125552 31 35 2
1125552 31 12 2
1125556 31 33 0
1125564 31 33 0
1125617 31 63 2
1125656 31 33 2
1125662 31 44 2
1125728 31 63 2
1125748 31 34 0
1125837 31 34 2
1125869 31 1 0
1125966 31 1 2
1126010 31 32 0
1126044 31 33 0
1126119 31 32 2
1126127 31 35 0
1126196 31 33 0
1126220 31 35 2
1126224 31 60 0
1126339 31 60 2
1126355 31 61 0
1126405 31 63 1
1126474 31 33 0
1126478 31 61 2
1126522 31 63 1
1126538 31 48 0
1126584 31 33 0
1126592 31 6 2
1126598 31 63 1
1126650 31 63 2
1126662 31 48 2
1126681 31 63 1
1126702 31 49 0
1126712 31 24 2
1126781 31 63 1
1126794 31 63 2
1126813 31 49 2
1126842 31 26 2
1126849 31 36 0
1126849 31 36 0
1126879 31 63 1
1126900 31 36 2
1126908 31 63 2
1126941 31 36 2
1126962 31 18 2
1126978 31 63 1
1127005 31 37 0
1127005 31 37 0
1127032 31 33 0
1127036 31 63 2
1127047 31 37 2
1127072 31 57 2
1127097 31 37 2
1127145 31 58 0
1127145 31 58 0
1127154 31 33 0
1127178 31 63 2
1127182 31 4 2
1127207 31 63 1
1127236 31 58 2
1127257 31 63 2
1127267 31 33 0
1127293 31 34 2
1127301 31 58 2
1127313 31 31 0
1127322 31 63 1
1127367 31 63 2
1127402 31 14 2
1127452 31 63 2
1127467 31 63 1
1127512 31 31 2
1127528 31 31 2
1127537 31 63 2
1127540 31 30 0
1127682 31 1 2
1127720 31 63 1
1127780 31 63 2
1127844 31 63 1
1127914 31 47 2
1127918 31 63 1
1127945 31 30 2
1127953 31 59 0
1127953 31 59 0
1127956 31 63 2
1128030 31 63 1
1128032 31 49 2
1128035 31 59 2
1128120 31 59 2
1128130 31 63 2
1128142 31 11 2
1128172 31 34 0
1128216 31 63 2
1128253 31 60 2
1128300 31 63 1
1128335 31 63 2
1128445 31 34 2
1128485 31 0 0
1128485 31 0 0
1128492 31 10 2
1128574 31 63 2
1128585 31 0 2
1128772 31 0 2
1128780 31 33 0
1128783 31 63 1
1128919 31 63 1
1128971 31 23 2
1129005 31 63 2
1129064 31 63 1
1129103 31 33 2
1129112 31 9 2
1129119 31 60 0
1129203 31 63 2
1129252 31 21 2
1129275 31 60 2
1129295 31 32 0
1129302 31 63 2
1129573 31 32 2
1129649 31 61 0
1129885 31 63 1
1129888 31 61 2
1130012 31 62 0
1130015 31 63 1
1130072 31 7 2
1130122 31 63 2
1130132 31 63 1
1130199 31 62 2
1130212 31 15 2
1130253 31 63 2
1130287 31 12 0
1130322 31 29 2
1130364 31 63 2
1130435 31 12 2
1130447 31 39 0
1130572 31 39 2
1130584 31 13 0
1130698 31 13 2
1130702 31 48 0
1130845 31 48 2
1130857 31 59 0
1131018 31 59 2
1131046 31 54 0
1131046 31 54 0
1131096 31 54 2
1131212 31 54 2
1131252 31 55 0
1131389 31 55 2
1131413 31 56 0
1131570 31 56 2
1131598 31 57 0
1131752 31 57 2
1131816 31 58 0
1131965 31 58 2
1132001 31 49 0
1132156 31 49 2
1132196 31 63 0
1132346 31 63 2
1132394 31 15 0
1132515 31 15 2
1132531 31 44 0
1132662 31 44 2
1132682 31 45 0
1132816 31 45 2
1133064 31 0 0
1133183 31 0 2
1133275 31 1 0
1133390 31 1 2
1133490 31 2 0
1133605 31 2 2
1133613 31 47 0
1133654 31 47 2
1133666 31 41 0
1133788 31 41 2
1133860 31 3 0
1133975 31 3 2
1134235 31 5 0
1134350 31 5 2
1134398 31 6 0
1134520 31 6 2
1134608 31 7 0
1134722 31 7 2
1134830 31 8 0
1134944 31 8 2
1135000 31 1 0
1135000 31 1 0
1135092 31 1 2
1135104 31 1 2
1135536 31 11 0
1135536 31 11 0
1135602 31 11 2
1135627 31 11 2
1135643 31 46 0
1135691 31 46 2
1135699 31 4 0
1135877 31 4 2
1135901 31 47 0
1135941 31 47 2
1136085 31 12 0
1136149 31 12 2
1136484 31 32 2
1136513 31 10 0
1136621 31 10 2
1136657 31 1 0
1136780 31 1 2
1136864 31 1 0
1136900 31 32 2
1136978 31 1 2
1137059 31 32 2
1137426 31 46 0
1137426 31 46 0
1137468 31 46 2
1137476 31 46 2
1137508 31 47 0
1137549 31 47 2
1137681 31 28 2
1137693 31 12 0
1137758 31 12 2
1138242 31 1 0
1138242 31 1 0
1138332 31 1 2
1138339 31 1 2
1138787 31 46 0
1138836 31 46 2
1138868 31 47 0
1138868 31 47 0
1138902 31 47 2
1138910 31 47 2
1139054 31 12 0
1139054 31 12 0
1139113 31 12 2
1139154 31 12 2
1139638 31 1 0
1139638 31 1 0
1139728 31 1 2
1139736 31 1 2
1139860 31 28 2
1140184 31 46 0
1140184 31 46 0
1140226 31 46 2
1140235 31 46 2
1140267 31 47 0
1140267 31 47 0
1140301 31 47 2
1140309 31 47 2
1140453 31 12 0
1140453 31 12 0
1140511 31 12 2
1140519 31 12 2
1141003 31 1 0
1141100 31 1 2
1141548 31 46 0
1141548 31 46 0
1141590 31 46 2
1141597 31 46 2
1141629 31 47 0
1141629 31 47 0
1141663 31 47 2
1141671 31 47 2
1141815 31 12 0
1141815 31 12 0
1141873 31 12 2
1141881 31 12 2
1142001 31 29 2
1142365 31 1 0
1142365 31 1 0
1142456 31 1 2
1142479 31 1 2
1142927 31 46 0
1142927 31 46 0
1142969 31 46 2
1142977 31 46 2
1143009 31 47 0
1143009 31 47 0
1143043 31 47 2
1143051 31 47 2
1143195 31 12 0
1143195 31 12 0
1143253 31 12 2
1143261 31 12 2
1143745 31 1 0
1143745 31 1 0
1143835 31 1 2
1143860 31 1 2
1144308 31 46 0
1144308 31 46 0
1144350 31 46 2
1144358 31 46 2
1144390 31 47 0
1144390 31 47 0
1144424 31 47 2
1144432 31 47 2
1144576 31 12 0
1144576 31 12 0
1144634 31 12 2
1144642 31 12 2
1145126 31 1 0
1145126 31 1 0
1145217 31 1 2
1145256 31 1 2
1145704 31 46 0
1145704 31 46 0
1145746 31 46 2
1145754 31 46 2
1145786 31 47 0
1145786 31 47 0
1145820 31 47 2
1145828 31 47 2
1145972 31 12 0
1145972 31 12 0
1146030 31 12 2
1146042 31 12 2
1146526 31 1 0
1146526 31 1 0
1146616 31 1 2
1146624 31 1 2
1147056 31 12 0
1147056 31 12 0
1147114 31 12 2
1147121 31 12 2
1147137 31 46 0
1147137 31 46 0
1147179 31 46 2
1147187 31 46 2
1147219 31 47 0
1147219 31 47 0
1147253 31 47 2
1147262 31 47 2
1147406 31 12 0
1147406 31 12 0
1147465 31 12 2
1147471 31 12 2
1147955 31 1 0
1147955 31 1 0
1148045 31 1 2
1148053 31 1 2
1148501 31 46 0
1148501 31 46 0
1148543 31 46 2
1148551 31 46 2
1148583 31 47 0
1148583 31 47 0
1148617 31 47 2
1148624 31 47 2
1148768 31 12 0
1148768 31 12 0
1148826 31 12 2
1148834 31 12 2
1149318 31 1 0
1149318 31 1 0
1149408 31 1 2
1149415 31 1 2
1149863 31 46 0
1149863 31 46 0
1149905 31 46 2
1149916 31 46 2
1149948 31 47 0
1149948 31 47 0
1149982 31 47 2
1149990 31 47 2
1150134 31 12 0
1150134 31 12 0
1150193 31 12 2
1150198 31 12 2
1150682 31 1 0
1150682 31 1 0
1150772 31 1 2
1150805 31 1 2
1151253 31 46 0
1151253 31 46 0
1151295 31 46 2
1151303 31 46 2
1151335 31 47 0
1151335 31 47 0
1151369 31 47 2
1151377 31 47 2
1151521 31 12 0
1151521 31 12 0
1151579 31 12 2
1151587 31 12 2
1152071 31 1 0
1152071 31 1 0
1152161 31 1 2
1152169 31 1 2
1152617 31 46 0
1152617 31 46 0
1152659 31 46 2
1152667 31 46 2
1152699 31 47 0
1152699 31 47 0
1152733 31 47 2
1152741 31 47 2
1152885 31 12 0
1152885 31 12 0
1152944 31 12 2
1152975 31 12 2
1153459 31 1 0
1153459 31 1 0
1153549 31 1 2
1153582 31 1 2
1154030 31 46 0
1154030 31 46 0
1154072 31 46 2
1154079 31 46 2
1154111 31 47 0
1154111 31 47 0
1154145 31 47 2
1154153 31 47 2
1154297 31 12 0
1154297 31 12 0
1154355 31 12 2
1154363 31 12 2
1154847 31 1 0
1154847 31 1 0
1154937 31 1 2
1154945 31 1 2
1155393 31 46 0
1155393 31 46 0
1155435 31 46 2
1155443 31 46 2
1155475 31 47 0
1155475 31 47 0
1155509 31 47 2
1155517 31 47 2
1155661 31 12 0
1155661 31 12 0
1155720 31 12 2
1155725 31 12 2
1156209 31 1 0
1156209 31 1 0
1156299 31 1 2
1156307 31 1 2
1156755 31 46 0
1156755 31 46 0
1156797 31 46 2
1156804 31 46 2
1156836 31 47 0
1156836 31 47 0
1156870 31 47 2
1156878 31 47 2
1157022 31 12 0
1157022 31 12 0
1157080 31 12 2
1157088 31 12 2
1157572 31 1 0
1157572 31 1 0
1157662 31 1 2
1157670 31 1 2
1158102 31 13 0
1158192 31 13 2
1158208 31 46 0
1158208 31 46 0
1158250 31 46 2
1158258 31 46 2
1158290 31 47 0
1158290 31 47 0
1158324 31 47 2
1158334 31 47 2
1158478 31 12 0
1158478 31 12 0
1158536 31 12 2
1158544 31 12 2
1159028 31 1 0
1159028 31 1 0
1159118 31 1 2
1159126 31 1 2
1159574 31 46 0
1159574 31 46 0
1159616 31 46 2
1159625 31 46 2
1159657 31 47 0
1159657 31 47 0
1159691 31 47 2
1159732 31 47 2
1159876 31 12 0
1159876 31 12 0
1159934 31 12 2
1159942 31 12 2
1160426 31 1 0
1160426 31 1 0
1160516 31 1 2
1160524 31 1 2
1160972 31 46 0
1160972 31 46 0
1161014 31 46 2
1161022 31 46 2
1161054 31 47 0
1161054 31 47 0
1161088 31 47 2
1161096 31 47 2
1161240 31 12 0
1161240 31 12 0
1161298 31 12 2
1161306 31 12 2
1161790 31 1 0
1161790 31 1 0
1161880 31 1 2
1161889 31 1 2
1162337 31 46 0
1162337 31 46 0
1162380 31 46 2
1162387 31 46 2
1162419 31 47 0
1162419 31 47 0
1162453 31 47 2
1162461 31 47 2
1162605 31 12 0
1162605 31 12 0
1162663 31 12 2
1162671 31 12 2
1163155 31 1 0
1163155 31 1 0
1163246 31 1 2
1163287 31 1 2
1163735 31 46 0
1163735 31 46 0
1163777 31 46 2
1163784 31 46 2
1163816 31 47 0
1163816 31 47 0
1163850 31 47 2
1163858 31 47 2
1164002 31 12 0
1164002 31 12 0
1164060 31 12 2
1164068 31 12 2
1164552 31 1 0
1164552 31 1 0
1164647 31 1 2
1164700 31 1 2
1165148 31 46 0
1165148 31 46 0
1165190 31 46 2
1165199 31 46 2
1165231 31 47 0
1165231 31 47 0
1165265 31 47 2
1165273 31 47 2
1165417 31 12 0
1165417 31 12 0
1165475 31 12 2
1165487 31 12 2
1165971 31 1 0
1165971 31 1 0
1166061 31 1 2
1166069 31 1 2
1166517 31 46 0
1166517 31 46 0
1166559 31 46 2
1166567 31 46 2
1166599 31 47 0
1166599 31 47 0
1166633 31 47 2
1166641 31 47 2
1166785 31 12 0
1166785 31 12 0
1166846 31 12 2
1166853 31 12 2
1167337 31 1 0
1167337 31 1 0
1167430 31 1 2
1167486 31 1 2
1167934 31 46 0
1167934 31 46 0
1167976 31 46 2
1167987 31 46 2
1168019 31 47 0
1168019 31 47 0
1168053 31 47 2
1168060 31 47 2
1168204 31 12 0
1168204 31 12 0
1168262 31 12 2
1168270 31 12 2
1168754 31 1 0
1168754 31 1 0
1168844 31 1 2
1168852 31 1 2
1169284 31 14 0
1169398 31 14 2
1169414 31 46 0
1169414 31 46 0
1169456 31 46 2
1169463 31 46 2
1169495 31 47 0
1169495 31 47 0
1169530 31 47 2
1169535 31 47 2
1169679 31 12 0
1169679 31 12 0
1169743 31 12 2
1169746 31 12 2
1170230 31 1 0
1170230 31 1 0
1170320 31 1 2
1170328 31 1 2
1170776 31 46 0
1170776 31 46 0
1170818 31 46 2
1170826 31 46 2
1170858 31 47 0
1170858 31 47 0
1170892 31 47 2
1170900 31 47 2
1171044 31 12 0
1171044 31 12 0
1171102 31 12 2
1171111 31 12 2
1171595 31 1 0
1171595 31 1 0
1171685 31 1 2
1171693 31 1 2
1172141 31 46 0
1172141 31 46 0
1172183 31 46 2
1172191 31 46 2
1172223 31 47 0
1172223 31 47 0
1172258 31 47 2
1172263 31 47 2
1172407 31 12 0
1172407 31 12 0
1172465 31 12 2
1172473 31 12 2
1172957 31 1 0
1172957 31 1 0
1173047 31 1 2
1173055 31 1 2
1173503 31 46 0
1173503 31 46 0
1173545 31 46 2
1173553 31 46 2
1173585 31 47 0
1173585 31 47 0
1173619 31 47 2
1173627 31 47 2
1173771 31 12 0
1173771 31 12 0
1173829 31 12 2
1173838 31 12 2
1174322 31 1 0
1174322 31 1 0
1174412 31 1 2
1174420 31 1 2
1174868 31 46 0
1174868 31 46 0
1174911 31 46 2
1174916 31 46 2
1174948 31 47 0
1174948 31 47 0
1174986 31 47 2
1174988 31 47 2
1175132 31 12 0
1175132 31 12 0
1175190 31 12 2
1175197 31 12 2
1175681 31 1 0
1175681 31 1 0
1175771 31 1 2
1175779 31 1 2
1176227 31 46 0
1176227 31 46 0
1176269 31 46 2
1176277 31 46 2
1176309 31 47 0
1176309 31 47 0
1176343 31 47 2
1176351 31 47 2
1176495 31 12 0
1176495 31 12 0
1176553 31 12 2
1176561 31 12 2
1177045 31 1 0
1177045 31 1 0
1177135 31 1 2
1177144 31 1 2
1177592 31 46 0
1177592 31 46 0
1177634 31 46 2
1177643 31 46 2
1177675 31 47 0
1177675 31 47 0
1177710 31 47 2
1177715 31 47 2
1177859 31 12 0
1177859 31 12 0
1177917 31 12 2
1177925 31 12 2
1178409 31 1 0
1178409 31 1 0
1178499 31 1 2
1178507 31 1 2
1178955 31 46 0
1178955 31 46 0
1178997 31 46 2
1179005 31 46 2
1179037 31 47 0
1179037 31 47 0
1179071 31 47 2
1179079 31 47 2
1179223 31 12 0
1179223 31 12 0
1179281 31 12 2
1179289 31 12 2
1179677 31 1 0
1179677 31 1 0
1179767 31 1 2
1179775 31 1 2
1180207 31 7 0
1180289 31 7 2
1180305 31 46 0
1180305 31 46 0
1180347 31 46 2
1180357 31 46 2
1180389 31 47 0
1180389 31 47 0
1180423 31 47 2
1180431 31 47 2
1180575 31 12 0
1180575 31 12 0
1180633 31 12 2
1180641 31 12 2
1181125 31 1 0
1181125 31 1 0
1181215 31 1 2
1181223 31 1 2
1181671 31 46 0
1181671 31 46 0
1181713 31 46 2
1181721 31 46 2
1181753 31 47 0
1181753 31 47 0
1181787 31 47 2
1181794 31 47 2
1181938 31 12 0
1181938 31 12 0
1181996 31 12 2
1182004 31 12 2
1182488 31 1 0
1182488 31 1 0
1182578 31 1 2
1182595 31 1 2
1183043 31 46 0
1183043 31 46 0
1183085 31 46 2
1183093 31 46 2
1183125 31 47 0
1183125 31 47 0
1183159 31 47 2
1183168 31 47 2
1183312 31 5 0
1183410 31 5 2
1183418 31 61 0
1183418 31 61 0
1183484 31 61 2
1183549 31 61 2
1183557 31 29 0
1183804 31 29 2
1183820 31 62 0
1183820 31 62 0
1183878 31 62 2
1183886 31 62 2
1184162 31 63 0
1184162 31 63 0
1184212 31 63 2
1184293 31 63 2
1184717 31 12 0
1184717 31 12 0
1184775 31 12 2
1184817 31 12 2
1185108 31 28 2
1185257 31 11 0
1185371 31 11 2
1185583 31 1 0
1185583 31 1 0
1185675 31 1 2
1185692 31 1 2
1186140 31 46 0
1186140 31 46 0
1186183 31 46 2
1186229 31 46 2
1186261 31 47 0
1186261 31 47 0
1186295 31 47 2
1186352 31 47 2
1186496 31 12 0
1186496 31 12 0
1186554 31 12 2
1186579 31 12 2
1187063 31 1 0
1187063 31 1 0
1187153 31 1 2
1187162 31 1 2
1187610 31 46 0
1187610 31 46 0
1187652 31 46 2
1187661 31 46 2
1187693 31 47 0
1187693 31 47 0
1187727 31 47 2
1187816 31 47 2
1187960 31 12 0
1187960 31 12 0
1188018 31 12 2
1188026 31 12 2
1188510 31 1 0
1188510 31 1 0
1188600 31 1 2
1188607 31 1 2
1189055 31 46 0
1189055 31 46 0
1189098 31 46 2
1189177 31 46 2
1189209 31 47 0
1189209 31 47 0
1189243 31 47 2
1189332 31 47 2
1189476 31 12 0
1189476 31 12 0
1189535 31 12 2
1189583 31 12 2
1190067 31 1 0
1190067 31 1 0
1190157 31 1 2
1190165 31 1 2
1190613 31 46 0
1190613 31 46 0
1190655 31 46 2
1190663 31 46 2
1190695 31 47 0
1190695 31 47 0
1190729 31 47 2
1190737 31 47 2
1190881 31 12 0
1190946 31 12 2
1191430 31 1 0
1191430 31 1 0
1191520 31 1 2
1191528 31 1 2
1191976 31 46 0
1191976 31 46 0
1192018 31 46 2
1192026 31 46 2
1192058 31 47 0
1192058 31 47 0
1192092 31 47 2
1192100 31 47 2
1192244 31 12 0
1192244 31 12 0
1192302 31 12 2
1192310 31 12 2
1192794 31 1 0
1192794 31 1 0
1192884 31 1 2
1192892 31 1 2
1193324 31 8 0
1193324 31 8 0
1193414 31 8 2
1193431 31 8 2
1193447 31 46 0
1193447 31 46 0
1193489 31 46 2
1193497 31 46 2
1193529 31 47 0
1193529 31 47 0
1193563 31 47 2
1193574 31 47 2
1193718 31 12 0
1193718 31 12 0
1193776 31 12 2
1193786 31 12 2
1194270 31 1 0
1194270 31 1 0
1194360 31 1 2
1194368 31 1 2
1194816 31 46 0
1194816 31 46 0
1194858 31 46 2
1194866 31 46 2
1194898 31 47 0
1194898 31 47 0
1194932 31 47 2
1194940 31 47 2
1195084 31 12 0
1195084 31 12 0
1195142 31 12 2
1195150 31 12 2
1195634 31 1 0
1195634 31 1 0
1195724 31 1 2
1195732 31 1 2
1196180 31 46 0
1196180 31 46 0
1196222 31 46 2
1196230 31 46 2
1196262 31 47 0
1196262 31 47 0
1196296 31 47 2
1196304 31 47 2
1196448 31 12 0
1196448 31 12 0
1196506 31 12 2
1196513 31 12 2
1196997 31 1 0
1196997 31 1 0
1197087 31 1 2
1197096 31 1 2
1197544 31 46 0
1197544 31 46 0
1197588 31 46 2
1197596 31 46 2
1197628 31 47 0
1197628 31 47 0
1197662 31 47 2
1197669 31 47 2
1197813 31 12 0
1197813 31 12 0
1197871 31 12 2
1197879 31 12 2
1198363 31 1 0
1198363 31 1 0
1198453 31 1 2
1198470 31 1 2
1198918 31 46 0
1198918 31 46 0
1198960 31 46 2
1198968 31 46 2
1199000 31 47 0
1199000 31 47 0
1199034 31 47 2
1199041 31 47 2
1199185 31 12 0
1199185 31 12 0
1199244 31 12 2
1199255 31 12 2
1199739 31 1 0
1199739 31 1 0
1199829 31 1 2
1199854 31 1 2
1200302 31 46 0
1200302 31 46 0
1200344 31 46 2
1200352 31 46 2
1200384 31 47 0
1200384 31 47 0
1200418 31 47 2
1200426 31 47 2
1200570 31 12 0
1200570 31 12 0
1200628 31 12 2
1200636 31 12 2
1201120 31 1 0
1201120 31 1 0
1201210 31 1 2
1201218 31 1 2
1201666 31 46 0
1201666 31 46 0
1201708 31 46 2
1201716 31 46 2
1201748 31 47 0
1201748 31 47 0
1201782 31 47 2
1201790 31 47 2
1201934 31 12 0
1201934 31 12 0
1201993 31 12 2
1202001 31 12 2
1202485 31 1 0
1202485 31 1 0
1202575 31 1 2
1202589 31 1 2
1203037 31 46 0
1203037 31 46 0
1203079 31 46 2
1203089 31 46 2
1203121 31 47 0
1203121 31 47 0
1203155 31 47 2
1203212 31 47 2
1203356 31 12 0
1203356 31 12 0
1203414 31 12 2
1203422 31 12 2
1203906 31 1 0
1203906 31 1 0
1203996 31 1 2
1204004 31 1 2
1204436 31 9 0
1204533 31 9 2
1204549 31 46 0
1204549 31 46 0
1204591 31 46 2
1204642 31 46 2
1204674 31 47 0
1204674 31 47 0
1204708 31 47 2
1204765 31 47 2
1204909 31 12 0
1204909 31 12 0
1204967 31 12 2
1204996 31 12 2
1205480 31 1 0
1205480 31 1 0
1205571 31 1 2
1205581 31 1 2
1206029 31 46 0
1206029 31 46 0
1206071 31 46 2
1206121 31 46 2
1206153 31 47 0
1206153 31 47 0
1206187 31 47 2
1206244 31 47 2
1206388 31 12 0
1206388 31 12 0
1206446 31 12 2
1206471 31 12 2
1206955 31 1 0
1206955 31 1 0
1207045 31 1 2
1207053 31 1 2
1207501 31 46 0
1207501 31 46 0
1207543 31 46 2
1207551 31 46 2
1207583 31 47 0
1207583 31 47 0
1207624 31 47 2
1207627 31 47 2
1207768 31 12 0
1207768 31 12 0
1207826 31 12 2
1207835 31 12 2
1208319 31 1 0
1208319 31 1 0
1208410 31 1 2
1208415 31 1 2
1208863 31 46 0
1208863 31 46 0
1208905 31 46 2
1208913 31 46 2
1208945 31 47 0
1208945 31 47 0
1208979 31 47 2
1208987 31 47 2
1209131 31 12 0
1209131 31 12 0
1209189 31 12 2
1209197 31 12 2
1209681 31 1 0
1209681 31 1 0
1209771 31 1 2
1209779 31 1 2
1210227 31 46 0
1210227 31 46 0
1210269 31 46 2
1210277 31 46 2
1210309 31 47 0
1210309 31 47 0
1210343 31 47 2
1210353 31 47 2
1210497 31 12 0
1210497 31 12 0
1210555 31 12 2
1210563 31 12 2
1211047 31 1 0
1211047 31 1 0
1211141 31 1 2
1211143 31 1 2
1211591 31 46 0
1211591 31 46 0
1211633 31 46 2
1211640 31 46 2
1211672 31 47 0
1211672 31 47 0
1211706 31 47 2
1211714 31 47 2
1211858 31 12 0
1211858 31 12 0
1211916 31 12 2
1211924 31 12 2
1212408 31 1 0
1212408 31 1 0
1212498 31 1 2
1212506 31 1 2
1212954 31 46 0
1212954 31 46 0
1212998 31 46 2
1213009 31 46 2
1213041 31 47 0
1213041 31 47 0
1213075 31 47 2
1213084 31 47 2
1213228 31 12 0
1213228 31 12 0
1213286 31 12 2
1213294 31 12 2
1213778 31 1 0
1213778 31 1 0
1213869 31 1 2
1213874 31 1 2
1214322 31 46 0
1214322 31 46 0
1214364 31 46 2
1214372 31 46 2
1214404 31 47 0
1214404 31 47 0
1214447 31 47 2
1214448 31 47 2
1214591 31 12 0
1214591 31 12 0
1214649 31 12 2
1214656 31 12 2
1215140 31 1 0
1215140 31 1 0
1215230 31 1 2
1215238 31 1 2
1215686 31 46 0
1215686 31 46 0
1215728 31 46 2
1215738 31 46 2
1215770 31 47 0
1215770 31 47 0
1215804 31 47 2
1215812 31 47 2
1215956 31 12 0
1215956 31 12 0
1216014 31 12 2
1216022 31 12 2
1216506 31 1 0
1216506 31 1 0
1216597 31 1 2
1216602 31 1 2
1217050 31 46 0
1217050 31 46 0
1217092 31 46 2
1217100 31 46 2
1217132 31 47 0
1217132 31 47 0
1217166 31 47 2
1217175 31 47 2
1217319 31 12 0
1217319 31 12 0
1217377 31 12 2
1217385 31 12 2
1217869 31 1 0
1217869 31 1 0
1217959 31 1 2
1217967 31 1 2
1218415 31 46 0
1218415 31 46 0
1218457 31 46 2
1218465 31 46 2
1218497 31 47 0
1218497 31 47 0
1218531 31 47 2
1218539 31 47 2
1218683 31 12 0
1218683 31 12 0
1218741 31 12 2
1218750 31 12 2
1219234 31 1 0
1219234 31 1 0
1219326 31 1 2
1219330 31 1 2
1219778 31 46 0
1219778 31 46 0
1219820 31 46 2
1219827 31 46 2
1219859 31 47 0
1219859 31 47 0
1219893 31 47 2
1219901 31 47 2
1220045 31 12 0
1220045 31 12 0
1220103 31 12 2
1220111 31 12 2
1220595 31 1 0
1220595 31 1 0
1220685 31 1 2
1220693 31 1 2
1221066 31 28 2
1221141 31 46 0
1221141 31 46 0
1221183 31 46 2
1221191 31 46 2
1221223 31 47 0
1221223 31 47 0
1221257 31 47 2
1221264 31 47 2
1221408 31 12 0
1221408 31 12 0
1221466 31 12 2
1221474 31 12 2
1221606 31 1 0
1221712 31 1 2
1222064 31 1 0
1222064 31 1 0
1222154 31 1 2
1222162 31 1 2
1222610 31 46 0
1222610 31 46 0
1222652 31 46 2
1222660 31 46 2
1222692 31 47 0
1222692 31 47 0
1222726 31 47 2
1222734 31 47 2
1222878 31 12 0
1222878 31 12 0
1222936 31 12 2
1222944 31 12 2
1223428 31 1 0
1223428 31 1 0
1223518 31 1 2
1223526 31 1 2
1223974 31 46 0
1223974 31 46 0
1224016 31 46 2
1224024 31 46 2
1224056 31 47 0
1224056 31 47 0
1224090 31 47 2
1224098 31 47 2
1224242 31 12 0
1224242 31 12 0
1224300 31 12 2
1224312 31 12 2
1224588 31 29 2
1224788 31 9 0
1224916 31 9 2
1225040 31 55 0
1225190 31 55 2
1225194 31 1 0
1225194 31 1 0
1225284 31 1 2
1225311 31 1 2
1225335 31 56 0
1225497 31 56 2
1225537 31 45 0
1225679 31 45 2
1225735 31 46 0
1225817 31 46 2
1225893 31 63 0
1226107 31 63 2
1226115 31 47 0
1226198 31 47 2
1226274 31 29 2
1226302 31 62 0
1226302 31 62 0
1226360 31 62 2
1226368 31 62 2
1226664 31 3 0
1229010 31 3 2
1229018 31 19 0
1229085 31 17 2
1229100 31 19 2
1229104 31 3 0
1231551 31 3 2
1231626 31 33 2
1231741 31 45 2
1231848 31 18 2
1231950 31 51 2
1231959 31 3 0
1238353 31 3 2
1238547 31 22 2
1238557 31 3 0
1246014 31 3 2
1991539 31 1 0
1991539 31 1 0
1991651 31 1 2
1995389 31 1 2
1995785 31 36 0
1995785 31 36 0
1996475 31 36 2
1997441 31 36 2
1997485 31 37 0
1997485 31 37 0
1997637 31 37 2
1997645 31 37 2
1997777 31 8 0
1997777 31 8 0
1997867 31 8 2
1997875 31 8 2
1997923 31 0 0
1997923 31 0 0
1998021 31 0 2
1998029 31 0 2
1998117 31 36 0
1998117 31 36 0
1998170 31 36 2
1998385 31 36 2
1998417 31 38 0
1998417 31 38 0
1998741 31 38 2
1998749 31 38 2
1998909 31 54 0
1998909 31 54 0
1999027 31 54 2
1999087 31 37 0
1999087 31 37 0
1999129 31 37 2
1999140 31 37 2
1999149 31 54 2
2000128 31 47 0
2000128 31 47 0
2000162 31 47 2
2000290 31 0 2
2000447 31 47 2
2000471 31 11 0
2000471 31 11 0
2000537 31 11 2
2000545 31 11 2
2000673 31 1 0
2000673 31 1 0
2000764 31 1 2
2001098 31 1 2
2001154 31 7 0
2003042 31 7 2
2003510 31 14 0
2003624 31 14 2
2003636 31 15 0
2003636 31 15 0
2003670 31 15 2
2003703 31 15 2
2003791 31 38 0
2003791 31 38 0
2003825 31 38 2
2003852 31 38 2
2004008 31 46 0
2004008 31 46 0
2004050 31 46 2
2004109 31 46 2
2004153 31 12 0
2004153 31 12 0
2004211 31 12 2
2004219 31 12 2
2004227 31 0 0
2004227 31 0 0
2004325 31 0 2
2004333 31 0 2
2004481 31 47 0
2004481 31 47 0
2004515 31 47 2
2004523 31 47 2
2004539 31 12 0
2004647 31 12 2
2004683 31 47 0
2004784 31 47 2
2005218 31 28 2
2005313 31 29 2
2005532 31 54 0
2005532 31 54 0
2005582 31 54 2
2005591 31 54 2
2005690 31 28 2
2005827 31 29 2
2005949 31 29 2
2006239 31 58 0
2006239 31 58 0
2006318 31 30 2
2006329 31 58 2
2006356 31 58 2
2006436 31 59 0
2006436 31 59 0
2006518 31 59 2
2006555 31 59 2
2006615 31 38 0
2006615 31 38 0
2006649 31 38 2
2006656 31 38 2
2006753 31 30 2
2006878 31 30 2
2968833 31 38 0
2968833 31 38 0
2969218 31 38 2
2969735 31 38 2
2971719 31 38 0
2971719 31 38 0
2971753 31 38 2
2971822 31 38 2
2973766 31 38 0
2973766 31 38 0
2973801 31 38 2
2973809 31 38 2
2974327 31 0 2
3945427 31 38 0
3945427 31 38 0
3945787 31 38 2
3947420 31 38 2
3948836 31 7 0
3948910 31 7 2
3949478 31 38 0
3949478 31 38 0
3949513 31 38 2
3949952 31 38 2
3952148 31 38 0
3952148 31 38 0
3952189 31 38 2
3952202 31 38 2
4921955 31 38 0
4921955 31 38 0
4922242 31 38 2
4923961 31 38 2
4924226 31 38 0
4924226 31 38 0
4924261 31 38 2
4927528 31 0 2
4927657 31 38 2
4927941 31 7 0
4928325 31 7 2
4930237 31 38 0
4930237 31 38 0
4930271 31 38 2
4930279 31 38 2
5005031 31 50 2
5005577 31 50 2
5005708 31 50 2
5005967 31 50 2
5898556 31 38 0
5898556 31 38 0
5898734 31 38 2
5899094 31 38 2
5901078 31 38 0
5901078 31 38 0
5901114 31 38 2
5903660 31 38 2
5903816 31 46 0
5903866 31 46 2
5903910 31 12 0
5903975 31 12 2
5904131 31 47 0
5904172 31 47 2
5906012 31 38 0
5906012 31 38 0
5906055 31 38 2
5906087 31 38 2
5961804 31 63 2
5961903 31 63 2
5962154 31 63 2
