0 54 51 0
1089 54 51 2
1093 54 22 0
1732 54 22 2
1744 54 1 0
2206 54 1 2
2226 54 24 0
2332 54 24 2
31601 54 56 1
31817 54 2 2
31922 54 56 2
37948 54 4 0
39251 54 4 2
39303 54 44 0
40530 54 44 2
40542 54 5 0
40644 54 5 2
40656 54 45 0
41016 54 45 2
41084 54 24 0
41253 54 24 2
41285 54 25 0
41430 54 25 2
41438 54 26 0
41613 54 26 2
41653 54 27 0
41820 54 27 2
41840 54 33 0
42409 54 33 2
42429 54 35 0
42537 54 35 2
42545 54 41 0
43228 54 41 2
43244 54 42 0
43532 54 42 2
43564 54 1 0
43694 54 1 2
43730 54 36 0
43835 54 36 2
43847 54 43 0
44482 54 43 2
44498 54 17 0
44619 54 17 2
44711 54 27 0
44817 54 27 2
44821 54 37 0
45000 54 37 2
45012 54 17 0
45119 54 56 1
45194 54 17 2
45202 54 15 0
45337 54 4 2
45433 54 56 2
45438 54 4 0
45545 54 4 0
45565 54 15 2
45605 54 16 0
45660 54 4 0
45761 54 4 0
45860 54 4 0
45967 54 4 0
46055 54 16 2
46085 54 4 0
46095 54 18 0
46183 54 4 0
46208 54 18 2
46232 54 61 0
46285 54 4 0
46421 54 4 0
46527 54 4 0
46629 54 4 0
46643 54 61 2
46655 54 54 0
46751 54 4 0
46864 54 4 0
46955 54 54 2
46965 54 4 0
46975 54 13 0
47071 54 4 0
47178 54 4 0
47234 54 13 2
47242 54 19 0
47303 54 4 0
47349 54 19 2
47353 54 35 0
47427 54 4 0
47535 54 4 0
47636 54 4 0
47751 54 4 0
47810 54 35 2
47826 54 53 0
47869 54 4 0
47987 54 4 0
48102 54 4 0
48140 54 53 2
48180 54 33 0
48240 54 4 0
48303 54 33 2
48315 54 36 0
48362 54 4 0
48413 54 36 2
48433 54 40 0
48473 54 4 0
48595 54 4 0
48717 54 4 0
48781 54 50 2
48817 54 4 0
48830 54 40 2
48854 54 37 0
48950 54 4 0
48967 54 37 2
48972 54 56 1
49071 54 38 0
49091 54 4 0
49187 54 29 2
49218 54 4 0
49244 54 56 2
49286 54 49 2
49320 54 4 0
49405 54 53 2
49426 54 4 0
49529 54 38 2
49533 54 15 0
49535 54 4 0
49648 54 4 0
49749 54 4 0
49808 54 15 2
49832 54 8 0
49898 54 4 0
50023 54 8 2
50027 54 4 0
50031 54 29 0
50148 54 4 0
50164 54 29 2
50204 54 0 0
50260 54 4 0
50324 54 52 2
50395 54 4 0
50433 54 0 2
50445 54 38 0
50522 54 4 0
50636 54 38 2
50644 54 4 0
50652 54 39 0
50784 54 4 0
50921 54 4 0
51029 54 4 0
51096 54 51 2
51147 54 4 0
51266 54 39 2
51270 54 39 0
51273 54 4 0
51387 54 4 0
51526 54 4 0
51637 54 4 0
51712 54 55 2
51716 54 39 2
51753 54 4 0
51772 54 36 0
51864 54 4 0
51876 54 36 2
51908 54 38 0
51966 54 4 0
52061 54 38 2
52077 54 51 0
52089 54 4 0
52193 54 4 0
52338 54 4 0
52399 54 48 2
52474 54 4 0
52490 54 56 1
52560 54 51 2
52608 54 4 0
52616 54 21 0
52707 54 4 2
52751 54 4 0
52805 54 56 2
52811 54 4 0
52874 54 21 2
52882 54 52 0
52929 54 4 0
53031 54 4 0
53140 54 4 0
53254 54 4 0
53319 54 52 2
53354 54 4 0
53355 54 29 0
53461 54 4 0
53577 54 4 0
53613 54 29 2
53633 54 53 0
53677 54 4 0
53784 54 4 0
53884 54 4 0
53941 54 53 2
53965 54 54 0
54020 54 4 0
54124 54 4 0
54212 54 54 2
54223 54 4 0
54228 54 11 0
54354 54 4 0
54455 54 4 0
54572 54 4 0
54642 54 11 2
54654 54 56 0
54695 54 4 0
54806 54 4 0
54916 54 4 0
55039 54 4 0
55053 54 56 2
55057 54 12 0
55147 54 4 0
55258 54 4 0
55350 54 12 2
55358 54 57 0
55380 54 4 0
55490 54 4 0
55625 54 4 0
55637 54 57 2
55641 54 2 0
55744 54 4 0
55868 54 4 0
55991 54 2 2
55999 54 4 0
56043 54 37 0
56100 54 4 0
56167 54 37 2
56183 54 40 0
56225 54 4 0
56362 54 40 2
56365 54 4 0
56418 54 58 0
56465 54 4 0
56582 54 4 0
56662 54 58 2
56688 54 4 0
56722 54 35 0
56816 54 4 0
56860 54 35 2
56864 54 50 0
56949 54 4 0
57058 54 50 2
57070 54 4 0
57078 54 62 0
57173 54 4 0
57273 54 4 0
57375 54 4 0
57489 54 4 0
57607 54 4 0
57663 54 62 2
57691 54 38 0
57741 54 4 0
57846 54 4 0
57961 54 38 2
57969 54 4 0
58033 54 63 0
58077 54 4 0
58186 54 4 0
58236 54 63 2
58276 54 12 0
58321 54 4 0
58434 54 4 0
58556 54 4 0
58558 54 12 2
58582 54 2 0
58688 54 4 0
58705 54 2 2
58729 54 13 0
58789 54 4 0
58922 54 4 0
58984 54 13 2
59045 54 4 0
59080 54 3 0
59176 54 4 0
59194 54 3 2
59234 54 23 0
59291 54 4 0
59403 54 4 0
59410 54 23 2
59426 54 24 0
59516 54 4 0
59627 54 4 0
59749 54 4 0
60125 54 24 2
60233 54 25 0
60559 54 25 2
60567 54 25 0
60734 54 25 2
60762 54 26 0
60919 54 26 2
60999 54 0 0
61131 54 0 2
61139 54 3 0
61244 54 3 2
61288 54 4 0
61385 54 4 2
61481 54 5 0
62009 54 5 2
62049 54 15 0
63138 54 15 2
63146 54 14 0
63473 54 14 2
63485 54 50 0
63713 54 50 2
63741 54 6 0
63840 54 6 2
63860 54 4 0
63963 54 4 2
63971 54 8 0
64212 54 8 2
64216 54 47 0
64461 54 47 2
64469 54 49 0
64856 54 49 2
64872 54 11 0
64979 54 11 2
65015 54 5 0
65126 54 5 2
65150 54 37 0
65407 54 37 2
65471 54 4 0
65583 54 4 2
65587 54 1 0
65906 54 1 2
65934 54 27 0
66162 54 27 2
66170 54 2 0
66350 54 2 2
66362 54 11 0
66540 54 56 1
66687 54 11 2
66695 54 7 0
66757 54 19 2
66823 54 7 2
66838 54 56 2
66843 54 3 0
66951 54 3 2
67059 54 6 0
67297 54 6 2
67317 54 9 0
67558 54 9 2
67730 54 8 0
68021 54 8 2
68033 54 11 0
68184 54 11 2
68204 54 12 0
68361 54 12 2
68385 54 16 0
68748 54 16 2
68756 54 13 0
68857 54 13 2
68905 54 2 0
69657 54 2 2
69689 54 40 0
70138 54 40 2
70142 54 25 0
70263 54 25 2
70279 54 31 0
70461 54 31 2
70497 54 33 0
70789 54 33 2
70793 54 36 0
70920 54 36 2
70928 54 4 0
71188 54 4 2
71280 54 5 0
71625 54 5 2
71657 54 34 0
71844 54 34 2
71864 54 35 0
71971 54 35 2
71995 54 32 0
72345 54 32 2
72413 54 17 0
72738 54 17 2
73034 54 38 0
73034 54 38 0
73068 54 38 2
73255 54 38 2
73263 54 27 0
73468 54 27 2
73488 54 35 0
73594 54 35 2
73650 54 28 0
73750 54 28 2
73818 54 3 0
73939 54 3 2
73943 54 46 0
74323 54 46 2
74343 54 4 0
74449 54 4 2
74481 54 0 0
74746 54 0 2
74750 54 29 0
74895 54 29 2
75039 54 47 0
75276 54 47 2
75348 54 30 0
75649 54 30 2
76001 54 31 0
76621 54 31 2
76625 54 44 0
76899 54 44 2
76907 54 43 0
77342 54 43 2
77474 54 32 0
77714 54 32 2
77786 54 33 0
78043 54 56 1
78267 54 4 2
78297 54 33 2
78345 54 33 0
78362 54 56 2
78366 54 4 0
78495 54 4 0
78501 54 33 2
78509 54 27 0
78597 54 4 0
78624 54 27 2
78728 54 54 0
78733 54 4 0
78850 54 4 0
78957 54 4 0
79045 54 54 2
79057 54 28 0
79058 54 4 0
79155 54 28 2
79159 54 4 0
79171 54 30 0
79260 54 4 0
79370 54 4 0
79477 54 30 2
79485 54 56 0
79493 54 4 0
79603 54 4 0
79705 54 4 0
79822 54 4 0
79953 54 4 0
80056 54 4 0
80159 54 4 0
80233 54 56 2
80249 54 31 0
80274 54 4 0
80379 54 4 0
80496 54 4 0
80504 54 31 2
80604 54 41 0
80615 54 4 0
80748 54 4 0
80838 54 41 2
80886 54 61 0
80890 54 4 0
81012 54 4 0
81153 54 4 0
81220 54 61 2
81224 54 39 0
81278 54 4 0
81398 54 39 2
81399 54 4 0
81410 54 7 0
81514 54 4 0
81539 54 7 2
81599 54 8 0
81623 54 4 0
81738 54 4 0
81801 54 8 2
81833 54 63 0
81859 54 4 0
81967 54 4 0
82069 54 4 0
82173 54 4 0
82280 54 63 2
82304 54 4 0
82388 54 0 0
82439 54 4 0
82517 54 0 2
82545 54 57 0
82565 54 4 0
82693 54 4 0
82827 54 4 0
82958 54 4 0
83079 54 4 0
83190 54 4 0
83293 54 4 0
83398 54 4 0
83500 54 4 0
83529 54 57 2
83597 54 58 0
83611 54 4 0
83751 54 4 0
83828 54 58 2
83865 54 4 0
83912 54 46 0
84002 54 4 0
84073 54 46 2
84085 54 59 0
84116 54 4 0
84231 54 4 0
84261 54 59 2
84293 54 32 0
84329 54 4 0
84455 54 4 0
84570 54 4 0
84586 54 32 2
84594 54 50 0
84672 54 4 0
84757 54 50 2
84786 54 4 0
84833 54 60 0
84932 54 4 0
85056 54 4 0
85170 54 4 0
85296 54 4 0
85437 54 4 0
85456 54 60 2
85464 54 62 0
85559 54 4 0
85680 54 4 0
86149 54 62 2
86153 54 3 0
86266 54 3 2
86278 54 5 0
86376 54 5 2
86404 54 17 0
86695 54 17 2
86715 54 6 0
86837 54 6 2
86929 54 11 0
87542 54 11 2
87550 54 10 0
87664 54 10 2
87684 54 11 0
87800 54 11 2
87808 54 6 0
87917 54 6 2
87953 54 36 0
88560 54 36 2
88620 54 12 0
88717 54 12 2
88725 54 0 0
88895 54 0 2
89019 54 15 0
89131 54 15 2
89251 54 7 0
89396 54 7 2
89412 54 0 0
89847 54 0 2
89995 54 9 0
90125 54 9 2
90157 54 8 0
90352 54 8 2
90380 54 55 0
90818 54 55 2
90926 54 14 0
91056 54 14 2
91372 54 29 0
91569 54 29 2
91609 54 30 0
92251 54 30 2
92295 54 17 0
92762 54 17 2
92818 54 18 0
93051 54 18 2
93099 54 19 0
93236 54 19 2
93244 54 0 2
93272 54 21 0
93439 54 21 2
93471 54 22 0
93638 54 22 2
93794 54 4 0
93902 54 4 2
93930 54 18 0
94149 54 56 1
94367 54 4 2
94456 54 56 2
94457 54 4 0
94555 54 18 2
94561 54 4 0
94682 54 4 0
94727 54 61 0
94785 54 4 0
94862 54 61 2
94887 54 4 0
94934 54 54 0
94998 54 4 0
95129 54 4 0
95243 54 4 0
95332 54 54 2
95346 54 4 0
95364 54 55 0
95449 54 4 0
95556 54 4 0
95667 54 4 0
95771 54 4 0
95887 54 4 0
95911 54 55 2
96014 54 4 0
96124 54 4 0
96139 54 40 0
96224 54 4 0
96300 54 40 2
96328 54 49 0
96339 54 4 0
96462 54 4 0
96511 54 49 2
96523 54 51 0
96584 54 4 0
96684 54 51 2
96704 54 37 0
96719 54 4 0
96834 54 37 2
96838 54 20 0
96860 54 4 0
96936 54 20 2
96952 54 3 0
96974 54 4 0
97097 54 4 0
97207 54 4 0
97318 54 4 0
97380 54 3 2
97422 54 4 0
97472 54 21 0
97532 54 4 0
97571 54 21 2
97579 54 56 0
97654 54 4 0
98086 54 56 2
98106 54 57 0
98265 54 57 2
98353 54 58 0
98785 54 58 2
98865 54 59 0
99289 54 59 2
99313 54 63 0
99831 54 63 2
99915 54 33 0
100037 54 33 2
102443 54 56 1
102658 54 2 2
102764 54 56 2
149149 54 56 1
149226 54 56 1
149337 54 56 1
149368 54 5 2
149450 54 56 2
149478 54 38 2
149520 54 56 2
149588 54 37 2
149637 54 56 2
149729 54 56 1
149948 54 40 2
150030 54 56 2
150331 54 56 1
150449 54 56 1
150543 54 56 1
150548 54 13 2
150622 54 56 2
150630 54 56 1
150668 54 33 2
150749 54 56 1
150750 54 56 2
150778 54 58 2
150845 54 56 2
150888 54 53 2
150922 54 56 2
150969 54 56 1
150998 54 46 2
151032 54 56 2
151078 54 56 1
151165 54 56 1
151188 54 12 2
151270 54 56 2
151298 54 19 2
151317 54 56 1
151380 54 56 2
151408 54 39 2
151458 54 56 2
151528 54 25 2
151583 54 56 1
151618 54 56 2
151677 54 56 1
151795 54 56 1
151798 54 16 2
151865 54 56 1
151904 54 56 2
151908 54 32 2
151997 54 56 2
152018 54 17 2
152117 54 56 2
152124 54 56 1
152128 54 36 2
152158 54 56 1
152186 54 56 2
152269 54 56 1
152338 54 8 2
152411 54 56 1
152448 54 52 2
152452 54 56 2
152489 54 56 1
152490 54 56 2
152558 54 55 2
152592 54 56 2
152668 54 41 2
152742 54 56 2
152778 54 45 2
152806 54 56 1
152820 54 56 2
152875 54 56 1
152969 54 56 1
153018 54 3 2
153111 54 56 1
153116 54 56 2
153128 54 30 2
153178 54 56 2
153238 54 61 2
153280 54 56 2
153348 54 48 2
153422 54 56 2
153447 54 56 1
153573 54 56 1
153658 54 63 2
153675 54 56 1
153700 54 56 2
153788 54 42 2
153854 54 56 2
153881 54 56 1
153898 54 43 2
153956 54 56 2
154059 54 56 1
154108 54 27 2
154182 54 56 2
154229 54 56 1
154278 54 56 2
154360 54 56 2
154448 54 62 2
154482 54 56 2
160844 54 56 1
161058 54 2 2
161164 54 56 2
195256 54 4 0
195671 54 4 0
196230 54 4 0
196369 54 4 0
196509 54 4 0
196844 54 4 0
197134 54 4 0
197270 54 4 0
197369 54 4 0
197489 54 4 0
197602 54 4 0
197726 54 4 0
197867 54 4 0
198000 54 4 0
198173 54 4 0
198317 54 4 0
198452 54 4 0
198560 54 4 0
198701 54 4 0
198946 54 4 0
199087 54 4 0
199212 54 4 0
199316 54 4 0
199429 54 4 0
199528 54 4 0
199808 54 4 0
200158 54 4 0
200280 54 4 0
200399 54 4 0
200837 54 4 0
200983 54 4 0
201098 54 4 0
207013 54 4 0
227429 54 56 1
227642 54 2 2
227747 54 56 2
232509 54 56 1
232722 54 2 2
232827 54 56 2
246071 54 56 1
246072 54 2 0
246282 54 2 2
246387 54 56 2
261045 54 56 1
261262 54 2 2
261367 54 56 2
276675 54 56 1
276893 54 0 2
277015 54 56 2
311079 54 2 0
311080 54 56 1
311292 54 2 2
311397 54 56 2
322581 54 56 1
322792 54 2 2
322897 54 56 2
328757 54 56 1
328973 54 2 2
329079 54 56 2
345604 54 56 1
345822 54 2 2
345927 54 56 2
421813 54 4 0
422355 54 56 1
422572 54 0 2
422693 54 56 2
520385 54 56 1
520597 54 2 2
520702 54 56 2
534155 54 2 0
534156 54 56 1
534367 54 2 2
534472 54 56 2
539534 54 56 1
539747 54 2 2
539852 54 56 2
562179 54 56 1
562180 54 2 0
562398 54 2 2
562504 54 56 2
628837 54 2 0
628838 54 56 1
629049 54 2 2
629154 54 56 2
1015703 54 38 0
1015703 54 38 0
1015737 54 38 2
1015745 54 38 2
1015800 54 50 2
1015883 54 51 2
1015958 54 28 2
1016033 54 22 2
1016100 54 20 2
1016184 54 35 2
1016259 54 59 2
1016342 54 44 2
1016409 54 57 2
1016508 54 26 2
1016599 54 40 2
1016698 54 24 2
1016805 54 47 2
1016864 54 6 2
1016950 54 18 2
1017050 54 33 2
1017141 54 34 2
1017197 54 7 0
1017224 54 4 2
1017287 54 7 2
1017323 54 48 2
1017422 54 31 2
1017489 54 27 2
1017572 54 14 2
1017647 54 49 2
1017738 54 1 2
1017861 54 63 2
1017928 54 0 2
1018060 54 37 2
1018120 54 17 2
1018209 54 4 0
1018227 54 11 2
1018326 54 60 2
1018363 54 38 0
1018363 54 38 0
1018401 54 43 2
1018476 54 23 2
1018495 54 38 2
1018550 54 12 2
1018642 54 10 2
1018808 54 53 2
1018867 54 9 2
1018982 54 42 2
1019065 54 21 2
1019207 54 16 2
1019322 54 13 2
1019405 54 15 2
1019488 54 7 2
1019579 54 46 2
1019673 54 29 2
1019791 54 36 2
1019946 54 56 2
1020053 54 45 2
1020114 54 30 2
1020173 54 8 2
1020296 54 32 2
1020395 54 41 2
1020486 54 25 2
1020585 54 55 2
1020644 54 5 2
1020735 54 39 2
1020794 54 38 2
1020845 54 3 2
1020952 54 61 2
1021082 54 62 2
1021476 54 52 2
1021699 54 56 0
1021767 54 19 2
1021917 54 58 2
1021993 54 56 2
1022477 54 38 2
1022569 54 57 0
1022903 54 57 2
1023479 54 58 0
1023716 54 58 2
1024292 54 59 0
1024542 54 59 2
1025118 54 60 0
1025414 54 60 2
1025990 54 61 0
1026271 54 61 2
1026847 54 62 0
1027086 54 62 2
1027662 54 63 0
1027877 54 63 2
1028453 54 0 0
1028453 54 0 0
1028568 54 0 2
1028734 54 0 2
1029002 54 2 0
1029115 54 2 2
1029171 54 3 0
1029277 54 3 2
1029281 54 7 0
1029604 54 7 2
1029692 54 4 0
1029692 54 4 0
1029774 54 4 2
1029782 54 4 2
1030170 54 1 0
1030515 54 1 2
1031091 54 2 0
1031423 54 2 2
1031999 54 3 0
1032341 54 3 2
1032497 54 2 0
1032498 54 2 2
1032559 54 0 0
1032560 54 56 1
1032678 54 27 0
1032778 54 0 2
1032794 54 53 0
1032900 54 56 2
1032905 54 0 0
1032917 54 4 0
1032933 54 13 0
1033039 54 0 0
1033067 54 37 0
1033174 54 0 0
1033202 54 12 0
1033308 54 0 0
1033331 54 33 0
1033442 54 0 0
1033462 54 63 0
1033583 54 0 0
1033597 54 45 0
1033713 54 0 0
1033736 54 17 0
1033867 54 0 0
1034008 54 0 0
1034046 54 4 2
1034148 54 48 0
1034149 54 0 0
1034425 54 25 0
1034427 54 0 0
1034622 54 5 0
1034664 54 40 0
1034665 54 0 0
1034882 54 5 2
1034907 54 43 0
1034908 54 0 0
1035384 54 46 0
1035385 54 0 0
1035458 54 6 0
1035534 54 16 0
1035535 54 0 0
1035796 54 6 2
1035914 54 30 0
1035915 54 0 0
1036075 54 38 0
1036076 54 0 0
1036283 54 39 0
1036284 54 0 0
1036372 54 7 0
1036432 54 56 0
1036443 54 0 0
1036542 54 42 0
1036583 54 0 0
1036662 54 41 0
1036666 54 7 2
1036733 54 0 0
1036778 54 32 0
1036889 54 0 0
1037026 54 61 0
1037027 54 0 0
1037157 54 52 0
1037178 54 0 0
1037242 54 8 0
1037321 54 36 0
1037322 54 0 0
1037447 54 19 0
1037458 54 0 0
1037525 54 8 2
1037664 54 55 0
1037665 54 0 0
1037811 54 58 0
1037812 54 0 0
1037927 54 3 0
1037958 54 0 0
1038051 54 5 0
1038092 54 0 0
1038101 54 9 0
1038188 54 8 0
1038229 54 0 0
1038371 54 62 0
1038372 54 0 0
1038425 54 9 2
1039001 54 10 0
1039327 54 10 2
1039751 54 2 0
1039752 54 0 0
1039903 54 11 0
1039903 54 11 0
1039985 54 11 2
1040233 54 11 2
1040809 54 12 0
1041105 54 12 2
1041577 54 53 2
1041681 54 13 0
1041943 54 13 2
1041997 54 53 2
1042231 54 53 2
1042519 54 14 0
1042837 54 14 2
1043413 54 15 0
1043697 54 15 2
1044273 54 16 0
1044555 54 16 2
1044919 54 45 2
1045131 54 17 0
1045455 54 17 2
1046031 54 18 0
1046339 54 18 2
1046742 54 46 2
1046915 54 19 0
1047224 54 19 2
1047800 54 20 0
1048085 54 20 2
1048661 54 21 0
1048915 54 43 2
1048923 54 21 2
1049499 54 22 0
1049808 54 22 2
1050384 54 23 0
1050650 54 23 2
1051218 54 42 2
1051226 54 24 0
1051505 54 24 2
1052081 54 25 0
1052405 54 25 2
1052981 54 26 0
1052988 54 41 2
1053270 54 26 2
1053715 54 40 2
1053846 54 27 0
1054148 54 27 2
1054724 54 28 0
1055005 54 28 2
1055466 54 38 2
1055581 54 29 0
1055843 54 29 2
1056216 54 39 2
1056419 54 30 0
1056710 54 30 2
1057286 54 31 0
1057454 54 37 2
1057532 54 31 2
1058108 54 32 0
1058321 54 36 2
1058385 54 32 2
1058961 54 33 0
1059285 54 33 2
1059861 54 34 0
1060132 54 34 2
1060708 54 35 0
1060988 54 35 2
1061564 54 36 0
1061845 54 36 2
1062421 54 37 0
1062675 54 33 2
1062683 54 37 2
1063259 54 38 0
1063532 54 38 2
1064108 54 39 0
1064344 54 39 2
1064607 54 32 2
1064920 54 40 0
1065204 54 40 2
1065780 54 41 0
1066104 54 41 2
1066680 54 42 0
1066934 54 42 2
1067510 54 43 0
1067781 54 43 2
1068140 54 30 2
1068357 54 44 0
1068635 54 44 2
1069211 54 45 0
1069473 54 45 2
1070049 54 46 0
1070213 54 27 2
1070303 54 46 2
1070879 54 47 0
1071096 54 47 2
1071672 54 48 0
1071956 54 48 2
1072532 54 49 0
1072855 54 49 2
1073247 54 25 2
1073431 54 50 0
1073676 54 50 2
1074252 54 51 0
1074502 54 51 2
1075078 54 52 0
1075355 54 52 2
1075931 54 53 0
1076193 54 53 2
1076769 54 54 0
1076778 54 56 1
1076999 54 54 2
1077015 54 54 2
1077024 54 56 2
1077202 54 56 1
1077314 54 56 1
1077429 54 50 2
1077487 54 56 2
1077539 54 51 2
1077588 54 56 2
1077800 54 56 1
1078019 54 28 2
1078070 54 56 1
1078085 54 56 2
1078198 54 56 1
1078289 54 22 2
1078292 54 56 1
1078347 54 56 2
1078409 54 20 2
1078410 54 56 1
1078482 54 56 2
1078514 54 56 1
1078519 54 59 2
1078576 54 56 2
1078629 54 35 2
1078695 54 56 2
1078759 54 44 2
1078809 54 56 2
1079276 54 56 1
1079402 54 56 1
1079489 54 6 2
1079496 54 56 1
1079562 54 56 2
1079615 54 56 1
1079619 54 24 2
1079708 54 56 1
1079716 54 56 2
1079729 54 26 2
1079811 54 56 2
1079839 54 18 2
1079894 54 56 1
1079929 54 56 2
1079949 54 57 2
1079988 54 56 1
1080023 54 56 2
1080109 54 4 2
1080140 54 56 1
1080198 54 56 2
1080219 54 34 2
1080242 54 56 1
1080293 54 56 2
1080439 54 14 2
1080505 54 56 2
1080518 54 56 1
1080549 54 31 2
1080563 54 56 1
1080607 54 56 2
1080690 54 56 1
1080729 54 1 2
1080839 54 47 2
1080843 54 56 2
1080880 54 56 2
1080949 54 49 2
1080986 54 56 1
1081015 54 56 2
1081054 54 56 1
1081199 54 11 2
1081289 54 56 2
1081309 54 60 2
1081359 54 56 2
1081512 54 56 1
1081729 54 10 2
1081768 54 56 1
1081827 54 56 2
1081979 54 23 2
1082045 54 56 2
1082052 54 56 1
1082120 54 56 1
1082269 54 9 2
1082375 54 56 2
1082379 54 21 2
1082444 54 56 2
1082594 54 56 1
1082700 54 56 1
1082782 54 56 1
1082809 54 7 2
1082891 54 56 2
1082919 54 15 2
1082993 54 56 2
1083029 54 29 2
1083087 54 56 2
1083111 54 8 0
1083395 54 8 2
1084322 54 19 2
1086367 54 17 2
1089229 54 16 2
1089945 54 13 2
1090967 54 12 2
1101729 54 8 2
1107647 54 5 2
1107860 54 3 2
1109930 54 2 2
1113356 54 0 2
1116343 54 63 2
1117611 54 62 2
1117913 54 61 2
1121203 54 31 0
1121309 54 31 2
1121353 54 35 0
1121631 54 35 2
1121691 54 32 0
1121789 54 32 2
1121845 54 46 0
1121936 54 46 2
1121968 54 12 0
1122068 54 12 2
1122080 54 33 0
1122174 54 33 2
1122266 54 34 0
1122356 54 34 2
1122388 54 1 0
1122388 54 1 0
1122494 54 1 2
1122502 54 1 2
1122546 54 32 0
1122644 54 32 2
1122652 54 35 0
1122741 54 35 2
1122745 54 60 0
1122848 54 60 2
1122864 54 61 0
1122961 54 61 2
1123021 54 48 0
1123120 54 48 2
1123160 54 49 0
1123253 54 49 2
1123289 54 36 0
1123289 54 36 0
1123339 54 36 2
1123382 54 36 2
1123446 54 37 0
1123446 54 37 0
1123488 54 37 2
1123537 54 37 2
1123585 54 58 0
1123585 54 58 0
1123644 54 58 2
1123682 54 58 2
1123694 54 31 0
1123945 54 31 2
1123957 54 30 0
1124035 54 58 2
1124243 54 30 2
1124251 54 59 0
1124251 54 59 0
1124301 54 59 2
1124390 54 59 2
1124442 54 34 0
1124715 54 34 2
1124755 54 0 0
1125030 54 0 2
1125038 54 33 0
1125364 54 33 2
1125380 54 60 0
1125519 54 60 2
1125539 54 32 0
1125824 54 32 2
1125900 54 61 0
1126038 54 61 2
1126162 54 62 0
1126300 54 62 2
1126388 54 12 0
1126518 54 12 2
1126530 54 39 0
1126671 54 39 2
1126683 54 13 0
1126813 54 13 2
1126817 54 48 0
1126947 54 48 2
1126959 54 59 0
1127104 54 59 2
1127132 54 54 0
1127132 54 54 0
1127141 54 54 0
1127142 54 0 0
1127150 54 54 2
1127263 54 54 2
1127288 54 0 0
1127289 54 50 0
1127303 54 55 0
1127406 54 51 0
1127427 54 0 0
1127441 54 55 2
1127465 54 56 0
1127556 54 28 0
1127567 54 0 0
1127603 54 56 2
1127631 54 57 0
1127770 54 57 2
1127834 54 58 0
1127972 54 58 2
1128008 54 49 0
1128048 54 20 0
1128049 54 0 0
1128138 54 49 2
1128178 54 63 0
1128326 54 63 2
1128374 54 15 0
1128432 54 22 0
1128433 54 0 0
1128513 54 15 2
1128529 54 44 0
1128624 54 59 0
1128625 54 0 0
1128660 54 44 2
1128680 54 45 0
1128751 54 35 0
1128772 54 0 0
1128819 54 45 2
1128888 54 44 0
1128907 54 0 0
1129067 54 0 0
1129200 54 0 2
1129292 54 1 0
1129422 54 1 2
1129522 54 2 0
1129652 54 2 2
1129660 54 47 0
1129701 54 47 2
1129713 54 41 0
1129754 54 56 2
1129773 54 6 0
1129774 54 0 0
1129835 54 41 2
1129907 54 3 0
1129912 54 24 0
1129913 54 0 0
1130036 54 3 2
1130037 54 26 0
1130058 54 0 0
1130161 54 18 0
1130192 54 0 0
1130296 54 5 0
1130413 54 57 0
1130414 54 0 0
1130433 54 5 2
1130481 54 6 0
1130578 54 4 0
1130579 54 0 0
1130613 54 6 2
1130701 54 7 0
1130714 54 34 0
1130715 54 0 0
1130842 54 14 0
1130844 54 7 2
1130853 54 0 0
1130952 54 8 0
1131071 54 31 0
1131072 54 0 0
1131081 54 8 2
1131137 54 1 0
1131230 54 1 0
1131242 54 0 0
1131253 54 1 2
1131431 54 47 0
1131432 54 0 0
1131580 54 49 0
1131581 54 0 0
1131701 54 46 0
1131703 54 11 0
1131714 54 0 0
1131734 54 46 2
1131742 54 4 0
1131834 54 60 0
1131841 54 4 2
1131855 54 0 0
1131865 54 47 0
1131906 54 47 2
1131955 54 10 0
1132007 54 0 0
1132050 54 12 0
1132131 54 12 2
1132243 54 23 0
1132245 54 0 0
1132389 54 9 0
1132391 54 0 0
1132495 54 10 0
1132515 54 21 0
1132536 54 0 0
1132602 54 10 2
1132722 54 1 0
1132722 54 1 0
1132828 54 1 2
1132837 54 1 2
1133269 54 14 0
1133372 54 7 0
1133373 54 0 0
1133376 54 14 2
1133392 54 46 0
1133425 54 46 2
1133457 54 47 0
1133457 54 47 0
1133491 54 47 2
1133500 54 47 2
1133548 54 15 0
1133549 54 0 0
1133644 54 12 0
1133644 54 12 0
1133694 54 29 0
1133695 54 0 0
1133718 54 12 2
1133726 54 12 2
1134210 54 1 0
1134322 54 1 2
1134770 54 46 0
1134770 54 46 0
1134796 54 46 2
1134803 54 46 2
1134835 54 47 0
1134876 54 47 2
1135020 54 12 0
1135102 54 12 2
1135586 54 1 0
1135586 54 1 0
1135692 54 1 2
1135701 54 1 2
1136149 54 46 0
1136149 54 46 0
1136170 54 47 2
1136175 54 46 2
1136183 54 46 2
1136215 54 47 0
1136215 54 47 0
1136249 54 47 2
1136256 54 47 2
1136400 54 12 0
1136400 54 12 0
1136474 54 12 2
1136484 54 12 2
1136968 54 1 0
1136968 54 1 0
1137078 54 1 2
1137087 54 1 2
1137535 54 46 0
1137535 54 46 0
1137561 54 46 2
1137569 54 46 2
1137601 54 47 0
1137601 54 47 0
1137635 54 47 2
1137644 54 47 2
1137664 54 44 2
1137788 54 12 0
1137788 54 12 0
1137862 54 12 2
1137870 54 12 2
1138354 54 1 0
1138354 54 1 0
1138460 54 1 2
1138468 54 1 2
1138642 54 58 2
1138916 54 46 0
1138916 54 46 0
1138942 54 46 2
1138950 54 46 2
1138982 54 47 0
1138982 54 47 0
1139016 54 47 2
1139024 54 47 2
1139168 54 12 0
1139168 54 12 0
1139242 54 12 2
1139250 54 12 2
1139734 54 1 0
1139734 54 1 0
1139841 54 1 2
1139866 54 1 2
1140314 54 46 0
1140314 54 46 0
1140340 54 46 2
1140348 54 46 2
1140380 54 47 0
1140380 54 47 0
1140414 54 47 2
1140421 54 47 2
1140565 54 12 0
1140565 54 12 0
1140639 54 12 2
1140646 54 12 2
1141130 54 1 0
1141259 54 1 2
1141707 54 46 0
1141707 54 46 0
1141734 54 46 2
1141740 54 46 2
1141772 54 47 0
1141772 54 47 0
1141806 54 47 2
1141814 54 47 2
1141958 54 12 0
1141958 54 12 0
1142033 54 12 2
1142041 54 12 2
1142525 54 1 0
1142525 54 1 0
1142631 54 1 2
1142656 54 1 2
1143104 54 46 0
1143104 54 46 0
1143130 54 46 2
1143137 54 46 2
1143169 54 47 0
1143169 54 47 0
1143203 54 47 2
1143211 54 47 2
1143355 54 12 0
1143355 54 12 0
1143430 54 12 2
1143441 54 12 2
1143829 54 1 0
1143829 54 1 0
1143935 54 1 2
1143960 54 1 2
1144392 54 7 0
1144498 54 7 2
1144514 54 46 0
1144514 54 46 0
1144540 54 46 2
1144548 54 46 2
1144580 54 47 0
1144580 54 47 0
1144614 54 47 2
1144622 54 47 2
1144766 54 12 0
1144766 54 12 0
1144840 54 12 2
1144848 54 12 2
1145332 54 1 0
1145332 54 1 0
1145438 54 1 2
1145446 54 1 2
1145894 54 46 0
1145894 54 46 0
1145920 54 46 2
1145928 54 46 2
1145960 54 47 0
1145960 54 47 0
1145994 54 47 2
1146002 54 47 2
1146146 54 12 0
1146146 54 12 0
1146220 54 12 2
1146228 54 12 2
1146712 54 1 0
1146712 54 1 0
1146818 54 1 2
1146835 54 1 2
1147283 54 46 0
1147283 54 46 0
1147309 54 46 2
1147317 54 46 2
1147349 54 47 0
1147349 54 47 0
1147383 54 47 2
1147391 54 47 2
1147535 54 5 0
1147679 54 5 2
1147687 54 61 0
1147687 54 61 0
1147721 54 61 2
1147810 54 61 2
1147818 54 29 0
1148079 54 29 2
1148095 54 62 0
1148095 54 62 0
1148121 54 62 2
1148129 54 62 2
1148405 54 63 0
1148405 54 63 0
1148459 54 63 2
1148626 54 63 2
1149050 54 12 0
1149050 54 12 0
1149124 54 12 2
1149174 54 12 2
1149614 54 11 0
1149744 54 11 2
1149956 54 1 0
1149956 54 1 0
1150063 54 1 2
1150078 54 1 2
1150526 54 46 0
1150526 54 46 0
1150532 54 35 2
1150552 54 46 2
1150617 54 46 2
1150649 54 47 0
1150649 54 47 0
1150683 54 47 2
1150779 54 47 2
1150923 54 12 0
1150923 54 12 0
1150998 54 12 2
1151025 54 12 2
1151509 54 1 0
1151509 54 1 0
1151616 54 1 2
1151624 54 1 2
1152072 54 46 0
1152072 54 46 0
1152098 54 46 2
1152106 54 46 2
1152138 54 47 0
1152138 54 47 0
1152182 54 47 2
1152340 54 47 2
1152484 54 12 0
1152484 54 12 0
1152562 54 12 2
1152572 54 12 2
1153056 54 1 0
1153056 54 1 0
1153163 54 1 2
1153186 54 1 2
1153634 54 46 0
1153634 54 46 0
1153660 54 46 2
1153757 54 46 2
1153789 54 47 0
1153789 54 47 0
1153823 54 47 2
1153830 54 51 2
1153859 54 34 2
1153920 54 47 2
1154064 54 12 0
1154064 54 12 0
1154138 54 12 2
1154187 54 12 2
1154671 54 1 0
1154671 54 1 0
1154777 54 1 2
1154784 54 1 2
1155232 54 46 0
1155232 54 46 0
1155258 54 46 2
1155266 54 46 2
1155298 54 47 0
1155298 54 47 0
1155332 54 47 2
1155339 54 47 2
1155483 54 12 0
1155575 54 12 2
1156059 54 1 0
1156059 54 1 0
1156165 54 1 2
1156173 54 1 2
1156621 54 46 0
1156621 54 46 0
1156647 54 46 2
1156655 54 46 2
1156687 54 47 0
1156687 54 47 0
1156752 54 47 2
1156770 54 47 2
1156914 54 12 0
1156914 54 12 0
1157018 54 12 2
1157036 54 12 2
1157520 54 1 0
1157520 54 1 0
1157626 54 1 2
1157651 54 1 2
1158083 54 8 0
1158083 54 8 0
1158160 54 31 2
1158189 54 8 2
1158206 54 8 2
1158222 54 46 0
1158222 54 46 0
1158248 54 46 2
1158258 54 46 2
1158290 54 47 0
1158290 54 47 0
1158345 54 47 2
1158364 54 47 2
1158508 54 12 0
1158508 54 12 0
1158622 54 12 2
1158630 54 12 2
1158784 54 28 2
1159114 54 1 0
1159114 54 1 0
1159220 54 1 2
1159228 54 1 2
1159676 54 46 0
1159676 54 46 0
1159702 54 46 2
1159710 54 46 2
1159742 54 47 0
1159742 54 47 0
1159806 54 47 2
1159826 54 47 2
1159970 54 12 0
1159970 54 12 0
1160074 54 12 2
1160092 54 12 2
1160576 54 1 0
1160576 54 1 0
1160691 54 1 2
1160692 54 1 2
1161140 54 46 0
1161140 54 46 0
1161166 54 46 2
1161177 54 46 2
1161209 54 47 0
1161209 54 47 0
1161273 54 47 2
1161292 54 47 2
1161436 54 12 0
1161436 54 12 0
1161540 54 12 2
1161558 54 12 2
1162042 54 1 0
1162042 54 1 0
1162148 54 1 2
1162155 54 1 2
1162603 54 46 0
1162603 54 46 0
1162629 54 46 2
1162637 54 46 2
1162669 54 47 0
1162669 54 47 0
1162733 54 47 2
1162751 54 47 2
1162895 54 12 0
1162895 54 12 0
1162985 54 29 2
1163009 54 12 2
1163018 54 12 2
1163502 54 1 0
1163502 54 1 0
1163608 54 1 2
1163645 54 1 2
1164093 54 46 0
1164093 54 46 0
1164119 54 46 2
1164127 54 46 2
1164157 54 26 2
1164159 54 47 0
1164159 54 47 0
1164233 54 47 2
1164252 54 47 2
1164396 54 12 0
1164396 54 12 0
1164500 54 12 2
1164518 54 12 2
1165002 54 1 0
1165002 54 1 0
1165108 54 1 2
1165133 54 1 2
1165581 54 46 0
1165581 54 46 0
1165607 54 46 2
1165615 54 46 2
1165647 54 47 0
1165647 54 47 0
1165711 54 47 2
1165728 54 47 2
1165872 54 12 0
1165872 54 12 0
1165986 54 12 2
1165994 54 12 2
1166478 54 1 0
1166478 54 1 0
1166585 54 1 2
1166593 54 1 2
1167041 54 46 0
1167041 54 46 0
1167067 54 46 2
1167075 54 46 2
1167107 54 47 0
1167107 54 47 0
1167171 54 47 2
1167189 54 47 2
1167333 54 12 0
1167333 54 12 0
1167451 54 12 2
1167463 54 12 2
1167833 54 24 2
1167947 54 1 0
1167947 54 1 0
1167958 54 22 2
1168054 54 1 2
1168062 54 1 2
1168510 54 46 0
1168510 54 46 0
1168536 54 46 2
1168544 54 46 2
1168576 54 47 0
1168576 54 47 0
1168640 54 47 2
1168745 54 47 2
1168889 54 12 0
1168889 54 12 0
1168963 54 12 2
1168971 54 12 2
1169455 54 1 0
1169455 54 1 0
1169561 54 1 2
1169586 54 1 2
1169587 54 20 2
1170018 54 9 0
1170132 54 9 2
1170148 54 46 0
1170148 54 46 0
1170174 54 46 2
1170239 54 46 2
1170271 54 47 0
1170271 54 47 0
1170305 54 47 2
1170400 54 47 2
1170486 54 23 2
1170544 54 12 0
1170544 54 12 0
1170643 54 12 2
1170678 54 12 2
1171127 54 1 0
1171127 54 1 0
1171258 54 1 2
1171283 54 1 2
1171706 54 46 0
1171706 54 46 0
1171772 54 46 2
1171797 54 46 2
1171829 54 47 0
1171829 54 47 0
1171943 54 47 2
1171968 54 47 2
1172112 54 12 0
1172112 54 12 0
1172211 54 12 2
1172247 54 12 2
1172695 54 1 0
1172695 54 1 0
1172809 54 1 2
1172821 54 1 2
1173257 54 46 0
1173257 54 46 0
1173290 54 46 2
1173293 54 46 2
1173322 54 47 0
1173322 54 47 0
1173373 54 47 2
1173446 54 47 2
1173517 54 12 0
1173517 54 12 0
1173640 54 12 2
1173712 54 12 2
1173845 54 21 2
1174124 54 1 0
1174124 54 1 0
1174256 54 1 2
1174291 54 1 2
1174704 54 46 0
1174704 54 46 0
1174779 54 46 2
1174790 54 46 2
1174811 54 47 0
1174811 54 47 0
1174924 54 47 2
1174965 54 47 2
1175068 54 12 0
1175068 54 12 0
1175175 54 12 2
1175212 54 12 2
1175465 54 18 2
1175659 54 1 0
1175659 54 1 0
1175790 54 1 2
1175795 54 1 2
1176238 54 46 0
1176238 54 46 0
1176264 54 46 2
1176312 54 46 2
1176344 54 47 0
1176344 54 47 0
1176378 54 47 2
1176437 54 47 2
1176581 54 12 0
1176581 54 12 0
1176656 54 12 2
1176687 54 12 2
1177171 54 1 0
1177171 54 1 0
1177277 54 1 2
1177302 54 1 2
1177750 54 46 0
1177750 54 46 0
1177776 54 46 2
1177784 54 46 2
1177816 54 47 0
1177816 54 47 0
1177871 54 47 2
1177888 54 47 2
1178032 54 12 0
1178032 54 12 0
1178136 54 12 2
1178154 54 12 2
1178638 54 1 0
1178638 54 1 0
1178744 54 1 2
1178751 54 1 2
1179199 54 46 0
1179199 54 46 0
1179226 54 46 2
1179243 54 46 2
1179275 54 47 0
1179275 54 47 0
1179329 54 47 2
1179350 54 47 2
1179494 54 12 0
1179494 54 12 0
1179599 54 12 2
1179615 54 12 2
1180099 54 1 0
1180099 54 1 0
1180205 54 1 2
1180212 54 1 2
1180660 54 46 0
1180660 54 46 0
1180686 54 46 2
1180694 54 46 2
1180726 54 47 0
1180726 54 47 0
1180790 54 47 2
1180808 54 47 2
1180952 54 12 0
1180952 54 12 0
1181056 54 12 2
1181156 54 12 2
1181204 54 14 2
1181640 54 1 0
1181640 54 1 0
1181753 54 1 2
1181806 54 1 2
1182185 54 10 0
1182291 54 10 2
1182307 54 46 0
1182307 54 46 0
1182333 54 46 2
1182341 54 46 2
1182373 54 47 0
1182373 54 47 0
1182407 54 47 2
1182425 54 47 2
1182569 54 12 0
1182569 54 12 0
1182675 54 12 2
1182693 54 12 2
1182857 54 15 2
1183177 54 1 0
1183177 54 1 0
1183283 54 1 2
1183291 54 1 2
1183739 54 46 0
1183739 54 46 0
1183765 54 46 2
1183773 54 46 2
1183805 54 47 0
1183805 54 47 0
1183869 54 47 2
1183887 54 47 2
1184031 54 12 0
1184031 54 12 0
1184135 54 12 2
1184153 54 12 2
1184637 54 1 0
1184637 54 1 0
1184743 54 1 2
1184751 54 1 2
1185199 54 46 0
1185199 54 46 0
1185225 54 46 2
1185233 54 46 2
1185265 54 47 0
1185265 54 47 0
1185329 54 47 2
1185347 54 47 2
1185491 54 12 0
1185491 54 12 0
1185605 54 12 2
1185613 54 12 2
1186097 54 1 0
1186097 54 1 0
1186203 54 1 2
1186211 54 1 2
1186659 54 46 0
1186659 54 46 0
1186685 54 46 2
1186693 54 46 2
1186725 54 47 0
1186725 54 47 0
1186799 54 47 2
1186808 54 47 2
1186952 54 12 0
1186952 54 12 0
1186999 54 11 2
1187056 54 12 2
1187074 54 12 2
1187558 54 1 0
1187558 54 1 0
1187664 54 1 2
1187675 54 1 2
1188123 54 46 0
1188123 54 46 0
1188149 54 46 2
1188157 54 46 2
1188189 54 47 0
1188189 54 47 0
1188253 54 47 2
1188270 54 47 2
1188414 54 12 0
1188414 54 12 0
1188518 54 12 2
1188536 54 12 2
1188962 54 10 2
1189020 54 1 0
1189020 54 1 0
1189127 54 1 2
1189135 54 1 2
1189583 54 46 0
1189583 54 46 0
1189609 54 46 2
1189618 54 46 2
1189650 54 47 0
1189650 54 47 0
1189714 54 47 2
1189722 54 47 2
1189866 54 12 0
1189866 54 12 0
1189980 54 12 2
1189998 54 12 2
1190482 54 1 0
1190482 54 1 0
1190588 54 1 2
1190597 54 1 2
1191045 54 46 0
1191045 54 46 0
1191070 54 9 2
1191071 54 46 2
1191078 54 46 2
1191110 54 47 0
1191110 54 47 0
1191174 54 47 2
1191191 54 47 2
1191193 54 6 2
1191335 54 12 0
1191335 54 12 0
1191439 54 12 2
1191459 54 12 2
1191943 54 1 0
1191943 54 1 0
1192049 54 1 2
1192057 54 1 2
1192505 54 46 0
1192505 54 46 0
1192531 54 46 2
1192539 54 46 2
1192571 54 47 0
1192571 54 47 0
1192645 54 47 2
1192653 54 47 2
1192797 54 12 0
1192797 54 12 0
1192911 54 12 2
1192919 54 12 2
1193403 54 1 0
1193403 54 1 0
1193509 54 1 2
1193517 54 1 2
1193949 54 11 0
1193949 54 11 0
1194031 54 11 2
1194050 54 11 2
1194066 54 46 0
1194066 54 46 0
1194092 54 46 2
1194119 54 46 2
1194151 54 47 0
1194151 54 47 0
1194242 54 47 2
1194286 54 7 2
1194305 54 47 2
1194386 54 12 0
1194386 54 12 0
1194519 54 12 2
1194581 54 12 2
1195003 54 1 0
1195003 54 1 0
1195103 54 4 2
1195117 54 1 2
1195169 54 1 2
1195565 54 46 0
1195565 54 46 0
1195598 54 46 2
1195630 54 47 0
1195630 54 47 0
1195631 54 46 2
1195694 54 47 2
1195714 54 47 2
1195858 54 12 0
1195858 54 12 0
1195962 54 12 2
1195982 54 12 2
1196466 54 1 0
1196466 54 1 0
1196572 54 1 2
1196580 54 1 2
1197028 54 46 0
1197028 54 46 0
1197054 54 46 2
1197062 54 46 2
1197094 54 47 0
1197094 54 47 0
1197150 54 47 2
1197177 54 47 2
1197321 54 12 0
1197321 54 12 0
1197425 54 12 2
1197443 54 12 2
1197927 54 1 0
1197927 54 1 0
1198033 54 1 2
1198041 54 1 2
1198489 54 46 0
1198489 54 46 0
1198515 54 46 2
1198523 54 46 2
1198555 54 47 0
1198555 54 47 0
1198619 54 47 2
1198637 54 47 2
1198781 54 12 0
1198781 54 12 0
1198885 54 12 2
1198903 54 12 2
1199387 54 1 0
1199387 54 1 0
1199493 54 1 2
1199501 54 1 2
1199949 54 46 0
1199949 54 46 0
1199975 54 46 2
1199983 54 46 2
1200015 54 47 0
1200015 54 47 0
1200079 54 47 2
1200097 54 47 2
1200241 54 12 0
1200241 54 12 0
1200345 54 12 2
1200364 54 12 2
1200848 54 1 0
1200848 54 1 0
1200954 54 1 2
1201009 54 1 2
1201457 54 46 0
1201457 54 46 0
1201483 54 46 2
1201491 54 46 2
1201523 54 47 0
1201523 54 47 0
1201597 54 47 2
1201615 54 47 2
1201759 54 12 0
1201759 54 12 0
1201863 54 12 2
1201881 54 12 2
1202365 54 1 0
1202365 54 1 0
1202471 54 1 2
1202536 54 1 2
1202984 54 46 0
1202984 54 46 0
1203010 54 46 2
1203018 54 46 2
1203050 54 47 0
1203050 54 47 0
1203114 54 47 2
1203134 54 47 2
1203278 54 12 0
1203278 54 12 0
1203382 54 12 2
1203400 54 12 2
1203862 54 1 2
1203884 54 1 0
1203884 54 1 0
1203990 54 1 2
1204015 54 1 2
1204463 54 46 0
1204463 54 46 0
1204489 54 46 2
1204497 54 46 2
1204529 54 47 0
1204529 54 47 0
1204593 54 47 2
1204611 54 47 2
1204755 54 12 0
1204755 54 12 0
1204859 54 12 2
1204880 54 12 2
1205364 54 1 0
1205364 54 1 0
1205470 54 1 2
1205478 54 1 2
1205910 54 12 0
1205910 54 12 0
1205984 54 12 2
1205991 54 12 2
1206007 54 46 0
1206007 54 46 0
1206033 54 46 2
1206041 54 46 2
1206073 54 47 0
1206073 54 47 0
1206147 54 47 2
1206165 54 47 2
1206309 54 12 0
1206309 54 12 0
1206414 54 12 2
1206432 54 12 2
1206916 54 1 0
1206916 54 1 0
1207032 54 1 2
1207144 54 1 2
1207480 54 46 0
1207480 54 46 0
1207506 54 46 2
1207513 54 46 2
1207545 54 47 0
1207545 54 47 0
1207609 54 47 2
1207629 54 47 2
1207773 54 12 0
1207773 54 12 0
1207877 54 12 2
1207894 54 12 2
1208378 54 1 0
1208378 54 1 0
1208484 54 1 2
1208491 54 1 2
1208939 54 46 0
1208939 54 46 0
1208965 54 46 2
1208973 54 46 2
1209005 54 47 0
1209005 54 47 0
1209070 54 47 2
1209089 54 47 2
1209233 54 12 0
1209233 54 12 0
1209337 54 12 2
1209357 54 12 2
1209841 54 1 0
1209841 54 1 0
1209947 54 1 2
1209984 54 1 2
1210432 54 46 0
1210432 54 46 0
1210458 54 46 2
1210466 54 46 2
1210498 54 47 0
1210498 54 47 0
1210582 54 47 2
1210600 54 47 2
1210744 54 12 0
1210744 54 12 0
1210848 54 12 2
1210866 54 12 2
1211094 54 59 2
1211350 54 1 0
1211350 54 1 0
1211456 54 1 2
1211464 54 1 2
1211912 54 46 0
1211912 54 46 0
1211938 54 46 2
1211946 54 46 2
1211978 54 47 0
1211978 54 47 0
1212052 54 47 2
1212071 54 47 2
1212215 54 12 0
1212215 54 12 0
1212319 54 12 2
1212366 54 12 2
1212446 54 60 2
1212850 54 1 0
1212850 54 1 0
1212956 54 1 2
1212982 54 1 2
1213430 54 46 0
1213430 54 46 0
1213456 54 46 2
1213463 54 46 2
1213495 54 47 0
1213495 54 47 0
1213579 54 47 2
1213597 54 47 2
1213741 54 12 0
1213741 54 12 0
1213855 54 12 2
1213863 54 12 2
1214347 54 1 0
1214347 54 1 0
1214453 54 1 2
1214462 54 1 2
1214910 54 46 0
1214910 54 46 0
1214936 54 46 2
1214948 54 46 2
1214980 54 47 0
1214980 54 47 0
1215044 54 47 2
1215061 54 47 2
1215205 54 12 0
1215205 54 12 0
1215309 54 12 2
1215329 54 12 2
1215813 54 1 0
1215813 54 1 0
1215919 54 1 2
1215927 54 1 2
1216375 54 46 0
1216375 54 46 0
1216401 54 46 2
1216418 54 46 2
1216450 54 47 0
1216450 54 47 0
1216504 54 47 2
1216521 54 47 2
1216665 54 12 0
1216665 54 12 0
1216779 54 12 2
1216798 54 12 2
1217282 54 1 0
1217282 54 1 0
1217388 54 1 2
1217397 54 1 2
1217778 54 57 2
1217845 54 46 0
1217845 54 46 0
1217871 54 46 2
1217878 54 46 2
1217910 54 47 0
1217910 54 47 0
1217944 54 47 2
1217952 54 47 2
1218096 54 12 0
1218096 54 12 0
1218170 54 12 2
1218178 54 12 2
1218662 54 1 0
1218662 54 1 0
1218768 54 1 2
1218776 54 1 2
1219224 54 46 0
1219224 54 46 0
1219250 54 46 2
1219258 54 46 2
1219290 54 47 0
1219290 54 47 0
1219324 54 47 2
1219349 54 47 2
1219493 54 12 0
1219493 54 12 0
1219570 54 12 2
1219582 54 12 2
1220066 54 1 0
1220066 54 1 0
1220172 54 1 2
1220179 54 1 2
1220627 54 46 0
1220627 54 46 0
1220653 54 46 2
1220661 54 46 2
1220693 54 47 0
1220693 54 47 0
1220727 54 47 2
1220735 54 47 2
1220879 54 12 0
1220879 54 12 0
1220953 54 12 2
1220960 54 12 2
1221444 54 1 0
1221444 54 1 0
1221550 54 1 2
1221558 54 1 2
1222006 54 46 0
1222006 54 46 0
1222032 54 46 2
1222040 54 46 2
1222072 54 47 0
1222072 54 47 0
1222106 54 47 2
1222114 54 47 2
1222258 54 12 0
1222258 54 12 0
1222332 54 12 2
1222340 54 12 2
1222824 54 1 0
1222824 54 1 0
1222930 54 1 2
1222955 54 1 2
1223403 54 46 0
1223403 54 46 0
1223429 54 46 2
1223437 54 46 2
1223447 54 51 2
1223469 54 47 0
1223469 54 47 0
1223503 54 47 2
1223512 54 47 2
1223656 54 12 0
1223656 54 12 0
1223730 54 12 2
1223738 54 12 2
1224222 54 1 0
1224222 54 1 0
1224328 54 1 2
1224361 54 1 2
1224809 54 46 0
1224809 54 46 0
1224835 54 46 2
1224843 54 46 2
1224875 54 47 0
1224875 54 47 0
1224909 54 47 2
1224917 54 47 2
1225061 54 12 0
1225061 54 12 0
1225135 54 12 2
1225143 54 12 2
1225619 54 9 0
1225733 54 9 2
1225857 54 55 0
1225947 54 55 2
1225951 54 1 0
1225951 54 1 0
1226057 54 1 2
1226085 54 1 2
1226109 54 56 0
1226223 54 56 2
1226263 54 45 0
1226334 54 57 2
1226345 54 45 2
1226361 54 1 0
1226492 54 1 2
1226528 54 1 0
1226659 54 1 2
1226663 54 46 0
1226787 54 46 2
1226863 54 63 0
1227119 54 63 2
1227127 54 47 0
1227247 54 47 2
1227351 54 62 0
1227351 54 62 0
1227377 54 62 2
1227385 54 62 2
1227490 54 57 2
1227681 54 3 0
1227838 54 3 2
1227846 54 19 0
1227929 54 19 2
1227944 54 19 2
1227948 54 3 0
1238144 54 3 2
1238565 54 22 2
1238576 54 3 0
1240020 54 3 2
1240301 54 7 2
1240308 54 3 0
1244504 54 3 2
1991560 54 1 0
1991560 54 1 0
1991794 54 1 2
1992875 54 1 2
1992920 54 38 0
1992921 54 38 2
1993130 54 19 0
1993131 54 38 0
1993271 54 36 0
1993271 54 36 0
1993420 54 25 0
1993421 54 38 0
1993466 54 36 2
1993503 54 33 0
1993510 54 37 0
1993510 54 37 0
1993524 54 38 0
1993552 54 37 2
1993593 54 50 0
1993624 54 38 0
1993668 54 37 2
1993701 54 0 0
1993712 54 38 0
1993800 54 8 0
1993800 54 8 0
1993834 54 63 0
1993845 54 38 0
1993906 54 8 2
1993934 54 20 0
1993935 54 38 0
1993945 54 8 2
1993993 54 0 0
1993993 54 0 0
1994049 54 32 0
1994050 54 38 0
1994101 54 36 2
1994140 54 47 0
1994152 54 38 0
1994157 54 0 2
1994365 54 0 2
1994373 54 44 0
1994374 54 38 0
1994453 54 36 0
1994453 54 36 0
1994513 54 36 2
1994658 54 53 0
1994659 54 38 0
1994875 54 34 0
1994876 54 38 0
1994942 54 12 0
1994944 54 36 2
1994963 54 38 0
1994976 54 38 0
1994976 54 38 0
1995010 54 38 2
1995018 54 38 2
1995024 54 61 0
1995055 54 38 0
1995087 54 59 0
1995126 54 38 0
1995178 54 54 0
1995178 54 54 0
1995187 54 54 0
1995196 54 54 2
1995218 54 38 0
1995259 54 54 2
1995319 54 37 0
1995319 54 37 0
1995361 54 37 2
1995389 54 37 2
1995474 54 38 0
1995475 54 8 0
1995604 54 38 0
1995605 54 4 0
1995777 54 36 0
1995778 54 38 0
1996098 54 38 0
1996099 54 9 0
1996198 54 46 0
1996219 54 38 0
1996242 54 43 0
1996273 54 38 0
1996297 54 42 0
1996348 54 38 0
1996377 54 47 0
1996377 54 47 0
1996411 54 47 2
1996441 54 7 0
1996442 54 38 0
1996498 54 47 2
1996516 54 50 2
1996522 54 11 0
1996522 54 11 0
1996523 54 49 0
1996544 54 38 0
1996604 54 11 2
1996612 54 11 2
1996672 54 26 0
1996673 54 38 0
1996740 54 1 0
1996862 54 1 2
1996877 54 6 0
1996878 54 38 0
1997004 54 50 2
1997090 54 18 0
1997091 54 38 0
1997158 54 19 0
1997179 54 19 2
1997193 54 38 0
1997262 54 16 0
1997345 54 38 0
1997347 54 53 2
1997364 54 5 0
1997386 54 14 0
1997436 54 38 0
1997445 54 55 0
1997492 54 14 2
1997504 54 15 0
1997504 54 15 0
1997530 54 11 0
1997531 54 38 0
1997570 54 15 2
1997572 54 25 0
1997587 54 15 2
1997613 54 52 0
1997634 54 38 0
1997655 54 25 2
1997675 54 38 0
1997675 54 38 0
1997709 54 38 0
1997709 54 38 2
1997745 54 45 0
1997765 54 33 0
1997777 54 38 2
1997786 54 33 2
1997816 54 38 0
1997868 54 17 0
1997877 54 38 0
1997933 54 46 0
1997966 54 57 0
1997981 54 53 2
1997991 54 38 0
1998026 54 46 2
1998040 54 35 0
1998067 54 38 0
1998070 54 12 0
1998100 54 23 0
1998107 54 53 2
1998132 54 38 0
1998151 54 12 2
1998159 54 0 0
1998159 54 0 0
1998163 54 62 0
1998189 54 0 0
1998196 54 37 0
1998214 54 38 0
1998240 54 0 2
1998273 54 0 2
1998276 54 38 0
1998281 54 0 2
1998365 54 48 0
1998377 54 38 0
1998429 54 47 0
1998429 54 47 0
1998436 54 58 0
1998463 54 47 2
1998471 54 47 2
1998487 54 12 0
1998491 54 38 0
1998500 54 1 0
1998595 54 20 0
1998609 54 60 0
1998612 54 12 2
1998620 54 38 0
1998648 54 47 0
1998656 54 20 2
1998685 54 47 0
1998702 54 38 0
1998731 54 51 0
1998749 54 47 2
1998751 54 32 0
1998779 54 44 2
1998785 54 38 0
1998830 54 47 2
1998838 54 44 0
1998873 54 32 2
1998896 54 38 0
1998964 54 24 0
1998985 54 38 0
1999049 54 53 0
1999055 54 13 0
1999059 54 38 0
1999124 54 31 0
1999135 54 38 0
1999178 54 21 0
1999202 54 38 0
1999237 54 14 0
1999244 54 12 0
1999278 54 38 0
1999297 54 15 0
1999324 54 34 0
1999358 54 38 0
1999364 54 29 0
1999415 54 12 2
1999447 54 38 0
1999497 54 54 0
1999497 54 54 0
1999505 54 34 2
1999506 54 54 0
1999515 54 54 2
1999548 54 38 0
1999578 54 39 0
1999609 54 38 0
1999621 54 22 0
1999654 54 59 0
1999670 54 38 0
1999674 54 28 0
1999736 54 40 0
1999781 54 38 0
1999813 54 10 0
1999874 54 38 0
1999905 54 59 2
1999967 54 30 0
1999985 54 38 0
2000002 54 61 0
2000010 54 53 2
2000047 54 54 2
2000062 54 54 2
2000068 54 38 0
2000073 54 61 2
2000117 54 56 0
2000117 54 4 0
2000181 54 38 0
2000192 54 36 2
2000201 54 36 0
2000250 54 41 0
2000259 54 8 0
2000318 54 4 2
2000340 54 0 2
2000409 54 3 0
2000500 54 2 0
2000601 54 8 2
2000710 54 58 0
2000710 54 58 0
2000889 54 58 2
2000982 54 58 2
2001030 54 7 0
2001031 54 7 2
2001062 54 59 0
2001062 54 59 0
2001112 54 59 2
2001145 54 59 2
2001205 54 38 0
2001205 54 38 0
2001239 54 38 2
2001247 54 38 2
2001694 54 26 0
2001695 54 26 2
2001778 54 43 0
2001779 54 43 2
2002126 54 9 2
2002127 54 9 0
2002235 54 11 0
2002236 54 11 2
2002358 54 49 0
2002359 54 49 2
2002453 54 6 0
2002454 54 6 2
2002610 54 16 0
2002611 54 16 2
2002714 54 42 0
2002725 54 42 2
2002774 54 46 0
2002795 54 46 2
2003178 54 48 0
2003179 54 48 2
2003388 54 35 0
2003389 54 35 2
2003452 54 18 0
2003461 54 18 2
2003656 54 24 0
2003657 54 24 2
2003748 54 37 0
2003759 54 37 2
2003840 54 45 0
2003841 54 45 2
2003983 54 55 0
2003984 54 55 2
2004033 54 58 0
2004034 54 58 2
2004361 54 52 2
2004386 54 1 0
2004388 54 1 2
2004501 54 5 0
2004512 54 5 2
2004825 54 23 0
2004826 54 23 2
2004828 54 52 2
2004893 54 60 0
2004904 54 60 2
2005074 54 21 0
2005075 54 21 2
2005217 54 62 0
2005218 54 62 2
2005437 54 10 0
2005438 54 10 2
2005557 54 31 0
2005558 54 31 2
2005618 54 17 0
2005619 54 17 2
2005713 54 13 0
2005724 54 13 2
2005786 54 57 0
2005800 54 52 2
2005847 54 57 2
2005859 54 52 0
2005905 54 14 0
2005926 54 14 2
2005974 54 51 2
2005998 54 22 0
2005999 54 22 2
2006288 54 15 0
2006289 54 15 2
2006363 54 39 0
2006364 54 39 2
2006494 54 41 0
2006495 54 41 2
2006521 54 51 2
2006598 54 28 0
2006599 54 28 2
2006627 54 51 2
2006781 54 29 0
2006782 54 29 2
2007188 54 40 0
2007189 54 40 2
2007359 54 3 0
2007360 54 3 2
2007459 54 51 0
2007460 54 51 2
2007661 54 30 0
2007662 54 30 2
2007713 54 56 0
2007714 54 56 2
2008254 54 2 0
2008255 54 2 2
2968823 54 38 0
2968823 54 38 0
2968987 54 38 2
2969125 54 38 2
2970541 54 7 0
2970663 54 7 2
2971231 54 38 0
2971231 54 38 0
2971266 54 38 2
2971532 54 38 2
2973476 54 38 0
2973476 54 38 0
2973510 54 38 2
2973519 54 38 2
2974378 54 0 2
3945432 54 38 0
3945432 54 38 0
3945597 54 38 2
3947013 54 7 0
3947211 54 7 2
3947779 54 38 0
3947813 54 38 2
3949046 54 38 2
3949049 54 38 0
3950331 54 38 2
3952527 54 38 0
3952527 54 38 0
3952561 54 38 2
3952569 54 38 2
4921957 54 38 0
4921957 54 38 0
4923062 54 38 2
4924560 54 38 2
4926544 54 38 0
4926544 54 38 0
4926578 54 38 2
4927036 54 38 2
4927578 54 0 2
4927984 54 7 0
4930352 54 7 2
4931600 54 38 0
4931600 54 38 0
4931641 54 38 2
4931685 54 38 2
4936164 54 50 0
4936165 54 50 2
4942534 54 50 2
4942649 54 50 2
4942900 54 50 2
5898566 54 38 0
5898566 54 38 0
5900368 54 38 2
5901314 54 38 0
5901315 54 50 0
5901564 54 38 2
5903548 54 38 0
5903548 54 38 0
5903582 54 38 2
5904359 54 38 2
5904515 54 46 0
5904549 54 46 2
5904593 54 12 0
5904674 54 12 2
5904830 54 47 0
5904872 54 47 2
5906712 54 38 0
5906712 54 38 0
5906754 54 38 2
5906826 54 38 2
5909529 54 38 2
5909530 54 38 0
5910013 54 63 0
5910014 54 63 2
5933480 54 38 2
5933571 54 38 2
5933806 54 38 2
