0 37 51 0
4141 37 51 2
4145 37 22 0
4919 37 7 1
5126 37 0 2
5223 37 7 2
6125 37 22 2
6137 37 1 0
6914 37 1 2
6934 37 24 0
7042 37 24 2
14355 37 7 1
14566 37 0 2
14663 37 7 2
15173 37 7 1
15376 37 2 2
15457 37 7 2
37948 37 4 0
40715 37 4 2
40767 37 44 0
42406 37 44 2
42418 37 5 0
42512 37 5 2
42524 37 45 0
42892 37 45 2
42960 37 24 0
43231 37 7 1
43327 37 24 2
43359 37 25 0
43447 37 4 2
43487 37 25 2
43495 37 26 0
43512 37 7 2
43514 37 4 0
43595 37 26 2
43597 37 4 0
43635 37 27 0
43685 37 4 0
43736 37 27 2
43756 37 33 0
43771 37 4 0
43856 37 4 0
43936 37 4 0
44003 37 33 2
44023 37 35 0
44028 37 4 0
44109 37 4 0
44116 37 35 2
44124 37 41 0
44211 37 4 0
44303 37 4 0
44379 37 4 0
44484 37 4 0
44564 37 4 0
44655 37 4 0
44746 37 4 0
44826 37 4 0
44922 37 4 0
44993 37 41 2
45009 37 42 0
45029 37 4 0
45119 37 4 0
45222 37 4 0
45309 37 42 2
45333 37 4 0
45341 37 1 0
45447 37 1 2
45457 37 4 0
45483 37 36 0
45567 37 36 2
45568 37 4 0
45579 37 43 0
45661 37 4 0
45743 37 4 0
45878 37 4 0
46012 37 4 0
46108 37 4 0
46138 37 43 2
46154 37 17 0
46207 37 4 0
46313 37 4 0
46332 37 17 2
46424 37 27 0
46430 37 4 0
46521 37 27 2
46525 37 37 0
46544 37 4 0
46651 37 4 0
46744 37 4 0
46808 37 37 2
46820 37 17 0
46821 37 4 0
46938 37 17 2
46946 37 15 0
46972 37 4 0
47091 37 4 0
47185 37 4 0
47283 37 4 0
47364 37 15 2
47404 37 16 0
47427 37 4 0
47442 37 7 1
47549 37 4 0
47646 37 4 2
47654 37 4 0
47720 37 7 2
47723 37 4 0
47770 37 4 0
47813 37 4 0
47900 37 4 0
47901 37 4 0
47995 37 4 0
48003 37 4 0
48077 37 4 0
48097 37 4 0
48169 37 4 0
48188 37 4 0
48250 37 4 0
48293 37 4 0
48341 37 4 0
48401 37 4 0
48452 37 4 0
48499 37 4 0
48537 37 4 0
48646 37 4 0
48662 37 4 0
48771 37 4 0
48789 37 4 0
48875 37 7 1
48886 37 4 0
48903 37 4 0
48984 37 16 2
48992 37 4 0
49001 37 4 0
49024 37 18 0
49086 37 12 2
49108 37 4 0
49111 37 4 0
49114 37 18 2
49138 37 61 0
49144 37 7 2
49221 37 4 0
49254 37 4 0
49323 37 61 2
49335 37 54 0
49337 37 4 0
49366 37 4 0
49450 37 4 0
49505 37 4 0
49512 37 54 2
49532 37 11 0
49569 37 4 0
49616 37 4 0
49675 37 4 0
49699 37 4 0
49780 37 4 0
49789 37 4 0
49851 37 11 2
49859 37 19 0
49876 37 4 0
49895 37 4 0
49934 37 35 2
49958 37 19 2
49962 37 35 0
50007 37 4 0
50046 37 4 0
50175 37 4 0
50306 37 4 0
50406 37 35 2
50422 37 53 0
50457 37 4 0
50556 37 4 0
50685 37 4 0
50842 37 4 0
50945 37 4 0
51117 37 4 0
51227 37 4 0
51234 37 53 2
51274 37 33 0
51349 37 4 0
51372 37 33 2
51384 37 36 0
51444 37 39 2
51447 37 4 0
51458 37 36 2
51478 37 40 0
51558 37 32 2
51615 37 4 0
51735 37 4 0
51779 37 7 1
51796 37 40 2
51820 37 37 0
51839 37 4 0
51910 37 37 2
51967 37 4 0
51986 37 2 2
52011 37 36 2
52014 37 38 0
52029 37 7 1
52069 37 7 2
52074 37 7 1
52095 37 4 0
52150 37 38 2
52154 37 62 0
52213 37 4 0
52236 37 12 2
52253 37 38 2
52294 37 7 2
52346 37 2 2
52415 37 62 2
52426 37 7 2
52439 37 8 0
52461 37 4 0
52559 37 4 0
52644 37 34 2
52647 37 4 0
52687 37 8 2
52695 37 29 0
52768 37 4 0
52778 37 29 2
52784 37 33 2
52818 37 0 0
52862 37 4 0
52930 37 7 1
52964 37 0 2
52976 37 38 0
52978 37 4 0
53097 37 4 0
53136 37 5 2
53192 37 7 2
53200 37 4 0
53299 37 4 0
53485 37 4 0
53529 37 38 2
53545 37 39 0
53596 37 4 0
53719 37 4 0
53825 37 39 2
53829 37 39 0
53838 37 4 0
53905 37 7 1
53939 37 4 0
54116 37 59 2
54154 37 4 0
54181 37 7 2
54279 37 4 0
54424 37 4 0
54542 37 39 2
54567 37 4 0
54581 37 2 0
54598 37 36 0
54690 37 2 0
54698 37 4 0
54699 37 36 2
54731 37 38 0
54809 37 4 0
54834 37 38 2
54850 37 51 0
54911 37 2 0
54919 37 4 0
55002 37 51 2
55020 37 2 0
55058 37 60 0
55123 37 4 0
55138 37 2 0
55226 37 7 1
55236 37 4 0
55240 37 2 0
55352 37 2 0
55390 37 60 2
55398 37 52 0
55436 37 30 2
55476 37 2 0
55477 37 7 2
55488 37 52 2
55524 37 4 0
55554 37 7 1
55588 37 2 0
55689 37 2 0
55756 37 23 2
55777 37 4 2
55797 37 53 0
55812 37 7 2
55857 37 2 0
56064 37 2 0
56150 37 53 2
56174 37 54 0
56191 37 2 0
56290 37 2 0
56389 37 2 0
56489 37 2 0
56560 37 54 2
56576 37 11 0
56600 37 2 0
56720 37 2 0
56855 37 2 0
56923 37 11 2
56935 37 56 0
56968 37 2 0
57084 37 2 0
57187 37 56 2
57191 37 12 0
57208 37 2 0
57316 37 2 0
57430 37 2 0
57466 37 12 2
57474 37 57 0
57536 37 2 0
57649 37 2 0
57709 37 7 1
57870 37 2 0
57916 37 41 2
57956 37 7 1
57981 37 7 2
58006 37 2 0
58151 37 57 2
58155 37 2 0
58166 37 48 2
58187 37 2 0
58246 37 7 2
58315 37 2 0
58436 37 2 0
58469 37 2 2
58521 37 37 0
58550 37 2 0
58632 37 37 2
58648 37 40 0
58656 37 2 0
58803 37 40 2
58824 37 2 0
58859 37 58 0
58888 37 7 1
58939 37 2 0
59053 37 58 2
59077 37 2 0
59098 37 0 2
59113 37 35 0
59196 37 35 2
59197 37 7 2
59198 37 2 0
59200 37 50 0
59328 37 2 0
59447 37 2 0
59606 37 2 0
59735 37 2 0
59771 37 50 2
59791 37 62 0
59848 37 2 0
59945 37 7 1
60032 37 2 0
60156 37 2 2
60169 37 2 0
60237 37 7 2
60277 37 2 0
60386 37 2 0
60532 37 2 0
60656 37 2 0
60767 37 2 0
60922 37 2 0
61049 37 2 0
61160 37 2 0
61326 37 2 0
61388 37 62 2
61416 37 38 0
61462 37 2 0
61585 37 2 0
61694 37 2 0
61747 37 38 2
61819 37 63 0
61906 37 2 0
62019 37 2 0
62032 37 63 2
62072 37 12 0
62134 37 2 0
62259 37 2 0
62354 37 2 0
62396 37 12 2
62420 37 2 0
62459 37 2 0
62549 37 2 2
62573 37 13 0
62573 37 2 0
62941 37 13 2
63037 37 3 0
63179 37 3 2
63219 37 23 0
63369 37 23 2
63385 37 24 0
63523 37 24 2
63631 37 8 0
63813 37 7 1
63885 37 8 2
63893 37 25 0
63928 37 7 1
63972 37 7 1
64017 37 4 2
64073 37 7 1
64085 37 7 2
64087 37 25 2
64115 37 26 0
64134 37 7 1
64137 37 1 2
64200 37 7 1
64227 37 7 2
64246 37 26 2
64249 37 28 2
64252 37 7 1
64291 37 7 2
64326 37 0 0
64334 37 7 1
64357 37 11 2
64392 37 7 1
64423 37 7 2
64432 37 0 2
64440 37 3 0
64477 37 22 2
64527 37 7 2
64558 37 7 1
64586 37 3 2
64591 37 14 2
64630 37 4 0
64645 37 7 1
64649 37 7 2
64697 37 29 2
64731 37 7 2
64738 37 4 2
64796 37 7 1
64807 37 6 2
64834 37 5 0
64873 37 7 2
64917 37 12 2
64975 37 7 2
64984 37 5 2
65024 37 15 0
65037 37 10 2
65111 37 7 2
65147 37 20 2
65171 37 7 1
65197 37 7 2
65257 37 21 2
65280 37 7 1
65299 37 7 2
65377 37 7 1
65377 37 54 2
65428 37 7 2
65494 37 15 2
65502 37 14 0
65507 37 9 2
65539 37 7 1
65589 37 7 2
65622 37 7 1
65648 37 26 2
65706 37 7 2
65757 37 44 2
65799 37 7 2
65816 37 7 1
65869 37 13 2
65914 37 7 1
65919 37 7 2
65949 37 14 2
65961 37 50 0
66015 37 7 1
66029 37 59 2
66095 37 7 2
66137 37 35 2
66163 37 7 1
66179 37 7 2
66247 37 7 2
66252 37 7 1
66322 37 7 2
66367 37 31 2
66417 37 7 2
66479 37 15 2
66545 37 7 2
66555 37 7 1
66688 37 50 2
66716 37 6 0
66767 37 56 2
66840 37 6 2
66856 37 7 1
66857 37 7 2
66860 37 4 0
66949 37 7 1
66985 37 4 2
66993 37 8 0
67045 37 7 1
67067 37 49 2
67098 37 8 2
67102 37 47 0
67127 37 7 1
67141 37 7 2
67177 37 38 2
67202 37 7 1
67211 37 7 2
67287 37 47 2
67289 37 18 2
67295 37 49 0
67355 37 7 2
67397 37 25 2
67464 37 7 2
67481 37 7 1
67507 37 5 2
67565 37 7 2
67625 37 7 1
67689 37 47 2
67718 37 7 1
67739 37 7 2
67838 37 24 2
67862 37 7 1
67912 37 7 2
67947 37 27 2
67997 37 7 2
68041 37 7 1
68067 37 43 2
68117 37 7 2
68177 37 7 1
68247 37 50 2
68276 37 7 1
68313 37 7 2
68339 37 49 2
68355 37 11 0
68387 37 63 2
68407 37 7 1
68445 37 11 2
68453 37 7 2
68481 37 5 0
68499 37 39 2
68522 37 7 1
68541 37 7 2
68556 37 5 2
68580 37 37 0
68589 37 7 1
68617 37 60 2
68675 37 7 2
68712 37 7 1
68728 37 17 2
68802 37 7 2
68838 37 37 2
68854 37 37 2
68863 37 7 2
68918 37 4 0
68947 37 30 2
68989 37 7 2
69010 37 4 2
69010 37 7 1
69014 37 1 0
69098 37 7 1
69151 37 1 2
69179 37 27 0
69221 37 7 1
69247 37 40 2
69271 37 27 2
69279 37 2 0
69321 37 7 2
69359 37 36 2
69370 37 7 1
69393 37 7 2
69431 37 2 2
69443 37 11 0
69467 37 8 2
69543 37 7 1
69557 37 11 2
69558 37 7 2
69565 37 7 0
69577 37 16 2
69659 37 7 2
69728 37 7 2
69744 37 7 1
69747 37 52 2
69748 37 3 0
69797 37 7 2
69836 37 3 2
69864 37 7 1
69944 37 6 0
69947 37 57 2
69995 37 7 1
70029 37 7 2
70067 37 62 2
70104 37 7 1
70125 37 7 2
70207 37 45 2
70216 37 7 1
70241 37 7 2
70317 37 51 2
70362 37 7 1
70375 37 7 2
70406 37 6 2
70426 37 9 0
70427 37 61 2
70443 37 7 1
70477 37 7 2
70539 37 7 1
70567 37 23 2
70597 37 9 2
70625 37 7 2
70677 37 53 2
70710 37 7 1
70719 37 7 2
70769 37 8 0
70817 37 34 2
70867 37 7 2
70882 37 7 1
70927 37 55 2
70976 37 8 2
70977 37 7 1
70985 37 7 2
70988 37 11 0
71087 37 48 2
71120 37 11 2
71121 37 7 1
71140 37 12 0
71170 37 7 2
71197 37 3 2
71252 37 7 1
71263 37 12 2
71273 37 7 2
71287 37 16 0
71327 37 58 2
71345 37 7 1
71401 37 7 2
71457 37 33 2
71498 37 7 1
71515 37 7 2
71567 37 46 2
71610 37 7 2
71633 37 7 1
71636 37 16 2
71644 37 13 0
71707 37 32 2
71747 37 7 1
71773 37 7 2
71833 37 7 1
71841 37 41 2
71907 37 7 2
71957 37 42 2
72015 37 7 2
72067 37 19 2
72079 37 13 2
72125 37 7 2
72127 37 2 0
72423 37 2 2
72455 37 40 0
72737 37 40 2
72741 37 25 0
72838 37 25 2
72854 37 31 0
72994 37 31 2
73030 37 33 0
73622 37 33 2
73626 37 36 0
73806 37 36 2
73814 37 4 0
73899 37 4 2
73991 37 5 0
74161 37 5 2
74193 37 34 0
74532 37 34 2
74552 37 35 0
74675 37 35 2
74699 37 32 0
76422 37 32 2
76490 37 17 0
76786 37 17 2
77082 37 38 0
77082 37 38 0
77108 37 38 2
77184 37 38 2
77192 37 27 0
77325 37 27 2
77345 37 35 0
77458 37 35 2
77514 37 28 0
77607 37 28 2
77675 37 3 0
77800 37 3 2
77804 37 46 0
78227 37 46 2
78247 37 4 0
78362 37 4 2
78394 37 0 0
78630 37 0 2
78634 37 29 0
78719 37 29 2
78863 37 47 0
79240 37 47 2
79312 37 30 0
79413 37 30 2
79765 37 31 0
80062 37 31 2
80066 37 44 0
80165 37 44 2
80173 37 43 0
80304 37 43 2
80436 37 32 0
80543 37 7 1
80665 37 32 2
80737 37 33 0
80746 37 9 2
80831 37 7 2
80847 37 7 1
80885 37 33 2
80933 37 33 0
81040 37 33 2
81048 37 27 0
81077 37 2 2
81129 37 27 2
81158 37 7 2
81233 37 54 0
81601 37 54 2
81613 37 28 0
81693 37 28 2
81709 37 5 0
81941 37 5 2
81949 37 56 0
83769 37 56 2
83785 37 6 0
83965 37 7 1
84117 37 6 2
84177 37 63 2
84217 37 41 0
84242 37 7 2
84325 37 41 2
84373 37 61 0
84474 37 61 2
84478 37 39 0
84617 37 39 2
84629 37 7 0
84766 37 7 2
84826 37 8 0
84930 37 7 1
84972 37 8 2
85004 37 63 0
85129 37 63 2
85136 37 45 2
85169 37 7 2
85237 37 0 0
85383 37 0 2
85411 37 57 0
85526 37 7 1
85593 37 57 2
85661 37 58 0
85736 37 0 2
85833 37 7 2
85902 37 58 2
85986 37 46 0
86125 37 46 2
86137 37 59 0
87004 37 59 2
87036 37 32 0
87617 37 32 2
87625 37 50 0
87739 37 50 2
87815 37 60 0
87887 37 7 1
88096 37 27 2
88124 37 60 2
88132 37 62 0
88145 37 7 2
88611 37 62 2
88615 37 3 0
88710 37 3 2
88722 37 5 0
88829 37 5 2
88857 37 17 0
89014 37 17 2
89034 37 6 0
89186 37 6 2
89278 37 11 0
89730 37 11 2
89738 37 10 0
89858 37 10 2
89878 37 11 0
89979 37 11 2
89987 37 6 0
90122 37 6 2
90158 37 36 0
90878 37 36 2
90938 37 12 0
91043 37 12 2
91051 37 0 0
91376 37 0 2
91500 37 15 0
91594 37 15 2
91714 37 7 0
91870 37 7 2
91886 37 0 0
92468 37 0 2
92616 37 9 0
92723 37 9 2
92755 37 8 0
92939 37 8 2
92967 37 55 0
93222 37 0 2
93280 37 55 2
93368 37 7 0
94410 37 7 2
94766 37 56 0
95074 37 56 2
95494 37 0 0
95615 37 0 0
95650 37 57 0
95756 37 0 0
95902 37 0 0
95999 37 57 2
96060 37 0 0
96187 37 0 0
96298 37 0 0
96423 37 0 0
96569 37 0 0
96575 37 58 0
96725 37 0 0
96848 37 58 2
96858 37 0 0
97002 37 0 0
97142 37 0 0
97273 37 0 0
97385 37 0 0
97424 37 59 0
97514 37 0 0
97629 37 0 0
97738 37 59 2
97748 37 0 0
97860 37 0 0
98001 37 0 0
98107 37 0 0
98237 37 0 0
98314 37 60 0
98354 37 0 0
98476 37 0 0
98588 37 0 0
98652 37 60 2
98711 37 0 0
98834 37 0 0
98970 37 0 0
99010 37 0 0
99011 37 7 1
99080 37 0 0
99216 37 0 2
99220 37 0 0
99228 37 61 0
99314 37 7 2
99538 37 61 2
100114 37 62 0
100447 37 62 2
101023 37 63 0
101281 37 63 2
101857 37 0 0
101857 37 0 0
101947 37 0 2
102137 37 0 2
102405 37 2 0
102525 37 2 2
102581 37 3 0
102743 37 3 2
102747 37 7 0
103062 37 7 2
103150 37 4 0
103150 37 4 0
103208 37 4 2
103315 37 4 2
103703 37 1 0
104027 37 1 2
104603 37 2 0
104921 37 2 2
105497 37 3 0
105839 37 3 2
106415 37 4 0
106690 37 4 2
107043 37 0 0
107044 37 0 2
107266 37 5 0
107504 37 5 2
108080 37 6 0
108419 37 6 2
108995 37 7 0
109023 37 0 0
109024 37 0 2
109284 37 7 2
109860 37 8 0
110118 37 8 2
110694 37 9 0
110996 37 9 2
111572 37 10 0
111884 37 10 2
112460 37 11 0
112460 37 11 0
112518 37 11 2
112802 37 11 2
113378 37 12 0
113638 37 12 2
114214 37 13 0
114454 37 13 2
115030 37 14 0
115341 37 14 2
115917 37 15 0
116186 37 15 2
116762 37 16 0
117018 37 16 2
117594 37 17 0
117896 37 17 2
118472 37 18 0
118765 37 18 2
119341 37 19 0
119634 37 19 2
120210 37 20 0
120478 37 20 2
121054 37 21 0
121294 37 21 2
121870 37 22 0
122173 37 22 2
122749 37 23 0
123008 37 23 2
123584 37 24 0
123838 37 24 2
124414 37 25 0
124716 37 25 2
125292 37 26 0
125567 37 26 2
126143 37 27 0
126426 37 27 2
127002 37 28 0
127268 37 28 2
127844 37 29 0
128104 37 29 2
128680 37 30 0
128965 37 30 2
129541 37 31 0
129780 37 31 2
130356 37 32 0
130618 37 32 2
131194 37 33 0
131496 37 33 2
132072 37 34 0
132329 37 34 2
132905 37 35 0
133208 37 35 2
133784 37 36 0
134038 37 36 2
134265 37 7 1
134477 37 5 2
134521 37 7 1
134535 37 7 2
134614 37 37 0
134623 37 7 1
134727 37 38 2
134761 37 7 2
134837 37 37 2
134853 37 37 2
134862 37 7 2
135282 37 7 1
135429 37 38 0
135487 37 40 2
135497 37 7 1
135560 37 7 2
135627 37 7 1
135697 37 38 2
135727 37 13 2
135777 37 7 2
135823 37 7 1
135847 37 33 2
135905 37 7 2
135959 37 7 1
136027 37 58 2
136069 37 7 1
136101 37 7 2
136167 37 53 2
136187 37 12 0
136188 37 7 1
136209 37 7 2
136273 37 39 0
136277 37 46 2
136296 37 7 1
136319 37 7 2
136397 37 12 2
136400 37 7 1
136455 37 7 2
136502 37 39 2
136507 37 19 2
136524 37 7 1
136565 37 7 2
136617 37 39 2
136659 37 7 2
136671 37 7 1
136727 37 25 2
136765 37 7 1
136792 37 7 2
136877 37 16 2
136882 37 7 1
136952 37 7 1
136959 37 7 2
136987 37 32 2
137055 37 7 2
137078 37 40 0
137097 37 17 2
137159 37 7 1
137171 37 7 2
137207 37 36 2
137229 37 7 1
137241 37 7 2
137356 37 40 2
137367 37 8 2
137457 37 7 2
137477 37 52 2
137525 37 7 1
137527 37 7 2
137635 37 7 1
137721 37 7 1
137737 37 55 2
137795 37 7 2
137847 37 41 2
137874 37 7 1
137913 37 7 2
137932 37 41 0
137967 37 45 2
137969 37 7 1
138001 37 7 2
138097 37 3 2
138172 37 7 2
138207 37 30 2
138216 37 7 1
138244 37 41 2
138249 37 7 2
138361 37 7 1
138427 37 61 2
138477 37 7 2
138567 37 48 2
138652 37 7 2
138820 37 42 0
138873 37 7 1
138967 37 7 1
139069 37 7 1
139077 37 63 2
139089 37 42 2
139143 37 7 2
139179 37 7 1
139197 37 42 2
139255 37 7 2
139307 37 43 2
139357 37 7 2
139427 37 27 2
139461 37 7 1
139477 37 7 2
139625 37 7 1
139665 37 43 0
139667 37 56 2
139757 37 7 2
139837 37 62 2
139895 37 7 2
139957 37 43 2
140533 37 44 0
140845 37 44 2
141421 37 45 0
141692 37 45 2
142268 37 46 0
142566 37 46 2
143142 37 47 0
143401 37 47 2
143977 37 48 0
144324 37 48 2
144900 37 49 0
145252 37 49 2
145828 37 50 0
145941 37 2 0
145942 37 7 1
146099 37 50 2
146147 37 2 2
146229 37 7 2
146675 37 51 0
146968 37 51 2
147544 37 52 0
147864 37 52 2
148440 37 53 0
148740 37 53 2
149316 37 54 0
149616 37 54 2
155712 37 8 0
155978 37 8 2
193490 37 14 0
193572 37 14 2
193888 37 29 0
193961 37 29 2
194001 37 30 0
194082 37 30 2
194126 37 17 0
194244 37 17 2
194300 37 18 0
194410 37 18 2
194458 37 19 0
194540 37 19 2
194576 37 21 0
194651 37 21 2
194683 37 22 0
194765 37 22 2
194921 37 4 0
194999 37 4 2
195027 37 18 0
195308 37 18 2
195480 37 61 0
195578 37 61 2
195650 37 54 0
195748 37 54 2
195780 37 55 0
195885 37 55 2
196113 37 40 0
196127 37 0 0
196233 37 40 2
196261 37 49 0
196383 37 49 2
196395 37 51 0
196517 37 51 2
196537 37 37 0
196546 37 0 0
196646 37 37 2
196650 37 20 0
196724 37 20 2
196740 37 3 0
197060 37 3 2
197139 37 0 0
197152 37 21 0
197225 37 21 2
197233 37 56 0
197271 37 0 0
197365 37 56 2
197385 37 57 0
197424 37 0 0
197515 37 57 2
197603 37 58 0
197681 37 0 0
197717 37 58 2
197797 37 59 0
197903 37 59 2
197927 37 63 0
198038 37 0 0
198043 37 63 2
198127 37 33 0
198205 37 0 0
198225 37 33 2
198343 37 0 0
198477 37 0 0
198589 37 0 0
198724 37 0 0
198854 37 0 0
198961 37 0 0
199077 37 0 0
199193 37 0 0
199343 37 0 0
199463 37 0 0
199621 37 0 0
199907 37 0 0
200053 37 0 0
200169 37 0 0
200288 37 0 0
200396 37 0 0
200550 37 0 0
200689 37 0 0
201009 37 0 0
201140 37 0 0
201260 37 0 0
201750 37 0 0
202021 37 0 0
202173 37 0 0
207852 37 0 0
217417 37 2 0
217418 37 7 1
217622 37 2 2
217703 37 7 2
222859 37 2 0
222860 37 7 1
223062 37 2 2
223143 37 7 2
248927 37 0 0
248928 37 7 1
249132 37 0 2
249229 37 7 2
250589 37 7 1
250793 37 0 2
250891 37 7 2
256291 37 0 0
256291 37 2 2
260870 37 7 1
261073 37 0 2
261171 37 7 2
276379 37 2 2
286835 37 7 1
287042 37 2 2
287123 37 7 2
319033 37 7 1
319242 37 2 2
319323 37 7 2
321373 37 2 0
321374 37 7 1
321582 37 2 2
321663 37 7 2
364947 37 0 0
364948 37 2 0
402507 37 2 0
402508 37 7 1
402713 37 2 2
402795 37 7 2
419093 37 7 1
419302 37 2 2
419383 37 7 2
419797 37 0 0
419798 37 0 2
420241 37 0 2
478666 37 2 0
478667 37 7 1
478874 37 2 2
478955 37 7 2
605727 37 7 1
605930 37 2 2
606011 37 7 2
797541 37 2 0
797542 37 7 1
797745 37 2 2
797826 37 7 2
841455 37 2 0
841456 37 7 1
841662 37 2 2
841743 37 7 2
1015600 37 0 0
1015600 37 0 0
1016400 37 0 2
1016520 37 38 0
1016520 37 38 0
1016571 37 0 2
1016648 37 2 0
1016649 37 4 0
1018088 37 38 2
1018457 37 38 2
1018735 37 12 0
1018736 37 12 2
1019356 37 11 0
1019356 37 11 0
1019414 37 11 2
1019439 37 11 2
1019708 37 2 0
1019709 37 2 2
1019794 37 2 0
1019795 37 2 2
1020167 37 4 0
1020167 37 4 0
1020225 37 4 2
1020324 37 4 2
1020856 37 38 0
1020856 37 38 0
1021209 37 38 2
1021385 37 4 0
1021385 37 4 0
1021493 37 4 2
1021727 37 4 2
1021759 37 0 0
1021759 37 0 0
1021849 37 0 2
1021866 37 0 2
1022018 37 2 0
1022019 37 2 2
1023702 37 38 2
1024586 37 31 0
1024676 37 31 2
1024720 37 35 0
1024986 37 35 2
1025046 37 32 0
1025120 37 32 2
1025220 37 33 0
1025286 37 33 2
1025378 37 34 0
1025446 37 34 2
1025478 37 1 0
1026062 37 1 2
1026106 37 32 0
1026179 37 32 2
1026187 37 35 0
1026285 37 35 2
1026289 37 60 0
1026930 37 60 2
1026946 37 61 0
1027198 37 61 2
1027258 37 48 0
1027387 37 48 2
1027427 37 49 0
1027498 37 33 0
1027499 37 7 1
1027509 37 49 2
1027545 37 36 0
1027545 37 36 0
1027573 37 36 2
1027578 37 27 0
1027654 37 36 2
1027667 37 12 0
1027703 37 33 2
1027718 37 37 0
1027718 37 37 0
1027727 37 37 0
1027736 37 37 2
1027765 37 7 2
1027768 37 33 0
1027818 37 17 0
1027859 37 33 0
1027893 37 53 0
1027934 37 33 0
1028001 37 0 0
1028022 37 33 0
1028102 37 63 0
1028129 37 33 0
1028202 37 48 0
1028213 37 33 0
1028289 37 13 0
1028320 37 33 0
1028377 37 40 0
1028418 37 33 0
1028453 37 45 0
1028476 37 37 2
1028488 37 33 0
1028524 37 58 0
1028524 37 58 0
1028538 37 30 0
1028573 37 33 0
1028621 37 58 2
1028637 37 16 0
1028664 37 33 0
1028696 37 58 2
1028708 37 31 0
1028718 37 43 0
1028739 37 33 0
1028783 37 25 0
1028824 37 33 0
1028876 37 56 0
1028908 37 33 0
1028983 37 42 0
1028999 37 33 0
1029008 37 31 2
1029020 37 30 0
1029063 37 36 0
1029079 37 33 0
1029135 37 32 0
1029184 37 33 0
1029217 37 46 0
1029258 37 33 0
1029306 37 30 2
1029314 37 59 0
1029314 37 59 0
1029321 37 8 0
1029352 37 33 0
1029373 37 59 2
1029411 37 38 0
1029452 37 33 0
1029487 37 39 0
1029528 37 33 0
1029554 37 59 2
1029579 37 61 0
1029606 37 34 0
1029614 37 33 0
1029679 37 3 0
1029686 37 33 0
1029750 37 41 0
1029770 37 33 0
1029833 37 52 0
1029864 37 33 0
1029939 37 34 2
1029950 37 33 0
1029979 37 0 0
1029979 37 0 0
1030061 37 33 0
1030098 37 5 0
1030129 37 0 2
1030139 37 33 0
1030216 37 55 0
1030247 37 33 0
1030309 37 19 0
1030350 37 33 0
1030418 37 62 0
1030439 37 33 0
1030517 37 58 0
1030548 37 33 0
1030670 37 0 2
1030678 37 33 0
1030975 37 33 2
1030991 37 60 0
1031136 37 60 2
1031156 37 32 0
1031415 37 32 2
1031491 37 61 0
1031621 37 61 2
1031745 37 62 0
1031883 37 62 2
1031971 37 12 0
1032081 37 12 2
1032093 37 39 0
1032216 37 39 2
1032228 37 13 0
1032339 37 13 2
1032343 37 48 0
1032875 37 48 2
1032887 37 59 0
1033018 37 59 2
1033046 37 54 0
1033046 37 54 0
1033088 37 54 2
1033417 37 54 2
1033457 37 55 0
1033635 37 55 2
1033659 37 56 0
1036260 37 56 2
1036288 37 57 0
1036488 37 57 2
1036552 37 58 0
1036695 37 2 0
1036696 37 33 0
1036996 37 58 2
1037032 37 49 0
1037284 37 49 2
1037324 37 63 0
1037500 37 63 2
1037548 37 15 0
1037682 37 15 2
1037698 37 44 0
1038083 37 44 2
1038103 37 45 0
1038322 37 45 2
1038570 37 0 0
1038675 37 0 2
1038767 37 1 0
1038873 37 1 2
1038973 37 2 0
1039141 37 2 2
1039161 37 41 0
1039287 37 41 2
1039359 37 3 0
1039706 37 3 2
1039966 37 5 0
1040784 37 5 2
1040832 37 6 0
1041607 37 6 2
1041695 37 7 0
1042136 37 36 2
1042327 37 7 2
1042435 37 8 0
1042541 37 8 2
1042597 37 1 0
1042597 37 1 0
1042642 37 36 2
1042679 37 1 2
1042706 37 1 2
1042842 37 36 2
1043052 37 36 2
1043154 37 46 0
1043204 37 46 2
1043212 37 4 0
1043344 37 4 2
1043368 37 47 0
1043426 37 47 2
1043570 37 12 0
1043644 37 12 2
1044008 37 10 0
1044168 37 10 2
1044288 37 1 0
1044350 37 36 2
1044402 37 1 2
1044449 37 36 2
1044660 37 36 2
1044850 37 46 0
1044850 37 46 0
1044884 37 46 2
1044901 37 46 2
1044933 37 47 0
1044991 37 47 2
1045135 37 12 0
1045209 37 12 2
1045323 37 30 2
1045693 37 1 0
1045693 37 1 0
1045775 37 1 2
1045808 37 1 2
1046240 37 12 0
1046240 37 12 0
1046291 37 12 2
1046332 37 12 2
1046348 37 46 0
1046398 37 46 2
1046430 37 47 0
1046430 37 47 0
1046489 37 47 2
1046502 37 47 2
1046600 37 33 2
1046633 37 12 0
1046633 37 12 0
1046683 37 12 2
1046708 37 12 2
1047192 37 1 0
1047192 37 1 0
1047274 37 1 2
1047300 37 1 2
1047748 37 46 0
1047839 37 46 2
1047871 37 47 0
1047969 37 47 2
1048029 37 27 2
1048113 37 12 0
1048219 37 12 2
1048550 37 33 2
1048673 37 33 2
1048703 37 1 0
1048703 37 1 0
1048787 37 1 2
1048794 37 1 2
1049242 37 46 0
1049242 37 46 0
1049276 37 46 2
1049325 37 46 2
1049357 37 47 0
1049357 37 47 0
1049399 37 47 2
1049448 37 47 2
1049592 37 12 0
1049592 37 12 0
1049642 37 12 2
1049649 37 12 2
1050133 37 1 0
1050133 37 1 0
1050215 37 1 2
1050223 37 1 2
1050587 37 25 2
1050671 37 46 0
1050671 37 46 0
1050705 37 46 2
1050713 37 46 2
1050745 37 47 0
1050745 37 47 0
1050787 37 47 2
1050795 37 47 2
1050939 37 12 0
1050939 37 12 0
1050989 37 12 2
1050997 37 12 2
1051481 37 1 0
1051481 37 1 0
1051563 37 1 2
1051571 37 1 2
1052019 37 46 0
1052019 37 46 0
1052053 37 46 2
1052061 37 46 2
1052093 37 47 0
1052093 37 47 0
1052135 37 47 2
1052145 37 47 2
1052289 37 12 0
1052289 37 12 0
1052339 37 12 2
1052349 37 12 2
1052833 37 1 0
1052833 37 1 0
1052915 37 1 2
1052923 37 1 2
1053371 37 46 0
1053371 37 46 0
1053405 37 46 2
1053413 37 46 2
1053445 37 47 0
1053445 37 47 0
1053487 37 47 2
1053494 37 47 2
1053638 37 12 0
1053638 37 12 0
1053688 37 12 2
1053700 37 12 2
1054184 37 1 0
1054184 37 1 0
1054266 37 1 2
1054274 37 1 2
1054722 37 46 0
1054722 37 46 0
1054756 37 46 2
1054764 37 46 2
1054796 37 47 0
1054796 37 47 0
1054838 37 47 2
1054846 37 47 2
1054990 37 12 0
1054990 37 12 0
1055040 37 12 2
1055048 37 12 2
1055532 37 1 0
1055532 37 1 0
1055614 37 1 2
1055622 37 1 2
1056070 37 46 0
1056070 37 46 0
1056105 37 46 2
1056113 37 46 2
1056145 37 47 0
1056145 37 47 0
1056187 37 47 2
1056194 37 47 2
1056338 37 12 0
1056338 37 12 0
1056388 37 12 2
1056395 37 12 2
1056879 37 1 0
1056879 37 1 0
1056961 37 1 2
1056968 37 1 2
1057400 37 13 0
1057482 37 13 2
1057498 37 46 0
1057498 37 46 0
1057536 37 46 2
1057538 37 46 2
1057570 37 47 0
1057570 37 47 0
1057612 37 47 2
1057621 37 47 2
1057765 37 12 0
1057765 37 12 0
1057815 37 12 2
1057823 37 12 2
1058307 37 1 0
1058307 37 1 0
1058389 37 1 2
1058397 37 1 2
1058845 37 46 0
1058845 37 46 0
1058879 37 46 2
1058888 37 46 2
1058920 37 47 0
1058920 37 47 0
1058962 37 47 2
1058971 37 47 2
1059115 37 12 0
1059115 37 12 0
1059165 37 12 2
1059173 37 12 2
1059657 37 1 0
1059657 37 1 0
1059739 37 1 2
1059747 37 1 2
1060195 37 46 0
1060195 37 46 0
1060230 37 46 2
1060235 37 46 2
1060267 37 47 0
1060267 37 47 0
1060309 37 47 2
1060318 37 47 2
1060462 37 12 0
1060462 37 12 0
1060512 37 12 2
1060519 37 12 2
1061003 37 1 0
1061003 37 1 0
1061085 37 1 2
1061093 37 1 2
1061541 37 46 0
1061541 37 46 0
1061575 37 46 2
1061585 37 46 2
1061617 37 47 0
1061617 37 47 0
1061659 37 47 2
1061676 37 47 2
1061820 37 12 0
1061820 37 12 0
1061870 37 12 2
1061877 37 12 2
1062244 37 19 2
1062361 37 1 0
1062361 37 1 0
1062442 37 7 1
1062443 37 1 2
1062451 37 1 2
1062654 37 54 2
1062704 37 7 2
1062870 37 7 1
1062899 37 46 0
1062899 37 46 0
1062934 37 46 2
1062939 37 46 2
1062948 37 17 2
1062971 37 47 0
1062971 37 47 0
1063013 37 47 2
1063021 37 47 2
1063042 37 7 1
1063074 37 50 2
1063140 37 7 2
1063147 37 7 1
1063165 37 12 0
1063165 37 12 0
1063222 37 12 2
1063223 37 12 2
1063254 37 51 2
1063312 37 7 2
1063383 37 7 1
1063474 37 28 2
1063496 37 7 1
1063517 37 7 2
1063594 37 22 2
1063644 37 7 2
1063704 37 20 2
1063707 37 1 0
1063707 37 1 0
1063730 37 7 1
1063753 37 7 2
1063790 37 1 2
1063797 37 1 2
1063816 37 7 1
1063926 37 7 1
1063934 37 59 2
1064000 37 7 2
1064044 37 35 2
1064086 37 7 2
1064154 37 44 2
1064196 37 7 2
1064245 37 46 0
1064245 37 46 0
1064279 37 46 2
1064287 37 46 2
1064298 37 7 1
1064319 37 47 0
1064319 37 47 0
1064369 37 47 2
1064381 37 47 2
1064408 37 7 1
1064502 37 7 1
1064504 37 6 2
1064513 37 12 0
1064513 37 12 0
1064570 37 7 2
1064573 37 12 2
1064603 37 12 2
1064614 37 24 2
1064621 37 7 1
1064690 37 7 2
1064724 37 26 2
1064782 37 7 2
1064834 37 18 2
1064846 37 7 1
1064901 37 7 2
1065042 37 7 1
1065054 37 57 2
1065057 37 1 0
1065057 37 1 0
1065133 37 7 1
1065139 37 7 2
1065154 37 1 2
1065155 37 1 2
1065264 37 4 2
1065281 37 7 1
1065329 37 7 2
1065341 37 16 2
1065374 37 34 2
1065382 37 7 1
1065424 37 7 2
1065484 37 14 2
1065534 37 7 1
1065542 37 7 2
1065594 37 31 2
1065603 37 46 0
1065603 37 46 0
1065644 37 7 2
1065644 37 46 2
1065668 37 46 2
1065676 37 47 0
1065676 37 47 0
1065726 37 47 2
1065745 37 1 2
1065762 37 7 1
1065788 37 47 2
1065835 37 7 2
1065870 37 12 0
1065870 37 12 0
1065920 37 12 2
1065928 37 12 2
1065974 37 47 2
1066024 37 7 2
1066028 37 7 1
1066234 37 49 2
1066250 37 7 1
1066307 37 7 2
1066412 37 1 0
1066412 37 1 0
1066454 37 11 2
1066494 37 1 2
1066502 37 1 2
1066520 37 7 2
1066621 37 7 1
1066758 37 7 1
1066826 37 60 2
1066884 37 7 2
1066950 37 46 0
1066950 37 46 0
1066950 37 7 1
1066964 37 10 2
1066985 37 46 2
1066993 37 46 2
1067025 37 47 0
1067025 37 47 0
1067038 37 7 2
1067067 37 47 2
1067074 37 47 2
1067077 37 7 1
1067154 37 7 1
1067154 37 23 2
1067212 37 7 2
1067218 37 12 0
1067218 37 12 0
1067268 37 12 2
1067280 37 12 2
1067284 37 9 2
1067366 37 7 2
1067394 37 21 2
1067436 37 7 2
1067567 37 7 1
1067678 37 7 1
1067756 37 7 1
1067764 37 1 0
1067764 37 1 0
1067774 37 7 2
1067846 37 1 2
1067850 37 7 2
1067854 37 1 2
1067860 37 13 2
1067884 37 15 2
1067950 37 7 2
1067994 37 29 2
1068028 37 7 2
1068286 37 14 0
1068392 37 14 2
1068408 37 46 0
1068408 37 46 0
1068442 37 46 2
1068450 37 46 2
1068482 37 47 0
1068482 37 47 0
1068524 37 47 2
1068531 37 47 2
1068675 37 12 0
1068675 37 12 0
1068725 37 12 2
1068733 37 12 2
1068862 37 12 2
1069217 37 1 0
1069217 37 1 0
1069299 37 1 2
1069307 37 1 2
1069755 37 46 0
1069755 37 46 0
1069789 37 46 2
1069797 37 46 2
1069829 37 47 0
1069829 37 47 0
1069871 37 47 2
1069879 37 47 2
1070023 37 12 0
1070023 37 12 0
1070073 37 12 2
1070081 37 12 2
1070565 37 1 0
1070565 37 1 0
1070647 37 1 2
1070655 37 1 2
1071103 37 46 0
1071103 37 46 0
1071137 37 46 2
1071145 37 46 2
1071177 37 47 0
1071177 37 47 0
1071219 37 47 2
1071227 37 47 2
1071371 37 12 0
1071371 37 12 0
1071421 37 12 2
1071429 37 12 2
1071913 37 1 0
1071913 37 1 0
1071995 37 1 2
1072003 37 1 2
1072451 37 46 0
1072451 37 46 0
1072489 37 46 2
1072498 37 46 2
1072530 37 47 0
1072530 37 47 0
1072573 37 47 2
1072580 37 47 2
1072724 37 12 0
1072724 37 12 0
1072775 37 12 2
1072782 37 12 2
1073266 37 1 0
1073266 37 1 0
1073348 37 1 2
1073356 37 1 2
1073804 37 46 0
1073804 37 46 0
1073838 37 46 2
1073846 37 46 2
1073878 37 47 0
1073878 37 47 0
1073920 37 47 2
1073928 37 47 2
1074072 37 12 0
1074072 37 12 0
1074122 37 12 2
1074130 37 12 2
1074614 37 1 0
1074614 37 1 0
1074696 37 1 2
1074704 37 1 2
1075152 37 46 0
1075152 37 46 0
1075186 37 46 2
1075194 37 46 2
1075226 37 47 0
1075226 37 47 0
1075268 37 47 2
1075276 37 47 2
1075420 37 12 0
1075420 37 12 0
1075470 37 12 2
1075478 37 12 2
1075962 37 1 0
1075962 37 1 0
1076044 37 1 2
1076052 37 1 2
1076500 37 46 0
1076500 37 46 0
1076534 37 46 2
1076543 37 46 2
1076575 37 47 0
1076575 37 47 0
1076617 37 47 2
1076625 37 47 2
1076769 37 12 0
1076769 37 12 0
1076819 37 12 2
1076827 37 12 2
1077311 37 1 0
1077311 37 1 0
1077393 37 1 2
1077401 37 1 2
1077849 37 46 0
1077849 37 46 0
1077883 37 46 2
1077892 37 46 2
1077924 37 47 0
1077924 37 47 0
1077966 37 47 2
1077974 37 47 2
1078118 37 12 0
1078118 37 12 0
1078169 37 12 2
1078177 37 12 2
1078565 37 1 0
1078565 37 1 0
1078610 37 8 2
1078647 37 1 2
1078655 37 1 2
1079087 37 7 0
1079178 37 7 2
1079194 37 46 0
1079194 37 46 0
1079228 37 46 2
1079235 37 46 2
1079267 37 47 0
1079267 37 47 0
1079309 37 47 2
1079317 37 47 2
1079461 37 12 0
1079461 37 12 0
1079511 37 12 2
1079519 37 12 2
1080003 37 1 0
1080003 37 1 0
1080085 37 1 2
1080092 37 1 2
1080540 37 46 0
1080540 37 46 0
1080574 37 46 2
1080583 37 46 2
1080615 37 47 0
1080615 37 47 0
1080657 37 47 2
1080664 37 47 2
1080808 37 12 0
1080808 37 12 0
1080858 37 12 2
1080866 37 12 2
1081350 37 1 0
1081350 37 1 0
1081438 37 1 2
1081439 37 1 2
1081887 37 46 0
1081887 37 46 0
1081921 37 46 2
1081929 37 46 2
1081961 37 47 0
1081961 37 47 0
1082003 37 47 2
1082015 37 47 2
1082159 37 5 0
1082250 37 5 2
1082258 37 61 0
1082258 37 61 0
1082300 37 61 2
1082372 37 61 2
1082380 37 29 0
1082614 37 29 2
1082630 37 62 0
1082630 37 62 0
1082680 37 62 2
1082752 37 62 2
1083028 37 63 0
1083028 37 63 0
1083086 37 63 2
1083158 37 63 2
1083582 37 12 0
1083582 37 12 0
1083632 37 12 2
1083661 37 5 2
1083666 37 12 2
1084106 37 11 0
1084212 37 11 2
1084424 37 1 0
1084424 37 1 0
1084507 37 1 2
1084511 37 3 2
1084515 37 1 2
1084542 37 36 2
1084963 37 46 0
1084963 37 46 0
1084997 37 46 2
1085009 37 46 2
1085041 37 47 0
1085041 37 47 0
1085083 37 47 2
1085090 37 47 2
1085234 37 12 0
1085234 37 12 0
1085284 37 12 2
1085292 37 12 2
1085776 37 1 0
1085776 37 1 0
1085858 37 1 2
1085867 37 1 2
1086315 37 46 0
1086315 37 46 0
1086349 37 46 2
1086357 37 46 2
1086389 37 47 0
1086389 37 47 0
1086431 37 47 2
1086439 37 47 2
1086583 37 12 0
1086583 37 12 0
1086633 37 12 2
1086641 37 12 2
1086801 37 2 2
1087125 37 1 0
1087125 37 1 0
1087207 37 1 2
1087217 37 1 2
1087665 37 46 0
1087665 37 46 0
1087699 37 46 2
1087709 37 46 2
1087741 37 47 0
1087741 37 47 0
1087783 37 47 2
1087790 37 47 2
1087934 37 12 0
1087934 37 12 0
1087984 37 12 2
1087992 37 12 2
1088476 37 1 0
1088476 37 1 0
1088558 37 1 2
1088566 37 1 2
1089014 37 46 0
1089014 37 46 0
1089048 37 46 2
1089061 37 46 2
1089093 37 47 0
1089093 37 47 0
1089135 37 47 2
1089143 37 47 2
1089287 37 12 0
1089346 37 12 2
1089452 37 0 2
1089830 37 1 0
1089830 37 1 0
1089912 37 1 2
1089920 37 1 2
1090368 37 46 0
1090368 37 46 0
1090402 37 46 2
1090415 37 46 2
1090447 37 47 0
1090447 37 47 0
1090490 37 47 2
1090502 37 47 2
1090646 37 12 0
1090646 37 12 0
1090696 37 12 2
1090703 37 12 2
1091187 37 1 0
1091187 37 1 0
1091271 37 1 2
1091278 37 1 2
1091710 37 8 0
1091710 37 8 0
1091792 37 8 2
1091813 37 8 2
1091829 37 46 0
1091829 37 46 0
1091863 37 46 2
1091870 37 46 2
1091902 37 47 0
1091902 37 47 0
1091945 37 47 2
1091953 37 47 2
1092097 37 12 0
1092097 37 12 0
1092151 37 12 2
1092153 37 12 2
1092637 37 1 0
1092637 37 1 0
1092719 37 1 2
1092728 37 1 2
1092742 37 63 2
1093176 37 46 0
1093176 37 46 0
1093210 37 46 2
1093218 37 46 2
1093250 37 47 0
1093250 37 47 0
1093292 37 47 2
1093299 37 47 2
1093443 37 12 0
1093443 37 12 0
1093493 37 12 2
1093501 37 12 2
1093985 37 1 0
1093985 37 1 0
1094067 37 1 2
1094075 37 1 2
1094523 37 46 0
1094523 37 46 0
1094557 37 46 2
1094561 37 62 2
1094565 37 46 2
1094597 37 47 0
1094597 37 47 0
1094639 37 47 2
1094647 37 47 2
1094791 37 12 0
1094791 37 12 0
1094795 37 61 2
1094843 37 12 2
1094848 37 12 2
1095332 37 1 0
1095332 37 1 0
1095414 37 1 2
1095422 37 1 2
1095870 37 46 0
1095870 37 46 0
1095905 37 46 2
1095920 37 46 2
1095952 37 47 0
1095952 37 47 0
1095994 37 47 2
1096002 37 47 2
1096146 37 12 0
1096146 37 12 0
1096196 37 12 2
1096204 37 12 2
1096688 37 1 0
1096688 37 1 0
1096770 37 1 2
1096778 37 1 2
1097226 37 46 0
1097226 37 46 0
1097260 37 46 2
1097270 37 46 2
1097302 37 47 0
1097302 37 47 0
1097344 37 47 2
1097351 37 47 2
1097495 37 12 0
1097495 37 12 0
1097546 37 12 2
1097551 37 12 2
1098035 37 1 0
1098035 37 1 0
1098117 37 1 2
1098125 37 1 2
1098573 37 46 0
1098573 37 46 0
1098607 37 46 2
1098614 37 46 2
1098646 37 47 0
1098646 37 47 0
1098688 37 47 2
1098696 37 47 2
1098840 37 12 0
1098840 37 12 0
1098897 37 12 2
1098899 37 12 2
1099383 37 1 0
1099383 37 1 0
1099465 37 1 2
1099474 37 1 2
1099922 37 46 0
1099922 37 46 0
1099956 37 46 2
1099964 37 46 2
1099996 37 47 0
1099996 37 47 0
1100039 37 47 2
1100047 37 47 2
1100191 37 12 0
1100191 37 12 0
1100242 37 12 2
1100247 37 12 2
1100546 37 58 2
1100731 37 1 0
1100731 37 1 0
1100813 37 1 2
1100821 37 1 2
1101269 37 46 0
1101269 37 46 0
1101308 37 46 2
1101317 37 46 2
1101349 37 47 0
1101349 37 47 0
1101391 37 47 2
1101448 37 47 2
1101592 37 12 0
1101592 37 12 0
1101642 37 12 2
1101713 37 12 2
1102197 37 1 0
1102197 37 1 0
1102279 37 1 2
1102337 37 1 2
1102769 37 9 0
1102859 37 9 2
1102875 37 46 0
1102875 37 46 0
1102909 37 46 2
1102916 37 46 2
1102948 37 47 0
1102948 37 47 0
1102991 37 47 2
1102998 37 47 2
1103142 37 12 0
1103142 37 12 0
1103192 37 12 2
1103220 37 12 2
1103704 37 1 0
1103704 37 1 0
1103786 37 1 2
1103845 37 1 2
1104293 37 46 0
1104293 37 46 0
1104327 37 46 2
1104341 37 46 2
1104373 37 47 0
1104373 37 47 0
1104415 37 47 2
1104472 37 47 2
1104616 37 12 0
1104616 37 12 0
1104666 37 12 2
1104733 37 12 2
1104903 37 56 2
1105032 37 53 2
1105133 37 55 2
1105217 37 1 0
1105217 37 1 0
1105299 37 1 2
1105367 37 1 2
1105815 37 46 0
1105815 37 46 0
1105849 37 46 2
1105857 37 46 2
1105889 37 47 0
1105889 37 47 0
1105931 37 47 2
1105989 37 47 2
1106133 37 12 0
1106133 37 12 0
1106183 37 12 2
1106250 37 12 2
1106734 37 1 0
1106734 37 1 0
1106816 37 1 2
1106874 37 1 2
1107005 37 52 2
1107322 37 46 0
1107322 37 46 0
1107356 37 46 2
1107364 37 46 2
1107396 37 47 0
1107396 37 47 0
1107438 37 47 2
1107495 37 47 2
1107639 37 12 0
1107639 37 12 0
1107689 37 12 2
1107757 37 12 2
1108241 37 1 0
1108241 37 1 0
1108323 37 1 2
1108391 37 1 2
1108839 37 46 0
1108839 37 46 0
1108873 37 46 2
1108880 37 46 2
1108912 37 47 0
1108912 37 47 0
1108954 37 47 2
1108962 37 47 2
1109106 37 12 0
1109106 37 12 0
1109156 37 12 2
1109164 37 12 2
1109648 37 1 0
1109648 37 1 0
1109730 37 1 2
1109737 37 1 2
1110185 37 46 0
1110185 37 46 0
1110219 37 46 2
1110227 37 46 2
1110259 37 47 0
1110259 37 47 0
1110302 37 47 2
1110310 37 47 2
1110454 37 12 0
1110454 37 12 0
1110504 37 12 2
1110512 37 12 2
1110996 37 1 0
1110996 37 1 0
1111078 37 1 2
1111086 37 1 2
1111534 37 46 0
1111534 37 46 0
1111568 37 46 2
1111576 37 46 2
1111608 37 47 0
1111608 37 47 0
1111650 37 47 2
1111657 37 47 2
1111801 37 12 0
1111801 37 12 0
1111851 37 12 2
1111859 37 12 2
1112343 37 1 0
1112343 37 1 0
1112425 37 1 2
1112433 37 1 2
1112881 37 46 0
1112881 37 46 0
1112916 37 46 2
1112923 37 46 2
1112955 37 47 0
1112955 37 47 0
1112998 37 47 2
1113003 37 47 2
1113147 37 12 0
1113147 37 12 0
1113197 37 12 2
1113205 37 12 2
1113689 37 1 0
1113689 37 1 0
1113771 37 1 2
1113779 37 1 2
1114211 37 10 0
1114293 37 10 2
1114309 37 46 0
1114309 37 46 0
1114343 37 46 2
1114350 37 46 2
1114382 37 47 0
1114382 37 47 0
1114425 37 47 2
1114430 37 47 2
1114574 37 12 0
1114574 37 12 0
1114624 37 12 2
1114632 37 12 2
1114781 37 48 2
1115116 37 1 0
1115116 37 1 0
1115198 37 1 2
1115206 37 1 2
1115654 37 46 0
1115654 37 46 0
1115688 37 46 2
1115696 37 46 2
1115728 37 47 0
1115728 37 47 0
1115770 37 47 2
1115778 37 47 2
1115922 37 12 0
1115922 37 12 0
1115972 37 12 2
1115983 37 12 2
1116467 37 1 0
1116467 37 1 0
1116549 37 1 2
1116557 37 1 2
1117005 37 46 0
1117005 37 46 0
1117039 37 46 2
1117047 37 46 2
1117079 37 47 0
1117079 37 47 0
1117121 37 47 2
1117129 37 47 2
1117273 37 12 0
1117273 37 12 0
1117323 37 12 2
1117381 37 12 2
1117673 37 45 2
1117865 37 1 0
1117865 37 1 0
1118027 37 1 2
1118105 37 1 2
1118553 37 46 0
1118553 37 46 0
1118587 37 46 2
1118595 37 46 2
1118627 37 47 0
1118627 37 47 0
1118669 37 47 2
1118677 37 47 2
1118821 37 12 0
1118821 37 12 0
1118871 37 12 2
1118939 37 12 2
1119423 37 1 0
1119423 37 1 0
1119565 37 1 2
1119663 37 1 2
1119794 37 46 2
1120111 37 46 0
1120111 37 46 0
1120145 37 46 2
1120153 37 46 2
1120185 37 47 0
1120185 37 47 0
1120234 37 47 2
1120238 37 47 2
1120382 37 12 0
1120382 37 12 0
1120482 37 12 2
1120579 37 12 2
1120815 37 43 2
1120900 37 42 2
1121063 37 1 0
1121063 37 1 0
1121205 37 1 2
1121214 37 1 2
1121662 37 46 0
1121662 37 46 0
1121696 37 46 2
1121705 37 46 2
1121737 37 47 0
1121737 37 47 0
1121780 37 47 2
1121787 37 47 2
1121931 37 12 0
1121931 37 12 0
1121981 37 12 2
1122009 37 12 2
1122493 37 1 0
1122493 37 1 0
1122615 37 1 2
1122683 37 1 2
1123088 37 41 2
1123131 37 46 0
1123131 37 46 0
1123165 37 46 2
1123172 37 46 2
1123204 37 47 0
1123204 37 47 0
1123251 37 47 2
1123252 37 47 2
1123396 37 12 0
1123396 37 12 0
1123446 37 12 2
1123467 37 54 0
1123468 37 33 0
1123504 37 12 2
1123550 37 50 0
1123561 37 33 0
1123669 37 51 0
1123670 37 33 0
1123988 37 1 0
1123988 37 1 0
1124070 37 1 2
1124122 37 28 0
1124123 37 33 0
1124147 37 1 2
1124595 37 46 0
1124595 37 46 0
1124619 37 20 0
1124620 37 33 0
1124629 37 46 2
1124637 37 46 2
1124669 37 47 0
1124669 37 47 0
1124711 37 47 2
1124719 37 47 2
1124842 37 22 0
1124843 37 33 0
1124863 37 12 0
1124863 37 12 0
1124913 37 12 2
1124920 37 12 2
1124946 37 59 0
1124948 37 33 0
1125013 37 35 0
1125044 37 33 0
1125085 37 44 0
1125116 37 33 0
1125404 37 1 0
1125404 37 1 0
1125486 37 1 2
1125494 37 1 2
1125942 37 46 0
1125942 37 46 0
1125976 37 46 2
1125984 37 46 2
1126016 37 47 0
1126016 37 47 0
1126060 37 47 2
1126065 37 47 2
1126103 37 6 0
1126104 37 33 0
1126183 37 40 2
1126192 37 24 0
1126209 37 12 0
1126209 37 12 0
1126213 37 33 0
1126263 37 12 2
1126265 37 26 0
1126268 37 12 2
1126296 37 33 0
1126338 37 18 0
1126379 37 33 0
1126431 37 57 0
1126472 37 33 0
1126590 37 4 0
1126591 37 33 0
1126662 37 34 0
1126706 37 33 0
1126752 37 1 0
1126752 37 1 0
1126834 37 1 2
1126842 37 1 2
1126919 37 14 0
1126920 37 33 0
1127026 37 31 0
1127027 37 33 0
1127143 37 1 0
1127147 37 33 0
1127290 37 46 0
1127290 37 46 0
1127324 37 46 2
1127332 37 46 2
1127364 37 47 0
1127364 37 47 0
1127406 37 47 2
1127414 37 47 2
1127461 37 47 0
1127462 37 33 0
1127550 37 49 0
1127558 37 12 0
1127558 37 12 0
1127561 37 33 0
1127608 37 12 2
1127616 37 12 2
1127654 37 11 0
1127655 37 33 0
1127760 37 60 0
1127761 37 33 0
1128054 37 10 0
1128055 37 33 0
1128100 37 1 0
1128100 37 1 0
1128182 37 1 2
1128190 37 1 2
1128510 37 23 0
1128511 37 33 0
1128610 37 9 0
1128611 37 33 0
1128638 37 46 0
1128638 37 46 0
1128672 37 46 2
1128680 37 46 2
1128712 37 47 0
1128712 37 47 0
1128754 37 47 2
1128762 37 47 2
1128809 37 21 0
1128810 37 33 0
1128906 37 12 0
1128906 37 12 0
1128956 37 12 2
1128964 37 12 2
1129448 37 1 0
1129448 37 1 0
1129530 37 1 2
1129540 37 1 2
1129580 37 7 0
1129581 37 33 0
1129710 37 15 0
1129711 37 33 0
1129793 37 29 0
1129824 37 33 0
1129988 37 46 0
1129988 37 46 0
1130022 37 46 2
1130030 37 46 2
1130062 37 47 0
1130062 37 47 0
1130104 37 47 2
1130113 37 47 2
1130257 37 12 0
1130257 37 12 0
1130307 37 12 2
1130315 37 12 2
1130799 37 1 0
1130799 37 1 0
1130881 37 1 2
1130891 37 1 2
1131339 37 46 0
1131339 37 46 0
1131373 37 46 2
1131387 37 46 2
1131419 37 47 0
1131419 37 47 0
1131462 37 47 2
1131467 37 47 2
1131611 37 12 0
1131611 37 12 0
1131661 37 12 2
1131669 37 12 2
1132145 37 9 0
1132234 37 36 2
1132235 37 9 2
1132359 37 55 0
1132449 37 55 2
1132453 37 1 0
1132453 37 1 0
1132552 37 1 2
1132577 37 1 2
1132601 37 56 0
1132707 37 56 2
1132747 37 45 0
1132795 37 38 2
1132813 37 45 2
1132829 37 1 0
1132936 37 1 2
1132972 37 1 0
1133080 37 1 2
1133084 37 46 0
1133170 37 39 2
1133210 37 46 2
1133226 37 1 0
1133440 37 1 2
1133500 37 63 0
1133720 37 63 2
1133728 37 47 0
1133811 37 47 2
1133915 37 62 0
1133915 37 62 0
1133966 37 62 2
1134022 37 62 2
1134318 37 3 0
1134503 37 3 2
1134511 37 19 0
1134570 37 25 2
1134588 37 19 2
1134592 37 3 0
1134880 37 3 2
1134957 37 13 2
1134964 37 3 0
1135075 37 3 2
1135144 37 36 2
1135227 37 25 2
1135333 37 33 2
1135339 37 3 0
1135540 37 3 2
1135599 37 31 2
1135694 37 19 2
1135696 37 3 0
1135888 37 3 2
1136469 37 30 2
1136476 37 3 0
1136622 37 28 2
1136974 37 3 2
1137140 37 42 2
1137142 37 3 0
1137774 37 3 2
1137850 37 39 2
1137858 37 3 0
1139046 37 3 2
1139114 37 32 2
1139118 37 3 0
1139530 37 3 2
1139597 37 17 2
1139602 37 3 0
1139730 37 3 2
1139797 37 13 2
1139880 37 12 2
1139965 37 45 2
1139970 37 3 0
1141050 37 29 2
1141494 37 26 2
1143057 37 3 2
1143126 37 52 2
1143227 37 17 2
1143327 37 25 2
1143428 37 5 2
1143515 37 2 2
1143525 37 3 0
1144460 37 24 2
1145196 37 22 2
1147326 37 20 2
1148316 37 23 2
1150810 37 21 2
1152719 37 18 2
1153101 37 3 2
1158941 37 14 2
1160592 37 15 2
1164522 37 11 2
1166337 37 10 2
1168110 37 9 2
1168804 37 6 2
1171778 37 7 2
1172732 37 4 2
1180610 37 1 2
1187848 37 59 2
1189454 37 60 2
1193898 37 57 2
1194021 37 54 2
1196672 37 51 2
1200088 37 50 2
1205838 37 49 2
1206108 37 47 2
1206213 37 44 2
1222386 37 28 2
1222389 37 3 0
1222768 37 35 2
1223259 37 3 2
1224356 37 20 2
1224363 37 3 0
1225913 37 34 2
1227355 37 3 2
1227779 37 54 2
1227787 37 3 0
1232479 37 3 2
1233396 37 15 2
1233403 37 3 0
1238959 37 3 2
1239028 37 47 2
1239031 37 3 0
1245169 37 3 2
1991533 37 1 0
1992067 37 47 0
1992068 37 47 2
1992149 37 38 0
1992150 37 47 0
1992252 37 19 0
1992253 37 47 0
1992351 37 50 0
1992352 37 47 0
1992434 37 20 0
1992445 37 47 0
1992535 37 25 0
1992536 37 47 0
1992626 37 33 0
1992637 37 47 0
1992703 37 63 0
1992734 37 47 0
1992843 37 0 0
1992844 37 47 0
1992941 37 44 0
1992982 37 47 0
1993013 37 32 0
1993054 37 47 0
1993083 37 53 0
1993120 37 38 0
1993121 37 38 2
1993154 37 47 0
1993189 37 4 0
1993230 37 47 0
1993269 37 19 0
1993270 37 19 2
1993331 37 47 0
1993332 37 5 0
1993393 37 34 0
1993434 37 47 0
1993464 37 59 0
1993525 37 47 0
1993531 37 54 0
1993568 37 25 0
1993577 37 25 2
1993622 37 47 0
1993645 37 61 0
1993662 37 33 0
1993693 37 33 2
1993695 37 47 0
1993754 37 55 0
1993766 37 47 0
1993813 37 7 0
1993844 37 47 0
1993881 37 46 0
1993888 37 50 0
1993919 37 50 2
1993942 37 47 0
1993951 37 0 0
1993992 37 0 2
1994005 37 47 0
1994066 37 20 0
1994094 37 8 0
1994118 37 63 0
1994133 37 47 0
1994179 37 63 2
1994196 37 32 0
1994244 37 12 0
1994245 37 47 0
1994275 37 47 0
1994295 37 20 2
1994339 37 47 0
1994347 37 32 2
1994418 37 28 0
1994422 37 47 0
1994461 37 36 0
1994492 37 17 0
1994493 37 47 0
1994497 37 44 0
1994560 37 43 0
1994604 37 47 2
1994612 37 47 0
1994658 37 44 2
1994691 37 47 0
1994702 37 9 0
1994780 37 49 0
1994781 37 53 0
1994795 37 47 0
1994845 37 1 2
1994852 37 53 2
1994883 37 47 0
1994894 37 42 0
1994952 37 24 0
1994994 37 47 0
1995006 37 34 0
1995023 37 6 0
1995087 37 34 2
1995092 37 47 0
1995102 37 12 0
1995140 37 29 0
1995171 37 10 0
1995185 37 61 0
1995201 37 47 0
1995238 37 18 0
1995241 37 36 0
1995241 37 36 0
1995269 37 47 0
1995272 37 59 0
1995303 37 12 2
1995340 37 54 0
1995361 37 54 2
1995371 37 47 0
1995413 37 59 2
1995480 37 1 0
1995498 37 47 0
1995566 37 61 2
1995609 37 47 0
1995617 37 57 0
1995649 37 8 0
1995693 37 52 0
1995704 37 47 0
1995727 37 36 2
1995738 37 26 0
1995750 37 4 0
1995771 37 37 0
1995771 37 37 0
1995781 37 47 0
1995790 37 37 0
1995799 37 37 2
1995811 37 8 2
1995830 37 37 2
1995842 37 47 0
1995896 37 36 0
1995901 37 4 2
1995965 37 47 0
1995967 37 36 2
1996003 37 16 0
1996010 37 0 0
1996010 37 0 0
1996075 37 47 0
1996084 37 3 0
1996100 37 0 2
1996108 37 0 2
1996154 37 58 0
1996175 37 47 0
1996196 37 36 0
1996222 37 36 2
1996224 37 62 0
1996257 37 47 0
1996260 37 9 0
1996276 37 40 0
1996299 37 33 2
1996343 37 46 0
1996351 37 9 2
1996357 37 47 0
1996403 37 43 0
1996434 37 14 0
1996441 37 47 0
1996485 37 60 0
1996487 37 42 0
1996525 37 47 0
1996538 37 42 2
1996591 37 7 0
1996599 37 11 0
1996620 37 47 0
1996660 37 51 0
1996698 37 49 0
1996712 37 7 2
1996727 37 47 0
1996787 37 49 2
1996811 37 26 0
1996814 37 47 0
1996827 37 33 2
1996864 37 46 2
1996878 37 47 0
1996907 37 56 0
1996954 37 33 2
1996991 37 30 0
1996995 37 47 0
1997019 37 6 0
1997028 37 6 2
1997072 37 47 0
1997093 37 45 0
1997122 37 26 2
1997143 37 47 0
1997182 37 13 0
1997226 37 47 0
1997228 37 22 0
1997238 37 18 0
1997273 37 23 0
1997309 37 47 0
1997324 37 43 2
1997354 37 16 0
1997374 37 15 0
1997389 37 47 0
1997434 37 35 0
1997469 37 18 2
1997483 37 5 0
1997486 37 47 0
1997535 37 16 2
1997572 37 55 0
1997597 37 47 0
1997616 37 31 0
1997655 37 34 2
1997663 37 55 2
1997675 37 47 0
1997677 37 36 2
1997677 37 11 0
1997686 37 36 0
1997721 37 11 2
1997765 37 52 0
1997779 37 36 2
1997788 37 41 0
1997796 37 47 0
1997811 37 38 0
1997811 37 38 0
1997847 37 39 0
1997857 37 38 2
1997863 37 17 0
1997865 37 38 2
1997878 37 47 0
1997884 37 5 2
1997930 37 45 0
1997944 37 2 0
1998021 37 45 2
1998025 37 54 0
1998025 37 54 0
1998038 37 57 0
1998055 37 48 0
1998104 37 54 2
1998113 37 35 0
1998134 37 17 2
1998164 37 37 0
1998164 37 37 0
1998173 37 37 0
1998182 37 37 2
1998209 37 57 2
1998217 37 54 2
1998262 37 23 0
1998293 37 23 2
1998343 37 62 0
1998354 37 37 2
1998366 37 34 2
1998369 37 37 2
1998384 37 62 2
1998437 37 48 0
1998445 37 21 0
1998478 37 34 2
1998485 37 35 2
1998528 37 48 2
1998532 37 58 0
1998613 37 58 2
1998660 37 1 0
1998696 37 52 2
1998751 37 1 2
1998757 37 60 0
1998808 37 36 2
1998840 37 51 0
1998842 37 51 2
1998908 37 60 2
1998939 37 24 0
1998970 37 24 2
1999029 37 13 0
1999050 37 13 2
1999108 37 31 0
1999109 37 31 2
1999181 37 21 0
1999182 37 21 2
1999225 37 36 2
1999248 37 29 0
1999249 37 29 2
1999326 37 22 0
1999327 37 22 2
1999340 37 36 2
1999357 37 47 0
1999409 37 14 0
1999410 37 14 2
1999496 37 15 0
1999497 37 15 2
1999601 37 40 0
1999602 37 40 2
1999672 37 30 0
1999683 37 30 2
1999695 37 47 2
1999722 37 39 0
1999733 37 39 2
1999824 37 3 0
1999825 37 3 2
1999847 37 1 0
1999927 37 41 0
1999928 37 41 2
2000029 37 10 0
2000030 37 10 2
2000109 37 28 0
2000110 37 28 2
2000238 37 56 0
2000239 37 56 2
2000273 37 1 2
2000308 37 0 2
2000329 37 7 0
2000718 37 2 0
2000719 37 2 2
2001195 37 7 2
2001663 37 14 0
2001688 37 0 2
2001689 37 0 0
2001789 37 14 2
2001801 37 15 0
2001801 37 15 0
2001859 37 15 2
2001878 37 35 2
2001886 37 15 2
2001974 37 38 0
2001974 37 38 0
2002000 37 38 2
2002021 37 38 2
2002177 37 46 0
2002263 37 46 2
2002307 37 12 0
2002364 37 12 2
2002372 37 0 0
2002372 37 0 0
2002380 37 35 2
2002462 37 0 2
2002470 37 0 2
2002499 37 35 2
2002618 37 47 0
2002667 37 47 2
2002683 37 12 0
2002788 37 12 2
2002824 37 47 0
2002919 37 47 2
2003667 37 54 0
2003667 37 54 0
2003769 37 54 2
2003787 37 54 2
2004435 37 58 0
2004435 37 58 0
2004501 37 58 2
2004566 37 58 2
2004646 37 59 0
2004646 37 59 0
2004704 37 59 2
2004760 37 59 2
2004820 37 38 0
2004820 37 38 0
2004853 37 38 2
2004856 37 38 2
2968848 37 38 0
2968848 37 38 0
2969249 37 38 2
2970882 37 38 2
2972866 37 38 0
2972866 37 38 0
2972892 37 38 2
2974071 37 38 2
2974345 37 0 2
2974355 37 7 0
2974657 37 7 2
2976569 37 38 0
2976569 37 38 0
2976595 37 38 2
2976603 37 38 2
3945435 37 38 0
3945435 37 38 0
3946486 37 38 2
3948222 37 38 2
3950206 37 38 0
3950206 37 38 0
3950233 37 38 2
3950960 37 38 2
3953156 37 38 0
3953156 37 38 0
3953190 37 38 2
3953232 37 38 2
4922002 37 38 0
4922002 37 38 0
4923561 37 38 2
4924304 37 38 2
4926288 37 38 0
4926288 37 38 0
4926314 37 38 2
4926352 37 38 2
4927546 37 0 2
4928548 37 38 0
4928548 37 38 0
4928582 37 38 2
4928624 37 38 2
4935290 37 50 0
4935291 37 50 2
5007076 37 50 2
5014602 37 50 2
5014725 37 50 2
5014968 37 50 2
5898508 37 38 0
5898508 37 38 0
5898535 37 50 0
5898536 37 47 0
5898624 37 38 2
5899132 37 38 2
5900548 37 7 0
5900630 37 7 2
5901198 37 38 0
5901198 37 38 0
5901225 37 38 2
5901577 37 50 0
5901578 37 50 2
5902410 37 38 2
5902566 37 46 0
5902608 37 46 2
5902652 37 12 0
5902709 37 12 2
5902865 37 47 0
5902914 37 47 2
5904754 37 38 0
5904754 37 38 0
5904788 37 38 2
5904880 37 38 2
5908607 37 38 0
5908608 37 38 2
5908937 37 63 0
5908938 37 63 2
5971100 37 63 2
5971207 37 63 2
5971458 37 63 2
