0 32 51 0
3953 32 0 1
4140 32 0 2
4197 32 0 2
4481 32 51 2
4485 32 22 0
6629 32 22 2
6641 32 1 0
7425 32 0 1
7572 32 1 2
7592 32 24 0
7620 32 0 2
7677 32 0 2
7734 32 24 2
14533 32 0 1
14720 32 2 2
14793 32 0 2
20940 32 0 1
21130 32 2 2
21203 32 0 2
27807 32 0 1
28090 32 2 2
28163 32 0 2
37948 32 4 0
42779 32 4 2
42831 32 44 0
44968 32 44 2
44980 32 5 0
45094 32 5 2
45106 32 45 0
45472 32 45 2
45540 32 24 0
46102 32 24 2
46134 32 25 0
46255 32 25 2
46263 32 26 0
46388 32 26 2
46428 32 27 0
46528 32 27 2
46548 32 33 0
46685 32 33 2
46705 32 35 0
46803 32 35 2
46811 32 41 0
47543 32 41 2
47559 32 42 0
47854 32 42 2
47886 32 1 0
47972 32 1 2
48008 32 36 0
48184 32 36 2
48196 32 43 0
48612 32 43 2
48628 32 17 0
48916 32 17 2
49008 32 27 0
49138 32 27 2
49142 32 37 0
49303 32 37 2
49315 32 17 0
49514 32 17 2
49522 32 15 0
49668 32 15 2
49708 32 16 0
49921 32 16 2
49961 32 18 0
50111 32 18 2
50135 32 61 0
50813 32 0 1
50999 32 7 2
51034 32 61 2
51046 32 54 0
51112 32 0 2
51476 32 54 2
51496 32 11 0
51594 32 11 2
51602 32 19 0
51699 32 19 2
51703 32 35 0
52260 32 35 2
52276 32 53 0
52658 32 53 2
52698 32 33 0
52820 32 33 2
52832 32 36 0
52933 32 36 2
52953 32 40 0
53216 32 40 2
53240 32 37 0
53379 32 37 2
53483 32 38 0
53647 32 38 2
53651 32 57 0
53976 32 57 2
54000 32 8 0
54178 32 8 2
54186 32 29 0
54292 32 29 2
54332 32 0 0
54489 32 0 2
54501 32 38 0
54691 32 38 2
54707 32 39 0
55568 32 39 2
55572 32 39 0
56242 32 39 2
56298 32 36 0
56406 32 36 2
56438 32 38 0
56580 32 38 2
56596 32 51 0
56729 32 51 2
56785 32 43 0
57060 32 43 2
57068 32 52 0
57190 32 52 2
57226 32 51 0
57510 32 51 2
57530 32 53 0
58051 32 53 2
58075 32 54 0
58645 32 54 2
58661 32 11 0
58983 32 11 2
58995 32 56 0
60706 32 56 2
60710 32 12 0
60995 32 12 2
61003 32 57 0
61156 32 57 2
61160 32 2 0
61474 32 2 2
61526 32 37 0
61662 32 37 2
61678 32 40 0
61883 32 40 2
61939 32 58 0
62074 32 58 2
62134 32 35 0
62264 32 35 2
62268 32 50 0
62381 32 50 2
62401 32 62 0
62722 32 62 2
62750 32 38 0
63068 32 38 2
63140 32 63 0
63461 32 63 2
63501 32 12 0
63778 32 12 2
63802 32 2 0
63899 32 2 2
63923 32 13 0
64232 32 13 2
64328 32 3 0
64438 32 3 2
64478 32 23 0
64644 32 23 2
64660 32 24 0
64829 32 24 2
64937 32 3 0
65208 32 0 1
65340 32 3 2
65348 32 25 0
65470 32 61 2
65542 32 25 2
65559 32 0 2
65570 32 26 0
65672 32 26 2
65752 32 0 0
65848 32 0 2
65856 32 3 0
65956 32 3 2
66000 32 4 0
66097 32 4 2
66193 32 5 0
66370 32 5 2
66410 32 15 0
66844 32 15 2
66852 32 14 0
67321 32 14 2
67333 32 50 0
67945 32 50 2
67973 32 6 0
68129 32 6 2
68149 32 4 0
68257 32 4 2
68265 32 8 0
68369 32 8 2
68373 32 47 0
69045 32 47 2
69053 32 49 0
71177 32 49 2
71193 32 11 0
71193 32 11 0
71259 32 11 2
71297 32 11 2
71333 32 5 0
71445 32 5 2
71467 32 0 1
71469 32 37 0
71660 32 4 2
71744 32 37 2
71761 32 0 2
71766 32 4 0
71808 32 4 0
71875 32 4 0
71914 32 4 2
71918 32 1 0
72019 32 4 0
72100 32 1 2
72128 32 27 0
72143 32 4 0
72246 32 4 0
72329 32 27 2
72337 32 2 0
72388 32 4 0
72495 32 4 0
72534 32 2 2
72546 32 11 0
72606 32 4 0
72729 32 4 0
72836 32 4 0
72949 32 4 0
72984 32 11 2
72992 32 7 0
73055 32 4 0
73184 32 4 0
73249 32 7 2
73269 32 3 0
73304 32 4 0
73392 32 3 2
73415 32 4 0
73500 32 6 0
73545 32 4 0
73677 32 4 0
73690 32 6 2
73710 32 9 0
73814 32 9 2
73817 32 4 0
73940 32 4 0
73986 32 8 0
74041 32 4 0
74195 32 4 0
74297 32 4 0
74304 32 8 2
74316 32 11 0
74411 32 4 0
74416 32 11 2
74436 32 12 0
74534 32 4 0
74538 32 12 2
74562 32 16 0
74727 32 4 0
74796 32 16 2
74804 32 13 0
74841 32 4 0
74952 32 4 0
74986 32 13 2
75034 32 2 0
75072 32 4 0
75168 32 2 2
75172 32 4 0
75200 32 40 0
75324 32 4 0
75454 32 4 0
75578 32 4 0
75694 32 4 0
75796 32 4 0
75937 32 4 0
76072 32 4 0
76192 32 4 0
76338 32 4 0
76457 32 4 0
76555 32 0 1
76587 32 4 0
76587 32 40 2
76591 32 25 0
76689 32 25 2
76705 32 31 0
76707 32 4 0
76750 32 4 2
76808 32 4 0
76842 32 31 2
76854 32 0 2
76857 32 4 0
76878 32 33 0
76933 32 4 0
76958 32 4 0
76988 32 33 2
76992 32 36 0
77037 32 4 0
77064 32 4 0
77091 32 36 2
77099 32 4 0
77171 32 4 0
77201 32 4 2
77206 32 4 0
77272 32 4 0
77281 32 11 0
77281 32 11 0
77344 32 4 0
77351 32 11 2
77353 32 11 2
77365 32 5 0
77379 32 4 0
77446 32 4 0
77477 32 5 2
77493 32 4 0
77509 32 34 0
77549 32 4 0
77618 32 34 2
77625 32 4 0
77638 32 35 0
77698 32 4 0
77745 32 35 2
77760 32 4 0
77769 32 32 0
77829 32 4 0
77880 32 4 0
77928 32 4 0
78015 32 4 0
78025 32 32 2
78039 32 4 0
78093 32 17 0
78136 32 4 0
78149 32 4 0
78274 32 4 0
78283 32 4 0
78377 32 17 2
78378 32 4 0
78394 32 4 0
78500 32 4 0
78508 32 4 0
78600 32 4 0
78611 32 4 0
78673 32 38 0
78673 32 38 0
78712 32 4 0
78722 32 4 0
78739 32 38 2
78820 32 4 0
78830 32 38 2
78838 32 27 0
78847 32 4 0
78939 32 27 2
78946 32 4 0
78959 32 35 0
78960 32 4 0
79049 32 35 2
79068 32 4 0
79071 32 4 0
79105 32 28 0
79181 32 4 0
79193 32 4 0
79212 32 28 2
79280 32 3 0
79285 32 4 0
79323 32 4 0
79372 32 3 2
79376 32 46 0
79396 32 4 0
79496 32 4 0
79617 32 4 0
79677 32 46 2
79697 32 4 0
79727 32 4 0
79796 32 4 2
79828 32 0 0
79834 32 0 1
79838 32 4 0
79958 32 4 0
80051 32 21 2
80084 32 4 0
80135 32 0 2
80220 32 4 0
80249 32 0 2
80253 32 29 0
80337 32 4 0
80393 32 29 2
80459 32 4 0
80537 32 47 0
80585 32 4 0
80695 32 4 0
80794 32 4 0
80810 32 47 2
80882 32 30 0
80910 32 4 0
81047 32 30 2
81068 32 4 0
81176 32 4 0
81283 32 4 0
81399 32 31 0
81416 32 4 0
81555 32 4 0
81563 32 31 2
81567 32 44 0
81658 32 4 0
81674 32 44 2
81682 32 43 0
81765 32 4 0
81793 32 43 2
81868 32 4 0
81925 32 32 0
82014 32 4 0
82110 32 32 2
82122 32 4 0
82182 32 33 0
82223 32 4 0
82312 32 33 2
82345 32 4 0
82360 32 33 0
82435 32 0 1
82478 32 4 0
82558 32 33 2
82566 32 27 0
82612 32 4 0
82650 32 57 2
82676 32 27 2
82707 32 0 2
82728 32 4 0
82780 32 54 0
82856 32 4 0
82978 32 4 0
83118 32 4 0
83243 32 4 0
83298 32 0 1
83321 32 0 1
83327 32 0 1
83343 32 4 0
83460 32 4 0
83490 32 0 2
83547 32 0 2
83564 32 4 0
83600 32 4 2
83695 32 4 0
83695 32 0 2
83698 32 4 0
83708 32 54 2
83710 32 39 2
83720 32 28 0
83791 32 0 2
83823 32 28 2
83832 32 4 0
83839 32 52 0
83848 32 4 0
83953 32 4 0
83958 32 4 0
84069 32 4 0
84125 32 4 0
84154 32 52 2
84162 32 56 0
84171 32 4 0
84267 32 4 0
84378 32 4 0
84494 32 4 0
84628 32 4 0
84756 32 4 0
84875 32 4 0
84901 32 0 1
84975 32 4 0
85090 32 4 0
85090 32 3 2
85172 32 0 2
85193 32 4 0
85317 32 4 0
85420 32 4 0
85540 32 4 0
85672 32 4 0
85794 32 4 0
85923 32 4 0
86023 32 4 0
86154 32 4 0
86261 32 4 0
86363 32 4 0
86486 32 4 0
86598 32 4 0
86615 32 56 2
86631 32 53 0
86724 32 4 0
86838 32 4 0
86940 32 53 2
86944 32 4 0
87040 32 41 0
87050 32 4 0
87150 32 41 2
87172 32 4 0
87198 32 61 0
87284 32 4 0
87376 32 61 2
87380 32 39 0
87414 32 4 0
87535 32 4 0
87551 32 39 2
87563 32 7 0
87649 32 4 0
87717 32 7 2
87771 32 4 0
87777 32 8 0
87888 32 4 0
87901 32 8 2
87933 32 63 0
88005 32 4 0
88126 32 4 0
88254 32 4 0
88385 32 4 0
88499 32 4 0
88663 32 4 0
88814 32 4 0
88948 32 4 0
89052 32 4 0
89112 32 63 2
89168 32 4 0
89220 32 0 0
89302 32 4 0
89317 32 0 2
89345 32 57 0
89437 32 4 0
89551 32 57 2
89595 32 4 0
89619 32 58 0
89702 32 4 0
89827 32 4 0
89845 32 58 2
89929 32 46 0
89938 32 4 0
90056 32 4 0
90074 32 46 2
90086 32 59 0
90180 32 4 0
90211 32 59 2
90243 32 32 0
90292 32 4 0
90383 32 32 2
90391 32 50 0
90400 32 4 0
90535 32 4 0
90541 32 50 2
90617 32 60 0
90686 32 4 0
90822 32 4 0
90941 32 4 0
91002 32 60 2
91010 32 62 0
91091 32 4 0
91197 32 4 0
91197 32 62 2
91201 32 3 0
91328 32 3 2
91340 32 5 0
91454 32 5 2
91482 32 17 0
91650 32 17 2
91670 32 6 0
91789 32 6 2
91881 32 11 0
92194 32 11 2
92202 32 10 0
92322 32 10 2
92342 32 11 0
92471 32 11 2
92479 32 6 0
92609 32 6 2
92645 32 36 0
93100 32 36 2
93160 32 12 0
93237 32 0 2
93267 32 12 2
93275 32 0 0
93955 32 0 2
94079 32 15 0
94240 32 15 2
94360 32 7 0
94502 32 7 2
94506 32 7 0
94818 32 7 2
94830 32 0 0
95055 32 0 2
95203 32 9 0
95301 32 9 2
95333 32 8 0
95431 32 8 2
95459 32 55 0
95720 32 55 2
96164 32 56 0
96482 32 56 2
97058 32 57 0
97538 32 57 2
98114 32 58 0
98374 32 58 2
98950 32 59 0
99353 32 59 2
99929 32 60 0
100274 32 60 2
100850 32 61 0
101198 32 61 2
101774 32 62 0
102099 32 62 2
102675 32 63 0
102981 32 63 2
103557 32 0 0
103557 32 0 0
103607 32 0 2
103777 32 0 2
104045 32 2 0
104151 32 2 2
104207 32 3 0
104313 32 3 2
104317 32 7 0
104642 32 7 2
104730 32 4 0
104730 32 4 0
104812 32 4 2
104837 32 4 2
105225 32 1 0
105495 32 1 2
106071 32 2 0
106377 32 2 2
106953 32 3 0
107284 32 3 2
107860 32 4 0
108140 32 4 2
108716 32 5 0
109025 32 5 2
109601 32 6 0
109971 32 6 2
110547 32 7 0
110874 32 7 2
111450 32 8 0
111668 32 8 2
112244 32 9 0
112544 32 9 2
113120 32 10 0
113439 32 10 2
114015 32 11 0
114015 32 11 0
114081 32 11 2
114346 32 11 2
114922 32 12 0
115201 32 12 2
115777 32 13 0
116057 32 13 2
116633 32 14 0
116991 32 14 2
117567 32 15 0
117888 32 15 2
118464 32 16 0
118698 32 16 2
119274 32 17 0
119594 32 17 2
120170 32 18 0
120471 32 18 2
121047 32 19 0
121358 32 19 2
121934 32 20 0
122220 32 20 2
122796 32 21 0
123074 32 21 2
123650 32 22 0
123982 32 22 2
124558 32 23 0
124878 32 23 2
125454 32 24 0
125688 32 24 2
126264 32 25 0
126694 32 25 2
127270 32 26 0
127563 32 26 2
128139 32 27 0
128440 32 27 2
129016 32 28 0
129300 32 28 2
129876 32 29 0
129919 32 0 1
130111 32 5 2
130154 32 29 2
130209 32 0 2
130245 32 0 1
130385 32 0 1
130441 32 38 2
130515 32 0 2
130581 32 37 2
130647 32 0 2
130730 32 30 0
131053 32 0 1
131055 32 30 2
131171 32 0 1
131261 32 40 2
131295 32 0 2
131345 32 0 1
131371 32 13 2
131461 32 0 2
131551 32 33 2
131569 32 0 1
131585 32 0 2
131631 32 31 0
131670 32 0 1
131761 32 58 2
131773 32 0 1
131827 32 0 2
131871 32 53 2
131900 32 0 1
131911 32 31 2
131954 32 0 2
131981 32 46 2
132003 32 0 1
132063 32 0 2
132091 32 12 2
132105 32 0 1
132173 32 0 2
132201 32 19 2
132225 32 0 1
132267 32 0 2
132311 32 39 2
132393 32 0 2
132394 32 0 1
132421 32 25 2
132463 32 0 2
132487 32 32 0
132496 32 0 1
132581 32 16 2
132613 32 0 1
132623 32 0 2
132691 32 32 2
132707 32 32 2
132715 32 0 1
132716 32 0 2
132801 32 17 2
132851 32 0 2
132861 32 0 1
132911 32 36 2
132969 32 0 2
132971 32 0 1
133051 32 8 2
133101 32 0 2
133161 32 52 2
133181 32 0 1
133235 32 0 2
133283 32 33 0
133334 32 0 1
133371 32 55 2
133443 32 0 1
133469 32 0 2
133521 32 41 2
133562 32 0 2
133569 32 3 0
133570 32 0 1
133574 32 33 2
133631 32 45 2
133655 32 0 1
133704 32 0 2
133761 32 3 2
133843 32 0 2
133871 32 30 2
133909 32 0 1
133953 32 0 2
134091 32 0 1
134101 32 61 2
134150 32 34 0
134191 32 0 2
134281 32 48 2
134323 32 0 2
134425 32 34 2
134499 32 0 1
134603 32 0 1
134691 32 63 2
134713 32 0 1
134801 32 42 2
134801 32 0 2
134815 32 0 1
134851 32 0 2
134911 32 43 2
134969 32 0 2
135001 32 35 0
135021 32 27 2
135079 32 0 2
135159 32 0 1
135279 32 0 1
135282 32 35 2
135351 32 56 2
135401 32 0 2
135471 32 62 2
135569 32 0 2
135858 32 36 0
136160 32 36 2
136736 32 37 0
137026 32 37 2
137602 32 38 0
137917 32 38 2
138493 32 39 0
138772 32 39 2
139348 32 40 0
139597 32 40 2
140173 32 41 0
140502 32 41 2
141078 32 42 0
141354 32 42 2
141629 32 0 1
141821 32 2 2
141895 32 0 2
141930 32 43 0
142212 32 43 2
142788 32 44 0
143108 32 44 2
143684 32 45 0
144081 32 45 2
144657 32 46 0
144977 32 46 2
145553 32 47 0
145833 32 47 2
146409 32 48 0
146674 32 48 2
147250 32 49 0
147570 32 49 2
148146 32 50 0
148405 32 50 2
148981 32 51 0
149262 32 51 2
149838 32 52 0
150166 32 52 2
150742 32 53 0
151060 32 53 2
151636 32 54 0
151956 32 54 2
158052 32 8 0
158268 32 8 2
195780 32 14 0
195893 32 14 2
196209 32 29 0
196314 32 29 2
196354 32 30 0
196469 32 30 2
196513 32 17 0
196612 32 17 2
196668 32 18 0
196769 32 18 2
196817 32 19 0
196915 32 19 2
196951 32 21 0
197057 32 21 2
197089 32 22 0
197203 32 22 2
197359 32 4 0
197456 32 4 2
197484 32 18 0
197754 32 18 2
197926 32 61 0
198060 32 61 2
198132 32 54 0
198265 32 54 2
198297 32 55 0
198435 32 55 2
198663 32 40 0
198737 32 40 2
198765 32 49 0
198855 32 49 2
198867 32 51 0
199028 32 51 2
199048 32 37 0
199154 32 37 2
199158 32 20 0
199256 32 20 2
199272 32 3 0
199604 32 3 2
199696 32 21 0
199804 32 21 2
199812 32 56 0
200044 32 56 2
200064 32 57 0
200186 32 57 2
200274 32 58 0
200396 32 58 2
200476 32 59 0
200598 32 59 2
200622 32 63 0
200789 32 63 2
200873 32 33 0
200971 32 33 2
209485 32 0 1
209672 32 2 2
209745 32 0 2
235151 32 0 1
235342 32 2 2
235415 32 0 2
244241 32 0 1
244432 32 2 2
244505 32 0 2
246705 32 4 0
247617 32 0 1
247812 32 0 2
247869 32 0 2
256643 32 0 1
256832 32 0 2
256889 32 0 2
319351 32 0 1
319542 32 2 2
319615 32 0 2
357162 32 0 1
357372 32 0 2
357429 32 0 2
394657 32 0 1
394853 32 2 2
394927 32 0 2
411125 32 0 1
411312 32 2 2
411385 32 0 2
475038 32 0 1
475039 32 2 0
475228 32 2 2
475301 32 0 2
502145 32 0 1
502338 32 2 2
502411 32 0 2
502807 32 2 0
502808 32 0 1
502998 32 2 2
503071 32 0 2
664298 32 2 0
664299 32 0 1
664494 32 2 2
664567 32 0 2
1015605 32 0 0
1015605 32 0 0
1015815 32 0 2
1015935 32 38 0
1015935 32 38 0
1017081 32 38 2
1017086 32 0 2
1020344 32 38 2
1020520 32 11 0
1020520 32 11 0
1020586 32 11 2
1020594 32 11 2
1021686 32 11 0
1021686 32 11 0
1021752 32 11 2
1021785 32 11 2
1022513 32 4 0
1022513 32 4 0
1022822 32 4 2
1022902 32 11 0
1022902 32 11 0
1022968 32 11 2
1022976 32 11 2
1023428 32 38 0
1023428 32 38 0
1023445 32 4 2
1023502 32 38 2
1023654 32 38 2
1023678 32 4 0
1023678 32 4 0
1023760 32 4 2
1023777 32 4 2
1023809 32 0 0
1023809 32 0 0
1023859 32 0 2
1023919 32 0 1
1024078 32 0 2
1024105 32 33 2
1024138 32 0 2
1024147 32 33 0
1024335 32 33 0
1024455 32 33 0
1024515 32 33 0
1024517 32 2 0
1024518 32 4 0
1024788 32 33 0
1024936 32 33 0
1025075 32 33 0
1025201 32 33 0
1025261 32 0 1
1025410 32 33 0
1025455 32 33 2
1025488 32 0 2
1025504 32 33 0
1025571 32 33 0
1025628 32 33 0
1025648 32 33 0
1025691 32 33 0
1025750 32 33 0
1025758 32 3 0
1025759 32 3 2
1025762 32 33 0
1025888 32 33 0
1025964 32 33 0
1026016 32 33 0
1026135 32 33 0
1026236 32 33 0
1026280 32 33 0
1026394 32 33 0
1026400 32 33 0
1026492 32 33 0
1026603 32 33 0
1026639 32 33 0
1026740 32 33 0
1026774 32 33 0
1026798 32 31 0
1026872 32 33 0
1026896 32 31 2
1026897 32 33 0
1026940 32 35 0
1027063 32 33 0
1027110 32 33 0
1027167 32 33 0
1027210 32 35 2
1027213 32 33 0
1027270 32 32 0
1027279 32 33 0
1027312 32 32 2
1027386 32 33 0
1027412 32 33 0
1027423 32 33 0
1027454 32 33 2
1027546 32 34 0
1027562 32 33 0
1027599 32 34 2
1027601 32 33 0
1027631 32 1 0
1027631 32 1 0
1027662 32 33 0
1027719 32 33 0
1027729 32 1 2
1027831 32 33 0
1027862 32 33 0
1027927 32 33 0
1027958 32 33 0
1027989 32 1 2
1028033 32 32 0
1028042 32 33 0
1028043 32 33 0
1028081 32 32 2
1028089 32 35 0
1028151 32 35 2
1028152 32 33 0
1028155 32 60 0
1028178 32 33 0
1028298 32 60 2
1028300 32 33 0
1028314 32 61 0
1028416 32 33 0
1028440 32 33 0
1028493 32 61 2
1028518 32 33 0
1028553 32 48 0
1028615 32 2 0
1028616 32 4 0
1028618 32 33 0
1028661 32 48 2
1028663 32 33 0
1028701 32 49 0
1028719 32 33 0
1028799 32 49 2
1028820 32 33 0
1028835 32 36 0
1028835 32 36 0
1028888 32 36 2
1028951 32 33 0
1029042 32 36 2
1029094 32 33 0
1029106 32 37 0
1029106 32 37 0
1029164 32 37 2
1029258 32 33 0
1029368 32 33 0
1029479 32 33 0
1029594 32 33 0
1029740 32 37 2
1029788 32 58 0
1029788 32 58 0
1029856 32 58 2
1030010 32 0 1
1030191 32 0 1
1030226 32 33 2
1030263 32 0 2
1030386 32 12 2
1030468 32 0 2
1030503 32 58 2
1030515 32 31 0
1030545 32 0 1
1030652 32 0 1
1030736 32 53 2
1030818 32 0 2
1030846 32 27 2
1030862 32 0 1
1030904 32 0 2
1031056 32 13 2
1031146 32 0 2
1031185 32 0 1
1031288 32 31 2
1031300 32 30 0
1031378 32 37 2
1031444 32 0 2
1031507 32 0 1
1031646 32 0 1
1031696 32 30 2
1031704 32 59 0
1031704 32 59 0
1031746 32 0 1
1031770 32 59 2
1031871 32 59 2
1031896 32 63 2
1031923 32 34 0
1032002 32 0 2
1032036 32 0 1
1032146 32 45 2
1032175 32 34 2
1032215 32 0 0
1032220 32 0 2
1032225 32 0 1
1032336 32 17 2
1032386 32 0 2
1032454 32 0 1
1032648 32 2 0
1032649 32 33 0
1032715 32 0 1
1032896 32 48 2
1032938 32 0 2
1032995 32 0 1
1033113 32 0 1
1033216 32 25 2
1033258 32 0 2
1033332 32 0 1
1033436 32 40 2
1033470 32 0 2
1033634 32 0 1
1033656 32 43 2
1033714 32 0 2
1033881 32 0 1
1034026 32 46 2
1034102 32 0 1
1034108 32 0 2
1034216 32 16 2
1034243 32 0 1
1034258 32 0 2
1034463 32 0 1
1034530 32 0 2
1034538 32 33 0
1034606 32 30 2
1034667 32 0 1
1034688 32 0 2
1034718 32 38 2
1034793 32 0 2
1034826 32 39 2
1034851 32 33 2
1034867 32 60 0
1034908 32 0 2
1034937 32 61 2
1034958 32 0 1
1035010 32 60 2
1035027 32 0 2
1035030 32 32 0
1035039 32 0 1
1035046 32 56 2
1035096 32 0 2
1035156 32 42 2
1035206 32 0 2
1035266 32 41 2
1035278 32 0 1
1035308 32 0 2
1035376 32 52 2
1035413 32 0 1
1035452 32 0 2
1035486 32 32 2
1035502 32 32 2
1035511 32 0 2
1035557 32 0 1
1035578 32 61 0
1035596 32 3 2
1035678 32 0 2
1035679 32 0 1
1035706 32 36 2
1035708 32 61 2
1035764 32 0 2
1035800 32 33 0
1035801 32 2 0
1035816 32 5 2
1035832 32 62 0
1035914 32 0 2
1035916 32 0 1
1035926 32 19 2
1035992 32 0 2
1036002 32 62 2
1036058 32 0 1
1036090 32 12 0
1036136 32 55 2
1036190 32 12 2
1036202 32 39 0
1036234 32 0 2
1036256 32 58 2
1036322 32 0 2
1036354 32 0 1
1036359 32 39 2
1036371 32 13 0
1036484 32 13 2
1036488 32 48 0
1036546 32 8 2
1036574 32 48 2
1036586 32 59 0
1036589 32 0 1
1036597 32 0 2
1036709 32 59 2
1036737 32 54 0
1036737 32 54 0
1036776 32 62 2
1036819 32 54 2
1036875 32 0 2
1036981 32 54 2
1037021 32 55 0
1037158 32 55 2
1037182 32 56 0
1037289 32 56 2
1037317 32 57 0
1037605 32 57 2
1037669 32 58 0
1037929 32 58 2
1037965 32 49 0
1038157 32 49 2
1038197 32 63 0
1038524 32 63 2
1038572 32 15 0
1038705 32 15 2
1038721 32 44 0
1038826 32 44 2
1038846 32 45 0
1039061 32 45 2
1039309 32 0 0
1039395 32 0 2
1039487 32 1 0
1039651 32 1 2
1039751 32 2 0
1039893 32 2 2
1039913 32 41 0
1040062 32 41 2
1040134 32 3 0
1040246 32 3 2
1040506 32 5 0
1040871 32 5 2
1040919 32 6 0
1041124 32 6 2
1041212 32 7 0
1041444 32 7 2
1041552 32 8 0
1041657 32 8 2
1041713 32 1 0
1041787 32 1 2
1042235 32 46 0
1042325 32 46 2
1042333 32 4 0
1042668 32 4 2
1042692 32 47 0
1042790 32 47 2
1042934 32 12 0
1043024 32 12 2
1043388 32 10 0
1043545 32 10 2
1043665 32 1 0
1043665 32 1 0
1043724 32 1 2
1043738 32 1 2
1044186 32 46 0
1044276 32 46 2
1044308 32 47 0
1044308 32 47 0
1044390 32 47 2
1044407 32 47 2
1044551 32 12 0
1044551 32 12 0
1044625 32 12 2
1044642 32 12 2
1044788 32 30 2
1045126 32 1 0
1045200 32 1 2
1045418 32 30 2
1045557 32 30 2
1045648 32 46 0
1045648 32 46 0
1045722 32 46 2
1045739 32 46 2
1045771 32 47 0
1045807 32 30 2
1045868 32 47 2
1046012 32 12 0
1046102 32 12 2
1046586 32 1 0
1046586 32 1 0
1046645 32 1 2
1046686 32 1 2
1046948 32 30 2
1047086 32 30 2
1047134 32 46 0
1047223 32 46 2
1047255 32 47 0
1047336 32 30 2
1047353 32 47 2
1047497 32 12 0
1047587 32 12 2
1048071 32 1 0
1048071 32 1 0
1048129 32 1 2
1048136 32 1 2
1048584 32 46 0
1048584 32 46 0
1048658 32 46 2
1048675 32 46 2
1048707 32 47 0
1048707 32 47 0
1048791 32 47 2
1048813 32 47 2
1048957 32 12 0
1048957 32 12 0
1049031 32 12 2
1049048 32 12 2
1049532 32 1 0
1049532 32 1 0
1049590 32 1 2
1049597 32 1 2
1050045 32 46 0
1050045 32 46 0
1050119 32 46 2
1050127 32 46 2
1050159 32 47 0
1050159 32 47 0
1050241 32 47 2
1050249 32 47 2
1050393 32 12 0
1050393 32 12 0
1050467 32 12 2
1050484 32 12 2
1050968 32 1 0
1050968 32 1 0
1051026 32 1 2
1051034 32 1 2
1051482 32 46 0
1051482 32 46 0
1051556 32 46 2
1051564 32 46 2
1051596 32 47 0
1051596 32 47 0
1051678 32 47 2
1051727 32 47 2
1051871 32 12 0
1051871 32 12 0
1051945 32 12 2
1051953 32 12 2
1052437 32 1 0
1052437 32 1 0
1052495 32 1 2
1052503 32 1 2
1052935 32 12 0
1052935 32 12 0
1053009 32 12 2
1053058 32 12 2
1053074 32 46 0
1053074 32 46 0
1053148 32 46 2
1053156 32 46 2
1053188 32 47 0
1053188 32 47 0
1053270 32 47 2
1053278 32 47 2
1053422 32 12 0
1053422 32 12 0
1053496 32 12 2
1053512 32 12 2
1053996 32 1 0
1053996 32 1 0
1054055 32 1 2
1054063 32 1 2
1054511 32 46 0
1054511 32 46 0
1054585 32 46 2
1054592 32 46 2
1054624 32 47 0
1054624 32 47 0
1054707 32 47 2
1054715 32 47 2
1054859 32 12 0
1054859 32 12 0
1054933 32 12 2
1054944 32 12 2
1055428 32 1 0
1055428 32 1 0
1055486 32 1 2
1055494 32 1 2
1055942 32 46 0
1055942 32 46 0
1056018 32 46 2
1056027 32 46 2
1056059 32 47 0
1056059 32 47 0
1056141 32 47 2
1056150 32 47 2
1056294 32 12 0
1056294 32 12 0
1056372 32 12 2
1056385 32 12 2
1056869 32 1 0
1056869 32 1 0
1056927 32 1 2
1056935 32 1 2
1057383 32 46 0
1057383 32 46 0
1057461 32 46 2
1057463 32 46 2
1057495 32 47 0
1057495 32 47 0
1057577 32 47 2
1057584 32 47 2
1057728 32 12 0
1057728 32 12 0
1057802 32 12 2
1057810 32 12 2
1058149 32 0 1
1058294 32 1 0
1058294 32 1 0
1058336 32 54 2
1058352 32 1 2
1058360 32 1 2
1058426 32 0 2
1058659 32 0 1
1058808 32 46 0
1058808 32 46 0
1058838 32 0 1
1058846 32 50 2
1058882 32 46 2
1058892 32 46 2
1058904 32 0 2
1058924 32 47 0
1058924 32 47 0
1058933 32 0 1
1059006 32 47 2
1059014 32 47 2
1059026 32 51 2
1059051 32 0 1
1059092 32 0 2
1059136 32 28 2
1059158 32 12 0
1059158 32 12 0
1059202 32 0 2
1059232 32 12 2
1059241 32 0 1
1059249 32 12 2
1059266 32 22 2
1059356 32 0 2
1059456 32 20 2
1059467 32 0 1
1059531 32 0 2
1059552 32 0 1
1059656 32 59 2
1059675 32 0 1
1059730 32 0 2
1059733 32 1 0
1059733 32 1 0
1059776 32 35 2
1059791 32 1 2
1059799 32 1 2
1059825 32 0 2
1059837 32 0 1
1059886 32 44 2
1059952 32 0 2
1059954 32 0 1
1060065 32 0 1
1060067 32 6 2
1060173 32 0 2
1060177 32 24 2
1060180 32 0 1
1060210 32 0 2
1060247 32 46 0
1060247 32 46 0
1060286 32 26 2
1060323 32 46 2
1060334 32 46 2
1060336 32 0 2
1060366 32 47 0
1060366 32 47 0
1060396 32 18 2
1060448 32 47 2
1060454 32 0 2
1060456 32 47 2
1060567 32 57 0
1060568 32 0 1
1060600 32 12 0
1060600 32 12 0
1060674 32 12 2
1060678 32 0 1
1060682 32 12 2
1060756 32 57 2
1060763 32 0 1
1060815 32 0 2
1060866 32 4 2
1060890 32 0 1
1060957 32 0 2
1060976 32 34 2
1060982 32 0 1
1061019 32 0 2
1061086 32 14 2
1061117 32 0 1
1061166 32 1 0
1061166 32 1 0
1061184 32 0 2
1061196 32 31 2
1061224 32 1 2
1061232 32 1 2
1061286 32 0 2
1061306 32 1 2
1061372 32 0 2
1061461 32 0 1
1061656 32 47 2
1061680 32 46 0
1061680 32 46 0
1061749 32 0 2
1061754 32 46 2
1061762 32 46 2
1061794 32 47 0
1061794 32 47 0
1061799 32 0 1
1061876 32 47 2
1061884 32 47 2
1061910 32 0 1
1061986 32 49 2
1062028 32 12 0
1062028 32 12 0
1062036 32 0 2
1062102 32 12 2
1062106 32 11 2
1062119 32 12 2
1062182 32 0 2
1062368 32 0 1
1062469 32 0 1
1062556 32 60 2
1062571 32 0 1
1062603 32 1 0
1062603 32 1 0
1062641 32 0 2
1062662 32 1 2
1062666 32 10 2
1062669 32 1 2
1062732 32 0 2
1062739 32 0 1
1062777 32 23 2
1062841 32 21 0
1062842 32 0 1
1062875 32 0 2
1062926 32 9 2
1062985 32 0 2
1063036 32 21 2
1063117 32 46 0
1063117 32 46 0
1063118 32 0 2
1063136 32 7 0
1063137 32 0 1
1063191 32 46 2
1063202 32 46 2
1063234 32 47 0
1063234 32 47 0
1063239 32 0 1
1063316 32 47 2
1063324 32 47 2
1063326 32 7 2
1063334 32 0 1
1063436 32 15 2
1063440 32 0 2
1063468 32 12 0
1063468 32 12 0
1063542 32 12 2
1063543 32 0 2
1063546 32 29 2
1063551 32 12 2
1063621 32 0 2
1064035 32 1 0
1064035 32 1 0
1064093 32 1 2
1064101 32 1 2
1064533 32 13 0
1064655 32 13 2
1064671 32 46 0
1064671 32 46 0
1064753 32 46 2
1064785 32 47 0
1064785 32 47 0
1064805 32 46 2
1064876 32 47 2
1064921 32 47 2
1065020 32 12 0
1065020 32 12 0
1065095 32 12 2
1065103 32 12 2
1065587 32 1 0
1065587 32 1 0
1065655 32 1 2
1065665 32 1 2
1066103 32 46 0
1066103 32 46 0
1066186 32 46 2
1066197 32 46 2
1066218 32 47 0
1066218 32 47 0
1066308 32 47 2
1066310 32 47 2
1066452 32 12 0
1066452 32 12 0
1066526 32 12 2
1066537 32 12 2
1067021 32 1 0
1067021 32 1 0
1067079 32 1 2
1067087 32 1 2
1067535 32 46 0
1067535 32 46 0
1067609 32 46 2
1067618 32 46 2
1067650 32 47 0
1067650 32 47 0
1067733 32 47 2
1067738 32 47 2
1067882 32 12 0
1067882 32 12 0
1067956 32 12 2
1067964 32 12 2
1068448 32 1 0
1068448 32 1 0
1068506 32 1 2
1068514 32 1 2
1068962 32 46 0
1068962 32 46 0
1069036 32 46 2
1069045 32 46 2
1069077 32 47 0
1069077 32 47 0
1069159 32 47 2
1069167 32 47 2
1069311 32 12 0
1069311 32 12 0
1069385 32 12 2
1069393 32 12 2
1069877 32 1 0
1069877 32 1 0
1069935 32 1 2
1069943 32 1 2
1070391 32 46 0
1070391 32 46 0
1070465 32 46 2
1070472 32 46 2
1070504 32 47 0
1070504 32 47 0
1070586 32 47 2
1070594 32 47 2
1070738 32 12 0
1070738 32 12 0
1070812 32 12 2
1070819 32 12 2
1071303 32 1 0
1071303 32 1 0
1071361 32 1 2
1071369 32 1 2
1071817 32 46 0
1071817 32 46 0
1071891 32 46 2
1071899 32 46 2
1071931 32 47 0
1071931 32 47 0
1072013 32 47 2
1072027 32 47 2
1072171 32 12 0
1072171 32 12 0
1072254 32 12 2
1072256 32 12 2
1072740 32 1 0
1072740 32 1 0
1072798 32 1 2
1072805 32 1 2
1073253 32 46 0
1073253 32 46 0
1073327 32 46 2
1073334 32 46 2
1073366 32 47 0
1073366 32 47 0
1073449 32 47 2
1073458 32 47 2
1073602 32 12 0
1073602 32 12 0
1073676 32 12 2
1073686 32 12 2
1074170 32 1 0
1074170 32 1 0
1074228 32 1 2
1074237 32 1 2
1074685 32 46 0
1074685 32 46 0
1074759 32 46 2
1074768 32 46 2
1074800 32 47 0
1074800 32 47 0
1074882 32 47 2
1074891 32 47 2
1075035 32 12 0
1075035 32 12 0
1075109 32 12 2
1075117 32 12 2
1075601 32 1 0
1075601 32 1 0
1075659 32 1 2
1075667 32 1 2
1076099 32 14 0
1076229 32 14 2
1076245 32 46 0
1076245 32 46 0
1076319 32 46 2
1076332 32 46 2
1076364 32 47 0
1076364 32 47 0
1076447 32 47 2
1076456 32 47 2
1076600 32 12 0
1076600 32 12 0
1076674 32 12 2
1076682 32 12 2
1077166 32 1 0
1077166 32 1 0
1077224 32 1 2
1077232 32 1 2
1077680 32 46 0
1077680 32 46 0
1077754 32 46 2
1077761 32 46 2
1077793 32 47 0
1077793 32 47 0
1077875 32 47 2
1077884 32 47 2
1078028 32 12 0
1078028 32 12 0
1078102 32 12 2
1078110 32 12 2
1078594 32 1 0
1078594 32 1 0
1078652 32 1 2
1078660 32 1 2
1079108 32 46 0
1079108 32 46 0
1079182 32 46 2
1079189 32 46 2
1079221 32 47 0
1079221 32 47 0
1079303 32 47 2
1079311 32 47 2
1079455 32 12 0
1079455 32 12 0
1079529 32 12 2
1079539 32 12 2
1080023 32 1 0
1080023 32 1 0
1080088 32 1 2
1080090 32 1 2
1080536 32 46 0
1080536 32 46 0
1080615 32 46 2
1080618 32 46 2
1080650 32 47 0
1080650 32 47 0
1080732 32 47 2
1080742 32 47 2
1080886 32 12 0
1080886 32 12 0
1080960 32 12 2
1080970 32 12 2
1081454 32 1 0
1081454 32 1 0
1081512 32 1 2
1081520 32 1 2
1081968 32 46 0
1081968 32 46 0
1082042 32 46 2
1082055 32 46 2
1082087 32 47 0
1082087 32 47 0
1082169 32 47 2
1082177 32 47 2
1082321 32 12 0
1082321 32 12 0
1082395 32 12 2
1082403 32 12 2
1082887 32 1 0
1082887 32 1 0
1082945 32 1 2
1082953 32 1 2
1083401 32 46 0
1083401 32 46 0
1083475 32 46 2
1083483 32 46 2
1083515 32 47 0
1083515 32 47 0
1083597 32 47 2
1083605 32 47 2
1083749 32 12 0
1083749 32 12 0
1083823 32 12 2
1083831 32 12 2
1084315 32 1 0
1084315 32 1 0
1084373 32 1 2
1084381 32 1 2
1084829 32 46 0
1084829 32 46 0
1084903 32 46 2
1084912 32 46 2
1084944 32 47 0
1084944 32 47 0
1085026 32 47 2
1085034 32 47 2
1085178 32 12 0
1085178 32 12 0
1085252 32 12 2
1085259 32 12 2
1085743 32 1 0
1085743 32 1 0
1085801 32 1 2
1085809 32 1 2
1086257 32 46 0
1086257 32 46 0
1086331 32 46 2
1086339 32 46 2
1086371 32 47 0
1086371 32 47 0
1086453 32 47 2
1086466 32 47 2
1086610 32 12 0
1086610 32 12 0
1086684 32 12 2
1086692 32 12 2
1087080 32 1 0
1087080 32 1 0
1087138 32 1 2
1087145 32 1 2
1087577 32 7 0
1087699 32 7 2
1087715 32 46 0
1087715 32 46 0
1087790 32 46 2
1087795 32 46 2
1087827 32 47 0
1087827 32 47 0
1087909 32 47 2
1087917 32 47 2
1088061 32 12 0
1088061 32 12 0
1088135 32 12 2
1088142 32 12 2
1088626 32 1 0
1088626 32 1 0
1088684 32 1 2
1088692 32 1 2
1089140 32 46 0
1089140 32 46 0
1089214 32 46 2
1089222 32 46 2
1089254 32 47 0
1089254 32 47 0
1089336 32 47 2
1089344 32 47 2
1089488 32 12 0
1089488 32 12 0
1089562 32 12 2
1089570 32 12 2
1090054 32 1 0
1090054 32 1 0
1090112 32 1 2
1090120 32 1 2
1090568 32 46 0
1090568 32 46 0
1090650 32 46 2
1090651 32 46 2
1090683 32 47 0
1090683 32 47 0
1090765 32 47 2
1090773 32 47 2
1090917 32 5 0
1091023 32 5 2
1091031 32 61 0
1091031 32 61 0
1091113 32 61 2
1091162 32 61 2
1091170 32 29 0
1091441 32 29 2
1091457 32 62 0
1091457 32 62 0
1091547 32 62 2
1091596 32 62 2
1091872 32 63 0
1091872 32 63 0
1091970 32 63 2
1092020 32 63 2
1092444 32 12 0
1092444 32 12 0
1092518 32 12 2
1092536 32 12 2
1092976 32 11 0
1093066 32 11 2
1093278 32 1 0
1093278 32 1 0
1093336 32 1 2
1093353 32 1 2
1093801 32 46 0
1093801 32 46 0
1093875 32 46 2
1093892 32 46 2
1093924 32 47 0
1093924 32 47 0
1094006 32 47 2
1094023 32 47 2
1094167 32 12 0
1094167 32 12 0
1094241 32 12 2
1094258 32 12 2
1094334 32 30 2
1094742 32 1 0
1094742 32 1 0
1094800 32 1 2
1094817 32 1 2
1095265 32 46 0
1095265 32 46 0
1095339 32 46 2
1095356 32 46 2
1095388 32 47 0
1095388 32 47 0
1095470 32 47 2
1095487 32 47 2
1095631 32 12 0
1095631 32 12 0
1095705 32 12 2
1095721 32 12 2
1096205 32 1 0
1096205 32 1 0
1096263 32 1 2
1096280 32 1 2
1096728 32 46 0
1096728 32 46 0
1096802 32 46 2
1096819 32 46 2
1096851 32 47 0
1096851 32 47 0
1096935 32 47 2
1096952 32 47 2
1097096 32 12 0
1097096 32 12 0
1097170 32 12 2
1097188 32 12 2
1097672 32 1 0
1097672 32 1 0
1097733 32 1 2
1097751 32 1 2
1098199 32 46 0
1098199 32 46 0
1098276 32 46 2
1098293 32 46 2
1098325 32 47 0
1098325 32 47 0
1098407 32 47 2
1098429 32 47 2
1098573 32 12 0
1098663 32 12 2
1099147 32 1 0
1099147 32 1 0
1099205 32 1 2
1099223 32 1 2
1099671 32 46 0
1099671 32 46 0
1099748 32 46 2
1099761 32 46 2
1099793 32 47 0
1099793 32 47 0
1099875 32 47 2
1099892 32 47 2
1100036 32 12 0
1100036 32 12 0
1100110 32 12 2
1100127 32 12 2
1100611 32 1 0
1100611 32 1 0
1100673 32 1 2
1100690 32 1 2
1101122 32 8 0
1101122 32 8 0
1101164 32 8 2
1101205 32 8 2
1101221 32 46 0
1101221 32 46 0
1101295 32 46 2
1101312 32 46 2
1101344 32 47 0
1101344 32 47 0
1101426 32 47 2
1101443 32 47 2
1101587 32 12 0
1101587 32 12 0
1101661 32 12 2
1101678 32 12 2
1102162 32 1 0
1102162 32 1 0
1102221 32 1 2
1102238 32 1 2
1102686 32 46 0
1102686 32 46 0
1102762 32 46 2
1102779 32 46 2
1102811 32 47 0
1102811 32 47 0
1102893 32 47 2
1102910 32 47 2
1103054 32 12 0
1103054 32 12 0
1103128 32 12 2
1103145 32 12 2
1103629 32 1 0
1103629 32 1 0
1103688 32 1 2
1103706 32 1 2
1104154 32 46 0
1104154 32 46 0
1104228 32 46 2
1104245 32 46 2
1104277 32 47 0
1104277 32 47 0
1104359 32 47 2
1104376 32 47 2
1104520 32 12 0
1104520 32 12 0
1104595 32 12 2
1104612 32 12 2
1105096 32 1 0
1105096 32 1 0
1105155 32 1 2
1105170 32 1 2
1105618 32 46 0
1105618 32 46 0
1105692 32 46 2
1105710 32 46 2
1105742 32 47 0
1105742 32 47 0
1105824 32 47 2
1105841 32 47 2
1105985 32 12 0
1105985 32 12 0
1106059 32 12 2
1106076 32 12 2
1106560 32 1 0
1106560 32 1 0
1106618 32 1 2
1106635 32 1 2
1107083 32 46 0
1107083 32 46 0
1107158 32 46 2
1107175 32 46 2
1107207 32 47 0
1107207 32 47 0
1107289 32 47 2
1107305 32 47 2
1107449 32 12 0
1107449 32 12 0
1107523 32 12 2
1107539 32 12 2
1108023 32 1 0
1108023 32 1 0
1108082 32 1 2
1108097 32 1 2
1108545 32 46 0
1108545 32 46 0
1108619 32 46 2
1108636 32 46 2
1108668 32 47 0
1108668 32 47 0
1108750 32 47 2
1108768 32 47 2
1108912 32 12 0
1108912 32 12 0
1108986 32 12 2
1109003 32 12 2
1109487 32 1 0
1109487 32 1 0
1109545 32 1 2
1109562 32 1 2
1110010 32 46 0
1110010 32 46 0
1110084 32 46 2
1110106 32 46 2
1110138 32 47 0
1110138 32 47 0
1110220 32 47 2
1110237 32 47 2
1110381 32 12 0
1110381 32 12 0
1110455 32 12 2
1110472 32 12 2
1110956 32 1 0
1110956 32 1 0
1111015 32 1 2
1111030 32 1 2
1111478 32 46 0
1111478 32 46 0
1111553 32 46 2
1111569 32 46 2
1111601 32 47 0
1111601 32 47 0
1111683 32 47 2
1111700 32 47 2
1111844 32 12 0
1111844 32 12 0
1111921 32 12 2
1111938 32 12 2
1112422 32 1 0
1112422 32 1 0
1112480 32 1 2
1112497 32 1 2
1112929 32 9 0
1113022 32 9 2
1113038 32 46 0
1113038 32 46 0
1113112 32 46 2
1113129 32 46 2
1113161 32 47 0
1113161 32 47 0
1113243 32 47 2
1113260 32 47 2
1113404 32 12 0
1113404 32 12 0
1113478 32 12 2
1113495 32 12 2
1113979 32 1 0
1113979 32 1 0
1114037 32 1 2
1114053 32 1 2
1114501 32 46 0
1114501 32 46 0
1114575 32 46 2
1114592 32 46 2
1114624 32 47 0
1114624 32 47 0
1114706 32 47 2
1114722 32 47 2
1114866 32 12 0
1114866 32 12 0
1114942 32 12 2
1114959 32 12 2
1115443 32 1 0
1115443 32 1 0
1115501 32 1 2
1115518 32 1 2
1115966 32 46 0
1115966 32 46 0
1116040 32 46 2
1116057 32 46 2
1116089 32 47 0
1116089 32 47 0
1116171 32 47 2
1116188 32 47 2
1116332 32 12 0
1116332 32 12 0
1116406 32 12 2
1116423 32 12 2
1116907 32 1 0
1116907 32 1 0
1116965 32 1 2
1116982 32 1 2
1117430 32 46 0
1117430 32 46 0
1117505 32 46 2
1117522 32 46 2
1117554 32 47 0
1117554 32 47 0
1117636 32 47 2
1117653 32 47 2
1117797 32 12 0
1117797 32 12 0
1117871 32 12 2
1117888 32 12 2
1118372 32 1 0
1118372 32 1 0
1118430 32 1 2
1118447 32 1 2
1118895 32 46 0
1118895 32 46 0
1118969 32 46 2
1118986 32 46 2
1119018 32 47 0
1119018 32 47 0
1119100 32 47 2
1119120 32 47 2
1119264 32 12 0
1119264 32 12 0
1119338 32 12 2
1119355 32 12 2
1119839 32 1 0
1119839 32 1 0
1119897 32 1 2
1119914 32 1 2
1120362 32 46 0
1120362 32 46 0
1120436 32 46 2
1120452 32 46 2
1120484 32 47 0
1120484 32 47 0
1120567 32 47 2
1120585 32 47 2
1120729 32 12 0
1120729 32 12 0
1120803 32 12 2
1120820 32 12 2
1121304 32 1 0
1121304 32 1 0
1121362 32 1 2
1121383 32 1 2
1121732 32 33 0
1121831 32 46 0
1121831 32 46 0
1121906 32 46 2
1121922 32 46 2
1121954 32 47 0
1121954 32 47 0
1122036 32 47 2
1122053 32 47 2
1122118 32 33 0
1122197 32 12 0
1122197 32 12 0
1122228 32 33 0
1122271 32 12 2
1122288 32 12 2
1122587 32 33 0
1122679 32 33 0
1122772 32 1 0
1122772 32 1 0
1122794 32 33 0
1122830 32 1 2
1122846 32 1 2
1122918 32 33 0
1123001 32 33 0
1123107 32 33 0
1123250 32 33 0
1123294 32 46 0
1123294 32 46 0
1123336 32 33 0
1123341 32 33 0
1123368 32 46 2
1123384 32 46 2
1123416 32 47 0
1123416 32 47 0
1123457 32 33 0
1123499 32 47 2
1123517 32 47 2
1123661 32 12 0
1123661 32 12 0
1123735 32 12 2
1123752 32 12 2
1123768 32 33 0
1123903 32 33 0
1124114 32 33 0
1124236 32 1 0
1124236 32 1 0
1124236 32 33 0
1124248 32 33 0
1124297 32 1 2
1124303 32 33 0
1124319 32 1 2
1124370 32 33 0
1124429 32 33 0
1124538 32 33 0
1124676 32 33 0
1124751 32 10 0
1124840 32 10 2
1124841 32 33 0
1124856 32 46 0
1124856 32 46 0
1124930 32 46 2
1124949 32 46 2
1124953 32 33 0
1124981 32 47 0
1124981 32 47 0
1125030 32 33 0
1125063 32 47 2
1125080 32 47 2
1125150 32 33 0
1125172 32 33 0
1125204 32 33 0
1125224 32 12 0
1125224 32 12 0
1125276 32 33 0
1125282 32 33 0
1125298 32 12 2
1125318 32 12 2
1125474 32 33 0
1125511 32 33 0
1125580 32 0 1
1125586 32 33 0
1125621 32 33 0
1125687 32 33 0
1125688 32 0 1
1125721 32 33 0
1125775 32 54 2
1125802 32 1 0
1125802 32 1 0
1125829 32 0 1
1125860 32 1 2
1125865 32 0 2
1125878 32 1 2
1125884 32 50 2
1125914 32 33 0
1125935 32 33 0
1125942 32 0 2
1126024 32 51 2
1126052 32 33 0
1126054 32 33 0
1126090 32 0 2
1126113 32 0 1
1126171 32 33 0
1126304 32 28 2
1126326 32 46 0
1126326 32 46 0
1126374 32 0 2
1126401 32 46 2
1126420 32 46 2
1126452 32 47 0
1126452 32 47 0
1126516 32 33 0
1126534 32 47 2
1126538 32 33 0
1126559 32 47 2
1126608 32 0 1
1126647 32 33 0
1126703 32 12 0
1126703 32 12 0
1126710 32 33 0
1126720 32 33 0
1126777 32 12 2
1126797 32 12 2
1126804 32 20 2
1126878 32 0 2
1126917 32 0 1
1126924 32 33 0
1126946 32 33 0
1127068 32 0 1
1127075 32 33 0
1127124 32 22 2
1127181 32 0 1
1127195 32 33 0
1127216 32 0 2
1127264 32 59 2
1127281 32 1 0
1127281 32 1 0
1127326 32 0 1
1127339 32 1 2
1127341 32 0 2
1127355 32 1 2
1127374 32 35 2
1127424 32 0 2
1127510 32 33 0
1127514 32 44 2
1127582 32 0 2
1127606 32 33 0
1127630 32 33 0
1127738 32 33 0
1127803 32 46 0
1127803 32 46 0
1127856 32 33 0
1127877 32 46 2
1127897 32 46 2
1127921 32 33 0
1127929 32 47 0
1127929 32 47 0
1128011 32 47 2
1128032 32 47 2
1128176 32 12 0
1128176 32 12 0
1128251 32 12 2
1128263 32 0 1
1128265 32 12 2
1128363 32 0 1
1128474 32 6 2
1128475 32 33 0
1128510 32 0 1
1128581 32 0 2
1128594 32 24 2
1128604 32 33 0
1128628 32 0 2
1128638 32 0 1
1128704 32 26 2
1128726 32 33 0
1128749 32 1 0
1128749 32 1 0
1128755 32 0 2
1128779 32 0 1
1128807 32 1 2
1128824 32 1 2
1128834 32 18 2
1128895 32 0 2
1128910 32 0 1
1128973 32 57 2
1129023 32 0 1
1129032 32 0 2
1129103 32 4 2
1129185 32 0 1
1129194 32 0 2
1129214 32 34 2
1129256 32 0 2
1129272 32 46 0
1129272 32 46 0
1129336 32 0 1
1129346 32 46 2
1129357 32 46 2
1129374 32 14 2
1129389 32 47 0
1129389 32 47 0
1129443 32 0 1
1129471 32 47 2
1129472 32 0 2
1129480 32 47 2
1129524 32 31 2
1129614 32 0 2
1129624 32 12 0
1129624 32 12 0
1129626 32 0 1
1129634 32 1 2
1129698 32 12 2
1129700 32 0 2
1129709 32 12 2
1129744 32 0 1
1129814 32 47 2
1129875 32 0 1
1129904 32 0 2
1129934 32 49 2
1129984 32 0 2
1130036 32 0 1
1130084 32 11 2
1130132 32 0 1
1130158 32 0 2
1130193 32 1 0
1130193 32 1 0
1130224 32 60 2
1130251 32 1 2
1130263 32 1 2
1130306 32 0 2
1130366 32 10 2
1130432 32 0 2
1130671 32 0 1
1130711 32 46 0
1130711 32 46 0
1130780 32 0 1
1130785 32 46 2
1130795 32 46 2
1130827 32 47 0
1130827 32 47 0
1130864 32 23 2
1130910 32 47 2
1130918 32 47 2
1130951 32 0 1
1130963 32 0 2
1130974 32 9 2
1131032 32 0 2
1131062 32 12 0
1131062 32 12 0
1131138 32 12 2
1131145 32 21 2
1131149 32 12 2
1131178 32 27 2
1131227 32 0 2
1131633 32 1 0
1131633 32 1 0
1131691 32 1 2
1131699 32 1 2
1131821 32 0 1
1131977 32 0 1
1132014 32 7 2
1132112 32 0 1
1132128 32 0 2
1132147 32 46 0
1132147 32 46 0
1132163 32 15 2
1132222 32 46 2
1132230 32 46 2
1132262 32 47 0
1132262 32 47 0
1132269 32 0 2
1132304 32 29 2
1132346 32 47 2
1132378 32 0 2
1132422 32 47 2
1132566 32 12 0
1132566 32 12 0
1132640 32 12 2
1132648 32 12 2
1133132 32 1 0
1133132 32 1 0
1133190 32 1 2
1133197 32 1 2
1133645 32 46 0
1133645 32 46 0
1133719 32 46 2
1133727 32 46 2
1133759 32 47 0
1133759 32 47 0
1133841 32 47 2
1133849 32 47 2
1133993 32 12 0
1133993 32 12 0
1134067 32 12 2
1134074 32 12 2
1134558 32 1 0
1134623 32 1 2
1135071 32 46 0
1135071 32 46 0
1135079 32 30 2
1135146 32 46 2
1135154 32 46 2
1135186 32 47 0
1135186 32 47 0
1135274 32 47 2
1135284 32 47 2
1135428 32 12 0
1135428 32 12 0
1135502 32 12 2
1135511 32 12 2
1135987 32 9 0
1136096 32 9 2
1136220 32 55 0
1136404 32 55 2
1136408 32 1 0
1136408 32 1 0
1136466 32 1 2
1136526 32 1 2
1136550 32 56 0
1136680 32 56 2
1136720 32 45 0
1136732 32 31 2
1136810 32 45 2
1136826 32 1 0
1136947 32 1 2
1136983 32 1 0
1137108 32 1 2
1137112 32 46 0
1137210 32 46 2
1137214 32 28 2
1137226 32 1 0
1137355 32 1 2
1137415 32 63 0
1137790 32 63 2
1137798 32 47 0
1137964 32 47 2
1138068 32 62 0
1138068 32 62 0
1138178 32 62 2
1138247 32 62 2
1138543 32 3 0
1139161 32 3 2
1139169 32 19 0
1139237 32 61 2
1139262 32 19 2
1139266 32 3 0
1141834 32 3 2
1141909 32 17 2
1142000 32 61 2
1142134 32 3 0
1142134 32 5 2
1142552 32 3 2
1142900 32 3 0
1142900 32 46 2
1147080 32 3 2
1147155 32 53 2
1147164 32 3 0
1149352 32 3 2
1150078 32 58 2
1150084 32 3 0
1150995 32 3 2
1222387 32 28 2
1222395 32 3 0
1223845 32 3 2
1224375 32 20 2
1224385 32 3 0
1225269 32 31 2
1226259 32 29 2
1226423 32 3 2
1226499 32 26 2
1226507 32 3 0
1227525 32 3 2
1227796 32 54 2
1227801 32 3 0
1239220 32 3 2
1239295 32 24 2
1239304 32 3 0
1240664 32 3 2
1241058 32 49 2
1241060 32 3 0
1246484 32 3 2
1991563 32 1 0
1992195 32 1 2
1992591 32 36 0
1992591 32 36 0
1992940 32 36 2
1992984 32 37 0
1992984 32 37 0
1993021 32 36 2
1993042 32 37 2
1993124 32 37 2
1993392 32 36 0
1993392 32 36 0
1993443 32 36 2
1993742 32 36 2
1993774 32 38 0
1993774 32 38 0
1993840 32 38 2
1993848 32 38 2
1994008 32 54 0
1994008 32 54 0
1994061 32 7 0
1994062 32 7 2
1994090 32 54 2
1994107 32 54 2
1994167 32 37 0
1994167 32 37 0
1994225 32 37 2
1994384 32 37 2
1995372 32 47 0
1995372 32 47 0
1995454 32 47 2
1995492 32 47 2
1995516 32 11 0
1995516 32 11 0
1995582 32 11 2
1995590 32 11 2
1995718 32 1 0
1995718 32 1 0
1995776 32 1 2
1995886 32 1 2
1996410 32 14 0
1996532 32 14 2
1996544 32 15 0
1996544 32 15 0
1996646 32 15 2
1996662 32 15 2
1996750 32 38 0
1996750 32 38 0
1996823 32 38 2
1996824 32 38 2
1996968 32 11 0
1996968 32 11 0
1997035 32 11 2
1997047 32 11 2
1997059 32 46 0
1997059 32 46 0
1997133 32 46 2
1997148 32 46 2
1997192 32 12 0
1997192 32 12 0
1997267 32 12 2
1997273 32 12 2
1997429 32 47 0
1997429 32 47 0
1997515 32 47 2
1997527 32 47 2
1997543 32 12 0
1997831 32 12 2
1997867 32 47 0
1997962 32 47 2
1998710 32 54 0
1998710 32 54 0
1998792 32 54 2
1998920 32 54 2
1999568 32 58 0
1999568 32 58 0
1999646 32 58 2
1999778 32 58 2
1999858 32 59 0
1999858 32 59 0
1999924 32 59 2
1999965 32 59 2
2000025 32 38 0
2000025 32 38 0
2000091 32 38 2
2000098 32 38 2
2000323 32 0 2
2004067 32 31 2
2004605 32 31 2
2004741 32 31 2
2005176 32 21 0
2005177 32 21 2
2005330 32 29 2
2005836 32 29 2
2005940 32 57 0
2005941 32 57 2
2005974 32 29 2
2006339 32 30 2
2006762 32 30 2
2968853 32 38 0
2968853 32 38 0
2970303 32 38 2
2972052 32 38 2
2973284 32 11 0
2973284 32 11 0
2973351 32 11 2
2973356 32 11 2
2973540 32 7 0
2973892 32 7 2
2974360 32 0 2
2974460 32 38 0
2974460 32 38 0
2974526 32 38 2
2974883 32 38 2
2975027 32 11 0
2975027 32 11 0
2975093 32 11 2
2975101 32 11 2
2975241 32 7 0
2977613 32 7 2
2979525 32 38 0
2979525 32 38 0
2979591 32 38 2
2979599 32 38 2
3945411 32 38 0
3945411 32 38 0
3946275 32 38 2
3947507 32 11 0
3947507 32 11 0
3947573 32 11 2
3947581 32 11 2
3948333 32 38 0
3948399 32 38 2
3949362 32 38 2
3949363 32 38 0
3949538 32 38 2
3949682 32 11 0
3949682 32 11 0
3949749 32 11 2
3949754 32 11 2
3951806 32 38 0
3951806 32 38 0
3951880 32 38 2
3951952 32 38 2
4921985 32 38 0
4921985 32 38 0
4924131 32 38 2
4925515 32 38 2
4926747 32 11 0
4926747 32 11 0
4926813 32 11 2
4926821 32 11 2
4927561 32 0 2
4927573 32 38 0
4927573 32 38 0
4927639 32 38 2
4928537 32 38 2
4928681 32 11 0
4928681 32 11 0
4928747 32 11 2
4928755 32 11 2
4928895 32 7 0
4930627 32 7 2
4932539 32 38 0
4932539 32 38 0
4932605 32 38 2
4932613 32 38 2
5007195 32 50 2
5007334 32 50 2
5007585 32 50 2
5898548 32 38 0
5898548 32 38 0
5899610 32 38 2
5900657 32 38 2
5900842 32 11 0
5900842 32 11 0
5900908 32 11 2
5900916 32 11 2
5901668 32 38 0
5901668 32 38 0
5901734 32 38 2
5902061 32 38 2
5902205 32 11 0
5902205 32 11 0
5902271 32 11 2
5902279 32 11 2
5902291 32 46 0
5902373 32 46 2
5902417 32 12 0
5902498 32 12 2
5902654 32 47 0
5902743 32 47 2
5904583 32 38 0
5904583 32 38 0
5904649 32 38 2
5904658 32 38 2
5963307 32 63 2
5963454 32 63 2
5963737 32 63 2
