0 53 51 0
307 53 7 1
364 53 51 2
368 53 22 0
534 53 0 2
647 53 7 2
848 53 22 2
860 53 1 0
1212 53 1 2
1232 53 24 0
1629 53 24 2
37948 53 4 0
40983 53 4 2
41035 53 44 0
42737 53 44 2
42749 53 5 0
42858 53 5 2
42870 53 45 0
43221 53 45 2
43289 53 24 0
43791 53 24 2
43823 53 25 0
43960 53 25 2
43968 53 26 0
44094 53 26 2
44134 53 27 0
44262 53 27 2
44282 53 33 0
45036 53 33 2
45056 53 35 0
45164 53 35 2
45172 53 41 0
45884 53 41 2
45900 53 42 0
46199 53 42 2
46231 53 1 0
46310 53 0 0
46423 53 1 2
46453 53 0 0
46459 53 36 0
46580 53 0 0
46658 53 36 2
46670 53 43 0
46705 53 0 0
46833 53 0 0
46977 53 0 0
47048 53 43 2
47064 53 17 0
47105 53 0 0
47229 53 0 0
47278 53 17 2
47370 53 27 0
47376 53 0 0
47478 53 27 2
47482 53 37 0
47503 53 0 0
47627 53 0 0
47627 53 37 2
47639 53 17 0
47750 53 0 0
47879 53 0 0
47973 53 17 2
47981 53 15 0
48019 53 0 0
48161 53 0 0
48269 53 15 2
48292 53 0 0
48309 53 16 0
48423 53 0 0
48549 53 0 0
48603 53 7 1
48672 53 0 0
48751 53 16 2
48791 53 18 0
48795 53 0 0
48824 53 28 2
48881 53 7 2
48899 53 18 2
48919 53 0 0
48923 53 61 0
49047 53 0 0
49103 53 61 2
49115 53 54 0
49187 53 0 0
49303 53 54 2
49309 53 0 0
49323 53 13 0
49425 53 13 2
49433 53 19 0
49437 53 0 0
49573 53 0 0
49592 53 19 2
49596 53 35 0
49697 53 0 0
49837 53 0 0
49961 53 0 0
50086 53 35 2
50093 53 0 0
50102 53 53 0
50233 53 0 0
50357 53 0 0
50495 53 0 0
50618 53 0 0
50741 53 0 0
50855 53 53 2
50865 53 0 0
50895 53 33 0
50997 53 0 0
51009 53 33 2
51021 53 36 0
51116 53 36 2
51129 53 0 0
51136 53 40 0
51253 53 0 0
51385 53 0 0
51406 53 40 2
51430 53 37 0
51517 53 0 0
51521 53 37 2
51625 53 38 0
51641 53 0 0
51770 53 38 2
51774 53 14 0
51789 53 0 0
51919 53 0 0
52043 53 0 0
52072 53 7 1
52098 53 14 2
52122 53 8 0
52203 53 0 0
52287 53 8 2
52295 53 29 0
52326 53 0 0
52374 53 4 2
52385 53 29 2
52425 53 0 0
52449 53 0 0
52466 53 7 2
52471 53 4 0
52573 53 0 0
52583 53 0 2
52595 53 4 0
52595 53 38 0
52696 53 0 0
52698 53 4 0
52802 53 4 0
52839 53 0 0
52896 53 4 0
52964 53 0 0
53001 53 4 0
53086 53 0 0
53112 53 38 2
53127 53 4 0
53128 53 39 0
53217 53 0 0
53238 53 4 0
53332 53 4 0
53345 53 0 0
53432 53 4 0
53469 53 0 0
53535 53 4 0
53595 53 0 0
53635 53 4 0
53725 53 39 2
53729 53 39 0
53735 53 0 0
53738 53 4 0
53856 53 4 0
53859 53 0 0
53955 53 4 0
53985 53 0 0
54048 53 4 0
54110 53 0 0
54167 53 4 0
54235 53 0 0
54279 53 4 0
54377 53 0 0
54382 53 4 0
54409 53 39 2
54465 53 36 0
54477 53 4 0
54561 53 36 2
54591 53 4 0
54593 53 38 0
54723 53 4 0
54740 53 38 2
54756 53 51 0
54842 53 4 0
54895 53 51 2
54951 53 4 0
54951 53 33 0
55064 53 4 0
55176 53 4 0
55266 53 33 2
55274 53 52 0
55287 53 4 0
55397 53 52 2
55418 53 4 0
55433 53 41 0
55517 53 4 0
55621 53 4 0
55745 53 41 2
55755 53 4 0
55765 53 53 0
55864 53 4 0
55945 53 53 2
55955 53 4 0
55969 53 54 0
56074 53 4 0
56169 53 4 0
56273 53 4 0
56396 53 4 0
56497 53 4 0
56611 53 4 0
56670 53 54 2
56686 53 11 0
56739 53 4 0
56853 53 4 0
56944 53 4 0
57058 53 11 2
57070 53 56 0
57073 53 4 0
57167 53 4 0
57292 53 4 0
57391 53 4 0
57503 53 4 0
57623 53 4 0
57725 53 4 0
57855 53 4 0
57967 53 4 0
58089 53 4 0
58197 53 4 0
58291 53 4 0
58398 53 4 0
58531 53 4 0
58641 53 4 0
58756 53 4 0
58889 53 4 0
59016 53 4 0
59130 53 4 0
59240 53 56 2
59241 53 4 0
59244 53 12 0
59513 53 12 2
59521 53 57 0
59853 53 57 2
59857 53 2 0
60188 53 2 2
60240 53 37 0
60366 53 37 2
60382 53 40 0
60563 53 40 2
60619 53 58 0
60754 53 58 2
60814 53 35 0
60912 53 35 2
60916 53 50 0
61081 53 50 2
61101 53 62 0
61229 53 7 1
61455 53 3 2
61545 53 7 2
62016 53 7 1
62235 53 18 2
62316 53 7 2
62607 53 62 2
62635 53 38 0
62945 53 38 2
63017 53 63 0
63334 53 63 2
63374 53 12 0
63646 53 12 2
63670 53 2 0
63776 53 2 2
63800 53 13 0
64110 53 13 2
64206 53 3 0
64312 53 3 2
64352 53 23 0
64523 53 23 2
64539 53 24 0
64690 53 24 2
64798 53 24 0
65075 53 24 2
65083 53 25 0
65255 53 25 2
65283 53 26 0
65410 53 26 2
65490 53 0 0
65613 53 0 2
65621 53 3 0
65726 53 3 2
65770 53 4 0
65871 53 4 2
65967 53 5 0
66086 53 5 2
66126 53 15 0
66612 53 15 2
66620 53 14 0
67069 53 14 2
67081 53 50 0
67698 53 50 2
67726 53 6 0
67864 53 6 2
67884 53 4 0
67987 53 4 2
67995 53 8 0
68118 53 8 2
68122 53 47 0
68631 53 47 2
68639 53 49 0
70142 53 49 2
70158 53 11 0
70256 53 11 2
70292 53 5 0
70402 53 5 2
70426 53 37 0
70702 53 37 2
70766 53 4 0
70869 53 4 2
70873 53 1 0
70989 53 1 2
71017 53 27 0
71120 53 27 2
71128 53 2 0
71368 53 2 2
71380 53 11 0
71575 53 11 2
71583 53 7 0
71692 53 7 2
71712 53 3 0
71813 53 3 2
71921 53 6 0
72029 53 6 2
72049 53 9 0
72304 53 9 2
72476 53 8 0
73297 53 8 2
73309 53 11 0
73414 53 11 2
73434 53 12 0
73525 53 12 2
73549 53 16 0
73824 53 16 2
73832 53 13 0
74007 53 13 2
74055 53 2 0
74485 53 2 2
74517 53 40 0
76706 53 40 2
76710 53 25 0
76833 53 25 2
76849 53 31 0
76973 53 31 2
77009 53 33 0
77124 53 33 2
77128 53 36 0
77217 53 36 2
77225 53 4 0
77315 53 4 2
77407 53 5 0
77588 53 5 2
77620 53 34 0
77725 53 34 2
77745 53 35 0
77852 53 35 2
77876 53 32 0
79278 53 32 2
79346 53 17 0
79666 53 17 2
79962 53 38 0
79962 53 38 0
80004 53 38 2
80100 53 38 2
80108 53 27 0
80119 53 7 1
80205 53 27 2
80225 53 35 0
80323 53 35 2
80344 53 14 2
80379 53 28 0
80417 53 7 2
80492 53 28 2
80560 53 3 0
80658 53 3 2
80662 53 46 0
81248 53 46 2
81268 53 4 0
81368 53 4 2
81400 53 0 0
81529 53 0 2
81533 53 29 0
81633 53 29 2
81777 53 47 0
82010 53 47 2
82082 53 30 0
82226 53 30 2
82578 53 31 0
82690 53 7 1
82718 53 31 2
82722 53 44 0
82821 53 44 2
82829 53 43 0
82914 53 50 2
82945 53 43 2
82963 53 7 2
83077 53 32 0
83655 53 32 2
83727 53 33 0
83846 53 33 2
83894 53 33 0
84018 53 33 2
84026 53 27 0
84143 53 27 2
84247 53 54 0
84656 53 54 2
84668 53 28 0
84771 53 28 2
84787 53 42 0
85037 53 42 2
85045 53 56 0
85475 53 56 2
85491 53 43 0
85746 53 43 2
85846 53 41 0
85960 53 41 2
86008 53 61 0
86176 53 61 2
86180 53 39 0
86291 53 39 2
86303 53 7 0
86452 53 7 2
86512 53 8 0
86668 53 7 1
86704 53 8 2
86736 53 63 0
86896 53 32 2
86979 53 7 2
87361 53 63 2
87469 53 0 0
87698 53 0 2
87726 53 57 0
87968 53 57 2
88036 53 58 0
88259 53 58 2
88343 53 46 0
88440 53 46 2
88452 53 59 0
88695 53 59 2
88727 53 32 0
88905 53 32 2
88913 53 50 0
89264 53 50 2
89340 53 60 0
89553 53 60 2
89561 53 62 0
90254 53 62 2
90258 53 3 0
90355 53 3 2
90367 53 5 0
90457 53 5 2
90485 53 17 0
90654 53 17 2
90674 53 6 0
90791 53 6 2
90883 53 11 0
91288 53 11 2
91296 53 10 0
91402 53 10 2
91422 53 11 0
91520 53 11 2
91528 53 6 0
91645 53 6 2
91681 53 36 0
91812 53 7 1
92034 53 0 2
92147 53 7 2
92326 53 36 2
92386 53 12 0
92477 53 12 2
92485 53 0 0
92702 53 0 2
92826 53 15 0
92954 53 15 2
93074 53 7 0
93180 53 7 2
93196 53 0 0
93246 53 0 2
93837 53 0 2
93985 53 9 0
94119 53 9 2
94123 53 7 0
94501 53 7 2
94529 53 8 0
94771 53 8 2
94799 53 55 0
95031 53 55 2
95475 53 56 0
95765 53 56 2
96341 53 57 0
96672 53 57 2
97248 53 58 0
97481 53 58 2
98057 53 59 0
98431 53 59 2
99007 53 60 0
99294 53 60 2
99870 53 61 0
100140 53 61 2
100716 53 62 0
100979 53 62 2
101555 53 63 0
101813 53 63 2
102389 53 0 0
102389 53 0 0
102495 53 0 2
102665 53 0 2
102933 53 2 0
103039 53 2 2
103095 53 3 0
103236 53 3 2
103240 53 7 0
103620 53 7 2
103708 53 4 0
103708 53 4 0
103713 53 7 1
103792 53 4 2
103830 53 4 2
103934 53 0 2
104047 53 7 2
104218 53 1 0
104584 53 1 2
105160 53 2 0
105490 53 2 2
106066 53 3 0
106428 53 3 2
107004 53 4 0
107288 53 4 2
107864 53 5 0
108131 53 5 2
108707 53 6 0
109128 53 6 2
109704 53 7 0
110042 53 7 2
110618 53 8 0
110897 53 8 2
111473 53 9 0
111784 53 9 2
112360 53 10 0
112671 53 10 2
113247 53 11 0
113570 53 11 2
114146 53 12 0
114416 53 12 2
114992 53 13 0
115241 53 13 2
115817 53 14 0
116178 53 14 2
116754 53 15 0
117074 53 15 2
117650 53 16 0
117937 53 16 2
118513 53 17 0
118824 53 17 2
119400 53 18 0
119693 53 18 2
120269 53 19 0
120572 53 19 2
121148 53 20 0
121425 53 20 2
122001 53 21 0
122262 53 21 2
122838 53 22 0
123201 53 22 2
123777 53 23 0
124096 53 23 2
124672 53 24 0
124946 53 24 2
125522 53 25 0
125833 53 25 2
126409 53 26 0
126705 53 26 2
127281 53 27 0
127574 53 27 2
128150 53 28 0
128436 53 28 2
129012 53 29 0
129291 53 29 2
129867 53 30 0
130193 53 30 2
130769 53 31 0
131057 53 31 2
131633 53 32 0
131917 53 32 2
132493 53 33 0
132804 53 33 2
133380 53 34 0
133668 53 34 2
134244 53 35 0
134516 53 35 2
135092 53 36 0
135366 53 36 2
135942 53 37 0
136192 53 37 2
136768 53 38 0
137055 53 38 2
137631 53 39 0
137900 53 39 2
138476 53 40 0
138766 53 40 2
139342 53 41 0
139654 53 41 2
140230 53 42 0
140479 53 42 2
141055 53 43 0
141318 53 43 2
141894 53 44 0
142166 53 44 2
142742 53 45 0
143032 53 45 2
143608 53 46 0
143907 53 46 2
144483 53 47 0
144742 53 47 2
145318 53 48 0
145646 53 48 2
146222 53 49 0
146554 53 49 2
147130 53 50 0
147421 53 50 2
147997 53 51 0
148269 53 7 1
148280 53 51 2
148355 53 7 1
148457 53 7 1
148495 53 5 2
148569 53 7 2
148605 53 38 2
148654 53 7 2
148715 53 37 2
148757 53 7 2
148851 53 7 1
148856 53 52 0
149075 53 40 2
149149 53 7 2
149166 53 52 2
149461 53 7 1
149571 53 7 1
149665 53 7 1
149685 53 13 2
149742 53 53 0
149751 53 7 1
149752 53 7 2
149795 53 33 2
149869 53 7 2
149877 53 7 1
149905 53 58 2
149963 53 7 2
150025 53 53 2
150041 53 53 2
150050 53 7 2
150090 53 7 1
150135 53 46 2
150177 53 7 2
150201 53 7 1
150303 53 7 1
150315 53 12 2
150389 53 7 2
150425 53 19 2
150429 53 7 1
150498 53 7 2
150535 53 39 2
150593 53 7 2
150617 53 54 0
150655 53 25 2
150685 53 7 1
150737 53 7 2
150779 53 7 1
150900 53 7 1
150905 53 16 2
150909 53 54 2
150967 53 7 1
151003 53 7 2
151015 53 32 2
151097 53 7 2
151125 53 17 2
151203 53 7 1
151215 53 7 2
151235 53 36 2
151240 53 7 1
151285 53 7 2
151367 53 7 1
151435 53 8 2
151493 53 7 1
151541 53 7 2
151545 53 52 2
151578 53 7 2
151579 53 7 1
151655 53 55 2
151697 53 7 2
151765 53 41 2
151832 53 7 2
151875 53 45 2
151907 53 7 1
151909 53 7 2
151993 53 7 1
152079 53 7 1
152135 53 3 2
152213 53 7 1
152226 53 7 2
152245 53 30 2
152303 53 7 2
152355 53 61 2
152389 53 7 2
152465 53 48 2
152531 53 7 2
152605 53 7 1
152715 53 7 1
152820 53 7 1
152825 53 63 2
152875 53 7 2
152935 53 42 2
152993 53 7 2
153013 53 7 1
153045 53 43 2
153095 53 7 2
153181 53 7 1
153235 53 27 2
153301 53 7 2
153387 53 7 1
153405 53 56 2
153479 53 7 2
153615 53 62 2
153657 53 7 2
157005 53 8 0
157286 53 8 2
159945 53 7 1
160165 53 2 2
160263 53 7 2
194798 53 14 0
194926 53 14 2
195242 53 29 0
195344 53 29 2
195384 53 30 0
195512 53 30 2
195556 53 17 0
195670 53 17 2
195726 53 18 0
195832 53 18 2
195880 53 19 0
195978 53 19 2
196014 53 21 0
196137 53 21 2
196169 53 22 0
196313 53 22 2
196469 53 4 0
196558 53 4 2
196586 53 18 0
196886 53 18 2
197058 53 61 0
197155 53 61 2
197227 53 54 0
197355 53 54 2
197387 53 55 0
197533 53 55 2
197761 53 40 0
197883 53 40 2
197911 53 49 0
198033 53 49 2
198045 53 51 0
198168 53 51 2
198188 53 37 0
198313 53 37 2
198317 53 20 0
198411 53 20 2
198427 53 3 0
198758 53 3 2
198850 53 21 0
198941 53 21 2
198949 53 56 0
199082 53 56 2
199102 53 57 0
199224 53 57 2
199312 53 58 0
199426 53 58 2
199506 53 59 0
199629 53 59 2
199653 53 63 0
199767 53 63 2
199851 53 33 0
199966 53 33 2
211694 53 7 1
211920 53 2 2
212017 53 7 2
225739 53 7 1
225960 53 2 2
226057 53 7 2
232161 53 7 1
232380 53 2 2
232477 53 7 2
245731 53 7 1
245950 53 2 2
246047 53 7 2
258244 53 7 1
258470 53 2 2
258567 53 7 2
270747 53 7 1
270971 53 2 2
271069 53 7 2
275753 53 7 1
275981 53 0 2
276095 53 7 2
289625 53 3 0
304679 53 7 1
304900 53 2 2
304997 53 7 2
325247 53 7 1
325471 53 2 2
325569 53 7 2
344070 53 2 0
344071 53 7 1
344290 53 2 2
344387 53 7 2
421435 53 7 1
421660 53 0 2
421773 53 7 2
510801 53 2 0
510802 53 7 1
511022 53 2 2
511119 53 7 2
526297 53 7 1
526523 53 2 2
526621 53 7 2
542241 53 2 0
542242 53 7 1
542481 53 2 2
542578 53 7 2
628209 53 2 0
628210 53 7 1
628428 53 2 2
628525 53 7 2
681309 53 7 1
681538 53 2 2
681635 53 7 2
1015584 53 0 0
1015584 53 0 0
1016756 53 0 2
1017109 53 0 2
1017229 53 38 0
1017229 53 38 0
1017531 53 38 2
1018828 53 38 2
1020824 53 4 0
1020824 53 4 0
1020908 53 4 2
1020917 53 4 2
1021449 53 38 0
1021449 53 38 0
1021739 53 38 2
1021915 53 4 0
1021915 53 4 0
1021989 53 4 2
1022014 53 4 2
1022046 53 0 0
1022046 53 0 0
1022152 53 0 2
1022170 53 0 2
1023571 53 38 2
1024890 53 31 0
1024997 53 31 2
1025041 53 35 0
1025313 53 35 2
1025373 53 32 0
1025463 53 32 2
1025563 53 33 0
1025645 53 33 2
1025737 53 34 0
1025819 53 34 2
1025851 53 1 0
1026319 53 1 2
1026363 53 32 0
1026454 53 32 2
1026462 53 35 0
1026543 53 35 2
1026547 53 60 0
1027120 53 60 2
1027136 53 61 0
1027400 53 61 2
1027460 53 48 0
1027560 53 48 2
1027600 53 49 0
1027692 53 49 2
1027728 53 36 0
1027728 53 36 0
1027780 53 36 2
1027812 53 36 2
1027876 53 37 0
1027876 53 37 0
1027910 53 37 2
1028003 53 37 2
1028051 53 58 0
1028051 53 58 0
1028101 53 58 2
1028285 53 58 2
1028297 53 31 0
1028596 53 31 2
1028608 53 30 0
1028916 53 30 2
1028924 53 59 0
1028924 53 59 0
1028966 53 59 2
1029169 53 59 2
1029221 53 34 0
1029507 53 34 2
1029547 53 0 0
1029547 53 0 0
1029714 53 0 2
1030018 53 0 2
1030026 53 33 0
1030026 53 33 0
1030092 53 33 2
1030341 53 33 2
1030357 53 60 0
1030488 53 60 2
1030508 53 32 0
1030781 53 32 2
1030857 53 61 0
1030986 53 61 2
1031110 53 62 0
1031250 53 62 2
1031338 53 12 0
1031461 53 12 2
1031473 53 39 0
1031881 53 39 2
1031893 53 13 0
1032032 53 13 2
1032036 53 48 0
1032531 53 48 2
1032543 53 59 0
1032753 53 59 2
1032781 53 54 0
1032781 53 54 0
1032807 53 54 2
1033022 53 54 2
1033062 53 55 0
1033360 53 55 2
1033384 53 56 0
1035184 53 56 2
1035212 53 57 0
1035431 53 57 2
1035495 53 58 0
1035775 53 58 2
1035811 53 49 0
1036045 53 49 2
1036085 53 63 0
1036301 53 63 2
1036349 53 15 0
1036618 53 15 2
1036634 53 44 0
1037148 53 44 2
1037168 53 45 0
1037600 53 45 2
1037848 53 0 0
1037858 53 2 0
1037860 53 2 2
1037978 53 0 2
1038070 53 1 0
1038213 53 1 2
1038313 53 2 0
1038516 53 2 2
1038536 53 41 0
1038650 53 41 2
1038722 53 3 0
1038998 53 3 2
1039258 53 5 0
1039582 53 5 2
1039630 53 6 0
1039851 53 6 2
1039939 53 7 0
1040497 53 7 2
1040605 53 8 0
1040727 53 8 2
1040783 53 1 0
1040783 53 1 0
1040881 53 1 2
1041099 53 1 2
1041547 53 46 0
1041597 53 46 2
1041605 53 4 0
1041935 53 4 2
1041959 53 47 0
1042017 53 47 2
1042161 53 12 0
1042251 53 12 2
1042615 53 10 0
1042923 53 10 2
1043043 53 1 0
1043173 53 1 2
1043621 53 46 0
1043621 53 46 0
1043655 53 46 2
1043680 53 46 2
1043712 53 47 0
1043770 53 47 2
1043914 53 12 0
1044012 53 12 2
1044066 53 52 2
1044496 53 1 0
1044496 53 1 0
1044572 53 52 2
1044594 53 1 2
1044627 53 1 2
1044850 53 52 2
1045059 53 14 0
1045077 53 52 2
1045165 53 14 2
1045181 53 46 0
1045239 53 46 2
1045271 53 47 0
1045271 53 47 0
1045313 53 47 2
1045378 53 47 2
1045431 53 55 2
1045522 53 12 0
1045522 53 12 0
1045589 53 12 2
1045645 53 12 2
1045713 53 55 2
1045844 53 52 2
1046129 53 1 0
1046129 53 1 0
1046227 53 1 2
1046260 53 1 2
1046351 53 52 2
1046450 53 52 2
1046677 53 52 2
1046708 53 46 0
1046806 53 46 2
1046838 53 47 0
1046944 53 47 2
1047088 53 12 0
1047210 53 12 2
1047694 53 1 0
1047694 53 1 0
1047792 53 1 2
1047799 53 52 2
1047817 53 1 2
1047898 53 52 2
1048124 53 52 2
1048265 53 46 0
1048265 53 46 0
1048299 53 46 2
1048363 53 46 2
1048395 53 47 0
1048395 53 47 0
1048437 53 47 2
1048503 53 47 2
1048647 53 12 0
1048647 53 12 0
1048714 53 12 2
1048769 53 12 2
1049253 53 1 0
1049253 53 1 0
1049351 53 1 2
1049376 53 1 2
1049424 53 52 2
1049652 53 52 2
1049824 53 46 0
1049824 53 46 0
1049858 53 46 2
1049908 53 46 2
1049940 53 47 0
1049940 53 47 0
1049982 53 47 2
1050030 53 47 2
1050174 53 12 0
1050174 53 12 0
1050240 53 12 2
1050282 53 12 2
1050766 53 1 0
1050766 53 1 0
1050864 53 1 2
1050891 53 1 2
1051339 53 46 0
1051339 53 46 0
1051373 53 46 2
1051425 53 46 2
1051457 53 47 0
1051457 53 47 0
1051499 53 47 2
1051551 53 47 2
1051695 53 12 0
1051695 53 12 0
1051763 53 12 2
1051800 53 12 2
1052284 53 1 0
1052284 53 1 0
1052382 53 1 2
1052390 53 1 2
1052838 53 46 0
1052838 53 46 0
1052872 53 46 2
1052921 53 46 2
1052953 53 47 0
1052953 53 47 0
1052995 53 47 2
1053044 53 47 2
1053188 53 12 0
1053188 53 12 0
1053254 53 12 2
1053294 53 12 2
1053778 53 1 0
1053778 53 1 0
1053876 53 1 2
1053885 53 1 2
1054333 53 46 0
1054333 53 46 0
1054368 53 46 2
1054378 53 46 2
1054410 53 47 0
1054410 53 47 0
1054452 53 47 2
1054462 53 47 2
1054606 53 12 0
1054606 53 12 0
1054672 53 12 2
1054680 53 12 2
1055164 53 1 0
1055164 53 1 0
1055263 53 1 2
1055271 53 1 2
1055719 53 46 0
1055719 53 46 0
1055753 53 46 2
1055760 53 46 2
1055792 53 47 0
1055792 53 47 0
1055834 53 47 2
1055842 53 47 2
1055986 53 12 0
1055986 53 12 0
1056052 53 12 2
1056062 53 12 2
1056450 53 1 0
1056450 53 1 0
1056548 53 1 2
1056556 53 1 2
1056988 53 7 0
1057094 53 7 2
1057110 53 46 0
1057110 53 46 0
1057144 53 46 2
1057152 53 46 2
1057184 53 47 0
1057184 53 47 0
1057226 53 47 2
1057235 53 47 2
1057379 53 12 0
1057379 53 12 0
1057445 53 12 2
1057453 53 12 2
1057937 53 1 0
1057937 53 1 0
1058035 53 1 2
1058047 53 1 2
1058495 53 46 0
1058495 53 46 0
1058529 53 46 2
1058536 53 46 2
1058568 53 47 0
1058568 53 47 0
1058610 53 47 2
1058618 53 47 2
1058762 53 12 0
1058762 53 12 0
1058828 53 12 2
1058836 53 12 2
1059320 53 1 0
1059320 53 1 0
1059418 53 1 2
1059425 53 1 2
1059873 53 46 0
1059873 53 46 0
1059907 53 46 2
1059915 53 46 2
1059947 53 47 0
1059947 53 47 0
1059989 53 47 2
1059997 53 47 2
1060141 53 5 0
1060248 53 5 2
1060256 53 61 0
1060256 53 61 0
1060282 53 61 2
1060372 53 61 2
1060380 53 29 0
1060628 53 29 2
1060644 53 62 0
1060644 53 62 0
1060678 53 62 2
1060767 53 62 2
1061043 53 63 0
1061043 53 63 0
1061085 53 63 2
1061174 53 63 2
1061598 53 12 0
1061598 53 12 0
1061664 53 12 2
1061722 53 12 2
1062162 53 11 0
1062201 53 55 2
1062283 53 11 2
1062495 53 1 0
1062495 53 1 0
1062593 53 1 2
1062601 53 1 2
1063049 53 46 0
1063049 53 46 0
1063083 53 46 2
1063090 53 46 2
1063122 53 47 0
1063122 53 47 0
1063164 53 47 2
1063172 53 47 2
1063316 53 12 0
1063316 53 12 0
1063382 53 12 2
1063390 53 12 2
1063874 53 1 0
1063874 53 1 0
1063972 53 1 2
1063980 53 1 2
1064428 53 46 0
1064428 53 46 0
1064462 53 46 2
1064470 53 46 2
1064502 53 47 0
1064502 53 47 0
1064544 53 47 2
1064552 53 47 2
1064696 53 12 0
1064696 53 12 0
1064762 53 12 2
1064771 53 12 2
1065255 53 1 0
1065255 53 1 0
1065353 53 1 2
1065364 53 1 2
1065812 53 46 0
1065812 53 46 0
1065846 53 46 2
1065856 53 46 2
1065888 53 47 0
1065888 53 47 0
1065933 53 47 2
1065941 53 47 2
1066085 53 12 0
1066085 53 12 0
1066151 53 12 2
1066158 53 12 2
1066642 53 1 0
1066642 53 1 0
1066740 53 1 2
1066753 53 1 2
1067201 53 46 0
1067201 53 46 0
1067235 53 46 2
1067243 53 46 2
1067275 53 47 0
1067275 53 47 0
1067317 53 47 2
1067326 53 47 2
1067470 53 12 0
1067548 53 12 2
1068032 53 1 0
1068032 53 1 0
1068130 53 1 2
1068138 53 1 2
1068586 53 46 0
1068586 53 46 0
1068620 53 46 2
1068628 53 46 2
1068660 53 47 0
1068660 53 47 0
1068703 53 47 2
1068717 53 47 2
1068861 53 12 0
1068861 53 12 0
1068928 53 12 2
1068935 53 12 2
1069419 53 1 0
1069419 53 1 0
1069517 53 1 2
1069529 53 1 2
1069961 53 8 0
1069961 53 8 0
1070059 53 8 2
1070076 53 8 2
1070092 53 46 0
1070092 53 46 0
1070126 53 46 2
1070136 53 46 2
1070168 53 47 0
1070168 53 47 0
1070214 53 47 2
1070220 53 47 2
1070364 53 12 0
1070364 53 12 0
1070430 53 12 2
1070439 53 12 2
1070923 53 1 0
1070923 53 1 0
1071021 53 1 2
1071028 53 1 2
1071476 53 46 0
1071476 53 46 0
1071515 53 46 2
1071519 53 46 2
1071551 53 47 0
1071551 53 47 0
1071593 53 47 2
1071601 53 47 2
1071745 53 12 0
1071745 53 12 0
1071811 53 12 2
1071819 53 12 2
1072303 53 1 0
1072303 53 1 0
1072401 53 1 2
1072408 53 1 2
1072856 53 46 0
1072856 53 46 0
1072890 53 46 2
1072898 53 46 2
1072930 53 47 0
1072930 53 47 0
1072972 53 47 2
1072980 53 47 2
1073124 53 12 0
1073124 53 12 0
1073190 53 12 2
1073198 53 12 2
1073682 53 1 0
1073682 53 1 0
1073780 53 1 2
1073787 53 1 2
1074235 53 46 0
1074235 53 46 0
1074270 53 46 2
1074279 53 46 2
1074311 53 47 0
1074311 53 47 0
1074353 53 47 2
1074364 53 47 2
1074508 53 12 0
1074508 53 12 0
1074574 53 12 2
1074582 53 12 2
1075066 53 1 0
1075066 53 1 0
1075164 53 1 2
1075172 53 1 2
1075620 53 46 0
1075620 53 46 0
1075654 53 46 2
1075662 53 46 2
1075694 53 47 0
1075694 53 47 0
1075746 53 47 2
1075748 53 47 2
1075892 53 12 0
1075892 53 12 0
1075944 53 7 1
1075958 53 12 2
1075967 53 12 2
1076172 53 54 2
1076206 53 7 2
1076347 53 7 1
1076451 53 1 0
1076451 53 1 0
1076466 53 7 1
1076549 53 1 2
1076556 53 1 2
1076572 53 50 2
1076622 53 7 2
1076692 53 51 2
1076734 53 7 2
1076941 53 7 1
1077004 53 46 0
1077004 53 46 0
1077038 53 46 2
1077046 53 46 2
1077078 53 47 0
1077078 53 47 0
1077120 53 47 2
1077127 53 47 2
1077162 53 28 2
1077207 53 7 1
1077220 53 7 2
1077271 53 12 0
1077271 53 12 0
1077329 53 7 1
1077337 53 12 2
1077345 53 12 2
1077422 53 7 1
1077432 53 22 2
1077498 53 7 2
1077543 53 7 1
1077552 53 20 2
1077618 53 7 2
1077634 53 7 1
1077662 53 59 2
1077712 53 7 2
1077772 53 35 2
1077829 53 1 0
1077829 53 1 0
1077832 53 7 2
1077892 53 44 2
1077927 53 1 2
1077934 53 7 2
1077935 53 1 2
1078383 53 46 0
1078383 53 46 0
1078402 53 7 1
1078417 53 46 2
1078424 53 46 2
1078456 53 47 0
1078456 53 47 0
1078498 53 47 2
1078506 53 47 2
1078512 53 7 1
1078605 53 7 1
1078622 53 6 2
1078650 53 12 0
1078650 53 12 0
1078704 53 7 2
1078716 53 12 2
1078728 53 12 2
1078729 53 7 1
1078732 53 24 2
1078818 53 7 1
1078822 53 7 2
1078842 53 26 2
1078916 53 7 2
1078952 53 18 2
1079013 53 7 1
1079034 53 7 2
1079062 53 57 2
1079109 53 7 1
1079128 53 7 2
1079212 53 1 0
1079212 53 1 0
1079232 53 4 2
1079268 53 7 1
1079310 53 1 2
1079314 53 7 2
1079318 53 1 2
1079342 53 34 2
1079366 53 7 1
1079408 53 7 2
1079492 53 14 2
1079568 53 7 2
1079602 53 31 2
1079608 53 7 1
1079668 53 7 2
1079670 53 7 1
1079766 53 46 0
1079766 53 46 0
1079780 53 7 1
1079800 53 46 2
1079809 53 46 2
1079832 53 1 2
1079841 53 47 0
1079841 53 47 0
1079883 53 47 2
1079891 53 47 2
1079938 53 7 2
1079942 53 47 2
1079991 53 7 2
1080035 53 12 0
1080035 53 12 0
1080052 53 49 2
1080095 53 7 1
1080101 53 12 2
1080109 53 12 2
1080110 53 7 2
1080174 53 7 1
1080322 53 11 2
1080406 53 7 2
1080432 53 60 2
1080474 53 7 2
1080593 53 1 0
1080593 53 1 0
1080623 53 7 1
1080691 53 1 2
1080699 53 1 2
1080842 53 10 2
1080901 53 7 1
1080932 53 7 2
1081122 53 23 2
1081131 53 9 0
1081152 53 7 1
1081196 53 7 2
1081237 53 9 2
1081240 53 7 1
1081253 53 46 0
1081253 53 46 0
1081287 53 46 2
1081295 53 46 2
1081327 53 47 0
1081327 53 47 0
1081369 53 47 2
1081372 53 9 2
1081376 53 47 2
1081470 53 7 2
1081482 53 21 2
1081520 53 12 0
1081520 53 12 0
1081540 53 7 2
1081586 53 12 2
1081596 53 12 2
1081711 53 7 1
1081812 53 7 1
1081890 53 7 1
1081932 53 7 2
1082022 53 7 2
1082042 53 15 2
1082080 53 1 0
1082080 53 1 0
1082124 53 7 2
1082152 53 29 2
1082178 53 1 2
1082186 53 1 2
1082202 53 7 2
1082634 53 46 0
1082634 53 46 0
1082672 53 46 2
1082674 53 46 2
1082706 53 47 0
1082706 53 47 0
1082748 53 47 2
1082756 53 47 2
1082900 53 12 0
1082900 53 12 0
1082966 53 12 2
1082974 53 12 2
1083458 53 1 0
1083458 53 1 0
1083556 53 1 2
1083566 53 1 2
1084014 53 46 0
1084014 53 46 0
1084048 53 46 2
1084056 53 46 2
1084088 53 47 0
1084088 53 47 0
1084130 53 47 2
1084138 53 47 2
1084282 53 12 0
1084282 53 12 0
1084348 53 12 2
1084356 53 12 2
1084840 53 1 0
1084840 53 1 0
1084938 53 1 2
1084946 53 1 2
1085394 53 46 0
1085394 53 46 0
1085429 53 46 2
1085447 53 46 2
1085479 53 47 0
1085479 53 47 0
1085571 53 47 2
1085590 53 47 2
1085734 53 12 0
1085734 53 12 0
1085840 53 12 2
1085848 53 12 2
1086332 53 1 0
1086332 53 1 0
1086430 53 1 2
1086438 53 1 2
1086886 53 46 0
1086886 53 46 0
1086932 53 46 2
1086944 53 46 2
1086976 53 47 0
1086976 53 47 0
1087058 53 47 2
1087079 53 47 2
1087223 53 12 0
1087223 53 12 0
1087329 53 12 2
1087349 53 12 2
1087833 53 1 0
1087833 53 1 0
1087931 53 1 2
1087939 53 1 2
1088387 53 46 0
1088387 53 46 0
1088422 53 46 2
1088428 53 46 2
1088460 53 47 0
1088460 53 47 0
1088552 53 47 2
1088570 53 47 2
1088714 53 12 0
1088714 53 12 0
1088820 53 12 2
1088841 53 12 2
1089325 53 1 0
1089325 53 1 0
1089423 53 1 2
1089431 53 1 2
1089879 53 46 0
1089879 53 46 0
1089913 53 46 2
1089921 53 46 2
1089953 53 47 0
1089953 53 47 0
1090045 53 47 2
1090063 53 47 2
1090207 53 12 0
1090207 53 12 0
1090313 53 12 2
1090321 53 12 2
1090805 53 1 0
1090805 53 1 0
1090903 53 1 2
1090911 53 1 2
1091359 53 46 0
1091359 53 46 0
1091395 53 46 2
1091410 53 46 2
1091442 53 47 0
1091442 53 47 0
1091534 53 47 2
1091552 53 47 2
1091696 53 12 0
1091696 53 12 0
1091802 53 12 2
1091820 53 12 2
1092304 53 1 0
1092304 53 1 0
1092402 53 1 2
1092410 53 1 2
1092842 53 10 0
1092950 53 10 2
1092966 53 46 0
1092966 53 46 0
1093001 53 46 2
1093019 53 46 2
1093051 53 47 0
1093051 53 47 0
1093143 53 47 2
1093160 53 47 2
1093304 53 12 0
1093304 53 12 0
1093410 53 12 2
1093418 53 12 2
1093902 53 1 0
1093902 53 1 0
1094000 53 1 2
1094009 53 1 2
1094457 53 46 0
1094457 53 46 0
1094491 53 46 2
1094510 53 46 2
1094542 53 47 0
1094542 53 47 0
1094634 53 47 2
1094651 53 47 2
1094795 53 12 0
1094795 53 12 0
1094901 53 12 2
1094919 53 12 2
1095403 53 1 0
1095403 53 1 0
1095501 53 1 2
1095509 53 1 2
1095957 53 46 0
1095957 53 46 0
1095991 53 46 2
1096010 53 46 2
1096042 53 47 0
1096042 53 47 0
1096144 53 47 2
1096152 53 47 2
1096296 53 12 0
1096296 53 12 0
1096412 53 12 2
1096419 53 12 2
1096903 53 1 0
1096903 53 1 0
1097001 53 1 2
1097010 53 1 2
1097458 53 46 0
1097458 53 46 0
1097492 53 46 2
1097512 53 46 2
1097544 53 47 0
1097544 53 47 0
1097636 53 47 2
1097646 53 47 2
1097790 53 12 0
1097790 53 12 0
1097896 53 12 2
1097914 53 12 2
1098398 53 1 0
1098398 53 1 0
1098497 53 1 2
1098505 53 1 2
1098953 53 46 0
1098953 53 46 0
1098987 53 46 2
1099008 53 46 2
1099040 53 47 0
1099040 53 47 0
1099132 53 47 2
1099139 53 47 2
1099283 53 12 0
1099283 53 12 0
1099389 53 12 2
1099406 53 12 2
1099890 53 1 0
1099890 53 1 0
1099989 53 1 2
1099997 53 1 2
1100445 53 46 0
1100445 53 46 0
1100481 53 46 2
1100499 53 46 2
1100531 53 47 0
1100531 53 47 0
1100623 53 47 2
1100642 53 47 2
1100786 53 12 0
1100786 53 12 0
1100892 53 12 2
1100910 53 12 2
1101394 53 1 0
1101394 53 1 0
1101492 53 1 2
1101500 53 1 2
1101948 53 46 0
1101948 53 46 0
1101991 53 46 2
1101992 53 46 2
1102024 53 47 0
1102024 53 47 0
1102117 53 47 2
1102145 53 47 2
1102289 53 12 0
1102289 53 12 0
1102405 53 12 2
1102413 53 12 2
1102897 53 1 0
1102897 53 1 0
1102995 53 1 2
1103003 53 1 2
1103451 53 46 0
1103451 53 46 0
1103487 53 46 2
1103504 53 46 2
1103536 53 47 0
1103536 53 47 0
1103628 53 47 2
1103646 53 47 2
1103790 53 12 0
1103790 53 12 0
1103896 53 12 2
1103914 53 12 2
1104398 53 1 0
1104398 53 1 0
1104496 53 1 2
1104503 53 1 2
1104935 53 11 0
1104935 53 11 0
1105009 53 11 2
1105056 53 11 2
1105072 53 46 0
1105072 53 46 0
1105116 53 46 2
1105176 53 46 2
1105208 53 47 0
1105208 53 47 0
1105260 53 47 2
1105329 53 47 2
1105473 53 12 0
1105473 53 12 0
1105539 53 12 2
1105590 53 12 2
1106074 53 1 0
1106074 53 1 0
1106172 53 1 2
1106197 53 1 2
1106645 53 46 0
1106645 53 46 0
1106679 53 46 2
1106728 53 46 2
1106760 53 47 0
1106760 53 47 0
1106802 53 47 2
1106861 53 47 2
1107005 53 12 0
1107005 53 12 0
1107071 53 12 2
1107132 53 12 2
1107616 53 1 0
1107616 53 1 0
1107718 53 1 2
1107744 53 1 2
1108192 53 46 0
1108192 53 46 0
1108226 53 46 2
1108275 53 46 2
1108307 53 47 0
1108307 53 47 0
1108349 53 47 2
1108397 53 47 2
1108541 53 12 0
1108541 53 12 0
1108607 53 12 2
1108668 53 12 2
1109152 53 1 0
1109152 53 1 0
1109250 53 1 2
1109275 53 1 2
1109723 53 46 0
1109723 53 46 0
1109757 53 46 2
1109806 53 46 2
1109838 53 47 0
1109838 53 47 0
1109880 53 47 2
1109938 53 47 2
1110082 53 12 0
1110082 53 12 0
1110148 53 12 2
1110208 53 12 2
1110692 53 1 0
1110692 53 1 0
1110790 53 1 2
1110815 53 1 2
1111263 53 46 0
1111263 53 46 0
1111297 53 46 2
1111346 53 46 2
1111378 53 47 0
1111378 53 47 0
1111420 53 47 2
1111479 53 47 2
1111623 53 12 0
1111623 53 12 0
1111692 53 12 2
1111740 53 12 2
1112224 53 1 0
1112224 53 1 0
1112322 53 1 2
1112348 53 1 2
1112796 53 46 0
1112796 53 46 0
1112830 53 46 2
1112879 53 46 2
1112911 53 47 0
1112911 53 47 0
1112953 53 47 2
1113012 53 47 2
1113156 53 12 0
1113156 53 12 0
1113223 53 12 2
1113284 53 12 2
1113768 53 1 0
1113768 53 1 0
1113866 53 1 2
1113891 53 1 2
1114339 53 46 0
1114339 53 46 0
1114373 53 46 2
1114421 53 46 2
1114453 53 47 0
1114453 53 47 0
1114496 53 47 2
1114545 53 47 2
1114689 53 12 0
1114689 53 12 0
1114755 53 12 2
1114822 53 12 2
1115306 53 1 0
1115306 53 1 0
1115404 53 1 2
1115430 53 1 2
1115878 53 46 0
1115878 53 46 0
1115912 53 46 2
1115960 53 46 2
1115992 53 47 0
1115992 53 47 0
1116034 53 47 2
1116083 53 47 2
1116227 53 12 0
1116227 53 12 0
1116294 53 12 2
1116345 53 12 2
1116829 53 1 0
1116829 53 1 0
1116927 53 1 2
1116952 53 1 2
1117384 53 12 0
1117384 53 12 0
1117450 53 12 2
1117509 53 12 2
1117525 53 46 0
1117525 53 46 0
1117559 53 46 2
1117609 53 46 2
1117641 53 47 0
1117641 53 47 0
1117683 53 47 2
1117752 53 47 2
1117896 53 12 0
1117896 53 12 0
1117972 53 12 2
1118029 53 12 2
1118513 53 1 0
1118513 53 1 0
1118611 53 1 2
1118636 53 1 2
1119084 53 46 0
1119084 53 46 0
1119118 53 46 2
1119167 53 46 2
1119199 53 47 0
1119199 53 47 0
1119241 53 47 2
1119292 53 47 2
1119436 53 12 0
1119436 53 12 0
1119502 53 12 2
1119552 53 12 2
1120036 53 1 0
1120036 53 1 0
1120134 53 1 2
1120159 53 1 2
1120607 53 46 0
1120607 53 46 0
1120641 53 46 2
1120690 53 46 2
1120722 53 47 0
1120722 53 47 0
1120764 53 47 2
1120814 53 47 2
1120958 53 12 0
1120958 53 12 0
1121034 53 12 2
1121091 53 12 2
1121575 53 1 0
1121575 53 1 0
1121673 53 1 2
1121698 53 1 2
1122146 53 46 0
1122146 53 46 0
1122180 53 46 2
1122230 53 46 2
1122262 53 47 0
1122262 53 47 0
1122304 53 47 2
1122353 53 47 2
1122497 53 12 0
1122497 53 12 0
1122563 53 12 2
1122613 53 12 2
1123097 53 1 0
1123097 53 1 0
1123195 53 1 2
1123220 53 1 2
1123668 53 46 0
1123668 53 46 0
1123702 53 46 2
1123821 53 46 2
1123853 53 47 0
1123853 53 47 0
1123895 53 47 2
1123944 53 47 2
1124088 53 12 0
1124088 53 12 0
1124154 53 12 2
1124172 53 12 2
1124656 53 1 0
1124656 53 1 0
1124754 53 1 2
1124779 53 1 2
1125227 53 46 0
1125227 53 46 0
1125261 53 46 2
1125310 53 46 2
1125342 53 47 0
1125342 53 47 0
1125384 53 47 2
1125433 53 47 2
1125577 53 12 0
1125577 53 12 0
1125643 53 12 2
1125693 53 12 2
1126177 53 1 0
1126177 53 1 0
1126275 53 1 2
1126300 53 1 2
1126748 53 46 0
1126748 53 46 0
1126782 53 46 2
1126831 53 46 2
1126863 53 47 0
1126863 53 47 0
1126906 53 47 2
1126966 53 47 2
1127110 53 12 0
1127110 53 12 0
1127176 53 12 2
1127249 53 12 2
1127733 53 1 0
1127733 53 1 0
1127833 53 1 2
1127858 53 1 2
1128306 53 46 0
1128306 53 46 0
1128341 53 46 2
1128392 53 46 2
1128424 53 47 0
1128424 53 47 0
1128467 53 47 2
1128516 53 47 2
1128660 53 12 0
1128660 53 12 0
1128726 53 12 2
1128766 53 12 2
1129250 53 1 0
1129250 53 1 0
1129348 53 1 2
1129373 53 1 2
1129821 53 46 0
1129821 53 46 0
1129855 53 46 2
1129903 53 46 2
1129935 53 47 0
1129935 53 47 0
1129977 53 47 2
1130028 53 47 2
1130172 53 12 0
1130172 53 12 0
1130238 53 12 2
1130279 53 12 2
1130763 53 1 0
1130763 53 1 0
1130862 53 1 2
1130886 53 1 2
1131334 53 46 0
1131334 53 46 0
1131368 53 46 2
1131417 53 46 2
1131449 53 47 0
1131449 53 47 0
1131491 53 47 2
1131581 53 47 2
1131719 53 56 2
1131725 53 12 0
1131725 53 12 0
1131791 53 12 2
1131829 53 12 2
1131830 53 55 2
1131890 53 52 2
1132313 53 1 0
1132313 53 1 0
1132411 53 1 2
1132423 53 1 2
1132871 53 46 0
1132871 53 46 0
1132906 53 46 2
1132913 53 46 2
1132945 53 47 0
1132945 53 47 0
1132987 53 47 2
1133035 53 47 2
1133179 53 12 0
1133179 53 12 0
1133245 53 12 2
1133283 53 12 2
1133767 53 1 0
1133767 53 1 0
1133865 53 1 2
1133878 53 1 2
1134260 53 49 2
1134326 53 46 0
1134326 53 46 0
1134360 53 46 2
1134370 53 46 2
1134402 53 47 0
1134402 53 47 0
1134445 53 47 2
1134483 53 47 2
1134627 53 12 0
1134627 53 12 0
1134693 53 12 2
1134725 53 12 2
1135209 53 1 0
1135209 53 1 0
1135307 53 1 2
1135324 53 1 2
1135772 53 46 0
1135772 53 46 0
1135806 53 46 2
1135815 53 46 2
1135847 53 47 0
1135847 53 47 0
1135890 53 47 2
1135928 53 47 2
1136072 53 12 0
1136072 53 12 0
1136139 53 12 2
1136189 53 12 2
1136195 53 52 2
1136321 53 1 0
1136435 53 1 2
1136589 53 52 2
1136711 53 56 2
1136779 53 9 0
1136849 53 52 2
1136885 53 9 2
1137009 53 55 0
1137099 53 55 2
1137103 53 1 0
1137103 53 1 0
1137201 53 1 2
1137215 53 1 2
1137239 53 56 0
1137345 53 56 2
1137385 53 45 0
1137454 53 55 2
1137463 53 45 2
1137479 53 1 0
1137619 53 1 2
1137655 53 1 0
1137907 53 1 2
1137911 53 46 0
1137914 53 47 2
1137992 53 46 2
1138046 53 56 2
1138068 53 63 0
1138312 53 63 2
1138320 53 47 0
1138450 53 47 2
1138554 53 62 0
1138554 53 62 0
1138588 53 62 2
1138731 53 62 2
1139027 53 3 0
1139296 53 44 2
1147202 53 3 2
1147210 53 19 0
1147285 53 62 2
1147300 53 19 2
1147304 53 3 0
1149468 53 3 2
1150077 53 58 2
1150080 53 3 0
1152090 53 35 2
1152986 53 3 2
1155449 53 34 2
1159696 53 31 2
1160324 53 28 2
1164510 53 29 2
1165763 53 26 2
1169528 53 24 2
1169643 53 22 2
1171148 53 20 2
1172035 53 23 2
1175536 53 21 2
1177095 53 18 2
1182866 53 14 2
1184419 53 15 2
1188673 53 11 2
1190596 53 10 2
1192738 53 9 2
1192866 53 6 2
1195884 53 7 2
1196723 53 4 2
1205572 53 1 2
1212725 53 59 2
1214043 53 60 2
1219329 53 54 2
1219506 53 57 2
1220877 53 51 2
1222405 53 28 2
1222406 53 3 0
1223042 53 3 2
1223442 53 51 2
1224383 53 20 2
1224386 53 3 0
1225521 53 50 2
1226725 53 50 2
1227264 53 3 2
1227792 53 3 0
1227792 53 54 2
1238040 53 3 2
1238560 53 22 2
1238568 53 3 0
1239834 53 3 2
1240296 53 7 2
1240302 53 3 0
1244400 53 3 2
1991523 53 1 0
1992281 53 1 2
1992677 53 36 0
1992677 53 36 0
1992759 53 36 2
1993022 53 36 2
1993066 53 37 0
1993066 53 37 0
1993100 53 37 2
1993204 53 37 2
1993384 53 0 0
1993384 53 0 0
1993490 53 0 2
1993511 53 0 2
1993599 53 36 0
1993599 53 36 0
1993641 53 36 2
1994329 53 36 2
1994361 53 38 0
1994361 53 38 0
1994403 53 38 2
1994411 53 38 2
1994483 53 33 0
1994483 53 33 0
1994549 53 33 2
1994557 53 33 2
1994645 53 54 0
1994645 53 54 0
1994671 53 54 2
1994704 53 54 2
1994764 53 37 0
1994764 53 37 0
1994798 53 37 2
1994876 53 37 2
1995864 53 47 0
1995864 53 47 0
1995906 53 47 2
1995932 53 47 2
1996084 53 1 0
1996286 53 1 2
1996519 53 50 2
1996810 53 14 0
1996915 53 14 2
1996927 53 15 0
1996927 53 15 0
1996996 53 50 2
1997001 53 15 2
1997018 53 15 2
1997106 53 38 0
1997106 53 38 0
1997148 53 38 2
1997156 53 38 2
1997312 53 46 0
1997312 53 46 0
1997346 53 46 2
1997411 53 46 2
1997455 53 12 0
1997455 53 12 0
1997521 53 12 2
1997529 53 12 2
1997537 53 0 0
1997537 53 0 0
1997645 53 0 2
1997693 53 0 2
1997841 53 47 0
1997841 53 47 0
1997883 53 47 2
1997891 53 47 2
1997907 53 12 0
1998033 53 12 2
1998069 53 47 0
1998171 53 47 2
1998807 53 33 0
1998807 53 33 0
1998873 53 33 2
1998924 53 33 2
1999036 53 54 0
1999036 53 54 0
1999062 53 54 2
1999665 53 2 0
1999666 53 4 0
2000030 53 54 2
2000198 53 33 0
2000198 53 33 0
2000264 53 33 2
2000274 53 33 2
2000342 53 0 2
2000754 53 58 0
2000754 53 58 0
2000834 53 58 2
2000895 53 58 2
2000975 53 59 0
2000975 53 59 0
2001017 53 59 2
2001058 53 59 2
2001118 53 38 0
2001118 53 38 0
2001160 53 38 2
2001169 53 38 2
2004364 53 52 2
2004822 53 52 2
2004949 53 52 2
2005977 53 51 2
2006516 53 51 2
2006630 53 51 2
2968845 53 38 0
2968845 53 38 0
2971660 53 38 2
2972178 53 38 2
2972250 53 33 0
2972250 53 33 0
2972316 53 33 2
2972324 53 33 2
2973668 53 7 0
2974030 53 7 2
2974381 53 0 2
2974598 53 38 0
2974598 53 38 0
2974640 53 38 2
2975078 53 38 2
2975362 53 7 0
2977330 53 7 2
2978342 53 33 0
2978342 53 33 0
2978408 53 33 2
2978457 53 33 2
2978737 53 33 0
2978737 53 33 0
2978803 53 33 2
2978811 53 33 2
2979431 53 38 0
2979431 53 38 0
2979473 53 38 2
2979481 53 38 2
3945429 53 38 0
3945429 53 38 0
3946612 53 38 2
3949160 53 38 2
3949232 53 33 0
3949232 53 33 0
3949298 53 33 2
3949306 53 33 2
3951218 53 38 0
3951218 53 38 0
3951260 53 38 2
3952458 53 38 2
3953754 53 33 0
3953754 53 33 0
3953820 53 33 2
3953869 53 33 2
3954149 53 33 0
3954149 53 33 0
3954215 53 33 2
3954223 53 33 2
3954843 53 38 0
3954843 53 38 0
3954893 53 38 2
3954925 53 38 2
4921996 53 38 0
4921996 53 38 0
4924000 53 38 2
4924347 53 38 2
4924419 53 33 0
4924419 53 33 0
4924485 53 33 2
4924493 53 33 2
4926405 53 38 0
4926405 53 38 0
4926448 53 38 2
4927581 53 0 2
4927896 53 38 2
4928180 53 7 0
4930738 53 7 2
4931750 53 33 0
4931750 53 33 0
4931816 53 33 2
4931865 53 33 2
4932145 53 33 0
4932145 53 33 0
4932211 53 33 2
4932219 53 33 2
4932839 53 38 0
4932839 53 38 0
4932889 53 38 2
4932911 53 38 2
4941095 53 50 2
4941209 53 50 2
4941451 53 50 2
5898539 53 38 0
5898539 53 38 0
5902110 53 38 2
5902182 53 33 0
5902182 53 33 0
5902248 53 33 2
5902256 53 33 2
5903237 53 38 2
5904168 53 38 0
5904168 53 38 0
5904210 53 38 2
5905358 53 38 2
5905514 53 46 0
5905556 53 46 2
5905600 53 12 0
5905673 53 12 2
5905829 53 47 0
5905878 53 47 2
5906818 53 33 0
5906818 53 33 0
5906884 53 33 2
5906933 53 33 2
5907213 53 33 0
5907213 53 33 0
5907279 53 33 2
5907286 53 33 2
5907906 53 38 0
5907906 53 38 0
5907956 53 38 2
5908148 53 38 2
5932062 53 38 2
5932160 53 38 2
5932395 53 38 2
