0 15 51 0
4634 15 51 2
4638 15 22 0
5884 15 22 2
5896 15 1 0
6706 15 1 2
6726 15 24 0
6906 15 24 2
10685 15 63 1
10888 15 0 2
10977 15 63 2
20937 15 63 1
21148 15 2 2
21221 15 63 2
39699 15 63 1
39908 15 2 2
39981 15 63 2
40679 15 63 1
40888 15 2 2
40961 15 63 2
77987 15 63 1
78199 15 2 2
78273 15 63 2
118559 15 63 1
118764 15 2 2
118837 15 63 2
148247 15 63 1
148454 15 2 2
148527 15 63 2
157359 15 2 0
157360 15 63 1
157564 15 2 2
157637 15 63 2
166927 15 63 1
167134 15 2 2
167207 15 63 2
170659 15 63 1
170864 15 2 2
170937 15 63 2
171993 15 63 1
172204 15 2 2
172277 15 63 2
201631 15 2 0
201632 15 63 1
201834 15 2 2
201907 15 63 2
262131 15 63 1
262334 15 2 2
262407 15 63 2
327277 15 2 0
327278 15 63 1
327484 15 2 2
327557 15 63 2
328335 15 63 1
328544 15 2 2
328617 15 63 2
358439 15 63 1
358440 15 2 0
358644 15 2 2
358717 15 63 2
364437 15 2 0
364438 15 2 2
369933 15 63 1
370144 15 2 2
370217 15 63 2
377333 15 2 0
377334 15 63 1
377544 15 2 2
377617 15 63 2
390327 15 63 1
390534 15 2 2
390607 15 63 2
417369 15 2 0
417370 15 63 1
417574 15 2 2
417647 15 63 2
418704 15 2 0
418705 15 63 1
418914 15 2 2
418987 15 63 2
451787 15 63 1
451994 15 2 2
452067 15 63 2
503219 15 2 0
503220 15 2 2
508485 15 2 0
508486 15 2 2
508919 15 2 0
508920 15 2 2
516008 15 2 0
516009 15 2 2
555889 15 2 0
555890 15 2 2
556201 15 2 0
556202 15 2 2
567834 15 2 0
567835 15 2 2
568280 15 2 0
568281 15 2 2
573515 15 2 0
573516 15 2 2
575866 15 2 0
575867 15 2 2
579623 15 2 0
579624 15 2 2
581504 15 2 0
581505 15 2 2
602869 15 2 0
602870 15 2 2
603341 15 2 0
603342 15 2 2
616455 15 4 0
616959 15 4 2
617011 15 44 0
617739 15 44 2
617751 15 5 0
617833 15 5 2
617845 15 45 0
618139 15 45 2
618207 15 24 0
618321 15 24 2
618353 15 25 0
618459 15 25 2
618467 15 26 0
618564 15 26 2
618604 15 27 0
618694 15 27 2
618714 15 33 0
618870 15 33 2
618890 15 35 0
618999 15 35 2
619007 15 41 0
619423 15 41 2
619439 15 42 0
619729 15 42 2
619761 15 1 0
619851 15 1 2
619856 15 2 0
619887 15 36 0
619974 15 2 0
620095 15 36 2
620107 15 43 0
620248 15 2 0
620356 15 2 0
620404 15 43 2
620420 15 17 0
620457 15 2 0
620501 15 17 2
620577 15 2 0
620593 15 27 0
620691 15 27 2
620695 15 37 0
620704 15 2 0
620785 15 37 2
620796 15 2 0
620797 15 17 0
620899 15 17 2
620907 15 15 0
620916 15 2 0
620991 15 15 2
621031 15 16 0
621051 15 2 0
621150 15 16 2
621190 15 18 0
621192 15 2 0
621280 15 18 2
621304 15 61 0
621315 15 2 0
621439 15 61 2
621447 15 2 0
621451 15 54 0
621534 15 2 0
621637 15 2 0
621702 15 54 2
621722 15 8 0
621746 15 2 0
621812 15 8 2
621820 15 19 0
621830 15 2 0
621902 15 19 2
621906 15 35 0
621970 15 2 0
622092 15 2 0
622195 15 2 0
622202 15 35 2
622218 15 53 0
622293 15 2 0
622369 15 53 2
622376 15 2 0
622409 15 33 0
622474 15 2 0
622524 15 33 2
622536 15 36 0
622571 15 2 0
622698 15 36 2
622705 15 2 0
622718 15 40 0
622814 15 2 0
623030 15 40 2
623054 15 37 0
623059 15 2 0
623182 15 37 2
623197 15 2 0
623286 15 38 0
623303 15 2 0
623443 15 2 0
623549 15 2 0
623566 15 38 2
623570 15 40 0
623704 15 2 0
623819 15 2 0
623887 15 40 2
623911 15 8 0
623945 15 2 0
624010 15 8 2
624018 15 29 0
624064 15 2 0
624196 15 29 2
624201 15 2 0
624236 15 0 0
624338 15 2 0
624357 15 0 2
624369 15 38 0
624439 15 2 0
624533 15 38 2
624549 15 39 0
624560 15 2 0
624664 15 2 0
624799 15 2 0
624921 15 2 0
625062 15 2 0
625194 15 2 0
625302 15 2 0
625337 15 39 2
625341 15 39 0
625429 15 2 0
625560 15 2 0
625572 15 39 2
625628 15 36 0
625668 15 2 0
625763 15 36 2
625773 15 2 0
625795 15 38 0
625903 15 2 0
626031 15 2 0
626064 15 38 2
626080 15 51 0
626154 15 2 0
626272 15 2 0
626376 15 2 0
626477 15 2 0
626479 15 51 2
626535 15 31 0
626610 15 2 0
626739 15 2 0
626769 15 31 2
626777 15 52 0
626876 15 2 0
627017 15 2 0
627130 15 2 0
627154 15 52 2
627190 15 39 0
627246 15 2 0
627372 15 2 0
627470 15 39 2
627490 15 53 0
627532 15 2 0
627770 15 53 2
627794 15 54 0
628121 15 54 2
628137 15 11 0
628432 15 11 2
628444 15 56 0
628712 15 56 2
628716 15 12 0
628966 15 12 2
628974 15 57 0
629353 15 57 2
629357 15 2 0
629854 15 2 2
629906 15 37 0
630032 15 37 2
630048 15 40 0
630217 15 40 2
630273 15 58 0
630294 15 63 1
630514 15 54 2
630588 15 63 2
630609 15 58 2
630669 15 35 0
630882 15 35 2
630886 15 50 0
631615 15 50 2
631635 15 62 0
632423 15 62 2
632451 15 38 0
632788 15 38 2
632860 15 63 0
633105 15 63 2
633145 15 12 0
633458 15 12 2
633482 15 2 0
633610 15 2 2
633634 15 13 0
633895 15 13 2
633991 15 3 0
634104 15 3 2
634144 15 23 0
634283 15 23 2
634299 15 24 0
634419 15 24 2
634527 15 50 0
634700 15 63 1
634802 15 63 1
634846 15 50 2
634854 15 25 0
634904 15 0 2
634914 15 63 1
634985 15 25 2
634999 15 63 2
635000 15 63 1
635013 15 26 0
635014 15 26 2
635092 15 63 1
635095 15 63 2
635124 15 20 2
635131 15 26 2
635175 15 63 1
635181 15 63 2
635211 15 0 0
635234 15 6 2
635263 15 63 1
635275 15 63 2
635319 15 0 2
635327 15 3 0
635344 15 12 2
635352 15 63 1
635393 15 63 2
635413 15 63 1
635454 15 11 2
635461 15 63 1
635462 15 3 2
635506 15 4 0
635512 15 63 2
635553 15 63 1
635564 15 4 2
635621 15 63 2
635635 15 4 2
635674 15 23 2
635707 15 63 2
635718 15 63 1
635731 15 5 0
635784 15 44 2
635826 15 63 1
635866 15 63 2
635868 15 5 2
635908 15 15 0
635914 15 5 2
635917 15 63 1
635963 15 63 2
636024 15 13 2
636040 15 63 1
636065 15 63 2
636134 15 59 2
636160 15 63 1
636241 15 63 2
636244 15 29 2
636256 15 63 1
636301 15 63 2
636354 15 15 2
636369 15 15 2
636377 15 14 0
636378 15 63 2
636383 15 63 1
636464 15 10 2
636500 15 63 1
636529 15 63 2
636574 15 34 2
636663 15 63 2
636684 15 22 2
636725 15 63 2
636746 15 14 2
636758 15 50 0
636794 15 33 2
636843 15 63 1
636891 15 63 2
636904 15 35 2
636985 15 63 2
637054 15 44 2
637135 15 63 2
637225 15 50 2
637253 15 6 0
637259 15 63 1
637382 15 63 1
637460 15 63 1
637464 15 55 2
637529 15 63 2
637559 15 63 1
637584 15 1 2
637659 15 6 2
637665 15 63 2
637679 15 4 0
637692 15 63 1
637694 15 14 2
637727 15 63 2
637794 15 4 2
637802 15 8 0
637804 15 9 2
637878 15 63 2
637885 15 63 1
637904 15 8 2
637908 15 47 0
637914 15 52 2
638003 15 63 2
638025 15 63 1
638094 15 60 2
638116 15 63 1
638133 15 47 2
638141 15 49 0
638190 15 63 2
638234 15 19 2
638299 15 63 2
638303 15 49 2
638304 15 63 1
638319 15 11 0
638344 15 7 2
638376 15 63 2
638422 15 11 2
638458 15 5 0
638476 15 63 1
638524 15 56 2
638653 15 63 2
638664 15 5 2
638684 15 30 2
638688 15 37 0
638733 15 63 2
638739 15 63 1
638878 15 63 1
638944 15 46 2
638992 15 63 1
639009 15 63 2
639084 15 27 2
639120 15 37 2
639157 15 63 2
639169 15 63 1
639184 15 4 0
639194 15 21 2
639243 15 63 2
639281 15 63 1
639293 15 4 2
639297 15 1 0
639374 15 57 2
639409 15 1 2
639417 15 63 1
639437 15 27 0
639484 15 36 2
639495 15 63 2
639557 15 63 2
639565 15 63 1
639566 15 27 2
639574 15 2 0
639634 15 58 2
639674 15 2 2
639676 15 63 1
639686 15 11 0
639746 15 63 2
639768 15 11 2
639774 15 49 2
639776 15 7 0
639884 15 16 2
639887 15 63 2
639948 15 7 2
639968 15 3 0
639973 15 63 2
640052 15 63 1
640184 15 63 1
640254 15 51 2
640351 15 63 2
640355 15 3 2
640366 15 63 1
640394 15 40 2
640463 15 6 0
640484 15 63 1
640509 15 63 2
640574 15 53 2
640655 15 63 2
640694 15 45 2
640767 15 63 2
640820 15 63 1
641024 15 31 2
641045 15 63 1
641065 15 63 2
641168 15 63 1
641254 15 61 2
641343 15 63 2
641360 15 6 2
641374 15 39 2
641380 15 9 0
641423 15 63 2
641457 15 63 1
641494 15 9 2
641664 15 38 2
641666 15 8 0
641714 15 63 1
641721 15 63 2
641776 15 8 2
641788 15 11 0
641863 15 63 1
641924 15 63 2
641971 15 63 1
641997 15 63 2
642075 15 48 2
642089 15 63 1
642184 15 32 2
642196 15 63 2
642211 15 63 1
642266 15 11 2
642286 15 12 0
642290 15 63 2
642294 15 37 2
642360 15 63 2
642434 15 18 2
642507 15 63 2
642661 15 63 1
642682 15 12 2
642706 15 16 0
642768 15 63 1
642864 15 42 2
642891 15 63 1
642961 15 63 2
642974 15 17 2
643016 15 63 1
643055 15 63 2
643074 15 16 2
643082 15 13 0
643094 15 47 2
643150 15 63 2
643207 15 63 1
643224 15 2 2
643297 15 63 2
643331 15 13 2
643379 15 2 0
643414 15 50 2
643471 15 63 1
643493 15 2 2
643522 15 63 2
643525 15 40 0
643581 15 63 1
643674 15 54 2
643700 15 63 1
643747 15 63 2
643784 15 25 2
643873 15 63 2
643904 15 41 2
643912 15 63 1
644009 15 63 2
644184 15 24 2
644209 15 63 1
644281 15 63 2
644300 15 63 1
644320 15 40 2
644324 15 25 0
644414 15 62 2
644447 15 63 1
644449 15 25 2
644465 15 31 0
644495 15 63 2
644524 15 8 2
644558 15 63 1
644605 15 63 2
644654 15 43 2
644744 15 63 2
644764 15 28 2
644828 15 63 2
645064 15 63 1
645083 15 31 2
645119 15 33 0
645242 15 33 2
645246 15 36 0
645274 15 3 2
645339 15 63 2
645371 15 36 2
645379 15 4 0
645529 15 4 2
645621 15 5 0
645901 15 5 2
645933 15 34 0
646071 15 34 2
646091 15 35 0
646217 15 35 2
646241 15 32 0
646367 15 32 2
646435 15 17 0
646737 15 17 2
647033 15 38 0
647033 15 38 0
647083 15 38 2
647253 15 38 2
647261 15 27 0
647397 15 27 2
647417 15 35 0
647523 15 35 2
647579 15 28 0
647727 15 28 2
647795 15 3 0
647859 15 3 2
647863 15 46 0
648158 15 46 2
648178 15 4 0
648236 15 4 2
648268 15 0 0
648425 15 0 2
648429 15 29 0
648658 15 29 2
648802 15 47 0
649031 15 47 2
649103 15 30 0
649857 15 30 2
650209 15 31 0
650580 15 31 2
650584 15 44 0
650867 15 44 2
650875 15 43 0
651109 15 43 2
651241 15 32 0
651388 15 32 2
651460 15 33 0
651671 15 33 2
651719 15 33 0
651901 15 33 2
651909 15 27 0
651919 15 63 1
652072 15 27 2
652124 15 34 2
652176 15 54 0
652213 15 63 2
653390 15 54 2
653402 15 28 0
653448 15 63 1
653517 15 28 2
653533 15 40 0
653533 15 40 0
653639 15 40 2
653654 15 52 2
653743 15 63 2
653847 15 40 2
653855 15 56 0
654002 15 56 2
654018 15 41 0
654369 15 41 2
654469 15 41 0
654592 15 41 2
654632 15 40 0
654632 15 40 0
654738 15 40 2
654746 15 40 2
654754 15 61 0
655145 15 61 2
655149 15 39 0
655280 15 39 2
655292 15 7 0
655389 15 7 2
655449 15 8 0
655556 15 8 2
655588 15 63 0
655819 15 63 2
655927 15 0 0
656126 15 0 2
656154 15 57 0
656202 15 63 1
656302 15 57 2
656370 15 58 0
656405 15 16 2
656476 15 63 1
656496 15 63 2
656587 15 58 2
656671 15 46 0
656684 15 0 2
656804 15 46 2
656807 15 63 2
656816 15 59 0
656967 15 59 2
656999 15 32 0
657147 15 32 2
657155 15 50 0
657198 15 0 0
657327 15 50 2
657370 15 0 0
657403 15 60 0
657551 15 60 2
657559 15 62 0
657735 15 0 0
657761 15 62 2
657765 15 3 0
657845 15 0 0
657871 15 3 2
657883 15 5 0
658013 15 0 0
658017 15 5 2
658045 15 17 0
658153 15 17 2
658155 15 0 0
658173 15 6 0
658334 15 6 2
658426 15 11 0
658508 15 0 0
658632 15 0 0
658722 15 11 2
658730 15 10 0
658749 15 0 0
658812 15 10 2
658832 15 11 0
658868 15 0 0
658993 15 11 2
659001 15 6 0
659104 15 6 2
659140 15 36 0
659352 15 0 0
659443 15 36 2
659503 15 12 0
659524 15 0 0
659603 15 12 2
659611 15 0 0
659651 15 0 0
659719 15 0 2
659795 15 0 0
659843 15 15 0
659942 15 0 0
660033 15 15 2
660052 15 0 0
660153 15 7 0
660340 15 7 2
660344 15 0 0
660356 15 0 0
660608 15 0 2
660613 15 0 0
660754 15 0 0
660756 15 9 0
660884 15 9 2
660909 15 0 0
660916 15 8 0
661028 15 0 0
661064 15 8 2
661092 15 40 0
661092 15 40 0
661153 15 0 0
661198 15 40 2
661431 15 40 2
661443 15 41 0
661521 15 0 0
661702 15 0 0
661803 15 41 2
661857 15 0 0
661899 15 14 0
662008 15 14 2
662011 15 0 0
662234 15 0 0
662324 15 29 0
662355 15 0 0
662450 15 29 2
662490 15 30 0
662499 15 0 0
662615 15 30 2
662642 15 0 0
662659 15 17 0
662745 15 0 0
662771 15 17 2
662827 15 18 0
662944 15 18 2
662992 15 19 0
663120 15 0 0
663297 15 0 0
663303 15 19 2
663339 15 21 0
663462 15 0 0
663577 15 0 0
663727 15 0 0
663778 15 21 2
663810 15 22 0
663901 15 0 0
663967 15 22 2
664025 15 0 0
664123 15 4 0
664158 15 0 0
664231 15 4 2
664259 15 18 0
664337 15 0 0
664546 15 18 2
664559 15 0 0
664695 15 0 0
664718 15 61 0
664907 15 61 2
664979 15 54 0
665217 15 54 2
665227 15 0 0
665249 15 55 0
665391 15 0 0
665519 15 55 2
665534 15 0 0
665732 15 0 0
665747 15 40 0
665844 15 0 0
665878 15 40 2
665906 15 49 0
665957 15 0 0
666035 15 49 2
666047 15 51 0
666112 15 0 0
666169 15 51 2
666189 15 37 0
666261 15 0 0
666299 15 37 2
666303 15 20 0
666394 15 20 2
666410 15 3 0
666435 15 0 0
666560 15 0 0
666717 15 0 0
666730 15 3 2
666822 15 21 0
666857 15 0 0
666913 15 21 2
666921 15 56 0
666968 15 0 0
667089 15 56 2
667109 15 57 0
667150 15 0 0
667255 15 57 2
667343 15 58 0
667462 15 0 0
667541 15 58 2
667621 15 59 0
667628 15 0 0
667736 15 0 0
667782 15 59 2
667806 15 63 0
667862 15 0 0
667979 15 0 0
668091 15 63 2
668113 15 0 0
668175 15 33 0
668300 15 33 2
670215 15 63 1
670424 15 0 2
670516 15 63 2
670957 15 0 2
685172 15 2 0
685173 15 0 0
724043 15 2 0
724044 15 63 1
724255 15 2 2
724329 15 63 2
799449 15 2 0
799450 15 2 2
799981 15 2 0
799982 15 2 2
807999 15 2 0
808000 15 2 2
824308 15 2 0
824309 15 2 2
824723 15 2 0
824724 15 2 2
911240 15 63 1
911241 15 2 0
911443 15 2 2
911516 15 63 2
960402 15 2 2
960403 15 2 0
960778 15 2 0
960779 15 2 2
1002235 15 2 0
1002236 15 63 1
1002445 15 2 2
1002518 15 63 2
1026926 15 2 2
1027073 15 2 2
1027300 15 2 2
1129016 15 2 0
1129017 15 63 1
1129220 15 2 2
1129293 15 63 2
1132317 15 2 0
1132318 15 2 2
1135486 15 2 0
1135487 15 2 2
1143919 15 2 0
1143920 15 2 2
1159413 15 2 2
1159414 15 2 0
1160015 15 2 0
1160016 15 2 2
1183595 15 63 1
1183596 15 2 0
1183800 15 2 2
1183873 15 63 2
1233123 15 2 0
1233124 15 2 2
1279216 15 2 0
1279217 15 2 2
1331857 15 2 0
1331858 15 2 2
1336064 15 63 1
1336267 15 2 2
1336340 15 63 2
1441677 15 2 0
1441678 15 2 2
1452189 15 2 0
1452190 15 63 1
1452393 15 2 2
1452467 15 63 2
1475439 15 2 0
1475440 15 63 1
1475643 15 2 2
1475717 15 63 2
1516976 15 2 0
1516977 15 2 2
1534034 15 2 0
1534035 15 63 1
1534242 15 2 2
1534315 15 63 2
1537398 15 2 0
1537399 15 63 1
1537602 15 2 2
1537675 15 63 2
1550064 15 2 0
1550065 15 2 2
1575464 15 2 0
1575465 15 63 1
1575672 15 2 2
1575745 15 63 2
1582886 15 2 0
1582887 15 2 2
1585903 15 2 0
1585904 15 2 2
1586151 15 2 0
1586152 15 2 2
1589852 15 2 0
1589853 15 2 2
1594250 15 38 0
1594250 15 38 0
1594914 15 2 0
1594915 15 2 2
1596595 15 38 2
1598781 15 63 1
1598782 15 63 0
1598984 15 63 2
1599057 15 63 2
1600638 15 38 2
1600830 15 12 0
1600879 15 12 2
1600959 15 40 0
1600959 15 40 0
1601066 15 40 2
1601091 15 40 2
1602215 15 63 0
1602216 15 0 0
1602254 15 2 0
1602255 15 2 2
1602271 15 7 0
1602353 15 7 2
1603429 15 38 0
1603429 15 38 0
1603519 15 38 2
1603773 15 38 2
1603929 15 46 0
1603995 15 46 2
1604195 15 47 0
1604252 15 47 2
1605332 15 40 0
1605332 15 40 0
1605438 15 40 2
1605446 15 40 2
1605610 15 40 0
1605610 15 40 0
1605716 15 40 2
1605724 15 40 2
1607472 15 42 0
1607813 15 42 2
1608389 15 43 0
1608684 15 43 2
1609260 15 44 0
1609573 15 44 2
1610149 15 45 0
1610442 15 45 2
1611018 15 46 0
1611314 15 46 2
1611890 15 47 0
1612162 15 47 2
1612738 15 48 0
1612867 15 2 0
1612868 15 0 0
1613072 15 48 2
1613648 15 49 0
1614021 15 49 2
1614597 15 50 0
1614885 15 50 2
1615461 15 51 0
1615754 15 51 2
1616330 15 52 0
1616682 15 52 2
1617258 15 53 0
1617560 15 53 2
1618136 15 54 0
1618434 15 54 2
1619010 15 55 0
1619241 15 55 2
1619817 15 56 0
1619866 15 2 0
1619867 15 2 2
1620161 15 56 2
1620737 15 57 0
1621121 15 57 2
1621697 15 58 0
1621987 15 58 2
1622563 15 59 0
1622894 15 59 2
1623470 15 60 0
1623820 15 60 2
1624396 15 61 0
1624720 15 61 2
1625296 15 62 0
1625584 15 62 2
1626160 15 63 0
1626501 15 63 2
1627077 15 0 0
1627077 15 0 0
1627159 15 0 2
1627371 15 0 2
1627639 15 2 0
1627929 15 2 2
1627985 15 3 0
1628127 15 3 2
1628131 15 7 0
1628427 15 7 2
1628515 15 4 0
1628515 15 4 0
1628585 15 4 2
1628713 15 4 2
1629101 15 1 0
1629392 15 1 2
1629968 15 2 0
1630272 15 2 2
1630848 15 3 0
1631182 15 3 2
1631758 15 4 0
1632014 15 4 2
1632590 15 5 0
1632830 15 5 2
1633406 15 6 0
1633761 15 6 2
1633819 15 63 1
1634025 15 62 2
1634077 15 63 1
1634107 15 63 2
1634285 15 35 2
1634337 15 7 0
1634367 15 63 2
1634415 15 63 1
1634625 15 25 2
1634671 15 7 2
1634714 15 63 2
1634881 15 63 1
1635034 15 63 1
1635125 15 47 2
1635138 15 63 1
1635183 15 63 2
1635233 15 63 1
1635245 15 61 2
1635247 15 8 0
1635247 15 8 0
1635328 15 8 2
1635335 15 63 1
1635336 15 63 2
1635365 15 45 2
1635437 15 63 1
1635439 15 63 2
1635475 15 38 2
1635532 15 8 2
1635532 15 63 2
1635596 15 21 2
1635646 15 63 2
1635705 15 22 2
1635743 15 63 1
1635747 15 63 2
1635853 15 63 1
1635931 15 63 1
1635955 15 51 2
1636053 15 63 2
1636065 15 33 2
1636108 15 9 0
1636166 15 63 2
1636175 15 37 2
1636240 15 63 2
1636243 15 63 1
1636399 15 63 1
1636432 15 9 2
1636455 15 42 2
1636553 15 63 2
1636605 15 54 2
1636616 15 63 1
1636679 15 63 2
1636742 15 63 1
1636825 15 63 2
1636828 15 63 1
1636900 15 63 2
1636945 15 16 2
1636946 15 63 1
1637008 15 10 0
1637035 15 63 2
1637055 15 27 2
1637129 15 63 2
1637175 15 8 2
1637257 15 63 2
1637324 15 10 2
1637499 15 63 1
1637528 15 63 1
1637705 15 58 2
1637815 15 14 2
1637819 15 63 2
1637820 15 63 1
1637849 15 63 2
1637900 15 11 0
1637967 15 63 1
1638025 15 49 2
1638045 15 63 1
1638139 15 63 2
1638185 15 48 2
1638191 15 63 1
1638214 15 11 2
1638295 15 52 2
1638301 15 63 1
1638307 15 63 2
1638355 15 63 1
1638385 15 63 2
1638405 15 50 2
1638497 15 63 1
1638511 15 63 2
1638515 15 32 2
1638590 15 63 1
1638621 15 63 2
1638625 15 31 2
1638666 15 63 2
1638701 15 63 1
1638735 15 53 2
1638790 15 12 0
1638817 15 63 2
1638845 15 46 2
1638911 15 63 2
1638953 15 63 1
1638955 15 10 2
1639021 15 63 2
1639091 15 12 2
1639105 15 63 1
1639165 15 60 2
1639263 15 63 2
1639315 15 43 2
1639405 15 63 2
1639414 15 63 1
1639477 15 63 1
1639579 15 63 1
1639625 15 56 2
1639667 15 13 0
1639673 15 63 1
1639735 15 17 2
1639755 15 63 2
1639791 15 63 1
1639817 15 63 2
1639845 15 36 2
1639901 15 63 1
1639919 15 63 2
1639920 15 13 2
1639955 15 11 2
1640010 15 63 1
1640013 15 63 2
1640065 15 28 2
1640131 15 63 2
1640161 15 63 1
1640175 15 19 2
1640241 15 63 2
1640246 15 63 1
1640285 15 3 2
1640351 15 63 2
1640369 15 2 2
1640384 15 63 1
1640395 15 59 2
1640493 15 63 1
1640496 15 14 0
1640503 15 63 2
1640505 15 1 2
1640515 15 2 2
1640587 15 63 2
1640625 15 29 2
1640640 15 63 1
1640682 15 63 2
1640735 15 4 2
1640742 15 2 2
1640743 15 63 1
1640793 15 63 2
1640845 15 18 2
1640864 15 14 2
1640899 15 63 1
1640919 15 63 2
1640955 15 20 2
1641013 15 63 2
1641080 15 63 1
1641105 15 55 2
1641161 15 63 1
1641171 15 63 2
1641243 15 63 1
1641285 15 40 2
1641396 15 26 2
1641399 15 63 2
1641403 15 63 1
1641440 15 15 0
1641449 15 63 1
1641479 15 63 2
1641505 15 39 2
1641555 15 63 2
1641615 15 24 2
1641713 15 63 2
1641725 15 15 2
1641741 15 15 2
1641750 15 63 2
1641767 15 63 1
1641860 15 63 1
1641917 15 63 1
1641995 15 57 2
1642045 15 63 1
1642105 15 41 2
1642116 15 63 2
1642147 15 63 1
1642211 15 63 2
1642215 15 6 2
1642256 15 63 2
1642289 15 63 1
1642317 15 16 0
1642326 15 30 2
1642376 15 63 2
1642415 15 63 1
1642435 15 13 2
1642476 15 63 2
1642516 15 63 1
1642545 15 9 2
1642595 15 63 1
1642610 15 16 2
1642619 15 63 2
1642655 15 34 2
1642736 15 63 1
1642745 15 63 2
1642765 15 44 2
1642847 15 63 2
1642885 15 12 2
1642935 15 63 2
1643005 15 5 2
1643054 15 63 2
1643186 15 17 0
1643500 15 17 2
1643777 15 63 1
1643995 15 23 2
1643997 15 63 1
1644029 15 63 2
1644076 15 18 0
1644215 15 7 2
1644249 15 63 2
1644384 15 18 2
1644960 15 19 0
1645264 15 19 2
1645840 15 20 0
1646120 15 20 2
1646696 15 21 0
1646968 15 21 2
1647544 15 22 0
1647884 15 22 2
1648460 15 23 0
1648792 15 23 2
1649368 15 24 0
1649658 15 24 2
1650234 15 25 0
1650557 15 25 2
1651133 15 26 0
1651424 15 26 2
1652000 15 27 0
1652344 15 27 2
1652920 15 28 0
1653198 15 28 2
1653774 15 29 0
1654045 15 29 2
1654415 15 63 1
1654621 15 30 0
1654636 15 0 2
1654726 15 63 2
1654944 15 30 2
1655520 15 31 0
1655822 15 31 2
1656398 15 32 0
1656695 15 32 2
1657271 15 33 0
1657666 15 33 2
1658242 15 34 0
1658534 15 34 2
1659110 15 35 0
1659404 15 35 2
1659980 15 36 0
1660276 15 36 2
1660852 15 37 0
1661124 15 37 2
1661700 15 38 0
1661994 15 38 2
1662570 15 39 0
1662822 15 39 2
1663398 15 40 0
1663398 15 40 0
1663504 15 40 2
1663513 15 40 2
1677673 15 8 0
1677922 15 8 2
1709741 15 2 0
1711048 15 2 0
1711189 15 2 0
1711307 15 2 0
1711470 15 31 0
1711728 15 31 2
1711772 15 35 0
1712074 15 35 2
1712134 15 32 0
1712136 15 2 0
1712256 15 32 2
1712312 15 46 0
1712380 15 46 2
1712412 15 12 0
1712428 15 2 0
1712461 15 12 2
1712473 15 33 0
1712595 15 33 2
1712687 15 34 0
1712713 15 2 0
1712802 15 34 2
1712834 15 1 0
1712841 15 2 0
1712929 15 1 2
1712956 15 2 0
1712973 15 32 0
1713099 15 2 0
1713137 15 32 2
1713145 15 35 0
1713251 15 35 2
1713255 15 60 0
1713321 15 2 0
1713411 15 60 2
1713427 15 61 0
1713646 15 61 2
1713706 15 48 0
1713754 15 2 0
1714073 15 2 0
1714103 15 48 2
1714143 15 49 0
1714275 15 49 2
1714311 15 36 0
1714311 15 36 0
1714377 15 36 2
1714424 15 36 2
1714478 15 2 0
1714488 15 37 0
1714488 15 37 0
1714546 15 37 2
1714596 15 37 2
1714644 15 58 0
1714644 15 58 0
1714675 15 2 0
1714750 15 58 2
1714851 15 2 0
1715001 15 2 0
1715121 15 2 0
1715447 15 2 0
1715602 15 58 2
1715614 15 31 0
1715623 15 2 0
1715852 15 31 2
1715864 15 30 0
1715903 15 2 0
1716124 15 2 0
1716177 15 30 2
1716185 15 59 0
1716185 15 59 0
1716284 15 59 2
1716285 15 2 0
1716380 15 59 2
1716401 15 2 0
1716432 15 34 0
1716531 15 2 0
1716683 15 2 0
1716717 15 34 2
1716757 15 0 0
1716757 15 0 0
1716839 15 0 2
1717012 15 0 2
1717020 15 33 0
1717026 15 2 0
1717173 15 2 0
1717354 15 33 2
1717356 15 2 0
1717370 15 60 0
1717510 15 2 0
1717538 15 60 2
1717558 15 32 0
1717746 15 2 0
1717853 15 32 2
1717921 15 2 0
1717929 15 61 0
1718065 15 61 2
1718085 15 2 0
1718189 15 62 0
1718206 15 2 0
1718333 15 2 0
1718466 15 2 0
1718603 15 2 0
1718952 15 2 0
1719041 15 62 2
1719108 15 2 0
1719129 15 12 0
1719214 15 12 2
1719226 15 39 0
1719336 15 2 0
1719446 15 14 2
1719525 15 2 0
1719665 15 2 0
1719800 15 2 0
1719863 15 39 2
1719875 15 13 0
1719969 15 14 2
1719975 15 13 2
1719979 15 48 0
1720060 15 2 0
1720172 15 48 2
1720184 15 59 0
1720211 15 2 0
1720322 15 59 2
1720350 15 2 0
1720350 15 54 0
1720350 15 54 0
1720352 15 14 2
1720417 15 54 2
1720456 15 2 0
1720475 15 54 2
1720515 15 55 0
1720587 15 2 0
1720740 15 2 0
1720764 15 55 2
1720788 15 56 0
1720876 15 2 0
1721028 15 56 2
1721056 15 57 0
1721059 15 2 0
1721202 15 2 0
1721203 15 57 2
1721267 15 58 0
1721316 15 2 0
1721429 15 58 2
1721449 15 2 0
1721465 15 49 0
1721567 15 2 0
1721596 15 49 2
1721636 15 63 0
1721728 15 2 0
1721862 15 2 0
1721927 15 63 2
1721975 15 15 0
1721984 15 2 0
1722060 15 15 2
1722076 15 44 0
1722128 15 2 0
1722190 15 44 2
1722210 15 45 0
1722285 15 2 0
1722328 15 45 2
1722405 15 2 0
1722538 15 2 0
1722576 15 0 0
1722682 15 0 2
1722690 15 2 0
1722774 15 1 0
1722863 15 1 2
1722963 15 2 0
1723045 15 2 2
1723053 15 47 0
1723127 15 47 2
1723139 15 41 0
1723301 15 41 2
1723373 15 3 0
1723455 15 3 2
1723715 15 5 0
1723827 15 5 2
1723875 15 6 0
1724019 15 6 2
1724097 15 2 0
1724098 15 2 2
1724107 15 7 0
1724229 15 7 2
1724337 15 8 0
1724435 15 8 2
1724491 15 1 0
1724491 15 1 0
1724565 15 1 2
1724575 15 1 2
1725007 15 9 0
1725097 15 9 2
1725113 15 46 0
1725179 15 46 2
1725187 15 4 0
1725329 15 4 2
1725353 15 47 0
1725410 15 47 2
1725528 15 11 2
1725554 15 12 0
1725603 15 12 2
1725866 15 10 2
1725961 15 13 2
1725967 15 10 0
1726050 15 10 2
1726075 15 11 2
1726170 15 1 0
1726251 15 1 2
1726417 15 11 2
1726452 15 10 2
1726562 15 13 2
1726699 15 46 0
1726699 15 46 0
1726765 15 46 2
1726797 15 47 0
1726801 15 10 2
1726817 15 46 2
1726854 15 47 2
1726889 15 13 2
1726998 15 12 0
1727047 15 12 2
1727382 15 12 2
1727531 15 1 0
1727531 15 1 0
1727605 15 1 2
1727630 15 1 2
1727920 15 12 2
1728078 15 46 0
1728177 15 8 2
1728188 15 46 2
1728220 15 47 0
1728220 15 47 0
1728243 15 12 2
1728270 15 47 2
1728278 15 47 2
1728422 15 12 0
1728422 15 12 0
1728464 15 12 2
1728505 15 12 2
1728752 15 8 2
1728989 15 1 0
1728989 15 1 0
1729063 15 1 2
1729072 15 1 2
1729134 15 8 2
1729520 15 46 0
1729520 15 46 0
1729578 15 46 2
1729586 15 46 2
1729618 15 47 0
1729618 15 47 0
1729668 15 47 2
1729717 15 47 2
1729861 15 12 0
1729861 15 12 0
1729903 15 12 2
1729911 15 12 2
1730395 15 1 0
1730395 15 1 0
1730469 15 1 2
1730476 15 1 2
1730924 15 46 0
1730924 15 46 0
1730989 15 46 2
1730991 15 46 2
1731023 15 47 0
1731023 15 47 0
1731073 15 47 2
1731082 15 47 2
1731226 15 12 0
1731226 15 12 0
1731268 15 12 2
1731275 15 12 2
1731759 15 1 0
1731759 15 1 0
1731833 15 1 2
1731841 15 1 2
1732289 15 46 0
1732289 15 46 0
1732347 15 46 2
1732354 15 46 2
1732386 15 47 0
1732386 15 47 0
1732436 15 47 2
1732444 15 47 2
1732588 15 12 0
1732588 15 12 0
1732630 15 12 2
1732638 15 12 2
1733122 15 1 0
1733122 15 1 0
1733197 15 1 2
1733205 15 1 2
1733578 15 2 0
1733579 15 2 2
1733653 15 46 0
1733653 15 46 0
1733711 15 46 2
1733719 15 46 2
1733751 15 47 0
1733751 15 47 0
1733801 15 47 2
1733810 15 47 2
1733954 15 12 0
1733954 15 12 0
1733996 15 12 2
1734003 15 12 2
1734487 15 1 0
1734487 15 1 0
1734561 15 1 2
1734568 15 1 2
1735016 15 46 0
1735016 15 46 0
1735074 15 46 2
1735082 15 46 2
1735114 15 47 0
1735114 15 47 0
1735164 15 47 2
1735176 15 47 2
1735320 15 12 0
1735320 15 12 0
1735362 15 12 2
1735369 15 12 2
1735853 15 1 0
1735853 15 1 0
1735927 15 1 2
1735942 15 1 2
1736374 15 10 0
1736465 15 10 2
1736481 15 46 0
1736481 15 46 0
1736539 15 46 2
1736554 15 46 2
1736557 15 2 0
1736558 15 2 2
1736586 15 47 0
1736586 15 47 0
1736636 15 47 2
1736643 15 47 2
1736787 15 12 0
1736787 15 12 0
1736829 15 12 2
1736837 15 12 2
1737321 15 1 0
1737321 15 1 0
1737404 15 1 2
1737405 15 1 2
1737852 15 46 0
1737852 15 46 0
1737915 15 46 2
1737917 15 46 2
1737949 15 47 0
1737949 15 47 0
1737999 15 47 2
1738007 15 47 2
1738151 15 12 0
1738151 15 12 0
1738197 15 12 2
1738203 15 12 2
1738687 15 1 0
1738687 15 1 0
1738761 15 1 2
1738769 15 1 2
1739217 15 46 0
1739217 15 46 0
1739275 15 46 2
1739283 15 46 2
1739315 15 47 0
1739315 15 47 0
1739365 15 47 2
1739372 15 47 2
1739516 15 12 0
1739516 15 12 0
1739558 15 12 2
1739566 15 12 2
1740050 15 1 0
1740050 15 1 0
1740128 15 1 2
1740130 15 1 2
1740578 15 46 0
1740578 15 46 0
1740637 15 46 2
1740645 15 46 2
1740677 15 47 0
1740677 15 47 0
1740727 15 47 2
1740737 15 47 2
1740881 15 12 0
1740881 15 12 0
1740923 15 12 2
1740930 15 12 2
1741414 15 1 0
1741414 15 1 0
1741488 15 1 2
1741501 15 1 2
1741949 15 46 0
1741949 15 46 0
1741958 15 2 0
1741959 15 2 2
1742019 15 46 2
1742021 15 46 2
1742053 15 47 0
1742053 15 47 0
1742111 15 47 2
1742116 15 47 2
1742255 15 12 0
1742255 15 12 0
1742297 15 12 2
1742306 15 12 2
1742790 15 1 0
1742790 15 1 0
1742795 15 2 0
1742796 15 2 2
1742865 15 1 2
1742885 15 1 2
1743333 15 46 0
1743333 15 46 0
1743402 15 46 2
1743403 15 46 2
1743435 15 47 0
1743435 15 47 0
1743492 15 47 2
1743545 15 47 2
1743636 15 12 0
1743636 15 12 0
1743685 15 12 2
1743718 15 12 2
1744169 15 1 0
1744169 15 1 0
1744253 15 1 2
1744261 15 1 2
1744701 15 46 0
1744701 15 46 0
1744767 15 46 2
1744799 15 47 0
1744799 15 47 0
1744832 15 46 2
1744849 15 47 2
1744858 15 47 2
1745002 15 12 0
1745002 15 12 0
1745048 15 12 2
1745053 15 12 2
1745537 15 1 0
1745537 15 1 0
1745612 15 1 2
1745617 15 1 2
1746065 15 46 0
1746065 15 46 0
1746128 15 46 2
1746130 15 46 2
1746162 15 47 0
1746162 15 47 0
1746212 15 47 2
1746220 15 47 2
1746364 15 12 0
1746364 15 12 0
1746406 15 12 2
1746414 15 12 2
1746898 15 1 0
1746898 15 1 0
1746972 15 1 2
1746981 15 1 2
1747413 15 11 0
1747413 15 11 0
1747463 15 11 2
1747512 15 11 2
1747528 15 46 0
1747528 15 46 0
1747586 15 46 2
1747594 15 46 2
1747626 15 47 0
1747626 15 47 0
1747676 15 47 2
1747684 15 47 2
1747828 15 12 0
1747828 15 12 0
1747871 15 12 2
1747876 15 12 2
1748360 15 1 0
1748360 15 1 0
1748434 15 1 2
1748442 15 1 2
1748890 15 46 0
1748890 15 46 0
1748948 15 46 2
1748956 15 46 2
1748988 15 47 0
1748988 15 47 0
1749038 15 47 2
1749052 15 47 2
1749196 15 12 0
1749196 15 12 0
1749238 15 12 2
1749249 15 12 2
1749733 15 1 0
1749733 15 1 0
1749807 15 1 2
1749817 15 1 2
1749819 15 2 0
1749820 15 2 2
1750265 15 46 0
1750265 15 46 0
1750323 15 46 2
1750331 15 46 2
1750363 15 47 0
1750363 15 47 0
1750413 15 47 2
1750422 15 47 2
1750566 15 12 0
1750566 15 12 0
1750609 15 12 2
1750615 15 12 2
1751099 15 1 0
1751099 15 1 0
1751173 15 1 2
1751181 15 1 2
1751629 15 46 0
1751629 15 46 0
1751688 15 46 2
1751700 15 46 2
1751732 15 47 0
1751732 15 47 0
1751782 15 47 2
1751790 15 47 2
1751934 15 12 0
1751934 15 12 0
1751976 15 12 2
1751985 15 12 2
1752469 15 1 0
1752469 15 1 0
1752543 15 1 2
1752551 15 1 2
1752999 15 46 0
1752999 15 46 0
1753057 15 46 2
1753065 15 46 2
1753097 15 47 0
1753097 15 47 0
1753147 15 47 2
1753155 15 47 2
1753299 15 12 0
1753299 15 12 0
1753342 15 12 2
1753347 15 12 2
1753831 15 1 0
1753831 15 1 0
1753905 15 1 2
1753914 15 1 2
1754362 15 46 0
1754362 15 46 0
1754420 15 46 2
1754439 15 46 2
1754471 15 47 0
1754471 15 47 0
1754521 15 47 2
1754581 15 47 2
1754725 15 12 0
1754725 15 12 0
1754767 15 12 2
1754774 15 12 2
1755258 15 1 0
1755258 15 1 0
1755333 15 1 2
1755347 15 1 2
1755795 15 46 0
1755795 15 46 0
1755853 15 46 2
1755866 15 46 2
1755898 15 47 0
1755898 15 47 0
1755948 15 47 2
1755996 15 47 2
1756140 15 12 0
1756140 15 12 0
1756184 15 12 2
1756192 15 12 2
1756676 15 1 0
1756676 15 1 0
1756750 15 1 2
1756759 15 1 2
1757207 15 46 0
1757207 15 46 0
1757265 15 46 2
1757292 15 46 2
1757324 15 47 0
1757324 15 47 0
1757374 15 47 2
1757432 15 47 2
1757576 15 12 0
1757576 15 12 0
1757618 15 12 2
1757626 15 12 2
1758110 15 1 0
1758110 15 1 0
1758184 15 1 2
1758192 15 1 2
1758207 15 11 2
1758624 15 12 0
1758624 15 12 0
1758666 15 12 2
1758674 15 12 2
1758690 15 46 0
1758690 15 46 0
1758748 15 46 2
1758755 15 46 2
1758787 15 47 0
1758787 15 47 0
1758838 15 47 2
1758874 15 47 2
1758939 15 10 2
1759018 15 12 0
1759018 15 12 0
1759023 15 13 2
1759068 15 12 2
1759090 15 12 2
1759552 15 1 0
1759552 15 1 0
1759626 15 1 2
1759635 15 1 2
1759781 15 2 0
1759782 15 2 2
1760083 15 46 0
1760083 15 46 0
1760141 15 46 2
1760169 15 46 2
1760201 15 47 0
1760201 15 47 0
1760252 15 47 2
1760309 15 47 2
1760453 15 12 0
1760453 15 12 0
1760495 15 12 2
1760503 15 12 2
1760987 15 1 0
1760987 15 1 0
1761061 15 1 2
1761071 15 1 2
1761519 15 46 0
1761519 15 46 0
1761577 15 46 2
1761606 15 46 2
1761638 15 47 0
1761638 15 47 0
1761689 15 47 2
1761736 15 47 2
1761880 15 12 0
1761880 15 12 0
1761922 15 12 2
1761930 15 12 2
1762414 15 1 0
1762414 15 1 0
1762488 15 1 2
1762495 15 1 2
1762943 15 46 0
1762943 15 46 0
1763001 15 46 2
1763029 15 46 2
1763061 15 47 0
1763061 15 47 0
1763111 15 47 2
1763168 15 47 2
1763312 15 12 0
1763312 15 12 0
1763354 15 12 2
1763361 15 12 2
1763845 15 1 0
1763845 15 1 0
1763919 15 1 2
1763927 15 1 2
1764375 15 46 0
1764375 15 46 0
1764433 15 46 2
1764441 15 46 2
1764473 15 47 0
1764473 15 47 0
1764528 15 47 2
1764531 15 47 2
1764675 15 12 0
1764675 15 12 0
1764717 15 12 2
1764725 15 12 2
1765209 15 1 0
1765209 15 1 0
1765283 15 1 2
1765291 15 1 2
1765739 15 46 0
1765739 15 46 0
1765797 15 46 2
1765805 15 46 2
1765837 15 47 0
1765837 15 47 0
1765887 15 47 2
1765895 15 47 2
1766039 15 12 0
1766039 15 12 0
1766081 15 12 2
1766088 15 12 2
1766487 15 11 2
1766572 15 1 0
1766572 15 1 0
1766647 15 1 2
1766655 15 1 2
1767103 15 46 0
1767103 15 46 0
1767161 15 46 2
1767169 15 46 2
1767201 15 47 0
1767201 15 47 0
1767255 15 47 2
1767257 15 47 2
1767322 15 10 2
1767401 15 12 0
1767401 15 12 0
1767409 15 13 2
1767451 15 12 2
1767474 15 12 2
1767935 15 1 0
1767935 15 1 0
1768009 15 1 2
1768017 15 1 2
1768465 15 46 0
1768465 15 46 0
1768523 15 46 2
1768538 15 46 2
1768570 15 47 0
1768570 15 47 0
1768622 15 47 2
1768630 15 47 2
1768774 15 12 0
1768774 15 12 0
1768816 15 12 2
1768824 15 12 2
1769260 15 11 2
1769308 15 1 0
1769308 15 1 0
1769382 15 1 2
1769390 15 1 2
1769822 15 13 0
1769912 15 13 2
1769928 15 46 0
1769928 15 46 0
1769986 15 46 2
1769993 15 46 2
1770025 15 47 0
1770025 15 47 0
1770075 15 47 2
1770083 15 47 2
1770125 15 10 2
1770203 15 13 2
1770227 15 12 0
1770227 15 12 0
1770270 15 12 2
1770278 15 12 2
1770762 15 1 0
1770762 15 1 0
1770836 15 1 2
1770844 15 1 2
1771292 15 46 0
1771292 15 46 0
1771351 15 46 2
1771360 15 46 2
1771392 15 47 0
1771392 15 47 0
1771443 15 47 2
1771451 15 47 2
1771595 15 12 0
1771595 15 12 0
1771638 15 12 2
1771646 15 12 2
1772130 15 1 0
1772130 15 1 0
1772206 15 1 2
1772215 15 1 2
1772663 15 46 0
1772663 15 46 0
1772726 15 46 2
1772730 15 46 2
1772762 15 47 0
1772762 15 47 0
1772812 15 47 2
1772823 15 47 2
1772967 15 12 0
1772967 15 12 0
1773009 15 12 2
1773016 15 12 2
1773500 15 1 0
1773500 15 1 0
1773574 15 1 2
1773582 15 1 2
1774030 15 46 0
1774030 15 46 0
1774088 15 46 2
1774096 15 46 2
1774128 15 47 0
1774128 15 47 0
1774178 15 47 2
1774189 15 47 2
1774333 15 12 0
1774333 15 12 0
1774375 15 12 2
1774383 15 12 2
1774867 15 1 0
1774867 15 1 0
1774941 15 1 2
1774951 15 1 2
1775399 15 46 0
1775399 15 46 0
1775457 15 46 2
1775466 15 46 2
1775498 15 47 0
1775498 15 47 0
1775548 15 47 2
1775555 15 47 2
1775699 15 12 0
1775699 15 12 0
1775744 15 12 2
1775749 15 12 2
1776233 15 1 0
1776233 15 1 0
1776307 15 1 2
1776316 15 1 2
1776764 15 46 0
1776764 15 46 0
1776822 15 46 2
1776835 15 46 2
1776867 15 47 0
1776867 15 47 0
1776918 15 47 2
1776926 15 47 2
1777070 15 12 0
1777070 15 12 0
1777112 15 12 2
1777120 15 12 2
1777604 15 1 0
1777604 15 1 0
1777678 15 1 2
1777690 15 1 2
1778138 15 46 0
1778138 15 46 0
1778196 15 46 2
1778207 15 46 2
1778239 15 47 0
1778239 15 47 0
1778289 15 47 2
1778297 15 47 2
1778441 15 12 0
1778441 15 12 0
1778483 15 12 2
1778492 15 12 2
1778976 15 1 0
1778976 15 1 0
1779051 15 1 2
1779058 15 1 2
1779506 15 46 0
1779506 15 46 0
1779564 15 46 2
1779571 15 46 2
1779603 15 47 0
1779603 15 47 0
1779653 15 47 2
1779662 15 47 2
1779806 15 12 0
1779806 15 12 0
1779848 15 12 2
1779856 15 12 2
1780340 15 1 0
1780340 15 1 0
1780414 15 1 2
1780422 15 1 2
1780854 15 14 0
1780968 15 14 2
1780984 15 46 0
1780984 15 46 0
1781046 15 46 2
1781048 15 46 2
1781080 15 47 0
1781080 15 47 0
1781130 15 47 2
1781139 15 47 2
1781283 15 12 0
1781283 15 12 0
1781325 15 12 2
1781334 15 12 2
1781818 15 1 0
1781818 15 1 0
1781893 15 1 2
1781905 15 1 2
1782353 15 46 0
1782353 15 46 0
1782411 15 46 2
1782438 15 46 2
1782470 15 47 0
1782470 15 47 0
1782520 15 47 2
1782528 15 47 2
1782578 15 2 0
1782579 15 2 2
1782672 15 12 0
1782672 15 12 0
1782714 15 12 2
1782721 15 12 2
1783205 15 1 0
1783205 15 1 0
1783279 15 1 2
1783288 15 1 2
1783736 15 46 0
1783736 15 46 0
1783802 15 46 2
1783804 15 46 2
1783836 15 47 0
1783836 15 47 0
1783886 15 47 2
1783893 15 47 2
1784037 15 12 0
1784037 15 12 0
1784079 15 12 2
1784087 15 12 2
1784571 15 1 0
1784571 15 1 0
1784645 15 1 2
1784652 15 1 2
1785100 15 46 0
1785100 15 46 0
1785158 15 46 2
1785167 15 46 2
1785199 15 47 0
1785199 15 47 0
1785250 15 47 2
1785262 15 47 2
1785406 15 12 0
1785406 15 12 0
1785448 15 12 2
1785458 15 12 2
1785942 15 1 0
1785942 15 1 0
1786016 15 1 2
1786024 15 1 2
1786472 15 46 0
1786472 15 46 0
1786531 15 46 2
1786539 15 46 2
1786571 15 47 0
1786571 15 47 0
1786621 15 47 2
1786629 15 47 2
1786773 15 12 0
1786773 15 12 0
1786815 15 12 2
1786822 15 12 2
1787306 15 1 0
1787306 15 1 0
1787380 15 1 2
1787389 15 1 2
1787837 15 46 0
1787837 15 46 0
1787895 15 46 2
1787903 15 46 2
1787935 15 47 0
1787935 15 47 0
1787985 15 47 2
1787992 15 47 2
1788136 15 12 0
1788136 15 12 0
1788179 15 12 2
1788188 15 12 2
1788672 15 1 0
1788672 15 1 0
1788758 15 1 2
1788761 15 1 2
1789206 15 46 0
1789206 15 46 0
1789265 15 46 2
1789276 15 46 2
1789308 15 47 0
1789308 15 47 0
1789358 15 47 2
1789366 15 47 2
1789510 15 12 0
1789510 15 12 0
1789552 15 12 2
1789595 15 12 2
1790079 15 1 0
1790079 15 1 0
1790154 15 1 2
1790162 15 1 2
1790610 15 46 0
1790610 15 46 0
1790680 15 46 2
1790737 15 46 2
1790769 15 47 0
1790769 15 47 0
1790819 15 47 2
1790827 15 47 2
1790971 15 12 0
1790971 15 12 0
1791013 15 12 2
1791022 15 12 2
1791410 15 1 0
1791410 15 1 0
1791484 15 1 2
1791492 15 1 2
1791924 15 7 0
1791957 15 7 2
1791973 15 46 0
1791973 15 46 0
1792031 15 46 2
1792090 15 46 2
1792122 15 47 0
1792122 15 47 0
1792172 15 47 2
1792237 15 47 2
1792381 15 12 0
1792381 15 12 0
1792423 15 12 2
1792463 15 12 2
1792947 15 1 0
1792947 15 1 0
1793021 15 1 2
1793031 15 1 2
1793479 15 46 0
1793479 15 46 0
1793537 15 46 2
1793545 15 46 2
1793577 15 47 0
1793577 15 47 0
1793629 15 47 2
1793636 15 47 2
1793780 15 12 0
1793780 15 12 0
1793833 15 12 2
1793834 15 12 2
1794317 15 1 0
1794317 15 1 0
1794391 15 1 2
1794399 15 1 2
1794847 15 46 0
1794847 15 46 0
1794905 15 46 2
1794920 15 46 2
1794952 15 47 0
1794952 15 47 0
1795002 15 47 2
1795010 15 47 2
1795154 15 5 0
1795237 15 5 2
1795245 15 61 0
1795245 15 61 0
1795327 15 61 2
1795335 15 61 2
1795343 15 29 0
1795604 15 29 2
1795620 15 62 0
1795620 15 62 0
1795696 15 62 2
1795704 15 62 2
1795980 15 63 0
1795980 15 63 0
1796046 15 63 2
1796111 15 63 2
1796535 15 12 0
1796535 15 12 0
1796579 15 12 2
1796597 15 12 2
1797037 15 11 0
1797140 15 11 2
1797352 15 1 0
1797352 15 1 0
1797427 15 1 2
1797432 15 1 2
1797880 15 46 0
1797880 15 46 0
1797942 15 46 2
1797944 15 46 2
1797976 15 47 0
1797976 15 47 0
1798026 15 47 2
1798033 15 47 2
1798177 15 12 0
1798177 15 12 0
1798219 15 12 2
1798226 15 12 2
1798378 15 11 2
1798710 15 1 0
1798710 15 1 0
1798784 15 1 2
1798792 15 1 2
1799240 15 46 0
1799240 15 46 0
1799298 15 46 2
1799306 15 46 2
1799338 15 47 0
1799338 15 47 0
1799388 15 47 2
1799395 15 47 2
1799539 15 12 0
1799539 15 12 0
1799581 15 12 2
1799589 15 12 2
1800073 15 1 0
1800073 15 1 0
1800148 15 1 2
1800153 15 1 2
1800601 15 46 0
1800601 15 46 0
1800659 15 46 2
1800667 15 46 2
1800699 15 47 0
1800699 15 47 0
1800749 15 47 2
1800757 15 47 2
1800901 15 12 0
1800901 15 12 0
1800943 15 12 2
1800950 15 12 2
1801434 15 1 0
1801434 15 1 0
1801508 15 1 2
1801516 15 1 2
1801964 15 46 0
1801964 15 46 0
1802022 15 46 2
1802033 15 46 2
1802065 15 47 0
1802065 15 47 0
1802115 15 47 2
1802124 15 47 2
1802268 15 12 0
1802317 15 12 2
1802801 15 1 0
1802801 15 1 0
1802875 15 1 2
1802883 15 1 2
1803331 15 46 0
1803331 15 46 0
1803389 15 46 2
1803397 15 46 2
1803429 15 47 0
1803429 15 47 0
1803479 15 47 2
1803487 15 47 2
1803631 15 12 0
1803631 15 12 0
1803673 15 12 2
1803681 15 12 2
1804165 15 1 0
1804165 15 1 0
1804239 15 1 2
1804247 15 1 2
1804695 15 46 0
1804695 15 46 0
1804753 15 46 2
1804760 15 46 2
1804792 15 47 0
1804792 15 47 0
1804842 15 47 2
1804850 15 47 2
1804994 15 12 0
1804994 15 12 0
1805036 15 12 2
1805043 15 12 2
1805527 15 1 0
1805527 15 1 0
1805601 15 1 2
1805608 15 1 2
1806056 15 46 0
1806056 15 46 0
1806115 15 46 2
1806123 15 46 2
1806155 15 47 0
1806155 15 47 0
1806205 15 47 2
1806213 15 47 2
1806357 15 12 0
1806357 15 12 0
1806399 15 12 2
1806407 15 12 2
1806891 15 1 0
1806891 15 1 0
1806965 15 1 2
1806972 15 1 2
1807420 15 46 0
1807420 15 46 0
1807478 15 46 2
1807486 15 46 2
1807518 15 47 0
1807518 15 47 0
1807568 15 47 2
1807581 15 47 2
1807725 15 12 0
1807725 15 12 0
1807767 15 12 2
1807774 15 12 2
1808258 15 1 0
1808258 15 1 0
1808333 15 1 2
1808346 15 1 2
1808794 15 46 0
1808794 15 46 0
1808852 15 46 2
1808860 15 46 2
1808892 15 47 0
1808892 15 47 0
1808942 15 47 2
1808950 15 47 2
1809094 15 12 0
1809094 15 12 0
1809136 15 12 2
1809145 15 12 2
1809629 15 1 0
1809629 15 1 0
1809643 15 2 0
1809644 15 2 2
1809703 15 1 2
1809713 15 1 2
1810021 15 2 0
1810023 15 2 2
1810161 15 46 0
1810161 15 46 0
1810219 15 46 2
1810227 15 46 2
1810259 15 47 0
1810259 15 47 0
1810309 15 47 2
1810321 15 47 2
1810384 15 10 2
1810465 15 12 0
1810465 15 12 0
1810507 15 12 2
1810515 15 12 2
1810999 15 1 0
1810999 15 1 0
1811074 15 1 2
1811084 15 1 2
1811180 15 11 2
1811532 15 46 0
1811532 15 46 0
1811590 15 46 2
1811604 15 46 2
1811636 15 47 0
1811636 15 47 0
1811686 15 47 2
1811695 15 47 2
1811839 15 12 0
1811839 15 12 0
1811882 15 12 2
1811893 15 12 2
1812377 15 1 0
1812485 15 1 2
1812933 15 46 0
1812933 15 46 0
1812991 15 46 2
1813000 15 46 2
1813032 15 47 0
1813032 15 47 0
1813082 15 47 2
1813089 15 47 2
1813233 15 12 0
1813233 15 12 0
1813275 15 12 2
1813282 15 12 2
1813719 15 12 2
1813758 15 9 0
1814034 15 9 2
1814158 15 55 0
1814304 15 55 2
1814308 15 1 0
1814410 15 1 2
1814434 15 56 0
1814572 15 56 2
1814592 15 45 0
1814706 15 45 2
1814762 15 46 0
1814861 15 46 2
1814907 15 13 2
1814937 15 63 0
1815372 15 63 2
1815380 15 47 0
1815498 15 47 2
1815602 15 62 0
1815602 15 62 0
1815676 15 62 2
1815686 15 62 2
1815982 15 3 0
1817457 15 3 2
1817465 15 19 0
1817516 15 45 2
1817539 15 19 2
1817543 15 3 0
1821978 15 3 2
1822435 15 28 2
1822446 15 3 0
1832160 15 3 2
1842069 15 2 0
1842070 15 2 2
1860964 15 2 2
1941533 15 2 0
1941534 15 2 2
1943500 15 2 0
1943501 15 2 2
1946096 15 2 0
1946097 15 2 2
1954735 15 2 0
1954736 15 2 2
1969925 15 2 0
1969926 15 2 2
1970330 15 2 0
1970331 15 2 2
1983779 15 2 0
1983780 15 2 2
2010319 15 2 0
2010320 15 2 2
2036294 15 2 0
2036295 15 2 2
2046658 15 2 0
2046659 15 2 2
2055873 15 2 0
2055874 15 63 1
2056085 15 2 2
2056159 15 63 2
2079193 15 2 0
2079194 15 63 1
2079405 15 2 2
2079479 15 63 2
2111559 15 2 0
2111560 15 63 1
2111764 15 2 2
2111837 15 63 2
2140225 15 2 0
2140226 15 2 2
2140947 15 2 0
2140948 15 2 2
2148251 15 2 0
2148252 15 63 1
2148454 15 2 2
2148527 15 63 2
2150537 15 2 0
2150538 15 63 1
2150744 15 2 2
2150817 15 63 2
2169037 15 2 0
2169038 15 2 2
2570028 15 1 0
2570246 15 63 0
2570247 15 63 2
2570681 15 2 0
2570682 15 2 2
2570989 15 1 2
2571385 15 36 0
2571385 15 36 0
2571616 15 36 2
2571621 15 36 2
2571660 15 37 0
2571660 15 37 0
2571718 15 37 2
2571951 15 37 2
2572083 15 8 0
2572083 15 8 0
2572157 15 8 2
2572165 15 8 2
2572213 15 0 0
2572213 15 0 0
2572296 15 0 2
2572352 15 0 2
2572440 15 36 0
2572440 15 36 0
2572546 15 36 2
2573868 15 35 0
2573869 15 35 2
2573992 15 21 0
2573993 15 35 0
2574165 15 36 2
2574197 15 38 0
2574197 15 38 0
2574247 15 38 2
2574318 15 63 0
2574319 15 35 0
2574631 15 38 2
2574791 15 54 0
2574791 15 54 0
2574857 15 54 2
2574936 15 59 0
2574937 15 35 0
2574948 15 54 2
2575008 15 37 0
2575008 15 37 0
2575066 15 37 2
2575077 15 16 0
2575078 15 35 0
2575198 15 52 0
2575199 15 35 0
2575329 15 25 0
2575330 15 35 0
2575414 15 37 2
2575430 15 40 0
2575430 15 40 0
2575536 15 40 2
2575561 15 40 2
2575571 15 38 0
2575572 15 35 0
2575961 15 47 0
2575962 15 35 0
2576130 15 50 0
2576131 15 35 0
2576269 15 9 0
2576270 15 35 0
2576380 15 12 0
2576381 15 35 0
2576489 15 13 0
2576490 15 35 0
2576533 15 47 0
2576533 15 47 0
2576583 15 47 2
2576632 15 47 2
2576656 15 11 0
2576656 15 11 0
2576706 15 11 2
2576746 15 11 2
2576853 15 34 0
2576854 15 35 0
2576874 15 1 0
2576874 15 1 0
2576948 15 1 2
2576965 15 1 2
2577057 15 10 0
2577058 15 35 0
2577201 15 35 0
2577202 15 0 0
2577387 15 35 0
2577388 15 17 0
2577489 15 14 0
2577511 15 3 0
2577512 15 35 0
2577579 15 14 2
2577591 15 15 0
2577591 15 15 0
2577600 15 15 0
2577609 15 15 2
2577611 15 35 0
2577669 15 21 0
2577670 15 0 0
2577692 15 15 2
2577719 15 35 0
2577778 15 29 0
2577780 15 38 0
2577780 15 38 0
2577830 15 38 2
2577859 15 36 0
2577860 15 35 0
2577885 15 13 2
2577969 15 35 0
2577970 15 5 0
2578088 15 11 0
2578089 15 35 0
2578108 15 63 0
2578149 15 0 0
2578239 15 35 0
2578306 15 0 0
2578374 15 35 0
2578381 15 13 2
2578403 15 24 0
2578514 15 12 2
2578518 15 56 0
2578519 15 35 0
2578520 15 13 2
2578661 15 1 0
2578662 15 35 0
2578786 15 58 0
2578787 15 35 0
2578925 15 41 0
2578926 15 35 0
2578965 15 12 2
2579056 15 33 0
2579057 15 35 0
2579195 15 8 0
2579196 15 35 0
2579314 15 4 0
2579315 15 35 0
2579373 15 38 2
2579437 15 18 0
2579438 15 35 0
2579529 15 46 0
2579529 15 46 0
2579534 15 46 0
2579545 15 35 0
2579587 15 46 2
2579646 15 46 2
2579649 15 43 0
2579650 15 35 0
2579690 15 12 0
2579690 15 12 0
2579732 15 12 2
2579740 15 12 2
2579748 15 0 0
2579748 15 0 0
2579749 15 6 0
2579750 15 35 0
2579830 15 0 2
2579843 15 14 0
2579848 15 0 2
2579854 15 35 0
2579931 15 31 0
2579952 15 35 0
2579996 15 47 0
2579996 15 47 0
2580047 15 47 2
2580050 15 20 0
2580051 15 35 0
2580053 15 47 2
2580069 15 12 0
2580161 15 12 2
2580172 15 51 0
2580173 15 35 0
2580197 15 47 0
2580267 15 7 0
2580288 15 35 0
2580317 15 47 2
2580407 15 49 0
2580408 15 35 0
2580522 15 19 0
2580533 15 35 0
2580614 15 30 0
2580625 15 35 0
2580756 15 32 0
2580757 15 35 0
2580834 15 14 2
2580859 15 39 0
2580880 15 35 0
2580982 15 35 0
2580983 15 57 0
2581065 15 54 0
2581065 15 54 0
2581099 15 44 0
2581120 15 35 0
2581131 15 54 2
2581140 15 54 2
2581168 15 40 0
2581168 15 40 0
2581190 15 45 0
2581221 15 35 0
2581274 15 40 2
2581283 15 40 2
2581330 15 40 0
2581331 15 35 0
2581343 15 14 2
2581447 15 40 0
2581447 15 40 0
2581454 15 42 0
2581455 15 35 0
2581484 15 14 2
2581553 15 40 2
2581561 15 40 2
2581564 15 28 0
2581565 15 35 0
2581648 15 23 0
2581659 15 35 0
2581756 15 61 0
2581757 15 35 0
2581866 15 60 0
2581877 15 35 0
2581995 15 26 0
2581996 15 35 0
2582017 15 58 0
2582017 15 58 0
2582080 15 55 0
2582099 15 35 0
2582123 15 58 2
2582141 15 58 2
2582179 15 62 0
2582209 15 0 2
2582210 15 35 0
2582221 15 59 0
2582221 15 59 0
2582320 15 59 2
2582337 15 59 2
2582362 15 2 0
2582363 15 35 0
2582397 15 38 0
2582397 15 38 0
2582413 15 53 0
2582447 15 38 2
2582454 15 38 2
2582472 15 35 0
2582512 15 37 0
2582583 15 35 0
2582606 15 54 0
2582677 15 35 0
2582726 15 27 0
2582787 15 35 0
2582871 15 48 0
2582882 15 35 0
2590529 15 2 0
2590530 15 2 2
2602871 15 2 0
2602872 15 2 2
2759510 15 2 0
2759511 15 2 2
2768215 15 2 0
2768216 15 63 1
2768427 15 2 2
2768501 15 63 2
2791545 15 2 0
2791546 15 63 1
2791757 15 2 2
2791831 15 63 2
3546808 15 21 0
3546809 15 21 2
3546853 15 35 0
3546859 15 63 2
3546934 15 35 2
3546938 15 63 0
3547009 15 2 0
3547020 15 2 2
3547328 15 38 0
3547328 15 38 0
3547652 15 38 2
3549580 15 38 2
3549816 15 40 0
3549816 15 40 0
3549922 15 40 2
3549948 15 40 2
3551048 15 2 0
3551049 15 2 2
3551128 15 7 0
3551243 15 7 2
3551811 15 38 0
3551811 15 38 0
3551861 15 38 2
3552996 15 38 2
3553285 15 21 0
3553286 15 21 2
3554180 15 40 0
3554180 15 40 0
3554286 15 40 2
3554294 15 40 2
3554458 15 40 0
3554458 15 40 0
3554564 15 40 2
3554572 15 40 2
3555166 15 2 0
3555167 15 2 2
3555168 15 38 0
3555168 15 38 0
3555228 15 38 2
3555341 15 38 2
3555886 15 21 0
3555887 15 21 2
3556801 15 63 0
3556802 15 63 2
3557377 15 35 0
3557378 15 35 2
3559478 15 63 0
3559479 15 63 2
3559980 15 35 0
3559981 15 35 2
4523361 15 21 0
4523362 15 21 2
4523406 15 35 0
4523412 15 63 2
4523481 15 63 0
4523487 15 35 2
4523548 15 2 0
4523569 15 2 2
4523931 15 38 0
4523931 15 38 0
4525667 15 38 2
4527223 15 2 0
4527224 15 2 2
4528260 15 38 2
4528496 15 40 0
4528496 15 40 0
4528602 15 40 2
4528629 15 40 2
4529186 15 0 2
4529809 15 7 0
4530335 15 7 2
4530755 15 2 0
4530756 15 2 2
4530903 15 38 0
4530903 15 38 0
4530953 15 38 2
4531716 15 38 2
4532333 15 35 0
4532334 15 35 2
4532900 15 40 0
4532900 15 40 0
4533006 15 40 2
4533014 15 40 2
4533178 15 40 0
4533178 15 40 0
4533284 15 40 2
4533292 15 40 2
4533586 15 21 0
4533587 15 21 2
4533888 15 38 0
4533888 15 38 0
4533946 15 38 2
4533988 15 38 2
4535080 15 63 0
4535081 15 63 2
4535306 15 35 0
4535307 15 35 2
4536177 15 21 2
4536178 15 21 0
4537697 15 63 0
4537698 15 63 2
4577424 15 2 0
4577425 15 2 2
4849837 15 2 0
4849838 15 2 2
4867017 15 2 0
4867018 15 63 1
4867228 15 2 2
4867301 15 63 2
4896060 15 2 0
4896061 15 2 2
4898850 15 2 0
4898851 15 2 2
5409174 15 2 0
5409175 15 63 1
5409386 15 2 2
5409460 15 63 2
5432514 15 2 0
5432515 15 63 1
5432726 15 2 2
5432800 15 63 2
5460765 15 2 0
5460766 15 2 2
5499934 15 21 0
5499935 15 21 2
5499979 15 35 0
5499985 15 63 2
5500054 15 63 0
5500060 15 35 2
5500125 15 2 0
5500144 15 2 2
5500510 15 38 0
5500510 15 38 0
5502638 15 38 2
5503392 15 38 2
5503628 15 40 0
5503628 15 40 0
5503734 15 40 2
5503759 15 40 2
5503932 15 2 0
5503933 15 2 2
5505507 15 38 0
5505507 15 38 0
5505557 15 38 2
5505586 15 2 0
5505587 15 2 2
5505598 15 35 0
5505669 15 35 2
5505811 15 21 0
5505812 15 21 2
5506240 15 38 2
5507424 15 40 0
5507424 15 40 0
5507531 15 40 2
5507536 15 40 2
5507700 15 40 0
5507700 15 40 0
5507806 15 40 2
5507814 15 40 2
5507895 15 63 0
5507896 15 63 2
5508410 15 38 0
5508410 15 38 0
5508468 15 38 2
5508550 15 38 2
5508942 15 35 0
5508943 15 35 2
5510332 15 21 0
5510333 15 21 2
5510870 15 63 0
5510871 15 63 2
5512414 15 2 0
5512415 15 2 2
5618702 15 2 0
5618703 15 2 2
6249340 15 63 1
6249341 15 2 0
6249552 15 2 2
6249626 15 63 2
6272750 15 63 1
6272751 15 2 0
6272962 15 2 2
6273036 15 63 2
6476486 15 21 0
6476487 15 21 2
6476531 15 35 0
6476537 15 63 2
6476606 15 63 0
6476612 15 35 2
6476679 15 2 0
6476700 15 2 2
6477038 15 38 0
6477038 15 38 0
6477764 15 38 2
6478939 15 38 2
6479175 15 40 0
6479175 15 40 0
6479281 15 40 2
6479306 15 40 2
6480873 15 2 0
6480874 15 2 2
6481054 15 38 0
6481054 15 38 0
6481104 15 38 2
6481257 15 38 2
6482399 15 0 2
6482441 15 40 0
6482441 15 40 0
6482547 15 40 2
6482555 15 40 2
6482719 15 40 0
6482719 15 40 0
6482825 15 40 2
6482833 15 40 2
6483429 15 38 0
6483429 15 38 0
6483486 15 38 2
6484060 15 38 2
6487294 15 2 0
6487295 15 2 2
6488344 15 21 0
6488345 15 21 2
6488887 15 63 0
6488888 15 63 2
6489010 15 35 0
6489011 15 35 2
6490905 15 21 0
6490906 15 21 2
6491505 15 63 0
6491506 15 63 2
6491633 15 35 0
6491634 15 35 2
