0 5 51 0
4530 5 51 2
4534 5 22 0
5770 5 22 2
5782 5 1 0
6584 5 1 2
6604 5 24 0
6776 5 24 2
12457 5 7 1
12636 5 0 2
12701 5 7 2
13277 5 7 1
13456 5 0 2
13521 5 7 2
15263 5 7 1
15436 5 2 2
15485 5 7 2
29417 5 7 1
29596 5 2 2
29645 5 7 2
29929 5 7 1
30106 5 2 2
30155 5 7 2
63343 5 7 1
63516 5 2 2
63565 5 7 2
73328 5 7 1
73506 5 2 2
73555 5 7 2
135525 5 7 1
135700 5 2 2
135749 5 7 2
167813 5 7 1
167990 5 2 2
168039 5 7 2
171337 5 7 1
171510 5 2 2
171559 5 7 2
182417 5 7 1
182590 5 2 2
182639 5 7 2
201923 5 7 1
202100 5 2 2
202149 5 7 2
206345 5 0 0
220909 5 7 1
221080 5 2 2
221129 5 7 2
242557 5 2 0
242558 5 7 1
242740 5 2 2
242789 5 7 2
247929 5 7 1
248100 5 2 2
248149 5 7 2
289631 5 7 1
289632 5 2 0
289810 5 2 2
289859 5 7 2
290599 5 7 1
290770 5 2 2
290819 5 7 2
298417 5 7 1
298590 5 2 2
298639 5 7 2
366627 5 2 0
366628 5 7 1
366800 5 2 2
366849 5 7 2
441887 5 7 1
442060 5 2 2
442109 5 7 2
457347 5 2 0
457348 5 7 1
457520 5 2 2
457569 5 7 2
507775 5 2 0
507776 5 2 2
508699 5 2 0
508700 5 2 2
510979 5 2 0
510980 5 2 2
526605 5 2 0
526606 5 2 2
541314 5 2 0
541315 5 2 2
578508 5 2 0
578509 5 2 2
616455 5 4 0
616812 5 4 2
616864 5 44 0
616876 5 2 0
617010 5 2 0
617096 5 2 0
617214 5 2 0
617316 5 2 0
617514 5 44 2
617526 5 5 0
617535 5 2 0
617584 5 5 2
617596 5 45 0
617662 5 2 0
617772 5 2 0
617875 5 45 2
617882 5 2 0
617943 5 24 0
617975 5 2 0
618041 5 24 2
618044 5 2 2
618045 5 2 0
618073 5 25 0
618110 5 2 0
618163 5 25 2
618171 5 26 0
618226 5 2 0
618253 5 26 2
618293 5 27 0
618314 5 2 0
618433 5 2 0
618457 5 27 2
618477 5 33 0
618545 5 2 0
618659 5 2 0
618755 5 33 2
618762 5 2 0
618775 5 35 0
618844 5 2 0
618866 5 35 2
618874 5 41 0
618926 5 2 0
619020 5 2 0
619105 5 2 0
619188 5 2 0
619306 5 2 0
619307 5 41 2
619323 5 42 0
619407 5 2 0
619524 5 2 0
619615 5 42 2
619647 5 1 0
619661 5 2 0
619718 5 1 2
619754 5 36 0
619760 5 2 0
619843 5 36 2
619855 5 43 0
619885 5 2 0
619990 5 2 0
620116 5 2 0
620170 5 43 2
620186 5 17 0
620226 5 2 0
620259 5 17 2
620351 5 27 0
620357 5 2 0
620454 5 27 2
620458 5 37 0
620470 5 2 0
620581 5 37 2
620592 5 2 0
620593 5 17 0
620675 5 17 2
620683 5 15 0
620702 5 2 0
620769 5 15 2
620809 5 16 0
620863 5 2 0
620902 5 16 2
620942 5 18 0
620986 5 2 0
621016 5 18 2
621040 5 61 0
621077 5 2 0
621153 5 61 2
621165 5 54 0
621200 5 2 0
621302 5 2 0
621388 5 2 0
621447 5 54 2
621467 5 7 0
621509 5 7 2
621517 5 19 0
621519 5 2 0
621584 5 19 2
621588 5 35 0
621637 5 2 0
621746 5 2 0
621840 5 2 0
621888 5 35 2
621904 5 53 0
621963 5 2 0
622067 5 2 0
622107 5 53 2
622147 5 33 0
622178 5 2 0
622245 5 33 2
622257 5 36 0
622273 5 2 0
622365 5 2 0
622470 5 36 2
622472 5 2 0
622490 5 40 0
622591 5 2 0
622707 5 2 0
622792 5 2 0
622797 5 40 2
622821 5 37 0
622919 5 2 0
622933 5 37 2
623026 5 2 0
623037 5 38 0
623147 5 2 0
623183 5 38 2
623187 5 30 0
623287 5 2 0
623431 5 2 0
623480 5 30 2
623504 5 8 0
623528 5 2 0
623586 5 8 2
623594 5 29 0
623607 5 2 0
623710 5 29 2
623723 5 2 0
623750 5 0 0
623832 5 0 2
623833 5 2 0
623844 5 38 0
624001 5 7 1
624018 5 38 2
624034 5 39 0
624177 5 44 2
624250 5 7 2
624550 5 39 2
624554 5 39 0
624825 5 39 2
624881 5 36 0
624989 5 36 2
625021 5 38 0
625265 5 38 2
625281 5 51 0
625471 5 51 2
625527 5 37 0
625796 5 37 2
625804 5 52 0
626148 5 52 2
626184 5 45 0
626463 5 45 2
626483 5 53 0
626839 5 53 2
626863 5 54 0
627166 5 54 2
627182 5 11 0
627468 5 11 2
627480 5 56 0
627624 5 56 2
627628 5 12 0
627871 5 12 2
627879 5 57 0
628259 5 57 2
628263 5 2 0
628543 5 2 2
628595 5 37 0
628920 5 37 2
628936 5 40 0
629160 5 40 2
629216 5 58 0
629820 5 58 2
629880 5 35 0
630076 5 35 2
630080 5 50 0
630552 5 50 2
630572 5 62 0
631190 5 62 2
631218 5 38 0
631512 5 38 2
631584 5 63 0
631817 5 63 2
631857 5 12 0
632132 5 12 2
632156 5 2 0
632231 5 2 2
632255 5 13 0
632491 5 13 2
632587 5 3 0
632671 5 3 2
632711 5 23 0
633128 5 23 2
633144 5 24 0
633255 5 24 2
633363 5 40 0
633663 5 40 2
633671 5 25 0
633780 5 25 2
633808 5 26 0
633965 5 26 2
634045 5 0 0
634118 5 0 2
634126 5 3 0
634275 5 3 2
634319 5 4 0
634391 5 7 1
634577 5 0 2
634653 5 7 2
634654 5 0 0
634764 5 0 0
634874 5 0 0
634918 5 7 1
634964 5 0 0
634983 5 4 2
635050 5 0 0
635079 5 5 0
635097 5 34 2
635135 5 0 0
635177 5 7 2
635216 5 0 0
635328 5 0 0
635400 5 5 2
635419 5 0 0
635440 5 15 0
635544 5 0 0
635675 5 0 0
635792 5 0 0
635897 5 0 0
635942 5 15 2
635950 5 14 0
636006 5 0 0
636122 5 0 0
636225 5 0 0
636251 5 14 2
636263 5 50 0
636349 5 0 0
636466 5 50 2
636494 5 6 0
636600 5 6 2
636620 5 4 0
636681 5 0 0
636697 5 4 2
636705 5 8 0
636787 5 8 2
636791 5 47 0
637091 5 0 0
637236 5 0 0
637335 5 0 0
637366 5 7 1
637426 5 0 0
637516 5 0 0
637577 5 0 2
637654 5 7 2
637657 5 0 0
637693 5 0 0
637741 5 0 0
637842 5 0 0
637846 5 0 0
637927 5 0 0
637988 5 0 0
638038 5 0 0
638118 5 0 0
638133 5 0 0
638237 5 0 0
638327 5 0 0
638329 5 0 0
638476 5 0 0
638572 5 0 0
638579 5 0 0
638689 5 0 0
638710 5 0 0
638817 5 0 0
638844 5 0 0
638947 5 0 0
638953 5 0 0
639081 5 0 0
639132 5 0 0
639241 5 0 0
639322 5 0 0
639353 5 47 2
639361 5 49 0
639383 5 0 0
639463 5 0 0
639490 5 49 2
639506 5 11 0
639524 5 0 0
639568 5 0 0
639596 5 11 2
639632 5 5 0
639681 5 0 0
639746 5 5 2
639770 5 37 0
639873 5 0 0
639906 5 0 0
640018 5 0 0
640057 5 37 2
640087 5 0 0
640121 5 4 0
640200 5 0 0
640226 5 0 0
640229 5 4 2
640233 5 1 0
640326 5 0 0
640329 5 1 2
640357 5 27 0
640480 5 0 0
640563 5 27 2
640571 5 2 0
640632 5 0 0
640640 5 0 0
640655 5 2 2
640667 5 11 0
640734 5 11 2
640742 5 7 0
640847 5 0 0
640862 5 0 0
640885 5 7 2
640905 5 3 0
640963 5 0 0
641009 5 0 0
641029 5 3 2
641137 5 6 0
641191 5 0 0
641290 5 0 0
641323 5 0 0
641421 5 0 0
641508 5 0 0
641523 5 0 0
641680 5 6 2
641691 5 0 0
641700 5 9 0
641796 5 9 2
641797 5 0 0
641821 5 0 0
641914 5 0 0
641936 5 0 0
641968 5 8 0
642014 5 0 0
642059 5 8 2
642071 5 11 0
642078 5 0 0
642151 5 0 0
642165 5 11 2
642185 5 12 0
642215 5 0 0
642241 5 0 0
642366 5 0 0
642503 5 2 0
642506 5 0 0
642578 5 12 2
642602 5 16 0
642621 5 0 0
642643 5 0 0
642732 5 0 0
642793 5 0 0
642864 5 0 0
642917 5 0 0
642959 5 16 2
642967 5 13 0
642973 5 0 0
643091 5 0 0
643239 5 0 0
643282 5 0 0
643367 5 0 0
643437 5 0 0
643540 5 0 0
643641 5 0 0
643659 5 0 0
643697 5 0 0
643698 5 7 1
643804 5 0 0
643877 5 0 0
643877 5 0 2
644006 5 0 0
644019 5 7 2
644020 5 0 0
644097 5 0 0
644166 5 13 2
644174 5 0 0
644200 5 0 0
644214 5 2 0
644257 5 0 0
644293 5 2 2
644325 5 40 0
644346 5 0 0
644409 5 0 0
644445 5 40 2
644449 5 25 0
644476 5 0 0
644478 5 0 0
644557 5 25 2
644573 5 31 0
644610 5 0 0
644613 5 0 0
644729 5 0 0
644787 5 0 0
644844 5 0 0
644895 5 0 0
644914 5 0 0
644940 5 0 0
645004 5 2 0
645065 5 0 0
645081 5 0 0
645165 5 0 0
645213 5 0 0
645220 5 31 2
645256 5 33 0
645342 5 0 0
645367 5 33 2
645371 5 36 0
645502 5 36 2
645510 5 4 0
645596 5 0 0
645624 5 0 0
645634 5 4 2
645717 5 0 0
645726 5 5 0
645812 5 0 0
645843 5 0 0
645923 5 0 0
646045 5 0 0
646048 5 0 0
646117 5 5 2
646136 5 0 0
646149 5 34 0
646200 5 0 0
646276 5 0 0
646299 5 0 0
646318 5 34 2
646338 5 35 0
646360 5 0 0
646398 5 0 0
646482 5 35 2
646506 5 32 0
646517 5 0 0
646556 5 0 0
646615 5 32 2
646683 5 17 0
646750 5 0 0
646799 5 0 0
646886 5 0 0
646985 5 17 2
646988 5 0 0
647101 5 0 0
647222 5 0 0
647281 5 38 0
647281 5 38 0
647299 5 0 0
647339 5 38 2
647463 5 0 0
647486 5 38 2
647494 5 27 0
647611 5 0 0
647633 5 27 2
647653 5 35 0
647742 5 35 2
647743 5 0 0
647798 5 28 0
647862 5 0 0
647956 5 0 0
648022 5 28 2
648067 5 0 0
648090 5 3 0
648133 5 3 2
648137 5 46 0
648187 5 0 0
648302 5 0 0
648432 5 46 2
648437 5 0 0
648452 5 4 0
648484 5 4 2
648516 5 0 0
648581 5 0 0
648623 5 0 2
648627 5 29 0
648821 5 0 0
648885 5 29 2
648959 5 0 0
649029 5 47 0
649064 5 0 0
649184 5 0 0
649282 5 47 2
649332 5 0 0
649354 5 30 0
649463 5 0 0
649473 5 30 2
649593 5 0 0
649725 5 0 0
649825 5 31 0
649857 5 0 0
650048 5 0 0
650194 5 0 0
650302 5 31 2
650306 5 44 0
650348 5 0 0
650487 5 0 0
650597 5 0 0
650608 5 44 2
650616 5 43 0
650721 5 0 0
650850 5 43 2
650869 5 0 0
650982 5 32 0
651014 5 0 0
651138 5 32 2
651142 5 0 0
651210 5 33 0
651231 5 0 0
651436 5 0 0
651443 5 33 2
651491 5 33 0
651611 5 0 0
651683 5 33 2
651691 5 27 0
651721 5 0 0
651831 5 27 2
651860 5 0 0
651935 5 54 0
651968 5 0 0
652109 5 0 0
652241 5 0 0
652376 5 54 2
652388 5 28 0
652390 5 0 0
652496 5 28 2
652512 5 46 0
652575 5 0 0
652691 5 0 0
652747 5 2 0
652778 5 0 0
652890 5 46 2
652898 5 56 0
653058 5 56 2
653074 5 47 0
653432 5 47 2
653532 5 41 0
653639 5 41 2
653687 5 61 0
653870 5 61 2
653874 5 39 0
653900 5 7 1
654026 5 39 2
654038 5 7 0
654077 5 55 2
654135 5 7 2
654166 5 7 2
654195 5 8 0
654277 5 8 2
654309 5 63 0
654441 5 0 0
654442 5 7 1
654617 5 0 2
654658 5 63 2
654686 5 7 2
654766 5 0 0
654858 5 0 2
654886 5 57 0
655103 5 57 2
655171 5 58 0
655302 5 58 2
655355 5 0 0
655386 5 46 0
655386 5 46 0
655452 5 46 2
655599 5 0 0
655684 5 46 2
655696 5 59 0
655891 5 0 0
655900 5 59 2
655932 5 32 0
656021 5 0 0
656058 5 32 2
656066 5 50 0
656084 5 7 1
656133 5 0 0
656207 5 50 2
656249 5 0 0
656257 5 1 2
656283 5 60 0
656314 5 7 2
656433 5 0 0
656566 5 60 2
656574 5 62 0
656776 5 0 0
656829 5 62 2
656833 5 3 0
656928 5 3 2
656940 5 5 0
656949 5 0 0
657025 5 5 2
657053 5 17 0
657074 5 7 1
657114 5 0 0
657160 5 17 2
657180 5 6 0
657326 5 0 0
657331 5 6 2
657337 5 19 2
657394 5 7 2
657423 5 11 0
657457 5 0 0
657642 5 0 0
657708 5 11 2
657716 5 10 0
657782 5 10 2
657798 5 0 0
657802 5 11 0
657888 5 11 2
657896 5 6 0
657924 5 0 0
657961 5 6 2
657997 5 36 0
658043 5 0 0
658231 5 0 0
658328 5 36 2
658383 5 0 0
658388 5 12 0
658471 5 12 2
658479 5 0 0
658554 5 0 2
658631 5 0 0
658678 5 15 0
658811 5 0 0
658838 5 15 2
658958 5 7 0
658970 5 0 0
659080 5 7 2
659096 5 0 0
659112 5 0 0
659179 5 7 1
659357 5 0 0
659358 5 37 2
659415 5 7 2
659461 5 0 2
659509 5 0 0
659609 5 9 0
659646 5 0 0
659704 5 9 2
659736 5 8 0
659785 5 0 0
659832 5 8 2
659860 5 40 0
659860 5 40 0
659958 5 40 2
659979 5 0 0
660094 5 0 0
660163 5 40 2
660175 5 41 0
660307 5 0 0
660442 5 0 0
660521 5 41 2
660581 5 0 0
660617 5 14 0
660743 5 14 2
660964 5 0 0
661059 5 29 0
661104 5 0 0
661188 5 29 2
661222 5 0 0
661228 5 30 0
661427 5 0 0
661559 5 0 0
661566 5 30 2
661610 5 17 0
661752 5 17 2
661767 5 0 0
661808 5 18 0
661881 5 0 0
661899 5 18 2
661947 5 19 0
662051 5 0 0
662199 5 0 0
662234 5 19 2
662270 5 21 0
662332 5 0 0
662561 5 0 0
662935 5 0 0
663094 5 0 0
663219 5 0 0
663350 5 21 2
663362 5 0 0
663382 5 22 0
663445 5 0 0
663541 5 22 2
663567 5 0 0
663697 5 4 0
663795 5 0 0
663823 5 4 2
663851 5 18 0
663975 5 0 0
664142 5 18 2
664146 5 0 0
664314 5 61 0
664438 5 0 0
664453 5 61 2
664525 5 54 0
664582 5 0 0
664722 5 0 0
664772 5 54 2
664804 5 55 0
664883 5 0 0
665006 5 55 2
665091 5 0 0
665234 5 40 0
665316 5 0 0
665364 5 40 2
665392 5 49 0
665505 5 49 2
665507 5 0 0
665517 5 51 0
665607 5 0 0
665622 5 51 2
665642 5 37 0
665712 5 0 0
665732 5 37 2
665736 5 20 0
665812 5 20 2
665828 5 3 0
665836 5 0 0
666010 5 0 0
666118 5 3 2
666210 5 21 0
666333 5 21 2
666341 5 56 0
666489 5 56 2
666509 5 57 0
666688 5 57 2
666776 5 58 0
667016 5 58 2
667096 5 59 0
667370 5 59 2
667394 5 63 0
667613 5 63 2
667697 5 33 0
667804 5 33 2
670967 5 0 2
684298 5 2 0
684299 5 0 0
715596 5 2 0
715597 5 7 1
715777 5 2 2
715827 5 7 2
798550 5 2 0
798551 5 2 2
799663 5 2 0
799664 5 2 2
802133 5 2 0
802134 5 2 2
819282 5 2 0
819283 5 2 2
835042 5 2 0
835043 5 2 2
836512 5 2 0
836513 5 2 2
846701 5 2 0
846702 5 7 1
846874 5 2 2
846923 5 7 2
857728 5 2 0
857729 5 2 2
861960 5 2 0
861961 5 7 1
862134 5 2 2
862183 5 7 2
877205 5 2 0
877206 5 2 2
895326 5 2 2
895327 5 2 0
914256 5 2 0
914257 5 2 2
942620 5 2 0
942621 5 2 2
942934 5 2 2
942935 5 2 0
945891 5 2 0
945892 5 2 2
972016 5 7 1
972017 5 2 0
972186 5 2 2
972235 5 7 2
1004610 5 2 0
1004611 5 7 1
1004787 5 2 2
1004836 5 7 2
1010556 5 2 2
1010767 5 2 2
1128299 5 2 0
1128300 5 7 1
1128477 5 2 2
1128526 5 7 2
1131082 5 2 0
1131083 5 2 2
1169519 5 2 0
1169520 5 7 1
1169696 5 2 2
1169745 5 7 2
1203163 5 2 0
1203164 5 2 2
1217157 5 2 0
1217158 5 2 2
1238808 5 2 0
1238809 5 2 2
1287936 5 2 0
1287937 5 7 1
1288115 5 2 2
1288164 5 7 2
1307274 5 2 0
1307275 5 2 2
1337494 5 2 0
1337495 5 7 1
1337671 5 2 2
1337720 5 7 2
1386225 5 2 0
1386226 5 7 1
1386404 5 2 2
1386453 5 7 2
1395515 5 2 0
1395516 5 7 1
1395694 5 2 2
1395743 5 7 2
1422967 5 2 0
1422968 5 2 2
1438959 5 2 0
1438960 5 2 2
1440816 5 2 0
1440817 5 7 1
1440994 5 2 2
1441043 5 7 2
1444137 5 2 0
1444138 5 7 1
1444314 5 2 2
1444363 5 7 2
1448726 5 2 0
1448727 5 7 1
1448905 5 2 2
1448955 5 7 2
1471976 5 2 0
1471977 5 7 1
1472155 5 2 2
1472205 5 7 2
1521168 5 2 0
1521169 5 2 2
1594260 5 38 0
1594260 5 38 0
1596042 5 38 2
1602125 5 2 0
1602126 5 0 0
1602803 5 2 0
1602804 5 0 0
1603274 5 38 2
1603466 5 12 0
1603507 5 12 2
1603587 5 40 0
1603587 5 40 0
1603685 5 40 2
1603702 5 40 2
1604882 5 7 0
1604956 5 7 2
1605027 5 2 0
1605028 5 0 0
1606032 5 38 0
1606032 5 38 0
1606090 5 38 2
1606147 5 38 2
1606303 5 46 0
1606303 5 46 0
1606370 5 46 2
1606382 5 46 2
1606582 5 47 0
1606663 5 47 2
1607743 5 46 0
1607743 5 46 0
1607809 5 46 2
1607816 5 46 2
1608384 5 46 0
1608384 5 46 0
1608453 5 46 2
1608508 5 46 2
1609852 5 42 0
1610130 5 42 2
1610706 5 43 0
1611000 5 43 2
1611576 5 44 0
1611880 5 44 2
1612066 5 2 0
1612067 5 0 0
1612456 5 45 0
1612748 5 45 2
1613324 5 46 0
1613618 5 46 2
1614194 5 47 0
1614453 5 47 2
1615029 5 48 0
1615352 5 48 2
1615928 5 49 0
1616288 5 49 2
1616864 5 50 0
1617150 5 50 2
1617726 5 51 0
1618020 5 51 2
1618596 5 52 0
1618918 5 52 2
1619494 5 53 0
1619796 5 53 2
1620372 5 54 0
1620668 5 54 2
1621244 5 55 0
1621503 5 55 2
1621936 5 2 0
1621937 5 2 2
1622079 5 56 0
1622417 5 56 2
1622993 5 57 0
1623366 5 57 2
1623942 5 58 0
1624220 5 58 2
1624796 5 59 0
1624978 5 7 1
1625090 5 59 2
1625151 5 62 2
1625241 5 7 2
1625346 5 7 1
1625521 5 35 2
1625595 5 7 2
1625666 5 60 0
1625733 5 7 1
1625921 5 25 2
1626003 5 7 2
1626006 5 60 2
1626042 5 7 1
1626057 5 2 2
1626161 5 7 1
1626221 5 47 2
1626268 5 2 2
1626303 5 7 2
1626305 5 7 1
1626341 5 61 2
1626416 5 7 1
1626423 5 7 2
1626481 5 45 2
1626501 5 7 1
1626546 5 7 2
1626582 5 61 0
1626591 5 38 2
1626657 5 7 2
1626680 5 7 1
1626701 5 21 2
1626743 5 7 2
1626851 5 22 2
1626894 5 61 2
1626900 5 7 2
1626954 5 7 1
1627080 5 7 1
1627141 5 51 2
1627231 5 7 2
1627271 5 33 2
1627277 5 7 1
1627361 5 7 2
1627442 5 7 1
1627451 5 37 2
1627470 5 62 0
1627509 5 7 2
1627553 5 7 1
1627621 5 42 2
1627687 5 7 1
1627711 5 7 2
1627731 5 54 2
1627791 5 62 2
1627813 5 7 2
1627861 5 63 2
1627959 5 7 2
1627963 5 7 1
1628058 5 7 1
1628141 5 16 2
1628224 5 7 2
1628251 5 27 2
1628285 5 7 1
1628319 5 7 2
1628367 5 63 0
1628461 5 8 2
1628535 5 7 2
1628607 5 7 1
1628662 5 7 1
1628664 5 63 2
1628781 5 58 2
1628868 5 7 1
1628887 5 7 2
1628891 5 14 2
1628934 5 7 2
1629015 5 7 1
1629051 5 49 2
1629157 5 7 2
1629183 5 7 1
1629211 5 48 2
1629240 5 0 0
1629240 5 0 0
1629298 5 0 2
1629319 5 7 1
1629326 5 7 2
1629361 5 52 2
1629429 5 7 1
1629443 5 7 2
1629469 5 0 2
1629491 5 50 2
1629537 5 7 1
1629589 5 7 2
1629602 5 32 2
1629663 5 7 1
1629700 5 7 2
1629731 5 31 2
1629737 5 2 0
1629785 5 7 1
1629797 5 7 2
1629851 5 53 2
1629859 5 2 2
1629868 5 7 1
1629915 5 3 0
1629925 5 7 2
1629961 5 46 2
1630012 5 7 1
1630029 5 3 2
1630033 5 7 0
1630035 5 7 2
1630071 5 10 2
1630129 5 7 2
1630133 5 7 1
1630191 5 60 2
1630280 5 7 2
1630311 5 43 2
1630333 5 7 2
1630392 5 7 2
1630403 5 7 1
1630421 5 4 0
1630421 5 4 0
1630447 5 4 2
1630467 5 7 1
1630528 5 4 2
1630566 5 7 1
1630591 5 56 2
1630663 5 7 1
1630701 5 17 2
1630713 5 7 2
1630775 5 7 2
1630779 5 7 1
1630811 5 36 2
1630877 5 7 2
1630894 5 7 1
1630916 5 1 0
1630921 5 11 2
1630971 5 7 2
1630983 5 7 1
1631031 5 28 2
1631089 5 7 2
1631151 5 19 2
1631180 5 1 2
1631209 5 7 2
1631259 5 7 1
1631261 5 3 2
1631303 5 7 2
1631329 5 7 1
1631431 5 59 2
1631439 5 7 1
1631524 5 7 1
1631531 5 7 2
1631551 5 1 2
1631611 5 7 2
1631661 5 29 2
1631667 5 7 1
1631711 5 7 2
1631756 5 2 0
1631761 5 7 1
1631781 5 4 2
1631817 5 7 2
1631891 5 18 2
1631960 5 7 2
1632001 5 20 2
1632040 5 2 2
1632049 5 7 1
1632052 5 7 2
1632167 5 7 1
1632221 5 55 2
1632244 5 7 1
1632311 5 7 2
1632341 5 40 2
1632393 5 7 1
1632449 5 7 2
1632451 5 26 2
1632511 5 7 1
1632525 5 7 2
1632571 5 39 2
1632611 5 7 1
1632616 5 3 0
1632644 5 7 2
1632691 5 24 2
1632781 5 7 2
1632801 5 15 2
1632815 5 7 1
1632851 5 7 2
1632910 5 3 2
1632919 5 7 1
1632973 5 7 1
1632991 5 57 2
1633101 5 41 2
1633105 5 7 2
1633117 5 7 1
1633199 5 7 2
1633202 5 7 1
1633211 5 6 2
1633244 5 7 2
1633321 5 30 2
1633378 5 7 2
1633399 5 7 1
1633441 5 13 2
1633476 5 7 2
1633486 5 4 0
1633571 5 9 2
1633594 5 7 1
1633637 5 7 2
1633695 5 7 1
1633720 5 4 2
1633771 5 34 2
1633773 5 7 1
1633854 5 7 2
1633881 5 44 2
1633954 5 7 2
1633991 5 12 2
1634033 5 7 2
1634296 5 5 0
1634305 5 7 1
1634481 5 5 2
1634497 5 5 2
1634506 5 7 2
1635073 5 6 0
1635237 5 7 1
1635379 5 6 2
1635411 5 23 2
1635468 5 7 2
1635540 5 7 1
1635712 5 7 2
1635755 5 7 2
1635955 5 7 0
1636224 5 7 2
1636800 5 8 0
1637048 5 8 2
1637624 5 9 0
1637910 5 9 2
1638486 5 10 0
1638770 5 10 2
1639346 5 11 0
1639640 5 11 2
1640216 5 12 0
1640458 5 12 2
1641034 5 13 0
1641266 5 13 2
1641842 5 14 0
1642139 5 14 2
1642715 5 15 0
1643033 5 15 2
1643609 5 16 0
1643906 5 16 2
1644482 5 17 0
1644786 5 17 2
1645362 5 18 0
1645650 5 18 2
1645819 5 7 1
1645991 5 0 2
1646058 5 7 2
1646226 5 19 0
1646520 5 19 2
1647096 5 20 0
1647366 5 20 2
1647942 5 21 0
1648214 5 21 2
1648790 5 22 0
1649268 5 22 2
1649844 5 23 0
1650124 5 23 2
1650700 5 24 0
1650984 5 24 2
1651560 5 25 0
1651874 5 25 2
1652450 5 26 0
1652730 5 26 2
1653306 5 27 0
1653610 5 27 2
1654186 5 28 0
1654524 5 28 2
1655100 5 29 0
1655372 5 29 2
1655948 5 30 0
1656268 5 30 2
1656844 5 31 0
1657134 5 31 2
1657710 5 32 0
1658002 5 32 2
1658578 5 33 0
1658912 5 33 2
1659488 5 34 0
1659770 5 34 2
1660346 5 35 0
1660640 5 35 2
1661216 5 36 0
1661502 5 36 2
1662078 5 37 0
1662340 5 37 2
1662916 5 38 0
1663218 5 38 2
1663794 5 39 0
1664054 5 39 2
1664630 5 40 0
1664630 5 40 0
1664728 5 40 2
1664737 5 40 2
1678897 5 8 0
1679138 5 8 2
1711275 5 2 0
1712686 5 31 0
1713029 5 2 0
1713041 5 31 2
1713085 5 35 0
1713379 5 35 2
1713439 5 32 0
1713458 5 2 0
1713548 5 2 0
1713624 5 32 2
1713680 5 46 0
1713680 5 46 0
1713746 5 46 2
1713755 5 46 2
1713787 5 12 0
1713827 5 12 2
1713839 5 33 0
1713952 5 33 2
1714044 5 34 0
1714138 5 34 2
1714170 5 1 0
1714228 5 1 2
1714272 5 32 0
1714538 5 2 0
1714631 5 32 2
1714639 5 35 0
1714765 5 2 0
1714768 5 35 2
1714772 5 60 0
1714886 5 60 2
1714902 5 61 0
1714968 5 2 0
1715056 5 2 0
1715118 5 61 2
1715175 5 2 0
1715178 5 48 0
1715275 5 2 0
1715377 5 2 0
1715390 5 48 2
1715430 5 49 0
1715470 5 2 0
1715571 5 2 0
1715946 5 2 0
1716218 5 49 2
1716254 5 36 0
1716254 5 36 0
1716312 5 36 2
1716344 5 36 2
1716368 5 2 0
1716408 5 37 0
1716408 5 37 0
1716459 5 37 2
1716516 5 37 2
1716552 5 2 0
1716564 5 58 0
1716564 5 58 0
1716662 5 58 2
1716708 5 58 2
1716720 5 31 0
1716983 5 31 2
1716995 5 30 0
1717237 5 2 0
1717331 5 30 2
1717339 5 59 0
1717339 5 59 0
1717429 5 59 2
1717593 5 2 0
1717602 5 59 2
1717654 5 34 0
1717725 5 2 0
1717826 5 2 0
1717933 5 34 2
1717949 5 2 0
1717973 5 0 0
1717973 5 0 0
1718037 5 0 2
1718045 5 2 0
1718198 5 0 2
1718206 5 33 0
1718271 5 2 0
1718405 5 2 0
1718513 5 2 0
1718540 5 33 2
1718556 5 60 0
1718619 5 2 0
1718723 5 60 2
1718743 5 32 0
1718870 5 2 0
1719029 5 32 2
1719075 5 2 0
1719105 5 61 0
1719225 5 61 2
1719281 5 2 0
1719349 5 62 0
1719552 5 2 0
1719575 5 62 2
1719663 5 12 0
1719675 5 2 0
1719798 5 2 0
1719821 5 12 2
1719833 5 39 0
1719973 5 39 2
1719985 5 13 0
1720059 5 13 2
1720063 5 48 0
1720095 5 2 0
1720234 5 2 0
1720240 5 0 2
1720307 5 2 0
1720323 5 48 2
1720335 5 59 0
1720448 5 59 2
1720448 5 2 0
1720476 5 54 0
1720476 5 54 0
1720537 5 2 0
1720538 5 2 0
1720550 5 54 2
1720605 5 54 2
1720645 5 55 0
1720674 5 2 0
1720816 5 2 0
1720819 5 0 2
1720886 5 55 2
1720910 5 56 0
1720938 5 2 0
1721001 5 2 0
1721190 5 56 2
1721206 5 0 2
1721218 5 57 0
1721262 5 2 0
1721340 5 57 2
1721361 5 2 0
1721404 5 58 0
1721458 5 2 0
1721548 5 58 2
1721584 5 49 0
1721718 5 49 2
1721758 5 63 0
1721811 5 2 0
1721840 5 4 2
1722059 5 63 2
1722107 5 15 0
1722151 5 2 0
1722189 5 15 2
1722205 5 44 0
1722278 5 2 0
1722303 5 44 2
1722323 5 45 0
1722379 5 2 0
1722379 5 4 2
1722436 5 45 2
1722460 5 2 0
1722554 5 2 0
1722666 5 2 0
1722684 5 0 0
1722777 5 0 2
1722822 5 4 2
1722869 5 1 0
1722878 5 2 0
1722882 5 2 0
1722945 5 1 2
1723010 5 2 0
1723020 5 2 0
1723045 5 2 0
1723127 5 2 2
1723135 5 47 0
1723224 5 2 0
1723265 5 47 2
1723277 5 41 0
1723332 5 2 0
1723408 5 2 0
1723423 5 41 2
1723495 5 3 0
1723555 5 3 2
1723559 5 2 0
1723575 5 2 0
1723665 5 3 2
1723698 5 2 0
1723766 5 2 0
1723815 5 5 0
1723854 5 2 0
1723906 5 5 2
1723954 5 6 0
1723983 5 2 0
1724081 5 2 0
1724090 5 6 2
1724178 5 7 0
1724212 5 3 2
1724216 5 2 0
1724302 5 7 2
1724410 5 8 0
1724418 5 2 0
1724522 5 8 2
1724578 5 1 0
1724578 5 1 0
1724579 5 3 2
1724628 5 1 2
1724653 5 1 2
1725101 5 46 0
1725183 5 46 2
1725191 5 4 0
1725249 5 4 2
1725273 5 47 0
1725406 5 47 2
1725550 5 12 0
1725609 5 12 2
1725973 5 10 0
1726083 5 62 2
1726130 5 10 2
1726250 5 1 0
1726331 5 1 2
1726630 5 62 2
1726779 5 46 0
1726779 5 46 0
1726870 5 46 2
1726887 5 46 2
1726902 5 47 0
1726902 5 47 0
1726977 5 47 2
1726993 5 47 2
1727059 5 62 2
1727137 5 12 0
1727203 5 12 2
1727687 5 1 0
1727687 5 1 0
1727737 5 1 2
1727762 5 1 2
1728190 5 1 2
1728194 5 8 0
1728194 5 8 0
1728260 5 8 2
1728276 5 8 2
1728292 5 46 0
1728415 5 46 2
1728447 5 47 0
1728447 5 47 0
1728516 5 63 2
1728571 5 47 2
1728578 5 47 2
1728722 5 12 0
1728722 5 12 0
1728753 5 1 2
1728756 5 12 2
1728805 5 12 2
1728812 5 61 2
1729071 5 63 2
1729122 5 1 2
1729289 5 1 0
1729289 5 1 0
1729343 5 1 2
1729346 5 1 2
1729360 5 61 2
1729372 5 2 0
1729382 5 2 0
1729383 5 2 2
1729413 5 63 2
1729696 5 61 2
1729794 5 46 0
1729794 5 46 0
1729860 5 46 2
1729862 5 2 0
1729880 5 46 2
1729912 5 47 0
1729912 5 47 0
1729986 5 47 2
1729993 5 47 2
1730137 5 12 0
1730137 5 12 0
1730171 5 12 2
1730178 5 12 2
1730662 5 1 0
1730662 5 1 0
1730712 5 1 2
1730720 5 1 2
1731168 5 46 0
1731168 5 46 0
1731234 5 46 2
1731245 5 46 2
1731277 5 47 0
1731277 5 47 0
1731351 5 47 2
1731398 5 47 2
1731542 5 12 0
1731542 5 12 0
1731576 5 12 2
1731584 5 12 2
1731611 5 2 0
1732068 5 1 0
1732068 5 1 0
1732124 5 1 2
1732127 5 1 2
1732572 5 46 0
1732572 5 46 0
1732638 5 46 2
1732659 5 46 2
1732691 5 47 0
1732691 5 47 0
1732768 5 47 2
1732793 5 47 2
1732937 5 12 0
1732937 5 12 0
1732978 5 12 2
1732982 5 12 2
1733466 5 1 0
1733466 5 1 0
1733516 5 1 2
1733523 5 1 2
1733971 5 46 0
1733971 5 46 0
1734037 5 46 2
1734115 5 46 2
1734147 5 47 0
1734147 5 47 0
1734221 5 47 2
1734262 5 47 2
1734406 5 12 0
1734406 5 12 0
1734440 5 12 2
1734448 5 12 2
1734461 5 2 0
1734932 5 1 0
1734932 5 1 0
1734983 5 1 2
1734989 5 1 2
1735437 5 46 0
1735437 5 46 0
1735505 5 46 2
1735521 5 46 2
1735553 5 47 0
1735553 5 47 0
1735627 5 47 2
1735665 5 47 2
1735809 5 12 0
1735809 5 12 0
1735843 5 12 2
1735853 5 12 2
1735937 5 2 0
1736337 5 1 0
1736337 5 1 0
1736387 5 1 2
1736395 5 1 2
1736787 5 2 0
1736843 5 46 0
1736843 5 46 0
1736909 5 46 2
1736927 5 46 2
1736959 5 47 0
1736959 5 47 0
1737033 5 47 2
1737071 5 47 2
1737215 5 12 0
1737215 5 12 0
1737249 5 12 2
1737258 5 12 2
1737742 5 1 0
1737742 5 1 0
1737792 5 1 2
1737801 5 1 2
1738249 5 46 0
1738249 5 46 0
1738315 5 46 2
1738331 5 2 0
1738333 5 46 2
1738365 5 47 0
1738365 5 47 0
1738439 5 47 2
1738477 5 47 2
1738621 5 12 0
1738621 5 12 0
1738655 5 12 2
1738663 5 12 2
1739059 5 2 0
1739147 5 1 0
1739147 5 1 0
1739197 5 1 2
1739206 5 1 2
1739226 5 2 0
1739638 5 9 0
1739720 5 9 2
1739721 5 2 0
1739736 5 46 0
1739736 5 46 0
1739802 5 46 2
1739810 5 46 2
1739842 5 47 0
1739842 5 47 0
1739916 5 47 2
1739923 5 47 2
1740067 5 12 0
1740067 5 12 0
1740102 5 12 2
1740110 5 12 2
1740594 5 1 0
1740594 5 1 0
1740644 5 1 2
1740652 5 1 2
1740883 5 2 0
1740884 5 2 2
1741100 5 46 0
1741100 5 46 0
1741166 5 46 2
1741174 5 46 2
1741206 5 47 0
1741206 5 47 0
1741280 5 47 2
1741302 5 47 2
1741446 5 12 0
1741446 5 12 0
1741480 5 12 2
1741489 5 12 2
1741973 5 1 0
1741973 5 1 0
1742024 5 1 2
1742031 5 1 2
1742213 5 2 0
1742214 5 2 2
1742479 5 46 0
1742479 5 46 0
1742545 5 46 2
1742557 5 46 2
1742589 5 47 0
1742589 5 47 0
1742663 5 47 2
1742707 5 47 2
1742793 5 2 0
1742851 5 12 0
1742851 5 12 0
1742885 5 12 2
1742892 5 12 2
1742905 5 2 0
1743376 5 1 0
1743376 5 1 0
1743426 5 1 2
1743434 5 1 2
1743866 5 2 0
1743882 5 46 0
1743882 5 46 0
1743948 5 46 2
1743958 5 46 2
1743990 5 47 0
1743990 5 47 0
1744065 5 47 2
1744123 5 47 2
1744267 5 12 0
1744267 5 12 0
1744301 5 12 2
1744308 5 12 2
1744792 5 1 0
1744792 5 1 0
1744842 5 1 2
1744850 5 1 2
1745298 5 46 0
1745298 5 46 0
1745404 5 46 2
1745475 5 46 2
1745507 5 47 0
1745507 5 47 0
1745581 5 47 2
1745622 5 47 2
1745766 5 12 0
1745766 5 12 0
1745800 5 12 2
1745808 5 12 2
1746159 5 2 0
1746289 5 2 0
1746292 5 1 0
1746292 5 1 0
1746352 5 1 2
1746362 5 1 2
1746800 5 46 0
1746800 5 46 0
1746866 5 46 2
1746907 5 46 2
1746939 5 47 0
1746939 5 47 0
1747013 5 47 2
1747031 5 47 2
1747175 5 12 0
1747175 5 12 0
1747209 5 12 2
1747216 5 12 2
1747700 5 1 0
1747700 5 1 0
1747758 5 1 2
1747790 5 1 2
1748206 5 46 0
1748206 5 46 0
1748230 5 2 0
1748273 5 46 2
1748303 5 46 2
1748335 5 47 0
1748335 5 47 0
1748409 5 47 2
1748447 5 47 2
1748591 5 12 0
1748591 5 12 0
1748625 5 12 2
1748633 5 12 2
1749117 5 1 0
1749117 5 1 0
1749175 5 1 2
1749207 5 1 2
1749623 5 46 0
1749623 5 46 0
1749689 5 46 2
1749706 5 46 2
1749738 5 47 0
1749738 5 47 0
1749812 5 47 2
1749870 5 47 2
1750014 5 12 0
1750014 5 12 0
1750048 5 12 2
1750057 5 12 2
1750541 5 1 0
1750541 5 1 0
1750578 5 2 0
1750599 5 1 2
1750632 5 1 2
1751031 5 10 0
1751113 5 10 2
1751129 5 46 0
1751129 5 46 0
1751195 5 46 2
1751203 5 46 2
1751235 5 47 0
1751235 5 47 0
1751309 5 47 2
1751317 5 47 2
1751461 5 12 0
1751461 5 12 0
1751496 5 12 2
1751501 5 12 2
1751985 5 1 0
1751985 5 1 0
1752044 5 1 2
1752075 5 1 2
1752492 5 46 0
1752492 5 46 0
1752558 5 46 2
1752567 5 46 2
1752599 5 47 0
1752599 5 47 0
1752673 5 47 2
1752692 5 47 2
1752836 5 12 0
1752836 5 12 0
1752870 5 12 2
1752878 5 12 2
1752889 5 2 0
1752998 5 2 0
1752999 5 2 2
1753362 5 1 0
1753362 5 1 0
1753419 5 1 2
1753502 5 1 2
1753867 5 46 0
1753867 5 46 0
1753941 5 46 2
1753944 5 2 0
1753973 5 47 0
1753973 5 47 0
1753974 5 46 2
1754077 5 47 2
1754087 5 47 2
1754231 5 12 0
1754231 5 12 0
1754274 5 12 2
1754295 5 12 2
1754758 5 1 0
1754758 5 1 0
1754808 5 1 2
1754817 5 1 2
1755265 5 46 0
1755265 5 46 0
1755331 5 46 2
1755389 5 46 2
1755421 5 47 0
1755421 5 47 0
1755555 5 47 2
1755562 5 47 2
1755706 5 12 0
1755706 5 12 0
1755734 5 2 0
1755747 5 12 2
1755770 5 12 2
1756231 5 1 0
1756231 5 1 0
1756289 5 1 2
1756391 5 1 2
1756737 5 46 0
1756737 5 46 0
1756823 5 46 2
1756891 5 46 2
1756923 5 47 0
1756923 5 47 0
1756997 5 47 2
1757035 5 47 2
1757179 5 12 0
1757179 5 12 0
1757214 5 12 2
1757219 5 12 2
1757370 5 2 0
1757480 5 2 0
1757703 5 1 0
1757703 5 1 0
1757761 5 1 2
1757784 5 1 2
1758209 5 46 0
1758209 5 46 0
1758276 5 46 2
1758283 5 46 2
1758315 5 47 0
1758315 5 47 0
1758389 5 47 2
1758430 5 47 2
1758574 5 12 0
1758574 5 12 0
1758609 5 12 2
1758616 5 12 2
1759100 5 1 0
1759100 5 1 0
1759158 5 1 2
1759210 5 1 2
1759606 5 46 0
1759606 5 46 0
1759681 5 46 2
1759682 5 46 2
1759713 5 47 0
1759713 5 47 0
1759787 5 47 2
1759846 5 47 2
1759871 5 2 0
1759872 5 2 2
1759990 5 12 0
1759990 5 12 0
1760025 5 12 2
1760030 5 12 2
1760151 5 2 0
1760270 5 2 0
1760514 5 1 0
1760514 5 1 0
1760573 5 1 2
1760694 5 1 2
1761021 5 46 0
1761021 5 46 0
1761095 5 46 2
1761117 5 46 2
1761127 5 47 0
1761127 5 47 0
1761201 5 47 2
1761229 5 47 2
1761373 5 12 0
1761373 5 12 0
1761415 5 12 2
1761437 5 12 2
1761575 5 2 0
1761730 5 2 0
1761731 5 2 2
1761899 5 1 0
1761899 5 1 0
1761956 5 1 2
1762079 5 1 2
1762388 5 11 0
1762388 5 11 0
1762430 5 11 2
1762479 5 11 2
1762495 5 46 0
1762495 5 46 0
1762561 5 46 2
1762569 5 46 2
1762601 5 47 0
1762601 5 47 0
1762675 5 47 2
1762694 5 47 2
1762838 5 12 0
1762838 5 12 0
1762872 5 12 2
1762881 5 12 2
1763365 5 1 0
1763365 5 1 0
1763423 5 1 2
1763430 5 2 0
1763515 5 1 2
1763537 5 2 0
1763871 5 46 0
1763871 5 46 0
1763945 5 46 2
1763977 5 47 0
1763977 5 47 0
1763977 5 46 2
1764052 5 47 2
1764060 5 47 2
1764204 5 12 0
1764204 5 12 0
1764245 5 12 2
1764300 5 12 2
1764729 5 1 0
1764729 5 1 0
1764779 5 1 2
1764787 5 1 2
1765235 5 46 0
1765235 5 46 0
1765301 5 46 2
1765314 5 46 2
1765346 5 47 0
1765346 5 47 0
1765422 5 47 2
1765429 5 47 2
1765573 5 12 0
1765573 5 12 0
1765610 5 12 2
1765616 5 12 2
1766100 5 1 0
1766100 5 1 0
1766150 5 1 2
1766159 5 1 2
1766607 5 46 0
1766607 5 46 0
1766673 5 46 2
1766681 5 46 2
1766713 5 47 0
1766713 5 47 0
1766789 5 47 2
1766814 5 47 2
1766958 5 12 0
1766958 5 12 0
1766992 5 12 2
1767001 5 12 2
1767246 5 2 0
1767247 5 2 2
1767485 5 1 0
1767485 5 1 0
1767543 5 1 2
1767545 5 1 2
1767993 5 46 0
1767993 5 46 0
1768059 5 46 2
1768116 5 46 2
1768148 5 47 0
1768148 5 47 0
1768223 5 47 2
1768262 5 47 2
1768406 5 12 0
1768406 5 12 0
1768440 5 12 2
1768448 5 12 2
1768932 5 1 0
1768932 5 1 0
1768982 5 1 2
1768990 5 1 2
1769438 5 46 0
1769438 5 46 0
1769504 5 46 2
1769523 5 46 2
1769555 5 47 0
1769555 5 47 0
1769629 5 47 2
1769661 5 2 0
1769667 5 47 2
1769811 5 12 0
1769811 5 12 0
1769845 5 12 2
1769853 5 12 2
1770337 5 1 0
1770337 5 1 0
1770387 5 1 2
1770395 5 1 2
1770843 5 46 0
1770843 5 46 0
1770909 5 46 2
1770931 5 46 2
1770963 5 47 0
1770963 5 47 0
1771037 5 47 2
1771065 5 47 2
1771209 5 12 0
1771209 5 12 0
1771243 5 12 2
1771293 5 12 2
1771305 5 2 0
1771466 5 2 0
1771777 5 1 0
1771777 5 1 0
1771827 5 1 2
1771835 5 1 2
1772283 5 46 0
1772283 5 46 0
1772353 5 46 2
1772381 5 46 2
1772413 5 47 0
1772413 5 47 0
1772487 5 47 2
1772526 5 47 2
1772670 5 12 0
1772670 5 12 0
1772706 5 12 2
1772715 5 12 2
1773199 5 1 0
1773199 5 1 0
1773249 5 1 2
1773257 5 1 2
1773689 5 12 0
1773689 5 12 0
1773723 5 12 2
1773732 5 12 2
1773748 5 46 0
1773748 5 46 0
1773772 5 2 0
1773818 5 46 2
1773831 5 46 2
1773863 5 47 0
1773863 5 47 0
1773937 5 47 2
1773945 5 47 2
1774089 5 12 0
1774089 5 12 0
1774123 5 12 2
1774131 5 12 2
1774390 5 2 0
1774391 5 2 2
1774615 5 1 0
1774615 5 1 0
1774665 5 1 2
1774673 5 1 2
1774993 5 2 0
1775121 5 46 0
1775121 5 46 0
1775160 5 2 0
1775187 5 46 2
1775205 5 46 2
1775237 5 47 0
1775237 5 47 0
1775313 5 47 2
1775346 5 2 0
1775366 5 47 2
1775494 5 2 0
1775510 5 12 0
1775510 5 12 0
1775546 5 12 2
1775557 5 12 2
1776041 5 1 0
1776041 5 1 0
1776091 5 1 2
1776102 5 1 2
1776550 5 46 0
1776550 5 46 0
1776617 5 46 2
1776622 5 46 2
1776654 5 47 0
1776654 5 47 0
1776728 5 47 2
1776746 5 47 2
1776890 5 12 0
1776890 5 12 0
1776924 5 12 2
1776931 5 12 2
1777161 5 2 0
1777415 5 1 0
1777415 5 1 0
1777465 5 1 2
1777473 5 1 2
1777921 5 46 0
1777921 5 46 0
1777987 5 46 2
1778015 5 46 2
1778047 5 47 0
1778047 5 47 0
1778121 5 47 2
1778155 5 2 0
1778159 5 47 2
1778303 5 12 0
1778303 5 12 0
1778337 5 12 2
1778344 5 12 2
1778828 5 1 0
1778828 5 1 0
1778878 5 1 2
1778886 5 1 2
1779334 5 46 0
1779334 5 46 0
1779401 5 46 2
1779409 5 46 2
1779441 5 47 0
1779441 5 47 0
1779493 5 2 0
1779515 5 47 2
1779523 5 47 2
1779667 5 12 0
1779667 5 12 0
1779702 5 12 2
1779751 5 12 2
1780235 5 1 0
1780235 5 1 0
1780285 5 1 2
1780293 5 1 2
1780741 5 46 0
1780741 5 46 0
1780807 5 46 2
1780817 5 46 2
1780849 5 47 0
1780849 5 47 0
1780923 5 47 2
1780931 5 47 2
1781075 5 12 0
1781075 5 12 0
1781109 5 12 2
1781117 5 12 2
1781601 5 1 0
1781601 5 1 0
1781651 5 1 2
1781659 5 1 2
1782107 5 46 0
1782107 5 46 0
1782174 5 46 2
1782179 5 46 2
1782211 5 47 0
1782211 5 47 0
1782285 5 47 2
1782296 5 47 2
1782440 5 12 0
1782440 5 12 0
1782474 5 12 2
1782526 5 12 2
1783010 5 1 0
1783010 5 1 0
1783060 5 1 2
1783067 5 1 2
1783515 5 46 0
1783515 5 46 0
1783581 5 46 2
1783588 5 46 2
1783620 5 47 0
1783620 5 47 0
1783694 5 47 2
1783701 5 47 2
1783845 5 12 0
1783845 5 12 0
1783879 5 12 2
1783891 5 12 2
1784358 5 2 0
1784375 5 1 0
1784375 5 1 0
1784425 5 1 2
1784432 5 1 2
1784500 5 2 0
1784864 5 13 0
1784963 5 13 2
1784979 5 46 0
1784979 5 46 0
1785048 5 46 2
1785114 5 2 0
1785136 5 46 2
1785168 5 47 0
1785168 5 47 0
1785242 5 47 2
1785270 5 47 2
1785414 5 12 0
1785414 5 12 0
1785448 5 12 2
1785458 5 12 2
1785942 5 1 0
1785942 5 1 0
1785993 5 1 2
1786006 5 1 2
1786454 5 46 0
1786454 5 46 0
1786521 5 46 2
1786539 5 46 2
1786571 5 47 0
1786571 5 47 0
1786583 5 2 0
1786645 5 47 2
1786672 5 47 2
1786816 5 12 0
1786816 5 12 0
1786850 5 12 2
1786858 5 12 2
1787342 5 1 0
1787342 5 1 0
1787392 5 1 2
1787401 5 1 2
1787849 5 46 0
1787849 5 46 0
1787915 5 46 2
1787922 5 46 2
1787954 5 47 0
1787954 5 47 0
1788028 5 47 2
1788077 5 47 2
1788221 5 12 0
1788221 5 12 0
1788262 5 12 2
1788265 5 12 2
1788746 5 1 0
1788746 5 1 0
1788796 5 1 2
1788804 5 1 2
1789252 5 46 0
1789252 5 46 0
1789318 5 46 2
1789329 5 46 2
1789361 5 47 0
1789361 5 47 0
1789435 5 47 2
1789502 5 47 2
1789646 5 12 0
1789646 5 12 0
1789680 5 12 2
1789688 5 12 2
1790172 5 1 0
1790172 5 1 0
1790223 5 1 2
1790230 5 1 2
1790678 5 46 0
1790678 5 46 0
1790744 5 46 2
1790751 5 46 2
1790783 5 47 0
1790783 5 47 0
1790857 5 47 2
1790866 5 47 2
1790939 5 2 0
1791010 5 12 0
1791010 5 12 0
1791043 5 2 0
1791044 5 12 2
1791051 5 12 2
1791143 5 2 0
1791223 5 2 0
1791535 5 1 0
1791535 5 1 0
1791586 5 1 2
1791594 5 1 2
1791939 5 2 0
1791940 5 2 2
1792042 5 46 0
1792042 5 46 0
1792108 5 46 2
1792123 5 46 2
1792155 5 47 0
1792155 5 47 0
1792230 5 47 2
1792235 5 47 2
1792257 5 2 0
1792258 5 2 2
1792379 5 12 0
1792379 5 12 0
1792414 5 12 2
1792428 5 12 2
1792912 5 1 0
1792912 5 1 0
1792962 5 1 2
1792969 5 1 2
1793417 5 46 0
1793417 5 46 0
1793483 5 46 2
1793494 5 46 2
1793526 5 47 0
1793526 5 47 0
1793609 5 47 2
1793631 5 47 2
1793753 5 12 0
1793753 5 12 0
1793788 5 12 2
1793796 5 12 2
1794280 5 1 0
1794280 5 1 0
1794331 5 1 2
1794342 5 1 2
1794790 5 46 0
1794790 5 46 0
1794884 5 46 2
1794898 5 46 2
1794916 5 47 0
1794916 5 47 0
1795008 5 47 2
1795050 5 47 2
1795152 5 12 0
1795152 5 12 0
1795175 5 2 0
1795181 5 2 0
1795182 5 2 2
1795196 5 12 2
1795206 5 12 2
1795680 5 1 0
1795680 5 1 0
1795730 5 1 2
1795737 5 1 2
1796169 5 14 0
1796283 5 14 2
1796299 5 46 0
1796299 5 46 0
1796365 5 46 2
1796379 5 46 2
1796411 5 47 0
1796411 5 47 0
1796485 5 47 2
1796493 5 47 2
1796637 5 12 0
1796637 5 12 0
1796671 5 12 2
1796684 5 12 2
1796988 5 2 0
1797168 5 1 0
1797168 5 1 0
1797218 5 1 2
1797225 5 1 2
1797673 5 46 0
1797673 5 46 0
1797747 5 46 2
1797771 5 46 2
1797779 5 47 0
1797779 5 47 0
1797862 5 47 2
1797924 5 47 2
1798006 5 12 0
1798006 5 12 0
1798048 5 12 2
1798070 5 12 2
1798137 5 2 0
1798532 5 1 0
1798532 5 1 0
1798589 5 1 2
1798623 5 1 2
1798674 5 2 0
1798764 5 2 0
1799037 5 46 0
1799037 5 46 0
1799103 5 46 2
1799112 5 46 2
1799144 5 47 0
1799144 5 47 0
1799218 5 47 2
1799225 5 47 2
1799369 5 12 0
1799369 5 12 0
1799404 5 12 2
1799412 5 12 2
1799896 5 1 0
1799896 5 1 0
1799953 5 1 2
1800036 5 1 2
1800401 5 46 0
1800401 5 46 0
1800476 5 46 2
1800499 5 46 2
1800508 5 47 0
1800508 5 47 0
1800640 5 47 2
1800652 5 47 2
1800784 5 12 0
1800784 5 12 0
1800825 5 12 2
1800878 5 12 2
1801309 5 1 0
1801309 5 1 0
1801360 5 1 2
1801369 5 1 2
1801817 5 46 0
1801817 5 46 0
1801883 5 46 2
1801911 5 46 2
1801943 5 47 0
1801943 5 47 0
1802027 5 47 2
1802087 5 47 2
1802231 5 12 0
1802231 5 12 0
1802265 5 12 2
1802273 5 12 2
1802757 5 1 0
1802757 5 1 0
1802807 5 1 2
1802815 5 1 2
1803062 5 2 0
1803263 5 46 0
1803263 5 46 0
1803339 5 46 2
1803366 5 46 2
1803398 5 47 0
1803398 5 47 0
1803496 5 47 2
1803530 5 47 2
1803674 5 12 0
1803674 5 12 0
1803708 5 12 2
1803716 5 12 2
1804200 5 1 0
1804200 5 1 0
1804251 5 1 2
1804256 5 1 2
1804704 5 46 0
1804704 5 46 0
1804790 5 46 2
1804809 5 46 2
1804841 5 47 0
1804841 5 47 0
1804925 5 47 2
1804973 5 47 2
1805117 5 12 0
1805117 5 12 0
1805151 5 12 2
1805184 5 12 2
1805200 5 2 0
1805668 5 1 0
1805668 5 1 0
1805718 5 1 2
1805726 5 1 2
1806174 5 46 0
1806174 5 46 0
1806253 5 46 2
1806371 5 46 2
1806403 5 47 0
1806403 5 47 0
1806485 5 47 2
1806497 5 47 2
1806629 5 12 0
1806629 5 12 0
1806671 5 12 2
1806733 5 12 2
1807059 5 1 0
1807059 5 1 0
1807113 5 1 2
1807120 5 1 2
1807180 5 0 2
1807300 5 1 0
1807387 5 1 2
1807655 5 46 0
1807655 5 46 0
1807680 5 0 2
1807721 5 46 2
1807763 5 46 2
1807795 5 47 0
1807795 5 47 0
1807870 5 47 2
1807915 5 47 2
1808059 5 12 0
1808059 5 12 0
1808093 5 12 2
1808127 5 12 2
1808259 5 1 0
1808342 5 1 2
1808694 5 1 0
1808694 5 1 0
1808753 5 1 2
1808864 5 1 2
1809201 5 46 0
1809201 5 46 0
1809269 5 46 2
1809277 5 46 2
1809309 5 47 0
1809309 5 47 0
1809383 5 47 2
1809391 5 47 2
1809535 5 12 0
1809535 5 12 0
1809573 5 12 2
1809575 5 12 2
1810059 5 1 0
1810059 5 1 0
1810109 5 1 2
1810117 5 1 2
1810565 5 46 0
1810565 5 46 0
1810645 5 46 2
1810647 5 46 2
1810679 5 47 0
1810679 5 47 0
1810679 5 2 0
1810754 5 47 2
1810766 5 47 2
1810910 5 5 0
1810919 5 2 0
1810968 5 5 2
1810976 5 61 0
1810976 5 61 0
1811050 5 61 2
1811052 5 2 0
1811058 5 61 2
1811066 5 29 0
1811144 5 2 0
1811263 5 2 0
1811320 5 29 2
1811336 5 62 0
1811336 5 62 0
1811418 5 62 2
1811426 5 62 2
1811702 5 63 0
1811702 5 63 0
1811795 5 63 2
1811836 5 63 2
1812260 5 12 0
1812260 5 12 0
1812328 5 12 2
1812394 5 12 2
1812468 5 3 2
1812768 5 11 0
1812850 5 11 2
1813062 5 1 0
1813062 5 1 0
1813112 5 1 2
1813121 5 1 2
1813569 5 46 0
1813569 5 46 0
1813569 5 3 2
1813635 5 46 2
1813663 5 46 2
1813695 5 47 0
1813695 5 47 0
1813771 5 47 2
1813797 5 47 2
1813941 5 12 0
1813941 5 12 0
1813980 5 12 2
1813983 5 12 2
1814115 5 1 0
1814201 5 1 2
1814257 5 7 2
1814353 5 3 2
1814553 5 1 0
1814553 5 1 0
1814570 5 6 2
1814603 5 1 2
1814636 5 1 2
1814680 5 4 2
1815084 5 46 0
1815084 5 46 0
1815150 5 46 2
1815162 5 46 2
1815194 5 47 0
1815194 5 47 0
1815269 5 47 2
1815274 5 47 2
1815418 5 12 0
1815418 5 12 0
1815452 5 12 2
1815461 5 12 2
1815521 5 4 2
1815593 5 1 0
1815735 5 1 2
1815865 5 1 2
1815895 5 2 0
1815896 5 2 2
1816010 5 4 2
1816079 5 9 0
1816267 5 9 2
1816391 5 55 0
1816514 5 55 2
1816518 5 1 0
1816640 5 1 2
1816664 5 56 0
1816778 5 6 2
1816794 5 56 2
1816814 5 45 0
1816912 5 45 2
1816928 5 1 0
1817002 5 1 2
1817038 5 1 0
1817186 5 1 2
1817190 5 46 0
1817288 5 46 2
1817332 5 7 2
1817364 5 63 0
1817614 5 63 2
1817622 5 47 0
1817728 5 47 2
1817832 5 62 0
1817832 5 62 0
1817914 5 62 2
1817922 5 62 2
1818218 5 3 0
1826349 5 3 2
1826357 5 19 0
1826404 5 23 2
1826431 5 19 2
1826435 5 3 0
1827273 5 3 2
1827647 5 30 2
1827657 5 3 0
1829333 5 3 2
1829882 5 6 2
1829885 5 3 0
1831511 5 3 2
1831566 5 36 2
1831649 5 28 2
1831724 5 25 2
1831815 5 37 2
1831898 5 48 2
1832022 5 60 2
1832132 5 15 2
1832207 5 12 2
1832266 5 49 2
1832382 5 9 2
1832457 5 30 2
1832542 5 62 2
1832657 5 51 2
1832756 5 56 2
1832887 5 6 2
1832946 5 1 2
1833013 5 24 2
1833112 5 17 2
1833195 5 53 2
1833294 5 39 2
1833393 5 55 2
1833508 5 11 2
1833567 5 34 2
1833658 5 57 2
1833782 5 54 2
1833892 5 18 2
1833972 5 4 2
1834024 5 14 2
1834092 5 50 2
1834202 5 7 2
1834274 5 41 2
1834384 5 20 2
1834454 5 61 2
1834564 5 58 2
1834684 5 38 2
1834775 5 0 2
1834854 5 44 2
1834945 5 43 2
1835036 5 45 2
1835134 5 52 2
1835234 5 42 2
1835334 5 16 2
1835425 5 33 2
1835524 5 32 2
1835635 5 46 2
1835735 5 23 2
1835825 5 3 2
1835876 5 59 2
1835985 5 8 2
1836075 5 26 2
1836165 5 47 2
1836275 5 40 2
1836395 5 10 2
1836466 5 13 2
1836526 5 31 2
1836626 5 19 2
1836648 5 2 2
1836696 5 29 2
1836776 5 27 2
1838954 5 2 2
1843196 5 2 0
1843197 5 2 2
1843683 5 2 2
1935928 5 2 2
1941237 5 2 0
1941238 5 2 2
1942315 5 2 0
1942316 5 2 2
1977137 5 2 0
1977138 5 2 2
1990974 5 2 0
1990975 5 2 2
1998844 5 2 0
1998845 5 2 2
2045950 5 2 0
2045951 5 2 2
2049173 5 2 0
2049174 5 2 2
2052330 5 2 0
2052331 5 7 1
2052575 5 2 2
2052625 5 7 2
2075710 5 2 0
2075711 5 7 1
2075885 5 2 2
2075935 5 7 2
2106016 5 2 0
2106017 5 7 1
2106194 5 2 2
2106243 5 7 2
2150270 5 2 0
2150271 5 7 1
2150444 5 2 2
2150493 5 7 2
2173238 5 2 0
2173239 5 7 1
2173414 5 2 2
2173463 5 7 2
2280512 5 2 0
2280513 5 2 2
2429765 5 2 0
2429766 5 2 2
2436411 5 2 0
2436412 5 7 1
2436587 5 2 2
2436636 5 7 2
2450685 5 2 0
2450686 5 7 1
2450857 5 2 2
2450906 5 7 2
2569718 5 2 0
2569719 5 2 2
2570080 5 1 0
2571507 5 1 2
2571903 5 36 0
2571903 5 36 0
2572216 5 36 2
2572260 5 37 0
2572260 5 37 0
2572391 5 36 2
2572550 5 37 2
2572673 5 37 2
2572805 5 8 0
2572805 5 8 0
2572873 5 8 2
2572948 5 8 2
2572996 5 0 0
2572996 5 0 0
2573054 5 0 2
2573151 5 0 2
2573239 5 36 0
2573239 5 36 0
2573297 5 36 2
2574235 5 36 2
2574267 5 38 0
2574267 5 38 0
2574425 5 38 2
2574502 5 38 2
2574662 5 54 0
2574662 5 54 0
2574766 5 54 2
2574830 5 54 2
2574890 5 37 0
2574890 5 37 0
2574940 5 37 2
2575528 5 37 2
2575544 5 40 0
2575544 5 40 0
2575642 5 40 2
2575689 5 40 2
2576277 5 40 0
2576277 5 40 0
2576375 5 40 2
2576383 5 40 2
2576767 5 47 0
2576913 5 47 2
2576937 5 11 0
2576937 5 11 0
2576979 5 11 2
2577021 5 11 2
2577149 5 1 0
2577256 5 1 2
2577780 5 14 0
2577936 5 14 2
2577948 5 15 0
2577948 5 15 0
2577991 5 15 2
2578046 5 15 2
2578134 5 38 0
2578134 5 38 0
2578193 5 38 2
2578720 5 38 2
2578876 5 46 0
2578876 5 46 0
2578942 5 46 2
2578995 5 46 2
2579039 5 12 0
2579039 5 12 0
2579073 5 12 2
2579081 5 12 2
2579089 5 0 0
2579089 5 0 0
2579148 5 0 2
2579164 5 0 2
2579312 5 47 0
2579312 5 47 0
2579386 5 47 2
2579395 5 47 2
2579411 5 12 0
2579491 5 12 2
2579527 5 47 0
2579654 5 47 2
2579694 5 2 0
2579695 5 0 0
2579921 5 4 2
2580402 5 54 0
2580402 5 54 0
2580408 5 4 2
2580475 5 2 0
2580476 5 0 0
2580476 5 54 2
2580484 5 54 2
2580512 5 46 0
2580512 5 46 0
2580563 5 4 2
2580578 5 46 2
2580586 5 46 2
2580610 5 47 0
2580610 5 47 0
2580684 5 47 2
2580699 5 47 2
2581295 5 58 0
2581295 5 58 0
2581393 5 58 2
2581411 5 58 2
2581449 5 3 2
2581491 5 59 0
2581491 5 59 0
2581581 5 59 2
2581599 5 59 2
2581659 5 38 0
2581659 5 38 0
2581717 5 38 2
2581725 5 38 2
2582266 5 0 2
2589663 5 2 0
2589664 5 0 0
2754563 5 2 0
2754564 5 2 2
2761794 5 2 0
2761795 5 2 2
2764734 5 2 0
2764735 5 7 1
2764908 5 2 2
2764958 5 7 2
2788064 5 2 0
2788065 5 7 1
2788238 5 2 2
2788288 5 7 2
2814652 5 2 0
2814653 5 2 2
2830556 5 2 0
2830557 5 2 2
3547358 5 38 0
3547358 5 38 0
3548488 5 38 2
3549463 5 2 0
3549464 5 0 0
3550170 5 38 2
3551586 5 7 0
3551700 5 7 2
3552268 5 38 0
3552268 5 38 0
3552326 5 38 2
3554423 5 2 0
3554424 5 0 0
3554872 5 38 2
3556816 5 38 0
3556816 5 38 0
3556874 5 38 2
3556882 5 38 2
3581716 5 2 0
3581717 5 2 2
3583182 5 2 0
3583183 5 2 2
3611128 5 2 0
3611129 5 2 2
4336929 5 2 0
4336930 5 2 2
4523911 5 38 0
4523911 5 38 0
4523969 5 38 2
4524236 5 38 2
4525862 5 2 0
4525863 5 0 0
4526220 5 38 0
4526220 5 38 0
4526278 5 38 2
4527556 5 38 2
4529197 5 0 2
4529500 5 38 0
4529500 5 38 0
4529566 5 38 2
4529948 5 38 2
4861309 5 2 0
4861310 5 7 1
4861482 5 2 2
4861531 5 7 2
5402640 5 2 0
5402641 5 2 2
5405695 5 2 0
5405696 5 7 1
5405869 5 2 2
5405919 5 7 2
5429045 5 2 0
5429046 5 7 1
5429219 5 2 2
5429269 5 7 2
5455625 5 2 0
5455626 5 2 2
5455691 5 2 0
5455692 5 2 2
5500491 5 38 0
5500491 5 38 0
5500752 5 38 2
5506033 5 38 2
5507449 5 7 0
5507523 5 7 2
5508091 5 38 0
5508091 5 38 0
5508149 5 38 2
5509026 5 38 2
5510970 5 38 0
5510970 5 38 0
5511028 5 38 2
5511036 5 38 2
5511637 5 2 0
5511638 5 0 0
5529760 5 2 0
5529761 5 2 2
6245849 5 2 0
6245850 5 7 1
6246023 5 2 2
6246073 5 7 2
6269269 5 2 0
6269270 5 7 1
6269443 5 2 2
6269493 5 7 2
6477070 5 38 0
6477070 5 38 0
6479028 5 38 2
6480926 5 38 2
6482351 5 0 2
6482910 5 38 0
6482910 5 38 0
6482970 5 38 2
6483665 5 38 2
6483949 5 7 0
6487589 5 7 2
6489249 5 38 0
6489249 5 38 0
6489307 5 38 2
6489314 5 38 2
6489385 5 2 0
6489386 5 2 2
