0 57 51 0
936 57 51 2
940 57 22 0
1934 57 22 2
1946 57 1 0
2426 57 1 2
2446 57 24 0
2566 57 24 2
3588 57 7 1
3850 57 0 2
3939 57 7 2
7307 57 7 1
7571 57 2 2
7661 57 7 2
11873 57 7 1
12140 57 2 2
12229 57 7 2
18933 57 7 1
19200 57 2 2
19289 57 7 2
45753 57 7 1
46020 57 2 2
46109 57 7 2
80679 57 7 1
80940 57 0 2
81029 57 7 2
97659 57 7 1
97920 57 0 2
98009 57 7 2
119889 57 7 1
120154 57 2 2
120243 57 7 2
145463 57 7 1
145724 57 2 2
145813 57 7 2
156098 57 7 1
156384 57 2 2
156473 57 7 2
161573 57 7 1
161834 57 2 2
161923 57 7 2
227351 57 2 0
227352 57 7 1
227614 57 2 2
227703 57 7 2
231141 57 2 0
231142 57 7 1
231404 57 2 2
231493 57 7 2
235883 57 2 0
235884 57 7 1
236144 57 2 2
236233 57 7 2
257669 57 7 1
257934 57 2 2
258023 57 7 2
263529 57 2 0
263530 57 7 1
263794 57 2 2
263883 57 7 2
268083 57 7 1
268344 57 2 2
268433 57 7 2
277270 57 7 1
277534 57 2 2
277623 57 7 2
280903 57 2 0
280904 57 7 1
281184 57 2 2
281273 57 7 2
295115 57 2 0
295116 57 7 1
295374 57 2 2
295463 57 7 2
343447 57 7 1
343714 57 2 2
343803 57 7 2
349253 57 2 0
349254 57 2 2
355537 57 2 0
355538 57 2 2
363969 57 2 0
363970 57 2 2
438267 57 2 0
438268 57 7 1
438534 57 2 2
438623 57 7 2
467589 57 7 1
467590 57 2 0
467854 57 2 2
467943 57 7 2
468087 57 2 0
468088 57 7 1
468354 57 2 2
468443 57 7 2
501636 57 0 0
501637 57 2 0
502911 57 2 0
502912 57 2 2
522939 57 2 0
522940 57 2 2
532488 57 2 0
532489 57 2 2
533856 57 2 0
533857 57 2 2
534936 57 2 0
534937 57 2 2
537467 57 2 0
537468 57 2 2
538718 57 2 0
538719 57 2 2
542529 57 2 0
542530 57 2 2
563438 57 2 0
563439 57 2 2
566676 57 2 0
566677 57 2 2
572948 57 2 0
572949 57 2 2
575556 57 2 0
575557 57 2 2
609444 57 2 0
609445 57 2 2
616455 57 4 0
619834 57 4 2
619886 57 44 0
621263 57 44 2
621275 57 5 0
621459 57 5 2
621471 57 45 0
621809 57 45 2
621877 57 24 0
622056 57 24 2
622088 57 25 0
622191 57 25 2
622199 57 26 0
622203 57 2 0
622204 57 2 2
622313 57 26 2
622353 57 27 0
622365 57 2 0
622366 57 2 2
622467 57 27 2
622487 57 33 0
622584 57 33 2
622600 57 2 0
622601 57 2 2
622604 57 35 0
622711 57 35 2
622719 57 41 0
623113 57 41 2
623129 57 42 0
623383 57 42 2
623415 57 1 0
623524 57 1 2
623560 57 36 0
623677 57 36 2
623689 57 43 0
623988 57 43 2
624004 57 17 0
624071 57 17 2
624163 57 27 0
624268 57 27 2
624272 57 37 0
624394 57 37 2
624406 57 17 0
624506 57 17 2
624514 57 15 0
625004 57 15 2
625044 57 16 0
625180 57 16 2
625220 57 18 0
625337 57 18 2
625361 57 61 0
625583 57 61 2
625595 57 54 0
625777 57 54 2
625797 57 14 0
625918 57 14 2
625926 57 19 0
626040 57 19 2
626044 57 35 0
626374 57 35 2
626390 57 53 0
626664 57 53 2
626704 57 33 0
626801 57 33 2
626813 57 36 0
626935 57 36 2
626955 57 40 0
627228 57 40 2
627252 57 37 0
627505 57 37 2
627609 57 38 0
627806 57 38 2
627810 57 18 0
627818 57 7 1
627865 57 2 0
627866 57 2 2
628081 57 0 2
628097 57 18 2
628121 57 8 0
628178 57 7 2
628182 57 0 0
628229 57 8 2
628237 57 29 0
628320 57 0 0
628421 57 29 2
628461 57 0 0
628472 57 0 0
628599 57 0 2
628611 57 38 0
628631 57 0 0
628765 57 0 0
628788 57 38 2
628804 57 39 0
628888 57 0 0
629006 57 0 0
629043 57 39 2
629047 57 39 0
629136 57 0 0
629251 57 0 0
629413 57 0 0
629415 57 39 2
629471 57 36 0
629545 57 0 0
629579 57 7 1
629669 57 36 2
629684 57 0 0
629701 57 38 0
629832 57 0 0
629843 57 32 2
629900 57 7 2
629952 57 38 2
629968 57 51 0
629978 57 0 0
630085 57 0 0
630106 57 51 2
630162 57 23 0
630231 57 0 0
630343 57 0 0
630470 57 23 2
630478 57 52 0
630497 57 0 0
630599 57 0 0
630704 57 0 0
630806 57 0 0
630830 57 52 2
630866 57 31 0
630948 57 0 0
631088 57 0 0
631172 57 31 2
631192 57 53 0
631219 57 0 0
631329 57 0 0
631477 57 0 0
631603 57 0 0
631651 57 53 2
631675 57 54 0
631718 57 0 0
631874 57 0 0
632005 57 0 0
632102 57 54 2
632116 57 0 0
632118 57 11 0
632234 57 0 0
632385 57 0 0
632458 57 11 2
632470 57 56 0
632509 57 0 0
632613 57 56 2
632617 57 12 0
632636 57 0 0
632760 57 0 0
632865 57 0 0
633005 57 12 2
633013 57 57 0
633022 57 0 0
633114 57 57 2
633118 57 2 0
633125 57 0 0
633235 57 0 0
633385 57 0 0
633442 57 2 2
633494 57 37 0
633506 57 0 0
633627 57 0 0
633737 57 37 2
633753 57 40 0
633787 57 0 0
633862 57 40 2
633904 57 0 0
633918 57 58 0
634077 57 0 0
634215 57 0 0
634228 57 58 2
634288 57 35 0
634329 57 0 0
634401 57 35 2
634405 57 50 0
634503 57 0 0
634660 57 0 0
634775 57 0 0
634821 57 50 2
634828 57 7 1
634841 57 62 0
634946 57 0 0
634988 57 2 0
635070 57 0 0
635091 57 22 2
635178 57 0 0
635196 57 7 2
635242 57 62 2
635270 57 38 0
635317 57 0 0
635440 57 0 0
635594 57 38 2
635605 57 0 0
635666 57 63 0
635717 57 0 0
635859 57 0 0
635970 57 0 0
636079 57 0 0
636199 57 0 0
636282 57 63 2
636322 57 12 0
636443 57 0 0
636619 57 12 2
636643 57 2 0
636757 57 2 2
636781 57 13 0
637068 57 13 2
637164 57 3 0
637285 57 3 2
637325 57 23 0
637471 57 23 2
637487 57 24 0
637598 57 24 2
637706 57 28 0
638002 57 28 2
638010 57 25 0
638108 57 25 2
638136 57 26 0
638252 57 26 2
638332 57 0 0
638449 57 0 2
638457 57 3 0
638577 57 3 2
638621 57 4 0
638784 57 4 2
638880 57 5 0
639072 57 5 2
639112 57 15 0
639438 57 15 2
639446 57 14 0
639816 57 14 2
639828 57 50 0
639938 57 50 2
639966 57 6 0
640180 57 6 2
640200 57 4 0
640382 57 4 2
640390 57 8 0
640488 57 8 2
640492 57 47 0
642487 57 47 2
642495 57 49 0
642665 57 49 2
642681 57 11 0
642798 57 11 2
642834 57 5 0
642994 57 5 2
643018 57 37 0
643309 57 37 2
643373 57 4 0
643596 57 4 2
643600 57 1 0
643864 57 1 2
643892 57 27 0
644007 57 27 2
644015 57 2 0
644162 57 2 2
644174 57 11 0
644279 57 11 2
644287 57 7 0
644437 57 7 2
644457 57 3 0
644585 57 3 2
644693 57 6 0
644995 57 6 2
645015 57 9 0
645112 57 9 2
645284 57 8 0
645422 57 8 2
645434 57 11 0
645582 57 11 2
645602 57 12 0
646315 57 12 2
646339 57 16 0
646585 57 16 2
646593 57 13 0
646842 57 13 2
646890 57 2 0
646996 57 2 2
647028 57 40 0
647143 57 40 2
647147 57 25 0
647326 57 25 2
647342 57 31 0
651050 57 31 2
651086 57 33 0
651217 57 33 2
651221 57 36 0
651376 57 36 2
651384 57 4 0
651536 57 4 2
651628 57 5 0
651798 57 5 2
651830 57 34 0
651976 57 34 2
651996 57 35 0
652158 57 35 2
652182 57 32 0
652330 57 32 2
652398 57 17 0
652689 57 17 2
652985 57 38 0
652985 57 38 0
653067 57 38 2
653108 57 7 1
653371 57 0 2
653467 57 7 2
653476 57 0 0
653671 57 0 0
653830 57 0 0
653979 57 0 0
654120 57 0 0
654259 57 0 0
654447 57 0 0
654505 57 38 2
654513 57 27 0
654578 57 0 0
654628 57 27 2
654648 57 35 0
654751 57 0 0
654753 57 35 2
654809 57 28 0
654948 57 28 2
654949 57 0 0
655016 57 3 0
655114 57 3 2
655118 57 46 0
655161 57 0 0
655296 57 0 0
655437 57 46 2
655457 57 4 0
655563 57 4 2
655569 57 0 0
655595 57 0 0
655711 57 0 0
655754 57 0 2
655758 57 29 0
655928 57 29 2
655942 57 0 0
656072 57 47 0
656079 57 0 0
656211 57 0 0
656347 57 47 2
656369 57 0 0
656419 57 30 0
656496 57 0 0
656687 57 30 2
656741 57 0 0
656921 57 0 0
657039 57 31 0
657142 57 0 0
657186 57 31 2
657190 57 44 0
657369 57 0 0
657439 57 44 2
657447 57 43 0
657533 57 0 0
657581 57 43 2
657670 57 0 0
657713 57 32 0
657885 57 32 2
657952 57 0 0
657957 57 33 0
658056 57 33 2
658086 57 0 0
658104 57 33 0
658223 57 33 2
658227 57 0 0
658231 57 27 0
658353 57 27 2
658378 57 0 0
658457 57 54 0
658516 57 0 0
658629 57 0 0
658744 57 0 0
658860 57 54 2
658872 57 28 0
658900 57 0 0
659003 57 28 2
659019 57 32 0
659041 57 0 0
659206 57 0 0
659265 57 32 2
659273 57 56 0
659466 57 0 0
659609 57 0 0
659712 57 0 0
659783 57 56 2
659799 57 33 0
659842 57 0 0
660055 57 0 0
660107 57 33 2
660207 57 41 0
660220 57 0 0
660305 57 41 2
660336 57 0 0
660353 57 61 0
660536 57 61 2
660540 57 39 0
660573 57 0 0
660723 57 0 0
660723 57 39 2
660735 57 7 0
660842 57 0 0
660904 57 7 2
660964 57 8 0
660993 57 0 0
661073 57 8 2
661105 57 63 0
661181 57 0 0
661340 57 63 2
661388 57 0 0
661448 57 0 0
661532 57 0 0
661575 57 0 2
661603 57 57 0
661652 57 0 0
661751 57 57 2
661766 57 0 0
661819 57 58 0
661934 57 0 0
662195 57 0 0
662296 57 58 2
662380 57 46 0
662425 57 7 1
662470 57 0 0
662517 57 46 2
662529 57 59 0
662614 57 0 0
662691 57 2 2
662780 57 7 2
662781 57 59 2
662808 57 0 0
662813 57 32 0
662911 57 32 2
662919 57 50 0
662977 57 0 0
663033 57 50 2
663109 57 60 0
663113 57 0 0
663283 57 0 0
663429 57 60 2
663437 57 62 0
663465 57 0 0
663583 57 0 0
663607 57 62 2
663611 57 3 0
663712 57 0 0
663730 57 3 2
663742 57 5 0
663872 57 5 2
663900 57 17 0
663998 57 17 2
664018 57 6 0
664197 57 6 2
664289 57 11 0
664618 57 11 2
664626 57 10 0
664731 57 10 2
664751 57 11 0
664883 57 11 2
664891 57 6 0
664909 57 2 0
664910 57 0 0
665021 57 6 2
665057 57 36 0
665057 57 0 0
665280 57 0 0
665365 57 36 2
665425 57 12 0
665526 57 0 0
665652 57 12 2
665660 57 0 0
665766 57 0 2
665792 57 0 0
665890 57 15 0
665912 57 0 0
666050 57 15 2
666097 57 0 0
666170 57 7 0
666258 57 0 0
666326 57 7 2
666342 57 0 0
666366 57 0 0
666482 57 0 0
666602 57 0 0
666664 57 0 2
666812 57 9 0
666879 57 0 0
666919 57 9 2
666951 57 8 0
667047 57 0 0
667054 57 8 2
667082 57 40 0
667166 57 0 0
667321 57 0 0
667397 57 40 2
667409 57 41 0
667453 57 0 0
667615 57 0 0
667735 57 0 0
667739 57 41 2
667835 57 14 0
667955 57 0 0
668011 57 14 2
668100 57 0 0
668207 57 0 0
668327 57 29 0
668348 57 0 0
668508 57 29 2
668548 57 30 0
668559 57 0 0
668752 57 30 2
668796 57 17 0
668906 57 17 2
668929 57 0 0
668962 57 18 0
669079 57 18 2
669127 57 19 0
669135 57 0 0
669272 57 0 0
669272 57 19 2
669308 57 21 0
669401 57 0 0
669459 57 21 2
669491 57 22 0
669528 57 0 0
669638 57 0 0
669648 57 22 2
669742 57 0 0
669804 57 4 0
669907 57 0 0
669937 57 4 2
669965 57 18 0
670036 57 0 0
670145 57 0 0
670251 57 0 0
670255 57 18 2
670427 57 61 0
670462 57 0 0
670672 57 61 2
670683 57 0 0
670744 57 54 0
670830 57 0 0
670882 57 54 2
670914 57 55 0
670982 57 0 0
671024 57 0 2
671070 57 55 2
671085 57 0 0
671234 57 0 0
671298 57 40 0
671382 57 0 0
671396 57 40 2
671424 57 49 0
671502 57 0 0
671522 57 49 2
671534 57 51 0
671610 57 0 0
671639 57 51 2
671659 57 37 0
671782 57 37 2
671786 57 20 0
671900 57 20 2
671916 57 3 0
672100 57 0 0
672238 57 0 0
672256 57 3 2
672348 57 21 0
672360 57 0 0
672469 57 21 2
672477 57 56 0
672504 57 0 0
672575 57 56 2
672595 57 57 0
672624 57 0 0
672713 57 57 2
672737 57 0 0
672801 57 58 0
672947 57 58 2
673027 57 59 0
673100 57 0 0
673162 57 59 2
673186 57 63 0
673248 57 0 0
673378 57 0 0
673424 57 63 2
673508 57 33 0
673512 57 0 0
673610 57 33 2
673617 57 0 0
673754 57 0 0
674053 57 0 0
674201 57 0 0
674356 57 0 0
674505 57 0 0
674610 57 0 0
674713 57 0 0
674818 57 0 0
674937 57 0 0
683244 57 2 0
683245 57 0 0
704026 57 2 0
704027 57 7 1
704291 57 2 2
704381 57 7 2
806101 57 2 0
806102 57 2 2
815226 57 2 0
815227 57 2 2
832565 57 2 0
832566 57 2 2
839398 57 2 0
839399 57 7 1
839678 57 2 2
839767 57 7 2
850101 57 2 0
850102 57 7 1
850368 57 2 2
850457 57 7 2
875350 57 7 1
875609 57 2 2
875699 57 7 2
923704 57 2 0
923705 57 7 1
923968 57 2 2
924057 57 7 2
931252 57 2 0
931253 57 2 2
933009 57 2 0
933010 57 2 2
934638 57 2 0
934639 57 2 2
936774 57 2 0
936775 57 2 2
937785 57 2 0
937786 57 2 2
944203 57 2 0
944204 57 2 2
979759 57 2 0
979760 57 2 2
983141 57 2 0
983142 57 2 2
985776 57 7 1
985777 57 2 0
986041 57 2 2
986130 57 7 2
1000829 57 2 0
1000830 57 7 1
1001091 57 2 2
1001180 57 7 2
1097854 57 2 2
1098024 57 2 2
1098283 57 2 2
1115025 57 2 0
1115026 57 7 1
1115291 57 2 2
1115380 57 7 2
1171950 57 2 0
1171951 57 7 1
1172210 57 2 2
1172299 57 7 2
1192542 57 2 0
1192543 57 2 2
1208872 57 2 0
1208873 57 2 2
1209106 57 2 0
1209107 57 2 2
1218189 57 2 0
1218190 57 2 2
1245823 57 2 0
1245824 57 2 2
1249071 57 2 0
1249072 57 2 2
1267717 57 2 0
1267718 57 0 0
1274379 57 2 0
1274380 57 2 2
1280721 57 2 0
1280722 57 2 2
1296792 57 7 1
1297059 57 2 2
1297148 57 7 2
1300950 57 2 0
1300951 57 2 2
1302693 57 2 0
1302694 57 2 2
1303291 57 2 0
1303292 57 2 2
1304123 57 2 0
1304124 57 0 0
1339000 57 2 0
1339001 57 2 2
1341186 57 2 0
1341187 57 2 2
1352556 57 2 0
1352557 57 2 2
1374183 57 2 0
1374184 57 0 0
1378107 57 7 1
1378108 57 2 0
1378368 57 2 2
1378457 57 7 2
1427397 57 2 0
1427398 57 7 1
1427658 57 2 2
1427747 57 7 2
1433282 57 2 0
1433283 57 7 1
1433548 57 2 2
1433637 57 7 2
1438313 57 2 0
1438314 57 2 2
1443381 57 2 0
1443382 57 2 2
1467636 57 7 1
1467899 57 2 2
1467989 57 7 2
1490916 57 2 0
1490917 57 7 1
1491179 57 2 2
1491269 57 7 2
1560064 57 2 0
1560065 57 2 2
1566803 57 2 0
1566804 57 7 1
1567070 57 2 2
1567159 57 7 2
1587411 57 2 0
1587412 57 2 2
1594208 57 38 0
1594208 57 38 0
1595541 57 38 2
1599908 57 2 0
1599909 57 0 0
1600921 57 38 2
1601113 57 12 0
1601210 57 12 2
1602470 57 7 0
1602608 57 7 2
1603684 57 38 0
1603684 57 38 0
1603806 57 38 2
1604028 57 38 2
1604184 57 46 0
1604266 57 46 2
1604466 57 47 0
1604555 57 47 2
1607547 57 42 0
1607900 57 42 2
1608476 57 43 0
1608778 57 43 2
1609354 57 44 0
1609676 57 44 2
1610252 57 45 0
1610551 57 45 2
1610985 57 2 0
1610986 57 0 0
1611127 57 46 0
1611432 57 46 2
1612008 57 47 0
1612298 57 47 2
1612874 57 48 0
1613141 57 48 2
1613717 57 49 0
1613717 57 7 1
1613985 57 62 2
1613997 57 7 1
1614051 57 7 2
1614092 57 49 2
1614275 57 35 2
1614342 57 7 2
1614389 57 7 1
1614530 57 7 1
1614609 57 7 1
1614665 57 25 2
1614668 57 50 0
1614722 57 7 2
1614765 57 7 1
1614795 57 47 2
1614885 57 7 2
1614905 57 61 2
1614951 57 7 1
1614962 57 50 2
1614965 57 7 2
1615035 57 45 2
1615109 57 7 2
1615201 57 7 1
1615215 57 38 2
1615306 57 7 2
1615346 57 7 1
1615401 57 7 1
1615465 57 21 2
1615521 57 7 1
1615538 57 51 0
1615563 57 7 2
1615615 57 22 2
1615663 57 7 1
1615723 57 7 2
1615725 57 51 2
1615741 57 7 1
1615776 57 7 2
1615836 57 33 2
1615840 57 51 2
1615875 57 7 1
1615885 57 7 2
1615945 57 37 2
1615987 57 7 1
1616027 57 7 2
1616055 57 42 2
1616104 57 7 2
1616165 57 54 2
1616239 57 7 2
1616315 57 63 2
1616392 57 7 2
1616416 57 52 0
1616477 57 7 1
1616598 57 7 1
1616755 57 16 2
1616776 57 52 2
1616828 57 7 2
1616854 57 7 1
1616865 57 27 2
1616927 57 7 1
1616941 57 7 2
1617115 57 7 1
1617115 57 8 2
1617145 57 7 1
1617197 57 7 2
1617245 57 58 2
1617255 57 7 1
1617279 57 7 2
1617352 57 53 0
1617385 57 14 2
1617389 57 7 1
1617484 57 7 1
1617495 57 49 2
1617498 57 7 2
1617529 57 7 2
1617605 57 48 2
1617647 57 7 2
1617657 57 7 1
1617663 57 53 2
1617710 57 7 1
1617715 57 52 2
1617773 57 7 2
1617825 57 50 2
1617837 57 7 1
1617867 57 7 2
1617955 57 31 2
1617964 57 7 1
1618061 57 7 2
1618075 57 32 2
1618113 57 7 1
1618133 57 7 2
1618191 57 7 1
1618195 57 53 2
1618239 57 54 0
1618260 57 7 2
1618305 57 46 2
1618308 57 7 1
1618386 57 7 1
1618387 57 7 2
1618425 57 10 2
1618507 57 7 2
1618535 57 60 2
1618544 57 54 2
1618545 57 7 1
1618586 57 7 2
1618645 57 43 2
1618659 57 7 1
1618703 57 7 2
1618755 57 56 2
1618789 57 7 2
1618801 57 7 1
1618865 57 36 2
1618903 57 7 1
1618939 57 7 2
1618985 57 17 2
1619014 57 7 1
1619051 57 7 2
1619095 57 11 2
1619120 57 55 0
1619185 57 7 2
1619205 57 28 2
1619287 57 7 2
1619289 57 7 1
1619311 57 2 0
1619312 57 2 2
1619315 57 19 2
1619343 57 7 1
1619370 57 55 2
1619398 57 7 2
1619555 57 3 2
1619604 57 7 1
1619653 57 7 2
1619667 57 59 2
1619709 57 7 2
1619721 57 7 1
1619847 57 7 1
1619865 57 1 2
1619924 57 7 1
1619946 57 56 0
1619947 57 7 2
1619985 57 29 2
1620061 57 7 1
1620075 57 7 2
1620115 57 4 2
1620162 57 7 1
1620221 57 7 2
1620222 57 56 2
1620225 57 18 2
1620233 57 7 1
1620301 57 7 2
1620335 57 20 2
1620367 57 7 1
1620427 57 7 2
1620445 57 55 2
1620509 57 7 1
1620527 57 7 2
1620554 57 40 2
1620578 57 7 1
1620605 57 7 2
1620665 57 26 2
1620730 57 7 2
1620775 57 39 2
1620794 57 7 1
1620798 57 57 0
1620807 57 7 1
1620873 57 7 2
1620885 57 24 2
1620933 57 7 1
1620951 57 7 2
1621055 57 15 2
1621165 57 57 2
1621178 57 7 2
1621181 57 57 2
1621190 57 7 2
1621203 57 7 1
1621275 57 41 2
1621317 57 7 2
1621325 57 7 1
1621459 57 7 1
1621465 57 6 2
1621577 57 7 1
1621588 57 7 2
1621615 57 9 2
1621639 57 7 1
1621689 57 7 2
1621725 57 30 2
1621757 57 58 0
1621822 57 7 2
1621845 57 13 2
1621952 57 7 2
1621956 57 34 2
1622013 57 7 2
1622029 57 7 1
1622055 57 58 2
1622110 57 7 1
1622295 57 12 2
1622393 57 7 2
1622405 57 44 2
1622471 57 7 2
1622631 57 59 0
1622971 57 59 2
1623046 57 7 1
1623305 57 5 2
1623419 57 7 2
1623547 57 60 0
1623805 57 7 1
1623906 57 60 2
1624085 57 23 2
1624162 57 7 1
1624199 57 7 2
1624425 57 7 2
1624482 57 61 0
1624556 57 7 2
1624812 57 61 2
1625388 57 62 0
1625686 57 62 2
1626262 57 63 0
1626613 57 63 2
1627189 57 0 0
1627189 57 0 0
1627271 57 0 2
1627591 57 0 2
1627859 57 2 0
1628059 57 2 2
1628115 57 3 0
1628246 57 3 2
1628250 57 7 0
1628596 57 7 2
1628684 57 4 0
1628684 57 4 0
1628782 57 4 2
1628825 57 4 2
1629213 57 1 0
1629502 57 1 2
1630078 57 2 0
1630400 57 2 2
1630976 57 3 0
1631317 57 3 2
1631893 57 4 0
1632186 57 4 2
1632762 57 5 0
1633052 57 5 2
1633628 57 6 0
1634012 57 6 2
1634588 57 7 0
1634937 57 7 2
1635223 57 7 1
1635505 57 0 2
1635513 57 8 0
1635595 57 7 2
1635762 57 8 2
1636338 57 9 0
1636632 57 9 2
1637208 57 10 0
1637522 57 10 2
1638098 57 11 0
1638430 57 11 2
1639006 57 12 0
1639306 57 12 2
1639882 57 13 0
1640192 57 13 2
1640768 57 14 0
1641134 57 14 2
1641710 57 15 0
1642059 57 15 2
1642635 57 16 0
1642892 57 16 2
1643468 57 17 0
1643762 57 17 2
1644338 57 18 0
1644624 57 18 2
1645200 57 19 0
1645512 57 19 2
1646088 57 20 0
1646386 57 20 2
1646962 57 21 0
1647252 57 21 2
1647828 57 22 0
1648196 57 22 2
1648772 57 23 0
1649082 57 23 2
1649658 57 24 0
1649912 57 24 2
1650488 57 25 0
1650782 57 25 2
1651358 57 26 0
1651636 57 26 2
1652212 57 27 0
1652514 57 27 2
1653090 57 28 0
1653396 57 28 2
1653972 57 29 0
1654262 57 29 2
1654838 57 30 0
1655178 57 30 2
1655754 57 31 0
1656074 57 31 2
1656650 57 32 0
1656650 57 32 0
1656701 57 32 2
1656902 57 32 2
1657478 57 33 0
1657772 57 33 2
1658348 57 34 0
1658628 57 34 2
1659204 57 35 0
1659506 57 35 2
1660082 57 36 0
1660386 57 36 2
1660962 57 37 0
1661251 57 37 2
1661827 57 38 0
1662160 57 38 2
1662736 57 39 0
1663016 57 39 2
1677752 57 8 0
1678032 57 8 2
1702220 57 2 2
1702391 57 2 2
1702650 57 2 2
1709071 57 2 0
1710296 57 2 0
1710433 57 2 0
1710570 57 2 0
1711372 57 2 0
1711580 57 31 0
1711599 57 2 0
1711747 57 2 0
1711845 57 31 2
1711889 57 35 0
1712042 57 2 0
1712177 57 35 2
1712237 57 32 0
1712241 57 2 0
1712394 57 2 0
1712400 57 32 2
1712456 57 46 0
1712521 57 2 0
1712536 57 46 2
1712568 57 12 0
1712664 57 12 2
1712676 57 33 0
1712685 57 2 0
1712775 57 33 2
1712867 57 34 0
1712964 57 34 2
1712996 57 1 0
1713077 57 1 2
1713080 57 2 0
1713121 57 32 0
1713214 57 2 0
1713278 57 32 2
1713286 57 35 0
1713345 57 2 0
1713392 57 35 2
1713396 57 60 0
1713552 57 60 2
1713568 57 61 0
1713797 57 61 2
1713857 57 48 0
1714008 57 2 0
1714157 57 2 0
1714265 57 2 0
1714393 57 2 0
1714418 57 48 2
1714458 57 49 0
1714559 57 49 2
1714564 57 2 0
1714595 57 36 0
1714595 57 36 0
1714662 57 36 2
1714714 57 2 0
1714714 57 36 2
1714778 57 37 0
1714778 57 37 0
1714851 57 2 0
1714853 57 37 2
1714902 57 37 2
1714950 57 58 0
1714950 57 58 0
1714976 57 58 2
1715169 57 2 0
1715215 57 58 2
1715227 57 31 0
1715478 57 2 0
1715525 57 31 2
1715537 57 30 0
1715663 57 2 0
1715871 57 30 2
1715879 57 59 0
1715879 57 59 0
1715906 57 2 0
1715914 57 59 2
1715995 57 59 2
1716047 57 34 0
1716301 57 2 0
1716331 57 34 2
1716371 57 0 0
1716371 57 0 0
1716453 57 0 2
1716458 57 2 0
1716585 57 2 0
1716616 57 0 2
1716624 57 33 0
1716721 57 2 0
1716910 57 33 2
1716922 57 2 0
1716926 57 60 0
1717088 57 2 0
1717112 57 60 2
1717132 57 32 0
1717264 57 2 0
1717379 57 32 2
1717421 57 2 0
1717455 57 61 0
1717550 57 2 0
1717620 57 61 2
1717678 57 2 0
1717744 57 62 0
1717975 57 2 0
1718092 57 2 0
1718225 57 2 0
1718356 57 2 0
1718388 57 62 2
1718476 57 12 0
1718486 57 2 0
1718593 57 12 2
1718605 57 39 0
1718608 57 2 0
1718758 57 2 0
1718916 57 2 0
1718933 57 39 2
1718945 57 13 0
1719065 57 2 0
1719080 57 13 2
1719084 57 48 0
1719216 57 2 0
1719228 57 48 2
1719240 57 59 0
1719331 57 2 0
1719374 57 59 2
1719402 57 54 0
1719402 57 54 0
1719468 57 54 2
1719472 57 2 0
1719553 57 54 2
1719593 57 55 0
1719612 57 2 0
1719747 57 55 2
1719771 57 56 0
1719784 57 2 0
1719893 57 56 2
1719921 57 57 0
1719930 57 2 0
1720023 57 57 2
1720087 57 58 0
1720193 57 2 0
1720343 57 2 0
1720384 57 58 2
1720420 57 49 0
1720464 57 2 0
1720604 57 49 2
1720610 57 2 0
1720613 57 54 2
1720644 57 63 0
1720752 57 2 0
1720896 57 2 0
1720954 57 63 2
1720955 57 56 2
1721002 57 15 0
1721113 57 2 0
1721141 57 15 2
1721156 57 54 2
1721157 57 44 0
1721271 57 2 0
1721274 57 44 2
1721294 57 45 0
1721394 57 2 0
1721422 57 45 2
1721496 57 54 2
1721501 57 56 2
1721523 57 2 0
1721670 57 0 0
1721677 57 2 0
1721783 57 0 2
1721827 57 2 0
1721875 57 1 0
1721973 57 1 2
1722022 57 56 2
1722073 57 2 0
1722173 57 2 2
1722181 57 47 0
1722279 57 47 2
1722291 57 41 0
1722389 57 41 2
1722461 57 3 0
1722569 57 3 2
1722829 57 5 0
1722951 57 5 2
1722999 57 6 0
1723132 57 6 2
1723220 57 7 0
1723360 57 7 2
1723468 57 8 0
1723580 57 8 2
1723636 57 1 0
1723636 57 1 0
1723710 57 1 2
1723718 57 1 2
1724166 57 46 0
1724247 57 46 2
1724255 57 4 0
1724371 57 4 2
1724395 57 47 0
1724484 57 47 2
1724545 57 51 2
1724583 57 2 0
1724584 57 2 2
1724628 57 12 0
1724725 57 12 2
1725075 57 55 2
1725084 57 51 2
1725089 57 10 0
1725198 57 10 2
1725223 57 53 2
1725318 57 1 0
1725424 57 1 2
1725442 57 51 2
1725622 57 55 2
1725762 57 53 2
1725872 57 46 0
1725872 57 46 0
1725954 57 46 2
1725979 57 55 2
1725986 57 47 0
1725986 57 46 2
1726040 57 52 2
1726076 57 47 2
1726113 57 53 2
1726220 57 12 0
1726317 57 12 2
1726579 57 52 2
1726801 57 1 0
1726801 57 1 0
1726880 57 1 2
1726883 57 1 2
1726928 57 52 2
1727331 57 46 0
1727412 57 46 2
1727444 57 47 0
1727444 57 47 0
1727535 57 47 2
1727556 57 47 2
1727679 57 12 0
1727679 57 12 0
1727770 57 12 2
1727775 57 12 2
1728259 57 1 0
1728259 57 1 0
1728333 57 1 2
1728341 57 1 2
1728789 57 46 0
1728789 57 46 0
1728863 57 46 2
1728873 57 46 2
1728905 57 47 0
1728905 57 47 0
1728987 57 47 2
1728996 57 47 2
1729140 57 12 0
1729140 57 12 0
1729230 57 12 2
1729238 57 12 2
1729722 57 1 0
1729722 57 1 0
1729796 57 1 2
1729804 57 1 2
1730252 57 46 0
1730252 57 46 0
1730326 57 46 2
1730334 57 46 2
1730366 57 47 0
1730366 57 47 0
1730448 57 47 2
1730456 57 47 2
1730600 57 12 0
1730600 57 12 0
1730692 57 12 2
1730714 57 12 2
1731198 57 1 0
1731198 57 1 0
1731272 57 1 2
1731280 57 1 2
1731728 57 46 0
1731728 57 46 0
1731805 57 46 2
1731860 57 46 2
1731892 57 47 0
1731892 57 47 0
1731974 57 47 2
1732031 57 47 2
1732175 57 12 0
1732175 57 12 0
1732267 57 12 2
1732284 57 12 2
1732672 57 1 0
1732672 57 1 0
1732746 57 1 2
1732758 57 1 2
1732808 57 2 0
1732809 57 2 2
1733190 57 7 0
1733321 57 7 2
1733337 57 46 0
1733337 57 46 0
1733412 57 46 2
1733469 57 46 2
1733501 57 47 0
1733501 57 47 0
1733583 57 47 2
1733640 57 47 2
1733784 57 12 0
1733784 57 12 0
1733874 57 12 2
1733899 57 12 2
1734383 57 1 0
1734383 57 1 0
1734457 57 1 2
1734467 57 1 2
1734915 57 46 0
1734915 57 46 0
1734989 57 46 2
1734996 57 46 2
1735028 57 47 0
1735028 57 47 0
1735110 57 47 2
1735120 57 47 2
1735264 57 12 0
1735264 57 12 0
1735354 57 12 2
1735362 57 12 2
1735846 57 1 0
1735846 57 1 0
1735920 57 1 2
1735928 57 1 2
1736197 57 2 0
1736198 57 2 2
1736376 57 46 0
1736376 57 46 0
1736463 57 46 2
1736467 57 46 2
1736499 57 47 0
1736499 57 47 0
1736581 57 47 2
1736590 57 47 2
1736734 57 5 0
1736856 57 5 2
1736864 57 61 0
1736864 57 61 0
1736914 57 61 2
1736922 57 61 2
1736930 57 29 0
1737220 57 29 2
1737236 57 62 0
1737236 57 62 0
1737294 57 62 2
1737302 57 62 2
1737578 57 63 0
1737578 57 63 0
1737644 57 63 2
1737717 57 63 2
1738141 57 12 0
1738141 57 12 0
1738231 57 12 2
1738258 57 12 2
1738698 57 11 0
1738812 57 11 2
1739024 57 1 0
1739024 57 1 0
1739098 57 1 2
1739105 57 1 2
1739553 57 46 0
1739553 57 46 0
1739627 57 46 2
1739635 57 46 2
1739667 57 47 0
1739667 57 47 0
1739711 57 51 2
1739750 57 47 2
1739761 57 47 2
1739905 57 12 0
1739905 57 12 0
1739995 57 12 2
1740003 57 12 2
1740487 57 1 0
1740487 57 1 0
1740561 57 1 2
1740570 57 1 2
1741018 57 46 0
1741018 57 46 0
1741092 57 46 2
1741101 57 46 2
1741133 57 47 0
1741133 57 47 0
1741215 57 47 2
1741222 57 47 2
1741366 57 12 0
1741366 57 12 0
1741456 57 12 2
1741466 57 12 2
1741950 57 1 0
1741950 57 1 0
1742024 57 1 2
1742032 57 1 2
1742480 57 46 0
1742480 57 46 0
1742560 57 46 2
1742578 57 46 2
1742610 57 47 0
1742610 57 47 0
1742695 57 47 2
1742699 57 47 2
1742843 57 12 0
1742843 57 12 0
1742933 57 12 2
1742941 57 12 2
1743425 57 1 0
1743425 57 1 0
1743499 57 1 2
1743507 57 1 2
1743955 57 46 0
1743955 57 46 0
1744030 57 46 2
1744042 57 46 2
1744074 57 47 0
1744074 57 47 0
1744157 57 47 2
1744164 57 47 2
1744308 57 12 0
1744405 57 12 2
1744889 57 1 0
1744889 57 1 0
1744963 57 1 2
1744971 57 1 2
1745419 57 46 0
1745419 57 46 0
1745493 57 46 2
1745501 57 46 2
1745533 57 47 0
1745533 57 47 0
1745616 57 47 2
1745622 57 47 2
1745766 57 12 0
1745766 57 12 0
1745856 57 12 2
1745864 57 12 2
1746348 57 1 0
1746348 57 1 0
1746423 57 1 2
1746434 57 1 2
1746866 57 8 0
1746866 57 8 0
1746940 57 8 2
1746981 57 8 2
1746997 57 46 0
1746997 57 46 0
1747080 57 46 2
1747111 57 46 2
1747112 57 47 0
1747112 57 47 0
1747202 57 47 2
1747224 57 47 2
1747346 57 12 0
1747346 57 12 0
1747443 57 12 2
1747456 57 12 2
1747927 57 1 0
1747927 57 1 0
1748010 57 1 2
1748011 57 1 2
1748458 57 46 0
1748458 57 46 0
1748532 57 46 2
1748542 57 46 2
1748574 57 47 0
1748574 57 47 0
1748656 57 47 2
1748663 57 47 2
1748807 57 12 0
1748807 57 12 0
1748897 57 12 2
1748904 57 12 2
1749388 57 1 0
1749388 57 1 0
1749462 57 1 2
1749470 57 1 2
1749918 57 46 0
1749918 57 46 0
1749992 57 46 2
1749999 57 46 2
1750031 57 47 0
1750031 57 47 0
1750113 57 47 2
1750125 57 47 2
1750269 57 12 0
1750269 57 12 0
1750359 57 12 2
1750367 57 12 2
1750851 57 1 0
1750851 57 1 0
1750931 57 1 2
1750932 57 1 2
1751380 57 46 0
1751380 57 46 0
1751454 57 46 2
1751462 57 46 2
1751494 57 47 0
1751494 57 47 0
1751576 57 47 2
1751583 57 47 2
1751727 57 12 0
1751727 57 12 0
1751817 57 12 2
1751825 57 12 2
1752309 57 1 0
1752309 57 1 0
1752383 57 1 2
1752391 57 1 2
1752839 57 46 0
1752839 57 46 0
1752916 57 46 2
1752924 57 46 2
1752956 57 47 0
1752956 57 47 0
1753039 57 47 2
1753051 57 47 2
1753195 57 12 0
1753195 57 12 0
1753285 57 12 2
1753303 57 12 2
1753787 57 1 0
1753787 57 1 0
1753861 57 1 2
1753869 57 1 2
1754317 57 46 0
1754317 57 46 0
1754391 57 46 2
1754401 57 46 2
1754433 57 47 0
1754433 57 47 0
1754515 57 47 2
1754525 57 47 2
1754669 57 12 0
1754669 57 12 0
1754760 57 12 2
1754768 57 12 2
1755252 57 1 0
1755252 57 1 0
1755328 57 1 2
1755337 57 1 2
1755785 57 46 0
1755785 57 46 0
1755862 57 46 2
1755871 57 46 2
1755903 57 47 0
1755903 57 47 0
1755988 57 47 2
1755998 57 47 2
1756142 57 12 0
1756142 57 12 0
1756232 57 12 2
1756239 57 12 2
1756723 57 1 0
1756723 57 1 0
1756797 57 1 2
1756805 57 1 2
1757253 57 46 0
1757253 57 46 0
1757330 57 46 2
1757353 57 46 2
1757385 57 47 0
1757385 57 47 0
1757467 57 47 2
1757474 57 47 2
1757618 57 12 0
1757618 57 12 0
1757708 57 12 2
1757716 57 12 2
1758200 57 1 0
1758200 57 1 0
1758274 57 1 2
1758282 57 1 2
1758714 57 9 0
1758819 57 9 2
1758835 57 46 0
1758835 57 46 0
1758918 57 46 2
1758939 57 46 2
1758950 57 47 0
1758950 57 47 0
1759032 57 47 2
1759040 57 47 2
1759184 57 12 0
1759184 57 12 0
1759274 57 12 2
1759282 57 12 2
1759766 57 1 0
1759766 57 1 0
1759854 57 1 2
1759860 57 1 2
1760302 57 46 0
1760302 57 46 0
1760377 57 46 2
1760385 57 46 2
1760417 57 47 0
1760417 57 47 0
1760499 57 47 2
1760507 57 47 2
1760651 57 12 0
1760651 57 12 0
1760741 57 12 2
1760752 57 12 2
1761236 57 1 0
1761236 57 1 0
1761311 57 1 2
1761319 57 1 2
1761767 57 46 0
1761767 57 46 0
1761841 57 46 2
1761855 57 46 2
1761887 57 47 0
1761887 57 47 0
1761969 57 47 2
1761977 57 47 2
1762121 57 12 0
1762121 57 12 0
1762214 57 12 2
1762221 57 12 2
1762705 57 1 0
1762705 57 1 0
1762780 57 1 2
1762790 57 1 2
1763238 57 46 0
1763238 57 46 0
1763312 57 46 2
1763319 57 46 2
1763351 57 47 0
1763351 57 47 0
1763433 57 47 2
1763441 57 47 2
1763585 57 12 0
1763585 57 12 0
1763675 57 12 2
1763687 57 12 2
1764171 57 1 0
1764171 57 1 0
1764258 57 1 2
1764260 57 1 2
1764708 57 46 0
1764708 57 46 0
1764791 57 46 2
1764802 57 46 2
1764823 57 47 0
1764823 57 47 0
1764905 57 47 2
1764913 57 47 2
1765057 57 12 0
1765057 57 12 0
1765147 57 12 2
1765154 57 12 2
1765638 57 1 0
1765638 57 1 0
1765723 57 1 2
1765744 57 1 2
1766171 57 46 0
1766171 57 46 0
1766246 57 46 2
1766251 57 46 2
1766283 57 47 0
1766283 57 47 0
1766367 57 47 2
1766375 57 47 2
1766519 57 12 0
1766519 57 12 0
1766617 57 12 2
1766629 57 12 2
1767101 57 1 0
1767101 57 1 0
1767183 57 1 2
1767235 57 1 2
1767631 57 46 0
1767631 57 46 0
1767705 57 46 2
1767714 57 46 2
1767746 57 47 0
1767746 57 47 0
1767828 57 47 2
1767839 57 47 2
1767983 57 12 0
1767983 57 12 0
1768081 57 12 2
1768123 57 12 2
1768565 57 1 0
1768565 57 1 0
1768647 57 1 2
1768729 57 1 2
1769095 57 46 0
1769095 57 46 0
1769176 57 46 2
1769180 57 46 2
1769208 57 47 0
1769208 57 47 0
1769298 57 47 2
1769301 57 47 2
1769442 57 12 0
1769442 57 12 0
1769471 57 2 0
1769472 57 2 2
1769533 57 12 2
1769551 57 12 2
1770035 57 1 0
1770035 57 1 0
1770109 57 1 2
1770118 57 1 2
1770550 57 10 0
1770680 57 10 2
1770696 57 46 0
1770696 57 46 0
1770701 57 2 0
1770702 57 2 2
1770777 57 46 2
1770809 57 47 0
1770809 57 47 0
1770811 57 46 2
1770901 57 47 2
1770932 57 47 2
1771076 57 12 0
1771076 57 12 0
1771176 57 12 2
1771185 57 12 2
1771669 57 1 0
1771669 57 1 0
1771743 57 1 2
1771751 57 1 2
1772199 57 46 0
1772199 57 46 0
1772291 57 46 2
1772293 57 46 2
1772294 57 2 0
1772295 57 2 2
1772325 57 47 0
1772325 57 47 0
1772407 57 47 2
1772431 57 47 2
1772575 57 12 0
1772575 57 12 0
1772665 57 12 2
1772685 57 12 2
1773169 57 1 0
1773169 57 1 0
1773243 57 1 2
1773251 57 1 2
1773699 57 46 0
1773699 57 46 0
1773781 57 46 2
1773784 57 46 2
1773813 57 47 0
1773813 57 47 0
1773905 57 47 2
1773927 57 47 2
1774071 57 12 0
1774071 57 12 0
1774161 57 12 2
1774181 57 12 2
1774665 57 1 0
1774665 57 1 0
1774739 57 1 2
1774748 57 1 2
1775196 57 46 0
1775196 57 46 0
1775270 57 46 2
1775294 57 46 2
1775326 57 47 0
1775326 57 47 0
1775408 57 47 2
1775428 57 47 2
1775572 57 12 0
1775572 57 12 0
1775672 57 12 2
1775687 57 12 2
1776171 57 1 0
1776171 57 1 0
1776245 57 1 2
1776253 57 1 2
1776701 57 46 0
1776701 57 46 0
1776775 57 46 2
1776785 57 46 2
1776817 57 47 0
1776817 57 47 0
1776899 57 47 2
1776917 57 47 2
1777061 57 12 0
1777061 57 12 0
1777161 57 12 2
1777171 57 12 2
1777655 57 1 0
1777655 57 1 0
1777729 57 1 2
1777737 57 1 2
1778185 57 46 0
1778185 57 46 0
1778259 57 46 2
1778280 57 46 2
1778312 57 47 0
1778312 57 47 0
1778394 57 47 2
1778407 57 47 2
1778551 57 12 0
1778551 57 12 0
1778651 57 12 2
1778669 57 12 2
1779153 57 1 0
1779153 57 1 0
1779227 57 1 2
1779240 57 1 2
1779688 57 46 0
1779688 57 46 0
1779763 57 46 2
1779770 57 46 2
1779802 57 47 0
1779802 57 47 0
1779886 57 47 2
1779905 57 47 2
1780049 57 12 0
1780049 57 12 0
1780149 57 12 2
1780175 57 12 2
1780659 57 1 0
1780659 57 1 0
1780733 57 1 2
1780740 57 1 2
1781188 57 46 0
1781188 57 46 0
1781247 57 2 0
1781248 57 2 2
1781263 57 46 2
1781272 57 46 2
1781304 57 47 0
1781304 57 47 0
1781386 57 47 2
1781404 57 47 2
1781548 57 12 0
1781548 57 12 0
1781638 57 12 2
1781658 57 12 2
1782142 57 1 0
1782142 57 1 0
1782216 57 1 2
1782224 57 1 2
1782656 57 11 0
1782656 57 11 0
1782738 57 11 2
1782777 57 11 2
1782793 57 46 0
1782793 57 46 0
1782867 57 46 2
1782874 57 46 2
1782906 57 47 0
1782906 57 47 0
1782988 57 47 2
1783005 57 47 2
1783026 57 2 0
1783027 57 2 2
1783149 57 12 0
1783149 57 12 0
1783249 57 12 2
1783267 57 12 2
1783751 57 1 0
1783751 57 1 0
1783827 57 1 2
1783836 57 1 2
1784284 57 46 0
1784284 57 46 0
1784358 57 46 2
1784377 57 46 2
1784409 57 47 0
1784409 57 47 0
1784501 57 47 2
1784519 57 47 2
1784575 57 2 0
1784576 57 2 2
1784663 57 12 0
1784663 57 12 0
1784763 57 12 2
1784781 57 12 2
1785265 57 1 0
1785265 57 1 0
1785339 57 1 2
1785347 57 1 2
1785795 57 46 0
1785795 57 46 0
1785869 57 46 2
1785878 57 46 2
1785910 57 47 0
1785910 57 47 0
1786002 57 47 2
1786011 57 47 2
1786155 57 12 0
1786155 57 12 0
1786255 57 12 2
1786273 57 12 2
1786757 57 1 0
1786757 57 1 0
1786831 57 1 2
1786839 57 1 2
1787287 57 46 0
1787287 57 46 0
1787361 57 46 2
1787369 57 46 2
1787401 57 47 0
1787401 57 47 0
1787456 57 2 0
1787457 57 2 2
1787503 57 47 2
1787511 57 47 2
1787655 57 12 0
1787655 57 12 0
1787755 57 12 2
1787773 57 12 2
1788257 57 1 0
1788257 57 1 0
1788331 57 1 2
1788342 57 1 2
1788790 57 46 0
1788790 57 46 0
1788811 57 2 0
1788812 57 2 2
1788871 57 46 2
1788877 57 46 2
1788909 57 47 0
1788909 57 47 0
1789001 57 47 2
1789010 57 47 2
1789154 57 12 0
1789154 57 12 0
1789254 57 12 2
1789272 57 12 2
1789756 57 1 0
1789756 57 1 0
1789830 57 1 2
1789840 57 1 2
1790288 57 46 0
1790288 57 46 0
1790362 57 46 2
1790370 57 46 2
1790402 57 47 0
1790402 57 47 0
1790494 57 47 2
1790514 57 47 2
1790658 57 12 0
1790658 57 12 0
1790748 57 12 2
1790766 57 12 2
1791250 57 1 0
1791250 57 1 0
1791324 57 1 2
1791331 57 1 2
1791779 57 46 0
1791779 57 46 0
1791855 57 46 2
1791871 57 46 2
1791903 57 47 0
1791903 57 47 0
1791985 57 47 2
1792003 57 47 2
1792147 57 12 0
1792147 57 12 0
1792247 57 12 2
1792254 57 12 2
1792738 57 1 0
1792738 57 1 0
1792812 57 1 2
1792827 57 1 2
1793275 57 46 0
1793275 57 46 0
1793362 57 46 2
1793365 57 46 2
1793397 57 47 0
1793397 57 47 0
1793479 57 47 2
1793499 57 47 2
1793643 57 12 0
1793643 57 12 0
1793660 57 2 0
1793661 57 2 2
1793744 57 12 2
1793762 57 12 2
1794246 57 1 0
1794246 57 1 0
1794320 57 1 2
1794329 57 1 2
1794761 57 12 0
1794761 57 12 0
1794851 57 12 2
1794870 57 12 2
1794886 57 46 0
1794886 57 46 0
1794967 57 46 2
1794983 57 46 2
1794999 57 47 0
1794999 57 47 0
1795110 57 47 2
1795122 57 47 2
1795254 57 12 0
1795254 57 12 0
1795356 57 12 2
1795366 57 12 2
1795850 57 1 0
1795850 57 1 0
1795932 57 1 2
1796034 57 1 2
1796380 57 46 0
1796380 57 46 0
1796475 57 46 2
1796495 57 46 2
1796507 57 47 0
1796507 57 47 0
1796589 57 47 2
1796679 57 47 2
1796823 57 12 0
1796823 57 12 0
1796954 57 12 2
1796973 57 12 2
1797438 57 1 0
1797438 57 1 0
1797520 57 1 2
1797582 57 1 2
1797968 57 46 0
1797968 57 46 0
1798042 57 46 2
1798050 57 46 2
1798082 57 47 0
1798082 57 47 0
1798164 57 47 2
1798192 57 47 2
1798336 57 12 0
1798336 57 12 0
1798427 57 12 2
1798439 57 12 2
1798923 57 1 0
1798923 57 1 0
1799025 57 1 2
1799037 57 1 2
1799473 57 46 0
1799473 57 46 0
1799547 57 46 2
1799555 57 46 2
1799587 57 47 0
1799587 57 47 0
1799670 57 47 2
1799679 57 47 2
1799823 57 12 0
1799823 57 12 0
1799941 57 12 2
1799943 57 12 2
1800425 57 1 0
1800425 57 1 0
1800516 57 1 2
1800549 57 1 2
1800964 57 46 0
1800964 57 46 0
1801038 57 46 2
1801078 57 46 2
1801110 57 47 0
1801110 57 47 0
1801199 57 47 2
1801212 57 47 2
1801343 57 12 0
1801343 57 12 0
1801433 57 12 2
1801458 57 12 2
1801942 57 1 0
1801942 57 1 0
1802034 57 1 2
1802077 57 1 2
1802482 57 46 0
1802482 57 46 0
1802556 57 46 2
1802564 57 46 2
1802596 57 47 0
1802596 57 47 0
1802678 57 47 2
1802693 57 47 2
1802837 57 12 0
1802837 57 12 0
1802927 57 12 2
1802935 57 12 2
1803419 57 1 0
1803419 57 1 0
1803502 57 1 2
1803533 57 1 2
1803950 57 46 0
1803950 57 46 0
1804024 57 46 2
1804032 57 46 2
1804064 57 47 0
1804064 57 47 0
1804146 57 47 2
1804157 57 47 2
1804301 57 12 0
1804301 57 12 0
1804391 57 12 2
1804419 57 12 2
1804903 57 1 0
1804903 57 1 0
1805006 57 1 2
1805008 57 1 2
1805454 57 46 0
1805454 57 46 0
1805528 57 46 2
1805543 57 46 2
1805575 57 47 0
1805575 57 47 0
1805657 57 47 2
1805665 57 47 2
1805809 57 12 0
1805809 57 12 0
1805910 57 12 2
1805918 57 12 2
1806402 57 1 0
1806402 57 1 0
1806494 57 1 2
1806526 57 1 2
1806926 57 13 0
1807056 57 13 2
1807072 57 46 0
1807072 57 46 0
1807176 57 46 2
1807185 57 46 2
1807217 57 47 0
1807217 57 47 0
1807299 57 47 2
1807308 57 47 2
1807452 57 12 0
1807452 57 12 0
1807553 57 12 2
1807565 57 12 2
1808049 57 1 0
1808049 57 1 0
1808163 57 1 2
1808182 57 1 2
1808630 57 46 0
1808630 57 46 0
1808705 57 46 2
1808713 57 46 2
1808745 57 47 0
1808745 57 47 0
1808827 57 47 2
1808841 57 47 2
1808985 57 12 0
1808985 57 12 0
1809075 57 12 2
1809082 57 12 2
1809566 57 1 0
1809566 57 1 0
1809670 57 1 2
1809678 57 1 2
1810126 57 46 0
1810126 57 46 0
1810200 57 46 2
1810209 57 46 2
1810241 57 47 0
1810241 57 47 0
1810324 57 47 2
1810329 57 47 2
1810473 57 12 0
1810473 57 12 0
1810563 57 12 2
1810571 57 12 2
1810816 57 47 2
1811055 57 1 0
1811188 57 1 2
1811524 57 51 2
1811636 57 46 0
1811636 57 46 0
1811710 57 46 2
1811720 57 46 2
1811752 57 47 0
1811752 57 47 0
1811834 57 47 2
1811844 57 47 2
1811988 57 12 0
1811988 57 12 0
1812078 57 12 2
1812091 57 12 2
1812223 57 1 0
1812551 57 1 2
1812796 57 50 2
1812903 57 1 0
1812903 57 1 0
1812989 57 1 2
1813057 57 1 2
1813262 57 52 2
1813437 57 46 0
1813437 57 46 0
1813519 57 46 2
1813551 57 47 0
1813551 57 47 0
1813581 57 46 2
1813640 57 47 2
1813694 57 47 2
1813784 57 12 0
1813784 57 12 0
1813882 57 12 2
1813944 57 12 2
1814014 57 1 0
1814232 57 1 2
1814584 57 1 0
1814584 57 1 0
1814658 57 1 2
1814674 57 1 2
1815122 57 46 0
1815122 57 46 0
1815196 57 46 2
1815204 57 46 2
1815236 57 47 0
1815236 57 47 0
1815315 57 53 2
1815320 57 47 2
1815331 57 47 2
1815475 57 12 0
1815475 57 12 0
1815565 57 12 2
1815572 57 12 2
1815704 57 1 0
1815862 57 1 2
1815937 57 53 2
1816038 57 1 0
1816277 57 1 2
1816453 57 1 0
1816551 57 1 2
1816999 57 46 0
1816999 57 46 0
1817074 57 46 2
1817079 57 46 2
1817111 57 47 0
1817111 57 47 0
1817193 57 47 2
1817200 57 47 2
1817344 57 12 0
1817344 57 12 0
1817434 57 12 2
1817442 57 12 2
1817926 57 1 0
1817926 57 1 0
1818000 57 1 2
1818008 57 1 2
1818456 57 46 0
1818456 57 46 0
1818530 57 46 2
1818538 57 46 2
1818547 57 55 2
1818570 57 47 0
1818570 57 47 0
1818652 57 47 2
1818660 57 47 2
1818804 57 12 0
1818804 57 12 0
1818894 57 12 2
1818902 57 12 2
1819034 57 1 0
1819162 57 1 2
1819244 57 55 2
1819338 57 1 0
1819478 57 1 2
1819654 57 1 0
1819654 57 1 0
1819729 57 1 2
1819772 57 1 2
1820098 57 56 2
1820220 57 46 0
1820220 57 46 0
1820232 57 56 2
1820294 57 46 2
1820311 57 46 2
1820343 57 47 0
1820343 57 47 0
1820425 57 47 2
1820442 57 47 2
1820586 57 12 0
1820586 57 12 0
1820676 57 12 2
1820693 57 12 2
1820825 57 1 0
1820923 57 1 2
1821267 57 9 0
1821365 57 9 2
1821489 57 55 0
1821595 57 55 2
1821599 57 1 0
1821599 57 1 0
1821673 57 1 2
1821710 57 1 2
1821734 57 56 0
1821820 57 56 2
1821840 57 45 0
1821962 57 45 2
1822018 57 46 0
1822116 57 46 2
1822192 57 63 0
1822422 57 63 2
1822426 57 2 0
1822427 57 2 2
1822430 57 47 0
1822537 57 47 2
1822641 57 62 0
1822641 57 62 0
1822699 57 62 2
1822707 57 62 2
1823003 57 3 0
1825966 57 2 0
1825967 57 2 2
1831080 57 3 2
1831088 57 19 0
1831171 57 10 2
1831202 57 19 2
1831206 57 3 0
1832487 57 2 0
1832488 57 2 2
1833718 57 3 2
1835682 57 2 0
1835683 57 2 2
1919101 57 2 2
1920561 57 2 2
1922252 57 2 2
1936655 57 2 0
1936656 57 2 2
1978163 57 2 0
1978164 57 2 2
1988926 57 2 0
1988927 57 2 2
2003916 57 2 0
2003917 57 2 2
2004150 57 2 0
2004151 57 2 2
2029236 57 2 0
2029237 57 0 0
2033088 57 2 0
2033089 57 2 2
2038189 57 2 0
2038190 57 2 2
2044242 57 2 0
2044243 57 2 2
2048419 57 2 0
2048420 57 2 2
2071370 57 2 0
2071371 57 7 1
2071639 57 2 2
2071729 57 7 2
2094690 57 2 0
2094691 57 7 1
2094959 57 2 2
2095049 57 7 2
2100873 57 2 0
2100874 57 2 2
2101311 57 0 0
2101312 57 2 0
2135706 57 2 0
2135707 57 7 1
2135968 57 2 2
2136057 57 7 2
2159211 57 2 0
2159212 57 7 1
2159478 57 2 2
2159567 57 7 2
2163133 57 2 0
2163134 57 2 2
2167379 57 2 0
2167380 57 2 2
2170743 57 2 0
2170744 57 7 1
2171008 57 2 2
2171097 57 7 2
2570071 57 1 0
2570071 57 1 0
2570202 57 1 2
2573060 57 1 2
2573456 57 36 0
2573456 57 36 0
2574348 57 36 2
2574392 57 37 0
2574392 57 37 0
2574622 57 36 2
2575036 57 37 2
2575145 57 37 2
2575277 57 8 0
2575277 57 8 0
2575351 57 8 2
2575619 57 8 2
2575667 57 0 0
2575667 57 0 0
2575750 57 0 2
2575947 57 0 2
2576035 57 36 0
2576035 57 36 0
2576101 57 36 2
2576259 57 36 2
2576291 57 38 0
2576291 57 38 0
2576373 57 38 2
2577600 57 38 2
2577760 57 54 0
2577760 57 54 0
2577826 57 54 2
2577859 57 54 2
2577919 57 37 0
2577919 57 37 0
2577993 57 37 2
2578001 57 37 2
2578989 57 47 0
2578989 57 47 0
2579071 57 47 2
2579080 57 56 2
2579165 57 47 2
2579189 57 11 0
2579189 57 11 0
2579271 57 11 2
2579289 57 11 2
2579417 57 1 0
2579417 57 1 0
2579491 57 1 2
2579499 57 1 2
2579725 57 56 2
2579911 57 56 2
2580023 57 14 0
2580913 57 14 2
2580925 57 15 0
2580925 57 15 0
2581040 57 15 2
2581055 57 15 2
2581143 57 38 0
2581143 57 38 0
2581225 57 38 2
2581472 57 38 2
2581628 57 46 0
2581628 57 46 0
2581702 57 46 2
2581717 57 46 2
2581761 57 12 0
2581761 57 12 0
2581851 57 12 2
2581859 57 12 2
2581867 57 0 0
2581867 57 0 0
2581949 57 0 2
2581966 57 0 2
2582114 57 47 0
2582114 57 47 0
2582196 57 47 2
2582204 57 47 2
2582220 57 12 0
2582299 57 0 2
2582330 57 12 2
2582366 57 47 0
2582463 57 47 2
2583003 57 7 0
2583586 57 55 2
2584097 57 54 2
2584501 57 7 2
2584709 57 54 0
2584709 57 54 0
2584775 57 54 2
2584782 57 54 2
2584810 57 32 0
2584810 57 32 0
2584860 57 32 2
2584868 57 32 2
2585488 57 58 0
2585488 57 58 0
2585514 57 58 2
2585563 57 58 2
2585643 57 59 0
2585643 57 59 0
2585677 57 59 2
2585718 57 59 2
2585778 57 38 0
2585778 57 38 0
2585822 57 55 2
2585860 57 38 2
2585868 57 38 2
2585958 57 55 2
2586074 57 54 2
2588590 57 2 0
2588591 57 0 0
2591206 57 2 0
2591207 57 2 2
2752344 57 2 0
2752345 57 7 1
2752604 57 2 2
2752693 57 7 2
2757153 57 2 0
2757154 57 2 2
2761145 57 2 0
2761146 57 2 2
2783734 57 2 0
2783735 57 7 1
2784002 57 2 2
2784092 57 7 2
2807084 57 2 0
2807085 57 7 1
2807352 57 2 2
2807442 57 7 2
2813978 57 2 0
2813979 57 7 1
2814242 57 2 2
2814332 57 7 2
3547380 57 38 0
3547380 57 38 0
3549313 57 38 2
3553105 57 38 2
3555089 57 38 0
3555089 57 38 0
3555171 57 38 2
3555978 57 38 2
3557922 57 38 0
3557922 57 38 0
3558012 57 38 2
3558014 57 38 2
3580257 57 2 0
3580258 57 2 2
4013314 57 2 0
4013315 57 2 2
4523934 57 38 0
4523934 57 38 0
4524860 57 38 2
4529222 57 38 2
4529277 57 0 2
4530638 57 7 0
4531316 57 7 2
4531884 57 38 0
4531884 57 38 0
4531966 57 38 2
4532683 57 38 2
4534627 57 38 0
4534627 57 38 0
4534709 57 38 2
4534717 57 38 2
4577082 57 2 0
4577083 57 2 2
4891449 57 2 0
4891450 57 7 1
4891716 57 2 2
4891805 57 7 2
4900641 57 2 0
4900642 57 2 2
5398138 57 2 0
5398139 57 2 2
5401934 57 2 0
5401935 57 2 2
5424705 57 2 0
5424706 57 7 1
5424973 57 2 2
5425063 57 7 2
5448045 57 2 0
5448046 57 7 1
5448313 57 2 2
5448403 57 7 2
5453670 57 2 0
5453671 57 2 2
5483054 57 2 0
5483055 57 2 2
5500482 57 38 0
5500482 57 38 0
5504343 57 38 2
5508727 57 38 2
5510711 57 38 0
5510711 57 38 0
5510793 57 38 2
5511049 57 38 2
5512993 57 38 0
5512993 57 38 0
5513075 57 38 2
5513083 57 38 2
6054421 57 2 0
6054422 57 2 2
6238403 57 2 0
6238404 57 2 2
6264909 57 2 0
6264910 57 7 1
6265177 57 2 2
6265267 57 7 2
6288469 57 2 0
6288470 57 7 1
6288747 57 2 2
6288837 57 7 2
6477067 57 38 0
6477067 57 38 0
6477840 57 38 2
6478873 57 38 2
6479824 57 38 0
6479824 57 38 0
6479907 57 38 2
6482144 57 38 2
6482434 57 0 2
6483092 57 7 0
6485780 57 7 2
6486776 57 38 0
6486776 57 38 0
6486858 57 38 2
6486866 57 38 2
