0 32 51 0
379 32 0 1
576 32 0 2
633 32 0 2
3341 32 51 2
3345 32 22 0
6339 32 22 2
6351 32 1 0
7138 32 1 2
7158 32 24 0
7350 32 24 2
16693 32 0 1
16896 32 0 2
16953 32 0 2
51935 32 0 1
52126 32 2 2
52199 32 0 2
74795 32 0 1
74986 32 2 2
75059 32 0 2
86593 32 0 1
86786 32 0 2
86843 32 0 2
87813 32 0 1
88006 32 0 2
88063 32 0 2
128647 32 0 0
136817 32 0 1
137008 32 2 2
137081 32 0 2
155015 32 0 1
155208 32 2 2
155281 32 0 2
160313 32 0 1
160508 32 2 2
160581 32 0 2
161923 32 0 1
162118 32 2 2
162191 32 0 2
202169 32 0 1
202358 32 2 2
202431 32 0 2
211456 32 0 1
211648 32 2 2
211721 32 0 2
235609 32 0 1
235798 32 2 2
235871 32 0 2
270901 32 2 0
270902 32 0 1
271089 32 2 2
271163 32 0 2
304187 32 0 0
316837 32 2 0
316838 32 0 1
317028 32 2 2
317101 32 0 2
333981 32 2 0
333982 32 0 1
334168 32 2 2
334241 32 0 2
340139 32 0 1
340328 32 2 2
340401 32 0 2
367876 32 2 0
367877 32 0 1
368068 32 2 2
368141 32 0 2
371849 32 0 1
372038 32 2 2
372111 32 0 2
412503 32 2 0
412504 32 0 1
412698 32 2 2
412771 32 0 2
430733 32 0 1
430928 32 2 2
431001 32 0 2
464816 32 2 0
464817 32 0 1
465008 32 2 2
465081 32 0 2
485344 32 2 0
485345 32 0 1
485538 32 2 2
485611 32 0 2
504616 32 2 0
504617 32 2 2
505450 32 2 0
505451 32 2 2
516118 32 2 0
516119 32 2 2
524541 32 2 0
524542 32 2 2
546454 32 2 0
546455 32 0 0
551768 32 2 0
551769 32 2 2
557551 32 2 0
557552 32 2 2
559162 32 2 0
559163 32 2 2
575140 32 2 0
575141 32 2 2
578971 32 2 0
578972 32 2 2
601388 32 2 0
601389 32 2 2
616455 32 4 0
620430 32 2 2
620431 32 2 0
621006 32 4 2
621058 32 44 0
622484 32 44 2
622496 32 5 0
622659 32 5 2
622671 32 45 0
623129 32 45 2
623197 32 24 0
623365 32 24 2
623397 32 25 0
623498 32 25 2
623506 32 26 0
623635 32 26 2
623675 32 27 0
623773 32 27 2
623793 32 33 0
623915 32 33 2
623935 32 35 0
624049 32 35 2
624057 32 41 0
624409 32 41 2
624425 32 42 0
624703 32 42 2
624735 32 1 0
624867 32 1 2
624903 32 36 0
625024 32 36 2
625036 32 43 0
625148 32 0 1
625327 32 43 2
625343 32 17 0
625343 32 7 2
625406 32 17 2
625456 32 0 2
625498 32 27 0
625637 32 27 2
625641 32 37 0
625748 32 37 2
625760 32 17 0
625884 32 17 2
625892 32 15 0
626104 32 15 2
626144 32 16 0
626286 32 16 2
626326 32 18 0
626444 32 18 2
626468 32 61 0
626701 32 61 2
626713 32 54 0
626934 32 54 2
626954 32 11 0
627036 32 11 2
627044 32 19 0
627147 32 19 2
627151 32 35 0
627545 32 35 2
627561 32 53 0
628368 32 53 2
628408 32 33 0
628491 32 33 2
628503 32 36 0
628601 32 36 2
628621 32 40 0
628989 32 40 2
629013 32 37 0
629146 32 37 2
629250 32 38 0
629550 32 38 2
629554 32 57 0
629875 32 57 2
629899 32 8 0
630013 32 8 2
630021 32 29 0
630157 32 29 2
630197 32 0 0
630302 32 0 2
630314 32 38 0
630488 32 38 2
630504 32 39 0
631105 32 39 2
631109 32 39 0
631469 32 39 2
631525 32 36 0
631623 32 36 2
631655 32 38 0
631834 32 38 2
631850 32 51 0
631963 32 51 2
632019 32 43 0
632326 32 43 2
632334 32 52 0
632553 32 52 2
632589 32 51 0
632866 32 51 2
632886 32 53 0
633270 32 53 2
633294 32 54 0
633769 32 54 2
633785 32 11 0
634110 32 11 2
634122 32 56 0
634294 32 56 2
634298 32 12 0
634607 32 12 2
634615 32 57 0
634732 32 57 2
634736 32 2 0
635045 32 2 2
635097 32 37 0
635572 32 37 2
635588 32 40 0
635723 32 40 2
635779 32 58 0
636108 32 58 2
636168 32 35 0
636261 32 35 2
636265 32 50 0
636818 32 50 2
636838 32 62 0
637046 32 62 2
637074 32 38 0
637376 32 38 2
637448 32 63 0
638937 32 63 2
638977 32 12 0
639294 32 12 2
639318 32 2 0
639411 32 2 2
639435 32 13 0
639601 32 0 1
639741 32 13 2
639793 32 61 2
639837 32 3 0
639882 32 0 2
639991 32 3 2
640031 32 23 0
640201 32 23 2
640217 32 24 0
640291 32 24 2
640399 32 3 0
640728 32 3 2
640736 32 25 0
640812 32 25 2
640840 32 26 0
641008 32 26 2
641088 32 0 0
641233 32 0 2
641241 32 3 0
641522 32 3 2
641566 32 4 0
641670 32 4 2
641766 32 5 0
641882 32 5 2
641922 32 15 0
642241 32 15 2
642249 32 14 0
642621 32 14 2
642633 32 50 0
642736 32 50 2
642764 32 6 0
643269 32 6 2
643289 32 4 0
643433 32 4 2
643441 32 8 0
643516 32 8 2
643520 32 47 0
644664 32 0 1
644853 32 0 2
644857 32 47 2
644865 32 49 0
644912 32 0 2
644918 32 0 0
644961 32 49 2
644977 32 11 0
644977 32 11 0
645031 32 0 0
645044 32 11 2
645084 32 11 2
645120 32 5 0
645145 32 0 0
645236 32 5 2
645260 32 37 0
645301 32 0 0
645434 32 0 0
645531 32 37 2
645576 32 0 0
645595 32 4 0
645679 32 0 0
645705 32 4 2
645709 32 1 0
645768 32 0 0
645817 32 1 2
645845 32 27 0
645957 32 0 0
645986 32 27 2
645994 32 2 0
646116 32 2 2
646128 32 11 0
646132 32 0 0
646248 32 11 2
646256 32 7 0
646291 32 0 0
646379 32 7 2
646399 32 3 0
646431 32 0 0
646532 32 3 2
646551 32 0 0
646640 32 6 0
646682 32 0 0
646808 32 0 0
646936 32 0 0
647086 32 0 0
647208 32 6 2
647228 32 9 0
647259 32 0 0
647390 32 9 2
647524 32 0 0
647562 32 8 0
647666 32 0 0
647679 32 8 2
647691 32 11 0
647759 32 0 0
647845 32 11 2
647854 32 0 0
647865 32 12 0
647976 32 0 0
648000 32 12 2
648024 32 16 0
648094 32 0 0
648207 32 0 0
648279 32 16 2
648287 32 13 0
648342 32 0 0
648533 32 13 2
648562 32 0 0
648581 32 2 0
648682 32 0 0
648718 32 2 2
648750 32 40 0
648793 32 0 0
648945 32 0 0
649100 32 0 0
649144 32 40 2
649148 32 25 0
649264 32 0 0
649291 32 25 2
649307 32 31 0
649402 32 0 0
649496 32 0 0
649580 32 0 1
649649 32 0 0
649773 32 0 2
649799 32 0 0
649834 32 0 2
649836 32 31 2
649842 32 0 0
649872 32 33 0
649925 32 0 0
649931 32 0 0
649965 32 33 2
649969 32 36 0
650026 32 0 0
650029 32 0 0
650131 32 36 2
650139 32 4 0
650152 32 0 0
650157 32 0 0
650278 32 4 2
650286 32 0 0
650288 32 0 0
650358 32 11 0
650358 32 11 0
650405 32 0 0
650411 32 0 0
650425 32 11 2
650430 32 11 2
650442 32 5 0
650496 32 0 0
650531 32 0 0
650550 32 5 2
650582 32 34 0
650584 32 0 0
650669 32 0 0
650706 32 0 0
650723 32 34 2
650743 32 35 0
650805 32 0 0
650829 32 0 0
650876 32 35 2
650900 32 32 0
650917 32 0 0
650979 32 0 0
651040 32 32 2
651054 32 0 0
651058 32 0 0
651108 32 17 0
651164 32 0 0
651185 32 0 0
651274 32 0 0
651310 32 0 0
651413 32 17 2
651420 32 0 0
651447 32 0 0
651569 32 0 0
651571 32 0 0
651709 32 38 0
651709 32 38 0
651730 32 0 0
651731 32 0 0
651775 32 38 2
651814 32 0 0
651824 32 38 2
651832 32 27 0
651862 32 0 0
651955 32 0 0
651979 32 0 0
651991 32 27 2
652011 32 35 0
652055 32 0 0
652102 32 35 2
652125 32 0 0
652158 32 28 0
652178 32 0 0
652257 32 0 0
652285 32 0 0
652318 32 28 2
652365 32 0 0
652386 32 3 0
652455 32 0 0
652467 32 3 2
652471 32 46 0
652474 32 0 0
652598 32 0 0
652626 32 0 0
652732 32 0 0
652765 32 0 0
652786 32 46 2
652806 32 4 0
652841 32 0 0
652881 32 0 0
652895 32 4 2
652927 32 0 0
652963 32 0 0
652993 32 0 2
652994 32 0 0
652997 32 29 0
653091 32 0 0
653106 32 0 0
653132 32 29 2
653225 32 0 0
653276 32 47 0
653359 32 0 0
653462 32 2 0
653463 32 0 0
653481 32 0 0
653604 32 0 0
653756 32 0 0
653766 32 47 2
653838 32 30 0
653889 32 0 0
653977 32 30 2
654036 32 0 0
654160 32 0 0
654255 32 0 0
654329 32 31 0
654399 32 0 0
654423 32 0 1
654531 32 31 2
654535 32 44 0
654588 32 0 0
654612 32 21 2
654631 32 0 0
654694 32 0 2
654714 32 0 0
654769 32 44 2
654777 32 43 0
654828 32 0 0
654831 32 0 0
654933 32 43 2
654985 32 0 0
655004 32 0 0
655065 32 32 0
655124 32 0 0
655154 32 0 0
655193 32 32 2
655241 32 0 0
655265 32 33 0
655332 32 0 0
655403 32 0 0
655441 32 33 2
655442 32 0 0
655489 32 33 0
655565 32 0 0
655611 32 0 0
655657 32 33 2
655665 32 27 0
655697 32 0 0
655709 32 0 0
655776 32 27 2
655825 32 0 0
655826 32 0 0
655880 32 54 0
655961 32 0 0
655977 32 0 0
656124 32 0 0
656212 32 0 0
656305 32 0 0
656451 32 0 0
656486 32 0 0
656555 32 0 0
656562 32 0 0
656668 32 0 0
656676 32 0 1
656754 32 0 0
656861 32 0 0
656863 32 39 2
656944 32 0 2
657047 32 0 0
657068 32 0 0
657198 32 0 0
657205 32 0 0
657337 32 0 0
657368 32 54 2
657380 32 28 0
657393 32 0 0
657478 32 28 2
657494 32 52 0
657537 32 0 0
657583 32 0 0
657642 32 0 0
657735 32 0 0
657738 32 0 0
657808 32 52 2
657816 32 56 0
657896 32 0 0
657915 32 0 0
658017 32 0 0
658065 32 0 0
658155 32 56 2
658171 32 53 0
658356 32 0 1
658375 32 0 0
658487 32 53 2
658543 32 0 0
658545 32 3 2
658587 32 41 0
658626 32 0 2
658676 32 41 2
658695 32 0 0
658724 32 61 0
658944 32 0 0
659044 32 0 1
659065 32 61 2
659069 32 39 0
659080 32 0 0
659183 32 0 0
659191 32 39 2
659203 32 7 0
659233 32 57 2
659290 32 0 2
659308 32 0 0
659385 32 7 2
659409 32 0 0
659445 32 8 0
659499 32 0 0
659531 32 8 2
659563 32 63 0
659641 32 0 0
659791 32 0 0
659871 32 63 2
659906 32 0 0
659979 32 0 0
660087 32 0 2
660091 32 0 0
660115 32 57 0
660265 32 0 0
660301 32 57 2
660369 32 58 0
660408 32 0 0
660513 32 0 0
660586 32 58 2
660670 32 46 0
660801 32 0 0
660803 32 46 2
660815 32 59 0
660948 32 0 0
661123 32 59 2
661155 32 32 0
661164 32 0 0
661227 32 32 2
661235 32 50 0
661303 32 0 0
661338 32 50 2
661414 32 60 0
661508 32 0 0
661661 32 0 0
661685 32 60 2
661693 32 62 0
661709 32 2 0
661710 32 0 0
662001 32 0 0
662144 32 0 0
662311 32 62 2
662315 32 3 0
662315 32 0 0
662404 32 3 2
662416 32 5 0
662446 32 0 0
662658 32 5 2
662686 32 17 0
662768 32 17 2
662788 32 6 0
662838 32 0 0
662902 32 6 2
662994 32 11 0
663079 32 0 0
663243 32 0 0
663313 32 11 2
663321 32 10 0
663412 32 10 2
663432 32 11 0
663459 32 0 0
663614 32 11 2
663622 32 6 0
663623 32 0 0
663718 32 0 0
663735 32 6 2
663771 32 36 0
663820 32 2 0
663869 32 0 0
664047 32 0 0
664135 32 36 2
664195 32 12 0
664260 32 0 0
664293 32 12 2
664301 32 0 0
664386 32 0 2
664442 32 0 0
664510 32 15 0
664530 32 0 0
664638 32 15 2
664644 32 0 0
664758 32 7 0
664784 32 0 0
664883 32 7 2
664899 32 0 0
664909 32 0 0
665118 32 0 2
665266 32 9 0
665384 32 9 2
665416 32 8 0
665634 32 8 2
665662 32 40 0
665966 32 40 2
665978 32 41 0
666339 32 41 2
666435 32 14 0
666571 32 14 2
666887 32 29 0
667023 32 29 2
667063 32 30 0
667208 32 30 2
667252 32 17 0
667367 32 17 2
667423 32 18 0
667536 32 18 2
667584 32 19 0
667697 32 19 2
667733 32 21 0
667871 32 21 2
667903 32 22 0
668088 32 22 2
668244 32 4 0
668352 32 4 2
668380 32 18 0
668682 32 18 2
668733 32 2 0
668734 32 2 2
668854 32 61 0
669203 32 61 2
669275 32 54 0
669415 32 54 2
669447 32 55 0
669805 32 55 2
670033 32 40 0
670108 32 40 2
670136 32 49 0
670273 32 49 2
670285 32 51 0
670392 32 51 2
670412 32 37 0
670518 32 37 2
670522 32 20 0
670620 32 20 2
670636 32 3 0
670968 32 3 2
670991 32 0 2
671060 32 21 0
671165 32 21 2
671173 32 56 0
671485 32 56 2
671505 32 57 0
671686 32 57 2
671774 32 58 0
671940 32 58 2
672020 32 59 0
672177 32 59 2
672201 32 63 0
672507 32 63 2
672591 32 33 0
672666 32 33 2
738535 32 2 0
738536 32 0 1
738724 32 2 2
738798 32 0 2
808109 32 2 0
808110 32 2 2
810630 32 2 0
810631 32 2 2
816968 32 2 0
816969 32 2 2
832107 32 2 0
832108 32 2 2
832655 32 2 0
832656 32 2 2
840774 32 2 0
840775 32 0 1
840963 32 2 2
841036 32 0 2
845334 32 0 1
845523 32 2 2
845596 32 0 2
858102 32 2 0
858103 32 2 2
897699 32 2 0
897700 32 0 1
897887 32 2 2
897960 32 0 2
902467 32 0 1
902658 32 2 2
902732 32 0 2
924998 32 2 0
924999 32 0 1
925187 32 2 2
925260 32 0 2
948751 32 2 0
948752 32 0 0
954751 32 2 0
954752 32 2 2
964701 32 2 0
964702 32 2 2
968011 32 2 0
968012 32 0 1
968206 32 2 2
968279 32 0 2
975106 32 2 0
975107 32 2 2
1055358 32 2 2
1055521 32 2 2
1055764 32 2 2
1113866 32 2 2
1113867 32 2 0
1131570 32 2 0
1131571 32 2 2
1151743 32 2 0
1151744 32 0 1
1151932 32 2 2
1152006 32 0 2
1157478 32 2 0
1157479 32 2 2
1170871 32 2 0
1170872 32 0 1
1171065 32 2 2
1171138 32 0 2
1188288 32 2 0
1188289 32 2 2
1207178 32 2 0
1207179 32 2 2
1236840 32 2 0
1236841 32 2 2
1241674 32 2 0
1241675 32 2 2
1252514 32 2 0
1252515 32 2 2
1297168 32 2 0
1297169 32 0 1
1297364 32 2 2
1297437 32 0 2
1304782 32 2 0
1304783 32 0 1
1304974 32 2 2
1305047 32 0 2
1307762 32 2 0
1307763 32 2 2
1330163 32 2 2
1330164 32 2 0
1339090 32 2 0
1339091 32 2 2
1340065 32 2 0
1340066 32 2 2
1351846 32 2 0
1351847 32 2 2
1375008 32 2 0
1375009 32 2 2
1382223 32 2 0
1382224 32 0 1
1382419 32 2 2
1382492 32 0 2
1391293 32 2 0
1391294 32 0 1
1391490 32 2 2
1391564 32 0 2
1395775 32 0 1
1395776 32 2 0
1395969 32 2 2
1396042 32 0 2
1405521 32 2 0
1405522 32 0 1
1405709 32 2 2
1405782 32 0 2
1417371 32 2 0
1417372 32 0 1
1417559 32 2 2
1417632 32 0 2
1458237 32 0 1
1458238 32 2 0
1458430 32 2 2
1458504 32 0 2
1481497 32 2 0
1481498 32 0 1
1481690 32 2 2
1481764 32 0 2
1526664 32 2 0
1526665 32 2 2
1547036 32 2 0
1547037 32 2 2
1558676 32 2 0
1558677 32 2 2
1564717 32 2 0
1564718 32 0 1
1564911 32 2 2
1564984 32 0 2
1569223 32 2 0
1569224 32 0 1
1569411 32 2 2
1569484 32 0 2
1589262 32 2 0
1589263 32 2 2
1594233 32 38 0
1594233 32 38 0
1595321 32 38 2
1596563 32 38 2
1596755 32 12 0
1596835 32 12 2
1597911 32 11 0
1597911 32 11 0
1597977 32 11 2
1598005 32 11 2
1598189 32 7 0
1598311 32 7 2
1598935 32 11 0
1598935 32 11 0
1599002 32 11 2
1599007 32 11 2
1599459 32 38 0
1599459 32 38 0
1600944 32 38 2
1601100 32 46 0
1601182 32 46 2
1601382 32 47 0
1601471 32 47 2
1602085 32 38 2
1604463 32 42 0
1604699 32 42 2
1605275 32 43 0
1605348 32 2 0
1605349 32 0 0
1605538 32 43 2
1606114 32 44 0
1606416 32 44 2
1606992 32 45 0
1607282 32 45 2
1607858 32 46 0
1608203 32 46 2
1608779 32 47 0
1608908 32 2 0
1608909 32 0 0
1609160 32 47 2
1609736 32 48 0
1610011 32 48 2
1610587 32 49 0
1610950 32 49 2
1611526 32 50 0
1611626 32 2 0
1611627 32 0 0
1611860 32 50 2
1611995 32 0 1
1612189 32 0 2
1612247 32 0 2
1612436 32 51 0
1612729 32 51 2
1613305 32 52 0
1613646 32 52 2
1613941 32 2 0
1613942 32 2 2
1614076 32 2 0
1614077 32 0 1
1614222 32 53 0
1614298 32 2 2
1614371 32 0 2
1614530 32 53 2
1615106 32 54 0
1615412 32 54 2
1615988 32 55 0
1616258 32 55 2
1616834 32 56 0
1617109 32 56 2
1617685 32 57 0
1618108 32 57 2
1618684 32 58 0
1618970 32 58 2
1619546 32 59 0
1619858 32 59 2
1620434 32 60 0
1620775 32 60 2
1621351 32 61 0
1621669 32 61 2
1622245 32 62 0
1622573 32 62 2
1623149 32 63 0
1623419 32 63 2
1623995 32 0 0
1623995 32 0 0
1624045 32 0 2
1624224 32 0 2
1624492 32 2 0
1624650 32 2 2
1624706 32 3 0
1624844 32 3 2
1624848 32 7 0
1625178 32 7 2
1625266 32 4 0
1625266 32 4 0
1625348 32 4 2
1625406 32 4 2
1625794 32 1 0
1626064 32 1 2
1626640 32 2 0
1626972 32 2 2
1627548 32 3 0
1627949 32 3 2
1628525 32 4 0
1628808 32 4 2
1629384 32 5 0
1629655 32 5 2
1630231 32 6 0
1630614 32 6 2
1631190 32 7 0
1631550 32 7 2
1632126 32 8 0
1632346 32 8 2
1632922 32 9 0
1633224 32 9 2
1633800 32 10 0
1634094 32 10 2
1634670 32 11 0
1634670 32 11 0
1634738 32 11 2
1634982 32 11 2
1635558 32 12 0
1635848 32 12 2
1636424 32 13 0
1636714 32 13 2
1637290 32 14 0
1637676 32 14 2
1638252 32 15 0
1638572 32 15 2
1639148 32 16 0
1639396 32 16 2
1639972 32 17 0
1640274 32 17 2
1640850 32 18 0
1641146 32 18 2
1641722 32 19 0
1642024 32 19 2
1642600 32 20 0
1642888 32 20 2
1643464 32 21 0
1643774 32 21 2
1644350 32 22 0
1644689 32 22 2
1645265 32 23 0
1645574 32 23 2
1646150 32 24 0
1646386 32 24 2
1646962 32 25 0
1647274 32 25 2
1647850 32 26 0
1648127 32 26 2
1648655 32 0 1
1648703 32 27 0
1648751 32 0 1
1648849 32 62 2
1648930 32 0 1
1648947 32 0 2
1648959 32 35 2
1648996 32 27 2
1649009 32 0 2
1649119 32 25 2
1649161 32 0 2
1649572 32 28 0
1649719 32 0 1
1649858 32 28 2
1649935 32 0 1
1649949 32 47 2
1650029 32 0 1
1650041 32 0 2
1650131 32 0 1
1650149 32 61 2
1650239 32 0 2
1650250 32 21 0
1650252 32 0 1
1650259 32 45 2
1650333 32 0 2
1650359 32 0 1
1650369 32 38 2
1650434 32 29 0
1650443 32 0 2
1650477 32 0 1
1650529 32 21 2
1650570 32 0 1
1650611 32 0 2
1650639 32 22 2
1650681 32 0 1
1650724 32 29 2
1650729 32 0 2
1650749 32 51 2
1650799 32 0 1
1650815 32 0 2
1650859 32 33 2
1650893 32 0 2
1650969 32 37 2
1651035 32 0 2
1651079 32 42 2
1651129 32 0 2
1651237 32 0 1
1651300 32 30 0
1651429 32 54 2
1651518 32 0 2
1651605 32 0 1
1651680 32 30 2
1651739 32 0 1
1651819 32 63 2
1651841 32 0 1
1651925 32 0 2
1651949 32 16 2
1651991 32 0 2
1651999 32 0 1
1652059 32 27 2
1652117 32 0 2
1652189 32 8 2
1652239 32 0 2
1652256 32 31 0
1652325 32 0 1
1652447 32 0 1
1652519 32 58 2
1652585 32 0 2
1652586 32 31 2
1652589 32 0 1
1652649 32 14 2
1652747 32 0 2
1652779 32 49 2
1652829 32 0 2
1652857 32 0 1
1652966 32 0 1
1653069 32 48 2
1653077 32 0 1
1653111 32 0 2
1653162 32 32 0
1653171 32 0 1
1653179 32 52 2
1653254 32 0 2
1653280 32 0 1
1653289 32 50 2
1653347 32 0 2
1653399 32 32 2
1653407 32 0 1
1653415 32 32 2
1653424 32 0 2
1653509 32 0 1
1653509 32 31 2
1653600 32 0 2
1653627 32 0 1
1653629 32 53 2
1653711 32 0 2
1653739 32 46 2
1653755 32 0 1
1653821 32 0 2
1653849 32 0 1
1653849 32 10 2
1653916 32 0 2
1653959 32 60 2
1653991 32 33 0
1654041 32 0 2
1654069 32 43 2
1654127 32 0 2
1654305 32 33 2
1654356 32 0 1
1654449 32 0 1
1654549 32 56 2
1654551 32 0 1
1654599 32 0 2
1654659 32 17 2
1654689 32 0 1
1654709 32 0 2
1654779 32 36 2
1654802 32 0 1
1654837 32 0 2
1654881 32 34 0
1654889 32 11 2
1654919 32 0 1
1654963 32 0 2
1654999 32 28 2
1655045 32 3 0
1655046 32 0 1
1655065 32 0 2
1655109 32 19 2
1655155 32 0 1
1655170 32 34 2
1655175 32 0 2
1655239 32 3 2
1655265 32 0 1
1655321 32 0 2
1655353 32 0 1
1655359 32 59 2
1655433 32 0 2
1655485 32 0 1
1655498 32 1 2
1655564 32 0 2
1655579 32 0 1
1655609 32 29 2
1655683 32 0 2
1655689 32 0 1
1655719 32 4 2
1655746 32 35 0
1655807 32 0 1
1655810 32 0 2
1655829 32 18 2
1655887 32 0 2
1655949 32 20 2
1655979 32 0 1
1656023 32 0 2
1656028 32 35 2
1656059 32 55 2
1656082 32 0 1
1656157 32 0 2
1656169 32 40 2
1656190 32 0 1
1656203 32 0 2
1656279 32 26 2
1656321 32 0 1
1656329 32 0 2
1656389 32 39 2
1656447 32 0 1
1656474 32 0 2
1656509 32 24 2
1656543 32 0 2
1656604 32 36 0
1656639 32 15 2
1656675 32 0 1
1656676 32 57 0
1656744 32 0 2
1656768 32 0 1
1656869 32 57 2
1656905 32 0 1
1656927 32 0 2
1656937 32 36 2
1656979 32 41 2
1656991 32 0 1
1657021 32 0 2
1657099 32 6 2
1657137 32 0 1
1657205 32 0 2
1657209 32 30 2
1657290 32 0 2
1657308 32 0 1
1657329 32 13 2
1657402 32 0 1
1657419 32 0 2
1657509 32 9 2
1657513 32 37 0
1657518 32 0 1
1657567 32 0 2
1657619 32 34 2
1657637 32 0 1
1657661 32 0 2
1657729 32 44 2
1657755 32 0 1
1657784 32 37 2
1657795 32 0 2
1657839 32 12 2
1657921 32 0 2
1657949 32 5 2
1658047 32 0 2
1658239 32 0 1
1658360 32 38 0
1658429 32 23 2
1658527 32 0 2
1658665 32 0 1
1658666 32 7 0
1658672 32 38 2
1658859 32 7 2
1658976 32 0 2
1659248 32 39 0
1659528 32 39 2
1665234 32 2 2
1665397 32 2 2
1665640 32 2 2
1674264 32 8 0
1674606 32 8 2
1704144 32 2 0
1704286 32 2 0
1704385 32 2 0
1704476 32 2 0
1704927 32 2 0
1705068 32 2 0
1705158 32 2 0
1705197 32 2 0
1705243 32 2 0
1705376 32 2 0
1705512 32 2 0
1705632 32 2 0
1705749 32 2 0
1705857 32 2 0
1705973 32 2 0
1706059 32 2 0
1706087 32 2 0
1706193 32 2 0
1706194 32 2 0
1706304 32 2 0
1706333 32 2 0
1706453 32 2 0
1706568 32 2 0
1706617 32 2 0
1706675 32 2 0
1706792 32 2 0
1706903 32 2 0
1706991 32 2 0
1707084 32 2 0
1707102 32 2 0
1707233 32 2 0
1707325 32 2 0
1707481 32 2 0
1707482 32 2 0
1707651 32 2 0
1707893 32 2 0
1707895 32 2 0
1708046 32 2 0
1708073 32 2 0
1708138 32 2 0
1708154 32 31 0
1708203 32 0 1
1708236 32 2 0
1708263 32 2 0
1708281 32 31 2
1708286 32 0 1
1708325 32 35 0
1708389 32 0 1
1708417 32 62 2
1708441 32 2 0
1708517 32 0 2
1708526 32 35 2
1708550 32 2 0
1708563 32 2 0
1708576 32 0 2
1708588 32 35 2
1708636 32 25 2
1708648 32 32 0
1708656 32 2 0
1708667 32 2 0
1708678 32 0 2
1708742 32 32 2
1708798 32 46 0
1708854 32 2 0
1708868 32 2 0
1708878 32 46 2
1708910 32 12 0
1708991 32 12 2
1709000 32 2 0
1709003 32 33 0
1709084 32 33 2
1709095 32 2 0
1709128 32 2 0
1709176 32 34 0
1709251 32 2 0
1709257 32 2 0
1709258 32 34 2
1709290 32 1 0
1709290 32 1 0
1709304 32 0 1
1709339 32 2 0
1709348 32 1 2
1709356 32 1 2
1709382 32 2 0
1709400 32 32 0
1709465 32 2 0
1709489 32 2 0
1709489 32 0 1
1709496 32 47 2
1709569 32 32 2
1709577 32 35 0
1709586 32 0 2
1709602 32 0 1
1709674 32 35 2
1709676 32 61 2
1709678 32 60 0
1709707 32 2 0
1709719 32 0 1
1709769 32 0 2
1709796 32 45 2
1709801 32 2 0
1709802 32 60 2
1709818 32 61 0
1709837 32 0 1
1709847 32 2 0
1709870 32 0 2
1709923 32 2 0
1709950 32 61 2
1709966 32 0 1
1709977 32 2 0
1710010 32 48 0
1710016 32 38 2
1710025 32 2 0
1710090 32 0 2
1710096 32 0 1
1710107 32 2 0
1710108 32 48 2
1710126 32 21 2
1710148 32 49 0
1710150 32 2 0
1710183 32 0 1
1710209 32 0 2
1710221 32 2 0
1710236 32 22 2
1710246 32 49 2
1710255 32 2 0
1710282 32 36 0
1710282 32 36 0
1710326 32 0 2
1710332 32 36 2
1710333 32 0 1
1710346 32 51 2
1710382 32 2 0
1710390 32 36 2
1710399 32 2 0
1710412 32 0 2
1710452 32 0 1
1710454 32 37 0
1710454 32 37 0
1710456 32 33 2
1710488 32 2 0
1710489 32 0 2
1710512 32 37 2
1710564 32 37 2
1710566 32 37 2
1710591 32 2 0
1710612 32 58 0
1710612 32 58 0
1710632 32 0 2
1710670 32 58 2
1710676 32 42 2
1710685 32 2 0
1710719 32 2 0
1710726 32 0 2
1710735 32 58 2
1710739 32 0 1
1710747 32 31 0
1710812 32 2 0
1710832 32 2 0
1710944 32 2 0
1710956 32 54 2
1710957 32 2 0
1711036 32 2 0
1711036 32 31 2
1711045 32 0 2
1711048 32 30 0
1711073 32 2 0
1711131 32 2 0
1711172 32 2 0
1711246 32 2 0
1711373 32 30 2
1711381 32 59 0
1711381 32 59 0
1711397 32 0 1
1711404 32 2 0
1711410 32 2 0
1711447 32 59 2
1711468 32 0 1
1711524 32 59 2
1711554 32 2 0
1711576 32 34 0
1711596 32 63 2
1711621 32 2 0
1711635 32 0 1
1711646 32 2 0
1711702 32 0 2
1711706 32 16 2
1711748 32 0 2
1711769 32 2 0
1711809 32 2 0
1711826 32 27 2
1711836 32 0 1
1711862 32 34 2
1711884 32 0 2
1711901 32 2 0
1711902 32 0 0
1711939 32 0 1
1711996 32 2 0
1712004 32 2 0
1712036 32 58 2
1712073 32 0 1
1712102 32 0 2
1712126 32 2 0
1712130 32 0 2
1712138 32 33 0
1712146 32 49 2
1712178 32 0 1
1712183 32 2 0
1712196 32 0 2
1712258 32 2 0
1712266 32 14 2
1712312 32 2 0
1712329 32 0 1
1712364 32 0 2
1712406 32 8 2
1712408 32 2 0
1712434 32 2 0
1712456 32 0 2
1712472 32 33 2
1712483 32 0 1
1712488 32 60 0
1712510 32 2 0
1712516 32 48 2
1712558 32 0 2
1712569 32 2 0
1712601 32 0 1
1712662 32 2 0
1712676 32 52 2
1712679 32 60 2
1712685 32 2 0
1712699 32 32 0
1712708 32 0 1
1712751 32 0 2
1712776 32 2 0
1712816 32 50 2
1712847 32 2 0
1712864 32 2 0
1712874 32 0 2
1712926 32 32 2
1712942 32 32 2
1712951 32 0 2
1712972 32 0 1
1712977 32 2 0
1713018 32 61 0
1713062 32 2 0
1713123 32 2 0
1713152 32 0 1
1713166 32 31 2
1713180 32 61 2
1713196 32 2 0
1713241 32 2 0
1713256 32 0 2
1713304 32 62 0
1713313 32 2 0
1713341 32 2 0
1713346 32 0 1
1713346 32 53 2
1713429 32 0 2
1713484 32 2 0
1713490 32 0 1
1713512 32 2 0
1713535 32 46 2
1713617 32 0 2
1713633 32 0 1
1713672 32 2 0
1713675 32 2 0
1713726 32 10 2
1713786 32 2 0
1713792 32 0 2
1713836 32 43 2
1713853 32 0 1
1713894 32 0 2
1713934 32 2 0
1714056 32 60 2
1714095 32 0 1
1714141 32 0 2
1714225 32 2 0
1714231 32 0 1
1714287 32 56 2
1714291 32 2 0
1714336 32 0 2
1714345 32 2 0
1714426 32 36 2
1714446 32 2 0
1714449 32 62 2
1714484 32 0 2
1714537 32 12 0
1714556 32 2 0
1714568 32 0 1
1714656 32 12 2
1714668 32 39 0
1714679 32 2 0
1714756 32 11 2
1714795 32 0 1
1714830 32 0 2
1714996 32 17 2
1715019 32 0 1
1715046 32 0 2
1715206 32 28 2
1715272 32 0 2
1715308 32 2 0
1715326 32 0 1
1715485 32 0 1
1715516 32 1 2
1715583 32 0 2
1715642 32 0 1
1715649 32 39 2
1715661 32 13 0
1715706 32 19 2
1715766 32 13 2
1715770 32 48 0
1715772 32 0 2
1715789 32 0 1
1715866 32 59 2
1715918 32 0 1
1715932 32 48 2
1715941 32 0 2
1715944 32 59 0
1715976 32 4 2
1716028 32 0 1
1716065 32 0 2
1716106 32 20 2
1716157 32 59 2
1716160 32 0 1
1716180 32 0 2
1716185 32 54 0
1716185 32 54 0
1716216 32 40 2
1716249 32 0 2
1716267 32 54 2
1716293 32 0 1
1716377 32 3 2
1716461 32 0 2
1716486 32 18 2
1716487 32 0 1
1716543 32 0 2
1716544 32 54 2
1716572 32 0 1
1716584 32 55 0
1716676 32 55 2
1716720 32 0 1
1716725 32 55 2
1716749 32 56 0
1716775 32 0 2
1716786 32 26 2
1716817 32 0 1
1716836 32 0 2
1716869 32 56 2
1716897 32 57 0
1716916 32 29 2
1716990 32 0 2
1716993 32 0 1
1717002 32 57 2
1717026 32 24 2
1717060 32 0 2
1717066 32 58 0
1717157 32 0 1
1717226 32 30 2
1717296 32 0 1
1717308 32 0 2
1717317 32 58 2
1717346 32 57 2
1717353 32 49 0
1717404 32 0 2
1717439 32 0 1
1717464 32 49 2
1717486 32 6 2
1717504 32 63 0
1717592 32 0 2
1717607 32 0 1
1717626 32 39 2
1717649 32 63 2
1717697 32 15 0
1717709 32 0 2
1717722 32 0 1
1717796 32 15 2
1717832 32 15 2
1717848 32 44 0
1717902 32 0 2
1717913 32 0 1
1717916 32 41 2
1717958 32 0 2
1717962 32 44 2
1717982 32 45 0
1718011 32 0 1
1718106 32 13 2
1718109 32 45 2
1718167 32 0 1
1718196 32 0 2
1718215 32 34 2
1718257 32 0 2
1718357 32 0 0
1718366 32 9 2
1718424 32 0 2
1718430 32 0 1
1718510 32 0 2
1718543 32 0 1
1718602 32 1 0
1718626 32 44 2
1718692 32 0 2
1718713 32 1 2
1718736 32 12 2
1718741 32 11 0
1718741 32 11 0
1718788 32 0 1
1718807 32 11 2
1718816 32 11 2
1718817 32 0 2
1718888 32 2 0
1718936 32 0 1
1718973 32 2 2
1718976 32 5 2
1718981 32 47 0
1719070 32 47 2
1719074 32 0 2
1719082 32 41 0
1719126 32 0 1
1719126 32 7 2
1719175 32 41 2
1719241 32 0 2
1719247 32 3 0
1719316 32 23 2
1719360 32 3 2
1719414 32 0 2
1719620 32 5 0
1719696 32 31 2
1719752 32 5 2
1719800 32 6 0
1720024 32 6 2
1720112 32 7 0
1720239 32 7 2
1720347 32 8 0
1720348 32 31 2
1720435 32 8 2
1720491 32 1 0
1720564 32 1 2
1720653 32 31 2
1720911 32 31 2
1721012 32 46 0
1721102 32 46 2
1721110 32 4 0
1721213 32 4 2
1721237 32 47 0
1721335 32 47 2
1721479 32 12 0
1721569 32 12 2
1721933 32 10 0
1722015 32 10 2
1722135 32 1 0
1722135 32 1 0
1722218 32 1 2
1722233 32 1 2
1722666 32 46 0
1722756 32 46 2
1722788 32 47 0
1722788 32 47 0
1722887 32 47 2
1722920 32 47 2
1723031 32 12 0
1723031 32 12 0
1723105 32 12 2
1723122 32 12 2
1723331 32 25 2
1723606 32 1 0
1723671 32 1 2
1723953 32 25 2
1724093 32 25 2
1724119 32 46 0
1724119 32 46 0
1724193 32 46 2
1724200 32 46 2
1724232 32 47 0
1724323 32 47 2
1724328 32 25 2
1724467 32 12 0
1724549 32 12 2
1724705 32 30 2
1725033 32 1 0
1725033 32 1 0
1725092 32 1 2
1725133 32 1 2
1725342 32 30 2
1725481 32 30 2
1725581 32 46 0
1725581 32 46 0
1725656 32 46 2
1725673 32 46 2
1725705 32 47 0
1725705 32 47 0
1725732 32 30 2
1725787 32 47 2
1725797 32 47 2
1725941 32 12 0
1725941 32 12 0
1726017 32 12 2
1726031 32 12 2
1726152 32 2 0
1726153 32 0 1
1726345 32 2 2
1726418 32 0 2
1726515 32 1 0
1726515 32 1 0
1726573 32 1 2
1726581 32 1 2
1727029 32 46 0
1727029 32 46 0
1727107 32 46 2
1727118 32 46 2
1727150 32 47 0
1727150 32 47 0
1727232 32 47 2
1727240 32 47 2
1727384 32 12 0
1727384 32 12 0
1727458 32 12 2
1727466 32 12 2
1727950 32 1 0
1727950 32 1 0
1728009 32 1 2
1728017 32 1 2
1728465 32 46 0
1728465 32 46 0
1728539 32 46 2
1728548 32 46 2
1728580 32 47 0
1728580 32 47 0
1728663 32 47 2
1728671 32 47 2
1728815 32 12 0
1728815 32 12 0
1728891 32 12 2
1728896 32 12 2
1729380 32 1 0
1729380 32 1 0
1729438 32 1 2
1729446 32 1 2
1729486 32 31 2
1729894 32 46 0
1729894 32 46 0
1729968 32 46 2
1729978 32 46 2
1730010 32 47 0
1730010 32 47 0
1730076 32 34 2
1730092 32 47 2
1730100 32 47 2
1730244 32 12 0
1730244 32 12 0
1730318 32 12 2
1730326 32 12 2
1730810 32 1 0
1730810 32 1 0
1730868 32 1 2
1730877 32 1 2
1731309 32 12 0
1731309 32 12 0
1731383 32 12 2
1731408 32 12 2
1731424 32 46 0
1731424 32 46 0
1731506 32 46 2
1731538 32 47 0
1731538 32 47 0
1731542 32 46 2
1731627 32 47 2
1731651 32 47 2
1731771 32 12 0
1731771 32 12 0
1731845 32 12 2
1731857 32 12 2
1732341 32 1 0
1732341 32 1 0
1732399 32 1 2
1732408 32 1 2
1732856 32 46 0
1732856 32 46 0
1732931 32 46 2
1732945 32 46 2
1732977 32 47 0
1732977 32 47 0
1733061 32 47 2
1733071 32 47 2
1733215 32 12 0
1733215 32 12 0
1733289 32 12 2
1733297 32 12 2
1733781 32 1 0
1733781 32 1 0
1733839 32 1 2
1733848 32 1 2
1734296 32 46 0
1734296 32 46 0
1734370 32 46 2
1734379 32 46 2
1734411 32 47 0
1734411 32 47 0
1734494 32 47 2
1734501 32 47 2
1734645 32 12 0
1734645 32 12 0
1734719 32 12 2
1734727 32 12 2
1735211 32 1 0
1735211 32 1 0
1735269 32 1 2
1735276 32 1 2
1735724 32 46 0
1735724 32 46 0
1735798 32 46 2
1735806 32 46 2
1735838 32 47 0
1735838 32 47 0
1735920 32 47 2
1735930 32 47 2
1736074 32 12 0
1736074 32 12 0
1736148 32 12 2
1736157 32 12 2
1736641 32 1 0
1736641 32 1 0
1736699 32 1 2
1736706 32 1 2
1737154 32 46 0
1737154 32 46 0
1737228 32 46 2
1737236 32 46 2
1737268 32 47 0
1737268 32 47 0
1737351 32 47 2
1737357 32 47 2
1737446 32 2 0
1737447 32 2 2
1737501 32 12 0
1737501 32 12 0
1737575 32 12 2
1737583 32 12 2
1737891 32 31 2
1738067 32 1 0
1738067 32 1 0
1738127 32 1 2
1738138 32 1 2
1738469 32 34 2
1738545 32 2 0
1738546 32 0 1
1738586 32 46 0
1738586 32 46 0
1738661 32 46 2
1738672 32 46 2
1738704 32 47 0
1738704 32 47 0
1738735 32 2 2
1738787 32 47 2
1738794 32 47 2
1738808 32 0 2
1738938 32 12 0
1738938 32 12 0
1739012 32 12 2
1739022 32 12 2
1739506 32 1 0
1739506 32 1 0
1739565 32 1 2
1739573 32 1 2
1740021 32 46 0
1740021 32 46 0
1740095 32 46 2
1740102 32 46 2
1740134 32 47 0
1740134 32 47 0
1740217 32 47 2
1740223 32 47 2
1740367 32 12 0
1740367 32 12 0
1740442 32 12 2
1740449 32 12 2
1740685 32 31 2
1740933 32 1 0
1740933 32 1 0
1740991 32 1 2
1740998 32 1 2
1741267 32 34 2
1741446 32 46 0
1741446 32 46 0
1741520 32 46 2
1741529 32 46 2
1741561 32 47 0
1741561 32 47 0
1741643 32 47 2
1741653 32 47 2
1741797 32 12 0
1741797 32 12 0
1741871 32 12 2
1741879 32 12 2
1742363 32 1 0
1742363 32 1 0
1742421 32 1 2
1742428 32 1 2
1742860 32 13 0
1742990 32 13 2
1743006 32 46 0
1743006 32 46 0
1743080 32 46 2
1743132 32 46 2
1743164 32 47 0
1743164 32 47 0
1743246 32 47 2
1743254 32 47 2
1743398 32 12 0
1743398 32 12 0
1743472 32 12 2
1743523 32 12 2
1743645 32 31 2
1744007 32 1 0
1744007 32 1 0
1744065 32 1 2
1744103 32 1 2
1744181 32 34 2
1744252 32 31 2
1744551 32 46 0
1744551 32 46 0
1744625 32 46 2
1744632 32 46 2
1744664 32 47 0
1744664 32 47 0
1744746 32 47 2
1744748 32 34 2
1744755 32 47 2
1744807 32 31 2
1744899 32 12 0
1744899 32 12 0
1744946 32 31 2
1744980 32 12 2
1744991 32 12 2
1745206 32 31 2
1745286 32 34 2
1745417 32 34 2
1745475 32 1 0
1745475 32 1 0
1745533 32 1 2
1745541 32 1 2
1745652 32 34 2
1745813 32 31 2
1745989 32 46 0
1745989 32 46 0
1746063 32 46 2
1746081 32 46 2
1746113 32 47 0
1746113 32 47 0
1746197 32 47 2
1746207 32 47 2
1746219 32 34 2
1746351 32 12 0
1746351 32 12 0
1746367 32 31 2
1746425 32 12 2
1746435 32 12 2
1746506 32 31 2
1746765 32 31 2
1746776 32 34 2
1746908 32 34 2
1746919 32 1 0
1746919 32 1 0
1746978 32 1 2
1746987 32 1 2
1747144 32 34 2
1747186 32 25 2
1747372 32 31 2
1747435 32 46 0
1747435 32 46 0
1747509 32 46 2
1747522 32 46 2
1747554 32 47 0
1747554 32 47 0
1747636 32 47 2
1747648 32 47 2
1747711 32 34 2
1747719 32 30 2
1747745 32 25 2
1747792 32 12 0
1747792 32 12 0
1747868 32 12 2
1747881 32 12 2
1747927 32 31 2
1748068 32 31 2
1748254 32 34 2
1748296 32 25 2
1748318 32 30 2
1748328 32 31 2
1748365 32 1 0
1748365 32 1 0
1748386 32 34 2
1748423 32 1 2
1748434 32 25 2
1748435 32 1 2
1748482 32 27 2
1748621 32 34 2
1748669 32 25 2
1748866 32 28 2
1748867 32 30 2
1748883 32 46 0
1748883 32 46 0
1748936 32 31 2
1748959 32 46 2
1748975 32 46 2
1749007 32 47 0
1749007 32 47 0
1749012 32 30 2
1749056 32 27 2
1749090 32 47 2
1749098 32 47 2
1749188 32 34 2
1749227 32 25 2
1749242 32 12 0
1749242 32 12 0
1749264 32 30 2
1749316 32 12 2
1749323 32 12 2
1749448 32 28 2
1749491 32 31 2
1749613 32 27 2
1749634 32 31 2
1749728 32 34 2
1749754 32 27 2
1749774 32 25 2
1749807 32 1 0
1749807 32 1 0
1749859 32 34 2
1749863 32 30 2
1749865 32 1 2
1749872 32 1 2
1749893 32 31 2
1749913 32 25 2
1749989 32 27 2
1749995 32 28 2
1750097 32 34 2
1750136 32 28 2
1750148 32 25 2
1750320 32 46 0
1750320 32 46 0
1750373 32 28 2
1750394 32 46 2
1750403 32 46 2
1750415 32 30 2
1750435 32 47 0
1750435 32 47 0
1750500 32 31 2
1750518 32 47 2
1750533 32 47 2
1750554 32 30 2
1750564 32 27 2
1750663 32 34 2
1750677 32 12 0
1750677 32 12 0
1750707 32 25 2
1750752 32 12 2
1750763 32 12 2
1750805 32 30 2
1750956 32 28 2
1751059 32 31 2
1751111 32 27 2
1751198 32 31 2
1751201 32 34 2
1751247 32 1 0
1751247 32 1 0
1751251 32 27 2
1751254 32 25 2
1751305 32 1 2
1751313 32 1 2
1751335 32 34 2
1751396 32 25 2
1751404 32 30 2
1751457 32 31 2
1751489 32 27 2
1751503 32 28 2
1751581 32 34 2
1751632 32 25 2
1751644 32 28 2
1751761 32 46 0
1751761 32 46 0
1751836 32 46 2
1751852 32 46 2
1751879 32 28 2
1751884 32 47 0
1751884 32 47 0
1751951 32 30 2
1751980 32 47 2
1751981 32 47 2
1752066 32 31 2
1752067 32 27 2
1752091 32 30 2
1752124 32 12 0
1752124 32 12 0
1752192 32 25 2
1752198 32 12 2
1752201 32 34 2
1752205 32 12 2
1752344 32 30 2
1752462 32 28 2
1752615 32 27 2
1752624 32 31 2
1752689 32 1 0
1752689 32 1 0
1752738 32 25 2
1752741 32 34 2
1752747 32 1 2
1752754 32 27 2
1752755 32 1 2
1752763 32 31 2
1752873 32 34 2
1752877 32 25 2
1752943 32 30 2
1752990 32 27 2
1753008 32 28 2
1753022 32 31 2
1753111 32 25 2
1753138 32 34 2
1753148 32 28 2
1753203 32 46 0
1753203 32 46 0
1753277 32 46 2
1753284 32 46 2
1753316 32 47 0
1753316 32 47 0
1753383 32 28 2
1753398 32 47 2
1753406 32 47 2
1753490 32 30 2
1753550 32 12 0
1753550 32 12 0
1753565 32 27 2
1753624 32 12 2
1753629 32 31 2
1753631 32 30 2
1753632 32 12 2
1753670 32 25 2
1753755 32 34 2
1753886 32 30 2
1753965 32 28 2
1754112 32 27 2
1754116 32 1 0
1754116 32 1 0
1754174 32 1 2
1754181 32 1 2
1754184 32 31 2
1754217 32 25 2
1754253 32 27 2
1754294 32 34 2
1754323 32 31 2
1754358 32 25 2
1754436 32 34 2
1754486 32 30 2
1754488 32 27 2
1754514 32 28 2
1754581 32 31 2
1754594 32 25 2
1754613 32 14 0
1754653 32 28 2
1754701 32 34 2
1754743 32 14 2
1754759 32 46 0
1754759 32 46 0
1754834 32 46 2
1754840 32 46 2
1754872 32 47 0
1754872 32 47 0
1754890 32 28 2
1754954 32 47 2
1754962 32 47 2
1755033 32 30 2
1755064 32 27 2
1755106 32 12 0
1755106 32 12 0
1755153 32 25 2
1755172 32 30 2
1755180 32 12 2
1755188 32 12 2
1755189 32 31 2
1755319 32 34 2
1755423 32 30 2
1755474 32 28 2
1755612 32 27 2
1755672 32 1 0
1755672 32 1 0
1755699 32 25 2
1755730 32 1 2
1755738 32 1 2
1755755 32 27 2
1755839 32 25 2
1755860 32 31 2
1755975 32 34 2
1755992 32 27 2
1756001 32 31 2
1756020 32 28 2
1756022 32 30 2
1756074 32 25 2
1756109 32 34 2
1756162 32 28 2
1756186 32 46 0
1756186 32 46 0
1756260 32 31 2
1756261 32 46 2
1756268 32 46 2
1756300 32 47 0
1756300 32 47 0
1756377 32 34 2
1756382 32 47 2
1756390 32 47 2
1756397 32 28 2
1756534 32 12 0
1756534 32 12 0
1756567 32 27 2
1756571 32 30 2
1756608 32 12 2
1756616 32 12 2
1756633 32 25 2
1756716 32 30 2
1756867 32 31 2
1756967 32 30 2
1756981 32 28 2
1756993 32 34 2
1757100 32 1 0
1757100 32 1 0
1757114 32 27 2
1757158 32 1 2
1757166 32 1 2
1757182 32 25 2
1757253 32 27 2
1757321 32 25 2
1757422 32 31 2
1757487 32 27 2
1757528 32 28 2
1757533 32 34 2
1757556 32 25 2
1757563 32 31 2
1757567 32 30 2
1757614 32 46 0
1757614 32 46 0
1757667 32 28 2
1757673 32 34 2
1757689 32 46 2
1757695 32 46 2
1757727 32 47 0
1757727 32 47 0
1757809 32 47 2
1757817 32 47 2
1757824 32 31 2
1757902 32 28 2
1757928 32 2 0
1757929 32 2 2
1757940 32 34 2
1757961 32 12 0
1757961 32 12 0
1758035 32 12 2
1758043 32 12 2
1758066 32 27 2
1758115 32 25 2
1758116 32 30 2
1758258 32 30 2
1758431 32 31 2
1758485 32 28 2
1758509 32 30 2
1758527 32 1 0
1758527 32 1 0
1758557 32 34 2
1758585 32 1 2
1758593 32 1 2
1758615 32 27 2
1758754 32 27 2
1758783 32 25 2
1758926 32 25 2
1758986 32 31 2
1758991 32 27 2
1759031 32 28 2
1759041 32 46 0
1759041 32 46 0
1759097 32 34 2
1759108 32 30 2
1759123 32 46 2
1759127 32 31 2
1759135 32 46 2
1759155 32 47 0
1759155 32 47 0
1759161 32 25 2
1759170 32 28 2
1759239 32 34 2
1759245 32 47 2
1759287 32 47 2
1759385 32 31 2
1759389 32 12 0
1759389 32 12 0
1759409 32 28 2
1759476 32 12 2
1759504 32 34 2
1759505 32 12 2
1759565 32 27 2
1759720 32 25 2
1759761 32 30 2
1759900 32 30 2
1759941 32 2 0
1759942 32 2 2
1759960 32 1 0
1759960 32 1 0
1759996 32 28 2
1760004 32 31 2
1760026 32 1 2
1760098 32 1 2
1760134 32 34 2
1760151 32 30 2
1760218 32 27 2
1760268 32 25 2
1760358 32 27 2
1760407 32 25 2
1760474 32 46 0
1760474 32 46 0
1760549 32 46 2
1760554 32 46 2
1760558 32 31 2
1760586 32 47 0
1760586 32 47 0
1760593 32 27 2
1760653 32 25 2
1760668 32 47 2
1760673 32 34 2
1760676 32 47 2
1760697 32 31 2
1760751 32 30 2
1760807 32 34 2
1760820 32 12 0
1760820 32 12 0
1760894 32 12 2
1760902 32 12 2
1760956 32 31 2
1761074 32 34 2
1761169 32 27 2
1761212 32 25 2
1761298 32 30 2
1761386 32 1 0
1761386 32 1 0
1761438 32 30 2
1761444 32 1 2
1761452 32 1 2
1761572 32 31 2
1761689 32 30 2
1761701 32 34 2
1761716 32 27 2
1761759 32 25 2
1761856 32 27 2
1761899 32 25 2
1761900 32 46 0
1761900 32 46 0
1761978 32 46 2
1761986 32 46 2
1762018 32 47 0
1762018 32 47 0
1762091 32 27 2
1762102 32 47 2
1762110 32 47 2
1762127 32 31 2
1762134 32 25 2
1762239 32 34 2
1762254 32 12 0
1762254 32 12 0
1762268 32 31 2
1762289 32 30 2
1762328 32 12 2
1762337 32 12 2
1762380 32 34 2
1762527 32 31 2
1762645 32 34 2
1762665 32 27 2
1762694 32 25 2
1762821 32 1 0
1762821 32 1 0
1762837 32 30 2
1762879 32 1 2
1762897 32 1 2
1762976 32 30 2
1763136 32 31 2
1763212 32 27 2
1763227 32 30 2
1763244 32 25 2
1763263 32 34 2
1763345 32 46 0
1763345 32 46 0
1763351 32 27 2
1763383 32 25 2
1763422 32 46 2
1763430 32 46 2
1763462 32 47 0
1763462 32 47 0
1763475 32 2 0
1763476 32 2 2
1763544 32 47 2
1763554 32 47 2
1763589 32 27 2
1763618 32 25 2
1763693 32 31 2
1763698 32 12 0
1763698 32 12 0
1763772 32 12 2
1763797 32 12 2
1763803 32 34 2
1763826 32 30 2
1763832 32 31 2
1763946 32 34 2
1764093 32 31 2
1764164 32 27 2
1764177 32 25 2
1764212 32 34 2
1764281 32 1 0
1764281 32 1 0
1764342 32 1 2
1764353 32 1 2
1764373 32 30 2
1764511 32 30 2
1764700 32 31 2
1764711 32 27 2
1764725 32 25 2
1764762 32 30 2
1764801 32 46 0
1764801 32 46 0
1764829 32 34 2
1764850 32 27 2
1764865 32 25 2
1764875 32 46 2
1764925 32 46 2
1764957 32 47 0
1764957 32 47 0
1765039 32 47 2
1765059 32 47 2
1765085 32 27 2
1765100 32 25 2
1765203 32 12 0
1765203 32 12 0
1765255 32 31 2
1765277 32 12 2
1765285 32 12 2
1765361 32 30 2
1765368 32 34 2
1765394 32 31 2
1765510 32 34 2
1765660 32 27 2
1765662 32 25 2
1765673 32 1 0
1765673 32 1 0
1765738 32 1 2
1765751 32 1 2
1765908 32 30 2
1766047 32 30 2
1766170 32 7 0
1766207 32 27 2
1766211 32 25 2
1766283 32 7 2
1766299 32 46 0
1766299 32 46 0
1766300 32 30 2
1766347 32 27 2
1766350 32 25 2
1766374 32 46 2
1766426 32 46 2
1766458 32 47 0
1766458 32 47 0
1766542 32 47 2
1766582 32 27 2
1766589 32 25 2
1766592 32 47 2
1766736 32 12 0
1766736 32 12 0
1766810 32 12 2
1766835 32 12 2
1766898 32 30 2
1767147 32 25 2
1767156 32 27 2
1767319 32 1 0
1767319 32 1 0
1767377 32 1 2
1767385 32 1 2
1767445 32 30 2
1767594 32 30 2
1767696 32 25 2
1767704 32 27 2
1767833 32 46 0
1767833 32 46 0
1767835 32 25 2
1767845 32 27 2
1767847 32 30 2
1767908 32 46 2
1767919 32 46 2
1767951 32 47 0
1767951 32 47 0
1768033 32 47 2
1768042 32 47 2
1768080 32 27 2
1768186 32 12 0
1768186 32 12 0
1768260 32 12 2
1768268 32 12 2
1768448 32 30 2
1768655 32 27 2
1768752 32 1 0
1768752 32 1 0
1768810 32 1 2
1768817 32 1 2
1768996 32 30 2
1769142 32 30 2
1769202 32 27 2
1769265 32 46 0
1769265 32 46 0
1769339 32 46 2
1769343 32 27 2
1769349 32 46 2
1769381 32 47 0
1769381 32 47 0
1769464 32 47 2
1769471 32 47 2
1769615 32 5 0
1769725 32 5 2
1769733 32 61 0
1769733 32 61 0
1769815 32 61 2
1769823 32 61 2
1769831 32 29 0
1770106 32 29 2
1770122 32 62 0
1770122 32 62 0
1770212 32 62 2
1770221 32 62 2
1770497 32 63 0
1770497 32 63 0
1770595 32 63 2
1770647 32 63 2
1771071 32 12 0
1771071 32 12 0
1771145 32 12 2
1771159 32 12 2
1771599 32 11 0
1771689 32 11 2
1771901 32 1 0
1771901 32 1 0
1771959 32 1 2
1771966 32 1 2
1772208 32 2 0
1772209 32 2 2
1772414 32 46 0
1772414 32 46 0
1772490 32 46 2
1772499 32 46 2
1772531 32 47 0
1772531 32 47 0
1772613 32 47 2
1772620 32 47 2
1772687 32 31 2
1772764 32 12 0
1772764 32 12 0
1772838 32 12 2
1772846 32 12 2
1773330 32 1 0
1773330 32 1 0
1773388 32 1 2
1773397 32 1 2
1773577 32 31 2
1773702 32 34 2
1773845 32 46 0
1773845 32 46 0
1773929 32 46 2
1773930 32 46 2
1773961 32 47 0
1773961 32 47 0
1774055 32 47 2
1774057 32 47 2
1774132 32 31 2
1774199 32 12 0
1774199 32 12 0
1774242 32 34 2
1774271 32 31 2
1774273 32 12 2
1774280 32 12 2
1774385 32 34 2
1774530 32 31 2
1774650 32 34 2
1774764 32 1 0
1774764 32 1 0
1774824 32 1 2
1774828 32 1 2
1775139 32 31 2
1775267 32 34 2
1775276 32 46 0
1775276 32 46 0
1775350 32 46 2
1775367 32 46 2
1775399 32 47 0
1775399 32 47 0
1775482 32 47 2
1775490 32 47 2
1775634 32 12 0
1775634 32 12 0
1775695 32 31 2
1775708 32 12 2
1775715 32 12 2
1775808 32 34 2
1775834 32 31 2
1775949 32 34 2
1776016 32 25 2
1776093 32 31 2
1776199 32 1 0
1776199 32 1 0
1776215 32 34 2
1776257 32 1 2
1776265 32 1 2
1776564 32 25 2
1776700 32 31 2
1776704 32 25 2
1776713 32 46 0
1776713 32 46 0
1776791 32 46 2
1776804 32 46 2
1776832 32 34 2
1776836 32 47 0
1776836 32 47 0
1776919 32 47 2
1776930 32 47 2
1776938 32 25 2
1777074 32 12 0
1777155 32 12 2
1777202 32 30 2
1777255 32 31 2
1777343 32 27 2
1777372 32 34 2
1777394 32 31 2
1777497 32 25 2
1777503 32 34 2
1777506 32 29 2
1777639 32 1 0
1777639 32 1 0
1777650 32 28 2
1777654 32 31 2
1777705 32 1 2
1777749 32 30 2
1777757 32 1 2
1777769 32 34 2
1777888 32 30 2
1777897 32 27 2
1778036 32 27 2
1778044 32 25 2
1778057 32 29 2
1778138 32 30 2
1778153 32 46 0
1778153 32 46 0
1778183 32 25 2
1778196 32 29 2
1778198 32 28 2
1778236 32 46 2
1778261 32 31 2
1778268 32 47 0
1778268 32 47 0
1778271 32 27 2
1778307 32 46 2
1778338 32 28 2
1778360 32 47 2
1778386 32 34 2
1778417 32 25 2
1778439 32 29 2
1778451 32 47 2
1778504 32 12 0
1778504 32 12 0
1778575 32 28 2
1778585 32 12 2
1778668 32 12 2
1778741 32 30 2
1778819 32 31 2
1778856 32 27 2
1778929 32 34 2
1778958 32 31 2
1778977 32 25 2
1779037 32 29 2
1779069 32 1 0
1779069 32 1 0
1779070 32 34 2
1779136 32 1 2
1779147 32 1 2
1779216 32 31 2
1779288 32 30 2
1779336 32 34 2
1779404 32 27 2
1779427 32 30 2
1779526 32 25 2
1779543 32 27 2
1779568 32 8 0
1779568 32 8 0
1779586 32 29 2
1779610 32 8 2
1779660 32 8 2
1779665 32 25 2
1779676 32 46 0
1779676 32 46 0
1779678 32 30 2
1779725 32 29 2
1779743 32 28 2
1779758 32 46 2
1779788 32 27 2
1779790 32 47 0
1779790 32 47 0
1779823 32 31 2
1779850 32 46 2
1779872 32 47 2
1779881 32 47 2
1779901 32 25 2
1779952 32 34 2
1779968 32 29 2
1780025 32 12 0
1780025 32 12 0
1780099 32 12 2
1780110 32 12 2
1780277 32 30 2
1780379 32 31 2
1780393 32 27 2
1780463 32 25 2
1780491 32 34 2
1780518 32 31 2
1780559 32 29 2
1780594 32 1 0
1780594 32 1 0
1780632 32 34 2
1780661 32 1 2
1780672 32 1 2
1780777 32 31 2
1780827 32 30 2
1780897 32 34 2
1780940 32 27 2
1780968 32 30 2
1781010 32 25 2
1781083 32 27 2
1781106 32 29 2
1781109 32 46 0
1781109 32 46 0
1781149 32 25 2
1781194 32 46 2
1781213 32 46 2
1781218 32 30 2
1781226 32 47 0
1781226 32 47 0
1781248 32 29 2
1781315 32 47 2
1781328 32 27 2
1781358 32 47 2
1781384 32 31 2
1781385 32 25 2
1781459 32 12 0
1781459 32 12 0
1781491 32 29 2
1781514 32 34 2
1781547 32 12 2
1781593 32 12 2
1781816 32 30 2
1781933 32 27 2
1781947 32 25 2
1782031 32 1 0
1782031 32 1 0
1782045 32 31 2
1782083 32 29 2
1782097 32 1 2
1782167 32 34 2
1782184 32 31 2
1782199 32 1 2
1782299 32 34 2
1782363 32 30 2
1782441 32 31 2
1782480 32 27 2
1782495 32 25 2
1782502 32 30 2
1782545 32 46 0
1782545 32 46 0
1782563 32 34 2
1782620 32 46 2
1782622 32 27 2
1782627 32 46 2
1782634 32 25 2
1782659 32 47 0
1782659 32 47 0
1782744 32 47 2
1782752 32 47 2
1782754 32 30 2
1782867 32 27 2
1782869 32 25 2
1782896 32 12 0
1782896 32 12 0
1782970 32 12 2
1782977 32 12 2
1783048 32 31 2
1783180 32 34 2
1783353 32 30 2
1783429 32 25 2
1783461 32 1 0
1783461 32 1 0
1783473 32 27 2
1783529 32 1 2
1783570 32 1 2
1783605 32 31 2
1783719 32 34 2
1783744 32 31 2
1783853 32 34 2
1783899 32 30 2
1783977 32 46 0
1783977 32 46 0
1784003 32 31 2
1784020 32 27 2
1784038 32 30 2
1784060 32 46 2
1784063 32 25 2
1784092 32 47 0
1784092 32 47 0
1784118 32 34 2
1784121 32 46 2
1784161 32 27 2
1784181 32 47 2
1784202 32 25 2
1784275 32 47 2
1784288 32 30 2
1784325 32 12 0
1784325 32 12 0
1784396 32 27 2
1784406 32 12 2
1784437 32 25 2
1784489 32 12 2
1784611 32 31 2
1784735 32 34 2
1784888 32 30 2
1784890 32 1 0
1784890 32 1 0
1784956 32 1 2
1784996 32 25 2
1785008 32 1 2
1785172 32 31 2
1785283 32 34 2
1785311 32 31 2
1785404 32 46 0
1785404 32 46 0
1785423 32 34 2
1785478 32 46 2
1785489 32 46 2
1785521 32 47 0
1785521 32 47 0
1785546 32 25 2
1785569 32 31 2
1785603 32 47 2
1785611 32 47 2
1785687 32 34 2
1785688 32 25 2
1785755 32 12 0
1785755 32 12 0
1785829 32 12 2
1785841 32 12 2
1785926 32 25 2
1786176 32 31 2
1786303 32 34 2
1786325 32 1 0
1786325 32 1 0
1786383 32 1 2
1786391 32 1 2
1786485 32 25 2
1786732 32 31 2
1786839 32 46 0
1786839 32 46 0
1786843 32 34 2
1786871 32 31 2
1786913 32 46 2
1786924 32 46 2
1786956 32 47 0
1786956 32 47 0
1786983 32 34 2
1787034 32 25 2
1787038 32 47 2
1787046 32 47 2
1787130 32 31 2
1787174 32 25 2
1787190 32 12 0
1787190 32 12 0
1787250 32 34 2
1787264 32 12 2
1787272 32 12 2
1787409 32 25 2
1787737 32 31 2
1787756 32 1 0
1787756 32 1 0
1787814 32 1 2
1787822 32 1 2
1787868 32 34 2
1787968 32 25 2
1788270 32 46 0
1788270 32 46 0
1788291 32 31 2
1788344 32 46 2
1788352 32 46 2
1788384 32 47 0
1788384 32 47 0
1788408 32 34 2
1788430 32 31 2
1788467 32 47 2
1788475 32 47 2
1788517 32 25 2
1788540 32 34 2
1788619 32 12 0
1788619 32 12 0
1788668 32 25 2
1788688 32 31 2
1788693 32 12 2
1788703 32 12 2
1788804 32 34 2
1788906 32 25 2
1789187 32 1 0
1789187 32 1 0
1789245 32 1 2
1789254 32 1 2
1789294 32 31 2
1789421 32 34 2
1789467 32 25 2
1789702 32 46 0
1789702 32 46 0
1789776 32 46 2
1789783 32 46 2
1789815 32 47 0
1789815 32 47 0
1789852 32 31 2
1789897 32 47 2
1789906 32 47 2
1789960 32 34 2
1789991 32 31 2
1790015 32 25 2
1790050 32 12 0
1790050 32 12 0
1790103 32 34 2
1790124 32 12 2
1790132 32 12 2
1790154 32 25 2
1790250 32 31 2
1790368 32 34 2
1790387 32 25 2
1790616 32 1 0
1790616 32 1 0
1790682 32 1 2
1790684 32 1 2
1790857 32 31 2
1790947 32 25 2
1790987 32 34 2
1791116 32 9 0
1791207 32 9 2
1791223 32 46 0
1791223 32 46 0
1791284 32 30 2
1791305 32 46 2
1791337 32 47 0
1791337 32 47 0
1791388 32 27 2
1791415 32 31 2
1791426 32 47 2
1791434 32 47 2
1791487 32 46 2
1791495 32 25 2
1791526 32 34 2
1791557 32 31 2
1791578 32 12 0
1791578 32 12 0
1791634 32 25 2
1791653 32 12 2
1791659 32 12 2
1791668 32 34 2
1791815 32 31 2
1791869 32 25 2
1791932 32 34 2
1792143 32 1 0
1792143 32 1 0
1792201 32 1 2
1792209 32 1 2
1792423 32 31 2
1792428 32 25 2
1792550 32 34 2
1792657 32 46 0
1792657 32 46 0
1792731 32 46 2
1792739 32 46 2
1792771 32 47 0
1792771 32 47 0
1792853 32 47 2
1792860 32 47 2
1792974 32 25 2
1792978 32 31 2
1793004 32 12 0
1793004 32 12 0
1793078 32 12 2
1793085 32 12 2
1793089 32 34 2
1793112 32 25 2
1793117 32 31 2
1793230 32 34 2
1793346 32 25 2
1793376 32 31 2
1793497 32 34 2
1793569 32 1 0
1793569 32 1 0
1793627 32 1 2
1793635 32 1 2
1793905 32 25 2
1793983 32 31 2
1794083 32 46 0
1794083 32 46 0
1794113 32 34 2
1794158 32 46 2
1794165 32 46 2
1794197 32 47 0
1794197 32 47 0
1794279 32 47 2
1794287 32 47 2
1794431 32 12 0
1794431 32 12 0
1794452 32 25 2
1794505 32 12 2
1794513 32 12 2
1794591 32 25 2
1794637 32 31 2
1794756 32 34 2
1794777 32 31 2
1794826 32 25 2
1794887 32 34 2
1794997 32 1 0
1794997 32 1 0
1795037 32 31 2
1795055 32 1 2
1795063 32 1 2
1795153 32 34 2
1795387 32 25 2
1795511 32 46 0
1795511 32 46 0
1795585 32 46 2
1795594 32 46 2
1795626 32 47 0
1795626 32 47 0
1795644 32 31 2
1795708 32 47 2
1795717 32 47 2
1795770 32 34 2
1795861 32 12 0
1795861 32 12 0
1795935 32 12 2
1795943 32 12 2
1796011 32 25 2
1796150 32 25 2
1796199 32 31 2
1796310 32 34 2
1796338 32 31 2
1796388 32 25 2
1796427 32 1 0
1796427 32 1 0
1796451 32 34 2
1796485 32 1 2
1796493 32 1 2
1796598 32 31 2
1796717 32 34 2
1796941 32 46 0
1796941 32 46 0
1796947 32 25 2
1797015 32 46 2
1797024 32 46 2
1797056 32 47 0
1797056 32 47 0
1797138 32 47 2
1797146 32 47 2
1797206 32 31 2
1797290 32 12 0
1797290 32 12 0
1797334 32 34 2
1797365 32 12 2
1797370 32 12 2
1797494 32 25 2
1797634 32 25 2
1797760 32 31 2
1797854 32 1 0
1797854 32 1 0
1797869 32 25 2
1797874 32 34 2
1797899 32 31 2
1797912 32 1 2
1797919 32 1 2
1798011 32 34 2
1798157 32 31 2
1798276 32 34 2
1798310 32 2 0
1798311 32 0 0
1798367 32 46 0
1798367 32 46 0
1798429 32 25 2
1798441 32 46 2
1798449 32 46 2
1798481 32 47 0
1798481 32 47 0
1798563 32 47 2
1798571 32 47 2
1798715 32 12 0
1798715 32 12 0
1798766 32 31 2
1798789 32 12 2
1798798 32 12 2
1798893 32 34 2
1798979 32 25 2
1799119 32 25 2
1799282 32 1 0
1799282 32 1 0
1799321 32 31 2
1799340 32 1 2
1799347 32 1 2
1799355 32 25 2
1799433 32 34 2
1799460 32 31 2
1799574 32 34 2
1799719 32 31 2
1799795 32 46 0
1799795 32 46 0
1799839 32 34 2
1799869 32 46 2
1799878 32 46 2
1799910 32 47 0
1799910 32 47 0
1799914 32 25 2
1799992 32 47 2
1800000 32 47 2
1800144 32 12 0
1800144 32 12 0
1800220 32 12 2
1800225 32 12 2
1800326 32 31 2
1800456 32 34 2
1800462 32 25 2
1800604 32 25 2
1800709 32 1 0
1800709 32 1 0
1800767 32 1 2
1800776 32 1 2
1800841 32 25 2
1800881 32 31 2
1800999 32 34 2
1801021 32 31 2
1801130 32 34 2
1801224 32 46 0
1801224 32 46 0
1801281 32 31 2
1801298 32 46 2
1801306 32 46 2
1801338 32 47 0
1801338 32 47 0
1801403 32 25 2
1801405 32 34 2
1801422 32 47 2
1801433 32 47 2
1801577 32 12 0
1801577 32 12 0
1801651 32 12 2
1801662 32 12 2
1801888 32 31 2
1801951 32 25 2
1802013 32 34 2
1802090 32 25 2
1802146 32 1 0
1802146 32 1 0
1802204 32 1 2
1802213 32 1 2
1802325 32 25 2
1802443 32 31 2
1802552 32 34 2
1802584 32 31 2
1802645 32 10 0
1802694 32 34 2
1802719 32 10 2
1802735 32 46 0
1802735 32 46 0
1802810 32 30 2
1802818 32 46 2
1802843 32 31 2
1802850 32 47 0
1802850 32 47 0
1802888 32 25 2
1802911 32 46 2
1802932 32 47 2
1802939 32 47 2
1802969 32 34 2
1803083 32 12 0
1803083 32 12 0
1803157 32 12 2
1803166 32 12 2
1803435 32 25 2
1803452 32 31 2
1803575 32 25 2
1803577 32 34 2
1803650 32 1 0
1803650 32 1 0
1803708 32 1 2
1803716 32 1 2
1803810 32 25 2
1804007 32 31 2
1804117 32 34 2
1804147 32 31 2
1804164 32 46 0
1804164 32 46 0
1804238 32 46 2
1804248 32 46 2
1804253 32 2 0
1804254 32 2 2
1804261 32 34 2
1804280 32 47 0
1804280 32 47 0
1804362 32 47 2
1804369 32 25 2
1804379 32 47 2
1804406 32 31 2
1804523 32 12 0
1804523 32 12 0
1804531 32 34 2
1804597 32 12 2
1804605 32 12 2
1804916 32 25 2
1805013 32 31 2
1805055 32 25 2
1805089 32 1 0
1805089 32 1 0
1805139 32 34 2
1805147 32 1 2
1805155 32 1 2
1805290 32 25 2
1805568 32 31 2
1805603 32 46 0
1805603 32 46 0
1805682 32 46 2
1805694 32 46 2
1805696 32 34 2
1805706 32 31 2
1805726 32 47 0
1805726 32 47 0
1805808 32 47 2
1805816 32 47 2
1805827 32 34 2
1805849 32 25 2
1805960 32 12 0
1805960 32 12 0
1805965 32 31 2
1806034 32 12 2
1806042 32 12 2
1806082 32 34 2
1806396 32 25 2
1806526 32 1 0
1806526 32 1 0
1806535 32 25 2
1806572 32 31 2
1806584 32 1 2
1806591 32 1 2
1806701 32 34 2
1806770 32 25 2
1807039 32 46 0
1807039 32 46 0
1807113 32 46 2
1807121 32 46 2
1807127 32 31 2
1807153 32 47 0
1807153 32 47 0
1807235 32 47 2
1807243 32 47 2
1807267 32 31 2
1807298 32 34 2
1807328 32 25 2
1807387 32 12 0
1807387 32 12 0
1807427 32 34 2
1807461 32 12 2
1807473 32 12 2
1807527 32 31 2
1807664 32 34 2
1807876 32 25 2
1807957 32 1 0
1807957 32 1 0
1808015 32 25 2
1808017 32 1 2
1808026 32 1 2
1808134 32 31 2
1808250 32 25 2
1808260 32 34 2
1808474 32 46 0
1808474 32 46 0
1808549 32 46 2
1808557 32 46 2
1808589 32 47 0
1808589 32 47 0
1808671 32 47 2
1808679 32 47 2
1808690 32 31 2
1808800 32 34 2
1808823 32 12 0
1808823 32 12 0
1808831 32 31 2
1808897 32 12 2
1808904 32 12 2
1808941 32 34 2
1809090 32 31 2
1809113 32 25 2
1809218 32 34 2
1809388 32 1 0
1809454 32 1 2
1809802 32 31 2
1809902 32 46 0
1809902 32 46 0
1809929 32 34 2
1809976 32 46 2
1809984 32 46 2
1810016 32 47 0
1810016 32 47 0
1810112 32 47 2
1810113 32 47 2
1810256 32 12 0
1810256 32 12 0
1810330 32 12 2
1810338 32 12 2
1810357 32 31 2
1810468 32 34 2
1810496 32 31 2
1810609 32 34 2
1810754 32 31 2
1810822 32 1 0
1810822 32 1 0
1810875 32 34 2
1810880 32 1 2
1810888 32 1 2
1811336 32 46 0
1811336 32 46 0
1811361 32 31 2
1811410 32 46 2
1811418 32 46 2
1811450 32 47 0
1811450 32 47 0
1811494 32 34 2
1811532 32 47 2
1811539 32 47 2
1811683 32 12 0
1811683 32 12 0
1811758 32 12 2
1811767 32 12 2
1811916 32 31 2
1812036 32 34 2
1812056 32 31 2
1812167 32 34 2
1812251 32 1 0
1812251 32 1 0
1812309 32 1 2
1812317 32 31 2
1812321 32 1 2
1812432 32 34 2
1812527 32 2 0
1812528 32 2 2
1812769 32 46 0
1812769 32 46 0
1812843 32 46 2
1812851 32 46 2
1812883 32 47 0
1812883 32 47 0
1812924 32 31 2
1812965 32 47 2
1812975 32 47 2
1813050 32 34 2
1813119 32 12 0
1813119 32 12 0
1813193 32 12 2
1813201 32 12 2
1813479 32 31 2
1813589 32 34 2
1813618 32 31 2
1813677 32 9 0
1813730 32 34 2
1813758 32 9 2
1813876 32 31 2
1813882 32 55 0
1813946 32 30 2
1813988 32 55 2
1813992 32 1 0
1813992 32 1 0
1813995 32 34 2
1814062 32 1 2
1814063 32 29 2
1814086 32 56 0
1814107 32 2 0
1814108 32 2 2
1814168 32 56 2
1814182 32 1 2
1814188 32 45 0
1814302 32 45 2
1814358 32 46 0
1814482 32 31 2
1814493 32 30 2
1814610 32 29 2
1814611 32 34 2
1814632 32 30 2
1814659 32 46 2
1814735 32 63 0
1814748 32 29 2
1814884 32 30 2
1815001 32 29 2
1815171 32 63 2
1815179 32 47 0
1815280 32 47 2
1815384 32 62 0
1815384 32 62 0
1815474 32 62 2
1815482 32 62 2
1815581 32 30 2
1815778 32 3 0
1816123 32 29 2
1817456 32 30 2
1817566 32 31 2
1818015 32 2 0
1818016 32 2 2
1819046 32 34 2
1820860 32 3 2
1820868 32 19 0
1820935 32 29 2
1820966 32 19 2
1820970 32 3 0
1830510 32 3 2
1830844 32 34 2
1830846 32 3 0
1831306 32 3 2
1831382 32 7 2
1831390 32 3 0
1832898 32 2 0
1832899 32 2 2
1833040 32 2 0
1833041 32 0 1
1833230 32 2 2
1833304 32 0 2
1835576 32 3 2
1880301 32 2 2
1880464 32 2 2
1880707 32 2 2
1936003 32 2 0
1936004 32 2 2
1942803 32 2 0
1942804 32 2 2
1944077 32 2 0
1944078 32 2 2
1962491 32 2 0
1962492 32 2 2
1966859 32 2 0
1966860 32 2 2
1968224 32 2 0
1968225 32 2 2
1977661 32 2 0
1977662 32 2 2
1985528 32 2 0
1985529 32 2 2
1986650 32 2 0
1986651 32 2 2
1987551 32 2 0
1987552 32 2 2
2002204 32 2 0
2002205 32 2 2
2014234 32 2 0
2014235 32 2 2
2037775 32 0 1
2037776 32 2 0
2037962 32 2 2
2038035 32 0 2
2039659 32 2 0
2039660 32 2 2
2041381 32 2 0
2041382 32 2 2
2061939 32 2 0
2061940 32 0 1
2062134 32 2 2
2062208 32 0 2
2085259 32 2 0
2085260 32 0 1
2085454 32 2 2
2085528 32 0 2
2121125 32 2 0
2121126 32 0 1
2121313 32 2 2
2121386 32 0 2
2151150 32 2 0
2151151 32 2 2
2155103 32 2 0
2155104 32 0 1
2155294 32 2 2
2155368 32 0 2
2156409 32 2 0
2156410 32 0 1
2156603 32 2 2
2156676 32 0 2
2166933 32 2 0
2166934 32 2 2
2431571 32 2 0
2431572 32 2 2
2433216 32 2 0
2433217 32 2 2
2570067 32 1 0
2573134 32 1 2
2573237 32 7 0
2573238 32 7 2
2573530 32 36 0
2573530 32 36 0
2573648 32 36 2
2573692 32 37 0
2573692 32 37 0
2573750 32 37 2
2573798 32 37 2
2573930 32 8 0
2573930 32 8 0
2573972 32 8 2
2574060 32 8 2
2574108 32 0 0
2574108 32 0 0
2574158 32 0 2
2574395 32 0 2
2574483 32 36 0
2574534 32 36 2
2576145 32 21 0
2576146 32 21 2
2576781 32 36 2
2576783 32 36 0
2577032 32 36 2
2577064 32 38 0
2577064 32 38 0
2578090 32 38 2
2578250 32 54 0
2578250 32 54 0
2578303 32 29 2
2578332 32 54 2
2578350 32 54 2
2578410 32 37 0
2578410 32 37 0
2578468 32 37 2
2578476 32 37 2
2578530 32 38 2
2578823 32 29 2
2578961 32 29 2
2579464 32 47 0
2579464 32 47 0
2579546 32 47 2
2579623 32 47 2
2579647 32 11 0
2579647 32 11 0
2579713 32 11 2
2579749 32 11 2
2579877 32 1 0
2579962 32 1 2
2580486 32 14 0
2580695 32 14 2
2580707 32 15 0
2580707 32 15 0
2580805 32 15 2
2580822 32 15 2
2580910 32 38 0
2580910 32 38 0
2580976 32 38 2
2581225 32 38 2
2581369 32 11 0
2581369 32 11 0
2581442 32 11 2
2581454 32 46 0
2581454 32 46 0
2581475 32 11 2
2581528 32 46 2
2581546 32 46 2
2581590 32 12 0
2581590 32 12 0
2581665 32 12 2
2581673 32 12 2
2581681 32 0 0
2581681 32 0 0
2581731 32 0 2
2581748 32 0 2
2581832 32 30 2
2581896 32 47 0
2581896 32 47 0
2581978 32 47 2
2581986 32 47 2
2582002 32 12 0
2582080 32 31 2
2582091 32 12 2
2582127 32 47 0
2582224 32 47 2
2582268 32 0 2
2582365 32 30 2
2582536 32 3 0
2582537 32 3 2
2582764 32 7 0
2583032 32 7 2
2583240 32 54 0
2583240 32 54 0
2583322 32 54 2
2583331 32 54 2
2583609 32 31 2
2583749 32 31 2
2583979 32 58 0
2583979 32 58 0
2584037 32 58 2
2584062 32 58 2
2584142 32 59 0
2584142 32 59 0
2584212 32 59 2
2584224 32 59 2
2584284 32 38 0
2584284 32 38 0
2584350 32 38 2
2584358 32 38 2
2584835 32 57 0
2584836 32 57 2
2586794 32 2 0
2586795 32 0 0
2589189 32 2 0
2589190 32 0 0
2774281 32 2 0
2774282 32 0 1
2774478 32 2 2
2774552 32 0 2
2797621 32 0 1
2797622 32 2 0
2797808 32 2 2
2797882 32 0 2
3192606 32 2 2
3192607 32 2 0
3547331 32 38 0
3547331 32 38 0
3548425 32 38 2
3551595 32 38 2
3552827 32 11 0
3552827 32 11 0
3552893 32 11 2
3552910 32 11 2
3553662 32 38 0
3553662 32 38 0
3553728 32 38 2
3554007 32 38 2
3554151 32 11 0
3554151 32 11 0
3554218 32 11 2
3554223 32 11 2
3556023 32 38 0
3556023 32 38 0
3556097 32 38 2
3556309 32 38 2
3565079 32 2 0
3565080 32 2 2
4523939 32 38 0
4523939 32 38 0
4524785 32 38 2
4527129 32 38 2
4528361 32 11 0
4528361 32 11 0
4528427 32 11 2
4528445 32 11 2
4529197 32 38 0
4529197 32 38 0
4529245 32 0 2
4529263 32 38 2
4529382 32 38 2
4529526 32 11 0
4529526 32 11 0
4529592 32 11 2
4529600 32 11 2
4529740 32 7 0
4532982 32 7 2
4534642 32 38 0
4534642 32 38 0
4534717 32 38 2
4534788 32 38 2
4850555 32 2 0
4850556 32 2 2
4852679 32 2 0
4852680 32 2 2
4876769 32 2 0
4876770 32 0 1
4876956 32 2 2
4877029 32 0 2
5131151 32 2 0
5131152 32 2 2
5393777 32 2 0
5393778 32 2 2
5415240 32 2 0
5415241 32 0 1
5415429 32 2 2
5415503 32 0 2
5438610 32 2 0
5438611 32 0 1
5438799 32 2 2
5438873 32 0 2
5469494 32 2 0
5469495 32 2 2
5500483 32 38 0
5500483 32 38 0
5503589 32 38 2
5504213 32 38 2
5505445 32 11 0
5505445 32 11 0
5505511 32 11 2
5505528 32 11 2
5506280 32 38 0
5506280 32 38 0
5506346 32 38 2
5506815 32 38 2
5506959 32 11 0
5506959 32 11 0
5507025 32 11 2
5507033 32 11 2
5508833 32 38 0
5508833 32 38 0
5508907 32 38 2
5508959 32 38 2
5511458 32 2 0
5511459 32 0 0
6240148 32 2 0
6240149 32 2 2
6255406 32 2 0
6255407 32 0 1
6255603 32 2 2
6255677 32 0 2
6278826 32 2 0
6278827 32 0 1
6279103 32 2 2
6279177 32 0 2
6337319 32 2 0
6337320 32 2 2
6477066 32 38 0
6477066 32 38 0
6477477 32 38 2
6482331 32 38 2
6482401 32 0 2
6483563 32 11 0
6483563 32 11 0
6483629 32 11 2
6483646 32 11 2
6483830 32 7 0
6486198 32 7 2
6486515 32 2 0
6486516 32 0 0
6486766 32 38 0
6486766 32 38 0
6486832 32 38 2
6486881 32 38 2
6487025 32 11 0
6487025 32 11 0
6487092 32 11 2
6487097 32 11 2
6488897 32 38 0
6488897 32 38 0
6488963 32 38 2
6488971 32 38 2
