0 19 51 0
1668 19 51 2
1672 19 22 0
3906 19 22 2
3918 19 1 0
4564 19 1 2
4584 19 24 0
4714 19 24 2
9907 19 63 1
10140 19 0 2
10205 19 63 2
68167 19 63 1
68400 19 0 2
68465 19 63 2
71799 19 63 1
72030 19 0 2
72095 19 63 2
74405 19 63 1
74640 19 0 2
74705 19 63 2
89603 19 63 1
89831 19 2 2
89881 19 63 2
123489 19 63 1
123716 19 2 2
123765 19 63 2
131141 19 63 1
131377 19 2 2
131427 19 63 2
167525 19 63 1
167756 19 2 2
167805 19 63 2
177744 19 63 1
177976 19 2 2
178025 19 63 2
185117 19 63 1
185356 19 2 2
185405 19 63 2
206645 19 63 1
206876 19 2 2
206925 19 63 2
213497 19 0 0
236535 19 63 1
236766 19 2 2
236815 19 63 2
255147 19 63 1
255376 19 2 2
255425 19 63 2
271183 19 63 1
271416 19 2 2
271465 19 63 2
298647 19 2 0
298648 19 63 1
298876 19 2 2
298925 19 63 2
310343 19 63 1
310576 19 2 2
310625 19 63 2
336981 19 63 1
336982 19 2 0
337216 19 2 2
337265 19 63 2
382003 19 2 0
382004 19 63 1
382236 19 2 2
382285 19 63 2
397607 19 2 0
397608 19 63 1
397836 19 2 2
397885 19 63 2
433271 19 2 0
433272 19 63 1
433517 19 2 2
433567 19 63 2
436285 19 2 0
436286 19 63 1
436516 19 2 2
436565 19 63 2
480447 19 2 0
480448 19 0 0
507717 19 2 0
507718 19 2 2
510079 19 2 0
510080 19 2 2
517434 19 2 0
517435 19 2 2
535780 19 2 0
535781 19 2 2
543774 19 2 0
543775 19 2 2
550062 19 2 0
550063 19 2 2
558301 19 2 0
558302 19 2 2
571684 19 2 0
571685 19 2 2
594760 19 2 0
594761 19 2 2
608892 19 2 0
608893 19 2 2
616455 19 4 0
618491 19 4 2
618543 19 44 0
619818 19 44 2
619830 19 5 0
619934 19 5 2
619946 19 45 0
620305 19 45 2
620373 19 24 0
620513 19 24 2
620545 19 25 0
620659 19 25 2
620667 19 26 0
620742 19 63 1
620791 19 26 2
620831 19 27 0
620937 19 27 2
620957 19 33 0
620977 19 4 2
621035 19 63 2
621038 19 4 0
621117 19 33 2
621124 19 4 0
621137 19 35 0
621191 19 4 0
621242 19 35 2
621250 19 41 0
621352 19 4 0
621448 19 4 0
621542 19 4 0
621585 19 41 2
621601 19 42 0
621849 19 4 0
621888 19 42 2
621920 19 1 0
621939 19 4 0
622020 19 4 0
622060 19 1 2
622096 19 36 0
622188 19 36 2
622200 19 43 0
622302 19 4 0
622388 19 4 0
622491 19 4 0
622534 19 43 2
622550 19 17 0
622568 19 4 0
622631 19 17 2
622723 19 27 0
622824 19 4 0
622861 19 27 2
622865 19 37 0
622895 19 4 0
622967 19 37 2
622979 19 17 0
622987 19 4 0
623080 19 4 0
623130 19 17 2
623138 19 15 0
623165 19 4 0
623254 19 4 0
623258 19 15 2
623298 19 16 0
623357 19 4 0
623462 19 16 2
623476 19 4 0
623502 19 18 0
623570 19 4 0
623601 19 18 2
623625 19 61 0
623693 19 4 0
623787 19 61 2
623799 19 54 0
623837 19 4 0
623967 19 4 0
623974 19 54 2
623994 19 9 0
624060 19 9 2
624068 19 19 0
624077 19 4 0
624125 19 19 2
624129 19 35 0
624283 19 4 0
624396 19 4 0
624493 19 35 2
624509 19 53 0
624638 19 4 0
624744 19 4 0
624866 19 4 0
624994 19 4 0
625086 19 4 0
625180 19 53 2
625187 19 4 0
625220 19 33 0
625306 19 33 2
625315 19 4 0
625318 19 36 0
625422 19 4 0
625466 19 36 2
625486 19 40 0
625557 19 4 0
625700 19 4 0
625770 19 40 2
625794 19 37 0
625813 19 4 0
625929 19 37 2
625963 19 4 0
625999 19 63 1
626033 19 38 0
626078 19 4 0
626187 19 4 0
626207 19 38 2
626211 19 44 0
626286 19 58 2
626327 19 4 0
626359 19 63 2
626437 19 4 0
626507 19 44 2
626524 19 4 0
626531 19 8 0
626655 19 8 2
626663 19 29 0
626719 19 4 0
626838 19 4 0
626840 19 29 2
626880 19 0 0
626954 19 0 2
626964 19 4 0
626966 19 38 0
627073 19 4 0
627157 19 38 2
627173 19 39 0
627212 19 4 0
627305 19 4 0
627466 19 4 0
627591 19 4 0
627764 19 4 0
627873 19 4 0
627958 19 39 2
627962 19 39 0
628029 19 4 0
628169 19 4 0
628292 19 4 0
628382 19 4 0
628464 19 39 2
628481 19 4 0
628520 19 36 0
628607 19 4 0
628617 19 36 2
628649 19 38 0
628802 19 4 0
628854 19 38 2
628870 19 51 0
629000 19 51 2
629056 19 60 0
629384 19 60 2
629392 19 52 0
629654 19 52 2
629665 19 4 0
629666 19 2 0
629690 19 4 0
629942 19 4 2
629962 19 53 0
630454 19 53 2
630478 19 54 0
631410 19 54 2
631426 19 11 0
631740 19 11 2
631752 19 56 0
631950 19 56 2
631954 19 12 0
632210 19 12 2
632218 19 57 0
632462 19 57 2
632466 19 2 0
632752 19 2 2
632804 19 37 0
633086 19 37 2
633102 19 40 0
633212 19 40 2
633268 19 58 0
633401 19 58 2
633461 19 35 0
633608 19 35 2
633612 19 50 0
633799 19 50 2
633819 19 62 0
634207 19 62 2
634235 19 38 0
634542 19 38 2
634614 19 63 0
635175 19 63 2
635215 19 12 0
635476 19 12 2
635500 19 2 0
635658 19 2 2
635682 19 13 0
635909 19 13 2
636005 19 3 0
636141 19 3 2
636181 19 23 0
636349 19 23 2
636365 19 24 0
636472 19 24 2
636580 19 54 0
636890 19 54 2
636898 19 25 0
636984 19 25 2
637012 19 26 0
637138 19 26 2
637218 19 0 0
637357 19 0 2
637365 19 3 0
637492 19 3 2
637536 19 4 0
637671 19 4 2
637767 19 5 0
637956 19 5 2
637996 19 15 0
638270 19 15 2
638278 19 14 0
638648 19 14 2
638660 19 50 0
638857 19 50 2
638885 19 6 0
639486 19 6 2
639506 19 4 0
639619 19 4 2
639627 19 8 0
639737 19 8 2
639741 19 47 0
640200 19 47 2
640208 19 49 0
640295 19 63 1
640364 19 49 2
640380 19 11 0
640536 19 48 2
640579 19 11 2
640615 19 5 0
640617 19 63 2
640820 19 5 2
640844 19 37 0
641117 19 37 2
641181 19 4 0
641277 19 4 2
641281 19 1 0
641361 19 1 2
641389 19 27 0
641727 19 27 2
641735 19 2 0
641853 19 2 2
641865 19 11 0
641922 19 11 2
641930 19 7 0
642019 19 7 2
642039 19 3 0
642184 19 3 2
642292 19 6 0
642391 19 6 2
642411 19 9 0
642602 19 9 2
642774 19 8 0
642883 19 8 2
642895 19 11 0
643071 19 11 2
643091 19 12 0
643484 19 12 2
643508 19 16 0
643823 19 16 2
643831 19 13 0
644047 19 13 2
644095 19 2 0
644194 19 2 2
644226 19 40 0
645459 19 40 2
645463 19 25 0
645556 19 25 2
645572 19 31 0
646004 19 31 2
646040 19 33 0
646178 19 33 2
646182 19 36 0
646591 19 36 2
646599 19 4 0
646759 19 4 2
646851 19 5 0
646952 19 5 2
646984 19 34 0
647170 19 34 2
647190 19 35 0
647471 19 35 2
647495 19 32 0
647632 19 32 2
647700 19 17 0
647967 19 17 2
648263 19 38 0
648263 19 38 0
648321 19 38 2
648481 19 38 2
648489 19 27 0
648574 19 27 2
648594 19 35 0
648668 19 35 2
648724 19 28 0
648821 19 28 2
648889 19 3 0
648931 19 3 2
648935 19 46 0
649252 19 46 2
649272 19 4 0
649321 19 4 2
649353 19 0 0
649437 19 0 2
649441 19 29 0
649618 19 29 2
649762 19 47 0
650022 19 47 2
650094 19 30 0
650682 19 30 2
651034 19 31 0
651240 19 31 2
651244 19 44 0
651525 19 44 2
651533 19 43 0
651744 19 43 2
651876 19 32 0
652017 19 32 2
652089 19 33 0
652639 19 33 2
652687 19 33 0
652886 19 33 2
652894 19 27 0
653053 19 27 2
653157 19 54 0
656891 19 54 2
656903 19 28 0
657033 19 28 2
657049 19 5 0
657369 19 5 2
657377 19 56 0
657493 19 56 2
657509 19 6 0
657840 19 6 2
657940 19 41 0
658029 19 41 2
658077 19 61 0
658635 19 61 2
658639 19 39 0
658762 19 39 2
658774 19 7 0
659019 19 7 2
659079 19 8 0
659163 19 8 2
659195 19 63 0
659396 19 63 2
659504 19 0 0
659577 19 0 2
659605 19 57 0
659799 19 57 2
659867 19 58 0
660038 19 58 2
660122 19 46 0
660254 19 46 2
660266 19 59 0
660442 19 59 2
660474 19 32 0
660587 19 32 2
660595 19 50 0
660765 19 50 2
660841 19 60 0
660926 19 0 0
660927 19 63 1
661186 19 0 2
661260 19 63 2
661262 19 0 0
661392 19 60 2
661400 19 62 0
661450 19 0 0
661568 19 0 0
661669 19 62 2
661673 19 3 0
661695 19 0 0
661754 19 3 2
661766 19 5 0
661791 19 0 0
661963 19 0 0
662018 19 5 2
662046 19 17 0
662049 19 0 0
662151 19 17 2
662162 19 0 0
662171 19 6 0
662264 19 0 0
662307 19 6 2
662375 19 0 0
662399 19 11 0
662504 19 0 0
662617 19 0 0
662700 19 11 2
662708 19 10 0
662757 19 0 0
662776 19 10 2
662796 19 11 0
662896 19 0 0
662996 19 11 2
663004 19 6 0
663095 19 6 2
663115 19 0 0
663131 19 36 0
663211 19 0 0
663334 19 0 0
663425 19 36 2
663485 19 12 0
663649 19 0 0
663772 19 0 0
663853 19 12 2
663861 19 0 0
663935 19 0 2
664046 19 0 0
664059 19 15 0
664243 19 15 2
664363 19 7 0
664479 19 7 2
664487 19 0 0
664495 19 0 0
664601 19 0 0
664765 19 0 2
664884 19 0 0
664913 19 9 0
665057 19 9 2
665089 19 8 0
665136 19 0 0
665226 19 8 2
665254 19 40 0
665350 19 0 0
665469 19 0 0
665547 19 40 2
665559 19 41 0
665596 19 0 0
665717 19 0 0
665812 19 0 0
665873 19 41 2
665921 19 0 0
665937 19 2 2
665938 19 2 0
665969 19 14 0
666040 19 0 0
666097 19 14 2
666362 19 0 0
666413 19 29 0
666487 19 0 0
666534 19 29 2
666574 19 30 0
666611 19 0 0
666701 19 30 2
666737 19 0 0
666745 19 17 0
666870 19 17 2
666926 19 18 0
667051 19 0 0
667098 19 18 2
667146 19 19 0
667185 19 0 0
667264 19 19 2
667283 19 0 0
667300 19 21 0
667380 19 0 0
667436 19 21 2
667468 19 22 0
667515 19 0 0
667603 19 22 2
667633 19 0 0
667727 19 0 0
667759 19 4 0
667871 19 4 2
667899 19 18 0
668176 19 18 2
668348 19 61 0
668759 19 0 0
668883 19 0 0
669003 19 0 0
669074 19 61 2
669113 19 0 0
669146 19 54 0
669194 19 0 0
669286 19 54 2
669311 19 0 0
669318 19 55 0
669550 19 0 0
669663 19 55 2
669703 19 0 0
669790 19 0 0
669891 19 40 0
669923 19 0 0
669994 19 40 2
670022 19 49 0
670032 19 0 0
670130 19 0 0
670154 19 49 2
670166 19 51 0
670229 19 0 0
670269 19 51 2
670289 19 37 0
670384 19 0 0
670395 19 37 2
670399 19 20 0
670485 19 20 2
670501 19 3 0
670572 19 0 0
670709 19 0 0
670806 19 0 0
670838 19 3 2
670886 19 0 0
670930 19 21 0
670957 19 0 2
671022 19 0 0
671023 19 21 2
671031 19 56 0
671126 19 0 0
671275 19 56 2
671295 19 57 0
671461 19 57 2
671549 19 58 0
671702 19 58 2
671782 19 59 0
671936 19 59 2
671960 19 63 0
672215 19 63 2
672299 19 33 0
672389 19 33 2
678817 19 0 0
678818 19 2 0
727389 19 2 0
727390 19 63 1
727627 19 2 2
727677 19 63 2
794004 19 2 0
794005 19 2 2
798492 19 2 0
798493 19 2 2
801233 19 2 0
801234 19 2 2
809425 19 2 0
809426 19 2 2
838375 19 2 0
838376 19 63 1
838609 19 2 2
838658 19 63 2
878167 19 2 2
878168 19 2 0
906345 19 2 0
906346 19 2 2
920483 19 2 0
920484 19 63 1
920715 19 2 2
920764 19 63 2
924320 19 2 0
924321 19 63 1
924575 19 2 2
924624 19 63 2
935442 19 2 0
935443 19 2 2
945949 19 2 0
945950 19 2 2
952635 19 2 0
952636 19 2 2
974153 19 2 0
974154 19 2 2
987889 19 2 0
987890 19 63 1
988117 19 2 2
988166 19 63 2
989091 19 2 0
989092 19 63 1
989327 19 2 2
989376 19 63 2
1033650 19 2 2
1033797 19 2 2
1034008 19 2 2
1129855 19 63 1
1130082 19 2 2
1130131 19 63 2
1149513 19 2 0
1149514 19 2 2
1191990 19 2 0
1191991 19 2 2
1240619 19 2 0
1240620 19 2 2
1249467 19 2 0
1249468 19 2 2
1284376 19 2 0
1284377 19 63 1
1284605 19 2 2
1284654 19 63 2
1324721 19 2 0
1324722 19 2 2
1336456 19 2 0
1336457 19 2 2
1375437 19 63 1
1375664 19 2 2
1375713 19 63 2
1453535 19 63 1
1453765 19 2 2
1453815 19 63 2
1476785 19 2 0
1476786 19 63 1
1477015 19 2 2
1477065 19 63 2
1518945 19 2 0
1518946 19 2 2
1520079 19 2 0
1520080 19 2 2
1530886 19 2 0
1530887 19 63 1
1531114 19 2 2
1531163 19 63 2
1531806 19 2 0
1531807 19 63 1
1532034 19 2 2
1532083 19 63 2
1565582 19 2 0
1565583 19 63 1
1565814 19 2 2
1565863 19 63 2
1573328 19 2 0
1573329 19 63 1
1573564 19 2 2
1573613 19 63 2
1594246 19 38 0
1594246 19 38 0
1595258 19 38 2
1595375 19 2 0
1595376 19 4 0
1598197 19 38 2
1598389 19 12 0
1598430 19 12 2
1599690 19 7 0
1599869 19 7 2
1600642 19 63 1
1600877 19 0 2
1600945 19 38 0
1600945 19 38 0
1600945 19 63 2
1601514 19 38 2
1602301 19 38 2
1602457 19 46 0
1602531 19 46 2
1602731 19 47 0
1602812 19 47 2
1605804 19 42 0
1606074 19 42 2
1606650 19 43 0
1606924 19 43 2
1607500 19 44 0
1607500 19 44 0
1607550 19 44 2
1607801 19 44 2
1608377 19 45 0
1608678 19 45 2
1609254 19 46 0
1609568 19 46 2
1610144 19 47 0
1610434 19 47 2
1611010 19 48 0
1611352 19 48 2
1611928 19 49 0
1612312 19 49 2
1612888 19 50 0
1613145 19 50 2
1613721 19 51 0
1613994 19 51 2
1614570 19 52 0
1614890 19 52 2
1615466 19 53 0
1615786 19 53 2
1616362 19 54 0
1616678 19 54 2
1617254 19 55 0
1617514 19 55 2
1618090 19 56 0
1618401 19 56 2
1618977 19 57 0
1619361 19 57 2
1619937 19 58 0
1620194 19 58 2
1620770 19 59 0
1621083 19 59 2
1621659 19 60 0
1621999 19 60 2
1622575 19 61 0
1622914 19 61 2
1623490 19 62 0
1623908 19 62 2
1624484 19 63 0
1624792 19 63 2
1625368 19 0 0
1625368 19 0 0
1625426 19 0 2
1625589 19 0 2
1625857 19 2 0
1626210 19 2 2
1626266 19 3 0
1626390 19 3 2
1626394 19 7 0
1626777 19 7 2
1626865 19 4 0
1626865 19 4 0
1626907 19 4 2
1626990 19 4 2
1627378 19 1 0
1627639 19 1 2
1628215 19 2 0
1628541 19 2 2
1629117 19 3 0
1629409 19 3 2
1629985 19 4 0
1630293 19 4 2
1630869 19 5 0
1631184 19 5 2
1631760 19 6 0
1632144 19 6 2
1632720 19 7 0
1633081 19 7 2
1633657 19 8 0
1633920 19 8 2
1634496 19 9 0
1634790 19 9 2
1635366 19 10 0
1635672 19 10 2
1636248 19 11 0
1636581 19 11 2
1637157 19 12 0
1637352 19 63 1
1637465 19 63 1
1637468 19 12 2
1637587 19 62 2
1637677 19 63 2
1637697 19 35 2
1637739 19 63 2
1637755 19 63 1
1637987 19 25 2
1638037 19 63 2
1638044 19 13 0
1638344 19 13 2
1638435 19 63 1
1638554 19 63 1
1638649 19 63 1
1638667 19 47 2
1638749 19 63 2
1638758 19 63 1
1638787 19 61 2
1638844 19 63 1
1638868 19 63 2
1638897 19 45 2
1638920 19 14 0
1638962 19 63 1
1638963 19 63 2
1639008 19 38 2
1639074 19 63 2
1639117 19 21 2
1639158 19 63 2
1639171 19 63 1
1639227 19 22 2
1639276 19 63 2
1639293 19 63 1
1639296 19 14 2
1639407 19 51 2
1639465 19 63 2
1639521 19 63 1
1639527 19 33 2
1639585 19 63 2
1639633 19 63 1
1639767 19 37 2
1639825 19 63 2
1639872 19 15 0
1639877 19 42 2
1639925 19 63 1
1639935 19 63 2
1640157 19 54 2
1640171 19 63 1
1640212 19 15 2
1640224 19 63 1
1640239 19 63 2
1640367 19 63 1
1640427 19 63 2
1640493 19 63 1
1640525 19 63 2
1640537 19 16 2
1640587 19 63 2
1640657 19 27 2
1640691 19 63 2
1640767 19 8 2
1640788 19 16 0
1640825 19 63 2
1640939 19 63 1
1641041 19 63 1
1641053 19 16 2
1641167 19 58 2
1641242 19 63 2
1641259 19 63 1
1641277 19 14 2
1641335 19 63 2
1641417 19 63 1
1641487 19 49 2
1641539 19 63 1
1641561 19 63 2
1641629 19 17 0
1641641 19 63 1
1641647 19 48 2
1641728 19 63 2
1641751 19 63 1
1641767 19 52 2
1641833 19 63 2
1641877 19 50 2
1641879 19 63 1
1641920 19 17 2
1641943 19 63 2
1641987 19 32 2
1642017 19 63 1
1642053 19 63 2
1642127 19 63 1
1642137 19 31 2
1642197 19 63 1
1642202 19 63 2
1642247 19 53 2
1642321 19 63 2
1642357 19 46 2
1642431 19 63 2
1642437 19 63 1
1642467 19 10 2
1642496 19 18 0
1642508 19 63 2
1642523 19 63 1
1642687 19 60 2
1642761 19 63 2
1642784 19 18 2
1642797 19 43 2
1642847 19 63 2
1642866 19 63 1
1642937 19 63 1
1643063 19 63 1
1643097 19 56 2
1643157 19 63 1
1643187 19 63 2
1643207 19 17 2
1643249 19 63 2
1643275 19 63 1
1643317 19 36 2
1643360 19 19 0
1643367 19 63 2
1643369 19 63 1
1643427 19 11 2
1643461 19 63 2
1643495 19 63 1
1643537 19 28 2
1643579 19 63 2
1643647 19 19 2
1643649 19 63 1
1643663 19 19 2
1643672 19 63 2
1643743 19 63 1
1643757 19 3 2
1643799 19 63 2
1643853 19 63 1
1643877 19 59 2
1643943 19 63 2
1643962 19 63 1
1643987 19 1 2
1644045 19 63 2
1644048 19 63 1
1644097 19 29 2
1644147 19 63 2
1644167 19 63 1
1644207 19 4 2
1644239 19 20 0
1644257 19 63 2
1644317 19 18 2
1644350 19 63 2
1644427 19 20 2
1644432 19 63 1
1644461 19 63 2
1644519 19 63 1
1644560 19 20 2
1644597 19 63 1
1644667 19 55 2
1644757 19 63 2
1644766 19 63 1
1644777 19 40 2
1644851 19 63 2
1644853 19 63 1
1644887 19 26 2
1644929 19 63 2
1644991 19 63 1
1644997 19 39 2
1645071 19 63 2
1645107 19 24 2
1645136 19 21 0
1645164 19 63 2
1645227 19 15 2
1645237 19 63 1
1645293 19 63 2
1645331 19 63 1
1645434 19 21 2
1645467 19 57 2
1645478 19 63 1
1645549 19 63 2
1645577 19 41 2
1645581 19 63 1
1645643 19 63 2
1645683 19 63 1
1645707 19 6 2
1645773 19 63 2
1645785 19 63 1
1645817 19 30 2
1645875 19 63 2
1645905 19 63 1
1645927 19 13 2
1645976 19 63 2
1646010 19 22 0
1646031 19 63 1
1646037 19 9 2
1646086 19 63 2
1646126 19 63 1
1646147 19 34 2
1646197 19 63 2
1646251 19 63 1
1646265 19 2 2
1646267 19 44 2
1646325 19 63 2
1646377 19 12 2
1646388 19 22 2
1646413 19 2 2
1646419 19 63 2
1646487 19 5 2
1646545 19 63 2
1646624 19 2 2
1646964 19 23 0
1647171 19 63 1
1647274 19 23 2
1647407 19 23 2
1647465 19 63 2
1647467 19 63 1
1647697 19 7 2
1647770 19 63 2
1647850 19 24 0
1648128 19 24 2
1648704 19 25 0
1648998 19 25 2
1649574 19 26 0
1649844 19 26 2
1650420 19 27 0
1650714 19 27 2
1651290 19 28 0
1651606 19 28 2
1652182 19 29 0
1652482 19 29 2
1653058 19 30 0
1653398 19 30 2
1653974 19 31 0
1654314 19 31 2
1654890 19 32 0
1655146 19 32 2
1655722 19 33 0
1656026 19 33 2
1656602 19 34 0
1656864 19 34 2
1657440 19 35 0
1657713 19 35 2
1658289 19 36 0
1658604 19 36 2
1659180 19 37 0
1659490 19 37 2
1660066 19 38 0
1660388 19 38 2
1660964 19 39 0
1661244 19 39 2
1675980 19 8 0
1676230 19 8 2
1709778 19 31 0
1709959 19 31 2
1710003 19 35 0
1710273 19 35 2
1710333 19 32 0
1710442 19 32 2
1710498 19 46 0
1710570 19 46 2
1710602 19 12 0
1710644 19 12 2
1710656 19 33 0
1710777 19 33 2
1710869 19 34 0
1710994 19 34 2
1711026 19 1 0
1711093 19 1 2
1711137 19 32 0
1711374 19 32 2
1711382 19 35 0
1711481 19 35 2
1711485 19 60 0
1711632 19 60 2
1711648 19 61 0
1711859 19 61 2
1711919 19 48 0
1712064 19 48 2
1712104 19 49 0
1712233 19 49 2
1712269 19 36 0
1712269 19 36 0
1712311 19 36 2
1712354 19 36 2
1712418 19 37 0
1712418 19 37 0
1712468 19 37 2
1712621 19 37 2
1712669 19 58 0
1712669 19 58 0
1712735 19 58 2
1713583 19 58 2
1713595 19 31 0
1713855 19 31 2
1713867 19 30 0
1714221 19 30 2
1714229 19 59 0
1714229 19 59 0
1714307 19 59 2
1714374 19 59 2
1714426 19 34 0
1714718 19 34 2
1714758 19 0 0
1714758 19 0 0
1714820 19 0 2
1714998 19 0 2
1715006 19 33 0
1715306 19 33 2
1715322 19 60 0
1715436 19 60 2
1715456 19 32 0
1715743 19 32 2
1715819 19 61 0
1715941 19 61 2
1716065 19 62 0
1716548 19 62 2
1716636 19 12 0
1716904 19 12 2
1716916 19 39 0
1717149 19 39 2
1717161 19 13 0
1717294 19 13 2
1717298 19 48 0
1717554 19 48 2
1717566 19 59 0
1717714 19 59 2
1717742 19 54 0
1717742 19 54 0
1717816 19 54 2
1717878 19 54 2
1717918 19 55 0
1718217 19 55 2
1718241 19 56 0
1718421 19 56 2
1718449 19 57 0
1718563 19 57 2
1718627 19 58 0
1718935 19 58 2
1718971 19 49 0
1719086 19 49 2
1719126 19 63 0
1719259 19 63 2
1719288 19 2 0
1719289 19 2 2
1719307 19 15 0
1719403 19 15 2
1719419 19 44 0
1719508 19 44 2
1719528 19 45 0
1719649 19 45 2
1719897 19 0 0
1719978 19 0 2
1720070 19 1 0
1720138 19 1 2
1720238 19 2 0
1720304 19 2 2
1720312 19 47 0
1720393 19 47 2
1720405 19 41 0
1720534 19 41 2
1720606 19 3 0
1720666 19 3 2
1720926 19 5 0
1721054 19 5 2
1721102 19 6 0
1721242 19 6 2
1721330 19 7 0
1721461 19 7 2
1721569 19 8 0
1721649 19 8 2
1721705 19 1 0
1721705 19 1 0
1721717 19 16 2
1721767 19 1 2
1721781 19 1 2
1722229 19 46 0
1722272 19 16 2
1722311 19 46 2
1722319 19 4 0
1722419 19 16 2
1722424 19 4 2
1722448 19 47 0
1722537 19 47 2
1722638 19 16 2
1722681 19 12 0
1722731 19 12 2
1723081 19 17 2
1723095 19 10 0
1723186 19 18 2
1723203 19 10 2
1723323 19 1 0
1723398 19 1 2
1723632 19 17 2
1723738 19 18 2
1723770 19 17 2
1723846 19 46 0
1723846 19 46 0
1723914 19 46 2
1723932 19 46 2
1723933 19 18 2
1723964 19 47 0
1723980 19 17 2
1724055 19 47 2
1724135 19 18 2
1724199 19 12 0
1724249 19 12 2
1724733 19 1 0
1724733 19 1 0
1724784 19 1 2
1724810 19 1 2
1725258 19 46 0
1725340 19 46 2
1725372 19 47 0
1725372 19 47 0
1725463 19 47 2
1725526 19 47 2
1725573 19 2 0
1725574 19 2 2
1725607 19 12 0
1725607 19 12 0
1725644 19 12 2
1725658 19 12 2
1725860 19 14 2
1726142 19 1 0
1726142 19 1 0
1726192 19 1 2
1726241 19 1 2
1726399 19 14 2
1726531 19 14 2
1726689 19 46 0
1726689 19 46 0
1726742 19 14 2
1726755 19 46 2
1726780 19 46 2
1726812 19 47 0
1726812 19 47 0
1726886 19 47 2
1726903 19 47 2
1727047 19 12 0
1727047 19 12 0
1727081 19 12 2
1727122 19 12 2
1727606 19 1 0
1727606 19 1 0
1727656 19 1 2
1727689 19 1 2
1728121 19 10 0
1728179 19 10 2
1728195 19 46 0
1728195 19 46 0
1728264 19 46 2
1728306 19 46 2
1728338 19 47 0
1728338 19 47 0
1728413 19 47 2
1728421 19 47 2
1728565 19 12 0
1728565 19 12 0
1728599 19 12 2
1728648 19 12 2
1729132 19 1 0
1729132 19 1 0
1729182 19 1 2
1729190 19 1 2
1729638 19 46 0
1729638 19 46 0
1729704 19 46 2
1729711 19 46 2
1729743 19 47 0
1729743 19 47 0
1729817 19 47 2
1729825 19 47 2
1729969 19 12 0
1729969 19 12 0
1730003 19 12 2
1730012 19 12 2
1730496 19 1 0
1730496 19 1 0
1730546 19 1 2
1730557 19 1 2
1731005 19 46 0
1731005 19 46 0
1731071 19 46 2
1731080 19 46 2
1731112 19 47 0
1731112 19 47 0
1731186 19 47 2
1731193 19 47 2
1731337 19 12 0
1731337 19 12 0
1731371 19 12 2
1731379 19 12 2
1731863 19 1 0
1731863 19 1 0
1731913 19 1 2
1731921 19 1 2
1732369 19 46 0
1732369 19 46 0
1732435 19 46 2
1732444 19 46 2
1732476 19 47 0
1732476 19 47 0
1732552 19 47 2
1732560 19 47 2
1732704 19 12 0
1732704 19 12 0
1732738 19 12 2
1732750 19 12 2
1733234 19 1 0
1733234 19 1 0
1733284 19 1 2
1733296 19 1 2
1733744 19 46 0
1733744 19 46 0
1733813 19 46 2
1733821 19 46 2
1733853 19 47 0
1733853 19 47 0
1733928 19 47 2
1733940 19 47 2
1734084 19 12 0
1734084 19 12 0
1734118 19 12 2
1734126 19 12 2
1734610 19 1 0
1734610 19 1 0
1734660 19 1 2
1734667 19 1 2
1735115 19 46 0
1735115 19 46 0
1735181 19 46 2
1735188 19 46 2
1735220 19 47 0
1735220 19 47 0
1735294 19 47 2
1735302 19 47 2
1735446 19 12 0
1735446 19 12 0
1735482 19 12 2
1735492 19 12 2
1735976 19 1 0
1735976 19 1 0
1736026 19 1 2
1736034 19 1 2
1736482 19 46 0
1736482 19 46 0
1736548 19 46 2
1736555 19 46 2
1736587 19 47 0
1736587 19 47 0
1736661 19 47 2
1736681 19 47 2
1736825 19 12 0
1736825 19 12 0
1736859 19 12 2
1736866 19 12 2
1737350 19 1 0
1737350 19 1 0
1737400 19 1 2
1737408 19 1 2
1737856 19 46 0
1737856 19 46 0
1737922 19 46 2
1737930 19 46 2
1737962 19 47 0
1737962 19 47 0
1738036 19 47 2
1738046 19 47 2
1738190 19 12 0
1738190 19 12 0
1738224 19 12 2
1738232 19 12 2
1738716 19 1 0
1738716 19 1 0
1738766 19 1 2
1738773 19 1 2
1739205 19 11 0
1739205 19 11 0
1739231 19 11 2
1739272 19 11 2
1739288 19 46 0
1739288 19 46 0
1739354 19 46 2
1739361 19 46 2
1739393 19 47 0
1739393 19 47 0
1739467 19 47 2
1739475 19 47 2
1739619 19 12 0
1739619 19 12 0
1739653 19 12 2
1739661 19 12 2
1740145 19 1 0
1740145 19 1 0
1740195 19 1 2
1740202 19 1 2
1740650 19 46 0
1740650 19 46 0
1740716 19 46 2
1740724 19 46 2
1740756 19 47 0
1740756 19 47 0
1740825 19 2 0
1740826 19 2 2
1740830 19 47 2
1740837 19 47 2
1740981 19 12 0
1740981 19 12 0
1741015 19 12 2
1741023 19 12 2
1741507 19 1 0
1741507 19 1 0
1741557 19 1 2
1741565 19 1 2
1742013 19 46 0
1742013 19 46 0
1742079 19 46 2
1742090 19 46 2
1742122 19 47 0
1742122 19 47 0
1742196 19 47 2
1742210 19 47 2
1742354 19 12 0
1742354 19 12 0
1742388 19 12 2
1742396 19 12 2
1742880 19 1 0
1742880 19 1 0
1742930 19 1 2
1742939 19 1 2
1743387 19 46 0
1743387 19 46 0
1743453 19 46 2
1743461 19 46 2
1743493 19 47 0
1743493 19 47 0
1743567 19 47 2
1743575 19 47 2
1743719 19 12 0
1743719 19 12 0
1743753 19 12 2
1743761 19 12 2
1744245 19 1 0
1744245 19 1 0
1744295 19 1 2
1744303 19 1 2
1744751 19 46 0
1744751 19 46 0
1744817 19 46 2
1744825 19 46 2
1744857 19 47 0
1744857 19 47 0
1744931 19 47 2
1744939 19 47 2
1745083 19 12 0
1745083 19 12 0
1745117 19 12 2
1745126 19 12 2
1745610 19 1 0
1745610 19 1 0
1745661 19 1 2
1745669 19 1 2
1746117 19 46 0
1746117 19 46 0
1746183 19 46 2
1746192 19 46 2
1746224 19 47 0
1746224 19 47 0
1746298 19 47 2
1746306 19 47 2
1746450 19 12 0
1746450 19 12 0
1746484 19 12 2
1746491 19 12 2
1746975 19 1 0
1746975 19 1 0
1747025 19 1 2
1747034 19 1 2
1747482 19 46 0
1747482 19 46 0
1747557 19 46 2
1747559 19 46 2
1747591 19 47 0
1747591 19 47 0
1747665 19 47 2
1747674 19 47 2
1747818 19 12 0
1747818 19 12 0
1747852 19 12 2
1747865 19 12 2
1748349 19 1 0
1748349 19 1 0
1748399 19 1 2
1748407 19 1 2
1748855 19 46 0
1748855 19 46 0
1748921 19 46 2
1748937 19 46 2
1748969 19 47 0
1748969 19 47 0
1749043 19 47 2
1749053 19 47 2
1749197 19 12 0
1749197 19 12 0
1749231 19 12 2
1749239 19 12 2
1749723 19 1 0
1749723 19 1 0
1749773 19 1 2
1749785 19 1 2
1750217 19 12 0
1750217 19 12 0
1750251 19 12 2
1750259 19 12 2
1750275 19 46 0
1750275 19 46 0
1750342 19 46 2
1750354 19 46 2
1750386 19 47 0
1750386 19 47 0
1750460 19 47 2
1750468 19 47 2
1750612 19 12 0
1750612 19 12 0
1750646 19 12 2
1750654 19 12 2
1751138 19 1 0
1751138 19 1 0
1751188 19 1 2
1751196 19 1 2
1751437 19 2 0
1751438 19 2 2
1751644 19 46 0
1751644 19 46 0
1751710 19 46 2
1751725 19 46 2
1751757 19 47 0
1751757 19 47 0
1751831 19 47 2
1751843 19 47 2
1751987 19 12 0
1751987 19 12 0
1752021 19 12 2
1752031 19 12 2
1752515 19 1 0
1752515 19 1 0
1752565 19 1 2
1752573 19 1 2
1753021 19 46 0
1753021 19 46 0
1753087 19 46 2
1753096 19 46 2
1753128 19 47 0
1753128 19 47 0
1753203 19 47 2
1753218 19 47 2
1753362 19 12 0
1753362 19 12 0
1753397 19 12 2
1753404 19 12 2
1753888 19 1 0
1753888 19 1 0
1753938 19 1 2
1753947 19 1 2
1754395 19 46 0
1754395 19 46 0
1754461 19 46 2
1754469 19 46 2
1754501 19 47 0
1754501 19 47 0
1754575 19 47 2
1754584 19 47 2
1754728 19 12 0
1754728 19 12 0
1754762 19 12 2
1754774 19 12 2
1755258 19 1 0
1755258 19 1 0
1755308 19 1 2
1755317 19 1 2
1755765 19 46 0
1755765 19 46 0
1755832 19 46 2
1755846 19 46 2
1755878 19 47 0
1755878 19 47 0
1755954 19 47 2
1755966 19 47 2
1756110 19 12 0
1756110 19 12 0
1756154 19 12 2
1756186 19 12 2
1756638 19 1 0
1756638 19 1 0
1756688 19 1 2
1756696 19 1 2
1757144 19 46 0
1757144 19 46 0
1757210 19 46 2
1757218 19 46 2
1757250 19 47 0
1757250 19 47 0
1757324 19 47 2
1757335 19 47 2
1757479 19 12 0
1757479 19 12 0
1757513 19 12 2
1757521 19 12 2
1758005 19 1 0
1758005 19 1 0
1758055 19 1 2
1758063 19 1 2
1758511 19 46 0
1758511 19 46 0
1758577 19 46 2
1758586 19 46 2
1758618 19 47 0
1758618 19 47 0
1758692 19 47 2
1758700 19 47 2
1758844 19 12 0
1758844 19 12 0
1758878 19 12 2
1758885 19 12 2
1759369 19 1 0
1759369 19 1 0
1759419 19 1 2
1759427 19 1 2
1759875 19 46 0
1759875 19 46 0
1759941 19 46 2
1759950 19 46 2
1759982 19 47 0
1759982 19 47 0
1760056 19 47 2
1760066 19 47 2
1760210 19 12 0
1760210 19 12 0
1760245 19 12 2
1760252 19 12 2
1760736 19 1 0
1760736 19 1 0
1760786 19 1 2
1760794 19 1 2
1761226 19 13 0
1761332 19 13 2
1761348 19 46 0
1761348 19 46 0
1761414 19 46 2
1761422 19 46 2
1761454 19 47 0
1761454 19 47 0
1761528 19 47 2
1761535 19 47 2
1761679 19 12 0
1761679 19 12 0
1761713 19 12 2
1761720 19 12 2
1762007 19 2 0
1762008 19 2 2
1762204 19 1 0
1762204 19 1 0
1762254 19 1 2
1762262 19 1 2
1762710 19 46 0
1762710 19 46 0
1762776 19 46 2
1762783 19 46 2
1762815 19 47 0
1762815 19 47 0
1762889 19 47 2
1762898 19 47 2
1763042 19 12 0
1763042 19 12 0
1763076 19 12 2
1763089 19 12 2
1763573 19 1 0
1763573 19 1 0
1763627 19 1 2
1763629 19 1 2
1764077 19 46 0
1764077 19 46 0
1764143 19 46 2
1764151 19 46 2
1764183 19 47 0
1764183 19 47 0
1764259 19 47 2
1764267 19 47 2
1764411 19 12 0
1764411 19 12 0
1764445 19 12 2
1764453 19 12 2
1764937 19 1 0
1764937 19 1 0
1764987 19 1 2
1764996 19 1 2
1765444 19 46 0
1765444 19 46 0
1765511 19 46 2
1765519 19 46 2
1765551 19 47 0
1765551 19 47 0
1765625 19 47 2
1765637 19 47 2
1765781 19 12 0
1765781 19 12 0
1765815 19 12 2
1765823 19 12 2
1766307 19 1 0
1766307 19 1 0
1766362 19 1 2
1766364 19 1 2
1766812 19 46 0
1766812 19 46 0
1766879 19 46 2
1766889 19 46 2
1766921 19 47 0
1766921 19 47 0
1767000 19 47 2
1767011 19 47 2
1767155 19 12 0
1767155 19 12 0
1767189 19 12 2
1767197 19 12 2
1767681 19 1 0
1767681 19 1 0
1767731 19 1 2
1767743 19 1 2
1768191 19 46 0
1768191 19 46 0
1768258 19 46 2
1768265 19 46 2
1768297 19 47 0
1768297 19 47 0
1768371 19 47 2
1768379 19 47 2
1768523 19 12 0
1768523 19 12 0
1768558 19 12 2
1768566 19 12 2
1769050 19 1 0
1769050 19 1 0
1769101 19 1 2
1769107 19 1 2
1769555 19 46 0
1769555 19 46 0
1769621 19 46 2
1769630 19 46 2
1769662 19 47 0
1769662 19 47 0
1769736 19 47 2
1769744 19 47 2
1769888 19 12 0
1769888 19 12 0
1769922 19 12 2
1769930 19 12 2
1770414 19 1 0
1770414 19 1 0
1770464 19 1 2
1770472 19 1 2
1770920 19 46 0
1770920 19 46 0
1770986 19 46 2
1770993 19 46 2
1771025 19 47 0
1771025 19 47 0
1771099 19 47 2
1771111 19 47 2
1771255 19 12 0
1771255 19 12 0
1771289 19 12 2
1771297 19 12 2
1771781 19 1 0
1771781 19 1 0
1771831 19 1 2
1771840 19 1 2
1772272 19 14 0
1772379 19 14 2
1772395 19 46 0
1772395 19 46 0
1772461 19 46 2
1772468 19 46 2
1772500 19 47 0
1772500 19 47 0
1772574 19 47 2
1772584 19 47 2
1772728 19 12 0
1772728 19 12 0
1772762 19 12 2
1772769 19 12 2
1773253 19 1 0
1773253 19 1 0
1773303 19 1 2
1773312 19 1 2
1773760 19 46 0
1773760 19 46 0
1773830 19 46 2
1773849 19 46 2
1773881 19 47 0
1773881 19 47 0
1773956 19 47 2
1773964 19 47 2
1774108 19 12 0
1774108 19 12 0
1774142 19 12 2
1774150 19 12 2
1774634 19 1 0
1774634 19 1 0
1774685 19 1 2
1774699 19 1 2
1775147 19 46 0
1775147 19 46 0
1775213 19 46 2
1775231 19 46 2
1775263 19 47 0
1775263 19 47 0
1775354 19 47 2
1775355 19 47 2
1775498 19 12 0
1775498 19 12 0
1775532 19 12 2
1775539 19 12 2
1776023 19 1 0
1776023 19 1 0
1776073 19 1 2
1776081 19 1 2
1776529 19 46 0
1776529 19 46 0
1776595 19 46 2
1776603 19 46 2
1776635 19 47 0
1776635 19 47 0
1776714 19 47 2
1776717 19 47 2
1776861 19 12 0
1776861 19 12 0
1776895 19 12 2
1776903 19 12 2
1777387 19 1 0
1777387 19 1 0
1777437 19 1 2
1777446 19 1 2
1777894 19 46 0
1777894 19 46 0
1777960 19 46 2
1777968 19 46 2
1778000 19 47 0
1778000 19 47 0
1778075 19 47 2
1778082 19 47 2
1778226 19 12 0
1778226 19 12 0
1778268 19 12 2
1778274 19 12 2
1778758 19 1 0
1778758 19 1 0
1778808 19 1 2
1778822 19 1 2
1779270 19 46 0
1779270 19 46 0
1779336 19 46 2
1779345 19 46 2
1779377 19 47 0
1779377 19 47 0
1779451 19 47 2
1779458 19 47 2
1779602 19 12 0
1779602 19 12 0
1779637 19 12 2
1779645 19 12 2
1779947 19 2 0
1779948 19 2 2
1780129 19 1 0
1780129 19 1 0
1780179 19 1 2
1780187 19 1 2
1780635 19 46 0
1780635 19 46 0
1780701 19 46 2
1780710 19 46 2
1780742 19 47 0
1780742 19 47 0
1780816 19 47 2
1780829 19 47 2
1780973 19 12 0
1780973 19 12 0
1781007 19 12 2
1781040 19 12 2
1781524 19 1 0
1781524 19 1 0
1781574 19 1 2
1781582 19 1 2
1782030 19 46 0
1782030 19 46 0
1782096 19 46 2
1782137 19 46 2
1782169 19 47 0
1782169 19 47 0
1782243 19 47 2
1782251 19 47 2
1782395 19 12 0
1782395 19 12 0
1782429 19 12 2
1782437 19 12 2
1782825 19 1 0
1782825 19 1 0
1782875 19 1 2
1782882 19 1 2
1783314 19 7 0
1783387 19 7 2
1783403 19 46 0
1783403 19 46 0
1783469 19 46 2
1783512 19 46 2
1783544 19 47 0
1783544 19 47 0
1783618 19 47 2
1783660 19 47 2
1783804 19 12 0
1783804 19 12 0
1783838 19 12 2
1783871 19 12 2
1784355 19 1 0
1784355 19 1 0
1784405 19 1 2
1784413 19 1 2
1784861 19 46 0
1784861 19 46 0
1784927 19 46 2
1784935 19 46 2
1784967 19 47 0
1784967 19 47 0
1785049 19 47 2
1785052 19 47 2
1785196 19 12 0
1785196 19 12 0
1785232 19 12 2
1785238 19 12 2
1785703 19 2 0
1785704 19 2 2
1785722 19 1 0
1785722 19 1 0
1785772 19 1 2
1785779 19 1 2
1786227 19 46 0
1786227 19 46 0
1786293 19 46 2
1786300 19 46 2
1786332 19 47 0
1786332 19 47 0
1786412 19 47 2
1786414 19 47 2
1786558 19 5 0
1786634 19 5 2
1786642 19 61 0
1786642 19 61 0
1786716 19 61 2
1786724 19 61 2
1786732 19 29 0
1786980 19 29 2
1786996 19 62 0
1786996 19 62 0
1787078 19 62 2
1787088 19 62 2
1787364 19 63 0
1787364 19 63 0
1787454 19 63 2
1787495 19 63 2
1787919 19 12 0
1787919 19 12 0
1787953 19 12 2
1787971 19 12 2
1788411 19 11 0
1788487 19 11 2
1788699 19 1 0
1788699 19 1 0
1788753 19 1 2
1788764 19 1 2
1789212 19 46 0
1789212 19 46 0
1789278 19 46 2
1789290 19 46 2
1789322 19 47 0
1789322 19 47 0
1789403 19 47 2
1789417 19 47 2
1789561 19 12 0
1789561 19 12 0
1789596 19 12 2
1789608 19 12 2
1790092 19 1 0
1790092 19 1 0
1790143 19 1 2
1790155 19 1 2
1790603 19 46 0
1790603 19 46 0
1790679 19 46 2
1790680 19 46 2
1790711 19 47 0
1790711 19 47 0
1790785 19 47 2
1790793 19 47 2
1790937 19 12 0
1790937 19 12 0
1790971 19 12 2
1790979 19 12 2
1791463 19 1 0
1791463 19 1 0
1791513 19 1 2
1791521 19 1 2
1791969 19 46 0
1791969 19 46 0
1792037 19 46 2
1792047 19 46 2
1792079 19 47 0
1792079 19 47 0
1792153 19 47 2
1792161 19 47 2
1792305 19 12 0
1792305 19 12 0
1792339 19 12 2
1792350 19 12 2
1792408 19 16 2
1792834 19 1 0
1792834 19 1 0
1792884 19 1 2
1792892 19 1 2
1793340 19 46 0
1793340 19 46 0
1793406 19 46 2
1793414 19 46 2
1793446 19 47 0
1793446 19 47 0
1793521 19 47 2
1793529 19 47 2
1793673 19 12 0
1793717 19 12 2
1794201 19 1 0
1794201 19 1 0
1794251 19 1 2
1794263 19 1 2
1794711 19 46 0
1794711 19 46 0
1794777 19 46 2
1794787 19 46 2
1794819 19 47 0
1794819 19 47 0
1794893 19 47 2
1794901 19 47 2
1795045 19 12 0
1795045 19 12 0
1795079 19 12 2
1795087 19 12 2
1795239 19 2 0
1795240 19 2 2
1795571 19 1 0
1795571 19 1 0
1795621 19 1 2
1795629 19 1 2
1796061 19 8 0
1796061 19 8 0
1796111 19 8 2
1796138 19 8 2
1796154 19 46 0
1796154 19 46 0
1796220 19 46 2
1796227 19 46 2
1796259 19 47 0
1796259 19 47 0
1796335 19 47 2
1796343 19 47 2
1796487 19 12 0
1796487 19 12 0
1796521 19 12 2
1796528 19 12 2
1797012 19 1 0
1797012 19 1 0
1797062 19 1 2
1797070 19 1 2
1797518 19 46 0
1797518 19 46 0
1797584 19 46 2
1797592 19 46 2
1797624 19 47 0
1797624 19 47 0
1797698 19 47 2
1797706 19 47 2
1797850 19 12 0
1797850 19 12 0
1797884 19 12 2
1797892 19 12 2
1798376 19 1 0
1798376 19 1 0
1798431 19 1 2
1798433 19 1 2
1798881 19 46 0
1798881 19 46 0
1798948 19 46 2
1798956 19 46 2
1798988 19 47 0
1798988 19 47 0
1799063 19 47 2
1799070 19 47 2
1799214 19 12 0
1799214 19 12 0
1799248 19 12 2
1799255 19 12 2
1799739 19 1 0
1799739 19 1 0
1799789 19 1 2
1799797 19 1 2
1800245 19 46 0
1800245 19 46 0
1800311 19 46 2
1800320 19 46 2
1800352 19 47 0
1800352 19 47 0
1800426 19 47 2
1800435 19 47 2
1800579 19 12 0
1800579 19 12 0
1800615 19 12 2
1800621 19 12 2
1801105 19 1 0
1801105 19 1 0
1801155 19 1 2
1801163 19 1 2
1801611 19 46 0
1801611 19 46 0
1801684 19 46 2
1801688 19 46 2
1801720 19 47 0
1801720 19 47 0
1801795 19 47 2
1801801 19 47 2
1801945 19 12 0
1801945 19 12 0
1801979 19 12 2
1801992 19 12 2
1802054 19 2 0
1802055 19 2 2
1802476 19 1 0
1802476 19 1 0
1802526 19 1 2
1802537 19 1 2
1802985 19 46 0
1802985 19 46 0
1803051 19 46 2
1803062 19 46 2
1803094 19 47 0
1803094 19 47 0
1803178 19 47 2
1803179 19 47 2
1803322 19 12 0
1803322 19 12 0
1803356 19 12 2
1803367 19 12 2
1803851 19 1 0
1803851 19 1 0
1803901 19 1 2
1803911 19 1 2
1804359 19 46 0
1804359 19 46 0
1804425 19 46 2
1804438 19 46 2
1804470 19 47 0
1804470 19 47 0
1804545 19 47 2
1804550 19 47 2
1804694 19 12 0
1804694 19 12 0
1804728 19 12 2
1804735 19 12 2
1805219 19 1 0
1805219 19 1 0
1805269 19 1 2
1805276 19 1 2
1805724 19 46 0
1805724 19 46 0
1805798 19 46 2
1805801 19 46 2
1805833 19 47 0
1805833 19 47 0
1805907 19 47 2
1805917 19 47 2
1806061 19 12 0
1806061 19 12 0
1806096 19 12 2
1806109 19 12 2
1806593 19 1 0
1806593 19 1 0
1806643 19 1 2
1806652 19 1 2
1807100 19 46 0
1807100 19 46 0
1807173 19 46 2
1807178 19 46 2
1807205 19 47 0
1807205 19 47 0
1807220 19 63 1
1807280 19 47 2
1807285 19 47 2
1807429 19 12 0
1807429 19 12 0
1807449 19 22 2
1807463 19 12 2
1807471 19 12 2
1807497 19 63 2
1807955 19 1 0
1807955 19 1 0
1808005 19 1 2
1808014 19 1 2
1808265 19 22 0
1808383 19 22 0
1808462 19 46 0
1808462 19 46 0
1808528 19 46 2
1808536 19 46 2
1808568 19 47 0
1808568 19 47 0
1808642 19 47 2
1808651 19 47 2
1808795 19 12 0
1808795 19 12 0
1808829 19 12 2
1808836 19 12 2
1809093 19 22 0
1809320 19 1 0
1809320 19 1 0
1809370 19 1 2
1809379 19 1 2
1809502 19 22 0
1809827 19 46 0
1809827 19 46 0
1809893 19 46 2
1809902 19 46 2
1809934 19 47 0
1809934 19 47 0
1810012 19 47 2
1810015 19 47 2
1810048 19 22 0
1810159 19 12 0
1810159 19 12 0
1810193 19 12 2
1810200 19 12 2
1810676 19 9 0
1810761 19 9 2
1810885 19 55 0
1810983 19 55 2
1810987 19 1 0
1810987 19 1 0
1811037 19 1 2
1811083 19 1 2
1811107 19 56 0
1811117 19 22 0
1811156 19 23 2
1811224 19 56 2
1811244 19 45 0
1811343 19 45 2
1811359 19 1 0
1811536 19 1 2
1811572 19 1 0
1811674 19 1 2
1811678 19 46 0
1811717 19 22 0
1811761 19 46 2
1811837 19 63 0
1812095 19 63 2
1812103 19 47 0
1812193 19 47 2
1812297 19 62 0
1812297 19 62 0
1812304 19 16 2
1812353 19 22 0
1812379 19 62 2
1812387 19 62 2
1812683 19 3 0
1812763 19 22 0
1812872 19 22 0
1813111 19 22 0
1813427 19 22 0
1813844 19 17 2
1813866 19 22 0
1814052 19 22 0
1814453 19 3 2
1814461 19 19 0
1814470 19 22 0
1814508 19 14 2
1814519 19 19 2
1814523 19 3 0
1814673 19 22 0
1814994 19 22 0
1815698 19 22 0
1815747 19 18 2
1815793 19 22 0
1816332 19 22 0
1816505 19 3 2
1816542 19 3 2
1816553 19 3 0
1816625 19 22 0
1816683 19 3 2
1816738 19 42 2
1816821 19 0 2
1816896 19 33 2
1816979 19 2 0
1816980 19 2 2
1816982 19 52 2
1816983 19 3 0
1817070 19 22 0
1817162 19 22 0
1817262 19 22 0
1817494 19 22 0
1817809 19 22 0
1817878 19 22 0
1817989 19 22 0
1818070 19 3 2
1818125 19 17 2
1818130 19 3 0
1818175 19 22 0
1818345 19 22 0
1818576 19 22 0
1818798 19 22 0
1818897 19 22 0
1818989 19 22 0
1819167 19 22 0
1819641 19 22 0
1820165 19 22 0
1820339 19 22 0
1820657 19 22 0
1820897 19 22 0
1821005 19 22 0
1821359 19 22 0
1821455 19 22 0
1821550 19 22 0
1821810 19 22 0
1822500 19 22 0
1822854 19 22 0
1824245 19 22 0
1824973 19 22 0
1826382 19 22 0
1826470 19 22 0
1827029 19 22 0
1827731 19 22 0
1827888 19 3 2
1828395 19 31 2
1828404 19 3 0
1828503 19 22 0
1829424 19 3 2
1829503 19 2 0
1829504 19 2 2
1829884 19 6 2
1829892 19 3 0
1830000 19 22 0
1830102 19 22 0
1830916 19 22 0
1831125 19 22 0
1831477 19 22 0
1832667 19 2 0
1832668 19 2 2
1836658 19 3 2
1837033 19 2 0
1837034 19 2 2
1837369 19 2 0
1837370 19 2 2
1866664 19 2 2
1941791 19 2 0
1941792 19 2 2
1960585 19 2 0
1960586 19 2 2
1988284 19 2 0
1988285 19 2 2
2011413 19 2 0
2011414 19 2 2
2057229 19 2 0
2057230 19 63 1
2057457 19 2 2
2057507 19 63 2
2080549 19 2 0
2080550 19 63 1
2080777 19 2 2
2080827 19 63 2
2113735 19 2 0
2113736 19 63 1
2113966 19 2 2
2114015 19 63 2
2153462 19 2 0
2153463 19 63 1
2153696 19 2 2
2153745 19 63 2
2168131 19 2 0
2168132 19 2 2
2171371 19 2 0
2171372 19 2 2
2441709 19 2 0
2441710 19 63 1
2441943 19 2 2
2441992 19 63 2
2453427 19 2 0
2453428 19 63 1
2453663 19 2 2
2453712 19 63 2
2570077 19 1 0
2571094 19 2 0
2571096 19 4 0
2572568 19 1 2
2572964 19 36 0
2572964 19 36 0
2573105 19 36 2
2573149 19 37 0
2573149 19 37 0
2573415 19 37 2
2573547 19 8 0
2573547 19 8 0
2573589 19 37 2
2573597 19 8 2
2573644 19 8 2
2573692 19 0 0
2573692 19 0 0
2573751 19 0 2
2574146 19 0 2
2574234 19 36 0
2574276 19 36 2
2575985 19 16 2
2576448 19 36 2
2576454 19 36 0
2576501 19 16 2
2576652 19 16 2
2576733 19 36 2
2576765 19 38 0
2576765 19 38 0
2576893 19 38 2
2577350 19 38 2
2577510 19 54 0
2577510 19 54 0
2577600 19 54 2
2577624 19 54 2
2577660 19 37 0
2577660 19 37 0
2577710 19 37 2
2577718 19 37 2
2578004 19 17 2
2578500 19 17 2
2578639 19 17 2
2578706 19 47 0
2578876 19 47 2
2578900 19 11 0
2578900 19 11 0
2578926 19 11 2
2579019 19 11 2
2579147 19 1 0
2579244 19 1 2
2579595 19 15 2
2579768 19 14 0
2580086 19 18 2
2580110 19 15 2
2580268 19 15 2
2580481 19 14 2
2580493 19 15 0
2580493 19 15 0
2580551 19 15 2
2580567 19 18 2
2580594 19 15 2
2580682 19 38 0
2580682 19 38 0
2580715 19 18 2
2580740 19 38 2
2582233 19 0 2
2582577 19 38 2
2582733 19 46 0
2582819 19 46 2
2582863 19 12 0
2582904 19 12 2
2582912 19 0 0
2582912 19 0 0
2582970 19 0 2
2582997 19 0 2
2583073 19 7 0
2583517 19 7 2
2583589 19 47 0
2583670 19 47 2
2583686 19 12 0
2583748 19 12 2
2583784 19 47 0
2583872 19 47 2
2584248 19 44 0
2584248 19 44 0
2584298 19 44 2
2584355 19 44 2
2584727 19 54 0
2584727 19 54 0
2584851 19 54 2
2584869 19 54 2
2585517 19 58 0
2585517 19 58 0
2585583 19 58 2
2585630 19 58 2
2585710 19 59 0
2585710 19 59 0
2585768 19 59 2
2585785 19 59 2
2585845 19 38 0
2585845 19 38 0
2585912 19 38 2
2585934 19 38 2
2725031 19 2 0
2725032 19 2 2
2754633 19 2 0
2754634 19 63 1
2754868 19 2 2
2754917 19 63 2
2769581 19 2 0
2769582 19 63 1
2769809 19 2 2
2769859 19 63 2
2792911 19 2 0
2792912 19 63 1
2793139 19 2 2
2793189 19 63 2
2821940 19 2 0
2821941 19 2 2
2831414 19 2 0
2831415 19 2 2
3547225 19 4 0
3547226 19 2 0
3547353 19 38 0
3547353 19 38 0
3548582 19 38 2
3549314 19 38 2
3551298 19 38 0
3551298 19 38 0
3551356 19 38 2
3553433 19 38 2
3555377 19 38 0
3555377 19 38 0
3555443 19 38 2
3556095 19 38 2
3594591 19 2 0
3594592 19 2 2
3612095 19 2 0
3612096 19 2 2
4523880 19 2 0
4523881 19 4 0
4523924 19 38 0
4523924 19 38 0
4526250 19 38 2
4529264 19 0 2
4529641 19 38 2
4531057 19 7 0
4532637 19 7 2
4533205 19 38 0
4533205 19 38 0
4533263 19 38 2
4533330 19 38 2
4535274 19 38 0
4535274 19 38 0
4535339 19 38 2
4535433 19 38 2
4680142 19 2 0
4680143 19 2 2
4850785 19 2 0
4850786 19 2 2
4854637 19 2 0
4854638 19 2 2
4857540 19 2 0
4857541 19 2 2
4869263 19 2 0
4869264 19 63 1
4869490 19 2 2
4869539 19 63 2
5410540 19 63 1
5410541 19 2 0
5410768 19 2 2
5410818 19 63 2
5433880 19 2 0
5433881 19 63 1
5434108 19 2 2
5434158 19 63 2
5462771 19 2 0
5462772 19 2 2
5481052 19 2 0
5481053 19 2 2
5500459 19 38 0
5500459 19 38 0
5500561 19 2 0
5500562 19 4 0
5501504 19 38 2
5503964 19 38 2
5505948 19 38 0
5505948 19 38 0
5506006 19 38 2
5506704 19 38 2
5508648 19 38 0
5508648 19 38 0
5508713 19 38 2
5509026 19 38 2
5530732 19 2 0
5530733 19 2 2
6250706 19 2 0
6250707 19 63 1
6250934 19 2 2
6250984 19 63 2
6274116 19 2 0
6274117 19 63 1
6274344 19 2 2
6274394 19 63 2
6477011 19 4 0
6477012 19 2 0
6477051 19 38 0
6477051 19 38 0
6480032 19 38 2
6480179 19 38 2
6482163 19 38 0
6482163 19 38 0
6482221 19 38 2
6482370 19 0 2
6483908 19 38 2
6484192 19 7 0
6484342 19 7 2
6486002 19 38 0
6486002 19 38 0
6486060 19 38 2
6486068 19 38 2
