0 39 51 0
575 39 63 1
756 39 2 2
853 39 63 2
2762 39 63 1
2946 39 2 2
3043 39 63 2
3111 39 63 1
3296 39 2 2
3392 39 63 2
3588 39 51 2
3592 39 22 0
5350 39 22 2
5362 39 1 0
6168 39 1 2
6188 39 24 0
6312 39 24 2
49563 39 63 1
49746 39 2 2
49843 39 63 2
69761 39 2 0
69762 39 63 1
69947 39 2 2
70045 39 63 2
149505 39 2 0
149506 39 63 1
149692 39 2 2
149789 39 63 2
152311 39 2 0
152312 39 63 1
152492 39 2 2
152589 39 63 2
229313 39 2 0
229314 39 63 1
229492 39 2 2
229589 39 63 2
231601 39 63 1
231782 39 2 2
231879 39 63 2
245213 39 2 0
245214 39 63 1
245392 39 2 2
245489 39 63 2
265957 39 63 1
266142 39 2 2
266239 39 63 2
284891 39 2 0
284892 39 63 1
285072 39 2 2
285169 39 63 2
329181 39 2 0
329182 39 63 1
329362 39 2 2
329459 39 63 2
354031 39 63 1
354213 39 2 2
354311 39 63 2
364815 39 2 0
364816 39 2 2
365361 39 2 0
365362 39 2 2
400469 39 2 0
400470 39 63 1
400652 39 2 2
400749 39 63 2
408069 39 2 0
408070 39 2 2
416445 39 63 1
416632 39 2 2
416729 39 63 2
419363 39 2 0
419364 39 2 2
432999 39 63 1
433182 39 2 2
433279 39 63 2
455413 39 63 1
455592 39 2 2
455689 39 63 2
505062 39 2 0
505063 39 2 2
507223 39 2 0
507224 39 2 2
523275 39 2 0
523276 39 2 2
527379 39 2 0
527380 39 2 2
539964 39 2 0
539965 39 2 2
556339 39 2 0
556340 39 2 2
573893 39 2 0
573894 39 2 2
574505 39 2 0
574506 39 2 2
595941 39 2 0
595942 39 2 2
599492 39 2 0
599493 39 2 2
603597 39 2 0
603598 39 2 2
616455 39 4 0
619165 39 4 2
619217 39 44 0
620487 39 44 2
620499 39 5 0
620666 39 5 2
620678 39 45 0
620977 39 45 2
621045 39 24 0
621216 39 24 2
621248 39 25 0
621361 39 25 2
621369 39 26 0
621475 39 26 2
621515 39 27 0
621617 39 27 2
621637 39 33 0
621854 39 33 2
621874 39 35 0
621994 39 35 2
622002 39 41 0
622342 39 41 2
622358 39 42 0
622626 39 42 2
622658 39 1 0
622771 39 1 2
622807 39 36 0
622915 39 36 2
622927 39 43 0
623202 39 43 2
623218 39 17 0
623307 39 17 2
623399 39 27 0
623522 39 27 2
623526 39 37 0
623626 39 37 2
623638 39 17 0
623699 39 63 1
623806 39 17 2
623814 39 15 0
623922 39 0 2
624033 39 15 2
624040 39 63 2
624043 39 0 0
624073 39 16 0
624193 39 63 1
624197 39 0 0
624205 39 16 2
624245 39 18 0
624324 39 0 0
624326 39 63 1
624353 39 18 2
624373 39 4 2
624377 39 61 0
624452 39 63 1
624457 39 0 0
624458 39 63 2
624513 39 6 2
624579 39 63 2
624587 39 63 1
624588 39 0 0
624633 39 20 2
624700 39 63 2
624718 39 0 0
624719 39 63 1
624726 39 61 2
624738 39 54 0
624784 39 5 2
624843 39 0 0
624844 39 63 1
624858 39 63 2
624897 39 54 2
624903 39 12 2
624917 39 11 0
624969 39 0 0
624969 39 63 1
624977 39 63 2
625015 39 11 2
625023 39 19 0
625033 39 1 2
625099 39 0 0
625102 39 63 1
625142 39 63 2
625150 39 19 2
625153 39 26 2
625154 39 35 0
625227 39 63 2
625230 39 0 0
625232 39 63 1
625256 39 63 1
625323 39 23 2
625361 39 0 0
625362 39 63 1
625365 39 63 2
625433 39 11 2
625460 39 35 2
625462 39 14 2
625476 39 53 0
625494 39 0 0
625496 39 63 1
625516 39 63 2
625520 39 63 2
625543 39 15 2
625593 39 63 2
625643 39 0 0
625644 39 63 1
625693 39 44 2
625751 39 63 2
625768 39 0 0
625769 39 63 1
625843 39 59 2
625894 39 0 0
625894 39 63 1
625917 39 63 1
625925 39 63 2
625953 39 10 2
626020 39 0 0
626021 39 63 1
626043 39 63 2
626103 39 22 2
626147 39 0 0
626149 39 63 1
626152 39 53 2
626153 39 63 2
626192 39 33 0
626212 39 26 2
626272 39 63 1
626275 39 0 0
626285 39 63 2
626319 39 33 2
626331 39 36 0
626343 39 34 2
626410 39 63 2
626415 39 63 1
626417 39 0 0
626435 39 63 1
626453 39 13 2
626471 39 36 2
626491 39 40 0
626519 39 63 2
626541 39 0 0
626544 39 63 1
626563 39 33 2
626637 39 63 2
626668 39 0 0
626670 39 63 1
626673 39 29 2
626723 39 63 2
626780 39 40 2
626795 39 0 0
626797 39 63 1
626804 39 37 0
626812 39 44 2
626869 39 63 2
626919 39 0 0
626921 39 63 1
626923 39 30 2
626965 39 63 2
626996 39 37 2
627033 39 35 2
627044 39 0 0
627045 39 63 1
627091 39 63 2
627100 39 38 0
627163 39 14 2
627168 39 0 0
627170 39 63 1
627211 39 63 1
627221 39 63 2
627285 39 38 2
627289 39 0 0
627300 39 63 1
627304 39 0 0
627333 39 9 2
627431 39 63 2
627432 39 63 1
627433 39 0 0
627442 39 15 2
627491 39 63 2
627523 39 7 2
627561 39 0 2
627581 39 63 2
627582 39 0 0
627583 39 63 1
627585 39 8 0
627633 39 16 2
627724 39 0 0
627724 39 63 1
627731 39 63 2
627764 39 3 2
627778 39 8 2
627786 39 29 0
627841 39 63 1
627854 39 63 2
627866 39 0 0
627867 39 63 1
627883 39 21 2
627936 39 29 2
627941 39 63 2
627976 39 0 0
627992 39 0 0
627993 39 58 2
627995 39 63 1
628052 39 33 2
628083 39 63 2
628101 39 0 2
628113 39 38 0
628125 39 63 2
628133 39 55 2
628134 39 0 0
628134 39 63 1
628175 39 63 2
628257 39 0 0
628260 39 63 1
628262 39 38 2
628278 39 39 0
628283 39 52 2
628348 39 63 2
628404 39 0 0
628406 39 63 1
628423 39 19 2
628497 39 63 2
628533 39 46 2
628545 39 63 1
628547 39 0 0
628575 39 63 2
628660 39 39 2
628663 39 27 2
628664 39 39 0
628671 39 0 0
628673 39 63 1
628728 39 63 2
628803 39 56 2
628812 39 0 0
628812 39 63 1
628910 39 63 2
628913 39 50 2
628938 39 63 1
628939 39 0 0
628995 39 63 2
629023 39 39 2
629039 39 39 2
629048 39 63 2
629089 39 0 0
629092 39 63 1
629095 39 36 0
629133 39 49 2
629223 39 63 2
629232 39 63 1
629233 39 0 0
629243 39 17 2
629315 39 36 2
629333 39 63 2
629347 39 38 0
629363 39 57 2
629387 39 0 0
629387 39 63 1
629460 39 63 2
629483 39 36 2
629526 39 63 1
629527 39 0 0
629532 39 63 2
629570 39 38 2
629586 39 51 0
629603 39 60 2
629650 39 0 0
629653 39 63 1
629677 39 63 2
629732 39 51 2
629743 39 47 2
629777 39 63 2
629781 39 0 0
629783 39 63 1
629788 39 23 0
629883 39 38 2
629915 39 63 1
629916 39 0 0
629917 39 63 2
630043 39 8 2
630044 39 23 2
630052 39 52 0
630057 39 0 0
630060 39 63 1
630149 39 63 2
630193 39 40 2
630204 39 63 1
630206 39 0 0
630208 39 52 2
630244 39 31 0
630284 39 63 2
630303 39 53 2
630335 39 63 1
630337 39 0 0
630361 39 63 2
630466 39 31 2
630473 39 51 2
630486 39 53 0
630498 39 0 0
630501 39 63 1
630547 39 63 2
630583 39 28 2
630635 39 63 1
630640 39 0 0
630641 39 63 2
630693 39 45 2
630743 39 63 2
630771 39 0 0
630774 39 63 1
630823 39 42 2
630897 39 0 0
630897 39 63 2
630898 39 63 1
630963 39 41 2
631007 39 53 2
631021 39 0 0
631023 39 63 1
631029 39 63 1
631031 39 54 0
631045 39 63 2
631083 39 37 2
631125 39 63 2
631143 39 0 0
631146 39 63 1
631203 39 31 2
631237 39 63 2
631289 39 54 2
631303 39 0 0
631304 39 63 1
631305 39 11 0
631312 39 8 2
631422 39 63 2
631424 39 32 2
631452 39 0 0
631455 39 63 1
631506 39 63 2
631534 39 61 2
631593 39 0 0
631594 39 63 1
631600 39 63 2
631654 39 11 2
631666 39 56 0
631725 39 0 0
631727 39 63 1
631753 39 63 2
631803 39 63 2
631815 39 56 2
631819 39 12 0
631850 39 0 0
631863 39 54 2
631913 39 63 2
631993 39 63 1
631995 39 0 0
632003 39 25 2
632085 39 63 2
632121 39 12 2
632129 39 57 0
632136 39 63 1
632156 39 0 0
632159 39 63 1
632173 39 48 2
632272 39 63 2
632281 39 63 1
632283 39 0 0
632322 39 51 2
632337 39 57 2
632341 39 2 0
632353 39 62 2
632396 39 63 2
632411 39 63 2
632412 39 63 1
632415 39 0 0
632463 39 18 2
632545 39 63 2
632550 39 63 1
632603 39 24 2
632666 39 2 2
632693 39 63 2
632718 39 37 0
632733 39 43 2
632799 39 63 2
632943 39 37 2
632959 39 40 0
633097 39 40 2
633153 39 58 0
633156 39 63 1
633362 39 62 2
633419 39 63 2
633756 39 63 1
633793 39 58 2
633853 39 35 0
633962 39 4 2
633974 39 35 2
633978 39 50 0
634043 39 63 2
634694 39 50 2
634714 39 62 0
636743 39 62 2
636771 39 38 0
637046 39 38 2
637118 39 63 0
638184 39 63 2
638224 39 12 0
638499 39 12 2
638523 39 2 0
638645 39 2 2
638669 39 13 0
638916 39 13 2
639012 39 3 0
639143 39 3 2
639183 39 23 0
639454 39 23 2
639470 39 24 0
639597 39 24 2
639705 39 10 0
640018 39 10 2
640026 39 25 0
640157 39 25 2
640185 39 26 0
640311 39 26 2
640391 39 0 0
640538 39 0 2
640546 39 3 0
640688 39 3 2
640732 39 4 0
640870 39 4 2
640966 39 5 0
641107 39 5 2
641147 39 15 0
641402 39 15 2
641410 39 14 0
641770 39 14 2
641782 39 50 0
641985 39 50 2
642013 39 6 0
642152 39 6 2
642172 39 4 0
642342 39 4 2
642350 39 8 0
642480 39 8 2
642484 39 47 0
643113 39 47 2
643121 39 49 0
643281 39 49 2
643297 39 11 0
643572 39 11 2
643608 39 5 0
643734 39 5 2
643758 39 37 0
644009 39 37 2
644073 39 4 0
644227 39 4 2
644231 39 1 0
644373 39 1 2
644401 39 27 0
644530 39 27 2
644538 39 2 0
644693 39 2 2
644705 39 11 0
644811 39 11 2
644819 39 7 0
644966 39 7 2
644986 39 3 0
645177 39 3 2
645285 39 6 0
645590 39 6 2
645610 39 9 0
645758 39 9 2
645930 39 8 0
646052 39 8 2
646064 39 11 0
646238 39 11 2
646258 39 12 0
646580 39 12 2
646604 39 16 0
646877 39 16 2
646885 39 13 0
647128 39 13 2
647176 39 2 0
647302 39 2 2
647334 39 40 0
647587 39 40 2
647591 39 25 0
647831 39 25 2
647847 39 31 0
649195 39 31 2
649231 39 33 0
649372 39 33 2
649376 39 36 0
649501 39 36 2
649509 39 4 0
649722 39 4 2
649814 39 5 0
649951 39 5 2
649983 39 34 0
650163 39 34 2
650183 39 35 0
650470 39 35 2
650494 39 32 0
650627 39 32 2
650695 39 17 0
651011 39 17 2
651307 39 38 0
651307 39 38 0
651333 39 38 2
651609 39 38 2
651617 39 27 0
651748 39 27 2
651768 39 35 0
651877 39 35 2
651933 39 28 0
652074 39 28 2
652142 39 3 0
652231 39 3 2
652235 39 46 0
652288 39 63 1
652472 39 0 2
652496 39 46 2
652516 39 4 0
652585 39 63 2
652586 39 0 0
652607 39 4 2
652639 39 0 0
652639 39 0 0
652746 39 0 2
652749 39 0 0
652766 39 0 2
652770 39 29 0
652907 39 0 0
653122 39 0 0
653256 39 0 0
653272 39 29 2
653400 39 0 0
653416 39 47 0
653525 39 0 0
653662 39 0 0
653803 39 0 0
653848 39 47 2
653920 39 30 0
653937 39 0 0
654078 39 0 0
654141 39 30 2
654259 39 0 0
654392 39 0 0
654493 39 31 0
654521 39 0 0
654660 39 0 0
654693 39 31 2
654697 39 44 0
654817 39 63 1
654921 39 44 2
654929 39 43 0
654931 39 0 0
655002 39 30 2
655042 39 63 2
655072 39 43 2
655170 39 0 0
655204 39 32 0
655324 39 0 0
655347 39 32 2
655419 39 33 0
655490 39 0 0
655561 39 33 2
655609 39 33 0
655639 39 0 0
655781 39 33 2
655782 39 0 0
655789 39 27 0
655914 39 0 0
655914 39 27 2
656018 39 54 0
656047 39 0 0
656232 39 63 1
656235 39 0 0
656422 39 48 2
656477 39 0 0
656481 39 54 2
656493 39 28 0
656520 39 63 2
656623 39 28 2
656639 39 32 0
656657 39 0 0
656816 39 0 0
656907 39 32 2
656915 39 56 0
656948 39 0 0
657107 39 56 2
657112 39 0 0
657123 39 33 0
657265 39 0 0
657418 39 0 0
657439 39 33 2
657539 39 41 0
657543 39 0 0
657661 39 41 2
657695 39 0 0
657701 39 0 0
657701 39 0 0
657814 39 0 2
657818 39 0 2
657822 39 61 0
657853 39 0 0
657982 39 61 2
657986 39 39 0
657995 39 0 0
658113 39 39 2
658125 39 7 0
658205 39 0 0
658388 39 7 2
658448 39 8 0
658532 39 0 0
658593 39 8 2
658625 39 63 0
658672 39 0 0
658810 39 0 0
658904 39 63 2
658953 39 0 0
659012 39 0 0
659106 39 0 0
659133 39 0 2
659161 39 57 0
659239 39 0 0
659412 39 0 0
659418 39 57 2
659486 39 58 0
659579 39 0 0
659632 39 58 2
659716 39 46 0
659848 39 46 2
659857 39 0 0
659860 39 59 0
660018 39 0 0
660022 39 59 2
660054 39 32 0
660098 39 63 1
660149 39 0 0
660197 39 32 2
660205 39 50 0
660282 39 12 2
660310 39 0 0
660355 39 63 2
660394 39 50 2
660470 39 60 0
660481 39 0 0
660605 39 0 0
660773 39 0 0
660912 39 0 0
661059 39 0 0
661127 39 60 2
661135 39 62 0
661191 39 0 0
661343 39 0 0
661382 39 62 2
661386 39 3 0
661467 39 0 0
661514 39 3 2
661526 39 5 0
661591 39 0 0
661725 39 5 2
661728 39 0 0
661753 39 17 0
661881 39 0 0
661944 39 17 2
661964 39 6 0
662018 39 0 0
662090 39 6 2
662171 39 0 0
662182 39 11 0
662311 39 0 0
662503 39 11 2
662511 39 10 0
662616 39 10 2
662636 39 11 0
662778 39 11 2
662786 39 6 0
662893 39 6 2
662929 39 36 0
663204 39 36 2
663264 39 12 0
663327 39 0 0
663421 39 12 2
663429 39 0 0
663552 39 0 2
663676 39 15 0
663876 39 15 2
663996 39 7 0
664127 39 7 2
664143 39 0 0
664472 39 0 2
664620 39 9 0
664845 39 9 2
664877 39 8 0
665103 39 8 2
665131 39 40 0
665424 39 40 2
665436 39 41 0
665769 39 41 2
665865 39 14 0
665987 39 14 2
666303 39 29 0
666427 39 29 2
666467 39 30 0
666593 39 30 2
666637 39 17 0
666762 39 17 2
666818 39 18 0
666970 39 18 2
667018 39 19 0
667142 39 19 2
667178 39 21 0
667314 39 21 2
667346 39 22 0
667489 39 22 2
667645 39 4 0
667766 39 4 2
667794 39 18 0
668091 39 18 2
668263 39 61 0
668480 39 61 2
668552 39 54 0
668743 39 54 2
668775 39 55 0
669102 39 55 2
669330 39 40 0
669470 39 40 2
669498 39 49 0
669627 39 49 2
669639 39 51 0
669761 39 51 2
669781 39 37 0
669888 39 37 2
669892 39 20 0
669997 39 20 2
670013 39 3 0
670403 39 3 2
670495 39 21 0
670601 39 21 2
670609 39 56 0
670765 39 56 2
670785 39 57 0
670931 39 57 2
670981 39 0 2
671019 39 58 0
671167 39 58 2
671247 39 59 0
671394 39 59 2
671418 39 63 0
671634 39 63 2
671718 39 33 0
671839 39 33 2
744605 39 63 1
744793 39 2 2
744891 39 63 2
797998 39 2 0
797999 39 2 2
805124 39 2 0
805125 39 2 2
815562 39 2 0
815563 39 2 2
820056 39 2 0
820057 39 2 2
830555 39 2 0
830556 39 2 2
845991 39 63 1
845992 39 2 0
846175 39 2 2
846272 39 63 2
848052 39 2 0
848053 39 2 2
871697 39 2 0
871698 39 2 2
910230 39 2 0
910231 39 2 2
929000 39 2 0
929001 39 63 1
929181 39 2 2
929278 39 63 2
941427 39 2 0
941428 39 2 2
960966 39 2 0
960967 39 2 2
984023 39 2 0
984024 39 63 1
984203 39 2 2
984300 39 63 2
991925 39 2 0
991926 39 63 1
992113 39 2 2
992210 39 63 2
1067004 39 2 2
1067151 39 2 2
1067402 39 2 2
1118917 39 2 0
1118918 39 63 1
1119098 39 2 2
1119195 39 63 2
1121415 39 63 1
1121599 39 2 2
1121697 39 63 2
1127695 39 2 0
1127696 39 63 1
1127878 39 2 2
1127975 39 63 2
1151069 39 2 2
1151070 39 2 0
1155352 39 2 2
1155353 39 2 0
1160273 39 2 0
1160274 39 2 2
1201496 39 2 0
1201497 39 63 1
1201676 39 2 2
1201773 39 63 2
1202387 39 2 0
1202388 39 2 2
1216093 39 2 0
1216094 39 2 2
1268031 39 2 0
1268032 39 2 2
1272926 39 2 0
1272927 39 63 1
1273111 39 2 2
1273208 39 63 2
1275982 39 63 1
1276161 39 2 2
1276258 39 63 2
1278522 39 2 0
1278523 39 2 2
1285190 39 2 0
1285191 39 63 1
1285371 39 2 2
1285468 39 63 2
1294747 39 2 0
1294748 39 63 1
1294931 39 2 2
1295028 39 63 2
1324455 39 2 0
1324456 39 2 2
1328454 39 2 0
1328455 39 2 2
1331427 39 2 0
1331428 39 2 2
1332115 39 2 0
1332116 39 2 2
1349061 39 2 0
1349062 39 2 2
1425753 39 2 0
1425754 39 63 1
1425940 39 2 2
1426037 39 63 2
1426081 39 63 1
1426082 39 2 0
1426260 39 2 2
1426357 39 63 2
1436953 39 2 2
1436954 39 2 0
1460831 39 63 1
1461011 39 2 2
1461109 39 63 2
1484091 39 2 0
1484092 39 63 1
1484271 39 2 2
1484369 39 63 2
1508231 39 2 0
1508232 39 63 1
1508411 39 2 2
1508509 39 63 2
1514349 39 2 0
1514350 39 2 2
1520331 39 2 0
1520332 39 2 2
1525382 39 2 0
1525383 39 2 2
1573657 39 2 0
1573658 39 2 2
1576447 39 2 0
1576448 39 63 1
1576630 39 2 2
1576727 39 63 2
1588388 39 2 0
1588389 39 2 2
1594106 39 0 0
1594106 39 0 0
1594452 39 0 2
1594509 39 0 2
1594572 39 2 0
1594573 39 2 2
1594629 39 38 0
1594629 39 38 0
1596584 39 2 0
1596585 39 0 0
1597405 39 38 2
1599822 39 38 2
1600014 39 12 0
1600087 39 12 2
1601347 39 7 0
1601452 39 7 2
1602528 39 38 0
1602528 39 38 0
1603660 39 38 2
1603816 39 46 0
1603858 39 46 2
1603910 39 0 0
1603910 39 0 0
1604016 39 0 2
1604034 39 0 2
1604182 39 47 0
1604215 39 47 2
1604255 39 38 2
1605459 39 0 0
1605459 39 0 0
1605565 39 0 2
1605573 39 0 2
1607321 39 42 0
1607582 39 42 2
1608158 39 43 0
1608432 39 43 2
1609008 39 44 0
1609302 39 44 2
1609878 39 45 0
1610140 39 45 2
1610426 39 2 0
1610427 39 0 0
1610716 39 46 0
1611022 39 46 2
1611598 39 47 0
1611861 39 47 2
1612437 39 48 0
1612780 39 48 2
1613356 39 49 0
1613700 39 49 2
1614276 39 50 0
1614542 39 50 2
1615118 39 51 0
1615392 39 51 2
1615968 39 52 0
1616300 39 52 2
1616876 39 53 0
1617188 39 53 2
1617764 39 54 0
1618092 39 54 2
1618157 39 63 1
1618343 39 0 2
1618459 39 63 2
1618519 39 2 0
1618520 39 2 2
1618668 39 55 0
1618980 39 55 2
1619556 39 56 0
1619888 39 56 2
1620464 39 57 0
1620828 39 57 2
1621404 39 58 0
1621682 39 58 2
1622258 39 59 0
1622542 39 59 2
1623118 39 60 0
1623447 39 60 2
1624023 39 61 0
1624346 39 61 2
1624922 39 62 0
1625292 39 62 2
1625868 39 63 0
1626259 39 63 2
1626835 39 0 0
1626835 39 0 0
1626941 39 0 2
1627123 39 0 2
1627391 39 2 0
1627630 39 2 2
1627686 39 3 0
1627828 39 3 2
1627832 39 7 0
1628120 39 7 2
1628208 39 4 0
1628208 39 4 0
1628282 39 4 2
1628403 39 4 2
1628791 39 1 0
1629107 39 1 2
1629683 39 2 0
1630016 39 2 2
1630592 39 3 0
1630934 39 3 2
1631510 39 4 0
1631784 39 4 2
1632360 39 5 0
1632611 39 5 2
1633187 39 6 0
1633555 39 6 2
1634131 39 7 0
1634462 39 7 2
1635038 39 8 0
1635324 39 8 2
1635900 39 9 0
1636214 39 9 2
1636790 39 10 0
1637106 39 10 2
1637682 39 11 0
1637682 39 11 0
1637756 39 11 2
1638006 39 11 2
1638582 39 12 0
1638863 39 12 2
1639439 39 13 0
1639712 39 13 2
1640288 39 14 0
1640646 39 14 2
1641222 39 15 0
1641534 39 15 2
1642110 39 16 0
1642394 39 16 2
1642970 39 17 0
1643284 39 17 2
1643860 39 18 0
1644157 39 18 2
1644733 39 19 0
1645038 39 19 2
1645614 39 20 0
1645904 39 20 2
1646480 39 21 0
1646752 39 21 2
1647328 39 22 0
1647669 39 22 2
1648245 39 23 0
1648566 39 23 2
1649142 39 24 0
1649436 39 24 2
1650012 39 25 0
1650325 39 25 2
1650901 39 26 0
1651180 39 26 2
1651756 39 27 0
1652119 39 27 2
1652695 39 28 0
1652974 39 28 2
1653550 39 29 0
1653822 39 29 2
1654398 39 30 0
1654720 39 30 2
1654791 39 63 1
1654901 39 63 1
1654973 39 62 2
1655030 39 63 2
1655035 39 63 1
1655093 39 35 2
1655151 39 63 2
1655223 39 25 2
1655296 39 31 0
1655306 39 63 2
1655577 39 31 2
1655885 39 63 1
1656029 39 63 1
1656073 39 47 2
1656107 39 63 2
1656123 39 63 1
1656153 39 32 0
1656214 39 61 2
1656216 39 63 1
1656280 39 63 2
1656323 39 45 2
1656350 39 63 1
1656373 39 63 2
1656433 39 38 2
1656434 39 32 2
1656452 39 63 1
1656468 39 63 2
1656543 39 21 2
1656601 39 63 2
1656607 39 63 1
1656683 39 22 2
1656717 39 63 1
1656733 39 63 2
1656793 39 51 2
1656795 39 63 1
1656866 39 63 2
1656913 39 33 2
1656947 39 63 1
1656987 39 63 2
1657010 39 33 0
1657023 39 37 2
1657065 39 63 2
1657143 39 42 2
1657217 39 63 2
1657273 39 63 1
1657424 39 33 2
1657473 39 54 2
1657523 39 63 2
1657711 39 63 1
1657893 39 63 2
1657943 39 63 2
1657961 39 63 1
1658000 39 34 0
1658038 39 63 1
1658143 39 16 2
1658229 39 63 1
1658241 39 63 2
1658253 39 27 2
1658291 39 34 2
1658319 39 63 2
1658343 39 63 1
1658413 39 8 2
1658519 39 63 2
1658523 39 58 2
1658591 39 63 1
1658613 39 63 2
1658753 39 63 1
1658793 39 14 2
1658851 39 63 2
1658867 39 35 0
1658933 39 49 2
1658971 39 63 1
1659023 39 63 2
1659049 39 63 1
1659152 39 35 2
1659153 39 48 2
1659175 39 63 1
1659251 39 63 2
1659263 39 52 2
1659285 39 63 1
1659329 39 63 2
1659355 39 63 1
1659373 39 50 2
1659455 39 63 2
1659481 39 63 1
1659483 39 32 2
1659565 39 63 2
1659575 39 63 1
1659593 39 31 2
1659627 39 63 2
1659703 39 53 2
1659728 39 36 0
1659761 39 63 2
1659803 39 63 1
1659813 39 46 2
1659855 39 63 2
1659910 39 63 1
1659983 39 10 2
1660009 39 63 1
1660016 39 36 2
1660073 39 63 2
1660093 39 60 2
1660167 39 63 2
1660203 39 43 2
1660269 39 63 2
1660469 39 63 1
1660563 39 63 1
1660592 39 37 0
1660633 39 63 1
1660653 39 56 2
1660759 39 63 2
1660763 39 17 2
1660775 39 63 1
1660852 39 63 2
1660870 39 63 1
1660872 39 37 2
1660873 39 36 2
1660923 39 63 2
1660983 39 11 2
1660997 39 63 1
1661065 39 63 2
1661093 39 28 2
1661123 39 63 1
1661151 39 63 2
1661203 39 19 2
1661225 39 63 1
1661277 39 63 2
1661313 39 3 2
1661404 39 63 2
1661408 39 63 1
1661423 39 59 2
1661448 39 38 0
1661463 39 63 1
1661505 39 63 2
1661593 39 1 2
1661685 39 63 1
1661699 39 63 2
1661713 39 29 2
1661741 39 38 2
1661763 39 63 2
1661805 39 63 1
1661873 39 4 2
1661899 39 63 1
1661955 39 63 2
1661993 39 63 1
1661993 39 18 2
1662076 39 63 2
1662103 39 20 2
1662163 39 63 1
1662170 39 63 2
1662213 39 55 2
1662255 39 63 2
1662258 39 63 1
1662317 39 39 0
1662326 39 63 1
1662343 39 40 2
1662433 39 63 2
1662453 39 26 2
1662503 39 63 1
1662527 39 63 2
1662563 39 39 2
1662579 39 39 2
1662588 39 63 2
1662591 39 63 1
1662683 39 24 2
1662773 39 63 2
1662781 39 63 1
1662793 39 15 2
1662843 39 63 2
1662875 39 63 1
1662963 39 57 2
1662999 39 63 1
1663061 39 63 2
1663073 39 41 2
1663085 39 63 1
1663155 39 63 2
1663183 39 6 2
1663229 39 63 1
1663249 39 63 2
1663293 39 30 2
1663335 39 63 2
1663391 39 63 1
1663413 39 13 2
1663469 39 63 1
1663479 39 63 2
1663570 39 63 1
1663573 39 9 2
1663671 39 63 2
1663683 39 34 2
1663719 39 63 1
1663749 39 63 2
1663793 39 44 2
1663827 39 63 1
1663851 39 63 2
1663903 39 12 2
1663977 39 63 2
1664013 39 5 2
1664087 39 63 2
1664283 39 63 1
1664463 39 23 2
1664505 39 63 2
1664809 39 63 1
1664993 39 7 2
1665051 39 63 2
1675436 39 2 2
1675582 39 2 2
1675833 39 2 2
1677315 39 8 0
1677604 39 8 2
1708134 39 2 0
1709166 39 2 0
1709303 39 2 0
1709420 39 2 0
1710247 39 2 0
1710406 39 2 0
1710546 39 2 0
1710722 39 2 0
1710837 39 2 0
1711023 39 2 0
1711152 39 31 0
1711185 39 2 0
1711326 39 2 0
1711376 39 31 2
1711420 39 35 0
1711444 39 2 0
1711575 39 2 0
1711692 39 35 2
1711752 39 32 0
1711830 39 2 0
1711896 39 32 2
1711952 39 46 0
1711993 39 46 2
1712025 39 12 0
1712098 39 12 2
1712110 39 33 0
1712254 39 33 2
1712346 39 34 0
1712428 39 2 0
1712455 39 34 2
1712487 39 1 0
1712613 39 1 2
1712657 39 32 0
1712701 39 2 0
1712841 39 2 0
1713011 39 2 0
1713020 39 32 2
1713028 39 35 0
1713136 39 35 2
1713140 39 60 0
1713152 39 2 0
1713271 39 60 2
1713287 39 61 0
1713324 39 2 0
1713435 39 2 0
1713526 39 61 2
1713586 39 48 0
1713741 39 2 0
1713964 39 48 2
1714004 39 49 0
1714150 39 49 2
1714186 39 36 0
1714186 39 36 0
1714221 39 2 0
1714228 39 36 2
1714298 39 36 2
1714362 39 37 0
1714362 39 37 0
1714396 39 37 2
1714478 39 37 2
1714498 39 2 0
1714526 39 58 0
1714526 39 58 0
1714611 39 58 2
1714626 39 2 0
1714952 39 2 0
1715173 39 2 0
1715286 39 2 0
1715413 39 2 0
1715475 39 58 2
1715487 39 31 0
1715555 39 2 0
1715690 39 2 0
1715708 39 31 2
1715720 39 30 0
1715856 39 2 0
1715982 39 2 0
1716063 39 30 2
1716071 39 59 0
1716071 39 59 0
1716155 39 59 2
1716167 39 2 0
1716246 39 59 2
1716283 39 2 0
1716298 39 34 0
1716416 39 2 0
1716543 39 2 0
1716564 39 34 2
1716604 39 0 0
1716604 39 0 0
1716714 39 0 2
1716717 39 38 2
1716786 39 2 0
1716880 39 0 2
1716888 39 33 0
1716942 39 2 0
1717069 39 2 0
1717188 39 2 0
1717202 39 33 2
1717216 39 38 2
1717218 39 60 0
1717297 39 2 0
1717382 39 60 2
1717402 39 32 0
1717409 39 2 0
1717579 39 2 0
1717619 39 38 2
1717672 39 32 2
1717723 39 2 0
1717748 39 61 0
1717887 39 61 2
1717946 39 2 0
1718011 39 62 0
1718242 39 2 0
1718251 39 62 2
1718339 39 12 0
1718450 39 12 2
1718462 39 39 0
1718467 39 2 0
1718574 39 2 0
1718700 39 2 0
1718750 39 35 2
1718981 39 2 0
1719093 39 39 2
1719103 39 2 0
1719105 39 13 0
1719160 39 37 2
1719210 39 13 2
1719214 39 48 0
1719273 39 35 2
1719306 39 2 0
1719352 39 48 2
1719364 39 59 0
1719426 39 2 0
1719497 39 59 2
1719525 39 54 0
1719525 39 54 0
1719541 39 2 0
1719567 39 54 2
1719616 39 35 2
1719666 39 2 0
1719667 39 37 2
1719687 39 54 2
1719727 39 55 0
1719777 39 2 0
1719886 39 2 0
1719947 39 55 2
1719971 39 56 0
1719982 39 37 2
1720008 39 2 0
1720120 39 56 2
1720139 39 2 0
1720148 39 57 0
1720260 39 2 0
1720287 39 57 2
1720351 39 58 0
1720391 39 2 0
1720503 39 58 2
1720539 39 49 0
1720727 39 49 2
1720767 39 63 0
1721103 39 63 2
1721151 39 15 0
1721289 39 15 2
1721305 39 44 0
1721421 39 44 2
1721441 39 45 0
1721555 39 45 2
1721803 39 0 0
1721927 39 0 2
1722019 39 1 0
1722136 39 1 2
1722236 39 2 0
1722344 39 2 2
1722352 39 47 0
1722402 39 47 2
1722414 39 41 0
1722539 39 41 2
1722611 39 3 0
1722717 39 3 2
1722977 39 5 0
1723089 39 5 2
1723137 39 6 0
1723272 39 6 2
1723360 39 7 0
1723506 39 7 2
1723614 39 8 0
1723737 39 8 2
1723793 39 1 0
1723793 39 1 0
1723891 39 1 2
1723908 39 33 2
1723924 39 1 2
1724356 39 12 0
1724420 39 36 2
1724446 39 12 2
1724448 39 33 2
1724462 39 46 0
1724560 39 46 2
1724568 39 4 0
1724703 39 4 2
1724727 39 47 0
1724777 39 47 2
1724813 39 33 2
1724921 39 12 0
1724921 39 12 0
1724935 39 36 2
1724987 39 12 2
1725044 39 12 2
1725250 39 36 2
1725408 39 10 0
1725514 39 10 2
1725634 39 1 0
1725757 39 1 2
1726205 39 46 0
1726205 39 46 0
1726292 39 46 2
1726296 39 46 2
1726328 39 47 0
1726377 39 47 2
1726521 39 12 0
1726635 39 12 2
1727119 39 1 0
1727119 39 1 0
1727217 39 1 2
1727226 39 1 2
1727674 39 46 0
1727745 39 46 2
1727777 39 47 0
1727777 39 47 0
1727803 39 47 2
1727821 39 47 2
1727965 39 12 0
1727965 39 12 0
1728031 39 12 2
1728088 39 12 2
1728572 39 1 0
1728572 39 1 0
1728670 39 1 2
1728679 39 1 2
1729127 39 46 0
1729127 39 46 0
1729162 39 46 2
1729170 39 46 2
1729202 39 47 0
1729202 39 47 0
1729228 39 47 2
1729237 39 47 2
1729381 39 12 0
1729381 39 12 0
1729449 39 12 2
1729501 39 12 2
1729985 39 1 0
1729985 39 1 0
1730083 39 1 2
1730182 39 1 2
1730630 39 46 0
1730630 39 46 0
1730675 39 46 2
1730676 39 46 2
1730707 39 47 0
1730707 39 47 0
1730733 39 47 2
1730740 39 47 2
1730884 39 12 0
1730884 39 12 0
1730950 39 12 2
1731018 39 12 2
1731502 39 1 0
1731502 39 1 0
1731600 39 1 2
1731638 39 1 2
1732086 39 46 0
1732086 39 46 0
1732120 39 46 2
1732128 39 46 2
1732160 39 47 0
1732160 39 47 0
1732186 39 47 2
1732193 39 47 2
1732337 39 12 0
1732337 39 12 0
1732413 39 12 2
1732415 39 12 2
1732897 39 1 0
1732897 39 1 0
1732995 39 1 2
1733004 39 1 2
1733452 39 46 0
1733452 39 46 0
1733486 39 46 2
1733494 39 46 2
1733526 39 47 0
1733526 39 47 0
1733552 39 47 2
1733560 39 47 2
1733704 39 12 0
1733704 39 12 0
1733771 39 12 2
1733783 39 12 2
1734034 39 2 0
1734035 39 2 2
1734267 39 1 0
1734267 39 1 0
1734365 39 1 2
1734373 39 1 2
1734821 39 46 0
1734821 39 46 0
1734855 39 46 2
1734862 39 46 2
1734894 39 47 0
1734894 39 47 0
1734920 39 47 2
1734928 39 47 2
1734975 39 2 0
1734976 39 2 2
1735072 39 12 0
1735072 39 12 0
1735139 39 12 2
1735148 39 12 2
1735632 39 1 0
1735632 39 1 0
1735730 39 1 2
1735738 39 1 2
1736170 39 13 0
1736259 39 13 2
1736275 39 46 0
1736275 39 46 0
1736309 39 46 2
1736318 39 46 2
1736350 39 47 0
1736350 39 47 0
1736376 39 47 2
1736384 39 47 2
1736528 39 12 0
1736528 39 12 0
1736594 39 12 2
1736602 39 12 2
1737086 39 1 0
1737086 39 1 0
1737184 39 1 2
1737193 39 1 2
1737641 39 46 0
1737641 39 46 0
1737677 39 46 2
1737683 39 46 2
1737715 39 47 0
1737715 39 47 0
1737741 39 47 2
1737749 39 47 2
1737893 39 12 0
1737893 39 12 0
1737959 39 12 2
1737967 39 12 2
1738451 39 1 0
1738451 39 1 0
1738550 39 1 2
1738557 39 1 2
1738864 39 2 0
1738867 39 63 1
1739005 39 46 0
1739005 39 46 0
1739039 39 46 2
1739047 39 46 2
1739072 39 2 2
1739079 39 47 0
1739079 39 47 0
1739105 39 47 2
1739113 39 47 2
1739168 39 63 2
1739257 39 12 0
1739257 39 12 0
1739323 39 12 2
1739330 39 12 2
1739814 39 1 0
1739814 39 1 0
1739912 39 1 2
1739923 39 1 2
1740371 39 46 0
1740371 39 46 0
1740406 39 46 2
1740411 39 46 2
1740443 39 47 0
1740443 39 47 0
1740469 39 47 2
1740477 39 47 2
1740621 39 12 0
1740621 39 12 0
1740687 39 12 2
1740696 39 12 2
1741180 39 1 0
1741180 39 1 0
1741278 39 1 2
1741285 39 1 2
1741733 39 46 0
1741733 39 46 0
1741767 39 46 2
1741776 39 46 2
1741808 39 47 0
1741808 39 47 0
1741834 39 47 2
1741843 39 47 2
1741987 39 12 0
1741987 39 12 0
1742055 39 12 2
1742065 39 12 2
1742549 39 1 0
1742549 39 1 0
1742647 39 1 2
1742655 39 1 2
1743103 39 46 0
1743103 39 46 0
1743138 39 46 2
1743145 39 46 2
1743177 39 47 0
1743177 39 47 0
1743203 39 47 2
1743210 39 47 2
1743354 39 12 0
1743354 39 12 0
1743420 39 12 2
1743427 39 12 2
1743911 39 1 0
1743911 39 1 0
1744009 39 1 2
1744017 39 1 2
1744465 39 46 0
1744465 39 46 0
1744499 39 46 2
1744508 39 46 2
1744540 39 47 0
1744540 39 47 0
1744566 39 47 2
1744573 39 47 2
1744717 39 12 0
1744717 39 12 0
1744783 39 12 2
1744797 39 12 2
1745281 39 1 0
1745281 39 1 0
1745379 39 1 2
1745387 39 1 2
1745835 39 46 0
1745835 39 46 0
1745873 39 46 2
1745875 39 46 2
1745907 39 47 0
1745907 39 47 0
1745933 39 47 2
1745942 39 47 2
1746086 39 12 0
1746086 39 12 0
1746152 39 12 2
1746160 39 12 2
1746644 39 1 0
1746644 39 1 0
1746742 39 1 2
1746751 39 1 2
1747183 39 14 0
1747297 39 14 2
1747313 39 46 0
1747313 39 46 0
1747347 39 46 2
1747362 39 46 2
1747394 39 47 0
1747394 39 47 0
1747420 39 47 2
1747429 39 47 2
1747573 39 12 0
1747573 39 12 0
1747650 39 12 2
1747651 39 12 2
1748135 39 1 0
1748135 39 1 0
1748233 39 1 2
1748244 39 1 2
1748692 39 46 0
1748692 39 46 0
1748726 39 46 2
1748734 39 46 2
1748766 39 47 0
1748766 39 47 0
1748792 39 47 2
1748800 39 47 2
1748944 39 12 0
1748944 39 12 0
1749015 39 12 2
1749020 39 12 2
1749504 39 1 0
1749504 39 1 0
1749602 39 1 2
1749610 39 1 2
1750058 39 46 0
1750058 39 46 0
1750093 39 46 2
1750101 39 46 2
1750133 39 47 0
1750133 39 47 0
1750159 39 47 2
1750167 39 47 2
1750311 39 12 0
1750311 39 12 0
1750377 39 12 2
1750385 39 12 2
1750869 39 1 0
1750869 39 1 0
1750967 39 1 2
1750977 39 1 2
1751425 39 46 0
1751425 39 46 0
1751459 39 46 2
1751467 39 46 2
1751499 39 47 0
1751499 39 47 0
1751526 39 47 2
1751531 39 47 2
1751675 39 12 0
1751675 39 12 0
1751741 39 12 2
1751749 39 12 2
1752233 39 1 0
1752233 39 1 0
1752331 39 1 2
1752339 39 1 2
1752787 39 46 0
1752787 39 46 0
1752821 39 46 2
1752829 39 46 2
1752861 39 47 0
1752861 39 47 0
1752887 39 47 2
1752894 39 47 2
1753038 39 12 0
1753038 39 12 0
1753105 39 12 2
1753115 39 12 2
1753599 39 1 0
1753599 39 1 0
1753697 39 1 2
1753755 39 1 2
1754203 39 46 0
1754203 39 46 0
1754237 39 46 2
1754245 39 46 2
1754277 39 47 0
1754277 39 47 0
1754303 39 47 2
1754312 39 47 2
1754456 39 12 0
1754456 39 12 0
1754522 39 12 2
1754529 39 12 2
1755013 39 1 0
1755013 39 1 0
1755111 39 1 2
1755119 39 1 2
1755567 39 46 0
1755567 39 46 0
1755601 39 46 2
1755610 39 46 2
1755642 39 47 0
1755642 39 47 0
1755669 39 47 2
1755677 39 47 2
1755821 39 12 0
1755821 39 12 0
1755887 39 12 2
1755929 39 12 2
1756413 39 1 0
1756413 39 1 0
1756511 39 1 2
1756518 39 1 2
1756966 39 46 0
1756966 39 46 0
1757000 39 46 2
1757081 39 46 2
1757113 39 47 0
1757113 39 47 0
1757139 39 47 2
1757149 39 47 2
1757293 39 12 0
1757293 39 12 0
1757359 39 12 2
1757369 39 12 2
1757757 39 1 0
1757757 39 1 0
1757855 39 1 2
1757865 39 1 2
1758297 39 7 0
1758353 39 7 2
1758369 39 46 0
1758369 39 46 0
1758403 39 46 2
1758484 39 46 2
1758516 39 47 0
1758516 39 47 0
1758542 39 47 2
1758631 39 47 2
1758775 39 12 0
1758775 39 12 0
1758841 39 12 2
1758883 39 12 2
1759367 39 1 0
1759367 39 1 0
1759470 39 1 2
1759477 39 1 2
1759925 39 46 0
1759925 39 46 0
1759959 39 46 2
1759966 39 46 2
1759998 39 47 0
1759998 39 47 0
1760030 39 47 2
1760031 39 47 2
1760175 39 12 0
1760175 39 12 0
1760241 39 12 2
1760249 39 12 2
1760733 39 1 0
1760733 39 1 0
1760831 39 1 2
1760840 39 1 2
1761288 39 46 0
1761288 39 46 0
1761331 39 46 2
1761332 39 46 2
1761364 39 47 0
1761364 39 47 0
1761390 39 47 2
1761398 39 47 2
1761542 39 5 0
1761648 39 5 2
1761656 39 61 0
1761656 39 61 0
1761714 39 61 2
1761723 39 61 2
1761731 39 29 0
1761980 39 29 2
1761996 39 62 0
1761996 39 62 0
1762047 39 62 2
1762059 39 62 2
1762335 39 63 0
1762335 39 63 0
1762377 39 63 2
1762466 39 63 2
1762890 39 12 0
1762890 39 12 0
1762957 39 12 2
1763006 39 12 2
1763446 39 11 0
1763569 39 11 2
1763781 39 1 0
1763781 39 1 0
1763879 39 1 2
1763887 39 1 2
1764335 39 46 0
1764335 39 46 0
1764370 39 46 2
1764378 39 46 2
1764410 39 47 0
1764410 39 47 0
1764436 39 47 2
1764444 39 47 2
1764588 39 12 0
1764588 39 12 0
1764654 39 12 2
1764661 39 12 2
1764866 39 33 2
1765145 39 1 0
1765145 39 1 0
1765243 39 1 2
1765253 39 1 2
1765701 39 46 0
1765701 39 46 0
1765735 39 46 2
1765743 39 46 2
1765775 39 47 0
1765775 39 47 0
1765801 39 47 2
1765809 39 47 2
1765953 39 12 0
1765953 39 12 0
1766019 39 12 2
1766030 39 12 2
1766514 39 1 0
1766514 39 1 0
1766614 39 1 2
1766622 39 1 2
1767070 39 46 0
1767070 39 46 0
1767104 39 46 2
1767111 39 46 2
1767143 39 47 0
1767143 39 47 0
1767169 39 47 2
1767177 39 47 2
1767321 39 12 0
1767321 39 12 0
1767387 39 12 2
1767395 39 12 2
1767879 39 1 0
1767879 39 1 0
1767977 39 1 2
1767985 39 1 2
1768433 39 46 0
1768433 39 46 0
1768467 39 46 2
1768478 39 46 2
1768510 39 47 0
1768510 39 47 0
1768536 39 47 2
1768544 39 47 2
1768688 39 12 0
1768768 39 12 2
1769252 39 1 0
1769252 39 1 0
1769350 39 1 2
1769358 39 1 2
1769806 39 46 0
1769806 39 46 0
1769841 39 46 2
1769849 39 46 2
1769881 39 47 0
1769881 39 47 0
1769907 39 47 2
1769914 39 47 2
1770058 39 12 0
1770058 39 12 0
1770125 39 12 2
1770133 39 12 2
1770194 39 2 0
1770196 39 2 2
1770617 39 1 0
1770617 39 1 0
1770717 39 1 2
1770732 39 1 2
1771164 39 8 0
1771164 39 8 0
1771264 39 8 2
1771279 39 8 2
1771295 39 46 0
1771295 39 46 0
1771329 39 46 2
1771337 39 46 2
1771369 39 47 0
1771369 39 47 0
1771395 39 47 2
1771404 39 47 2
1771548 39 12 0
1771548 39 12 0
1771614 39 12 2
1771623 39 12 2
1772107 39 1 0
1772107 39 1 0
1772206 39 1 2
1772214 39 1 2
1772662 39 46 0
1772662 39 46 0
1772696 39 46 2
1772704 39 46 2
1772736 39 47 0
1772736 39 47 0
1772762 39 47 2
1772770 39 47 2
1772914 39 12 0
1772914 39 12 0
1772982 39 12 2
1772986 39 12 2
1773470 39 1 0
1773470 39 1 0
1773573 39 1 2
1773576 39 1 2
1774024 39 46 0
1774024 39 46 0
1774058 39 46 2
1774071 39 46 2
1774103 39 47 0
1774103 39 47 0
1774129 39 47 2
1774137 39 47 2
1774281 39 12 0
1774281 39 12 0
1774347 39 12 2
1774355 39 12 2
1774839 39 1 0
1774839 39 1 0
1774937 39 1 2
1774944 39 1 2
1775359 39 2 0
1775360 39 2 2
1775392 39 46 0
1775392 39 46 0
1775426 39 46 2
1775440 39 46 2
1775472 39 47 0
1775472 39 47 0
1775498 39 47 2
1775512 39 47 2
1775656 39 12 0
1775656 39 12 0
1775723 39 12 2
1775728 39 12 2
1776212 39 1 0
1776212 39 1 0
1776310 39 1 2
1776320 39 1 2
1776768 39 46 0
1776768 39 46 0
1776802 39 46 2
1776811 39 46 2
1776843 39 47 0
1776843 39 47 0
1776870 39 47 2
1776879 39 47 2
1777023 39 12 0
1777023 39 12 0
1777089 39 12 2
1777097 39 12 2
1777581 39 1 0
1777581 39 1 0
1777679 39 1 2
1777687 39 1 2
1778135 39 46 0
1778135 39 46 0
1778170 39 46 2
1778179 39 46 2
1778211 39 47 0
1778211 39 47 0
1778237 39 47 2
1778245 39 47 2
1778389 39 12 0
1778389 39 12 0
1778456 39 12 2
1778468 39 12 2
1778952 39 1 0
1778952 39 1 0
1779059 39 1 2
1779060 39 1 2
1779508 39 46 0
1779508 39 46 0
1779542 39 46 2
1779550 39 46 2
1779582 39 47 0
1779582 39 47 0
1779608 39 47 2
1779616 39 47 2
1779760 39 12 0
1779760 39 12 0
1779826 39 12 2
1779834 39 12 2
1780318 39 1 0
1780318 39 1 0
1780416 39 1 2
1780427 39 1 2
1780875 39 46 0
1780875 39 46 0
1780909 39 46 2
1780917 39 46 2
1780949 39 47 0
1780949 39 47 0
1780975 39 47 2
1780983 39 47 2
1781127 39 12 0
1781127 39 12 0
1781194 39 12 2
1781200 39 12 2
1781684 39 1 0
1781684 39 1 0
1781782 39 1 2
1781789 39 1 2
1782221 39 9 0
1782328 39 9 2
1782344 39 46 0
1782344 39 46 0
1782378 39 46 2
1782386 39 46 2
1782418 39 47 0
1782418 39 47 0
1782444 39 47 2
1782451 39 47 2
1782595 39 12 0
1782595 39 12 0
1782661 39 12 2
1782669 39 12 2
1783153 39 1 0
1783153 39 1 0
1783251 39 1 2
1783258 39 1 2
1783674 39 2 0
1783676 39 2 2
1783706 39 46 0
1783706 39 46 0
1783740 39 46 2
1783747 39 46 2
1783779 39 47 0
1783779 39 47 0
1783805 39 47 2
1783812 39 47 2
1783956 39 12 0
1783956 39 12 0
1784022 39 12 2
1784030 39 12 2
1784514 39 1 0
1784514 39 1 0
1784612 39 1 2
1784619 39 1 2
1785067 39 46 0
1785067 39 46 0
1785101 39 46 2
1785108 39 46 2
1785140 39 47 0
1785140 39 47 0
1785166 39 47 2
1785174 39 47 2
1785318 39 12 0
1785318 39 12 0
1785389 39 12 2
1785399 39 12 2
1785883 39 1 0
1785883 39 1 0
1785981 39 1 2
1785991 39 1 2
1786439 39 46 0
1786439 39 46 0
1786473 39 46 2
1786481 39 46 2
1786513 39 47 0
1786513 39 47 0
1786539 39 47 2
1786550 39 47 2
1786694 39 12 0
1786694 39 12 0
1786761 39 12 2
1786769 39 12 2
1787253 39 1 0
1787253 39 1 0
1787351 39 1 2
1787359 39 1 2
1787807 39 46 0
1787807 39 46 0
1787841 39 46 2
1787849 39 46 2
1787881 39 47 0
1787881 39 47 0
1787907 39 47 2
1787914 39 47 2
1788058 39 12 0
1788058 39 12 0
1788124 39 12 2
1788131 39 12 2
1788615 39 1 0
1788615 39 1 0
1788715 39 1 2
1788723 39 1 2
1789171 39 46 0
1789171 39 46 0
1789205 39 46 2
1789213 39 46 2
1789245 39 47 0
1789245 39 47 0
1789272 39 47 2
1789293 39 47 2
1789437 39 12 0
1789437 39 12 0
1789543 39 12 2
1789551 39 12 2
1790035 39 1 0
1790035 39 1 0
1790133 39 1 2
1790140 39 1 2
1790395 39 2 0
1790396 39 2 2
1790588 39 46 0
1790588 39 46 0
1790622 39 46 2
1790632 39 46 2
1790664 39 47 0
1790664 39 47 0
1790690 39 47 2
1790730 39 47 2
1790874 39 12 0
1790874 39 12 0
1790960 39 12 2
1790988 39 12 2
1791472 39 1 0
1791472 39 1 0
1791571 39 1 2
1791578 39 1 2
1792026 39 46 0
1792026 39 46 0
1792060 39 46 2
1792081 39 46 2
1792113 39 47 0
1792113 39 47 0
1792149 39 47 2
1792178 39 47 2
1792322 39 12 0
1792322 39 12 0
1792419 39 12 2
1792437 39 12 2
1792921 39 1 0
1792921 39 1 0
1793020 39 1 2
1793031 39 1 2
1793463 39 10 0
1793561 39 10 2
1793577 39 46 0
1793577 39 46 0
1793611 39 46 2
1793621 39 46 2
1793653 39 47 0
1793653 39 47 0
1793679 39 47 2
1793703 39 47 2
1793847 39 12 0
1793847 39 12 0
1793933 39 12 2
1793950 39 12 2
1794434 39 1 0
1794434 39 1 0
1794533 39 1 2
1794544 39 1 2
1794992 39 46 0
1794992 39 46 0
1795027 39 46 2
1795037 39 46 2
1795069 39 47 0
1795069 39 47 0
1795106 39 47 2
1795132 39 47 2
1795276 39 12 0
1795276 39 12 0
1795373 39 12 2
1795400 39 12 2
1795884 39 1 0
1795884 39 1 0
1795982 39 1 2
1795990 39 1 2
1796438 39 46 0
1796438 39 46 0
1796472 39 46 2
1796479 39 46 2
1796511 39 47 0
1796511 39 47 0
1796547 39 47 2
1796575 39 47 2
1796719 39 12 0
1796719 39 12 0
1796815 39 12 2
1796843 39 12 2
1797327 39 1 0
1797327 39 1 0
1797425 39 1 2
1797433 39 1 2
1797881 39 46 0
1797881 39 46 0
1797915 39 46 2
1797923 39 46 2
1797955 39 47 0
1797955 39 47 0
1798001 39 47 2
1798009 39 47 2
1798153 39 12 0
1798153 39 12 0
1798249 39 12 2
1798277 39 12 2
1798761 39 1 0
1798761 39 1 0
1798859 39 1 2
1798869 39 1 2
1799317 39 46 0
1799317 39 46 0
1799352 39 46 2
1799366 39 46 2
1799398 39 47 0
1799398 39 47 0
1799424 39 47 2
1799442 39 47 2
1799586 39 12 0
1799586 39 12 0
1799682 39 12 2
1799709 39 12 2
1800193 39 1 0
1800193 39 1 0
1800292 39 1 2
1800303 39 1 2
1800751 39 46 0
1800751 39 46 0
1800785 39 46 2
1800793 39 46 2
1800825 39 47 0
1800825 39 47 0
1800862 39 47 2
1800878 39 47 2
1801022 39 12 0
1801022 39 12 0
1801118 39 12 2
1801146 39 12 2
1801630 39 1 0
1801630 39 1 0
1801728 39 1 2
1801739 39 1 2
1802187 39 46 0
1802187 39 46 0
1802221 39 46 2
1802229 39 46 2
1802261 39 47 0
1802261 39 47 0
1802287 39 47 2
1802315 39 47 2
1802459 39 12 0
1802459 39 12 0
1802555 39 12 2
1802574 39 12 2
1803058 39 1 0
1803058 39 1 0
1803157 39 1 2
1803167 39 1 2
1803615 39 46 0
1803615 39 46 0
1803649 39 46 2
1803661 39 46 2
1803693 39 47 0
1803693 39 47 0
1803720 39 47 2
1803735 39 47 2
1803879 39 12 0
1803879 39 12 0
1803985 39 12 2
1804014 39 12 2
1804498 39 1 0
1804498 39 1 0
1804596 39 1 2
1804605 39 1 2
1805053 39 46 0
1805053 39 46 0
1805137 39 46 2
1805155 39 46 2
1805187 39 47 0
1805187 39 47 0
1805243 39 47 2
1805271 39 47 2
1805415 39 12 0
1805415 39 12 0
1805511 39 12 2
1805529 39 12 2
1806013 39 1 0
1806013 39 1 0
1806111 39 1 2
1806121 39 1 2
1806569 39 46 0
1806569 39 46 0
1806603 39 46 2
1806611 39 46 2
1806643 39 47 0
1806643 39 47 0
1806669 39 47 2
1806697 39 47 2
1806841 39 12 0
1806841 39 12 0
1806937 39 12 2
1806966 39 12 2
1807450 39 1 0
1807450 39 1 0
1807554 39 1 2
1807556 39 1 2
1808004 39 46 0
1808004 39 46 0
1808039 39 46 2
1808047 39 46 2
1808079 39 47 0
1808079 39 47 0
1808105 39 47 2
1808123 39 47 2
1808267 39 12 0
1808267 39 12 0
1808352 39 33 2
1808373 39 12 2
1808391 39 12 2
1808875 39 1 0
1808875 39 1 0
1808974 39 1 2
1809031 39 1 2
1809479 39 46 0
1809479 39 46 0
1809513 39 46 2
1809523 39 46 2
1809555 39 47 0
1809555 39 47 0
1809593 39 47 2
1809609 39 47 2
1809753 39 12 0
1809753 39 12 0
1809849 39 12 2
1809876 39 12 2
1810360 39 1 0
1810360 39 1 0
1810458 39 1 2
1810466 39 1 2
1810473 39 2 0
1810474 39 2 2
1810914 39 46 0
1810914 39 46 0
1810948 39 46 2
1810955 39 46 2
1810987 39 47 0
1810987 39 47 0
1811013 39 47 2
1811031 39 47 2
1811175 39 12 0
1811175 39 12 0
1811281 39 12 2
1811299 39 12 2
1811783 39 1 0
1811933 39 1 2
1812381 39 46 0
1812381 39 46 0
1812415 39 46 2
1812422 39 46 2
1812454 39 47 0
1812454 39 47 0
1812490 39 47 2
1812498 39 47 2
1812642 39 12 0
1812642 39 12 0
1812701 39 36 2
1812748 39 12 2
1812776 39 12 2
1813260 39 1 0
1813260 39 1 0
1813358 39 1 2
1813391 39 1 2
1813839 39 46 0
1813839 39 46 0
1813873 39 46 2
1813881 39 46 2
1813913 39 47 0
1813913 39 47 0
1813939 39 47 2
1813947 39 47 2
1814091 39 12 0
1814091 39 12 0
1814187 39 12 2
1814284 39 12 2
1814760 39 9 0
1814866 39 9 2
1814990 39 55 0
1815077 39 55 2
1815081 39 1 0
1815081 39 1 0
1815179 39 1 2
1815206 39 1 2
1815230 39 56 0
1815344 39 56 2
1815364 39 45 0
1815477 39 45 2
1815533 39 46 0
1815607 39 46 2
1815683 39 63 0
1815683 39 40 2
1815910 39 63 2
1815918 39 47 0
1816032 39 47 2
1816136 39 62 0
1816136 39 62 0
1816186 39 62 2
1816194 39 62 2
1816490 39 3 0
1817948 39 3 2
1817956 39 19 0
1818031 39 19 2
1818038 39 19 2
1818042 39 3 0
1822156 39 3 2
1822449 39 28 2
1822456 39 3 0
1833334 39 3 2
1834592 39 2 0
1834593 39 2 2
1835019 39 2 0
1835020 39 2 2
1938984 39 2 0
1938985 39 2 2
1941013 39 2 0
1941014 39 2 2
1961905 39 2 0
1961906 39 2 2
1966222 39 2 0
1966223 39 2 2
1970588 39 2 0
1970589 39 2 2
1982107 39 2 0
1982108 39 2 2
1986850 39 2 0
1986851 39 2 2
1998068 39 2 0
1998069 39 2 2
2029542 39 2 0
2029543 39 2 2
2032458 39 2 2
2032459 39 2 0
2034113 39 2 0
2034114 39 2 2
2034311 39 2 0
2034312 39 2 2
2035600 39 2 0
2035601 39 2 2
2042389 39 2 0
2042390 39 2 2
2064535 39 2 0
2064536 39 63 1
2064723 39 2 2
2064821 39 63 2
2087855 39 2 0
2087856 39 63 1
2088043 39 2 2
2088141 39 63 2
2099587 39 2 0
2099588 39 2 2
2125151 39 2 0
2125152 39 63 1
2125332 39 2 2
2125429 39 63 2
2158231 39 2 0
2158232 39 2 2
2217598 39 2 0
2217599 39 2 2
2449811 39 2 0
2449812 39 63 1
2449999 39 2 2
2450096 39 63 2
2570072 39 1 0
2572465 39 2 0
2572466 39 0 0
2572899 39 1 2
2573295 39 36 0
2573295 39 36 0
2573465 39 36 2
2573509 39 37 0
2573509 39 37 0
2573544 39 37 2
2573877 39 37 2
2573985 39 0 0
2573985 39 0 0
2574091 39 0 2
2574099 39 0 2
2574123 39 8 0
2574123 39 8 0
2574221 39 8 2
2574269 39 8 2
2574317 39 0 0
2574317 39 0 0
2574319 39 35 2
2574423 39 0 2
2574491 39 0 2
2574579 39 36 0
2574621 39 36 2
2574677 39 36 2
2574679 39 36 0
2574782 39 35 2
2574889 39 35 2
2576155 39 38 2
2576498 39 36 2
2576530 39 38 0
2576530 39 38 0
2576686 39 38 2
2576777 39 38 2
2576895 39 38 2
2578236 39 38 2
2578396 39 54 0
2578396 39 54 0
2578479 39 54 2
2578518 39 54 2
2578539 39 37 0
2578539 39 37 0
2578573 39 37 2
2578582 39 37 2
2578674 39 36 2
2579201 39 36 2
2579358 39 36 2
2579570 39 47 0
2579734 39 47 2
2579758 39 11 0
2579758 39 11 0
2579832 39 11 2
2579849 39 11 2
2579977 39 1 0
2579977 39 1 0
2580077 39 1 2
2580082 39 1 2
2580606 39 14 0
2580806 39 14 2
2580818 39 15 0
2580818 39 15 0
2580880 39 15 2
2580950 39 15 2
2581038 39 38 0
2581038 39 38 0
2581064 39 38 2
2582245 39 0 2
2583689 39 37 2
2583760 39 38 2
2583916 39 46 0
2584012 39 46 2
2584056 39 12 0
2584128 39 12 2
2584136 39 0 0
2584136 39 0 0
2584242 39 0 2
2584289 39 0 2
2584365 39 7 0
2584463 39 37 2
2584577 39 37 2
2585140 39 7 2
2585212 39 47 0
2585245 39 47 2
2585261 39 12 0
2585377 39 12 2
2585413 39 47 0
2585507 39 47 2
2586255 39 54 0
2586255 39 54 0
2586297 39 54 2
2586307 39 54 2
2586499 39 0 0
2586499 39 0 0
2586605 39 0 2
2586613 39 0 2
2587069 39 58 0
2587069 39 58 0
2587171 39 58 2
2587208 39 58 2
2587288 39 59 0
2587288 39 59 0
2587362 39 59 2
2587389 39 59 2
2587449 39 38 0
2587449 39 38 0
2587475 39 38 2
2587483 39 38 2
2587959 39 2 0
2587960 39 0 0
2776887 39 2 0
2776888 39 63 1
2777075 39 2 2
2777173 39 63 2
2800217 39 2 0
2800218 39 63 1
2800405 39 2 2
2800503 39 63 2
3389861 39 2 0
3389862 39 2 2
3547214 39 0 0
3547214 39 0 0
3547321 39 0 2
3547337 39 0 2
3547457 39 38 0
3547457 39 38 0
3549673 39 38 2
3555010 39 38 2
3556994 39 38 0
3556994 39 38 0
3557020 39 38 2
3558007 39 38 2
3558215 39 0 0
3558215 39 0 0
3558321 39 0 2
3558338 39 0 2
3559478 39 0 0
3559478 39 0 0
3559584 39 0 2
3559592 39 0 2
3560188 39 38 0
3560188 39 38 0
3560214 39 38 2
3560226 39 38 2
4523793 39 0 0
4523793 39 0 0
4523899 39 0 2
4523917 39 0 2
4524037 39 38 0
4524037 39 38 0
4526593 39 38 2
4527780 39 38 2
4529224 39 0 2
4529764 39 38 0
4529764 39 38 0
4529790 39 38 2
4530827 39 38 2
4531035 39 0 0
4531035 39 0 0
4531141 39 0 2
4531158 39 0 2
4531234 39 7 0
4531658 39 7 2
4532722 39 0 0
4532722 39 0 0
4532828 39 0 2
4532837 39 0 2
4533433 39 38 0
4533433 39 38 0
4533460 39 38 2
4533465 39 38 2
4854731 39 2 0
4854732 39 2 2
4880899 39 2 0
4880900 39 63 1
4881086 39 2 2
4881183 39 63 2
5375968 39 2 0
5375969 39 2 2
5417836 39 2 0
5417837 39 63 1
5418024 39 2 2
5418122 39 63 2
5441206 39 2 0
5441207 39 63 1
5441394 39 2 2
5441492 39 63 2
5473159 39 2 0
5473160 39 2 2
5500386 39 0 0
5500386 39 0 0
5500632 39 0 2
5500769 39 0 2
5500889 39 38 0
5500889 39 38 0
5507232 39 38 2
5507895 39 38 2
5509216 39 38 0
5509216 39 38 0
5509242 39 38 2
5509679 39 38 2
5509887 39 0 0
5509887 39 0 0
5509993 39 0 2
5510010 39 0 2
5511150 39 0 0
5511150 39 0 0
5511256 39 0 2
5511264 39 0 2
5511860 39 38 0
5511860 39 38 0
5511886 39 38 2
5511894 39 38 2
6258012 39 63 1
6258013 39 2 0
6258220 39 2 2
6258318 39 63 2
6281512 39 63 1
6281513 39 2 0
6281700 39 2 2
6281798 39 63 2
6292477 39 2 0
6292478 39 2 2
6476934 39 0 0
6476934 39 0 0
6477070 39 0 2
6477227 39 0 2
6477347 39 38 0
6477347 39 38 0
6479294 39 38 2
6482380 39 0 2
6483439 39 38 2
6484855 39 7 0
6486785 39 7 2
6487353 39 38 0
6487353 39 38 0
6487379 39 38 2
6487476 39 38 2
6487684 39 0 0
6487684 39 0 0
6487790 39 0 2
6487807 39 0 2
6488947 39 0 0
6488947 39 0 0
6489053 39 0 2
6489061 39 0 2
6489657 39 38 0
6489657 39 38 0
6489683 39 38 2
6489691 39 38 2
