0 36 51 0
2603 36 51 2
2607 36 22 0
3047 36 22 2
3059 36 1 0
3580 36 0 1
3757 36 1 2
3777 36 24 0
3806 36 0 2
3876 36 24 2
3895 36 0 2
6257 36 0 1
6486 36 2 2
6559 36 0 2
23427 36 0 1
23646 36 2 2
23719 36 0 2
55902 36 0 1
56126 36 2 2
56199 36 0 2
57050 36 0 1
57277 36 2 2
57351 36 0 2
95341 36 0 1
95566 36 0 2
95655 36 0 2
98479 36 0 1
98706 36 2 2
98779 36 0 2
147561 36 0 1
147786 36 2 2
147859 36 0 2
148247 36 0 1
148467 36 2 2
148541 36 0 2
203594 36 2 0
203595 36 0 1
203816 36 2 2
203889 36 0 2
221017 36 0 1
221236 36 2 2
221309 36 0 2
226717 36 4 0
229488 36 4 2
229540 36 44 0
230282 36 0 1
230706 36 0 2
230795 36 0 2
230798 36 0 0
230909 36 0 0
231010 36 0 0
231111 36 0 0
231152 36 44 2
231164 36 5 0
231212 36 0 0
231298 36 5 2
231310 36 45 0
231333 36 0 0
231434 36 0 0
231536 36 0 0
231654 36 0 0
231743 36 45 2
231772 36 0 0
231811 36 24 0
231874 36 0 0
231976 36 0 0
231988 36 24 2
232020 36 25 0
232078 36 0 0
232172 36 25 2
232180 36 26 0
232187 36 0 0
232292 36 26 2
232298 36 0 0
232332 36 27 0
232427 36 0 0
232435 36 27 2
232455 36 33 0
232550 36 0 0
232649 36 0 0
232762 36 0 0
232779 36 33 2
232799 36 35 0
232880 36 0 0
232892 36 35 2
232900 36 41 0
232991 36 0 0
233128 36 0 0
233244 36 0 0
233362 36 0 0
233465 36 0 0
233500 36 41 2
233516 36 42 0
233623 36 0 0
233739 36 0 0
233815 36 42 2
233847 36 1 0
233856 36 0 0
233973 36 0 0
233984 36 1 2
234020 36 36 0
234075 36 0 0
234176 36 0 0
234251 36 0 1
234291 36 0 0
234434 36 0 0
234487 36 0 2
234559 36 0 0
234576 36 0 2
234670 36 36 2
234682 36 0 0
234682 36 43 0
234696 36 0 0
234823 36 0 0
234843 36 0 0
234932 36 0 0
234934 36 43 2
234950 36 17 0
234974 36 0 0
235033 36 0 0
235113 36 17 2
235125 36 0 0
235159 36 0 0
235205 36 27 0
235270 36 0 0
235305 36 0 0
235376 36 27 2
235380 36 37 0
235427 36 0 0
235435 36 0 0
235486 36 37 2
235498 36 17 0
235566 36 0 0
235586 36 0 0
235647 36 17 2
235655 36 15 0
235687 36 0 0
235716 36 0 0
235798 36 0 0
235798 36 15 2
235838 36 16 0
235864 36 0 0
235906 36 0 0
235935 36 16 2
235975 36 18 0
236017 36 0 0
236042 36 0 0
236162 36 18 2
236165 36 0 0
236172 36 0 0
236186 36 61 0
236199 36 0 1
236296 36 0 0
236386 36 0 0
236403 36 0 0
236439 36 11 2
236497 36 0 2
236501 36 0 0
236517 36 0 0
236619 36 0 0
236628 36 0 0
236758 36 0 0
236765 36 0 0
236899 36 0 0
236916 36 0 1
236923 36 0 0
237005 36 0 0
237039 36 0 0
237104 36 0 0
237138 36 0 2
237166 36 0 0
237227 36 0 0
237228 36 0 2
237268 36 0 0
237376 36 0 0
237378 36 0 0
237406 36 0 0
237521 36 0 0
237560 36 0 0
237573 36 0 0
237673 36 0 0
237689 36 0 0
237723 36 0 0
237831 36 0 0
237845 36 0 0
237863 36 0 0
237958 36 0 0
237973 36 0 0
237993 36 0 0
238075 36 0 0
238113 36 0 0
238143 36 0 0
238223 36 0 0
238346 36 0 0
238369 36 0 0
238463 36 0 0
238573 36 0 0
238591 36 0 0
238725 36 0 0
238757 36 0 0
238828 36 0 0
238878 36 0 0
238972 36 0 0
239016 36 0 0
239109 36 0 0
239176 36 0 0
239243 36 0 0
239358 36 0 0
239377 36 0 0
239491 36 0 0
239501 36 61 2
239513 36 54 0
239513 36 0 0
239631 36 0 0
239641 36 0 0
239702 36 54 2
239722 36 11 0
239738 36 0 0
239759 36 0 0
239795 36 11 2
239803 36 19 0
239854 36 0 0
239869 36 0 0
239900 36 19 2
239904 36 35 0
240021 36 0 0
240059 36 0 0
240163 36 0 0
240192 36 35 2
240208 36 53 0
240217 36 0 0
240288 36 0 0
240327 36 0 0
240390 36 0 0
240425 36 53 2
240462 36 0 0
240465 36 33 0
240555 36 0 0
240568 36 33 2
240580 36 36 0
240615 36 0 0
240669 36 0 0
240737 36 0 0
240764 36 36 2
240776 36 0 0
240784 36 40 0
240882 36 0 0
240989 36 0 0
241067 36 0 0
241072 36 40 2
241096 36 37 0
241102 36 0 0
241231 36 0 0
241275 36 37 2
241291 36 0 0
241379 36 38 0
241426 36 0 0
241520 36 0 0
241541 36 0 0
241575 36 38 2
241579 36 61 0
241646 36 0 0
241648 36 0 0
241765 36 0 0
241832 36 0 0
241867 36 61 2
241891 36 8 0
241929 36 0 0
241970 36 0 0
242040 36 8 2
242048 36 29 0
242059 36 0 0
242169 36 0 0
242203 36 29 2
242207 36 0 0
242243 36 0 0
242328 36 0 0
242349 36 0 2
242361 36 38 0
242363 36 0 0
242439 36 0 0
242512 36 0 0
242627 36 0 0
242722 36 0 0
242864 36 38 2
242869 36 0 0
242880 36 39 0
243034 36 0 0
243045 36 0 0
243049 36 39 2
243053 36 39 0
243164 36 0 0
243203 36 0 0
243287 36 0 0
243322 36 0 0
243433 36 0 0
243438 36 0 0
243546 36 39 2
243547 36 0 0
243602 36 36 0
243610 36 0 0
243671 36 0 0
243760 36 36 2
243771 36 0 0
243792 36 38 0
243913 36 0 0
243946 36 38 2
243962 36 51 0
244029 36 0 0
244082 36 51 2
244138 36 21 0
244160 36 0 0
244373 36 21 2
244381 36 52 0
244454 36 0 0
244587 36 0 0
244688 36 0 0
244705 36 52 2
244741 36 29 0
244827 36 0 0
244934 36 0 0
244983 36 29 2
245003 36 53 0
245089 36 0 0
245205 36 0 0
245278 36 53 2
245302 36 54 0
245343 36 0 0
245447 36 54 2
245463 36 11 0
245473 36 0 0
245587 36 0 0
245737 36 0 0
245765 36 11 2
245777 36 56 0
245881 36 0 0
245939 36 56 2
245943 36 12 0
245995 36 0 0
246097 36 0 0
246195 36 12 2
246203 36 57 0
246223 36 0 0
246399 36 57 2
246403 36 2 0
246713 36 2 2
246765 36 37 0
247063 36 37 2
247079 36 40 0
247240 36 40 2
247296 36 58 0
247669 36 58 2
247729 36 35 0
247793 36 0 1
247847 36 35 2
247851 36 50 0
248041 36 1 2
248122 36 0 2
248189 36 50 2
248209 36 62 0
250108 36 62 2
250136 36 38 0
250411 36 38 2
250483 36 63 0
250739 36 0 0
250930 36 63 2
250970 36 12 0
251222 36 12 2
251246 36 2 0
251359 36 2 2
251383 36 13 0
251653 36 13 2
251749 36 3 0
251861 36 3 2
251901 36 23 0
252088 36 23 2
252104 36 24 0
252222 36 24 2
252330 36 7 0
252628 36 7 2
252636 36 25 0
252720 36 0 0
252782 36 25 2
252810 36 26 0
252839 36 2 0
252840 36 0 1
252930 36 26 2
253010 36 0 0
253074 36 2 2
253144 36 0 2
253148 36 0 2
253152 36 3 0
253263 36 3 2
253307 36 4 0
253451 36 4 2
253547 36 5 0
253722 36 5 2
253762 36 15 0
254068 36 15 2
254076 36 14 0
254423 36 14 2
254435 36 50 0
254676 36 50 2
254704 36 6 0
254747 36 0 0
255489 36 6 2
255509 36 4 0
255695 36 4 2
255703 36 8 0
256010 36 8 2
256014 36 47 0
256305 36 47 2
256313 36 49 0
256447 36 49 2
256463 36 11 0
256463 36 11 0
256513 36 11 2
256838 36 11 2
256874 36 5 0
256979 36 5 2
257003 36 37 0
257245 36 37 2
257309 36 4 0
257466 36 4 2
257470 36 1 0
257584 36 1 2
257612 36 27 0
257797 36 27 2
257805 36 2 0
257906 36 2 2
257918 36 11 0
258037 36 11 2
258045 36 7 0
258192 36 7 2
258212 36 3 0
258328 36 3 2
258436 36 6 0
258558 36 6 2
258578 36 9 0
258680 36 9 2
258852 36 8 0
258993 36 8 2
259005 36 11 0
259633 36 11 2
259653 36 12 0
259808 36 12 2
259832 36 16 0
260103 36 16 2
260111 36 13 0
260298 36 13 2
260346 36 2 0
260467 36 2 2
260503 36 14 0
260757 36 14 2
260761 36 17 0
261067 36 17 2
261075 36 15 0
261350 36 15 2
261370 36 18 0
261639 36 18 2
261663 36 4 0
261891 36 4 2
261931 36 40 0
262130 36 40 2
262134 36 38 0
262134 36 38 0
262169 36 38 2
262342 36 38 2
262350 36 27 0
262478 36 27 2
262498 36 35 0
262718 36 35 2
262774 36 28 0
262916 36 28 2
262976 36 11 0
262976 36 11 0
263026 36 11 2
263033 36 11 2
263041 36 3 0
263271 36 3 2
263275 36 46 0
263603 36 46 2
263623 36 4 0
263732 36 4 2
263764 36 0 0
263870 36 0 2
263874 36 29 0
264196 36 29 2
264340 36 47 0
264574 36 47 2
264646 36 30 0
264896 36 30 2
265248 36 31 0
265672 36 0 1
265901 36 63 2
265977 36 0 2
266182 36 31 2
266186 36 44 0
266282 36 0 1
266381 36 44 2
266389 36 43 0
266477 36 0 1
266518 36 2 2
266585 36 43 2
266591 36 0 2
266697 36 27 2
266717 36 32 0
266738 36 0 2
266908 36 0 1
266972 36 32 2
267044 36 33 0
267127 36 9 2
267143 36 33 2
267191 36 33 0
267200 36 0 2
267348 36 33 2
267356 36 27 0
267376 36 0 1
267467 36 27 2
267571 36 54 0
267606 36 45 2
267647 36 0 2
267983 36 54 2
267995 36 28 0
268103 36 28 2
268119 36 30 0
268408 36 30 2
268416 36 56 0
268724 36 0 1
268839 36 0 1
268889 36 56 2
268905 36 31 0
268955 36 37 2
268973 36 0 1
268989 36 0 2
269068 36 32 2
269126 36 0 2
269151 36 31 2
269197 36 12 2
269247 36 0 2
269251 36 41 0
269377 36 0 1
269432 36 41 2
269472 36 0 1
269480 36 61 0
269601 36 10 2
269667 36 0 2
269741 36 61 2
269741 36 4 2
269745 36 39 0
269799 36 0 2
269866 36 0 1
269965 36 0 1
270092 36 11 2
270093 36 0 1
270149 36 0 2
270198 36 1 2
270209 36 39 2
270221 36 7 0
270280 36 0 2
270332 36 20 2
270367 36 0 1
270374 36 0 2
270428 36 7 2
270488 36 8 0
270495 36 0 1
270587 36 57 2
270592 36 8 2
270600 36 0 1
270624 36 63 0
270661 36 0 2
270719 36 5 2
270785 36 0 2
270830 36 6 2
270897 36 63 2
270904 36 0 2
270964 36 0 1
271005 36 0 0
271055 36 0 1
271169 36 0 1
271191 36 15 2
271253 36 0 2
271265 36 0 2
271281 36 57 0
271298 36 19 2
271306 36 0 1
271347 36 0 2
271404 36 57 2
271422 36 43 2
271464 36 0 2
271468 36 0 1
271472 36 58 0
271536 36 49 2
271593 36 58 2
271602 36 0 2
271620 36 0 1
271677 36 46 0
271689 36 35 2
271723 36 0 2
271857 36 0 1
271871 36 58 2
271937 36 0 2
271949 36 46 2
271961 36 59 0
271990 36 0 1
272078 36 0 1
272078 36 63 2
272112 36 59 2
272144 36 32 0
272153 36 0 2
272218 36 7 2
272267 36 0 1
272301 36 0 2
272328 36 22 2
272366 36 32 2
272374 36 50 0
272386 36 0 2
272389 36 0 1
272487 36 52 2
272507 36 50 2
272528 36 0 2
272583 36 60 0
272618 36 27 2
272660 36 0 2
272678 36 0 1
272871 36 60 2
272879 36 62 0
272908 36 44 2
272922 36 0 1
272942 36 0 2
273074 36 0 1
273168 36 62 2
273181 36 62 2
273185 36 3 0
273216 36 0 1
273234 36 0 2
273283 36 3 2
273295 36 5 0
273309 36 50 2
273324 36 0 1
273366 36 0 2
273513 36 0 1
273531 36 13 2
273560 36 5 2
273588 36 17 0
273590 36 0 2
273672 36 30 2
273722 36 0 2
273731 36 0 1
273777 36 17 2
273795 36 54 2
273797 36 6 0
273853 36 0 2
273860 36 0 1
273958 36 45 2
273983 36 0 1
273991 36 6 2
274000 36 0 2
274012 36 0 1
274083 36 11 0
274088 36 40 2
274116 36 0 1
274154 36 0 2
274209 36 2 2
274282 36 0 2
274330 36 39 2
274375 36 11 2
274380 36 0 2
274383 36 10 0
274408 36 0 1
274442 36 9 2
274466 36 10 2
274486 36 11 0
274516 36 0 2
274593 36 11 2
274601 36 6 0
274628 36 0 1
274634 36 46 2
274684 36 0 2
274736 36 6 2
274772 36 36 0
274781 36 0 1
274858 36 26 2
274909 36 0 2
275012 36 36 2
275028 36 36 2
275037 36 0 2
275054 36 0 1
275088 36 12 0
275161 36 0 1
275290 36 47 2
275348 36 0 2
275397 36 12 2
275402 36 28 2
275405 36 0 0
275435 36 0 2
275445 36 0 1
275533 36 0 1
275560 36 0 2
275670 36 14 2
275675 36 0 1
275684 36 15 0
275684 36 15 0
275736 36 0 2
275750 36 15 2
275788 36 8 2
275809 36 15 2
275871 36 0 2
275908 36 24 2
275929 36 7 0
275942 36 0 1
275973 36 0 2
276061 36 0 1
276103 36 7 2
276119 36 0 0
276168 36 17 2
276191 36 0 1
276234 36 0 2
276288 36 42 2
276297 36 0 1
276340 36 0 2
276371 36 0 2
276416 36 21 2
276429 36 0 1
276466 36 0 2
276519 36 9 0
276528 36 0 1
276547 36 41 2
276605 36 0 2
276665 36 3 2
276732 36 0 2
276771 36 29 2
276799 36 9 2
276813 36 0 2
276831 36 8 0
276883 36 0 1
276940 36 8 2
276968 36 41 0
277113 36 34 2
277155 36 0 2
277156 36 0 1
277259 36 0 1
277275 36 41 2
277381 36 16 2
277383 36 14 0
277438 36 0 1
277456 36 0 2
277492 36 33 2
277542 36 0 2
277556 36 14 2
277692 36 31 2
277716 36 0 1
277750 36 0 2
277828 36 61 0
277938 36 0 1
277938 36 59 2
277997 36 0 2
278142 36 0 1
278169 36 60 2
278219 36 0 2
278238 36 61 2
278283 36 0 1
278310 36 54 0
278368 36 56 2
278424 36 0 1
278449 36 54 2
278450 36 0 2
278481 36 55 0
278507 36 53 2
278560 36 0 2
278577 36 0 1
278656 36 23 2
278695 36 0 1
278706 36 55 2
278722 36 0 2
278798 36 55 2
278864 36 0 2
278902 36 0 1
278919 36 51 2
278934 36 40 0
278969 36 0 2
279031 36 0 1
279059 36 40 2
279087 36 49 0
279127 36 61 2
279145 36 0 1
279186 36 0 2
279203 36 49 2
279215 36 51 0
279258 36 0 1
279258 36 38 2
279301 36 0 2
279351 36 51 2
279370 36 25 2
279371 36 37 0
279380 36 0 1
279428 36 0 2
279437 36 37 2
279441 36 20 0
279481 36 18 2
279499 36 20 2
279515 36 3 0
279539 36 0 2
279607 36 48 2
279681 36 0 2
279855 36 3 2
279947 36 21 0
280013 36 21 2
280021 36 56 0
280167 36 56 2
280187 36 57 0
280341 36 57 2
280429 36 58 0
280595 36 58 2
280675 36 59 0
280827 36 59 2
280851 36 63 0
281129 36 63 2
281213 36 33 0
281310 36 33 2
282010 36 0 2
286960 36 0 1
287186 36 0 2
287275 36 0 2
289981 36 2 0
289982 36 0 1
290206 36 2 2
290279 36 0 2
343389 36 0 1
343617 36 2 2
343691 36 0 2
410831 36 0 1
411055 36 2 2
411128 36 0 2
428912 36 2 0
428913 36 0 1
429135 36 2 2
429208 36 0 2
433751 36 0 1
433975 36 2 2
434048 36 0 2
450331 36 2 0
450332 36 0 1
450555 36 2 2
450628 36 0 2
465697 36 2 0
465698 36 0 1
465925 36 2 2
465998 36 0 2
553891 36 2 0
553892 36 0 1
554116 36 2 2
554190 36 0 2
565026 36 2 0
565027 36 0 1
565245 36 2 2
565318 36 0 2
572409 36 2 0
572410 36 0 1
572635 36 2 2
572708 36 0 2
577267 36 0 1
577268 36 2 0
577485 36 2 2
577558 36 0 2
585006 36 2 0
585007 36 0 1
585226 36 2 2
585300 36 0 2
590214 36 2 0
590215 36 2 2
595884 36 2 0
595885 36 2 2
629624 36 2 0
629625 36 0 1
629848 36 2 2
629921 36 0 2
642819 36 2 0
642820 36 0 1
643039 36 2 2
643113 36 0 2
666159 36 2 0
666160 36 0 1
666379 36 2 2
666453 36 0 2
711020 36 0 1
711021 36 2 0
711238 36 2 2
711311 36 0 2
756470 36 2 0
756471 36 0 1
756698 36 2 2
756771 36 0 2
786276 36 2 0
786277 36 2 2
815579 36 2 0
815580 36 2 2
870111 36 2 0
870112 36 2 2
930912 36 2 0
930913 36 0 1
931138 36 2 2
931211 36 0 2
963917 36 2 0
963918 36 0 1
964138 36 2 2
964211 36 0 2
979673 36 2 0
979674 36 2 2
981465 36 2 0
981466 36 2 2
995548 36 2 0
995549 36 0 1
995768 36 2 2
995841 36 0 2
1004795 36 2 0
1004796 36 0 1
1005018 36 2 2
1005091 36 0 2
1010589 36 2 0
1010590 36 0 1
1010809 36 2 2
1010883 36 0 2
1030225 36 2 0
1030226 36 2 2
1101184 36 2 2
1101331 36 2 2
1101557 36 2 2
1152167 36 2 0
1152168 36 0 1
1152388 36 2 2
1152461 36 0 2
1158899 36 0 1
1158900 36 2 0
1159118 36 2 2
1159191 36 0 2
1171758 36 0 0
1171759 36 2 0
1174016 36 2 0
1174017 36 0 1
1174249 36 2 2
1174323 36 0 2
1203930 36 15 0
1203930 36 15 0
1208590 36 15 2
1209877 36 15 2
1210437 36 38 0
1210437 36 38 0
1212033 36 38 2
1212225 36 12 0
1212274 36 12 2
1213350 36 11 0
1213350 36 11 0
1213400 36 11 2
1213449 36 11 2
1213633 36 7 0
1213742 36 7 2
1214222 36 15 0
1214222 36 15 0
1214296 36 15 2
1214308 36 15 2
1214384 36 38 0
1215111 36 38 2
1215114 36 38 0
1215388 36 38 2
1216930 36 38 2
1217074 36 11 0
1217074 36 11 0
1217130 36 11 2
1217132 36 11 2
1217144 36 46 0
1217194 36 46 2
1217394 36 47 0
1217453 36 47 2
1219657 36 15 0
1219657 36 15 0
1219733 36 15 2
1219850 36 15 2
1220206 36 42 0
1220478 36 42 2
1221054 36 43 0
1221312 36 43 2
1221888 36 44 0
1222173 36 44 2
1222749 36 45 0
1223039 36 45 2
1223615 36 46 0
1223924 36 46 2
1224500 36 47 0
1224764 36 47 2
1225340 36 48 0
1225622 36 48 2
1226137 36 2 0
1226138 36 0 1
1226198 36 49 0
1226368 36 2 2
1226441 36 0 2
1226541 36 49 2
1227117 36 50 0
1227384 36 50 2
1227913 36 0 1
1227960 36 51 0
1228139 36 0 2
1228229 36 0 2
1228242 36 51 2
1228818 36 52 0
1229112 36 52 2
1229688 36 53 0
1230027 36 53 2
1230603 36 54 0
1230904 36 54 2
1231473 36 2 0
1231474 36 0 1
1231480 36 55 0
1231708 36 2 2
1231754 36 55 2
1231781 36 0 2
1232330 36 56 0
1232630 36 56 2
1233206 36 57 0
1233541 36 57 2
1234117 36 58 0
1234378 36 58 2
1234954 36 59 0
1235282 36 59 2
1235858 36 60 0
1236280 36 60 2
1236856 36 61 0
1236856 36 61 0
1236907 36 61 2
1237216 36 61 2
1237792 36 62 0
1238074 36 62 2
1238650 36 63 0
1238963 36 63 2
1239539 36 0 0
1239539 36 0 0
1239621 36 0 2
1239795 36 0 2
1240063 36 2 0
1240249 36 2 2
1240305 36 3 0
1240423 36 3 2
1240427 36 7 0
1240427 36 7 0
1240501 36 7 2
1240743 36 7 2
1240831 36 4 0
1240981 36 4 2
1241369 36 1 0
1241675 36 1 2
1242251 36 2 0
1242580 36 2 2
1243156 36 3 0
1243484 36 3 2
1244060 36 4 0
1244346 36 4 2
1244922 36 5 0
1245211 36 5 2
1245787 36 6 0
1246176 36 6 2
1246752 36 7 0
1247108 36 7 2
1247684 36 8 0
1247956 36 8 2
1248532 36 9 0
1248835 36 9 2
1249411 36 10 0
1249744 36 10 2
1250320 36 11 0
1250320 36 11 0
1250370 36 11 2
1250646 36 11 2
1251222 36 12 0
1251516 36 12 2
1252092 36 13 0
1252391 36 13 2
1252967 36 14 0
1253358 36 14 2
1253934 36 15 0
1254278 36 15 2
1254854 36 16 0
1255135 36 16 2
1255711 36 17 0
1256005 36 17 2
1256581 36 18 0
1256874 36 18 2
1257450 36 19 0
1257748 36 19 2
1258324 36 20 0
1258626 36 20 2
1259202 36 21 0
1259491 36 21 2
1260067 36 22 0
1260420 36 22 2
1260996 36 23 0
1261101 36 0 1
1261311 36 23 2
1261339 36 46 2
1261389 36 0 2
1261729 36 0 1
1261887 36 24 0
1261949 36 17 2
1262015 36 0 2
1262156 36 24 2
1262707 36 0 1
1262732 36 25 0
1262959 36 55 2
1263025 36 0 2
1263044 36 25 2
1263226 36 0 1
1263327 36 0 1
1263450 36 0 1
1263499 36 63 2
1263573 36 0 2
1263575 36 0 1
1263619 36 14 2
1263620 36 26 0
1263686 36 0 2
1263750 36 13 2
1263808 36 0 2
1263869 36 15 2
1263896 36 26 2
1263943 36 0 2
1264171 36 0 1
1264285 36 0 1
1264399 36 50 2
1264457 36 0 2
1264461 36 0 1
1264472 36 27 0
1264519 36 28 2
1264552 36 0 2
1264689 36 30 2
1264739 36 0 2
1264760 36 27 2
1265336 36 28 0
1265435 36 0 1
1265513 36 0 1
1265606 36 28 2
1265659 36 56 2
1265667 36 0 1
1265741 36 0 2
1265769 36 51 2
1265819 36 0 2
1265837 36 0 1
1265889 36 23 2
1265939 36 0 1
1265955 36 0 2
1266033 36 0 1
1266059 36 62 2
1266125 36 0 2
1266144 36 0 1
1266169 36 54 2
1266182 36 29 0
1266227 36 0 2
1266261 36 0 1
1266281 36 42 2
1266331 36 0 2
1266371 36 0 1
1266429 36 38 2
1266471 36 0 2
1266471 36 29 2
1266516 36 0 1
1266539 36 18 2
1266597 36 0 2
1266610 36 0 1
1266649 36 25 2
1266707 36 0 2
1266711 36 0 1
1266759 36 6 2
1266833 36 0 2
1266837 36 0 1
1266899 36 40 2
1266915 36 0 1
1266967 36 0 2
1267009 36 12 2
1267047 36 30 0
1267059 36 0 2
1267089 36 0 1
1267119 36 16 2
1267192 36 0 2
1267229 36 44 2
1267263 36 0 2
1267373 36 0 1
1267389 36 47 2
1267447 36 0 2
1267475 36 0 1
1267492 36 30 2
1267609 36 7 2
1267691 36 0 2
1267709 36 0 1
1267739 36 8 2
1267821 36 0 2
1267929 36 49 2
1267995 36 0 2
1268068 36 31 0
1268216 36 0 1
1268322 36 31 2
1268331 36 0 1
1268435 36 0 1
1268439 36 48 2
1268513 36 0 2
1268534 36 0 1
1268559 36 21 2
1268609 36 0 2
1268669 36 26 2
1268719 36 0 2
1268754 36 0 1
1268779 36 34 2
1268820 36 0 2
1268860 36 0 1
1268898 36 32 0
1268964 36 0 1
1268999 36 1 2
1269081 36 0 2
1269109 36 24 2
1269155 36 32 2
1269174 36 0 2
1269219 36 27 2
1269227 36 0 1
1269261 36 0 2
1269329 36 0 1
1269415 36 0 1
1269459 36 5 2
1269525 36 0 2
1269549 36 0 1
1269569 36 58 2
1269635 36 0 2
1269660 36 0 1
1269689 36 43 2
1269731 36 33 0
1269731 36 0 2
1269752 36 0 1
1269799 36 10 2
1269855 36 0 1
1269865 36 0 2
1269909 36 61 2
1269966 36 0 2
1269991 36 0 1
1270019 36 33 2
1270045 36 33 2
1270069 36 0 2
1270109 36 0 1
1270129 36 37 2
1270163 36 0 2
1270203 36 0 1
1270249 36 11 2
1270307 36 0 2
1270340 36 0 1
1270359 36 3 2
1270425 36 0 2
1270459 36 0 1
1270469 36 19 2
1270519 36 0 2
1270577 36 0 1
1270579 36 22 2
1270621 36 34 0
1270637 36 0 2
1270663 36 0 1
1270689 36 4 2
1270747 36 0 2
1270799 36 9 2
1270801 36 0 1
1270873 36 0 2
1270878 36 34 2
1270909 36 20 2
1270950 36 0 2
1270959 36 0 1
1271029 36 53 2
1271053 36 0 1
1271079 36 0 2
1271179 36 31 2
1271181 36 0 1
1271237 36 0 2
1271283 36 0 1
1271289 36 29 2
1271331 36 0 2
1271400 36 0 1
1271409 36 60 2
1271454 36 35 0
1271459 36 0 2
1271486 36 0 1
1271519 36 52 2
1271561 36 0 2
1271623 36 0 1
1271629 36 39 2
1271679 36 0 2
1271732 36 35 2
1271739 36 35 2
1271773 36 0 2
1271801 36 0 1
1271849 36 32 2
1271907 36 0 2
1272029 36 59 2
1272077 36 0 1
1272087 36 0 2
1272212 36 0 1
1272299 36 57 2
1272308 36 36 0
1272317 36 0 1
1272373 36 0 2
1272439 36 45 2
1272451 36 0 1
1272481 36 0 2
1272549 36 36 2
1272565 36 36 2
1272574 36 0 2
1272679 36 41 2
1272737 36 0 2
1273141 36 37 0
1273401 36 37 2
1273977 36 38 0
1274294 36 38 2
1274870 36 39 0
1274930 36 2 0
1274931 36 0 1
1275154 36 39 2
1275158 36 2 2
1275231 36 0 2
1275730 36 40 0
1276014 36 40 2
1285451 36 2 0
1285452 36 0 1
1285678 36 2 2
1285751 36 0 2
1290174 36 8 0
1290436 36 8 2
1294105 36 2 0
1294106 36 0 1
1294328 36 2 2
1294401 36 0 2
1303210 36 2 2
1303211 36 2 0
1315571 36 2 0
1315572 36 0 0
1316210 36 46 0
1316211 36 0 1
1316338 36 17 0
1316438 36 46 2
1316487 36 0 2
1316489 36 46 0
1316492 36 2 0
1316493 36 0 0
1316505 36 55 0
1316606 36 46 0
1317240 36 63 0
1317241 36 46 0
1317381 36 14 0
1317382 36 46 0
1317509 36 13 0
1317510 36 46 0
1317661 36 15 0
1317662 36 46 0
1317845 36 50 0
1317846 36 46 0
1317977 36 28 0
1317978 36 46 0
1318139 36 30 0
1318140 36 46 0
1319306 36 0 0
1319307 36 46 0
1319422 36 56 0
1319443 36 46 0
1319610 36 51 0
1319611 36 46 0
1319990 36 46 0
1319991 36 23 0
1320106 36 46 0
1320107 36 62 0
1320199 36 54 0
1320200 36 46 0
1320309 36 42 0
1320310 36 46 0
1320466 36 18 0
1320467 36 46 0
1320579 36 25 0
1320580 36 46 0
1320708 36 38 0
1320709 36 46 0
1320891 36 6 0
1320892 36 46 0
1321029 36 40 0
1321030 36 46 0
1321119 36 12 0
1321121 36 46 0
1321272 36 16 0
1321273 36 46 0
1321344 36 44 0
1321385 36 46 0
1321506 36 47 0
1321507 36 46 0
1321713 36 7 0
1321714 36 46 0
1321860 36 8 0
1321861 36 46 0
1321963 36 49 0
1321984 36 46 0
1322058 36 48 0
1322079 36 46 0
1322188 36 2 0
1322189 36 2 2
1322197 36 21 0
1322198 36 46 0
1322330 36 26 0
1322332 36 46 0
1322433 36 34 0
1322434 36 46 0
1322686 36 1 0
1322687 36 46 0
1322801 36 24 0
1322803 36 46 0
1322890 36 27 0
1322911 36 46 0
1323129 36 5 0
1323132 36 46 0
1323261 36 58 0
1323262 36 46 0
1323336 36 43 0
1323357 36 46 0
1323464 36 10 0
1323465 36 46 0
1323580 36 61 0
1323581 36 46 0
1323702 36 33 0
1323703 36 46 0
1323833 36 37 0
1323834 36 46 0
1324019 36 11 0
1324020 36 46 0
1324128 36 31 0
1324164 36 3 0
1324165 36 46 0
1324202 36 31 2
1324246 36 35 0
1324276 36 19 0
1324277 36 46 0
1324390 36 22 0
1324391 36 46 0
1324533 36 35 2
1324539 36 4 0
1324540 36 46 0
1324593 36 32 0
1324681 36 9 0
1324683 36 46 0
1324710 36 32 2
1324787 36 20 0
1324808 36 46 0
1324810 36 33 0
1324890 36 53 0
1324891 36 46 0
1324899 36 33 2
1324991 36 34 0
1325055 36 31 0
1325056 36 46 0
1325068 36 34 2
1325100 36 1 0
1325100 36 1 0
1325163 36 29 0
1325164 36 46 0
1325174 36 1 2
1325183 36 1 2
1325227 36 32 0
1325286 36 60 0
1325287 36 46 0
1325335 36 32 2
1325343 36 35 0
1325414 36 39 0
1325415 36 46 0
1325430 36 35 2
1325434 36 60 0
1325516 36 35 0
1325517 36 46 0
1325612 36 60 2
1325628 36 61 0
1325652 36 32 0
1325656 36 46 0
1325772 36 52 0
1325773 36 46 0
1325801 36 61 2
1325861 36 48 0
1325918 36 59 0
1325919 36 46 0
1325959 36 48 2
1325999 36 49 0
1326048 36 57 0
1326049 36 46 0
1326092 36 49 2
1326128 36 36 0
1326128 36 36 0
1326137 36 36 0
1326146 36 36 2
1326158 36 46 0
1326209 36 36 2
1326264 36 45 0
1326265 36 46 0
1326273 36 37 0
1326273 36 37 0
1326309 36 37 2
1326381 36 37 2
1326395 36 41 0
1326396 36 46 0
1326429 36 58 0
1326429 36 58 0
1326487 36 58 2
1326524 36 58 2
1326536 36 31 0
1326832 36 31 2
1326844 36 30 0
1327193 36 30 2
1327201 36 59 0
1327201 36 59 0
1327251 36 59 2
1327285 36 59 2
1327337 36 34 0
1327608 36 34 2
1327648 36 0 0
1327907 36 0 2
1327915 36 33 0
1328225 36 33 2
1328241 36 60 0
1328315 36 60 2
1328335 36 32 0
1328616 36 32 2
1328692 36 61 0
1328766 36 61 2
1328890 36 62 0
1329065 36 62 2
1329153 36 12 0
1329235 36 12 2
1329247 36 39 0
1329375 36 39 2
1329387 36 13 0
1329469 36 13 2
1329473 36 48 0
1329663 36 48 2
1329675 36 59 0
1329781 36 59 2
1329809 36 54 0
1329809 36 54 0
1329859 36 54 2
1330006 36 54 2
1330046 36 55 0
1330220 36 55 2
1330244 36 56 0
1330377 36 56 2
1330405 36 57 0
1330544 36 57 2
1330608 36 58 0
1330706 36 58 2
1330742 36 49 0
1330847 36 49 2
1330887 36 63 0
1331241 36 63 2
1331289 36 15 0
1331407 36 15 2
1331423 36 44 0
1331513 36 44 2
1331533 36 45 0
1331643 36 45 2
1331891 36 0 0
1332059 36 0 2
1332083 36 34 2
1332151 36 1 0
1332241 36 1 2
1332269 36 11 0
1332269 36 11 0
1332319 36 11 2
1332327 36 11 2
1332399 36 2 0
1332604 36 2 2
1332605 36 34 2
1332624 36 41 0
1332721 36 34 2
1332802 36 41 2
1332834 36 46 0
1332912 36 46 2
1332940 36 34 2
1332948 36 47 0
1333030 36 47 2
1333034 36 3 0
1333222 36 3 2
1333230 36 12 0
1333268 36 30 2
1333303 36 12 2
1333555 36 5 0
1333695 36 5 2
1333705 36 35 2
1333743 36 6 0
1333853 36 6 2
1333941 36 7 0
1334077 36 7 2
1334185 36 8 0
1334266 36 8 2
1334322 36 1 0
1334420 36 1 2
1334833 36 33 2
1334868 36 46 0
1334943 36 46 2
1334951 36 4 0
1335041 36 4 2
1335065 36 47 0
1335147 36 47 2
1335291 36 12 0
1335366 36 12 2
1335616 36 28 2
1335730 36 10 0
1335811 36 10 2
1335931 36 1 0
1335931 36 1 0
1336005 36 1 2
1336014 36 1 2
1336462 36 46 0
1336521 36 46 2
1336553 36 47 0
1336553 36 47 0
1336622 36 47 2
1336633 36 47 2
1336766 36 12 0
1336766 36 12 0
1336808 36 12 2
1336841 36 12 2
1337325 36 1 0
1337440 36 1 2
1337618 36 2 0
1337619 36 2 2
1337888 36 46 0
1337888 36 46 0
1337934 36 46 2
1337947 36 46 2
1337979 36 47 0
1338037 36 47 2
1338181 36 12 0
1338229 36 12 2
1338571 36 32 2
1338713 36 1 0
1338713 36 1 0
1338787 36 1 2
1338795 36 1 2
1339227 36 12 0
1339227 36 12 0
1339269 36 12 2
1339302 36 12 2
1339318 36 46 0
1339318 36 46 0
1339360 36 46 2
1339368 36 46 2
1339400 36 47 0
1339400 36 47 0
1339450 36 47 2
1339457 36 47 2
1339601 36 12 0
1339601 36 12 0
1339643 36 12 2
1339676 36 12 2
1340160 36 1 0
1340160 36 1 0
1340234 36 1 2
1340247 36 1 2
1340695 36 46 0
1340695 36 46 0
1340746 36 46 2
1340764 36 46 2
1340796 36 47 0
1340796 36 47 0
1340849 36 47 2
1340861 36 47 2
1341005 36 12 0
1341005 36 12 0
1341047 36 12 2
1341056 36 12 2
1341540 36 1 0
1341540 36 1 0
1341623 36 1 2
1341626 36 1 2
1342074 36 46 0
1342074 36 46 0
1342116 36 46 2
1342142 36 46 2
1342174 36 47 0
1342174 36 47 0
1342224 36 47 2
1342233 36 47 2
1342377 36 12 0
1342377 36 12 0
1342419 36 12 2
1342452 36 12 2
1342936 36 1 0
1342936 36 1 0
1343010 36 1 2
1343022 36 1 2
1343470 36 46 0
1343470 36 46 0
1343517 36 46 2
1343531 36 46 2
1343563 36 47 0
1343563 36 47 0
1343623 36 47 2
1343626 36 47 2
1343770 36 12 0
1343770 36 12 0
1343824 36 12 2
1343842 36 12 2
1344308 36 1 0
1344308 36 1 0
1344392 36 1 2
1344400 36 1 2
1344848 36 46 0
1344848 36 46 0
1344892 36 46 2
1344912 36 46 2
1344944 36 47 0
1344944 36 47 0
1344994 36 47 2
1345002 36 47 2
1345146 36 12 0
1345146 36 12 0
1345188 36 12 2
1345221 36 12 2
1345705 36 1 0
1345705 36 1 0
1345779 36 1 2
1345786 36 1 2
1346234 36 46 0
1346234 36 46 0
1346277 36 46 2
1346289 36 46 2
1346321 36 47 0
1346321 36 47 0
1346371 36 47 2
1346389 36 47 2
1346533 36 12 0
1346533 36 12 0
1346575 36 12 2
1346588 36 12 2
1347072 36 1 0
1347072 36 1 0
1347153 36 1 2
1347158 36 1 2
1347601 36 46 0
1347601 36 46 0
1347643 36 46 2
1347652 36 46 2
1347684 36 47 0
1347684 36 47 0
1347736 36 47 2
1347751 36 47 2
1347895 36 12 0
1347895 36 12 0
1347937 36 12 2
1347970 36 12 2
1348454 36 1 0
1348454 36 1 0
1348528 36 1 2
1348536 36 1 2
1348984 36 46 0
1348984 36 46 0
1349029 36 46 2
1349041 36 46 2
1349073 36 47 0
1349073 36 47 0
1349124 36 47 2
1349129 36 47 2
1349273 36 12 0
1349273 36 12 0
1349316 36 12 2
1349324 36 12 2
1349808 36 1 0
1349808 36 1 0
1349887 36 1 2
1349891 36 1 2
1350323 36 13 0
1350421 36 13 2
1350437 36 46 0
1350437 36 46 0
1350479 36 46 2
1350492 36 46 2
1350524 36 47 0
1350524 36 47 0
1350574 36 47 2
1350581 36 47 2
1350725 36 12 0
1350725 36 12 0
1350767 36 12 2
1350779 36 12 2
1351263 36 1 0
1351263 36 1 0
1351337 36 1 2
1351345 36 1 2
1351465 36 2 2
1351466 36 2 0
1351793 36 46 0
1351793 36 46 0
1351836 36 46 2
1351844 36 46 2
1351876 36 47 0
1351876 36 47 0
1351926 36 47 2
1351936 36 47 2
1352080 36 12 0
1352080 36 12 0
1352122 36 12 2
1352132 36 12 2
1352616 36 1 0
1352616 36 1 0
1352690 36 1 2
1352699 36 1 2
1353147 36 46 0
1353147 36 46 0
1353196 36 46 2
1353198 36 46 2
1353230 36 47 0
1353230 36 47 0
1353282 36 47 2
1353296 36 47 2
1353440 36 12 0
1353440 36 12 0
1353482 36 12 2
1353489 36 12 2
1353973 36 1 0
1353973 36 1 0
1354047 36 1 2
1354056 36 1 2
1354504 36 46 0
1354504 36 46 0
1354546 36 46 2
1354553 36 46 2
1354585 36 47 0
1354585 36 47 0
1354635 36 47 2
1354643 36 47 2
1354787 36 12 0
1354787 36 12 0
1354829 36 12 2
1354837 36 12 2
1355321 36 1 0
1355321 36 1 0
1355395 36 1 2
1355403 36 1 2
1355851 36 46 0
1355851 36 46 0
1355893 36 46 2
1355903 36 46 2
1355935 36 47 0
1355935 36 47 0
1355985 36 47 2
1355993 36 47 2
1356137 36 12 0
1356137 36 12 0
1356179 36 12 2
1356187 36 12 2
1356671 36 1 0
1356671 36 1 0
1356745 36 1 2
1356753 36 1 2
1357112 36 2 2
1357113 36 2 0
1357201 36 46 0
1357201 36 46 0
1357243 36 46 2
1357251 36 46 2
1357283 36 47 0
1357283 36 47 0
1357333 36 47 2
1357342 36 47 2
1357486 36 12 0
1357486 36 12 0
1357528 36 12 2
1357536 36 12 2
1358020 36 1 0
1358020 36 1 0
1358094 36 1 2
1358102 36 1 2
1358550 36 46 0
1358550 36 46 0
1358592 36 46 2
1358600 36 46 2
1358632 36 47 0
1358632 36 47 0
1358682 36 47 2
1358690 36 47 2
1358834 36 12 0
1358834 36 12 0
1358876 36 12 2
1358884 36 12 2
1359368 36 1 0
1359368 36 1 0
1359442 36 1 2
1359449 36 1 2
1359897 36 46 0
1359897 36 46 0
1359939 36 46 2
1359947 36 46 2
1359979 36 47 0
1359979 36 47 0
1360038 36 47 2
1360039 36 47 2
1360183 36 12 0
1360183 36 12 0
1360225 36 12 2
1360233 36 12 2
1360717 36 1 0
1360717 36 1 0
1360791 36 1 2
1360799 36 1 2
1361231 36 14 0
1361339 36 14 2
1361355 36 46 0
1361355 36 46 0
1361397 36 46 2
1361405 36 46 2
1361437 36 47 0
1361437 36 47 0
1361487 36 47 2
1361494 36 47 2
1361638 36 12 0
1361638 36 12 0
1361680 36 12 2
1361688 36 12 2
1362172 36 1 0
1362172 36 1 0
1362250 36 1 2
1362253 36 1 2
1362701 36 46 0
1362701 36 46 0
1362745 36 46 2
1362755 36 46 2
1362787 36 47 0
1362787 36 47 0
1362838 36 47 2
1362850 36 47 2
1362994 36 12 0
1362994 36 12 0
1363037 36 12 2
1363044 36 12 2
1363528 36 1 0
1363528 36 1 0
1363606 36 1 2
1363614 36 1 2
1364062 36 46 0
1364062 36 46 0
1364104 36 46 2
1364111 36 46 2
1364143 36 47 0
1364143 36 47 0
1364193 36 47 2
1364200 36 47 2
1364344 36 12 0
1364344 36 12 0
1364386 36 12 2
1364395 36 12 2
1364879 36 1 0
1364879 36 1 0
1364954 36 1 2
1364959 36 1 2
1365407 36 46 0
1365407 36 46 0
1365449 36 46 2
1365458 36 46 2
1365490 36 47 0
1365490 36 47 0
1365545 36 47 2
1365550 36 47 2
1365694 36 12 0
1365694 36 12 0
1365736 36 12 2
1365744 36 12 2
1366228 36 1 0
1366228 36 1 0
1366302 36 1 2
1366315 36 1 2
1366763 36 46 0
1366763 36 46 0
1366805 36 46 2
1366820 36 46 2
1366852 36 47 0
1366852 36 47 0
1366902 36 47 2
1366911 36 47 2
1367055 36 12 0
1367055 36 12 0
1367097 36 12 2
1367111 36 12 2
1367595 36 1 0
1367595 36 1 0
1367671 36 1 2
1367676 36 1 2
1368124 36 46 0
1368124 36 46 0
1368166 36 46 2
1368183 36 46 2
1368215 36 47 0
1368215 36 47 0
1368265 36 47 2
1368273 36 47 2
1368417 36 12 0
1368417 36 12 0
1368459 36 12 2
1368468 36 12 2
1368952 36 1 0
1368952 36 1 0
1369026 36 1 2
1369034 36 1 2
1369482 36 46 0
1369482 36 46 0
1369535 36 46 2
1369544 36 46 2
1369567 36 47 0
1369567 36 47 0
1369618 36 47 2
1369626 36 47 2
1369770 36 12 0
1369770 36 12 0
1369812 36 12 2
1369820 36 12 2
1370304 36 1 0
1370304 36 1 0
1370378 36 1 2
1370386 36 1 2
1370834 36 46 0
1370834 36 46 0
1370884 36 46 2
1370887 36 46 2
1370919 36 47 0
1370919 36 47 0
1370969 36 47 2
1370977 36 47 2
1371121 36 12 0
1371121 36 12 0
1371172 36 12 2
1371175 36 12 2
1371563 36 1 0
1371563 36 1 0
1371637 36 1 2
1371645 36 1 2
1372077 36 7 0
1372199 36 7 2
1372215 36 46 0
1372215 36 46 0
1372259 36 46 2
1372268 36 46 2
1372300 36 47 0
1372300 36 47 0
1372351 36 47 2
1372375 36 47 2
1372519 36 12 0
1372519 36 12 0
1372561 36 12 2
1372569 36 12 2
1373053 36 1 0
1373053 36 1 0
1373127 36 1 2
1373135 36 1 2
1373583 36 46 0
1373583 36 46 0
1373625 36 46 2
1373632 36 46 2
1373664 36 47 0
1373664 36 47 0
1373723 36 47 2
1373725 36 47 2
1373867 36 12 0
1373867 36 12 0
1373909 36 12 2
1373919 36 12 2
1374403 36 1 0
1374403 36 1 0
1374478 36 1 2
1374485 36 1 2
1374933 36 46 0
1374933 36 46 0
1374975 36 46 2
1375005 36 46 2
1375037 36 47 0
1375037 36 47 0
1375087 36 47 2
1375113 36 47 2
1375257 36 5 0
1375347 36 5 2
1375355 36 61 0
1375355 36 61 0
1375406 36 61 2
1375495 36 61 2
1375503 36 29 0
1375741 36 29 2
1375757 36 62 0
1375757 36 62 0
1375815 36 62 2
1375927 36 62 2
1376203 36 63 0
1376203 36 63 0
1376269 36 63 2
1376360 36 63 2
1376784 36 12 0
1376784 36 12 0
1376826 36 12 2
1376860 36 12 2
1377019 36 30 2
1377300 36 11 0
1377398 36 11 2
1377610 36 1 0
1377610 36 1 0
1377684 36 1 2
1377694 36 1 2
1378142 36 46 0
1378142 36 46 0
1378184 36 46 2
1378192 36 46 2
1378224 36 47 0
1378224 36 47 0
1378275 36 47 2
1378280 36 47 2
1378424 36 12 0
1378424 36 12 0
1378467 36 12 2
1378474 36 12 2
1378958 36 1 0
1378958 36 1 0
1379032 36 1 2
1379040 36 1 2
1379488 36 46 0
1379488 36 46 0
1379531 36 46 2
1379598 36 46 2
1379630 36 47 0
1379630 36 47 0
1379684 36 47 2
1379720 36 47 2
1379864 36 12 0
1379864 36 12 0
1379907 36 12 2
1379934 36 12 2
1380418 36 1 0
1380418 36 1 0
1380492 36 1 2
1380499 36 1 2
1380947 36 46 0
1380947 36 46 0
1380989 36 46 2
1380998 36 46 2
1381030 36 47 0
1381030 36 47 0
1381080 36 47 2
1381119 36 47 2
1381263 36 12 0
1381263 36 12 0
1381306 36 12 2
1381321 36 12 2
1381805 36 1 0
1381805 36 1 0
1381879 36 1 2
1381887 36 1 2
1382335 36 46 0
1382335 36 46 0
1382377 36 46 2
1382386 36 46 2
1382418 36 47 0
1382418 36 47 0
1382468 36 47 2
1382506 36 47 2
1382650 36 12 0
1382719 36 12 2
1383203 36 1 0
1383203 36 1 0
1383277 36 1 2
1383285 36 1 2
1383733 36 46 0
1383733 36 46 0
1383775 36 46 2
1383789 36 46 2
1383821 36 47 0
1383821 36 47 0
1383871 36 47 2
1383889 36 47 2
1384033 36 12 0
1384033 36 12 0
1384075 36 12 2
1384113 36 12 2
1384597 36 1 0
1384597 36 1 0
1384671 36 1 2
1384679 36 1 2
1385111 36 8 0
1385111 36 8 0
1385185 36 8 2
1385210 36 8 2
1385226 36 46 0
1385226 36 46 0
1385268 36 46 2
1385275 36 46 2
1385307 36 47 0
1385307 36 47 0
1385358 36 47 2
1385376 36 47 2
1385520 36 12 0
1385520 36 12 0
1385562 36 12 2
1385600 36 12 2
1385602 36 2 2
1385603 36 2 0
1386084 36 1 0
1386084 36 1 0
1386160 36 1 2
1386216 36 1 2
1386664 36 46 0
1386664 36 46 0
1386706 36 46 2
1386775 36 46 2
1386807 36 47 0
1386807 36 47 0
1386870 36 47 2
1386895 36 47 2
1387039 36 12 0
1387039 36 12 0
1387081 36 12 2
1387121 36 12 2
1387605 36 1 0
1387605 36 1 0
1387679 36 1 2
1387686 36 1 2
1388134 36 46 0
1388134 36 46 0
1388176 36 46 2
1388185 36 46 2
1388217 36 47 0
1388217 36 47 0
1388288 36 47 2
1388295 36 47 2
1388439 36 12 0
1388439 36 12 0
1388482 36 12 2
1388510 36 12 2
1388994 36 1 0
1388994 36 1 0
1389068 36 1 2
1389086 36 1 2
1389534 36 46 0
1389534 36 46 0
1389577 36 46 2
1389645 36 46 2
1389677 36 47 0
1389677 36 47 0
1389727 36 47 2
1389787 36 47 2
1389931 36 12 0
1389931 36 12 0
1389973 36 12 2
1389990 36 12 2
1390432 36 2 0
1390433 36 46 0
1390474 36 1 0
1390474 36 1 0
1390549 36 1 2
1390554 36 1 2
1391002 36 46 0
1391002 36 46 0
1391047 36 46 2
1391055 36 46 2
1391087 36 47 0
1391087 36 47 0
1391137 36 47 2
1391145 36 47 2
1391289 36 12 0
1391289 36 12 0
1391331 36 12 2
1391343 36 12 2
1391827 36 1 0
1391827 36 1 0
1391911 36 1 2
1391913 36 1 2
1392361 36 46 0
1392361 36 46 0
1392403 36 46 2
1392421 36 46 2
1392453 36 47 0
1392453 36 47 0
1392503 36 47 2
1392511 36 47 2
1392655 36 12 0
1392655 36 12 0
1392697 36 12 2
1392705 36 12 2
1393189 36 1 0
1393189 36 1 0
1393263 36 1 2
1393271 36 1 2
1393719 36 46 0
1393719 36 46 0
1393762 36 46 2
1393773 36 46 2
1393805 36 47 0
1393805 36 47 0
1393855 36 47 2
1393866 36 47 2
1394010 36 12 0
1394010 36 12 0
1394053 36 12 2
1394070 36 12 2
1394554 36 1 0
1394554 36 1 0
1394628 36 1 2
1394637 36 1 2
1395085 36 46 0
1395085 36 46 0
1395128 36 46 2
1395136 36 46 2
1395168 36 47 0
1395168 36 47 0
1395228 36 47 2
1395246 36 47 2
1395390 36 12 0
1395390 36 12 0
1395432 36 12 2
1395450 36 12 2
1395934 36 1 0
1395934 36 1 0
1396008 36 1 2
1396021 36 1 2
1396453 36 9 0
1396535 36 9 2
1396551 36 46 0
1396551 36 46 0
1396594 36 46 2
1396602 36 46 2
1396634 36 47 0
1396634 36 47 0
1396684 36 47 2
1396701 36 47 2
1396845 36 12 0
1396845 36 12 0
1396897 36 12 2
1396915 36 12 2
1397399 36 1 0
1397399 36 1 0
1397473 36 1 2
1397481 36 1 2
1397929 36 46 0
1397929 36 46 0
1397971 36 46 2
1397979 36 46 2
1398011 36 47 0
1398011 36 47 0
1398082 36 47 2
1398098 36 47 2
1398242 36 12 0
1398242 36 12 0
1398284 36 12 2
1398293 36 12 2
1398777 36 1 0
1398777 36 1 0
1398851 36 1 2
1398859 36 1 2
1399307 36 46 0
1399307 36 46 0
1399349 36 46 2
1399356 36 46 2
1399388 36 47 0
1399388 36 47 0
1399458 36 47 2
1399476 36 47 2
1399620 36 12 0
1399620 36 12 0
1399664 36 12 2
1399682 36 12 2
1400166 36 1 0
1400166 36 1 0
1400240 36 1 2
1400248 36 1 2
1400696 36 46 0
1400696 36 46 0
1400738 36 46 2
1400751 36 46 2
1400783 36 47 0
1400783 36 47 0
1400851 36 47 2
1400860 36 47 2
1401004 36 12 0
1401004 36 12 0
1401046 36 12 2
1401063 36 12 2
1401547 36 1 0
1401547 36 1 0
1401621 36 1 2
1401629 36 1 2
1402077 36 46 0
1402077 36 46 0
1402129 36 46 2
1402130 36 46 2
1402161 36 47 0
1402161 36 47 0
1402231 36 47 2
1402248 36 47 2
1402392 36 12 0
1402392 36 12 0
1402435 36 12 2
1402453 36 12 2
1402937 36 1 0
1402937 36 1 0
1403011 36 1 2
1403019 36 1 2
1403467 36 46 0
1403467 36 46 0
1403510 36 46 2
1403518 36 46 2
1403550 36 47 0
1403550 36 47 0
1403611 36 47 2
1403627 36 47 2
1403771 36 12 0
1403771 36 12 0
1403813 36 12 2
1403831 36 12 2
1404315 36 1 0
1404315 36 1 0
1404389 36 1 2
1404399 36 1 2
1404847 36 46 0
1404847 36 46 0
1404889 36 46 2
1404897 36 46 2
1404929 36 47 0
1404929 36 47 0
1404999 36 47 2
1405016 36 47 2
1405160 36 12 0
1405160 36 12 0
1405212 36 12 2
1405222 36 12 2
1405706 36 1 0
1405706 36 1 0
1405780 36 1 2
1405797 36 1 2
1406245 36 46 0
1406245 36 46 0
1406295 36 46 2
1406297 36 46 2
1406327 36 47 0
1406327 36 47 0
1406388 36 47 2
1406405 36 47 2
1406549 36 12 0
1406549 36 12 0
1406591 36 12 2
1406608 36 12 2
1407092 36 1 0
1407092 36 1 0
1407166 36 1 2
1407175 36 1 2
1407607 36 10 0
1407707 36 10 2
1407723 36 46 0
1407723 36 46 0
1407795 36 46 2
1407813 36 46 2
1407845 36 47 0
1407845 36 47 0
1407915 36 47 2
1407933 36 47 2
1408077 36 12 0
1408077 36 12 0
1408119 36 12 2
1408148 36 12 2
1408632 36 1 0
1408632 36 1 0
1408736 36 1 2
1408754 36 1 2
1409202 36 46 0
1409202 36 46 0
1409244 36 46 2
1409252 36 46 2
1409284 36 47 0
1409284 36 47 0
1409334 36 47 2
1409347 36 47 2
1409491 36 12 0
1409491 36 12 0
1409534 36 12 2
1409541 36 12 2
1410025 36 1 0
1410025 36 1 0
1410119 36 1 2
1410137 36 1 2
1410585 36 46 0
1410585 36 46 0
1410629 36 46 2
1410642 36 46 2
1410674 36 47 0
1410674 36 47 0
1410724 36 47 2
1410733 36 47 2
1410877 36 12 0
1410877 36 12 0
1410920 36 12 2
1410932 36 12 2
1411416 36 1 0
1411416 36 1 0
1411501 36 1 2
1411521 36 1 2
1411969 36 46 0
1411969 36 46 0
1412011 36 46 2
1412025 36 46 2
1412057 36 47 0
1412057 36 47 0
1412107 36 47 2
1412114 36 47 2
1412258 36 12 0
1412258 36 12 0
1412301 36 12 2
1412310 36 12 2
1412794 36 1 0
1412794 36 1 0
1412888 36 1 2
1412907 36 1 2
1413355 36 46 0
1413355 36 46 0
1413399 36 46 2
1413412 36 46 2
1413444 36 47 0
1413444 36 47 0
1413495 36 47 2
1413502 36 47 2
1413646 36 12 0
1413646 36 12 0
1413688 36 12 2
1413696 36 12 2
1414180 36 1 0
1414180 36 1 0
1414264 36 1 2
1414281 36 1 2
1414729 36 46 0
1414729 36 46 0
1414771 36 46 2
1414781 36 46 2
1414813 36 47 0
1414813 36 47 0
1414866 36 47 2
1414871 36 47 2
1415015 36 12 0
1415015 36 12 0
1415062 36 12 2
1415067 36 12 2
1415551 36 1 0
1415551 36 1 0
1415625 36 1 2
1415636 36 1 2
1415883 36 30 2
1416084 36 46 0
1416084 36 46 0
1416126 36 46 2
1416141 36 46 2
1416173 36 47 0
1416173 36 47 0
1416223 36 47 2
1416231 36 47 2
1416232 36 28 2
1416375 36 12 0
1416375 36 12 0
1416422 36 12 2
1416425 36 12 2
1416557 36 1 0
1416647 36 1 2
1416999 36 1 0
1416999 36 1 0
1417073 36 1 2
1417084 36 1 2
1417532 36 46 0
1417532 36 46 0
1417579 36 46 2
1417582 36 46 2
1417614 36 47 0
1417614 36 47 0
1417664 36 47 2
1417682 36 47 2
1417826 36 12 0
1417826 36 12 0
1417868 36 12 2
1417885 36 12 2
1418369 36 1 0
1418450 36 1 2
1418898 36 46 0
1418898 36 46 0
1418940 36 46 2
1418949 36 46 2
1418981 36 47 0
1418981 36 47 0
1419044 36 47 2
1419058 36 47 2
1419202 36 12 0
1419202 36 12 0
1419244 36 12 2
1419270 36 12 2
1419754 36 1 0
1419754 36 1 0
1419828 36 1 2
1419837 36 1 2
1420285 36 46 0
1420285 36 46 0
1420328 36 46 2
1420339 36 46 2
1420371 36 47 0
1420371 36 47 0
1420422 36 47 2
1420446 36 47 2
1420590 36 12 0
1420590 36 12 0
1420632 36 12 2
1420643 36 12 2
1421127 36 1 0
1421127 36 1 0
1421203 36 1 2
1421224 36 1 2
1421589 36 34 2
1421672 36 46 0
1421672 36 46 0
1421714 36 46 2
1421724 36 46 2
1421756 36 47 0
1421756 36 47 0
1421806 36 47 2
1421813 36 47 2
1421957 36 12 0
1421957 36 12 0
1421999 36 12 2
1422007 36 12 2
1422139 36 1 0
1422230 36 1 2
1422379 36 34 2
1422582 36 1 0
1422582 36 1 0
1422583 36 35 2
1422656 36 1 2
1422665 36 1 2
1423113 36 46 0
1423113 36 46 0
1423156 36 46 2
1423168 36 46 2
1423200 36 47 0
1423200 36 47 0
1423252 36 47 2
1423257 36 47 2
1423401 36 12 0
1423401 36 12 0
1423443 36 12 2
1423450 36 12 2
1423671 36 33 2
1423676 36 0 2
1423926 36 9 0
1424056 36 9 2
1424180 36 55 0
1424275 36 35 2
1424308 36 55 2
1424312 36 1 0
1424312 36 1 0
1424386 36 1 2
1424422 36 1 2
1424446 36 56 0
1424587 36 56 2
1424607 36 45 0
1424681 36 45 2
1424725 36 7 0
1424867 36 7 2
1424879 36 46 0
1424962 36 46 2
1425038 36 63 0
1425399 36 63 2
1425407 36 47 0
1425497 36 47 2
1425601 36 62 0
1425601 36 62 0
1425660 36 62 2
1425665 36 62 2
1425781 36 7 0
1425781 36 7 0
1425855 36 7 2
1425863 36 7 2
1425871 36 61 0
1425871 36 61 0
1425921 36 61 2
1425929 36 61 2
1426465 36 1 0
1426465 36 1 0
1426539 36 1 2
1426564 36 1 2
1426648 36 58 0
1426648 36 58 0
1426707 36 58 2
1426865 36 58 2
1426945 36 59 0
1426945 36 59 0
1426995 36 59 2
1427084 36 59 2
1443167 36 2 2
1482551 36 2 0
1482552 36 2 2
1493666 36 2 0
1493667 36 2 2
1500651 36 2 0
1500652 36 2 2
1564476 36 2 2
1565510 36 2 0
1565511 36 2 2
1589327 36 2 0
1589328 36 2 2
1592780 36 2 0
1592781 36 2 2
1605577 36 2 0
1605578 36 0 1
1605798 36 2 2
1605872 36 0 2
1628877 36 2 0
1628878 36 0 1
1629098 36 2 2
1629172 36 0 2
1669331 36 2 0
1669332 36 0 1
1669557 36 2 2
1669630 36 0 2
1714061 36 2 0
1714062 36 0 1
1714287 36 2 2
1714360 36 0 2
1755127 36 2 0
1755128 36 0 1
1755350 36 2 2
1755424 36 0 2
1778427 36 0 1
1778428 36 2 0
1778650 36 2 2
1778724 36 0 2
1817771 36 2 0
1817772 36 0 1
1817999 36 2 2
1818072 36 0 2
1862571 36 2 0
1862572 36 0 1
1862799 36 2 2
1862872 36 0 2
1901457 36 2 0
1901458 36 0 1
1901680 36 2 2
1901754 36 0 2
1924817 36 2 0
1924818 36 0 1
1925040 36 2 2
1925114 36 0 2
1936877 36 2 0
1936878 36 0 1
1937099 36 2 2
1937172 36 0 2
1975281 36 0 1
1975282 36 2 0
1975499 36 2 2
1975572 36 0 2
2021101 36 2 0
2021102 36 0 1
2021329 36 2 2
2021402 36 0 2
2061827 36 2 0
2061828 36 0 1
2062050 36 2 2
2062124 36 0 2
2085157 36 2 0
2085158 36 0 1
2085380 36 2 2
2085454 36 0 2
2123891 36 2 0
2123892 36 0 1
2124119 36 2 2
2124192 36 0 2
2168681 36 2 0
2168682 36 0 1
2168909 36 2 2
2168982 36 0 2
2180493 36 15 0
2180493 36 15 0
2180701 36 2 0
2180702 36 0 0
2180846 36 63 0
2180847 36 63 2
2180961 36 61 0
2180962 36 63 0
2181092 36 54 0
2181093 36 63 0
2181223 36 55 0
2181224 36 63 0
2181314 36 33 0
2181315 36 63 0
2181437 36 30 0
2181438 36 63 0
2181544 36 23 0
2181545 36 63 0
2181592 36 63 0
2181603 36 0 0
2181650 36 63 0
2181722 36 61 0
2181750 36 63 0
2181753 36 0 0
2181839 36 2 0
2181860 36 63 0
2181886 36 39 0
2181915 36 54 0
2181929 36 29 0
2181966 36 0 0
2181997 36 63 0
2182000 36 55 0
2182087 36 63 0
2182096 36 44 0
2182102 36 33 0
2182123 36 0 0
2182176 36 63 0
2182198 36 30 0
2182225 36 14 0
2182287 36 46 0
2182288 36 63 0
2182315 36 23 0
2182331 36 0 0
2182377 36 63 0
2182412 36 29 0
2182465 36 63 0
2182473 36 0 0
2182504 36 12 0
2182584 36 6 0
2182588 36 63 0
2182656 36 0 0
2182692 36 2 0
2182703 36 63 0
2182783 36 0 0
2182789 36 63 0
2182812 36 44 0
2182883 36 0 0
2182891 36 63 0
2182933 36 14 0
2182990 36 40 0
2183012 36 63 0
2183047 36 39 0
2183051 36 22 0
2183102 36 31 0
2183113 36 63 0
2183153 36 8 0
2183189 36 47 0
2183204 36 63 0
2183228 36 42 0
2183274 36 62 0
2183320 36 46 0
2183334 36 0 0
2183349 36 63 0
2183435 36 6 0
2183450 36 17 0
2183471 36 63 0
2183504 36 32 0
2183509 36 12 0
2183554 36 0 0
2183579 36 42 0
2183601 36 63 0
2183656 36 47 0
2183707 36 32 0
2183724 36 62 0
2183730 36 63 0
2183758 36 0 0
2183840 36 40 0
2183849 36 63 0
2183881 36 0 0
2183938 36 31 0
2183952 36 63 0
2184004 36 0 0
2184029 36 8 0
2184034 36 63 0
2184103 36 59 0
2184113 36 22 0
2184124 36 15 2
2184125 36 63 0
2184154 36 13 0
2184177 36 17 0
2184205 36 0 0
2184238 36 63 0
2184256 36 48 0
2184328 36 24 0
2184344 36 0 0
2184345 36 63 0
2184435 36 4 0
2184451 36 63 0
2184471 36 38 0
2184506 36 0 0
2184574 36 63 0
2184590 36 50 0
2184620 36 24 0
2184680 36 0 0
2184708 36 63 0
2184713 36 38 0
2184787 36 15 0
2184809 36 63 0
2184836 36 59 0
2184854 36 21 0
2184897 36 34 0
2184927 36 63 0
2184932 36 5 0
2184938 36 13 0
2184991 36 0 0
2185041 36 63 0
2185042 36 15 0
2185098 36 48 0
2185129 36 21 0
2185151 36 63 2
2185166 36 41 0
2185182 36 63 0
2185215 36 10 0
2185217 36 0 0
2185266 36 63 0
2185279 36 16 0
2185340 36 0 0
2185393 36 63 0
2185438 36 50 0
2185476 36 34 0
2185489 36 0 0
2185508 36 63 0
2185605 36 11 0
2185626 36 63 0
2185634 36 41 0
2185656 36 0 0
2185744 36 63 0
2185748 36 7 0
2185771 36 53 0
2185814 36 3 0
2185824 36 1 0
2185866 36 63 0
2185873 36 16 0
2185942 36 0 0
2185949 36 63 0
2185958 36 33 2
2185967 36 53 0
2186033 36 63 0
2186058 36 0 0
2186075 36 3 0
2186139 36 63 0
2186149 36 5 0
2186158 36 7 0
2186233 36 0 0
2186261 36 56 0
2186277 36 63 0
2186343 36 11 0
2186356 36 0 0
2186409 36 33 2
2186428 36 63 0
2186456 36 0 0
2186491 36 18 0
2186539 36 63 0
2186542 36 33 2
2186547 36 56 0
2186622 36 57 0
2186633 36 63 0
2186634 36 45 0
2186690 36 10 0
2186727 36 63 0
2186749 36 4 0
2186766 36 60 0
2186800 36 1 0
2186816 36 15 2
2186819 36 63 0
2186882 36 35 0
2186885 36 0 0
2186909 36 47 2
2186913 36 63 0
2186967 36 34 2
2186970 36 9 0
2187009 36 31 2
2187021 36 63 0
2187032 36 36 0
2187032 36 36 0
2187044 36 57 0
2187067 36 49 0
2187122 36 63 0
2187126 36 43 0
2187161 36 36 0
2187170 36 36 2
2187175 36 49 0
2187180 36 21 2
2187194 36 36 2
2187204 36 63 0
2187230 36 50 2
2187238 36 37 0
2187238 36 37 0
2187288 36 24 2
2187306 36 51 0
2187318 36 63 0
2187353 36 18 0
2187385 36 37 2
2187401 36 35 0
2187404 36 63 0
2187404 36 11 2
2187410 36 37 2
2187463 36 25 0
2187509 36 63 0
2187514 36 1 2
2187517 36 43 0
2187542 36 8 0
2187542 36 8 0
2187595 36 45 0
2187600 36 63 0
2187617 36 8 2
2187618 36 28 0
2187630 36 5 2
2187642 36 8 2
2187690 36 0 0
2187690 36 0 0
2187695 36 41 2
2187710 36 26 0
2187711 36 63 0
2187752 36 56 2
2187786 36 20 0
2187790 36 0 2
2187834 36 0 2
2187878 36 36 0
2187878 36 36 0
2187887 36 36 0
2187896 36 36 2
2187924 36 45 2
2187966 36 49 2
2187986 36 25 0
2187992 36 0 2
2188035 36 10 2
2188101 36 19 0
2188126 36 52 0
2188145 36 4 2
2188202 36 26 0
2188235 36 37 0
2188245 36 57 2
2188320 36 20 0
2188356 36 20 2
2188370 36 58 0
2188398 36 60 0
2188441 36 18 2
2188464 36 19 0
2188499 36 13 2
2188547 36 27 0
2188557 36 52 0
2188592 36 35 2
2188625 36 19 2
2188676 36 60 2
2188726 36 52 2
2188768 36 9 0
2188778 36 32 2
2188837 36 25 2
2188898 36 53 2
2188948 36 51 0
2188993 36 58 0
2189056 36 51 2
2189108 36 7 2
2189190 36 27 0
2189227 36 27 2
2189269 36 16 2
2189279 36 32 2
2189348 36 28 0
2189378 36 37 0
2189405 36 37 2
2189421 36 32 2
2189440 36 26 2
2189490 36 9 2
2189568 36 43 2
2189610 36 58 2
2189688 36 36 2
2189703 36 36 2
2189718 36 28 2
2189735 36 38 0
2189735 36 38 0
2189889 36 38 2
2191627 36 34 2
2191870 36 38 2
2192030 36 54 0
2192030 36 54 0
2192071 36 34 2
2192080 36 54 2
2192113 36 54 2
2192145 36 12 0
2192193 36 34 2
2192194 36 12 2
2192258 36 37 0
2192258 36 37 0
2192284 36 37 2
2192292 36 37 2
2192848 36 2 0
2192849 36 2 2
2193280 36 47 0
2193361 36 47 2
2193385 36 11 0
2193385 36 11 0
2193436 36 11 2
2193639 36 11 2
2193767 36 1 0
2193865 36 1 2
2194353 36 2 0
2194713 36 2 2
2194761 36 15 0
2194761 36 15 0
2194765 36 35 2
2194868 36 15 2
2194956 36 38 0
2194956 36 38 0
2194990 36 38 2
2195177 36 15 2
2195191 36 38 2
2195200 36 35 2
2195319 36 35 2
2195335 36 11 0
2195335 36 11 0
2195385 36 11 2
2195393 36 11 2
2195405 36 46 0
2195467 36 46 2
2195519 36 0 0
2195519 36 0 0
2195601 36 0 2
2195618 36 0 2
2195766 36 47 0
2195824 36 47 2
2195840 36 12 0
2195920 36 12 2
2195956 36 47 0
2196016 36 47 2
2196964 36 61 0
2196964 36 61 0
2197015 36 61 2
2197094 36 61 2
2197202 36 63 0
2197202 36 63 0
2197268 36 63 2
2197285 36 63 2
2197489 36 58 0
2197489 36 58 0
2197547 36 58 2
2197574 36 58 2
2197658 36 46 0
2197736 36 46 2
2198292 36 15 0
2198292 36 15 0
2198358 36 15 2
2198366 36 15 2
2216119 36 2 0
2216120 36 2 2
2218222 36 2 0
2218223 36 2 2
2288258 36 2 0
2288259 36 0 1
2288479 36 2 2
2288553 36 0 2
2309852 36 2 0
2309853 36 2 2
2315411 36 2 0
2315412 36 2 2
2315860 36 2 0
2315861 36 2 2
2323959 36 2 0
2323960 36 2 2
2331119 36 2 0
2331120 36 2 2
2399243 36 2 0
2399244 36 2 2
2440013 36 2 0
2440014 36 2 2
2453567 36 2 0
2453568 36 2 2
2474641 36 2 0
2474642 36 2 2
2485431 36 2 0
2485432 36 2 2
2488070 36 2 0
2488071 36 2 2
2493871 36 2 0
2493872 36 2 2
2505621 36 2 0
2505622 36 2 2
2518442 36 2 0
2518443 36 0 1
2518665 36 2 2
2518739 36 0 2
2542052 36 2 0
2542053 36 0 1
2542275 36 2 2
2542349 36 0 2
2583063 36 2 0
2583064 36 0 1
2583284 36 2 2
2583357 36 0 2
2628493 36 2 0
2628494 36 0 1
2628714 36 2 2
2628787 36 0 2
2657925 36 2 2
2657926 36 2 0
2673032 36 2 0
2673033 36 0 1
2673255 36 2 2
2673329 36 0 2
2676840 36 2 0
2676841 36 0 0
2698143 36 2 0
2698144 36 2 2
2710874 36 2 0
2710875 36 2 2
2719735 36 0 1
2719736 36 2 0
2719961 36 2 2
2720034 36 0 2
2730393 36 2 0
2730394 36 2 2
2737609 36 2 0
2737610 36 2 2
2740932 36 2 2
2740933 36 2 0
2746709 36 2 0
2746710 36 2 2
2792814 36 2 0
2792815 36 0 1
2793043 36 2 2
2793117 36 0 2
2834508 36 2 0
2834509 36 0 1
2834732 36 2 2
2834805 36 0 2
2835193 36 2 0
2835194 36 2 2
2879975 36 2 0
2879976 36 0 1
2880202 36 2 2
2880275 36 0 2
2880663 36 2 0
2880664 36 2 2
2907807 36 2 0
2907808 36 2 2
2909700 36 2 0
2909701 36 2 2
2923355 36 2 0
2923356 36 0 1
2923578 36 2 2
2923652 36 0 2
2946775 36 2 0
2946776 36 0 1
2946998 36 2 2
2947072 36 0 2
2985686 36 2 0
2985687 36 0 1
2985907 36 2 2
2985980 36 0 2
3031026 36 2 0
3031027 36 0 1
3031247 36 2 2
3031320 36 0 2
3059030 36 2 2
3059031 36 2 0
3074225 36 2 0
3074226 36 0 1
3074449 36 2 2
3074523 36 0 2
3097735 36 2 0
3097736 36 0 1
3097959 36 2 2
3098033 36 0 2
3136509 36 2 0
3136510 36 0 1
3136728 36 2 2
3136801 36 0 2
3157055 36 15 0
3157055 36 15 0
3158408 36 2 0
3158409 36 63 0
3159110 36 2 0
3159111 36 2 2
3159334 36 15 2
3159865 36 15 2
3160425 36 38 0
3160425 36 38 0
3161469 36 38 2
3165305 36 0 2
3165621 36 38 2
3166889 36 11 0
3166889 36 11 0
3166939 36 11 2
3167004 36 11 2
3167188 36 7 0
3169674 36 7 2
3170154 36 15 0
3170154 36 15 0
3170227 36 15 2
3170301 36 15 2
3170315 36 38 0
3170315 36 38 0
3170359 36 38 2
3170500 36 38 2
3170644 36 11 0
3170644 36 11 0
3170694 36 11 2
3170702 36 11 2
3172866 36 15 0
3172866 36 15 0
3172962 36 15 2
3172980 36 15 2
3175331 36 2 0
3175332 36 2 2
3208205 36 2 0
3208206 36 0 1
3208428 36 2 2
3208501 36 0 2
3250126 36 2 0
3250127 36 0 1
3250349 36 2 2
3250423 36 0 2
3273446 36 2 0
3273447 36 0 1
3273669 36 2 2
3273743 36 0 2
3312387 36 2 0
3312388 36 0 1
3312608 36 2 2
3312681 36 0 2
3357777 36 2 0
3357778 36 0 1
3357998 36 2 2
3358071 36 0 2
3385939 36 2 0
3385940 36 2 2
3401036 36 2 0
3401037 36 0 1
3401261 36 2 2
3401335 36 0 2
3424436 36 2 0
3424437 36 0 1
3424681 36 2 2
3424755 36 0 2
3463270 36 2 0
3463271 36 0 1
3463490 36 2 2
3463563 36 0 2
3508280 36 2 0
3508281 36 0 1
3508500 36 2 2
3508573 36 0 2
3549036 36 2 0
3549037 36 0 1
3549260 36 2 2
3549334 36 0 2
3572426 36 2 0
3572427 36 0 1
3572650 36 2 2
3572724 36 0 2
3611427 36 2 0
3611428 36 0 1
3611649 36 2 2
3611722 36 0 2
3656847 36 0 1
3656848 36 2 0
3657069 36 2 2
3657142 36 0 2
3684670 36 2 2
3684671 36 2 0
3699781 36 2 0
3699782 36 0 1
3700005 36 2 2
3700079 36 0 2
3723121 36 2 0
3723122 36 0 1
3723345 36 2 2
3723419 36 0 2
3761875 36 2 0
3761876 36 0 1
3762094 36 2 2
3762167 36 0 2
3806885 36 2 0
3806886 36 0 1
3807104 36 2 2
3807177 36 0 2
3834505 36 2 0
3834506 36 2 2
3856387 36 2 0
3856388 36 2 2
3911507 36 2 0
3911508 36 2 2
3917582 36 2 0
3917583 36 2 2
3925525 36 2 0
3925526 36 2 2
3932434 36 2 0
3932435 36 2 2
4006738 36 2 0
4006739 36 2 2
4046748 36 2 0
4046749 36 2 2
4060288 36 2 0
4060289 36 2 2
4080218 36 2 0
4080219 36 2 2
4090883 36 2 0
4090884 36 2 2
4093518 36 2 0
4093519 36 2 2
4099312 36 2 0
4099313 36 2 2
4123816 36 2 0
4123817 36 0 1
4124039 36 2 2
4124113 36 0 2
4133618 36 15 0
4133618 36 15 0
4133966 36 2 0
4133967 36 0 0
4136337 36 15 2
4139530 36 15 2
4140090 36 38 0
4140090 36 38 0
4141876 36 38 2
4143144 36 11 0
4143144 36 11 0
4143194 36 11 2
4143259 36 11 2
4143923 36 15 0
4143923 36 15 0
4143997 36 15 2
4144039 36 15 2
4144085 36 38 0
4144189 36 38 2
4145214 36 38 2
4145215 36 38 0
4145329 36 38 2
4145473 36 11 0
4145473 36 11 0
4145523 36 11 2
4145531 36 11 2
4147695 36 15 0
4147695 36 15 0
4147761 36 15 2
4147769 36 15 2
4152260 36 2 0
4152261 36 2 2
4174046 36 2 0
4174047 36 0 1
4174269 36 2 2
4174343 36 0 2
4214090 36 2 0
4214091 36 0 1
4214318 36 2 2
4214391 36 0 2
4258950 36 2 0
4258951 36 0 1
4259178 36 2 2
4259251 36 0 2
4301568 36 2 0
4301569 36 2 2
4312789 36 2 0
4312790 36 2 2
4312879 36 2 0
4312880 36 2 2
4331564 36 2 0
4331565 36 2 2
4338862 36 2 0
4338863 36 2 2
4341733 36 2 0
4341734 36 2 2
4347706 36 2 0
4347707 36 2 2
4394664 36 2 0
4394665 36 0 1
4394887 36 2 2
4394961 36 0 2
4417994 36 2 0
4417995 36 0 1
4418217 36 2 2
4418291 36 0 2
4458125 36 2 0
4458126 36 0 1
4458346 36 2 2
4458419 36 0 2
4503565 36 2 0
4503566 36 0 1
4503786 36 2 2
4503859 36 0 2
4531505 36 2 0
4531506 36 2 2
4546634 36 2 0
4546635 36 0 1
4546857 36 2 2
4546931 36 0 2
4569974 36 2 0
4569975 36 0 1
4570197 36 2 2
4570271 36 0 2
4608728 36 0 1
4608729 36 2 0
4608946 36 2 2
4609019 36 0 2
4653738 36 2 0
4653739 36 0 1
4653976 36 2 2
4654049 36 0 2
4694624 36 2 0
4694625 36 0 1
4694852 36 2 2
4694926 36 0 2
4717934 36 2 0
4717935 36 0 1
4718162 36 2 2
4718236 36 0 2
4756895 36 2 0
4756896 36 0 1
4757121 36 2 2
4757194 36 0 2
4802233 36 2 0
4802234 36 0 1
4802471 36 2 2
4802544 36 0 2
4830129 36 2 0
4830130 36 2 2
4845204 36 2 0
4845205 36 0 1
4845428 36 2 2
4845502 36 0 2
4868554 36 2 0
4868555 36 0 1
4868778 36 2 2
4868852 36 0 2
4880499 36 2 0
4880500 36 2 2
4882444 36 2 0
4882445 36 2 2
4916093 36 2 0
4916094 36 0 1
4916321 36 2 2
4916394 36 0 2
4961328 36 2 0
4961329 36 0 1
4961551 36 2 2
4961624 36 0 2
4962012 36 2 0
4962013 36 2 2
4989191 36 2 0
4989192 36 0 1
4989411 36 2 2
4989484 36 0 2
4990185 36 2 0
4990186 36 0 1
4990411 36 2 2
4990484 36 0 2
5005899 36 2 0
5005900 36 0 1
5006122 36 2 2
5006196 36 0 2
5029219 36 2 0
5029220 36 0 1
5029442 36 2 2
5029516 36 0 2
5046501 36 2 0
5046502 36 2 2
5047973 36 2 2
5047974 36 2 0
5082890 36 0 1
5082891 36 2 0
5083110 36 2 2
5083184 36 0 2
5106450 36 0 1
5106451 36 2 0
5106670 36 2 2
5106744 36 0 2
5110180 36 15 0
5110180 36 15 0
5110567 36 2 0
5110568 36 0 0
5111713 36 63 0
5111714 36 2 0
5112398 36 2 0
5112399 36 2 2
5114931 36 15 2
5115801 36 15 2
5116361 36 38 0
5116361 36 38 0
5116686 36 38 2
5116805 36 38 2
5117954 36 11 0
5117954 36 11 0
5118004 36 11 2
5118069 36 11 2
5118733 36 15 0
5118733 36 15 0
5118799 36 15 2
5118808 36 15 2
5118896 36 38 0
5118896 36 38 0
5119821 36 38 2
5119965 36 11 0
5119965 36 11 0
5120016 36 11 2
5120021 36 11 2
5121300 36 38 2
5121393 36 2 0
5121394 36 2 2
5122185 36 15 0
5122185 36 15 0
5122251 36 15 2
5122259 36 15 2
5122261 36 0 2
5122383 36 7 0
5122588 36 7 2
5164226 36 2 0
5164227 36 0 1
5164452 36 2 2
5164525 36 0 2
5209136 36 2 0
5209137 36 0 1
5209362 36 2 2
5209435 36 0 2
5250516 36 2 0
5250517 36 0 1
5250739 36 2 2
5250813 36 0 2
5273856 36 2 0
5273857 36 0 1
5274079 36 2 2
5274153 36 0 2
5312640 36 2 0
5312641 36 0 1
5312868 36 2 2
5312941 36 0 2
5357470 36 2 0
5357471 36 0 1
5357698 36 2 2
5357771 36 0 2
5396936 36 2 0
5396937 36 0 1
5397159 36 2 2
5397233 36 0 2
5420346 36 2 0
5420347 36 0 1
5420569 36 2 2
5420643 36 0 2
5458990 36 2 0
5458991 36 0 1
5459218 36 2 2
5459291 36 0 2
5503710 36 2 0
5503711 36 0 1
5503938 36 2 2
5504011 36 0 2
5543136 36 2 0
5543137 36 0 1
5543359 36 2 2
5543433 36 0 2
5566516 36 2 0
5566517 36 0 1
5566739 36 2 2
5566813 36 0 2
5605360 36 2 0
5605361 36 0 1
5605588 36 2 2
5605661 36 0 2
5650170 36 2 0
5650171 36 0 1
5650398 36 2 2
5650471 36 0 2
5689716 36 2 0
5689717 36 0 1
5689939 36 2 2
5690013 36 0 2
5713116 36 2 0
5713117 36 0 1
5713339 36 2 2
5713413 36 0 2
5751950 36 2 0
5751951 36 0 1
5752178 36 2 2
5752251 36 0 2
5796810 36 2 0
5796811 36 0 1
5797038 36 2 2
5797111 36 0 2
5835936 36 2 0
5835937 36 0 1
5836159 36 2 2
5836233 36 0 2
5859316 36 2 0
5859317 36 0 1
5859539 36 2 2
5859613 36 0 2
5898150 36 2 0
5898151 36 0 1
5898378 36 2 2
5898451 36 0 2
5943000 36 2 0
5943001 36 0 1
5943228 36 2 2
5943301 36 0 2
5982176 36 2 0
5982177 36 0 1
5982399 36 2 2
5982473 36 0 2
6005506 36 2 0
6005507 36 0 1
6005729 36 2 2
6005803 36 0 2
6044160 36 2 0
6044161 36 0 1
6044388 36 2 2
6044461 36 0 2
6086745 36 15 0
6086745 36 15 0
6088471 36 15 2
6093289 36 15 2
6093849 36 38 0
6093849 36 38 0
6094083 36 38 2
6094324 36 38 2
6095592 36 11 0
6095592 36 11 0
6095642 36 11 2
6095707 36 11 2
6096371 36 15 0
6096371 36 15 0
6096444 36 15 2
6096447 36 15 2
6096532 36 38 0
6096532 36 38 0
6097496 36 38 2
6099007 36 38 2
6099151 36 11 0
6099151 36 11 0
6099201 36 11 2
6099209 36 11 2
6101373 36 15 0
6101373 36 15 0
6101439 36 15 2
6101447 36 15 2
6111431 36 2 0
6111432 36 0 1
6111659 36 2 2
6111732 36 0 2
6152007 36 2 0
6152008 36 0 1
6152233 36 2 2
6152307 36 0 2
6175347 36 2 0
6175348 36 0 1
6175573 36 2 2
6175647 36 0 2
6214141 36 2 0
6214142 36 0 1
6214362 36 2 2
6214435 36 0 2
6258941 36 2 0
6258942 36 0 1
6259162 36 2 2
6259235 36 0 2
6298327 36 2 0
6298328 36 0 1
6298553 36 2 2
6298627 36 0 2
6321637 36 2 0
6321638 36 0 1
6321863 36 2 2
6321937 36 0 2
6360321 36 2 0
6360322 36 0 1
6360542 36 2 2
6360615 36 0 2
6405071 36 0 1
6405072 36 2 0
6405292 36 2 2
6405365 36 0 2
6428973 36 2 0
6428974 36 0 1
6429192 36 2 2
6429265 36 0 2
6456568 36 2 0
6456569 36 2 2
6481550 36 2 0
6481551 36 0 1
6481772 36 2 2
6481845 36 0 2
6481857 36 2 0
6481858 36 2 2
6525681 36 2 0
6525682 36 0 1
6525907 36 2 2
6525981 36 0 2
6549011 36 2 0
6549012 36 0 1
6549237 36 2 2
6549311 36 0 2
6615577 36 0 1
6615578 36 2 0
6615803 36 2 2
6615876 36 0 2
6641619 36 2 0
6641620 36 2 2
6657089 36 2 0
6657090 36 0 1
6657312 36 2 2
6657386 36 0 2
6680509 36 2 0
6680510 36 0 1
6680732 36 2 2
6680806 36 0 2
6719983 36 2 0
6719984 36 0 1
6720211 36 2 2
6720284 36 0 2
6764983 36 2 0
6764984 36 0 1
6765211 36 2 2
6765284 36 0 2
6792515 36 2 0
6792516 36 2 2
6864976 36 2 0
6864977 36 2 2
6871360 36 2 0
6871361 36 2 2
6879347 36 2 0
6879348 36 2 2
6886358 36 2 0
6886359 36 2 2
6953853 36 2 0
6953854 36 2 2
6994246 36 2 0
6994247 36 2 2
7008200 36 2 0
7008201 36 2 2
7028291 36 2 0
7028292 36 2 2
7039004 36 2 0
7039005 36 2 2
7041643 36 2 0
7041644 36 2 2
7047443 36 2 0
7047444 36 2 2
7063305 36 15 0
7063305 36 15 0
7063736 36 2 0
7063737 36 0 0
7065828 36 15 2
7069179 36 15 2
7069739 36 38 0
7069739 36 38 0
7070403 36 38 2
7070474 36 38 2
7071198 36 2 0
7071199 36 63 0
7071742 36 11 0
7071742 36 11 0
7071792 36 11 2
7071857 36 11 2
7072096 36 2 0
7072097 36 2 2
7072521 36 15 0
7072521 36 15 0
7072587 36 15 2
7072644 36 15 2
7072732 36 38 0
7072732 36 38 0
7073264 36 0 2
7073366 36 38 2
7074848 36 38 2
7074992 36 11 0
7074992 36 11 0
7075042 36 11 2
7075050 36 11 2
7075190 36 7 0
7076942 36 7 2
7078966 36 15 0
7078966 36 15 0
7079033 36 15 2
7079038 36 15 2
7081994 36 2 0
7081995 36 2 2
7099305 36 2 0
7099306 36 0 1
7099528 36 2 2
7099602 36 0 2
7122835 36 2 0
7122836 36 0 1
7123059 36 2 2
7123133 36 0 2
7163059 36 2 0
7163060 36 0 1
7163287 36 2 2
7163360 36 0 2
7208179 36 2 0
7208180 36 0 1
7208407 36 2 2
7208480 36 0 2
7261866 36 2 0
7261867 36 2 2
7278500 36 2 0
7278501 36 2 2
7286034 36 2 0
7286035 36 2 2
7289562 36 2 0
7289563 36 2 2
7295180 36 2 0
7295181 36 2 2
7344956 36 2 0
7344957 36 0 1
7345179 36 2 2
7345253 36 0 2
7368316 36 2 0
7368317 36 0 1
7368559 36 2 2
7368633 36 0 2
7408277 36 2 0
7408278 36 0 1
7408498 36 2 2
7408571 36 0 2
7453627 36 0 1
7453628 36 2 0
7453848 36 2 2
7453921 36 0 2
7481420 36 2 0
7481421 36 2 2
7496568 36 2 0
7496569 36 0 1
7496791 36 2 2
7496865 36 0 2
7519938 36 2 0
7519939 36 0 1
7520161 36 2 2
7520235 36 0 2
7531947 36 2 0
7531948 36 2 2
7567642 36 2 0
7567643 36 0 1
7567869 36 2 2
7567942 36 0 2
7612792 36 2 0
7612793 36 0 1
7613019 36 2 2
7613092 36 0 2
7641489 36 2 0
7641490 36 2 2
7643030 36 2 0
7643031 36 2 2
7661477 36 2 0
7661478 36 0 1
7661705 36 2 2
7661778 36 0 2
7678267 36 2 0
7678268 36 0 1
7678496 36 2 2
7678570 36 0 2
7701647 36 2 0
7701648 36 0 1
7701876 36 2 2
7701950 36 0 2
7740511 36 2 0
7740512 36 0 1
7740735 36 2 2
7740808 36 0 2
7785271 36 2 0
7785272 36 0 1
7785495 36 2 2
7785568 36 0 2
7825007 36 2 0
7825008 36 0 1
7825236 36 2 2
7825310 36 0 2
7848427 36 2 0
7848428 36 0 1
7848656 36 2 2
7848730 36 0 2
7887271 36 2 0
7887272 36 0 1
7887495 36 2 2
7887568 36 0 2
7932101 36 2 0
7932102 36 0 1
7932325 36 2 2
7932398 36 0 2
7954295 36 2 0
7954296 36 2 2
7968243 36 2 0
7968244 36 2 2
7992604 36 2 0
7992605 36 0 1
7992832 36 2 2
7992905 36 0 2
7992917 36 2 2
7992918 36 2 0
8035605 36 2 0
8035606 36 0 1
8035829 36 2 2
8035903 36 0 2
8039868 36 15 0
8039868 36 15 0
8040191 36 2 0
8040192 36 0 0
8041327 36 2 0
8041328 36 63 0
8041441 36 15 2
8042185 36 2 0
8042186 36 2 2
8045910 36 15 2
8046470 36 38 0
8046470 36 38 0
8048724 36 38 2
8049934 36 38 2
8051202 36 11 0
8051202 36 11 0
8051252 36 11 2
8051317 36 11 2
8051981 36 15 0
8051981 36 15 0
8052055 36 15 2
8052087 36 15 2
8052143 36 38 0
8052143 36 38 0
8052177 36 38 2
8052556 36 2 0
8052557 36 2 2
8052818 36 38 2
8052962 36 11 0
8052962 36 11 0
8053012 36 11 2
8053020 36 11 2
8055184 36 15 0
8055184 36 15 0
8055260 36 15 2
8055278 36 15 2
8078635 36 2 0
8078636 36 0 1
8078859 36 2 2
8078933 36 0 2
8149258 36 2 0
8149259 36 0 1
8149486 36 2 2
8149559 36 0 2
8175552 36 2 0
8175553 36 2 2
8191218 36 2 0
8191219 36 0 1
8191441 36 2 2
8191515 36 0 2
8214608 36 2 0
8214609 36 0 1
8214851 36 2 2
8214925 36 0 2
8254067 36 2 0
8254068 36 0 1
8254290 36 2 2
8254363 36 0 2
8299389 36 2 0
8299390 36 0 1
8299610 36 2 2
8299683 36 0 2
8327143 36 2 0
8327144 36 2 2
8342309 36 2 0
8342310 36 0 1
8342532 36 2 2
8342606 36 0 2
8365639 36 2 0
8365640 36 0 1
8365862 36 2 2
8365936 36 0 2
8404443 36 2 0
8404444 36 0 1
8404671 36 2 2
8404744 36 0 2
8449263 36 2 0
8449264 36 0 1
8449491 36 2 2
8449564 36 0 2
8488339 36 2 0
8488340 36 0 1
8488562 36 2 2
8488636 36 0 2
8511699 36 2 0
8511700 36 0 1
8511922 36 2 2
8511996 36 0 2
8550623 36 2 0
8550624 36 0 1
8550851 36 2 2
8550924 36 0 2
8595423 36 2 0
8595424 36 0 1
8595651 36 2 2
8595724 36 0 2
8634679 36 2 0
8634680 36 0 1
8634902 36 2 2
8634976 36 0 2
8658019 36 2 0
8658020 36 0 1
8658242 36 2 2
8658316 36 0 2
8696723 36 2 0
8696724 36 0 1
8696951 36 2 2
8697024 36 0 2
8741563 36 0 1
8741564 36 2 0
8741781 36 2 2
8741854 36 0 2
8780629 36 2 0
8780630 36 0 1
8780852 36 2 2
8780926 36 0 2
8804109 36 2 0
8804110 36 0 1
8804332 36 2 2
8804406 36 0 2
8842793 36 2 0
8842794 36 0 1
8843021 36 2 2
8843094 36 0 2
8887643 36 2 0
8887644 36 0 1
8887871 36 2 2
8887944 36 0 2
8926939 36 2 0
8926940 36 0 1
8927162 36 2 2
8927236 36 0 2
8950399 36 2 0
8950400 36 0 1
8950622 36 2 2
8950696 36 0 2
8989083 36 2 0
8989084 36 0 1
8989311 36 2 2
8989384 36 0 2
9016432 36 15 0
9016432 36 15 0
9019242 36 15 2
9019891 36 15 2
9020451 36 38 0
9020451 36 38 0
9020525 36 38 2
9022766 36 38 2
9024034 36 11 0
9024034 36 11 0
9024084 36 11 2
9024149 36 11 2
9024813 36 15 0
9024813 36 15 0
9024868 36 0 2
9024887 36 15 2
9024929 36 15 2
9024975 36 38 0
9024975 36 38 0
9025130 36 38 2
9025274 36 11 0
9025274 36 11 0
9025324 36 11 2
9025331 36 11 2
9025471 36 7 0
9026751 36 7 2
9027369 36 38 2
9028775 36 15 0
9028775 36 15 0
9028842 36 15 2
9028930 36 15 2
9029030 36 50 2
9029031 36 50 0
9029083 36 23 0
9029094 36 50 0
9029339 36 42 0
9029340 36 50 0
9029923 36 51 0
9029924 36 50 0
9030371 36 38 0
9030372 36 50 0
9030618 36 62 0
9030619 36 50 0
9030791 36 7 0
9030792 36 50 0
9031522 36 5 0
9031523 36 50 0
9031914 36 44 0
9031915 36 50 0
9032167 36 40 0
9032168 36 50 0
9032235 36 26 0
9032256 36 50 0
9032282 36 4 0
9032331 36 50 0
9032340 36 20 0
9032431 36 50 0
9032557 36 46 0
9032558 36 50 0
9032753 36 21 0
9032754 36 50 0
9032901 36 6 0
9032902 36 50 0
9033266 36 34 0
9033267 36 50 0
9033354 36 28 0
9033355 36 50 0
9033513 36 27 0
9033514 36 50 0
9033826 36 50 0
9033827 36 17 0
9033996 36 19 0
9033997 36 50 0
9034299 36 18 0
9034300 36 50 0
9034512 36 30 0
9034513 36 50 0
9037820 36 34 2
9037936 36 34 2
9038154 36 34 2
9056281 36 2 0
9056282 36 0 1
9056501 36 2 2
9056574 36 0 2
9078342 36 2 0
9078343 36 2 2
9113037 36 2 0
9113038 36 0 1
9113256 36 2 2
9113329 36 0 2
9113341 36 2 0
9113342 36 2 2
9156166 36 2 0
9156167 36 0 1
9156389 36 2 2
9156463 36 0 2
9179566 36 2 0
9179567 36 0 1
9179789 36 2 2
9179863 36 0 2
9240337 36 2 0
9240338 36 0 1
9240565 36 2 2
9240638 36 0 2
9255946 36 2 0
9255947 36 2 2
9256292 36 2 0
9256293 36 2 2
9272299 36 2 0
9272300 36 0 1
9272526 36 2 2
9272600 36 0 2
9295689 36 2 0
9295690 36 0 1
9295916 36 2 2
9295990 36 0 2
9327339 36 2 0
9327340 36 0 1
9327566 36 2 2
9327640 36 0 2
9350719 36 2 0
9350720 36 0 1
9350946 36 2 2
9351020 36 0 2
9387047 36 2 0
9387048 36 0 1
9387285 36 2 2
9387358 36 0 2
9401171 36 0 1
9401172 36 2 0
9401395 36 2 2
9401468 36 0 2
9426251 36 2 0
9426252 36 0 1
9426475 36 2 2
9426548 36 0 2
9450995 36 2 0
9450996 36 2 2
9489215 36 2 0
9489216 36 0 1
9489435 36 2 2
9489508 36 0 2
9567840 36 0 1
9567841 36 2 0
9568064 36 2 2
9568137 36 0 2
9620233 36 2 0
9620234 36 0 1
9620306 36 0 1
9620392 36 0 2
9620454 36 2 2
9620527 36 0 2
9630026 36 0 1
9630244 36 3 2
9630309 36 0 2
9631210 36 2 0
9631211 36 0 1
9631434 36 2 2
9631507 36 0 2
9639204 36 2 0
9639205 36 0 1
9639425 36 2 2
9639481 36 2 0
9639481 36 3 2
9639499 36 0 2
9642955 36 3 2
9644061 36 2 0
9644062 36 0 1
9644286 36 2 2
9644359 36 0 2
9649160 36 3 2
9656336 36 3 0
9656337 36 2 0
9656401 36 0 1
9656487 36 0 2
9669614 36 0 1
9669620 36 3 0
9669621 36 0 1
9669835 36 2 2
9669909 36 0 2
9669945 36 3 2
9670011 36 0 2
9676860 36 3 0
9676861 36 0 1
9677084 36 3 2
9677149 36 0 2
9679365 36 3 2
9694699 36 4 0
9694700 36 63 0
9695284 36 6 0
9695287 36 63 0
9699135 36 2 0
9700268 36 2 0
9700785 36 2 0
9700844 36 15 0
9700844 36 15 0
9700910 36 15 2
9700943 36 15 2
9700999 36 2 0
9701031 36 30 0
9701129 36 30 2
9701141 36 24 0
9701230 36 2 0
9701239 36 24 2
9701339 36 25 0
9701429 36 25 2
9701437 36 36 0
9701446 36 2 0
9701446 36 36 2
9701520 36 36 2
9701584 36 26 0
9701667 36 26 2
9701731 36 27 0
9701808 36 27 2
9701840 36 34 0
9701938 36 34 2
9701950 36 26 0
9702048 36 26 2
9702144 36 55 0
9702282 36 55 2
9702290 36 27 0
9702388 36 27 2
9702436 36 23 0
9703709 36 5 0
9703710 36 63 0
9704290 36 2 0
9704861 36 2 0
9705999 36 2 0
9706560 36 23 2
9706564 36 28 0
9706774 36 28 2
9706826 36 60 0
9706888 36 31 2
9707008 36 60 2
9707024 36 61 0
9707164 36 61 2
9707184 36 25 0
9707472 36 25 2
9707508 36 37 0
9707598 36 37 2
9707650 36 23 0
9713469 36 23 2
9713477 36 19 0
9713528 36 19 2
9713551 36 19 2
9713555 36 23 0
9713943 36 23 2
9714002 36 49 2
9714003 36 23 0
9717823 36 23 2
9718142 36 47 2
9718147 36 23 0
9724889 36 23 2
9725056 36 53 2
9725057 36 23 0
9726119 36 23 2
9726171 36 29 0
9726178 36 9 2
9726277 36 29 2
9726293 36 23 0
9727343 36 23 2
9727402 36 9 2
9727407 36 23 0
9727937 36 23 2
9727973 36 32 0
9728071 36 32 2
9728155 36 28 0
9728188 36 28 2
9728240 36 2 0
9728314 36 2 2
9728326 36 29 0
9728367 36 29 2
9728399 36 4 0
9728473 36 4 2
9728481 36 35 0
9728481 36 35 0
9728507 36 35 2
9728556 36 35 2
9728695 36 9 2
9738554 36 0 1
9738774 36 3 2
9738839 36 0 2
9748974 36 27 0
9748975 36 63 0
9753645 36 21 0
9753646 36 63 0
9757675 36 23 0
9757676 36 63 0
9759817 36 3 0
9759818 36 0 1
9760045 36 3 2
9760111 36 0 2
9763101 36 46 0
9763102 36 63 0
9771208 36 28 0
9771209 36 63 0
9774200 36 3 0
9774201 36 0 1
9774424 36 3 2
9774490 36 0 2
9780514 36 3 2
9782677 36 34 0
9782678 36 63 0
9789579 36 19 0
9789580 36 63 0
9793170 36 0 1
9793394 36 3 2
9793460 36 0 2
9795172 36 44 0
9795173 36 63 0
9798217 36 63 0
9798218 36 62 0
9808244 36 38 0
9808245 36 63 0
9810289 36 42 0
9810290 36 63 0
9816430 36 3 0
9816431 36 0 1
9816654 36 3 2
9816720 36 0 2
9816842 36 17 0
9816843 36 63 0
9820144 36 50 0
9820145 36 63 0
9826257 36 7 0
9826258 36 63 0
9835138 36 40 0
9835139 36 63 0
9839624 36 51 0
9839625 36 63 0
9840339 36 30 0
9840340 36 63 0
9847627 36 26 0
9847628 36 63 0
9848422 36 18 0
9848423 36 63 0
9851018 36 20 2
9854404 36 20 0
9854405 36 63 0
9854895 36 2 0
9854896 36 2 2
9860296 36 0 1
9860523 36 3 2
9860588 36 0 2
9893749 36 2 0
9893750 36 0 1
9893973 36 2 2
9894046 36 0 2
9895680 36 2 0
9895681 36 0 1
9895904 36 2 2
9895978 36 0 2
9897196 36 3 0
9897197 36 0 1
9897423 36 3 2
9897488 36 0 2
9918917 36 3 0
9918918 36 3 2
9934320 36 3 0
9934321 36 0 1
9934544 36 3 2
9934610 36 0 2
9944149 36 2 0
9944150 36 0 1
9944222 36 0 1
9944308 36 0 2
9944373 36 2 2
9944446 36 0 2
9946080 36 0 1
9946304 36 2 2
9946378 36 0 2
9957610 36 3 0
9957611 36 0 1
9957834 36 3 2
9957900 36 0 2
9993553 36 38 0
9993553 36 38 0
9993597 36 62 0
9993598 36 62 2
9993812 36 6 0
9993813 36 6 2
9993866 36 2 0
9993867 36 0 0
9993882 36 19 0
9993888 36 44 2
9993899 36 38 2
9993926 36 44 0
9993931 36 19 2
9993939 36 0 1
9993971 36 38 0
9993982 36 38 2
9994025 36 0 2
9994045 36 46 0
9994046 36 46 2
9994219 36 27 0
9994220 36 27 2
9994231 36 3 0
9994272 36 3 2
9994336 36 51 0
9994347 36 51 2
9994431 36 17 2
9994432 36 17 0
9994499 36 26 0
9994500 36 26 2
9994559 36 50 0
9994560 36 50 2
9994651 36 30 0
9994652 36 30 2
9994743 36 42 0
9994744 36 42 2
9994840 36 38 2
9994859 36 40 0
9994860 36 40 2
9995032 36 12 0
9995050 36 21 2
9995051 36 21 0
9995081 36 12 2
9995142 36 5 0
9995143 36 5 2
9995266 36 7 0
9995268 36 7 2
9995347 36 34 0
9995359 36 34 2
9995383 36 4 0
9995404 36 4 2
9995483 36 20 0
9995484 36 20 2
9995573 36 2 0
9995574 36 63 0
9995576 36 28 0
9995577 36 28 2
9995792 36 23 0
9995793 36 23 2
9995860 36 18 0
9995861 36 18 2
9996157 36 11 0
9996157 36 11 0
9996207 36 11 2
9996272 36 11 2
9996851 36 2 0
9996852 36 2 2
9996923 36 0 1
9996936 36 15 0
9996936 36 15 0
9997009 36 0 2
9997012 36 15 2
9997060 36 15 2
9997148 36 38 0
9997148 36 38 0
9997882 36 38 2
9998026 36 11 0
9998026 36 11 0
9998085 36 11 2
9998086 36 11 2
9998097 36 46 0
9998182 36 46 2
9998382 36 47 0
9998439 36 47 2
9998455 36 12 0
9998523 36 12 2
9998559 36 47 0
9998652 36 47 2
10000453 36 0 0
10000454 36 0 2
10000552 36 15 0
10000552 36 15 0
10000619 36 15 2
10000725 36 15 2
10001003 36 55 0
10001004 36 0 0
10001227 36 14 0
10001228 36 0 0
10001292 36 38 2
10001297 36 54 0
10001348 36 0 0
10003294 36 63 0
10003320 36 63 0
10003321 36 0 0
10003812 36 15 0
10003813 36 0 0
10004592 36 13 0
10004593 36 0 0
10004675 36 25 0
10004706 36 0 0
10004915 36 37 0
10004916 36 0 0
10005364 36 3 2
10005365 36 3 0
10005827 36 12 0
10005828 36 0 0
10006954 36 10 0
10006955 36 0 0
10007419 36 2 0
10007420 36 3 0
10008808 36 11 0
10008809 36 0 0
10009303 36 20 2
10011866 36 3 0
10011867 36 0 1
10011932 36 0 1
10012018 36 0 2
10012093 36 3 2
10012158 36 0 2
10022365 36 25 2
10022497 36 25 2
10022723 36 25 2
10048476 36 3 0
10048477 36 0 1
10048541 36 0 1
10048627 36 0 2
10048703 36 3 2
10048767 36 0 2
10051300 36 2 0
10051301 36 2 2
10068253 36 36 0
10068253 36 2 2
10068262 36 2 2
10083177 36 0 1
10083404 36 0 2
10083494 36 0 2
10093769 36 15 0
10093769 36 15 0
10093835 36 15 2
10093843 36 15 2
10094051 36 36 0
10094060 36 2 0
10094060 36 36 2
10094134 36 36 2
10094402 36 55 0
10094532 36 55 2
10094588 36 19 0
10104862 36 19 2
10105042 36 19 0
10105589 36 52 2
10111377 36 19 2
10111430 36 27 2
10111437 36 19 0
10117835 36 19 2
10118830 36 60 2
10118831 36 19 0
10119513 36 19 2
10119730 36 53 2
10119741 36 19 0
10122565 36 19 2
