0 4 51 0
2445 4 51 2
2449 4 22 0
3244 4 22 2
3256 4 1 0
3961 4 1 2
3981 4 24 0
4095 4 24 2
9146 4 0 1
9351 4 2 2
9393 4 0 2
9851 4 0 1
10040 4 0 2
10097 4 0 2
30375 4 0 1
30570 4 2 2
30611 4 0 2
31392 4 0 1
31581 4 2 2
31623 4 0 2
69793 4 0 1
69980 4 0 2
70037 4 0 2
73745 4 0 1
73940 4 0 2
73997 4 0 2
106767 4 0 1
106960 4 2 2
107001 4 0 2
116915 4 0 1
117110 4 2 2
117151 4 0 2
117539 4 0 1
117731 4 2 2
117773 4 0 2
210477 4 0 1
210670 4 2 2
210711 4 0 2
220030 4 0 0
226717 4 4 0
226726 4 0 1
226920 4 4 2
226935 4 4 2
226944 4 0 2
226945 4 4 0
226987 4 44 0
226994 4 11 2
227036 4 4 0
227045 4 13 2
227087 4 4 0
227096 4 20 2
227138 4 4 0
227147 4 10 2
227197 4 4 0
227206 4 19 2
227256 4 4 0
227265 4 28 2
227288 4 44 2
227300 4 5 0
227314 4 4 0
227323 4 6 2
227365 4 4 0
227374 4 22 2
227432 4 4 0
227441 4 12 2
227476 4 4 0
227485 4 39 2
227507 4 5 2
227519 4 45 0
227565 4 11 2
227567 4 4 0
227576 4 44 2
227626 4 13 2
227642 4 4 0
227651 4 9 2
227676 4 20 2
227708 4 4 0
227717 4 37 2
227782 4 10 2
227783 4 4 0
227792 4 15 2
227809 4 45 2
227850 4 4 0
227859 4 3 2
227877 4 24 0
227884 4 19 2
227893 4 4 0
227902 4 30 2
227968 4 4 0
227977 4 43 2
227986 4 28 2
228051 4 4 0
228060 4 5 2
228094 4 4 0
228103 4 0 2
228105 4 6 2
228140 4 24 2
228161 4 4 0
228170 4 14 2
228172 4 25 0
228220 4 4 0
228223 4 11 2
228229 4 7 2
228234 4 22 2
228281 4 4 0
228290 4 21 2
228301 4 0 2
228316 4 20 2
228340 4 4 0
228349 4 27 2
228407 4 4 0
228413 4 13 2
228416 4 50 2
228446 4 12 2
228475 4 25 2
228483 4 26 0
228507 4 4 0
228513 4 10 2
228516 4 49 2
228545 4 13 2
228573 4 39 2
228605 4 19 2
228614 4 4 0
228623 4 29 2
228637 4 11 2
228665 4 44 2
228681 4 4 0
228690 4 45 2
228697 4 28 2
228720 4 20 2
228759 4 26 2
228764 4 4 0
228773 4 62 2
228789 4 6 2
228799 4 27 0
228802 4 9 2
228808 4 10 2
228819 4 11 2
228871 4 4 0
228880 4 32 2
228886 4 37 2
228895 4 13 2
228900 4 0 2
228901 4 19 2
228969 4 4 0
228978 4 1 2
228982 4 20 2
228989 4 6 2
228993 4 22 2
229012 4 15 2
229028 4 4 0
229037 4 63 2
229058 4 19 2
229078 4 27 2
229091 4 0 2
229098 4 33 0
229103 4 12 2
229114 4 3 2
229129 4 13 2
229136 4 6 2
229143 4 4 0
229152 4 51 2
229192 4 28 2
229193 4 39 2
229207 4 20 2
229225 4 30 2
229230 4 0 2
229234 4 4 0
229243 4 61 2
229274 4 19 2
229276 4 12 2
229322 4 10 2
229327 4 44 2
229333 4 4 0
229334 4 43 2
229342 4 57 2
229345 4 11 2
229362 4 22 2
229399 4 12 2
229420 4 6 2
229426 4 33 2
229433 4 9 2
229437 4 5 2
229446 4 35 0
229447 4 4 0
229456 4 36 2
229462 4 39 2
229480 4 22 2
229505 4 10 2
229506 4 19 2
229514 4 4 0
229523 4 42 2
229527 4 37 2
229555 4 14 2
229573 4 28 2
229585 4 12 2
229586 4 44 2
229605 4 4 0
229606 4 20 2
229614 4 26 2
229639 4 15 2
229648 4 39 2
229659 4 0 2
229672 4 7 2
229680 4 4 0
229686 4 37 2
229689 4 41 2
229697 4 13 2
229728 4 35 2
229736 4 41 0
229752 4 22 2
229754 4 44 2
229761 4 3 2
229766 4 21 2
229780 4 4 0
229787 4 9 2
229789 4 52 2
229790 4 20 2
229798 4 12 2
229835 4 39 2
229854 4 37 2
229856 4 30 2
229863 4 4 0
229870 4 13 2
229872 4 35 2
229884 4 27 2
229885 4 3 2
229895 4 10 2
229937 4 44 2
229940 4 4 0
229949 4 55 2
229950 4 9 2
229953 4 19 2
229967 4 43 2
229977 4 15 2
229988 4 0 2
230010 4 50 2
230026 4 37 2
230033 4 12 2
230040 4 3 2
230048 4 4 0
230057 4 58 2
230081 4 5 2
230084 4 41 2
230086 4 6 2
230088 4 30 2
230100 4 42 0
230109 4 28 2
230115 4 0 2
230123 4 15 2
230128 4 49 2
230155 4 4 0
230164 4 53 2
230178 4 3 2
230181 4 14 2
230194 4 37 2
230198 4 43 2
230216 4 6 2
230232 4 30 2
230246 4 4 0
230246 4 29 2
230254 4 9 2
230255 4 48 2
230295 4 44 2
230303 4 5 2
230308 4 7 2
230309 4 10 2
230316 4 45 2
230325 4 43 2
230345 4 15 2
230366 4 4 0
230371 4 42 2
230375 4 47 2
230398 4 22 2
230402 4 14 2
230403 4 1 0
230405 4 37 2
230423 4 5 2
230424 4 21 2
230444 4 30 2
230450 4 62 2
230465 4 4 0
230474 4 56 2
230478 4 1 2
230497 4 44 2
230505 4 7 2
230508 4 3 2
230509 4 14 2
230514 4 36 0
230527 4 27 2
230529 4 43 2
230568 4 32 2
230587 4 22 2
230588 4 4 0
230597 4 16 2
230599 4 11 2
230610 4 7 2
230616 4 5 2
230619 4 21 2
230625 4 50 2
230671 4 4 0
230680 4 1 2
230681 4 54 2
230682 4 3 2
230693 4 9 2
230698 4 14 2
230710 4 21 2
230715 4 27 2
230745 4 49 2
230765 4 11 2
230775 4 4 0
230784 4 34 2
230785 4 5 2
230789 4 63 2
230790 4 7 2
230796 4 27 2
230807 4 50 2
230844 4 9 2
230859 4 4 0
230867 4 29 2
230868 4 17 2
230889 4 39 2
230893 4 21 2
230912 4 51 2
230914 4 50 2
230923 4 49 2
230936 4 4 0
230939 4 5 2
230945 4 23 2
230966 4 45 2
230969 4 27 2
230982 4 36 2
230994 4 43 0
231005 4 14 2
231013 4 61 2
231019 4 4 0
231026 4 39 2
231028 4 59 2
231029 4 29 2
231036 4 49 2
231053 4 50 2
231083 4 62 2
231112 4 7 2
231120 4 4 0
231125 4 14 2
231127 4 57 2
231129 4 18 2
231134 4 45 2
231155 4 29 2
231189 4 4 0
231189 4 49 2
231198 4 33 2
231226 4 32 2
231228 4 43 2
231230 4 7 2
231240 4 45 2
231245 4 62 2
231266 4 36 2
231281 4 4 0
231290 4 8 2
231299 4 29 2
231301 4 43 2
231317 4 17 0
231329 4 28 2
231331 4 1 2
231342 4 43 2
231343 4 42 2
231359 4 4 0
231368 4 40 2
231376 4 62 2
231380 4 45 2
231386 4 32 2
231399 4 17 2
231420 4 30 2
231424 4 28 2
231430 4 63 2
231452 4 26 2
231469 4 4 0
231478 4 24 2
231487 4 1 2
231491 4 27 0
231503 4 32 2
231526 4 29 2
231529 4 62 2
231530 4 30 2
231562 4 4 0
231562 4 41 2
231571 4 38 2
231581 4 27 2
231585 4 37 0
231585 4 51 2
231602 4 63 2
231607 4 1 2
231629 4 29 2
231630 4 15 2
231651 4 32 2
231652 4 4 0
231661 4 46 2
231674 4 52 2
231703 4 61 2
231711 4 37 2
231723 4 17 0
231740 4 63 2
231742 4 4 0
231744 4 51 2
231749 4 50 2
231751 4 15 2
231752 4 60 2
231758 4 1 2
231774 4 35 2
231833 4 57 2
231842 4 4 0
231851 4 25 2
231861 4 32 2
231865 4 17 2
231867 4 50 2
231873 4 15 0
231876 4 61 2
231877 4 51 2
231891 4 55 2
231902 4 63 2
231932 4 4 0
231941 4 31 2
231957 4 36 2
231961 4 21 2
231978 4 32 2
232000 4 61 2
232008 4 58 2
232009 4 57 2
232032 4 51 2
232056 4 42 2
232059 4 63 2
232082 4 21 2
232123 4 53 2
232136 4 57 2
232138 4 36 2
232146 4 61 2
232167 4 26 2
232201 4 27 2
232203 4 63 2
232235 4 42 2
232237 4 48 2
232260 4 36 2
232267 4 41 2
232290 4 57 2
232294 4 49 2
232335 4 27 2
232341 4 26 2
232352 4 42 2
232362 4 47 2
232378 4 52 2
232404 4 36 2
232405 4 45 2
232420 4 49 2
232428 4 41 2
232445 4 26 2
232464 4 56 2
232481 4 42 2
232498 4 35 2
232515 4 62 2
232526 4 52 2
232528 4 45 2
232533 4 41 2
232579 4 26 2
232600 4 16 2
232602 4 55 2
232640 4 35 2
232641 4 52 2
232646 4 1 2
232648 4 62 2
232675 4 41 2
232693 4 54 2
232743 4 58 2
232744 4 36 2
232750 4 35 2
232765 4 55 2
232770 4 1 2
232774 4 52 2
232797 4 34 2
232838 4 51 2
232861 4 36 2
232868 4 35 2
232875 4 53 2
232890 4 17 2
232896 4 55 2
232899 4 58 2
232944 4 57 2
232947 4 51 2
232984 4 15 2
232994 4 23 2
233004 4 47 2
233021 4 53 2
233024 4 16 0
233026 4 58 2
233052 4 55 2
233059 4 61 2
233078 4 57 2
233112 4 59 2
233135 4 53 2
233136 4 48 2
233158 4 47 2
233171 4 58 2
233183 4 41 2
233195 4 61 2
233224 4 18 2
233254 4 56 2
233279 4 47 2
233282 4 55 2
233285 4 48 2
233286 4 53 2
233311 4 41 2
233330 4 33 2
233383 4 54 2
233409 4 56 2
233415 4 48 2
233417 4 35 2
233418 4 55 2
233425 4 47 2
233444 4 16 2
233450 4 8 2
233484 4 18 0
233515 4 16 2
233517 4 58 2
233537 4 54 2
233540 4 56 2
233547 4 35 2
233560 4 40 2
233573 4 48 2
233615 4 17 2
233633 4 52 2
233643 4 58 2
233661 4 16 2
233668 4 54 2
233681 4 24 2
233704 4 56 2
233707 4 34 2
233739 4 42 2
233752 4 52 2
233759 4 17 2
233785 4 38 2
233789 4 16 2
233811 4 23 2
233835 4 54 2
233837 4 47 2
233848 4 42 2
233850 4 34 2
233874 4 46 2
233889 4 17 2
233933 4 59 2
233949 4 16 2
233950 4 23 2
233965 4 56 2
233966 4 47 2
233973 4 34 2
233982 4 60 2
234041 4 17 2
234057 4 33 2
234068 4 23 2
234080 4 59 2
234089 4 26 2
234108 4 56 2
234119 4 25 2
234132 4 34 2
234146 4 18 2
234163 4 8 2
234170 4 61 0
234181 4 17 2
234193 4 59 2
234199 4 33 2
234213 4 31 2
234217 4 23 2
234241 4 26 2
234255 4 18 2
234272 4 34 2
234295 4 8 2
234309 4 33 2
234331 4 17 2
234334 4 59 2
234336 4 61 2
234347 4 40 2
234348 4 54 0
234362 4 23 2
234389 4 18 2
234405 4 8 2
234423 4 34 2
234439 4 33 2
234455 4 38 2
234476 4 54 2
234485 4 40 2
234501 4 18 2
234509 4 23 2
234534 4 8 2
234575 4 46 2
234592 4 38 2
234598 4 40 2
234599 4 53 2
234612 4 54 2
234625 4 18 2
234704 4 60 2
234708 4 38 2
234721 4 46 2
234732 4 8 2
234735 4 53 2
234746 4 40 2
234774 4 54 2
234794 4 7 0
234827 4 24 2
234835 4 46 2
234836 4 18 2
234849 4 8 2
234850 4 60 2
234858 4 38 2
234886 4 7 2
234894 4 19 0
234917 4 25 2
234931 4 40 2
234951 4 18 2
234968 4 24 2
234971 4 60 2
234972 4 46 2
234975 4 19 2
234979 4 35 0
235014 4 31 2
235038 4 59 2
235057 4 40 2
235061 4 25 2
235087 4 24 2
235113 4 60 2
235151 4 31 2
235154 4 46 2
235165 4 59 2
235181 4 25 2
235216 4 24 2
235267 4 31 2
235273 4 46 2
235275 4 38 2
235312 4 25 2
235319 4 35 2
235335 4 53 0
235393 4 38 2
235395 4 24 2
235397 4 31 2
235496 4 16 2
235513 4 24 2
235537 4 53 2
235577 4 33 0
235596 4 60 2
235614 4 16 2
235679 4 33 2
235691 4 36 0
235712 4 25 2
235715 4 60 2
235790 4 36 2
235807 4 48 2
235810 4 40 0
235822 4 25 2
235922 4 31 2
235942 4 48 2
236038 4 33 2
236061 4 31 2
236108 4 40 2
236132 4 37 0
236168 4 33 2
236317 4 37 2
236421 4 38 0
236535 4 38 2
236539 4 29 0
236791 4 29 2
236815 4 8 0
236889 4 8 2
236897 4 29 0
237000 4 29 2
237040 4 0 0
237109 4 0 2
237121 4 38 0
237355 4 38 2
237371 4 39 0
237597 4 39 2
237601 4 39 0
237892 4 39 2
237926 4 0 1
237948 4 36 0
237971 4 0 1
238046 4 36 2
238078 4 38 0
238121 4 43 2
238163 4 0 2
238194 4 0 2
238221 4 0 2
238232 4 38 2
238248 4 51 0
238482 4 51 2
238538 4 62 0
238682 4 0 1
238845 4 62 2
238853 4 52 0
238883 4 13 2
238923 4 0 2
239068 4 52 2
239104 4 6 0
239277 4 0 1
239405 4 6 2
239425 4 53 0
239469 4 37 2
239510 4 0 1
239534 4 0 2
239721 4 19 2
239769 4 0 2
239921 4 53 2
239945 4 54 0
240193 4 54 2
240209 4 11 0
240498 4 11 2
240510 4 56 0
240717 4 56 2
240721 4 12 0
240973 4 12 2
240981 4 57 0
241533 4 57 2
241537 4 2 0
241564 4 0 1
241776 4 0 1
241781 4 1 2
241808 4 2 2
241830 4 0 2
241860 4 37 0
241975 4 49 2
242027 4 37 2
242043 4 40 0
242071 4 0 2
242240 4 40 2
242296 4 58 0
242645 4 58 2
242705 4 35 0
243185 4 35 2
243189 4 50 0
243369 4 50 2
243389 4 62 0
243549 4 62 2
243577 4 38 0
243926 4 38 2
243998 4 63 0
244146 4 63 2
244186 4 12 0
244414 4 12 2
244438 4 2 0
244519 4 2 2
244543 4 13 0
244775 4 13 2
244871 4 3 0
245117 4 3 2
245157 4 23 0
245208 4 0 1
245405 4 31 2
245479 4 0 2
245535 4 2 0
245539 4 0 1
245547 4 23 2
245563 4 24 0
245682 4 24 2
245732 4 2 2
245773 4 0 2
245790 4 39 0
246080 4 39 2
246088 4 25 0
246177 4 25 2
246205 4 26 0
246394 4 26 2
246474 4 0 0
246542 4 0 2
246550 4 3 0
246763 4 0 1
246790 4 3 2
246834 4 4 0
246885 4 0 1
246953 4 0 2
247034 4 0 2
247039 4 0 0
247081 4 55 2
247127 4 0 0
247177 4 0 2
247210 4 0 0
247301 4 0 0
247392 4 0 0
247466 4 0 0
247603 4 0 0
247717 4 4 2
247728 4 0 0
247811 4 0 0
247813 4 5 0
247956 4 0 0
248093 4 0 0
248177 4 5 2
248217 4 15 0
248232 4 0 0
248337 4 0 0
248511 4 0 0
248636 4 0 0
248670 4 15 2
248678 4 14 0
248735 4 0 0
248945 4 0 0
248985 4 0 0
249005 4 14 2
249017 4 50 0
249040 4 0 0
249109 4 0 0
249133 4 0 0
249261 4 50 2
249288 4 0 0
249289 4 6 0
249322 4 0 0
249374 4 6 2
249394 4 4 0
249443 4 0 0
249503 4 4 2
249511 4 8 0
249519 4 0 0
249520 4 0 0
249565 4 0 1
249621 4 0 0
249624 4 8 2
249628 4 47 0
249712 4 4 0
249721 4 2 2
249748 4 0 0
249760 4 3 2
249774 4 0 0
249794 4 0 2
249843 4 2 2
249887 4 47 2
249895 4 49 0
249924 4 0 0
249924 4 0 0
250012 4 0 0
250013 4 2 2
250080 4 0 0
250103 4 0 0
250127 4 2 2
250209 4 2 2
250268 4 0 0
250279 4 49 2
250295 4 11 0
250322 4 2 2
250370 4 0 0
250377 4 0 1
250402 4 11 2
250432 4 2 2
250438 4 5 0
250473 4 0 0
250534 4 2 2
250543 4 0 0
250571 4 0 2
250579 4 0 0
250628 4 0 2
250691 4 0 0
250708 4 0 0
250761 4 0 0
250802 4 0 0
250820 4 0 0
250854 4 0 0
250973 4 5 2
250985 4 0 0
250992 4 0 0
250997 4 37 0
251096 4 0 0
251121 4 0 0
251203 4 0 0
251235 4 0 0
251262 4 0 0
251343 4 0 0
251365 4 0 0
251383 4 37 2
251398 4 0 0
251447 4 4 0
251466 4 0 0
251484 4 0 0
251515 4 0 0
251518 4 0 0
251533 4 4 2
251537 4 1 0
251620 4 0 0
251629 4 0 0
251642 4 1 2
251670 4 27 0
251677 4 0 0
251754 4 0 0
251759 4 0 0
251951 4 0 0
251952 4 0 0
251980 4 0 0
252044 4 0 0
252082 4 0 0
252088 4 27 2
252096 4 2 0
252127 4 0 0
252155 4 0 0
252173 4 2 2
252185 4 11 0
252238 4 0 0
252246 4 0 0
252281 4 0 0
252358 4 0 0
252372 4 0 0
252458 4 0 0
252460 4 0 0
252537 4 11 2
252545 4 7 0
252552 4 0 0
252580 4 0 0
252600 4 0 0
252655 4 0 0
252757 4 0 0
252804 4 0 0
252829 4 0 0
252890 4 0 0
252933 4 0 0
252969 4 0 0
253007 4 0 0
253060 4 0 0
253090 4 0 0
253217 4 0 0
253225 4 0 0
253238 4 0 0
253348 4 0 0
253351 4 0 0
253363 4 0 0
253439 4 7 2
253443 4 0 0
253459 4 3 0
253480 4 0 0
253538 4 0 0
253573 4 0 0
253601 4 3 2
253679 4 0 0
253680 4 0 0
253709 4 6 0
253714 4 0 0
253761 4 0 0
253822 4 0 0
253858 4 0 0
253860 4 6 2
253880 4 9 0
253934 4 0 0
253985 4 0 0
254004 4 9 2
254044 4 0 0
254129 4 0 0
254176 4 8 0
254196 4 0 0
254270 4 0 0
254362 4 0 0
254374 4 0 0
254428 4 0 0
254539 4 0 0
254541 4 8 2
254553 4 11 0
254650 4 0 0
254663 4 0 0
254790 4 11 2
254791 4 0 0
254802 4 0 0
254810 4 12 0
254911 4 0 0
254929 4 0 0
254959 4 12 2
254983 4 16 0
254985 4 0 0
255020 4 0 0
255119 4 0 0
255131 4 0 0
255236 4 0 0
255250 4 0 0
255278 4 0 1
255333 4 0 0
255333 4 16 2
255340 4 0 0
255341 4 13 0
255423 4 13 2
255440 4 0 0
255443 4 0 0
255471 4 2 0
255471 4 33 2
255542 4 0 0
255551 4 0 2
255574 4 0 0
255676 4 0 0
255683 4 0 0
255721 4 0 0
255800 4 0 0
255808 4 0 0
255822 4 0 0
255902 4 0 0
255914 4 2 2
255924 4 0 0
255950 4 14 0
255977 4 0 0
256042 4 0 0
256044 4 0 0
256048 4 0 1
256107 4 0 0
256144 4 0 0
256177 4 0 0
256229 4 0 0
256243 4 0 2
256262 4 0 0
256299 4 0 2
256304 4 0 0
256343 4 0 0
256360 4 14 2
256364 4 17 0
256379 4 0 0
256437 4 0 0
256559 4 0 0
256591 4 0 0
256592 4 0 0
256700 4 0 0
256731 4 0 0
256847 4 17 2
256852 4 0 0
256855 4 15 0
256898 4 0 0
256907 4 0 0
256960 4 0 0
256985 4 15 2
257005 4 18 0
257036 4 0 0
257092 4 0 0
257113 4 0 0
257130 4 0 0
257181 4 0 0
257264 4 0 0
257279 4 18 2
257303 4 4 0
257312 4 0 0
257370 4 4 2
257384 4 0 0
257410 4 40 0
257421 4 0 0
257530 4 0 0
257555 4 0 0
257558 4 0 0
257599 4 40 2
257603 4 38 0
257603 4 38 0
257669 4 38 2
257699 4 0 0
257770 4 0 0
257827 4 38 2
257829 4 0 0
257835 4 27 0
257842 4 0 0
257959 4 27 2
257960 4 0 0
257969 4 0 0
257979 4 35 0
258062 4 0 0
258071 4 0 0
258087 4 0 0
258183 4 0 0
258191 4 0 0
258219 4 35 2
258225 4 0 0
258275 4 28 0
258288 4 0 0
258306 4 0 0
258377 4 0 0
258384 4 28 2
258406 4 0 0
258434 4 0 0
258452 4 3 0
258471 4 0 0
258518 4 0 0
258556 4 0 0
258588 4 0 0
258592 4 3 2
258596 4 46 0
258604 4 0 0
258619 4 0 0
258754 4 0 0
258766 4 0 0
258826 4 0 0
258876 4 0 0
258957 4 46 2
258977 4 4 0
258986 4 0 0
259000 4 0 0
259050 4 0 0
259085 4 4 2
259097 4 0 0
259117 4 0 0
259178 4 0 0
259185 4 0 2
259189 4 29 0
259191 4 0 0
259326 4 0 0
259373 4 0 0
259428 4 0 0
259435 4 0 0
259532 4 0 0
259537 4 0 0
259568 4 0 0
259680 4 0 0
259767 4 0 0
259852 4 0 0
259886 4 29 2
259969 4 0 0
260030 4 47 0
260068 4 0 0
260146 4 0 0
260215 4 0 0
260234 4 0 0
260290 4 47 2
260298 4 0 0
260351 4 0 0
260362 4 30 0
260437 4 0 0
260494 4 0 0
260503 4 30 2
260625 4 0 0
260634 4 0 0
260740 4 0 0
260754 4 0 0
260855 4 31 0
260877 4 0 0
260936 4 0 0
260990 4 0 0
261068 4 0 0
261169 4 0 0
261198 4 0 0
261199 4 31 2
261203 4 44 0
261208 4 0 0
261289 4 0 0
261344 4 0 0
261348 4 44 2
261356 4 43 0
261390 4 0 0
261467 4 43 2
261474 4 0 0
261570 4 0 0
261591 4 0 0
261599 4 32 0
261704 4 0 0
261716 4 0 0
261741 4 32 2
261813 4 33 0
261818 4 0 0
261825 4 0 0
261922 4 0 0
261933 4 33 2
261940 4 0 0
261981 4 33 0
262066 4 0 0
262094 4 0 0
262170 4 0 0
262212 4 0 0
262282 4 33 2
262290 4 27 0
262309 4 2 0
262310 4 0 0
262328 4 0 0
262358 4 0 0
262478 4 0 0
262484 4 0 0
262570 4 0 0
262626 4 0 0
262676 4 0 0
262736 4 0 0
262756 4 27 2
262822 4 0 0
262860 4 54 0
262884 4 0 0
262891 4 0 0
262986 4 0 0
263025 4 0 0
263037 4 0 0
263135 4 0 0
263148 4 0 0
263242 4 54 2
263254 4 28 0
263266 4 0 0
263276 4 0 0
263384 4 28 2
263400 4 7 0
263404 4 0 0
263428 4 0 0
263524 4 0 0
263560 4 0 0
263648 4 0 0
263660 4 7 2
263668 4 56 0
263732 4 0 0
263781 4 0 0
263880 4 0 0
263898 4 0 0
264001 4 0 0
264001 4 56 2
264008 4 0 0
264017 4 8 0
264110 4 0 0
264145 4 0 0
264235 4 0 0
264254 4 8 2
264354 4 41 0
264382 4 0 0
264422 4 0 0
264509 4 0 0
264521 4 41 2
264551 4 0 0
264569 4 61 0
264586 4 0 0
264717 4 0 0
264819 4 61 2
264823 4 39 0
264843 4 0 0
264870 4 0 0
265001 4 0 0
265004 4 0 0
265015 4 39 2
265027 4 7 0
265122 4 0 0
265196 4 7 2
265256 4 8 0
265264 4 0 0
265330 4 8 2
265362 4 63 0
265382 4 0 0
265508 4 0 0
265599 4 0 0
265599 4 63 2
265707 4 0 0
265742 4 0 0
265775 4 0 2
265803 4 57 0
265864 4 0 0
265976 4 57 2
265990 4 0 0
266044 4 58 0
266096 4 0 0
266209 4 58 2
266240 4 0 0
266293 4 46 0
266344 4 0 0
266492 4 0 0
266583 4 2 0
266584 4 0 1
266601 4 0 0
266762 4 0 0
266781 4 2 2
266822 4 0 2
266906 4 0 0
267143 4 46 2
267155 4 59 0
267394 4 59 2
267426 4 32 0
267536 4 32 2
267544 4 50 0
267657 4 50 2
267733 4 60 0
268069 4 60 2
268077 4 62 0
268216 4 62 2
268220 4 3 0
268290 4 3 2
268302 4 5 0
268382 4 5 2
268410 4 17 0
268491 4 17 2
268511 4 6 0
268703 4 6 2
268795 4 11 0
269077 4 11 2
269085 4 10 0
269142 4 10 2
269162 4 11 0
269250 4 11 2
269258 4 6 0
269411 4 6 2
269447 4 36 0
269774 4 36 2
269834 4 12 0
269907 4 12 2
269915 4 0 0
270018 4 0 2
270142 4 15 0
270142 4 15 0
270192 4 15 2
270242 4 15 2
270362 4 7 0
270717 4 7 2
270733 4 0 0
270984 4 0 2
271132 4 9 0
271205 4 9 2
271237 4 8 0
271427 4 8 2
271455 4 41 0
271811 4 41 2
271919 4 14 0
272288 4 14 2
272560 4 61 0
272718 4 61 2
272790 4 54 0
272922 4 54 2
272954 4 55 0
273201 4 55 2
273429 4 40 0
273589 4 40 2
273617 4 49 0
273739 4 49 2
273751 4 51 0
273871 4 51 2
273891 4 37 0
273966 4 37 2
273970 4 20 0
274020 4 20 2
274036 4 3 0
274388 4 3 2
274480 4 21 0
274598 4 21 2
274606 4 56 0
274811 4 56 2
274831 4 57 0
274965 4 57 2
275053 4 58 0
275213 4 58 2
275293 4 59 0
275424 4 59 2
275448 4 63 0
275864 4 63 2
275948 4 33 0
276057 4 33 2
282025 4 0 2
283060 4 3 0
286853 4 3 0
286853 4 0 2
288478 4 0 1
288670 4 0 2
288727 4 0 2
313123 4 2 0
313124 4 0 1
313310 4 2 2
313351 4 0 2
316253 4 0 1
316441 4 2 2
316483 4 0 2
397694 4 0 0
401347 4 2 0
401348 4 2 2
422242 4 0 1
422429 4 2 2
422470 4 0 2
434286 4 2 0
434287 4 0 1
434479 4 2 2
434520 4 0 2
466333 4 0 1
466519 4 2 2
466560 4 0 2
475370 4 0 1
475559 4 2 2
475600 4 0 2
501315 4 2 0
501316 4 0 1
501509 4 2 2
501550 4 0 2
521500 4 2 0
521501 4 0 1
521689 4 2 2
521730 4 0 2
551745 4 2 0
551746 4 0 1
551939 4 2 2
551980 4 0 2
558350 4 2 0
558351 4 2 2
597645 4 0 1
597646 4 2 0
597833 4 2 2
597875 4 0 2
623646 4 2 0
623647 4 0 1
623842 4 2 2
623883 4 0 2
624832 4 2 0
624833 4 0 1
625022 4 2 2
625063 4 0 2
631523 4 2 0
631524 4 0 1
631713 4 2 2
631755 4 0 2
654843 4 2 0
654844 4 0 1
655033 4 2 2
655075 4 0 2
678700 4 2 0
678701 4 0 0
688922 4 2 0
688923 4 0 1
689112 4 2 2
689153 4 0 2
733957 4 2 0
733958 4 0 1
734152 4 2 2
734193 4 0 2
780175 4 2 0
780176 4 2 2
821368 4 2 0
821369 4 0 1
821560 4 2 2
821601 4 0 2
844348 4 2 0
844349 4 2 2
870279 4 2 0
870280 4 2 2
877648 4 2 0
877649 4 2 2
892509 4 2 2
892510 4 2 0
913147 4 2 0
913148 4 0 1
913342 4 2 2
913383 4 0 2
951561 4 2 0
951562 4 0 1
951752 4 2 2
951793 4 0 2
982162 4 2 0
982163 4 2 2
990643 4 2 0
990644 4 0 1
990832 4 2 2
990873 4 0 2
996865 4 2 0
996866 4 0 1
997052 4 2 2
997093 4 0 2
999006 4 2 0
999007 4 0 1
999202 4 2 2
999243 4 0 2
1016097 4 2 0
1016098 4 0 1
1016292 4 2 2
1016333 4 0 2
1024971 4 2 0
1024972 4 0 0
1025635 4 2 0
1025636 4 0 0
1045839 4 2 0
1045840 4 0 1
1046032 4 2 2
1046073 4 0 2
1047910 4 2 2
1048057 4 2 2
1048260 4 2 2
1166443 4 2 0
1166444 4 0 1
1166632 4 2 2
1166673 4 0 2
1170288 4 2 0
1170289 4 4 0
1170298 4 2 2
1170420 4 2 2
1170591 4 2 2
1170706 4 2 2
1171455 4 2 2
1171558 4 2 2
1175639 4 2 0
1175640 4 0 1
1175832 4 2 2
1175873 4 0 2
1203962 4 15 0
1203962 4 15 0
1206946 4 15 2
1207323 4 15 2
1207506 4 38 0
1207506 4 38 0
1207722 4 38 2
1209751 4 38 2
1209943 4 12 0
1209976 4 12 2
1210139 4 0 0
1211045 4 2 0
1211046 4 0 1
1211236 4 7 0
1211282 4 2 2
1211323 4 0 2
1211340 4 7 2
1211820 4 15 0
1211820 4 15 0
1211879 4 15 2
1211880 4 15 2
1211967 4 38 0
1211967 4 38 0
1215174 4 38 2
1215211 4 38 2
1215367 4 46 0
1215449 4 46 2
1215649 4 47 0
1215738 4 47 2
1217942 4 15 0
1217942 4 15 0
1217992 4 15 2
1218000 4 15 2
1218356 4 42 0
1218634 4 42 2
1219210 4 43 0
1219518 4 43 2
1220094 4 44 0
1220390 4 44 2
1220966 4 45 0
1221255 4 45 2
1221831 4 46 0
1222140 4 46 2
1222716 4 47 0
1222979 4 47 2
1223555 4 48 0
1223868 4 48 2
1224444 4 49 0
1224807 4 49 2
1225383 4 50 0
1225654 4 50 2
1226230 4 51 0
1226508 4 51 2
1227084 4 52 0
1227399 4 52 2
1227975 4 53 0
1228284 4 53 2
1228860 4 54 0
1229170 4 54 2
1229746 4 55 0
1230010 4 55 2
1230305 4 46 2
1230586 4 56 0
1230917 4 56 2
1231104 4 46 0
1231253 4 46 0
1231401 4 46 0
1231493 4 57 0
1231975 4 57 2
1232103 4 46 0
1232273 4 46 0
1232551 4 58 0
1232824 4 58 2
1233023 4 46 0
1233239 4 46 0
1233359 4 46 0
1233400 4 59 0
1233459 4 46 0
1233489 4 0 1
1233643 4 46 0
1233649 4 2 0
1233650 4 0 1
1233678 4 59 2
1233695 4 46 2
1233776 4 0 2
1233791 4 46 0
1233823 4 0 0
1233862 4 2 2
1233900 4 46 0
1233902 4 0 2
1234004 4 46 0
1234131 4 46 0
1234236 4 0 1
1234242 4 46 0
1234254 4 60 0
1234361 4 46 0
1234443 4 17 2
1234477 4 46 0
1234508 4 0 2
1234515 4 0 1
1234577 4 46 0
1234586 4 60 2
1234723 4 55 2
1234803 4 46 0
1234821 4 0 2
1234826 4 0 1
1235023 4 63 2
1235095 4 46 0
1235129 4 0 2
1235162 4 61 0
1235207 4 0 1
1235377 4 46 0
1235381 4 0 1
1235403 4 14 2
1235453 4 0 2
1235481 4 61 2
1235503 4 46 0
1235573 4 13 2
1235623 4 0 2
1235663 4 46 0
1235795 4 46 0
1235955 4 46 0
1236057 4 62 0
1236075 4 46 0
1236208 4 0 1
1236325 4 46 0
1236359 4 62 2
1236389 4 0 1
1236403 4 15 2
1236461 4 0 2
1236467 4 0 1
1236577 4 46 0
1236603 4 50 2
1236673 4 0 1
1236693 4 0 2
1236713 4 28 2
1236716 4 46 0
1236763 4 0 2
1236852 4 46 0
1236863 4 30 2
1236896 4 0 1
1236929 4 0 2
1236935 4 63 0
1236947 4 46 0
1236991 4 0 1
1237063 4 46 0
1237083 4 56 2
1237113 4 0 1
1237197 4 0 2
1237213 4 51 2
1237280 4 46 0
1237295 4 0 2
1237299 4 63 2
1237323 4 23 2
1237385 4 0 1
1237389 4 0 2
1237481 4 46 0
1237486 4 0 1
1237575 4 62 2
1237581 4 0 1
1237607 4 46 0
1237673 4 0 2
1237683 4 54 2
1237691 4 0 1
1237706 4 46 0
1237772 4 0 2
1237793 4 42 2
1237837 4 0 1
1237867 4 46 0
1237875 4 0 0
1237875 4 0 0
1237877 4 0 2
1237903 4 38 2
1237925 4 0 2
1237976 4 0 2
1237993 4 46 0
1237993 4 0 1
1238033 4 18 2
1238089 4 0 2
1238091 4 0 2
1238150 4 46 0
1238184 4 25 2
1238220 4 0 1
1238260 4 0 2
1238332 4 46 0
1238357 4 2 0
1238413 4 6 2
1238441 4 46 0
1238455 4 0 2
1238493 4 2 2
1238549 4 3 0
1238557 4 46 0
1238607 4 0 1
1238646 4 3 2
1238650 4 7 0
1238651 4 46 0
1238691 4 0 1
1238753 4 46 0
1238813 4 40 2
1238850 4 0 1
1238869 4 46 0
1238914 4 0 2
1238924 4 12 2
1238953 4 0 1
1238958 4 0 2
1238981 4 46 0
1239008 4 7 2
1239043 4 16 2
1239096 4 4 0
1239105 4 46 0
1239120 4 0 2
1239153 4 44 2
1239186 4 4 2
1239217 4 0 1
1239219 4 0 2
1239247 4 46 0
1239287 4 0 1
1239371 4 46 0
1239405 4 0 1
1239433 4 47 2
1239493 4 46 0
1239523 4 0 2
1239543 4 7 2
1239574 4 1 0
1239593 4 0 2
1239599 4 46 0
1239653 4 8 2
1239699 4 46 0
1239719 4 0 2
1239809 4 0 1
1239857 4 46 0
1239870 4 1 2
1239925 4 0 1
1239975 4 46 0
1240003 4 49 2
1240027 4 0 1
1240077 4 46 0
1240100 4 0 2
1240113 4 48 2
1240145 4 0 1
1240205 4 46 0
1240219 4 0 2
1240236 4 21 2
1240263 4 0 1
1240286 4 0 2
1240334 4 2 0
1240339 4 0 0
1240346 4 26 2
1240349 4 0 1
1240389 4 46 0
1240412 4 0 2
1240446 4 2 0
1240458 4 34 2
1240519 4 46 0
1240532 4 0 2
1240564 4 1 2
1240615 4 0 2
1240651 4 0 1
1240686 4 46 0
1240738 4 0 1
1240784 4 2 2
1240825 4 46 0
1240843 4 24 2
1240901 4 0 1
1240916 4 46 0
1240925 4 0 2
1240953 4 27 2
1241009 4 46 0
1241011 4 0 2
1241067 4 0 1
1241093 4 5 2
1241126 4 0 2
1241192 4 0 1
1241264 4 58 2
1241278 4 0 1
1241360 4 3 0
1241362 4 0 2
1241383 4 43 2
1241457 4 0 2
1241493 4 10 2
1241544 4 0 2
1241567 4 0 1
1241671 4 0 1
1241728 4 3 2
1241763 4 61 2
1241773 4 0 1
1241850 4 0 1
1241853 4 0 2
1241883 4 33 2
1241962 4 0 1
1241965 4 0 2
1241993 4 37 2
1242059 4 0 2
1242089 4 0 1
1242113 4 11 2
1242155 4 0 2
1242223 4 3 2
1242235 4 0 1
1242257 4 0 2
1242304 4 4 0
1242313 4 0 1
1242333 4 19 2
1242383 4 0 2
1242443 4 22 2
1242447 4 0 1
1242501 4 0 2
1242549 4 0 1
1242553 4 4 2
1242569 4 4 2
1242578 4 0 2
1242664 4 9 2
1242699 4 0 1
1242722 4 0 2
1242773 4 20 2
1242811 4 0 1
1242815 4 0 2
1242893 4 53 2
1242965 4 0 1
1242975 4 0 2
1243003 4 31 2
1243076 4 0 2
1243129 4 0 1
1243145 4 5 0
1243153 4 29 2
1243210 4 0 2
1243231 4 0 1
1243323 4 60 2
1243349 4 0 1
1243404 4 0 2
1243405 4 5 2
1243434 4 52 2
1243445 4 0 1
1243508 4 0 2
1243543 4 39 2
1243579 4 0 1
1243625 4 0 2
1243653 4 35 2
1243719 4 0 2
1243738 4 0 1
1243773 4 32 2
1243863 4 0 2
1243905 4 0 1
1243933 4 59 2
1243981 4 6 0
1243991 4 0 1
1244023 4 0 2
1244087 4 0 1
1244093 4 57 2
1244199 4 0 2
1244205 4 45 2
1244219 4 0 1
1244279 4 0 2
1244313 4 36 2
1244340 4 6 2
1244371 4 0 2
1244423 4 41 2
1244513 4 0 2
1244916 4 7 0
1245250 4 7 2
1245826 4 8 0
1246098 4 8 2
1246674 4 9 0
1246987 4 9 2
1247563 4 10 0
1247885 4 10 2
1248461 4 11 0
1248461 4 11 0
1248495 4 11 2
1248788 4 11 2
1249364 4 12 0
1249648 4 12 2
1250224 4 13 0
1250493 4 13 2
1251069 4 14 0
1251411 4 14 2
1251987 4 15 0
1252300 4 15 2
1252876 4 16 0
1253147 4 16 2
1253723 4 17 0
1254045 4 17 2
1254621 4 18 0
1254923 4 18 2
1255499 4 19 0
1255828 4 19 2
1256404 4 20 0
1256706 4 20 2
1257282 4 21 0
1257590 4 21 2
1257887 4 0 1
1258083 4 0 2
1258141 4 0 2
1258166 4 22 0
1258490 4 22 2
1259066 4 23 0
1259371 4 23 2
1259947 4 24 0
1260214 4 24 2
1260790 4 25 0
1261103 4 25 2
1261679 4 26 0
1261973 4 26 2
1262549 4 27 0
1262878 4 27 2
1263454 4 28 0
1263723 4 28 2
1264299 4 29 0
1264559 4 29 2
1264676 4 2 0
1264677 4 2 2
1265135 4 30 0
1265439 4 30 2
1266015 4 31 0
1266380 4 31 2
1266956 4 32 0
1267242 4 32 2
1267818 4 33 0
1268141 4 33 2
1268717 4 34 0
1268996 4 34 2
1269572 4 35 0
1269858 4 35 2
1270434 4 36 0
1270722 4 36 2
1271298 4 37 0
1271578 4 37 2
1272154 4 38 0
1272480 4 38 2
1273056 4 39 0
1273320 4 39 2
1273787 4 2 0
1273788 4 0 1
1273896 4 40 0
1273982 4 2 2
1274023 4 0 2
1274200 4 40 2
1288360 4 8 0
1288708 4 8 2
1290050 4 2 0
1290051 4 0 1
1290242 4 2 2
1290283 4 0 2
1303885 4 2 0
1303886 4 0 1
1304072 4 2 2
1304113 4 0 2
1306079 4 2 0
1306080 4 2 2
1309397 4 2 0
1309398 4 0 1
1309592 4 2 2
1309633 4 0 2
1314204 4 2 2
1314319 4 2 2
1314434 4 2 2
1319690 4 2 0
1319691 4 0 0
1320192 4 2 0
1320193 4 0 0
1322254 4 2 2
1322255 4 2 0
1322400 4 31 0
1322497 4 31 2
1322541 4 35 0
1322907 4 35 2
1322967 4 32 0
1323092 4 32 2
1323192 4 33 0
1323311 4 33 2
1323403 4 34 0
1323513 4 34 2
1323545 4 1 0
1323545 4 1 0
1323587 4 1 2
1323603 4 1 2
1323647 4 32 0
1323747 4 32 2
1323755 4 35 0
1323845 4 2 0
1323846 4 0 0
1323854 4 35 2
1323858 4 60 0
1323987 4 60 2
1324003 4 61 0
1324053 4 46 2
1324116 4 61 2
1324176 4 48 0
1324316 4 48 2
1324356 4 49 0
1324478 4 49 2
1324514 4 36 0
1324514 4 36 0
1324564 4 36 2
1324609 4 36 2
1324673 4 37 0
1324673 4 37 0
1324731 4 37 2
1324765 4 37 2
1324808 4 46 0
1324813 4 58 0
1324813 4 58 0
1324903 4 58 2
1324928 4 46 0
1324936 4 58 2
1324948 4 31 0
1325210 4 31 2
1325222 4 30 0
1325405 4 46 0
1325499 4 46 0
1325531 4 30 2
1325539 4 59 0
1325539 4 59 0
1325589 4 46 0
1325621 4 59 2
1325654 4 59 2
1325706 4 34 0
1325759 4 46 0
1325866 4 46 0
1325983 4 46 0
1325993 4 34 2
1326033 4 0 0
1326100 4 46 0
1326233 4 0 0
1326234 4 46 0
1326268 4 0 2
1326276 4 33 0
1326612 4 33 2
1326628 4 60 0
1326738 4 60 2
1326758 4 32 0
1327042 4 32 2
1327118 4 61 0
1327230 4 61 2
1327354 4 62 0
1327572 4 62 2
1327660 4 12 0
1327749 4 12 2
1327761 4 39 0
1327884 4 39 2
1327896 4 13 0
1327989 4 13 2
1327993 4 48 0
1328053 4 46 0
1328109 4 48 2
1328121 4 59 0
1328228 4 59 2
1328256 4 54 0
1328256 4 54 0
1328307 4 46 0
1328339 4 54 2
1328412 4 46 0
1328418 4 54 2
1328458 4 55 0
1328552 4 46 0
1328662 4 46 0
1328707 4 55 2
1328731 4 56 0
1328772 4 46 0
1328873 4 56 2
1328895 4 46 0
1328901 4 57 0
1329004 4 46 0
1329028 4 57 2
1329092 4 58 0
1329096 4 46 0
1329211 4 46 0
1329214 4 58 2
1329250 4 49 0
1329304 4 46 0
1329363 4 49 2
1329403 4 63 0
1329430 4 46 0
1329523 4 46 0
1329552 4 63 2
1329600 4 15 0
1329689 4 15 2
1329705 4 44 0
1329783 4 46 0
1329795 4 44 2
1329815 4 45 0
1329923 4 45 2
1330141 4 46 0
1330171 4 0 0
1330247 4 46 0
1330354 4 0 2
1330376 4 46 0
1330446 4 1 0
1330506 4 1 2
1330568 4 46 0
1330606 4 2 0
1330731 4 2 2
1330751 4 41 0
1330781 4 46 0
1330869 4 41 2
1330941 4 3 0
1330954 4 46 0
1331044 4 3 2
1331065 4 46 0
1331178 4 46 0
1331278 4 46 0
1331304 4 5 0
1331363 4 2 0
1331366 4 2 2
1331401 4 46 0
1331464 4 5 2
1331502 4 46 0
1331512 4 6 0
1331596 4 46 0
1331622 4 6 2
1331710 4 7 0
1331794 4 7 2
1331878 4 3 2
1331902 4 8 0
1331967 4 8 2
1331977 4 0 2
1331983 4 46 0
1332023 4 1 0
1332089 4 1 2
1332113 4 46 0
1332222 4 46 0
1332315 4 46 0
1332424 4 3 2
1332433 4 46 0
1332535 4 46 0
1332537 4 46 0
1332627 4 46 2
1332635 4 4 0
1332639 4 46 0
1332711 4 0 2
1332740 4 46 0
1332847 4 46 0
1332929 4 0 2
1332944 4 46 0
1333025 4 4 2
1333049 4 47 0
1333054 4 46 0
1333149 4 47 2
1333293 4 12 0
1333333 4 46 0
1333343 4 12 2
1333435 4 46 0
1333534 4 46 0
1333707 4 10 0
1333776 4 46 0
1333795 4 10 2
1333847 4 63 2
1333882 4 46 0
1333915 4 1 0
1333915 4 1 0
1333965 4 1 2
1333967 4 1 2
1333977 4 46 0
1334223 4 0 2
1334237 4 46 0
1334344 4 46 0
1334379 4 3 2
1334413 4 46 0
1334442 4 0 2
1334503 4 46 2
1334535 4 47 0
1334535 4 47 0
1334539 4 46 0
1334573 4 3 2
1334635 4 47 2
1334648 4 47 2
1334735 4 46 0
1334779 4 12 0
1334779 4 12 0
1334805 4 12 2
1334830 4 12 2
1334837 4 46 0
1334976 4 46 0
1335163 4 46 0
1335302 4 46 0
1335314 4 1 0
1335362 4 1 2
1335454 4 46 0
1335598 4 1 2
1335810 4 46 0
1335810 4 46 0
1335884 4 46 2
1335894 4 46 2
1335926 4 47 0
1336014 4 47 2
1336153 4 63 2
1336158 4 12 0
1336191 4 12 2
1336412 4 63 2
1336675 4 1 0
1336675 4 1 0
1336717 4 1 2
1336725 4 1 2
1337157 4 8 0
1337157 4 8 0
1337215 4 8 2
1337242 4 8 2
1337258 4 46 0
1337341 4 46 2
1337373 4 47 0
1337462 4 47 2
1337606 4 12 0
1337639 4 12 2
1337750 4 1 2
1337962 4 1 2
1338123 4 1 0
1338123 4 1 0
1338165 4 1 2
1338173 4 1 2
1338621 4 46 0
1338621 4 46 0
1338695 4 46 2
1338709 4 46 2
1338741 4 47 0
1338741 4 47 0
1338823 4 47 2
1338831 4 47 2
1338975 4 12 0
1338975 4 12 0
1339001 4 12 2
1339009 4 12 2
1339493 4 1 0
1339493 4 1 0
1339535 4 1 2
1339547 4 1 2
1339995 4 46 0
1339995 4 46 0
1340073 4 46 2
1340089 4 46 2
1340121 4 47 0
1340121 4 47 0
1340203 4 47 2
1340211 4 47 2
1340355 4 12 0
1340355 4 12 0
1340381 4 12 2
1340389 4 12 2
1340873 4 1 0
1340873 4 1 0
1340915 4 1 2
1340922 4 1 2
1341370 4 46 0
1341370 4 46 0
1341448 4 46 2
1341473 4 46 2
1341505 4 47 0
1341505 4 47 0
1341587 4 47 2
1341595 4 47 2
1341739 4 12 0
1341739 4 12 0
1341765 4 12 2
1341773 4 12 2
1342257 4 1 0
1342257 4 1 0
1342299 4 1 2
1342307 4 1 2
1342755 4 46 0
1342755 4 46 0
1342829 4 46 2
1342837 4 46 2
1342869 4 47 0
1342869 4 47 0
1342951 4 47 2
1342959 4 47 2
1343103 4 12 0
1343103 4 12 0
1343129 4 12 2
1343138 4 12 2
1343622 4 1 0
1343622 4 1 0
1343665 4 1 2
1343673 4 1 2
1344121 4 46 0
1344121 4 46 0
1344195 4 46 2
1344204 4 46 2
1344236 4 47 0
1344236 4 47 0
1344318 4 47 2
1344327 4 47 2
1344471 4 12 0
1344471 4 12 0
1344497 4 12 2
1344510 4 12 2
1344994 4 1 0
1344994 4 1 0
1345036 4 1 2
1345044 4 1 2
1345492 4 46 0
1345492 4 46 0
1345566 4 46 2
1345574 4 46 2
1345606 4 47 0
1345606 4 47 0
1345688 4 47 2
1345696 4 47 2
1345840 4 12 0
1345840 4 12 0
1345866 4 12 2
1345874 4 12 2
1346358 4 1 0
1346358 4 1 0
1346400 4 1 2
1346407 4 1 2
1346855 4 46 0
1346855 4 46 0
1346929 4 46 2
1346937 4 46 2
1346969 4 47 0
1346969 4 47 0
1347051 4 47 2
1347059 4 47 2
1347203 4 12 0
1347203 4 12 0
1347229 4 12 2
1347237 4 12 2
1347721 4 1 0
1347721 4 1 0
1347763 4 1 2
1347771 4 1 2
1348203 4 9 0
1348277 4 9 2
1348293 4 46 0
1348293 4 46 0
1348367 4 46 2
1348375 4 46 2
1348407 4 47 0
1348407 4 47 0
1348489 4 47 2
1348498 4 47 2
1348642 4 12 0
1348642 4 12 0
1348668 4 12 2
1348676 4 12 2
1349160 4 1 0
1349160 4 1 0
1349203 4 1 2
1349210 4 1 2
1349612 4 2 0
1349613 4 2 2
1349658 4 46 0
1349658 4 46 0
1349733 4 46 2
1349741 4 46 2
1349773 4 47 0
1349773 4 47 0
1349855 4 47 2
1349862 4 47 2
1350006 4 12 0
1350006 4 12 0
1350032 4 12 2
1350044 4 12 2
1350528 4 1 0
1350528 4 1 0
1350570 4 1 2
1350579 4 1 2
1351027 4 46 0
1351027 4 46 0
1351101 4 46 2
1351112 4 46 2
1351144 4 47 0
1351144 4 47 0
1351226 4 47 2
1351234 4 47 2
1351378 4 12 0
1351378 4 12 0
1351404 4 12 2
1351415 4 12 2
1351871 4 2 0
1351872 4 2 2
1351899 4 1 0
1351899 4 1 0
1351941 4 1 2
1351951 4 1 2
1352399 4 46 0
1352399 4 46 0
1352474 4 46 2
1352483 4 46 2
1352515 4 47 0
1352515 4 47 0
1352597 4 47 2
1352608 4 47 2
1352752 4 12 0
1352752 4 12 0
1352779 4 12 2
1352787 4 12 2
1353271 4 1 0
1353271 4 1 0
1353313 4 1 2
1353322 4 1 2
1353357 4 2 0
1353358 4 2 2
1353770 4 46 0
1353770 4 46 0
1353844 4 46 2
1353893 4 46 2
1353925 4 47 0
1353925 4 47 0
1354007 4 47 2
1354019 4 47 2
1354163 4 12 0
1354163 4 12 0
1354189 4 12 2
1354205 4 12 2
1354689 4 1 0
1354689 4 1 0
1354731 4 1 2
1354740 4 1 2
1355188 4 46 0
1355188 4 46 0
1355272 4 46 2
1355276 4 46 2
1355304 4 47 0
1355304 4 47 0
1355387 4 47 2
1355405 4 47 2
1355549 4 12 0
1355549 4 12 0
1355575 4 12 2
1355585 4 12 2
1356069 4 1 0
1356069 4 1 0
1356111 4 1 2
1356120 4 1 2
1356568 4 46 0
1356568 4 46 0
1356642 4 46 2
1356651 4 46 2
1356683 4 47 0
1356683 4 47 0
1356765 4 47 2
1356773 4 47 2
1356917 4 12 0
1356917 4 12 0
1356943 4 12 2
1356951 4 12 2
1357435 4 1 0
1357435 4 1 0
1357477 4 1 2
1357505 4 1 2
1357953 4 46 0
1357953 4 46 0
1358029 4 46 2
1358045 4 46 2
1358077 4 47 0
1358077 4 47 0
1358175 4 47 2
1358228 4 47 2
1358372 4 12 0
1358372 4 12 0
1358398 4 12 2
1358406 4 12 2
1358890 4 1 0
1358890 4 1 0
1358932 4 1 2
1358950 4 1 2
1359382 4 10 0
1359471 4 10 2
1359487 4 46 0
1359487 4 46 0
1359561 4 46 2
1359570 4 46 2
1359602 4 47 0
1359602 4 47 0
1359684 4 47 2
1359695 4 47 2
1359839 4 12 0
1359839 4 12 0
1359865 4 12 2
1359873 4 12 2
1360357 4 1 0
1360357 4 1 0
1360399 4 1 2
1360407 4 1 2
1360855 4 46 0
1360855 4 46 0
1360929 4 46 2
1360940 4 46 2
1360972 4 47 0
1360972 4 47 0
1361054 4 47 2
1361067 4 47 2
1361211 4 12 0
1361211 4 12 0
1361251 4 12 2
1361252 4 12 2
1361735 4 1 0
1361735 4 1 0
1361777 4 1 2
1361789 4 1 2
1362030 4 2 0
1362031 4 2 2
1362237 4 46 0
1362237 4 46 0
1362312 4 46 2
1362319 4 46 2
1362351 4 47 0
1362351 4 47 0
1362433 4 47 2
1362444 4 47 2
1362588 4 12 0
1362588 4 12 0
1362614 4 12 2
1362621 4 12 2
1363105 4 1 0
1363105 4 1 0
1363147 4 1 2
1363155 4 1 2
1363603 4 46 0
1363603 4 46 0
1363677 4 46 2
1363689 4 46 2
1363721 4 47 0
1363721 4 47 0
1363803 4 47 2
1363811 4 47 2
1363955 4 12 0
1363955 4 12 0
1363981 4 12 2
1363990 4 12 2
1364474 4 1 0
1364474 4 1 0
1364516 4 1 2
1364528 4 1 2
1364976 4 46 0
1364976 4 46 0
1365100 4 46 2
1365132 4 47 0
1365132 4 47 0
1365150 4 46 2
1365222 4 47 2
1365304 4 47 2
1365366 4 12 0
1365366 4 12 0
1365409 4 12 2
1365464 4 12 2
1365893 4 1 0
1365893 4 1 0
1365983 4 1 2
1366025 4 1 2
1366473 4 46 0
1366473 4 46 0
1366574 4 46 2
1366597 4 46 2
1366606 4 47 0
1366606 4 47 0
1366696 4 47 2
1366758 4 47 2
1366840 4 12 0
1366840 4 12 0
1366873 4 12 2
1366906 4 12 2
1367357 4 1 0
1367357 4 1 0
1367409 4 1 2
1367447 4 1 2
1367895 4 46 0
1367895 4 46 0
1367994 4 46 2
1368019 4 46 2
1368026 4 47 0
1368026 4 47 0
1368116 4 47 2
1368178 4 47 2
1368260 4 12 0
1368260 4 12 0
1368299 4 12 2
1368316 4 12 2
1368783 4 1 0
1368783 4 1 0
1368825 4 1 2
1368843 4 1 2
1369291 4 46 0
1369291 4 46 0
1369405 4 46 2
1369435 4 46 2
1369437 4 47 0
1369437 4 47 0
1369528 4 47 2
1369601 4 47 2
1369672 4 12 0
1369672 4 12 0
1369707 4 12 2
1369748 4 12 2
1370191 4 1 0
1370191 4 1 0
1370241 4 1 2
1370253 4 1 2
1370673 4 11 0
1370673 4 11 0
1370707 4 11 2
1370760 4 11 2
1370776 4 46 0
1370776 4 46 0
1370863 4 46 2
1370895 4 47 0
1370895 4 47 0
1370911 4 46 2
1370998 4 47 2
1371067 4 47 2
1371142 4 12 0
1371142 4 12 0
1371183 4 12 2
1371218 4 12 2
1371667 4 1 0
1371667 4 1 0
1371721 4 1 2
1371723 4 1 2
1372171 4 46 0
1372171 4 46 0
1372255 4 46 2
1372287 4 47 0
1372287 4 47 0
1372335 4 46 2
1372383 4 47 2
1372489 4 47 2
1372527 4 12 0
1372527 4 12 0
1372555 4 12 2
1372565 4 12 2
1373049 4 1 0
1373049 4 1 0
1373091 4 1 2
1373099 4 1 2
1373547 4 46 0
1373547 4 46 0
1373621 4 46 2
1373640 4 46 2
1373672 4 47 0
1373672 4 47 0
1373759 4 47 2
1373763 4 47 2
1373907 4 12 0
1373907 4 12 0
1373933 4 12 2
1373942 4 12 2
1374426 4 1 0
1374426 4 1 0
1374468 4 1 2
1374517 4 1 2
1374965 4 46 0
1374965 4 46 0
1375041 4 46 2
1375049 4 46 2
1375081 4 47 0
1375081 4 47 0
1375163 4 47 2
1375182 4 47 2
1375326 4 12 0
1375326 4 12 0
1375352 4 12 2
1375365 4 12 2
1375849 4 1 0
1375849 4 1 0
1375891 4 1 2
1375910 4 1 2
1376358 4 46 0
1376358 4 46 0
1376433 4 46 2
1376490 4 46 2
1376522 4 47 0
1376522 4 47 0
1376604 4 47 2
1376643 4 47 2
1376787 4 12 0
1376787 4 12 0
1376813 4 12 2
1376821 4 12 2
1377305 4 1 0
1377305 4 1 0
1377347 4 1 2
1377365 4 1 2
1377813 4 46 0
1377813 4 46 0
1377888 4 46 2
1377896 4 46 2
1377928 4 47 0
1377928 4 47 0
1378018 4 47 2
1378020 4 47 2
1378164 4 12 0
1378164 4 12 0
1378190 4 12 2
1378198 4 12 2
1378682 4 1 0
1378682 4 1 0
1378724 4 1 2
1378761 4 1 2
1379209 4 46 0
1379209 4 46 0
1379283 4 46 2
1379301 4 46 2
1379333 4 47 0
1379333 4 47 0
1379415 4 47 2
1379426 4 47 2
1379570 4 12 0
1379570 4 12 0
1379596 4 12 2
1379604 4 12 2
1380088 4 1 0
1380088 4 1 0
1380130 4 1 2
1380167 4 1 2
1380615 4 46 0
1380615 4 46 0
1380696 4 46 2
1380699 4 46 2
1380731 4 47 0
1380731 4 47 0
1380813 4 47 2
1380821 4 47 2
1380965 4 12 0
1380965 4 12 0
1380991 4 12 2
1380999 4 12 2
1381483 4 1 0
1381483 4 1 0
1381525 4 1 2
1381553 4 1 2
1381985 4 12 0
1381985 4 12 0
1382012 4 12 2
1382020 4 12 2
1382036 4 46 0
1382036 4 46 0
1382110 4 46 2
1382118 4 46 2
1382150 4 47 0
1382150 4 47 0
1382232 4 47 2
1382242 4 47 2
1382386 4 12 0
1382386 4 12 0
1382412 4 12 2
1382420 4 12 2
1382904 4 1 0
1382904 4 1 0
1382947 4 1 2
1382974 4 1 2
1383422 4 46 0
1383422 4 46 0
1383498 4 46 2
1383531 4 46 2
1383563 4 47 0
1383563 4 47 0
1383645 4 47 2
1383685 4 47 2
1383829 4 12 0
1383829 4 12 0
1383855 4 12 2
1383863 4 12 2
1384347 4 1 0
1384347 4 1 0
1384389 4 1 2
1384443 4 1 2
1384891 4 46 0
1384891 4 46 0
1384965 4 46 2
1384976 4 46 2
1385008 4 47 0
1385008 4 47 0
1385090 4 47 2
1385103 4 47 2
1385247 4 12 0
1385247 4 12 0
1385273 4 12 2
1385281 4 12 2
1385765 4 1 0
1385765 4 1 0
1385807 4 1 2
1385826 4 1 2
1386274 4 46 0
1386274 4 46 0
1386348 4 46 2
1386362 4 46 2
1386394 4 47 0
1386394 4 47 0
1386476 4 47 2
1386488 4 47 2
1386632 4 12 0
1386632 4 12 0
1386659 4 12 2
1386668 4 12 2
1387152 4 1 0
1387152 4 1 0
1387194 4 1 2
1387231 4 1 2
1387679 4 46 0
1387679 4 46 0
1387753 4 46 2
1387833 4 46 2
1387865 4 47 0
1387865 4 47 0
1387947 4 47 2
1387956 4 47 2
1388100 4 12 0
1388100 4 12 0
1388126 4 12 2
1388134 4 12 2
1388618 4 1 0
1388618 4 1 0
1388660 4 1 2
1388668 4 1 2
1389116 4 46 0
1389116 4 46 0
1389206 4 46 2
1389210 4 46 2
1389242 4 47 0
1389242 4 47 0
1389328 4 47 2
1389332 4 47 2
1389476 4 12 0
1389476 4 12 0
1389502 4 12 2
1389515 4 12 2
1389999 4 1 0
1389999 4 1 0
1390041 4 1 2
1390069 4 1 2
1390517 4 46 0
1390517 4 46 0
1390591 4 46 2
1390670 4 46 2
1390702 4 47 0
1390702 4 47 0
1390784 4 47 2
1390794 4 47 2
1390938 4 12 0
1390938 4 12 0
1390965 4 12 2
1390973 4 12 2
1391457 4 1 0
1391457 4 1 0
1391499 4 1 2
1391529 4 1 2
1391977 4 46 0
1391977 4 46 0
1392051 4 46 2
1392059 4 46 2
1392091 4 47 0
1392091 4 47 0
1392178 4 47 2
1392181 4 47 2
1392325 4 12 0
1392325 4 12 0
1392351 4 12 2
1392361 4 12 2
1392845 4 1 0
1392845 4 1 0
1392887 4 1 2
1392935 4 1 2
1393367 4 13 0
1393473 4 13 2
1393489 4 46 0
1393489 4 46 0
1393563 4 46 2
1393570 4 46 2
1393602 4 47 0
1393602 4 47 0
1393685 4 47 2
1393691 4 47 2
1393835 4 12 0
1393835 4 12 0
1393861 4 12 2
1393869 4 12 2
1394353 4 1 0
1394353 4 1 0
1394395 4 1 2
1394403 4 1 2
1394851 4 46 0
1394851 4 46 0
1394925 4 46 2
1394932 4 46 2
1394964 4 47 0
1394964 4 47 0
1395046 4 47 2
1395054 4 47 2
1395198 4 12 0
1395198 4 12 0
1395224 4 12 2
1395232 4 12 2
1395716 4 1 0
1395716 4 1 0
1395758 4 1 2
1395766 4 1 2
1396214 4 46 0
1396214 4 46 0
1396288 4 46 2
1396298 4 46 2
1396330 4 47 0
1396330 4 47 0
1396414 4 47 2
1396420 4 47 2
1396423 4 2 0
1396424 4 46 0
1396564 4 12 0
1396564 4 12 0
1396590 4 12 2
1396600 4 12 2
1397084 4 1 0
1397084 4 1 0
1397126 4 1 2
1397144 4 1 2
1397592 4 46 0
1397592 4 46 0
1397667 4 46 2
1397680 4 46 2
1397712 4 47 0
1397712 4 47 0
1397794 4 47 2
1397803 4 47 2
1397947 4 12 0
1397947 4 12 0
1397973 4 12 2
1397986 4 12 2
1398470 4 1 0
1398470 4 1 0
1398512 4 1 2
1398530 4 1 2
1398978 4 46 0
1398978 4 46 0
1399052 4 46 2
1399123 4 46 2
1399155 4 47 0
1399155 4 47 0
1399241 4 47 2
1399244 4 47 2
1399388 4 12 0
1399388 4 12 0
1399414 4 12 2
1399421 4 12 2
1399905 4 1 0
1399905 4 1 0
1399947 4 1 2
1399957 4 1 2
1400405 4 46 0
1400405 4 46 0
1400479 4 46 2
1400492 4 46 2
1400524 4 47 0
1400524 4 47 0
1400606 4 47 2
1400614 4 47 2
1400758 4 12 0
1400758 4 12 0
1400784 4 12 2
1400792 4 12 2
1401276 4 1 0
1401276 4 1 0
1401325 4 1 2
1401368 4 1 2
1401773 4 46 0
1401773 4 46 0
1401847 4 46 2
1401856 4 46 2
1401888 4 47 0
1401888 4 47 0
1401973 4 47 2
1401978 4 47 2
1402122 4 12 0
1402122 4 12 0
1402156 4 12 2
1402158 4 12 2
1402640 4 1 0
1402640 4 1 0
1402690 4 1 2
1402802 4 1 2
1403138 4 46 0
1403138 4 46 0
1403213 4 46 2
1403236 4 46 2
1403268 4 47 0
1403268 4 47 0
1403355 4 47 2
1403359 4 47 2
1403503 4 12 0
1403503 4 12 0
1403529 4 12 2
1403536 4 12 2
1404020 4 1 0
1404020 4 1 0
1404062 4 1 2
1404069 4 1 2
1404501 4 14 0
1404615 4 14 2
1404631 4 46 0
1404631 4 46 0
1404706 4 46 2
1404734 4 46 2
1404766 4 47 0
1404766 4 47 0
1404848 4 47 2
1404965 4 47 2
1405109 4 12 0
1405109 4 12 0
1405154 4 12 2
1405225 4 12 2
1405638 4 1 0
1405638 4 1 0
1405680 4 1 2
1405789 4 1 2
1406237 4 46 0
1406237 4 46 0
1406329 4 46 2
1406342 4 46 2
1406361 4 47 0
1406361 4 47 0
1406443 4 47 2
1406464 4 47 2
1406608 4 12 0
1406608 4 12 0
1406643 4 12 2
1406674 4 12 2
1407127 4 1 0
1407127 4 1 0
1407169 4 1 2
1407196 4 1 2
1407644 4 46 0
1407644 4 46 0
1407718 4 46 2
1407759 4 46 2
1407791 4 47 0
1407791 4 47 0
1407879 4 47 2
1407922 4 47 2
1408066 4 12 0
1408066 4 12 0
1408092 4 12 2
1408100 4 12 2
1408584 4 1 0
1408584 4 1 0
1408626 4 1 2
1408684 4 1 2
1409132 4 46 0
1409132 4 46 0
1409207 4 46 2
1409226 4 46 2
1409258 4 47 0
1409258 4 47 0
1409340 4 47 2
1409358 4 47 2
1409502 4 12 0
1409502 4 12 0
1409528 4 12 2
1409546 4 12 2
1410030 4 1 0
1410030 4 1 0
1410072 4 1 2
1410080 4 1 2
1410528 4 46 0
1410528 4 46 0
1410602 4 46 2
1410647 4 46 2
1410679 4 47 0
1410679 4 47 0
1410762 4 47 2
1410801 4 47 2
1410945 4 12 0
1410945 4 12 0
1410972 4 12 2
1410980 4 12 2
1411464 4 1 0
1411464 4 1 0
1411510 4 1 2
1411558 4 1 2
1412006 4 46 0
1412006 4 46 0
1412080 4 46 2
1412109 4 46 2
1412141 4 47 0
1412141 4 47 0
1412223 4 47 2
1412234 4 47 2
1412378 4 12 0
1412378 4 12 0
1412404 4 12 2
1412416 4 12 2
1412900 4 1 0
1412900 4 1 0
1412942 4 1 2
1412970 4 1 2
1413418 4 46 0
1413418 4 46 0
1413492 4 46 2
1413525 4 46 2
1413557 4 47 0
1413557 4 47 0
1413639 4 47 2
1413655 4 47 2
1413799 4 12 0
1413799 4 12 0
1413825 4 12 2
1413832 4 12 2
1414316 4 1 0
1414316 4 1 0
1414374 4 1 2
1414376 4 1 2
1414822 4 46 0
1414822 4 46 0
1414897 4 46 2
1414926 4 46 2
1414958 4 47 0
1414958 4 47 0
1415042 4 47 2
1415049 4 47 2
1415193 4 12 0
1415193 4 12 0
1415219 4 12 2
1415229 4 12 2
1415617 4 1 0
1415617 4 1 0
1415659 4 1 2
1415672 4 1 2
1416120 4 46 0
1416120 4 46 0
1416194 4 46 2
1416211 4 46 2
1416243 4 47 0
1416243 4 47 0
1416332 4 47 2
1416335 4 47 2
1416479 4 12 0
1416479 4 12 0
1416506 4 12 2
1416514 4 12 2
1416998 4 1 0
1416998 4 1 0
1417040 4 1 2
1417048 4 1 2
1417496 4 46 0
1417496 4 46 0
1417574 4 46 2
1417578 4 46 2
1417610 4 47 0
1417610 4 47 0
1417701 4 47 2
1417704 4 47 2
1417848 4 12 0
1417848 4 12 0
1417874 4 12 2
1417883 4 12 2
1418367 4 1 0
1418367 4 1 0
1418409 4 1 2
1418417 4 1 2
1418865 4 46 0
1418865 4 46 0
1418939 4 46 2
1418953 4 46 2
1418985 4 47 0
1418985 4 47 0
1419077 4 47 2
1419079 4 47 2
1419223 4 5 0
1419281 4 5 2
1419289 4 61 0
1419289 4 61 0
1419371 4 61 2
1419420 4 61 2
1419428 4 29 0
1419689 4 29 2
1419705 4 62 0
1419705 4 62 0
1419795 4 62 2
1419844 4 62 2
1420120 4 63 0
1420120 4 63 0
1420218 4 63 2
1420243 4 0 2
1420268 4 63 2
1420627 4 63 2
1420692 4 12 0
1420692 4 12 0
1420718 4 12 2
1420744 4 12 2
1421184 4 11 0
1421258 4 11 2
1421470 4 1 0
1421518 4 1 2
1421966 4 46 0
1421966 4 46 0
1422040 4 46 2
1422049 4 46 2
1422081 4 47 0
1422081 4 47 0
1422163 4 47 2
1422171 4 47 2
1422315 4 12 0
1422315 4 12 0
1422347 4 12 2
1422349 4 12 2
1422825 4 9 0
1422891 4 9 2
1423015 4 55 0
1423121 4 55 2
1423125 4 1 0
1423203 4 1 2
1423227 4 56 0
1423407 4 56 2
1423427 4 45 0
1423510 4 45 2
1423566 4 46 0
1423656 4 46 2
1423693 4 0 2
1423732 4 63 0
1423935 4 3 0
1423995 4 63 2
1424003 4 47 0
1424101 4 47 2
1424205 4 62 0
1424205 4 62 0
1424352 4 62 2
1424355 4 62 2
1424458 4 1 2
1424476 4 61 0
1424476 4 61 0
1424503 4 3 0
1424503 4 0 2
1424558 4 61 2
1424566 4 61 2
1424991 4 0 2
1424992 4 0 0
1425102 4 1 0
1425102 4 1 0
1425134 4 3 2
1425144 4 1 2
1425178 4 1 2
1425262 4 58 0
1425262 4 58 0
1425352 4 58 2
1425377 4 58 2
1425457 4 59 0
1425457 4 59 0
1425539 4 59 2
1425575 4 59 2
1426305 4 3 2
1455521 4 2 0
1455522 4 4 0
1455531 4 2 2
1456073 4 2 2
1457701 4 2 0
1457702 4 2 2
1477197 4 2 0
1477198 4 2 2
1507575 4 2 2
1507576 4 2 0
1509203 4 2 0
1509204 4 2 2
1513555 4 2 0
1513556 4 0 0
1564439 4 2 2
1565043 4 2 0
1565044 4 0 0
1569026 4 2 0
1569027 4 2 2
1569500 4 2 2
1573871 4 2 2
1577088 4 2 0
1577089 4 2 2
1587971 4 2 0
1587972 4 2 2
1588177 4 2 0
1588178 4 2 2
1594231 4 2 0
1594232 4 0 1
1594432 4 2 2
1594474 4 0 2
1617581 4 2 0
1617582 4 0 1
1617772 4 2 2
1617814 4 0 2
1639682 4 2 0
1639683 4 2 2
1647345 4 0 1
1647346 4 2 0
1647531 4 2 2
1647572 4 0 2
1692065 4 2 0
1692066 4 0 1
1692261 4 2 2
1692302 4 0 2
1736726 4 2 0
1736727 4 2 2
1743831 4 0 1
1743832 4 2 0
1744024 4 2 2
1744066 4 0 2
1767131 4 0 1
1767132 4 2 0
1767324 4 2 2
1767366 4 0 2
1795785 4 2 0
1795786 4 0 1
1795973 4 2 2
1796014 4 0 2
1840535 4 2 0
1840536 4 0 1
1840723 4 2 2
1840764 4 0 2
1890151 4 2 0
1890152 4 0 1
1890344 4 2 2
1890386 4 0 2
1913491 4 2 0
1913492 4 0 1
1913684 4 2 2
1913726 4 0 2
1943347 4 2 0
1943348 4 0 1
1943544 4 2 2
1943586 4 0 2
1953045 4 2 0
1953046 4 0 1
1953233 4 2 2
1953274 4 0 2
1998620 4 0 1
1998621 4 2 0
1998813 4 2 2
1998854 4 0 2
1999242 4 2 0
1999243 4 2 2
2042596 4 2 0
2042597 4 2 2
2050521 4 2 0
2050522 4 0 1
2050714 4 2 2
2050756 4 0 2
2073841 4 2 0
2073842 4 0 1
2074034 4 2 2
2074076 4 0 2
2101905 4 2 0
2101906 4 0 1
2102093 4 2 2
2102134 4 0 2
2146625 4 2 0
2146626 4 0 1
2146813 4 2 2
2146854 4 0 2
2179865 4 2 0
2179866 4 4 0
2179875 4 2 2
2180109 4 2 2
2180224 4 2 2
2180307 4 2 2
2180422 4 2 2
2180525 4 15 0
2180525 4 15 0
2180533 4 2 2
2183418 4 15 2
2183634 4 36 0
2183634 4 36 0
2183819 4 36 2
2183863 4 37 0
2183863 4 37 0
2183998 4 37 2
2184065 4 15 2
2184130 4 8 0
2184130 4 8 0
2184188 4 8 2
2184207 4 8 2
2184255 4 0 0
2184255 4 0 0
2184261 4 37 2
2184305 4 0 2
2184322 4 0 2
2184410 4 36 0
2184460 4 36 2
2185247 4 63 0
2185248 4 63 2
2186774 4 36 2
2186780 4 36 0
2187158 4 63 0
2187159 4 0 0
2187321 4 2 0
2187322 4 0 0
2188176 4 36 2
2188208 4 38 0
2188208 4 38 0
2188528 4 0 0
2188974 4 38 2
2189033 4 38 2
2189193 4 54 0
2189193 4 54 0
2189275 4 54 2
2189308 4 54 2
2189340 4 12 0
2189340 4 12 0
2189366 4 12 2
2189374 4 12 2
2189438 4 37 0
2189438 4 37 0
2189496 4 37 2
2189504 4 37 2
2189861 4 2 0
2189862 4 0 0
2190492 4 47 0
2190492 4 47 0
2190531 4 0 0
2190533 4 0 2
2190574 4 47 2
2190817 4 47 2
2190841 4 11 0
2190841 4 11 0
2190875 4 11 2
2191554 4 11 2
2191682 4 1 0
2191682 4 1 0
2191724 4 1 2
2191749 4 1 2
2191805 4 7 0
2191911 4 7 2
2191999 4 0 2
2192331 4 3 2
2192343 4 2 0
2192702 4 2 2
2192750 4 15 0
2192750 4 15 0
2192798 4 3 2
2192850 4 15 2
2192875 4 15 2
2192954 4 3 2
2192963 4 38 0
2192963 4 38 0
2193072 4 1 2
2193469 4 38 2
2193499 4 38 2
2193536 4 1 2
2193625 4 46 0
2193690 4 1 2
2193719 4 46 2
2193771 4 0 0
2193771 4 0 0
2193823 4 0 2
2193840 4 0 2
2193988 4 47 0
2194077 4 47 2
2194093 4 12 0
2194155 4 12 2
2194191 4 47 0
2194283 4 47 2
2195339 4 63 0
2195339 4 63 0
2195509 4 63 2
2195514 4 63 2
2195718 4 58 0
2195718 4 58 0
2195838 4 58 2
2195913 4 58 2
2195997 4 46 0
2196105 4 46 2
2196661 4 15 0
2196661 4 15 0
2196711 4 15 2
2196719 4 15 2
2313694 4 2 0
2313695 4 2 2
2317411 4 2 0
2317412 4 2 2
2324067 4 2 0
2324068 4 2 2
2335991 4 2 0
2335992 4 2 2
2399411 4 2 0
2399412 4 2 2
2402659 4 2 0
2402660 4 2 2
2417795 4 2 0
2417796 4 2 2
2425089 4 2 0
2425090 4 2 2
2433221 4 2 0
2433222 4 2 2
2446399 4 2 0
2446400 4 2 2
2463498 4 2 0
2463499 4 0 1
2463686 4 2 2
2463727 4 0 2
2471158 4 2 0
2471159 4 2 2
2476883 4 2 0
2476884 4 2 2
2490963 4 2 0
2490964 4 2 2
2501382 4 2 0
2501383 4 2 2
2501612 4 2 0
2501613 4 2 2
2507086 4 2 0
2507087 4 0 1
2507279 4 2 2
2507321 4 0 2
2530496 4 2 0
2530498 4 0 1
2530689 4 2 2
2530731 4 0 2
2553824 4 2 0
2553825 4 0 0
2560893 4 2 0
2560894 4 0 1
2561098 4 2 2
2561139 4 0 2
2606090 4 2 0
2606091 4 0 1
2606278 4 2 2
2606319 4 0 2
2661666 4 2 0
2661667 4 0 1
2661859 4 2 2
2661901 4 0 2
2675573 4 4 0
2675574 4 2 0
2675582 4 2 2
2675705 4 2 2
2675876 4 2 2
2675991 4 2 2
2676357 4 2 2
2676460 4 2 2
2679614 4 2 0
2679615 4 2 2
2703280 4 2 0
2703281 4 2 2
2729939 4 2 0
2729940 4 2 2
2739043 4 2 0
2739044 4 2 2
2747135 4 2 0
2747136 4 2 2
2749687 4 2 0
2749688 4 2 2
2754830 4 2 0
2754831 4 0 0
2781468 4 2 0
2781469 4 0 1
2781657 4 2 2
2781699 4 0 2
2803669 4 2 0
2803670 4 2 2
2811377 4 2 0
2811378 4 0 1
2811566 4 2 2
2811607 4 0 2
2811995 4 2 0
2811996 4 2 2
2857702 4 2 0
2857703 4 0 1
2857896 4 2 2
2857937 4 0 2
2901882 4 2 0
2901883 4 2 2
2906780 4 2 0
2906781 4 2 2
2912009 4 2 0
2912010 4 0 1
2912202 4 2 2
2912244 4 0 2
2935439 4 2 0
2935440 4 0 1
2935632 4 2 2
2935674 4 0 2
2963578 4 2 0
2963579 4 0 1
2963771 4 2 2
2963812 4 0 2
3008643 4 0 1
3008644 4 2 0
3008831 4 2 2
3008872 4 0 2
3062869 4 2 0
3062870 4 0 1
3063063 4 2 2
3063105 4 0 2
3086439 4 2 0
3086440 4 0 1
3086633 4 2 2
3086675 4 0 2
3114403 4 2 0
3114404 4 0 1
3114592 4 2 2
3114633 4 0 2
3156424 4 2 0
3156425 4 4 0
3156434 4 2 2
3156669 4 2 2
3156784 4 2 2
3156899 4 2 2
3157010 4 2 2
3157087 4 15 0
3157087 4 15 0
3157987 4 15 2
3159466 4 15 2
3160026 4 38 0
3160026 4 38 0
3160152 4 38 2
3161041 4 38 2
3162973 4 15 0
3162973 4 15 0
3163023 4 15 2
3163521 4 15 2
3163609 4 38 0
3163609 4 38 0
3165319 4 0 2
3165456 4 2 0
3165457 4 0 0
3165531 4 3 0
3166009 4 3 0
3166009 4 0 2
3166100 4 2 0
3166101 4 0 0
3166544 4 38 2
3166765 4 2 0
3166766 4 2 2
3166828 4 7 0
3167695 4 38 2
3169908 4 7 2
3171932 4 15 0
3171932 4 15 0
3171982 4 15 2
3172030 4 15 2
3172399 4 2 0
3172400 4 0 0
3185914 4 2 0
3185915 4 0 1
3186102 4 2 2
3186143 4 0 2
3230334 4 2 0
3230335 4 2 2
3233868 4 2 0
3233869 4 2 2
3238820 4 2 0
3238821 4 0 1
3239013 4 2 2
3239055 4 0 2
3262140 4 2 0
3262141 4 0 1
3262333 4 2 2
3262375 4 0 2
3290259 4 2 0
3290260 4 0 1
3290452 4 2 2
3290493 4 0 2
3335414 4 2 0
3335415 4 0 1
3335602 4 2 2
3335643 4 0 2
3389680 4 2 0
3389681 4 0 1
3389875 4 2 2
3389917 4 0 2
3413080 4 2 0
3413081 4 0 1
3413275 4 2 2
3413317 4 0 2
3441104 4 2 0
3441105 4 0 1
3441294 4 2 2
3441335 4 0 2
3486074 4 2 0
3486075 4 0 1
3486264 4 2 2
3486305 4 0 2
3529833 4 2 0
3529834 4 2 2
3537660 4 2 0
3537661 4 0 1
3537854 4 2 2
3537896 4 0 2
3561080 4 2 0
3561081 4 0 1
3561274 4 2 2
3561316 4 0 2
3589319 4 2 0
3589320 4 0 1
3589513 4 2 2
3589554 4 0 2
3634454 4 2 0
3634455 4 0 1
3634643 4 2 2
3634684 4 0 2
3688475 4 2 0
3688476 4 0 1
3688669 4 2 2
3688711 4 0 2
3711795 4 2 0
3711796 4 0 1
3711989 4 2 2
3712031 4 0 2
3739769 4 2 0
3739770 4 0 1
3739958 4 2 2
3739999 4 0 2
3784689 4 2 0
3784690 4 0 1
3784878 4 2 2
3784919 4 0 2
3828410 4 2 0
3828411 4 2 2
3858973 4 2 0
3858974 4 2 2
3915554 4 2 0
3915555 4 2 2
3919260 4 2 0
3919261 4 2 2
3922335 4 2 0
3922336 4 0 1
3922523 4 2 2
3922564 4 0 2
3925633 4 2 0
3925634 4 2 2
3944688 4 2 0
3944689 4 2 2
4006906 4 2 0
4006907 4 2 2
4009852 4 2 0
4009853 4 2 2
4024948 4 2 0
4024949 4 2 2
4032232 4 2 2
4032233 4 2 0
4040238 4 2 2
4040239 4 2 0
4053068 4 2 0
4053069 4 2 2
4070273 4 2 0
4070274 4 2 2
4077166 4 2 0
4077167 4 2 2
4082363 4 2 0
4082364 4 2 2
4096407 4 2 0
4096408 4 2 2
4106717 4 2 0
4106718 4 2 2
4106947 4 2 0
4106948 4 2 2
4112450 4 2 0
4112451 4 0 1
4112643 4 2 2
4112685 4 0 2
4132986 4 2 0
4132987 4 4 0
4132996 4 2 2
4133119 4 2 2
4133290 4 2 2
4133405 4 2 2
4133488 4 2 2
4133603 4 2 2
4133650 4 15 0
4133650 4 15 0
4133714 4 2 2
4133817 4 2 2
4137261 4 15 2
4138836 4 15 2
4139396 4 38 0
4139396 4 38 0
4140052 4 38 2
4140484 4 0 0
4140671 4 38 2
4142603 4 15 0
4142603 4 15 0
4142661 4 15 2
4142723 4 15 2
4142749 4 38 0
4142749 4 38 0
4143105 4 38 2
4144574 4 38 2
4146307 4 2 0
4146308 4 0 0
4146882 4 15 0
4146882 4 15 0
4146950 4 2 0
4146951 4 0 0
4146952 4 15 2
4147060 4 15 2
4147613 4 2 0
4147614 4 2 2
4149202 4 2 0
4149203 4 0 0
4150027 4 2 0
4150028 4 0 0
4162670 4 2 0
4162671 4 0 1
4162863 4 2 2
4162905 4 0 2
4184941 4 2 0
4184942 4 2 2
4192014 4 2 0
4192015 4 0 1
4192202 4 2 2
4192243 4 0 2
4236934 4 2 0
4236935 4 0 1
4237122 4 2 2
4237163 4 0 2
4283437 4 2 0
4283438 4 2 2
4306132 4 2 0
4306133 4 2 2
4331060 4 2 0
4331061 4 2 2
4340200 4 2 0
4340201 4 2 2
4348132 4 2 0
4348133 4 2 2
4350747 4 2 0
4350748 4 2 2
4355561 4 2 0
4355562 4 0 0
4372650 4 2 0
4372651 4 2 2
4377599 4 2 0
4377600 4 2 2
4383348 4 0 1
4383349 4 2 0
4383541 4 2 2
4383583 4 0 2
4406678 4 2 0
4406679 4 0 1
4406871 4 2 2
4406913 4 0 2
4428859 4 2 0
4428860 4 2 2
4435937 4 0 1
4435938 4 2 0
4436130 4 2 2
4436171 4 0 2
4481082 4 2 0
4481083 4 0 1
4481270 4 2 2
4481311 4 0 2
4535328 4 2 0
4535329 4 0 1
4535521 4 2 2
4535563 4 0 2
4558658 4 2 0
4558659 4 0 1
4558851 4 2 2
4558893 4 0 2
4586612 4 2 0
4586613 4 0 1
4586800 4 2 2
4586841 4 0 2
4631562 4 2 0
4631563 4 0 1
4631750 4 2 2
4631791 4 0 2
4675391 4 2 2
4675392 4 2 0
4683348 4 2 0
4683349 4 0 1
4683536 4 2 2
4683578 4 0 2
4706658 4 2 0
4706659 4 0 1
4706846 4 2 2
4706888 4 0 2
4734777 4 2 0
4734778 4 0 1
4734965 4 2 2
4735006 4 0 2
4779852 4 2 0
4779853 4 0 1
4780045 4 2 2
4780086 4 0 2
4833918 4 2 0
4833919 4 0 1
4834112 4 2 2
4834154 4 0 2
4857248 4 2 0
4857249 4 0 1
4857442 4 2 2
4857484 4 0 2
4893847 4 2 0
4893848 4 0 1
4894035 4 2 2
4894076 4 0 2
4938947 4 2 0
4938948 4 0 1
4939135 4 2 2
4939176 4 0 2
4983634 4 2 0
4983635 4 2 2
4994593 4 2 0
4994594 4 0 1
4994786 4 2 2
4994828 4 0 2
5017913 4 2 0
5017914 4 0 1
5018106 4 2 2
5018148 4 0 2
5058622 4 2 0
5058623 4 0 1
5058814 4 2 2
5058856 4 0 2
5071564 4 0 1
5071565 4 2 0
5071754 4 2 2
5071796 4 0 2
5095034 4 0 1
5095035 4 2 0
5095234 4 2 2
5095276 4 0 2
5109730 4 2 0
5109731 4 4 0
5109740 4 2 2
5109975 4 2 2
5110089 4 2 2
5110172 4 2 2
5110212 4 15 0
5110212 4 15 0
5110287 4 2 2
5110398 4 2 2
5113123 4 15 2
5114306 4 15 2
5114866 4 38 0
5114866 4 38 0
5115152 4 38 2
5116057 4 0 0
5116058 4 2 0
5117934 4 2 0
5117935 4 0 0
5118471 4 38 2
5120403 4 15 0
5120403 4 15 0
5120504 4 15 2
5120530 4 15 2
5120618 4 38 0
5120618 4 38 0
5120944 4 38 2
5121613 4 38 2
5122225 4 0 2
5122487 4 3 0
5122561 4 7 0
5122965 4 3 0
5122965 4 0 2
5125327 4 7 2
5126687 4 15 0
5126687 4 15 0
5126737 4 15 2
5126745 4 15 2
5142040 4 2 0
5142041 4 0 1
5142236 4 2 2
5142277 4 0 2
5187110 4 2 0
5187111 4 0 1
5187306 4 2 2
5187347 4 0 2
5230784 4 2 0
5230785 4 2 2
5234467 4 2 0
5234468 4 2 2
5239200 4 2 0
5239201 4 0 1
5239393 4 2 2
5239435 4 0 2
5262540 4 2 0
5262541 4 0 1
5262733 4 2 2
5262775 4 0 2
5290544 4 2 0
5290545 4 0 1
5290842 4 2 2
5290883 4 0 2
5335374 4 2 0
5335375 4 0 1
5335562 4 2 2
5335603 4 0 2
5385630 4 2 0
5385631 4 0 1
5385823 4 2 2
5385865 4 0 2
5408950 4 2 0
5408951 4 0 1
5409143 4 2 2
5409185 4 0 2
5437004 4 2 0
5437005 4 0 1
5437192 4 2 2
5437233 4 0 2
5481724 4 2 0
5481725 4 0 1
5481912 4 2 2
5481953 4 0 2
5531800 4 2 0
5531801 4 0 1
5531993 4 2 2
5532035 4 0 2
5555170 4 2 0
5555171 4 0 1
5555363 4 2 2
5555405 4 0 2
5583344 4 2 0
5583345 4 0 1
5583532 4 2 2
5583573 4 0 2
5628094 4 2 0
5628095 4 0 1
5628282 4 2 2
5628323 4 0 2
5678390 4 2 0
5678391 4 0 1
5678593 4 2 2
5678635 4 0 2
5701790 4 2 0
5701791 4 0 1
5701983 4 2 2
5702025 4 0 2
5729964 4 2 0
5729965 4 0 1
5730152 4 2 2
5730193 4 0 2
5774714 4 2 0
5774715 4 0 1
5774902 4 2 2
5774943 4 0 2
5824600 4 2 0
5824601 4 0 1
5824793 4 2 2
5824835 4 0 2
5847970 4 2 0
5847971 4 0 1
5848163 4 2 2
5848205 4 0 2
5876144 4 2 0
5876145 4 0 1
5876332 4 2 2
5876373 4 0 2
5920884 4 2 0
5920885 4 0 1
5921072 4 2 2
5921113 4 0 2
5970860 4 2 0
5970861 4 0 1
5971053 4 2 2
5971095 4 0 2
5994200 4 2 0
5994201 4 0 1
5994393 4 2 2
5994435 4 0 2
6022154 4 2 0
6022155 4 0 1
6022342 4 2 2
6022383 4 0 2
6066914 4 2 0
6066915 4 0 1
6067102 4 2 2
6067143 4 0 2
6086110 4 2 0
6086111 4 4 0
6086120 4 2 2
6086419 4 2 2
6086777 4 15 0
6086777 4 15 0
6088037 4 15 2
6091112 4 15 2
6091672 4 38 0
6091672 4 38 0
6092648 4 38 2
6096379 4 0 0
6096957 4 38 2
6098889 4 15 0
6098889 4 15 0
6098967 4 15 2
6099055 4 38 0
6099055 4 38 0
6099099 4 15 2
6099121 4 38 2
6099230 4 38 2
6100114 4 2 0
6100115 4 0 0
6101538 4 15 0
6101538 4 15 0
6101588 4 15 2
6101596 4 15 2
6102005 4 2 0
6102006 4 0 0
6136168 4 2 0
6136169 4 2 2
6138661 4 2 0
6138662 4 2 2
6140721 4 2 0
6140722 4 0 1
6140917 4 2 2
6140959 4 0 2
6164041 4 2 0
6164042 4 0 1
6164247 4 2 2
6164289 4 0 2
6192115 4 2 0
6192116 4 0 1
6192306 4 2 2
6192347 4 0 2
6236875 4 2 0
6236876 4 0 1
6237066 4 2 2
6237107 4 0 2
6286981 4 2 0
6286982 4 0 1
6287177 4 2 2
6287219 4 0 2
6310351 4 2 0
6310352 4 0 1
6310547 4 2 2
6310589 4 0 2
6338335 4 2 0
6338336 4 0 1
6338526 4 2 2
6338567 4 0 2
6383045 4 2 0
6383046 4 0 1
6383236 4 2 2
6383277 4 0 2
6435833 4 2 0
6435834 4 0 1
6436026 4 2 2
6436067 4 0 2
6440468 4 2 0
6440469 4 0 1
6440656 4 2 2
6440697 4 0 2
6461102 4 2 0
6461103 4 0 1
6461296 4 2 2
6461337 4 0 2
6461349 4 2 0
6461350 4 2 2
6502670 4 2 0
6502671 4 2 2
6512127 4 2 2
6512128 4 2 0
6514385 4 2 0
6514386 4 0 1
6514581 4 2 2
6514623 4 0 2
6537725 4 2 0
6537726 4 0 1
6537921 4 2 2
6537963 4 0 2
6570052 4 2 0
6570053 4 2 2
6593521 4 2 0
6593522 4 0 1
6593717 4 2 2
6593758 4 0 2
6645783 4 2 0
6645784 4 0 1
6645976 4 2 2
6646018 4 0 2
6669123 4 2 0
6669124 4 0 1
6669316 4 2 2
6669358 4 0 2
6697827 4 2 0
6697828 4 0 1
6698015 4 2 2
6698056 4 0 2
6742807 4 2 0
6742808 4 0 1
6742995 4 2 2
6743036 4 0 2
6786450 4 2 0
6786451 4 2 2
6811830 4 2 0
6811831 4 2 2
6869328 4 2 0
6869329 4 2 2
6873042 4 2 0
6873043 4 2 2
6879455 4 2 0
6879456 4 2 2
6890911 4 2 0
6890912 4 2 2
6954021 4 2 0
6954022 4 2 2
6957062 4 2 0
6957063 4 2 2
6972338 4 2 0
6972339 4 2 2
6979750 4 2 0
6979751 4 2 2
6987716 4 2 0
6987717 4 2 2
7000686 4 2 0
7000687 4 2 2
7018337 4 2 0
7018338 4 2 2
7025235 4 2 0
7025236 4 2 2
7030456 4 2 0
7030457 4 2 2
7044536 4 2 0
7044537 4 2 2
7054775 4 2 0
7054776 4 2 2
7055005 4 2 0
7055006 4 2 2
7060469 4 2 0
7060470 4 0 1
7060662 4 2 2
7060704 4 0 2
7062756 4 2 0
7062757 4 4 0
7062766 4 2 2
7062889 4 2 2
7063060 4 2 2
7063175 4 2 2
7063258 4 2 2
7063337 4 15 0
7063337 4 15 0
7063373 4 2 2
7063484 4 2 2
7063587 4 2 2
7065074 4 15 2
7065079 4 15 2
7065634 4 38 0
7065634 4 38 0
7065701 4 38 2
7066148 4 38 2
7068080 4 15 0
7068080 4 15 0
7068130 4 15 2
7068278 4 15 2
7068366 4 38 0
7068366 4 38 0
7069912 4 38 2
7071272 4 38 2
7073284 4 0 2
7073490 4 3 0
7073580 4 15 0
7073580 4 15 0
7073630 4 15 2
7073638 4 15 2
7073762 4 7 0
7073968 4 3 0
7073968 4 0 2
7075878 4 2 0
7075879 4 0 0
7076522 4 0 0
7076523 4 2 0
7077184 4 2 0
7077185 4 2 2
7077336 4 7 2
7078937 4 2 0
7078938 4 0 0
7079761 4 2 0
7079762 4 0 0
7111469 4 2 0
7111470 4 0 1
7111662 4 2 2
7111704 4 0 2
7133770 4 2 0
7133771 4 2 2
7140843 4 2 0
7140844 4 0 1
7141031 4 2 2
7141072 4 0 2
7185963 4 2 0
7185964 4 0 1
7186151 4 2 2
7186192 4 0 2
7231974 4 2 0
7231975 4 2 2
7249436 4 2 0
7249437 4 2 2
7255252 4 2 0
7255253 4 2 2
7278304 4 2 0
7278305 4 2 2
7287399 4 2 0
7287400 4 2 2
7295606 4 2 0
7295607 4 2 2
7297145 4 2 0
7297146 4 2 2
7298527 4 2 0
7298528 4 2 2
7303646 4 2 0
7303647 4 0 0
7322716 4 2 0
7322717 4 2 2
7327948 4 2 0
7327949 4 2 2
7333530 4 2 0
7333531 4 0 1
7333723 4 2 2
7333765 4 0 2
7356970 4 2 0
7356971 4 0 1
7357163 4 2 2
7357205 4 0 2
7379211 4 2 0
7379212 4 2 2
7386119 4 2 0
7386120 4 0 1
7386312 4 2 2
7386353 4 0 2
7431234 4 2 0
7431235 4 0 1
7431422 4 2 2
7431463 4 0 2
7485262 4 2 0
7485263 4 0 1
7485455 4 2 2
7485497 4 0 2
7508602 4 2 0
7508603 4 0 1
7508795 4 2 2
7508837 4 0 2
7536397 4 2 0
7536398 4 2 2
7545416 4 2 0
7545417 4 0 1
7545603 4 2 2
7545644 4 0 2
7590516 4 2 0
7590517 4 0 1
7590703 4 2 2
7590744 4 0 2
7634633 4 2 0
7634634 4 2 2
7666961 4 2 0
7666962 4 0 1
7667150 4 2 2
7667192 4 0 2
7690321 4 2 0
7690322 4 0 1
7690510 4 2 2
7690552 4 0 2
7718495 4 2 0
7718496 4 0 1
7718689 4 2 2
7718730 4 0 2
7763245 4 2 0
7763246 4 0 1
7763439 4 2 2
7763480 4 0 2
7813611 4 2 0
7813612 4 0 1
7813800 4 2 2
7813842 4 0 2
7837101 4 2 0
7837102 4 0 1
7837290 4 2 2
7837332 4 0 2
7865245 4 2 0
7865246 4 0 1
7865439 4 2 2
7865480 4 0 2
7910025 4 2 0
7910026 4 0 1
7910219 4 2 2
7910260 4 0 2
7956926 4 2 0
7956927 4 2 2
7958999 4 2 0
7959000 4 2 2
7972756 4 2 0
7972757 4 0 1
7972946 4 2 2
7972987 4 0 2
7972999 4 2 2
7973000 4 2 0
8024289 4 2 0
8024290 4 0 1
8024483 4 2 2
8024525 4 0 2
8039263 4 2 0
8039264 4 4 0
8039273 4 2 2
8039508 4 2 2
8039623 4 2 2
8039706 4 2 2
8039821 4 2 2
8039900 4 15 0
8039900 4 15 0
8039931 4 2 2
8042053 4 15 2
8042613 4 38 0
8042613 4 38 0
8042679 4 38 2
8042728 4 38 2
8043060 4 15 2
8044660 4 15 0
8044660 4 15 0
8044710 4 15 2
8045134 4 0 0
8045308 4 15 2
8045396 4 38 0
8045396 4 38 0
8045602 4 38 2
8046441 4 38 2
8047350 4 2 0
8047351 4 0 0
8048749 4 15 0
8048749 4 15 0
8048799 4 15 2
8048887 4 15 2
8049718 4 2 0
8049719 4 0 0
8067349 4 2 0
8067350 4 0 1
8067543 4 2 2
8067585 4 0 2
8094002 4 2 0
8094003 4 2 2
8102585 4 2 0
8102586 4 2 2
8127202 4 2 0
8127203 4 0 1
8127390 4 2 2
8127431 4 0 2
8174509 4 2 2
8174510 4 2 0
8179902 4 2 0
8179903 4 0 1
8180095 4 2 2
8180137 4 0 2
8203252 4 2 0
8203253 4 0 1
8203445 4 2 2
8203487 4 0 2
8231891 4 2 0
8231892 4 0 1
8232084 4 2 2
8232125 4 0 2
8277016 4 2 0
8277017 4 0 1
8277204 4 2 2
8277245 4 0 2
8330993 4 2 0
8330994 4 0 1
8331186 4 2 2
8331228 4 0 2
8354333 4 2 0
8354334 4 0 1
8354526 4 2 2
8354568 4 0 2
8382447 4 2 0
8382448 4 0 1
8382635 4 2 2
8382676 4 0 2
8427177 4 2 0
8427178 4 0 1
8427365 4 2 2
8427406 4 0 2
8477003 4 2 0
8477004 4 0 1
8477196 4 2 2
8477238 4 0 2
8500363 4 2 0
8500364 4 0 1
8500556 4 2 2
8500598 4 0 2
8528587 4 2 0
8528588 4 0 1
8528775 4 2 2
8528816 4 0 2
8573367 4 2 0
8573368 4 0 1
8573408 4 0 1
8573462 4 0 2
8573555 4 2 2
8573596 4 0 2
8623283 4 2 0
8623284 4 0 1
8623476 4 2 2
8623518 4 0 2
8646693 4 2 0
8646694 4 0 1
8646886 4 2 2
8646928 4 0 2
8674697 4 2 0
8674698 4 0 1
8674885 4 2 2
8674926 4 0 2
8719557 4 2 0
8719558 4 0 1
8719745 4 2 2
8719786 4 0 2
8769223 4 2 0
8769224 4 0 1
8769416 4 2 2
8769458 4 0 2
8792763 4 2 0
8792764 4 0 1
8792956 4 2 2
8792998 4 0 2
8820807 4 2 0
8820808 4 0 1
8820995 4 2 2
8821036 4 0 2
8865587 4 2 0
8865588 4 0 1
8865775 4 2 2
8865816 4 0 2
8915593 4 2 0
8915594 4 0 1
8915786 4 2 2
8915828 4 0 2
8939093 4 2 0
8939094 4 0 1
8939286 4 2 2
8939328 4 0 2
8967087 4 2 0
8967088 4 0 1
8967275 4 2 2
8967316 4 0 2
9011877 4 2 0
9011878 4 0 1
9012065 4 2 2
9012106 4 0 2
9015802 4 2 0
9015803 4 4 0
9015812 4 2 2
9016111 4 2 2
9016464 4 15 0
9016464 4 15 0
9018394 4 15 2
9022701 4 15 2
9023261 4 38 0
9023261 4 38 0
9023797 4 38 2
9024890 4 0 2
9024928 4 38 2
9025094 4 3 0
9025574 4 3 0
9025574 4 0 2
9026380 4 7 0
9027164 4 7 2
9027644 4 15 0
9027644 4 15 0
9027702 4 15 2
9027714 4 15 2
9027790 4 38 0
9027790 4 38 0
9027856 4 38 2
9027975 4 38 2
9028133 4 2 0
9028134 4 0 0
9030535 4 15 0
9030535 4 15 0
9030585 4 15 2
9030653 4 0 0
9030654 4 2 0
9030912 4 15 2
9031988 4 1 0
9031988 4 1 0
9032030 4 1 2
9032038 4 1 2
9032246 4 36 0
9032246 4 36 0
9032307 4 36 2
9032404 4 36 2
9032468 4 37 0
9032468 4 37 0
9032526 4 37 2
9032585 4 37 2
9032633 4 58 0
9032633 4 58 0
9032723 4 58 2
9032740 4 58 2
9032772 4 59 0
9032772 4 59 0
9032854 4 59 2
9032879 4 59 2
9033091 4 61 0
9033091 4 61 0
9033173 4 61 2
9033206 4 61 2
9033486 4 54 0
9033486 4 54 0
9033568 4 54 2
9033601 4 54 2
9035009 4 1 0
9035075 4 1 2
9035523 4 46 0
9035613 4 46 2
9035645 4 47 0
9035743 4 47 2
9035887 4 12 0
9035937 4 12 2
9036421 4 1 0
9036421 4 1 0
9036465 4 1 2
9036495 4 1 2
9036943 4 46 0
9037033 4 46 2
9037065 4 47 0
9037065 4 47 0
9037147 4 47 2
9037164 4 47 2
9037308 4 12 0
9037358 4 12 2
9037842 4 1 0
9037916 4 1 2
9038364 4 46 0
9038364 4 46 0
9038455 4 46 2
9038458 4 46 2
9038487 4 47 0
9038585 4 47 2
9038729 4 12 0
9038779 4 12 2
9039263 4 1 0
9039263 4 1 0
9039305 4 1 2
9039346 4 1 2
9039794 4 46 0
9039794 4 46 0
9039868 4 46 2
9039893 4 46 2
9039925 4 47 0
9039925 4 47 0
9040007 4 47 2
9040024 4 47 2
9040168 4 12 0
9040168 4 12 0
9040194 4 12 2
9040235 4 12 2
9040719 4 1 0
9040719 4 1 0
9040761 4 1 2
9040802 4 1 2
9041250 4 46 0
9041250 4 46 0
9041324 4 46 2
9041349 4 46 2
9041381 4 47 0
9041381 4 47 0
9041463 4 47 2
9041480 4 47 2
9041624 4 12 0
9041624 4 12 0
9041650 4 12 2
9041691 4 12 2
9042175 4 1 0
9042175 4 1 0
9042217 4 1 2
9042258 4 1 2
9042706 4 46 0
9042706 4 46 0
9042780 4 46 2
9042805 4 46 2
9042837 4 47 0
9042837 4 47 0
9042919 4 47 2
9042936 4 47 2
9043080 4 12 0
9043080 4 12 0
9043106 4 12 2
9043147 4 12 2
9043631 4 1 0
9043631 4 1 0
9043673 4 1 2
9043714 4 1 2
9044162 4 46 0
9044162 4 46 0
9044236 4 46 2
9044261 4 46 2
9044293 4 47 0
9044293 4 47 0
9044375 4 47 2
9044392 4 47 2
9044536 4 12 0
9044536 4 12 0
9044562 4 12 2
9044603 4 12 2
9045087 4 1 0
9045087 4 1 0
9045129 4 1 2
9045170 4 1 2
9045618 4 46 0
9045618 4 46 0
9045692 4 46 2
9045717 4 46 2
9045749 4 47 0
9045749 4 47 0
9045831 4 47 2
9045848 4 47 2
9045992 4 12 0
9045992 4 12 0
9046018 4 12 2
9046059 4 12 2
9046543 4 1 0
9046543 4 1 0
9046585 4 1 2
9046626 4 1 2
9047074 4 46 0
9047074 4 46 0
9047148 4 46 2
9047173 4 46 2
9047205 4 47 0
9047205 4 47 0
9047287 4 47 2
9047304 4 47 2
9047448 4 12 0
9047448 4 12 0
9047474 4 12 2
9047515 4 12 2
9047999 4 1 0
9047999 4 1 0
9048041 4 1 2
9048082 4 1 2
9048530 4 46 0
9048530 4 46 0
9048606 4 46 2
9048629 4 46 2
9048661 4 47 0
9048661 4 47 0
9048746 4 47 2
9048762 4 47 2
9048906 4 12 0
9048906 4 12 0
9048932 4 12 2
9048972 4 12 2
9049456 4 1 0
9049456 4 1 0
9049498 4 1 2
9049506 4 1 2
9049954 4 46 0
9049954 4 46 0
9050028 4 46 2
9050055 4 46 2
9050087 4 47 0
9050087 4 47 0
9050169 4 47 2
9050187 4 47 2
9050331 4 12 0
9050331 4 12 0
9050357 4 12 2
9050398 4 12 2
9050882 4 1 0
9050882 4 1 0
9050924 4 1 2
9050965 4 1 2
9051413 4 46 0
9051413 4 46 0
9051487 4 46 2
9051512 4 46 2
9051544 4 47 0
9051544 4 47 0
9051626 4 47 2
9051643 4 47 2
9051787 4 12 0
9051787 4 12 0
9051814 4 12 2
9051854 4 12 2
9052338 4 1 0
9052338 4 1 0
9052381 4 1 2
9052425 4 1 2
9052873 4 46 0
9052873 4 46 0
9052948 4 46 2
9052974 4 46 2
9053006 4 47 0
9053006 4 47 0
9053088 4 47 2
9053105 4 47 2
9053249 4 12 0
9053249 4 12 0
9053275 4 12 2
9053316 4 12 2
9053800 4 1 0
9053800 4 1 0
9053842 4 1 2
9053882 4 1 2
9054330 4 46 0
9054330 4 46 0
9054404 4 46 2
9054428 4 46 2
9054460 4 47 0
9054460 4 47 0
9054542 4 47 2
9054559 4 47 2
9054703 4 12 0
9054703 4 12 0
9054729 4 12 2
9054772 4 12 2
9055256 4 1 0
9055256 4 1 0
9055298 4 1 2
9055338 4 1 2
9055786 4 46 0
9055786 4 46 0
9055861 4 46 2
9055886 4 46 2
9055918 4 47 0
9055918 4 47 0
9056009 4 47 2
9056017 4 47 2
9056161 4 12 0
9056161 4 12 0
9056187 4 12 2
9056227 4 12 2
9056711 4 1 0
9056711 4 1 0
9056753 4 1 2
9056794 4 1 2
9057242 4 46 0
9057242 4 46 0
9057316 4 46 2
9057341 4 46 2
9057373 4 47 0
9057373 4 47 0
9057455 4 47 2
9057474 4 47 2
9057618 4 12 0
9057618 4 12 0
9057644 4 12 2
9057685 4 12 2
9058169 4 1 0
9058169 4 1 0
9058211 4 1 2
9058260 4 1 2
9058708 4 46 0
9058708 4 46 0
9058782 4 46 2
9058807 4 46 2
9058839 4 47 0
9058839 4 47 0
9058921 4 47 2
9058938 4 47 2
9059082 4 12 0
9059082 4 12 0
9059108 4 12 2
9059149 4 12 2
9059633 4 1 0
9059633 4 1 0
9059675 4 1 2
9059716 4 1 2
9060164 4 46 0
9060164 4 46 0
9060238 4 46 2
9060264 4 46 2
9060296 4 47 0
9060296 4 47 0
9060379 4 47 2
9060395 4 47 2
9060539 4 12 0
9060539 4 12 0
9060565 4 12 2
9060606 4 12 2
9061090 4 1 0
9061090 4 1 0
9061132 4 1 2
9061182 4 1 2
9061630 4 46 0
9061630 4 46 0
9061704 4 46 2
9061730 4 46 2
9061762 4 47 0
9061762 4 47 0
9061844 4 47 2
9061860 4 47 2
9062004 4 12 0
9062004 4 12 0
9062030 4 12 2
9062071 4 12 2
9062555 4 1 0
9062555 4 1 0
9062597 4 1 2
9062638 4 1 2
9063086 4 46 0
9063086 4 46 0
9063160 4 46 2
9063185 4 46 2
9063217 4 47 0
9063217 4 47 0
9063299 4 47 2
9063317 4 47 2
9063461 4 12 0
9063461 4 12 0
9063487 4 12 2
9063528 4 12 2
9064012 4 1 0
9064012 4 1 0
9064054 4 1 2
9064095 4 1 2
9064543 4 46 0
9064543 4 46 0
9064617 4 46 2
9064642 4 46 2
9064674 4 47 0
9064674 4 47 0
9064756 4 47 2
9064773 4 47 2
9064917 4 12 0
9064917 4 12 0
9064943 4 12 2
9064984 4 12 2
9065468 4 1 0
9065468 4 1 0
9065510 4 1 2
9065551 4 1 2
9065999 4 46 0
9065999 4 46 0
9066073 4 46 2
9066098 4 46 2
9066130 4 47 0
9066130 4 47 0
9066212 4 47 2
9066229 4 47 2
9066373 4 12 0
9066373 4 12 0
9066399 4 12 2
9066440 4 12 2
9066924 4 1 0
9066924 4 1 0
9066966 4 1 2
9066974 4 1 2
9067422 4 46 0
9067422 4 46 0
9067496 4 46 2
9067521 4 46 2
9067553 4 47 0
9067553 4 47 0
9067635 4 47 2
9067652 4 47 2
9067796 4 12 0
9067796 4 12 0
9067822 4 12 2
9067863 4 12 2
9068347 4 1 0
9068347 4 1 0
9068389 4 1 2
9068430 4 1 2
9068878 4 46 0
9068878 4 46 0
9068952 4 46 2
9068977 4 46 2
9069009 4 47 0
9069009 4 47 0
9069091 4 47 2
9069109 4 47 2
9069253 4 12 0
9069253 4 12 0
9069279 4 12 2
9069320 4 12 2
9069804 4 1 0
9069804 4 1 0
9069846 4 1 2
9069908 4 1 2
9070356 4 46 0
9070356 4 46 0
9070430 4 46 2
9070455 4 46 2
9070487 4 47 0
9070487 4 47 0
9070569 4 47 2
9070586 4 47 2
9070730 4 12 0
9070730 4 12 0
9070756 4 12 2
9070797 4 12 2
9071281 4 1 0
9071281 4 1 0
9071323 4 1 2
9071364 4 1 2
9071812 4 46 0
9071812 4 46 0
9071886 4 46 2
9071912 4 46 2
9071944 4 47 0
9071944 4 47 0
9072026 4 47 2
9072043 4 47 2
9072187 4 12 0
9072187 4 12 0
9072213 4 12 2
9072254 4 12 2
9072738 4 1 0
9072738 4 1 0
9072780 4 1 2
9072837 4 1 2
9073285 4 46 0
9073285 4 46 0
9073359 4 46 2
9073383 4 46 2
9073415 4 47 0
9073415 4 47 0
9073497 4 47 2
9073514 4 47 2
9073658 4 12 0
9073658 4 12 0
9073684 4 12 2
9073725 4 12 2
9074209 4 1 0
9074209 4 1 0
9074251 4 1 2
9074292 4 1 2
9074724 4 11 0
9074724 4 11 0
9074758 4 11 2
9074807 4 11 2
9074823 4 46 0
9074823 4 46 0
9074898 4 46 2
9074923 4 46 2
9074955 4 47 0
9074955 4 47 0
9075037 4 47 2
9075054 4 47 2
9075198 4 12 0
9075198 4 12 0
9075224 4 12 2
9075265 4 12 2
9075749 4 1 0
9075749 4 1 0
9075791 4 1 2
9075832 4 1 2
9076280 4 46 0
9076280 4 46 0
9076354 4 46 2
9076379 4 46 2
9076411 4 47 0
9076411 4 47 0
9076493 4 47 2
9076509 4 47 2
9076653 4 12 0
9076653 4 12 0
9076679 4 12 2
9076720 4 12 2
9077204 4 1 0
9077204 4 1 0
9077246 4 1 2
9077287 4 1 2
9077735 4 46 0
9077735 4 46 0
9077809 4 46 2
9077834 4 46 2
9077866 4 47 0
9077866 4 47 0
9077948 4 47 2
9077965 4 47 2
9078109 4 12 0
9078109 4 12 0
9078135 4 12 2
9078176 4 12 2
9078660 4 1 0
9078660 4 1 0
9078702 4 1 2
9078743 4 1 2
9079191 4 46 0
9079191 4 46 0
9079265 4 46 2
9079290 4 46 2
9079322 4 47 0
9079322 4 47 0
9079406 4 47 2
9079421 4 47 2
9079565 4 12 0
9079565 4 12 0
9079592 4 12 2
9079633 4 12 2
9080117 4 1 0
9080117 4 1 0
9080159 4 1 2
9080200 4 1 2
9080444 4 2 0
9080445 4 2 2
9080648 4 46 0
9080648 4 46 0
9080722 4 46 2
9080746 4 46 2
9080778 4 47 0
9080778 4 47 0
9080860 4 47 2
9080877 4 47 2
9081021 4 12 0
9081021 4 12 0
9081047 4 12 2
9081088 4 12 2
9081572 4 1 0
9081572 4 1 0
9081614 4 1 2
9081689 4 1 2
9081944 4 2 0
9081945 4 2 2
9082137 4 46 0
9082137 4 46 0
9082211 4 46 2
9082237 4 46 2
9082269 4 47 0
9082269 4 47 0
9082352 4 47 2
9082368 4 47 2
9082512 4 12 0
9082512 4 12 0
9082538 4 12 2
9082579 4 12 2
9083063 4 1 0
9083063 4 1 0
9083105 4 1 2
9083146 4 1 2
9083594 4 46 0
9083594 4 46 0
9083668 4 46 2
9083692 4 46 2
9083724 4 47 0
9083724 4 47 0
9083806 4 47 2
9083823 4 47 2
9083967 4 12 0
9083967 4 12 0
9083993 4 12 2
9084001 4 12 2
9084485 4 1 0
9084485 4 1 0
9084527 4 1 2
9084568 4 1 2
9085016 4 46 0
9085016 4 46 0
9085090 4 46 2
9085115 4 46 2
9085147 4 47 0
9085147 4 47 0
9085229 4 47 2
9085246 4 47 2
9085390 4 12 0
9085390 4 12 0
9085416 4 12 2
9085457 4 12 2
9085941 4 1 0
9085941 4 1 0
9085983 4 1 2
9086024 4 1 2
9086456 4 12 0
9086456 4 12 0
9086482 4 12 2
9086490 4 12 2
9086506 4 46 0
9086506 4 46 0
9086580 4 46 2
9086605 4 46 2
9086637 4 47 0
9086637 4 47 0
9086721 4 47 2
9086736 4 47 2
9086880 4 12 0
9086880 4 12 0
9086906 4 12 2
9086920 4 12 2
9087404 4 1 0
9087404 4 1 0
9087446 4 1 2
9087487 4 1 2
9087935 4 46 0
9087935 4 46 0
9088009 4 46 2
9088034 4 46 2
9088066 4 47 0
9088066 4 47 0
9088149 4 47 2
9088164 4 47 2
9088308 4 12 0
9088308 4 12 0
9088334 4 12 2
9088375 4 12 2
9088859 4 1 0
9088859 4 1 0
9088901 4 1 2
9088942 4 1 2
9089390 4 46 0
9089390 4 46 0
9089466 4 46 2
9089491 4 46 2
9089523 4 47 0
9089523 4 47 0
9089605 4 47 2
9089622 4 47 2
9089766 4 12 0
9089766 4 12 0
9089792 4 12 2
9089800 4 12 2
9090284 4 1 0
9090284 4 1 0
9090326 4 1 2
9090391 4 1 2
9090839 4 46 0
9090839 4 46 0
9090913 4 46 2
9090938 4 46 2
9090970 4 47 0
9090970 4 47 0
9091053 4 47 2
9091069 4 47 2
9091213 4 12 0
9091213 4 12 0
9091239 4 12 2
9091280 4 12 2
9091764 4 1 0
9091764 4 1 0
9091806 4 1 2
9091847 4 1 2
9092295 4 46 0
9092295 4 46 0
9092369 4 46 2
9092394 4 46 2
9092426 4 47 0
9092426 4 47 0
9092508 4 47 2
9092525 4 47 2
9092669 4 12 0
9092669 4 12 0
9092695 4 12 2
9092719 4 12 2
9093199 4 2 0
9093200 4 0 1
9093203 4 1 0
9093203 4 1 0
9093245 4 1 2
9093286 4 1 2
9093392 4 2 2
9093433 4 0 2
9093445 4 2 0
9093446 4 2 2
9093734 4 46 0
9093734 4 46 0
9093808 4 46 2
9093833 4 46 2
9093865 4 47 0
9093865 4 47 0
9093947 4 47 2
9093964 4 47 2
9094108 4 12 0
9094108 4 12 0
9094134 4 12 2
9094175 4 12 2
9094659 4 1 0
9094659 4 1 0
9094701 4 1 2
9094742 4 1 2
9095190 4 46 0
9095190 4 46 0
9095266 4 46 2
9095290 4 46 2
9095322 4 47 0
9095322 4 47 0
9095404 4 47 2
9095421 4 47 2
9095565 4 12 0
9095565 4 12 0
9095594 4 12 2
9095618 4 12 2
9096102 4 1 0
9096102 4 1 0
9096144 4 1 2
9096220 4 1 2
9096668 4 46 0
9096668 4 46 0
9096742 4 46 2
9096799 4 46 2
9096831 4 47 0
9096831 4 47 0
9096914 4 47 2
9096921 4 47 2
9097065 4 12 0
9097065 4 12 0
9097092 4 12 2
9097099 4 12 2
9097583 4 1 0
9097583 4 1 0
9097627 4 1 2
9097645 4 1 2
9098093 4 46 0
9098093 4 46 0
9098167 4 46 2
9098185 4 46 2
9098217 4 47 0
9098217 4 47 0
9098299 4 47 2
9098308 4 47 2
9098452 4 12 0
9098452 4 12 0
9098478 4 12 2
9098486 4 12 2
9098970 4 1 0
9098970 4 1 0
9099012 4 1 2
9099030 4 1 2
9099478 4 46 0
9099478 4 46 0
9099552 4 46 2
9099570 4 46 2
9099602 4 47 0
9099602 4 47 0
9099684 4 47 2
9099692 4 47 2
9099836 4 12 0
9099836 4 12 0
9099862 4 12 2
9099871 4 12 2
9100355 4 1 0
9100355 4 1 0
9100397 4 1 2
9100405 4 1 2
9100853 4 46 0
9100853 4 46 0
9100927 4 46 2
9100957 4 46 2
9100989 4 47 0
9100989 4 47 0
9101071 4 47 2
9101079 4 47 2
9101223 4 12 0
9101223 4 12 0
9101249 4 12 2
9101257 4 12 2
9101741 4 1 0
9101741 4 1 0
9101785 4 1 2
9101791 4 1 2
9102239 4 46 0
9102239 4 46 0
9102313 4 46 2
9102333 4 46 2
9102365 4 47 0
9102365 4 47 0
9102447 4 47 2
9102454 4 47 2
9102598 4 12 0
9102598 4 12 0
9102624 4 12 2
9102631 4 12 2
9103115 4 1 0
9103115 4 1 0
9103157 4 1 2
9103179 4 1 2
9103627 4 46 0
9103627 4 46 0
9103701 4 46 2
9103709 4 46 2
9103741 4 47 0
9103741 4 47 0
9103823 4 47 2
9103830 4 47 2
9103974 4 12 0
9103974 4 12 0
9104000 4 12 2
9104008 4 12 2
9104492 4 1 0
9104492 4 1 0
9104534 4 1 2
9104552 4 1 2
9105000 4 46 0
9105000 4 46 0
9105074 4 46 2
9105092 4 46 2
9105124 4 47 0
9105124 4 47 0
9105206 4 47 2
9105213 4 47 2
9105357 4 12 0
9105357 4 12 0
9105383 4 12 2
9105391 4 12 2
9105875 4 1 0
9105875 4 1 0
9105918 4 1 2
9105925 4 1 2
9106373 4 46 0
9106373 4 46 0
9106447 4 46 2
9106466 4 46 2
9106498 4 47 0
9106498 4 47 0
9106580 4 47 2
9106590 4 47 2
9106734 4 12 0
9106734 4 12 0
9106760 4 12 2
9106767 4 12 2
9107251 4 1 0
9107251 4 1 0
9107293 4 1 2
9107303 4 1 2
9107751 4 46 0
9107751 4 46 0
9107825 4 46 2
9107852 4 46 2
9107884 4 47 0
9107884 4 47 0
9107966 4 47 2
9107974 4 47 2
9108118 4 12 0
9108118 4 12 0
9108144 4 12 2
9108152 4 12 2
9108636 4 1 0
9108636 4 1 0
9108678 4 1 2
9108696 4 1 2
9109144 4 46 0
9109144 4 46 0
9109218 4 46 2
9109236 4 46 2
9109268 4 47 0
9109268 4 47 0
9109350 4 47 2
9109357 4 47 2
9109501 4 12 0
9109501 4 12 0
9109527 4 12 2
9109535 4 12 2
9110019 4 1 0
9110019 4 1 0
9110061 4 1 2
9110069 4 1 2
9110517 4 46 0
9110517 4 46 0
9110591 4 46 2
9110609 4 46 2
9110641 4 47 0
9110641 4 47 0
9110723 4 47 2
9110731 4 47 2
9110875 4 12 0
9110875 4 12 0
9110901 4 12 2
9110909 4 12 2
9111393 4 1 0
9111393 4 1 0
9111435 4 1 2
9111453 4 1 2
9111901 4 46 0
9111901 4 46 0
9111975 4 46 2
9111993 4 46 2
9112025 4 47 0
9112025 4 47 0
9112107 4 47 2
9112115 4 47 2
9112259 4 12 0
9112259 4 12 0
9112285 4 12 2
9112293 4 12 2
9112777 4 1 0
9112777 4 1 0
9112819 4 1 2
9112836 4 1 2
9113284 4 46 0
9113284 4 46 0
9113358 4 46 2
9113377 4 46 2
9113409 4 47 0
9113409 4 47 0
9113491 4 47 2
9113500 4 47 2
9113644 4 12 0
9113644 4 12 0
9113670 4 12 2
9113679 4 12 2
9114163 4 1 0
9114163 4 1 0
9114205 4 1 2
9114213 4 1 2
9114661 4 46 0
9114661 4 46 0
9114735 4 46 2
9114743 4 46 2
9114775 4 47 0
9114775 4 47 0
9114857 4 47 2
9114865 4 47 2
9115009 4 12 0
9115009 4 12 0
9115035 4 12 2
9115043 4 12 2
9115527 4 1 0
9115527 4 1 0
9115569 4 1 2
9115577 4 1 2
9116025 4 46 0
9116025 4 46 0
9116099 4 46 2
9116107 4 46 2
9116139 4 47 0
9116139 4 47 0
9116221 4 47 2
9116229 4 47 2
9116373 4 12 0
9116373 4 12 0
9116399 4 12 2
9116407 4 12 2
9116891 4 1 0
9116891 4 1 0
9116933 4 1 2
9116941 4 1 2
9117389 4 46 0
9117389 4 46 0
9117463 4 46 2
9117471 4 46 2
9117503 4 47 0
9117503 4 47 0
9117585 4 47 2
9117593 4 47 2
9117737 4 12 0
9117737 4 12 0
9117763 4 12 2
9117804 4 12 2
9118288 4 1 0
9118288 4 1 0
9118330 4 1 2
9118347 4 1 2
9118795 4 46 0
9118795 4 46 0
9118869 4 46 2
9118894 4 46 2
9118926 4 47 0
9118926 4 47 0
9119008 4 47 2
9119025 4 47 2
9119169 4 12 0
9119169 4 12 0
9119195 4 12 2
9119236 4 12 2
9119624 4 1 0
9119624 4 1 0
9119666 4 1 2
9119707 4 1 2
9120155 4 46 0
9120155 4 46 0
9120229 4 46 2
9120254 4 46 2
9120286 4 47 0
9120286 4 47 0
9120368 4 47 2
9120385 4 47 2
9120529 4 12 0
9120529 4 12 0
9120555 4 12 2
9120596 4 12 2
9121080 4 1 0
9121080 4 1 0
9121122 4 1 2
9121163 4 1 2
9121611 4 46 0
9121611 4 46 0
9121685 4 46 2
9121710 4 46 2
9121742 4 47 0
9121742 4 47 0
9121824 4 47 2
9121841 4 47 2
9121985 4 12 0
9121985 4 12 0
9122011 4 12 2
9122052 4 12 2
9122536 4 1 0
9122536 4 1 0
9122578 4 1 2
9122619 4 1 2
9123067 4 46 0
9123067 4 46 0
9123142 4 46 2
9123167 4 46 2
9123199 4 47 0
9123199 4 47 0
9123281 4 47 2
9123298 4 47 2
9123450 4 61 0
9123450 4 61 0
9123582 4 61 2
9123592 4 61 2
9123606 4 62 0
9123606 4 62 0
9123696 4 62 2
9123704 4 62 2
9123980 4 63 0
9123980 4 63 0
9124078 4 63 2
9124095 4 63 2
9124519 4 12 0
9124519 4 12 0
9124545 4 12 2
9124579 4 12 2
9125231 4 1 0
9125231 4 1 0
9125273 4 1 2
9125281 4 1 2
9125729 4 46 0
9125729 4 46 0
9125803 4 46 2
9125828 4 46 2
9125860 4 47 0
9125860 4 47 0
9125942 4 47 2
9125959 4 47 2
9126103 4 12 0
9126103 4 12 0
9126129 4 12 2
9126170 4 12 2
9126774 4 1 0
9126774 4 1 0
9126816 4 1 2
9126844 4 1 2
9127132 4 62 0
9127132 4 62 0
9127222 4 62 2
9127230 4 62 2
9127354 4 61 0
9127354 4 61 0
9127436 4 61 2
9127444 4 61 2
9127980 4 1 0
9127980 4 1 0
9128022 4 1 2
9128055 4 1 2
9128139 4 58 0
9128139 4 58 0
9128229 4 58 2
9128254 4 58 2
9128334 4 59 0
9128334 4 59 0
9128416 4 59 2
9128441 4 59 2
9134040 4 2 0
9134041 4 2 2
9139449 4 2 0
9139450 4 2 2
9144770 4 2 0
9144771 4 0 1
9144963 4 2 2
9145005 4 0 2
9168240 4 2 0
9168241 4 0 1
9168433 4 2 2
9168475 4 0 2
9203445 4 2 0
9203446 4 2 2
9207936 4 2 0
9207937 4 0 1
9208129 4 2 2
9208170 4 0 2
9260973 4 2 0
9260974 4 0 1
9261170 4 2 2
9261212 4 0 2
9284373 4 2 0
9284374 4 0 1
9284570 4 2 2
9284612 4 0 2
9316003 4 2 0
9316004 4 0 1
9316200 4 2 2
9316242 4 0 2
9339403 4 2 0
9339404 4 0 1
9339600 4 2 2
9339642 4 0 2
9403754 4 2 0
9403755 4 0 1
9403949 4 2 2
9403990 4 0 2
9443936 4 2 0
9443937 4 0 1
9444129 4 2 2
9444170 4 0 2
9444202 4 2 0
9444203 4 0 1
9444389 4 2 2
9444430 4 0 2
9475344 4 2 0
9475345 4 0 1
9475539 4 2 2
9475580 4 0 2
9479278 4 2 0
9479279 4 0 0
9484440 4 2 2
9491162 4 2 2
9586425 4 2 0
9586426 4 0 1
9586628 4 2 2
9586669 4 0 2
9604451 4 2 0
9604452 4 0 1
9604638 4 2 2
9604679 4 0 2
9605423 4 2 2
9605424 4 2 0
9605874 4 2 2
9606735 4 2 2
9610113 4 2 2
9611539 4 2 0
9611540 4 0 1
9611728 4 2 2
9611769 4 0 2
9618604 4 2 0
9618605 4 2 2
9619135 4 3 0
9619136 4 0 1
9619358 4 3 2
9619391 4 0 2
9629213 4 3 0
9629214 4 2 0
9633762 4 2 0
9633763 4 2 2
9650214 4 2 0
9650215 4 0 1
9650255 4 0 1
9650309 4 0 2
9650409 4 2 2
9650451 4 0 2
9653069 4 0 1
9653259 4 3 2
9653293 4 0 2
9682989 4 2 0
9689196 4 15 0
9689196 4 15 0
9689246 4 15 2
9689271 4 15 2
9689359 4 30 0
9689449 4 30 2
9689461 4 24 0
9689551 4 24 2
9689651 4 25 0
9689733 4 25 2
9689741 4 4 0
9689750 4 2 0
9689750 4 4 2
9689792 4 4 2
9689856 4 26 0
9689930 4 26 2
9689994 4 27 0
9690060 4 27 2
9690092 4 34 0
9690189 4 34 2
9690201 4 26 0
9690293 4 26 2
9690389 4 55 0
9690527 4 55 2
9690535 4 27 0
9690625 4 27 2
9690673 4 23 0
9690779 4 23 2
9690783 4 28 0
9690873 4 28 2
9690925 4 60 0
9691257 4 60 2
9691273 4 61 0
9691494 4 61 2
9691514 4 2 0
9691783 4 2 2
9691811 4 0 2
9691819 4 33 0
9691917 4 33 2
9691969 4 23 0
9692155 4 23 2
9692163 4 19 0
9692214 4 8 2
9692442 4 19 2
9692446 4 23 0
9692494 4 1 2
9692702 4 23 2
9692718 4 23 0
9692926 4 23 2
9692962 4 29 0
9692986 4 10 2
9693061 4 29 2
9693077 4 23 0
9693242 4 0 0
9693243 4 3 0
9693260 4 5 2
9693281 4 23 2
9693299 4 0 1
9693340 4 9 2
9693345 4 23 0
9693353 4 0 2
9694004 4 0 1
9694027 4 23 2
9694063 4 32 0
9694086 4 6 2
9694161 4 32 2
9694198 4 7 2
9694245 4 28 0
9694247 4 0 2
9694294 4 28 2
9694346 4 2 0
9694387 4 2 2
9694399 4 29 0
9694445 4 9 2
9694476 4 29 2
9694508 4 4 0
9694508 4 4 0
9694517 4 4 0
9694518 4 3 0
9694526 4 4 2
9694551 4 4 2
9694559 4 35 0
9694559 4 35 0
9694617 4 35 2
9694634 4 35 2
9694674 4 36 0
9694674 4 36 0
9694724 4 7 2
9694725 4 36 2
9694789 4 36 2
9694805 4 3 2
9695069 4 3 0
9695151 4 11 2
9695625 4 3 2
9695818 4 8 2
9695944 4 14 2
9696024 4 10 2
9697444 4 12 2
9697494 4 3 0
9697780 4 18 2
9698721 4 13 2
9698898 4 15 2
9699311 4 20 2
9699811 4 17 2
9700703 4 0 1
9700819 4 23 2
9700898 4 25 2
9700971 4 0 2
9701190 4 16 2
9701468 4 24 2
9701567 4 27 2
9701946 4 25 2
9702039 4 19 2
9703512 4 3 0
9703718 4 21 2
9704659 4 26 2
9705051 4 35 2
9705864 4 28 2
9706784 4 3 0
9707008 4 31 2
9708399 4 30 2
9708604 4 32 2
9709152 4 29 2
9710399 4 22 2
9710486 4 3 0
9711031 4 0 1
9711219 4 43 2
9711292 4 0 2
9711466 4 0 1
9711658 4 3 2
9711691 4 0 2
9712973 4 34 2
9713519 4 36 2
9714100 4 49 2
9714565 4 46 2
9714929 4 40 2
9715615 4 38 2
9716237 4 37 2
9716502 4 43 2
9716878 4 44 2
9716986 4 39 2
9717092 4 50 2
9718275 4 47 2
9719096 4 0 1
9719288 4 61 2
9719377 4 0 2
9719568 4 3 0
9719934 4 42 2
9720180 4 52 2
9720288 4 41 2
9720518 4 45 2
9720998 4 48 2
9721129 4 58 2
9721268 4 54 2
9721599 4 51 2
9724722 4 3 0
9724776 4 55 2
9725179 4 53 2
9726494 4 57 2
9726586 4 3 0
9728424 4 3 0
9729296 4 3 0
9729924 4 62 2
9730231 4 3 0
9731196 4 56 2
9732043 4 61 2
9732389 4 3 0
9732390 4 0 1
9732579 4 3 2
9732613 4 0 2
9734409 4 60 2
9737082 4 63 2
9748801 4 3 0
9750600 4 3 0
9753448 4 3 0
9757444 4 3 0
9758278 4 3 0
9762872 4 3 0
9764007 4 3 0
9764008 4 2 0
9771027 4 3 0
9771636 4 3 2
9772218 4 3 0
9772219 4 3 2
9775265 4 3 0
9779693 4 3 0
9781973 4 0 1
9782168 4 3 2
9782202 4 0 2
9782488 4 3 0
9785656 4 3 0
9789406 4 3 0
9791884 4 3 0
9794975 4 3 0
9797956 4 3 0
9804370 4 3 0
9805053 4 3 0
9805113 4 0 1
9805308 4 3 2
9805342 4 0 2
9806667 4 3 0
9808031 4 3 0
9810084 4 3 0
9810396 4 3 0
9814055 4 3 0
9816195 4 3 0
9816637 4 3 0
9819924 4 3 0
9822151 4 3 0
9826028 4 3 0
9826649 4 3 0
9827214 4 3 0
9827215 4 2 0
9829457 4 3 0
9830331 4 3 0
9831263 4 3 0
9832933 4 3 0
9834901 4 3 0
9836148 4 3 0
9836149 4 0 1
9836397 4 3 2
9836430 4 0 2
9836695 4 3 0
9838868 4 3 0
9839419 4 3 0
9840126 4 3 0
9842140 4 3 0
9842555 4 3 0
9843871 4 3 0
9844465 4 3 0
9845316 4 3 0
9846162 4 3 0
9847438 4 3 0
9848233 4 3 0
9849749 4 3 0
9849943 4 3 0
9850391 4 3 0
9851068 4 20 2
9854223 4 3 0
9868733 4 2 0
9868734 4 0 1
9868947 4 2 2
9868988 4 0 2
9870702 4 2 0
9870703 4 0 1
9870898 4 2 2
9870940 4 0 2
9878999 4 3 0
9879000 4 0 1
9879187 4 3 2
9879220 4 0 2
9919831 4 2 0
9919832 4 0 1
9920027 4 2 2
9920068 4 0 2
9921635 4 2 0
9921636 4 0 1
9921828 4 2 2
9921870 4 0 2
9923094 4 3 0
9923095 4 0 1
9923288 4 3 2
9923322 4 0 2
9946363 4 3 0
9946364 4 0 1
9946558 4 3 2
9946592 4 0 2
9969141 4 0 1
9969327 4 2 2
9969368 4 0 2
9970934 4 2 0
9970935 4 0 1
9971128 4 2 2
9971170 4 0 2
9974146 4 3 0
9974147 4 0 1
9974337 4 3 2
9974370 4 0 2
9982170 4 2 0
9982171 4 2 2
9982210 4 0 1
9982264 4 0 2
9992359 4 2 0
9992360 4 4 0
9992369 4 2 2
9992461 4 3 0
9992462 4 4 0
9992471 4 3 2
9992623 4 2 2
9992794 4 2 2
9992909 4 2 2
9992992 4 2 2
9993107 4 2 2
9993218 4 2 2
9993285 4 37 0
9993285 4 37 0
9993321 4 2 2
9993513 4 37 2
9993684 4 0 2
9995090 4 37 2
9995358 4 36 0
9995358 4 36 0
9995408 4 36 2
9995436 4 36 2
9995468 4 38 0
9995468 4 38 0
9996174 4 0 2
9996464 4 38 2
9996579 4 0 2
9996739 4 0 2
9998910 4 3 0
9998911 4 3 2
9999823 4 38 2
9999983 4 54 0
9999983 4 54 0
10000065 4 54 2
10000098 4 54 2
10000130 4 12 0
10000199 4 12 2
10000263 4 37 0
10000263 4 37 0
10000321 4 37 2
10000329 4 37 2
10000461 4 35 0
10000461 4 35 0
10000519 4 35 2
10000560 4 35 2
10000628 4 0 0
10000629 4 3 0
10001136 4 2 0
10001137 4 0 0
10001416 4 47 0
10001535 4 47 2
10001559 4 11 0
10001559 4 11 0
10001593 4 11 2
10001630 4 2 0
10001631 4 0 0
10001671 4 0 1
10001682 4 11 2
10001725 4 0 2
10001810 4 1 0
10001876 4 1 2
10002347 4 2 0
10002348 4 2 2
10002412 4 15 0
10002412 4 15 0
10002511 4 15 2
10002582 4 15 2
10002599 4 38 0
10002599 4 38 0
10002836 4 38 2
10002947 4 3 0
10002948 4 0 0
10002992 4 46 0
10003092 4 46 2
10003292 4 47 0
10003292 4 47 0
10003374 4 47 2
10003382 4 47 2
10003398 4 12 0
10003402 4 20 0
10003403 4 63 0
10003467 4 12 2
10003503 4 47 0
10003595 4 47 2
10004014 4 2 0
10004015 4 0 0
10004075 4 38 2
10004228 4 0 0
10004229 4 46 0
10004651 4 63 0
10004651 4 63 0
10004749 4 63 2
10004766 4 63 2
10004941 4 2 2
10004970 4 58 0
10004970 4 58 0
10005088 4 58 2
10005100 4 58 2
10005172 4 46 0
10005172 4 46 0
10005246 4 46 2
10005279 4 46 2
10005835 4 15 0
10005835 4 15 0
10005895 4 15 2
10005933 4 15 2
10006266 4 1 2
10006426 4 1 2
10009276 4 20 2
10010890 4 0 2
10011053 4 0 2
10011271 4 0 2
10022901 4 2 0
10022902 4 0 1
10023097 4 2 2
10023138 4 0 2
10024704 4 2 0
10024705 4 0 1
10024898 4 2 2
10024941 4 0 2
10030509 4 3 0
10030510 4 0 1
10030542 4 0 1
10030596 4 0 2
10030707 4 3 2
10030740 4 0 2
10047009 4 2 0
10047010 4 2 2
10055400 4 2 0
10055401 4 4 0
10055401 4 2 2
10055411 4 2 2
10070178 4 3 0
10070179 4 3 2
10073322 4 3 0
10073323 4 0 1
10073517 4 3 2
10073550 4 0 2
10075243 4 3 0
10075244 4 0 1
10075438 4 3 2
10075472 4 0 2
10081393 4 3 0
10081394 4 4 0
10081403 4 3 2
10082121 4 15 0
10082121 4 15 0
10082171 4 15 2
10082179 4 15 2
10082387 4 4 0
10082396 4 2 0
10082396 4 4 2
10082438 4 4 2
10082706 4 55 0
10082836 4 55 2
10082892 4 19 0
10082966 4 19 2
10083094 4 33 0
10083184 4 33 2
10083302 4 5 2
10083312 4 19 0
10083398 4 19 2
10083414 4 19 0
10083481 4 19 2
10083646 4 5 2
10084232 4 6 2
10084685 4 0 2
10098052 4 33 2
10106704 4 59 2
