0 14 51 0
831 14 56 1
1087 14 2 2
1152 14 56 2
3237 14 56 1
3359 14 51 2
3363 14 22 0
3487 14 0 2
3568 14 56 2
6033 14 22 2
6045 14 1 0
6873 14 1 2
6893 14 24 0
7085 14 24 2
38089 14 56 1
38347 14 2 2
38412 14 56 2
39207 14 56 1
39458 14 2 2
39524 14 56 2
126202 14 56 1
126457 14 2 2
126522 14 56 2
126910 14 56 1
127168 14 2 2
127234 14 56 2
177206 14 56 1
177457 14 2 2
177522 14 56 2
178286 14 56 1
178537 14 2 2
178602 14 56 2
191732 14 56 1
191987 14 2 2
192052 14 56 2
199391 14 56 1
199647 14 2 2
199712 14 56 2
226717 14 4 0
228198 14 4 2
228250 14 44 0
229513 14 44 2
229525 14 5 0
229583 14 5 2
229595 14 45 0
230035 14 45 2
230103 14 24 0
230210 14 24 2
230242 14 25 0
230429 14 25 2
230437 14 26 0
230544 14 26 2
230584 14 27 0
230727 14 27 2
230747 14 33 0
231033 14 33 2
231053 14 35 0
231154 14 35 2
231162 14 41 0
231749 14 41 2
231765 14 42 0
232046 14 42 2
232078 14 1 0
232198 14 1 2
232234 14 36 0
233708 14 36 2
233720 14 43 0
234044 14 43 2
234060 14 17 0
234169 14 17 2
234261 14 27 0
234406 14 27 2
234410 14 37 0
234619 14 37 2
234631 14 17 0
234812 14 17 2
234820 14 15 0
235918 14 15 2
235958 14 16 0
236061 14 16 2
236101 14 18 0
236266 14 18 2
236285 14 56 1
236290 14 61 0
236537 14 2 2
236603 14 56 2
236734 14 61 2
236746 14 54 0
236977 14 54 2
236997 14 8 0
237079 14 8 2
237087 14 19 0
237204 14 19 2
237208 14 35 0
237341 14 56 1
237502 14 35 2
237518 14 53 0
237597 14 63 2
237679 14 56 2
237760 14 63 0
237910 14 53 2
237950 14 33 0
238061 14 63 0
238072 14 33 2
238084 14 36 0
238200 14 36 2
238206 14 63 0
238220 14 40 0
238523 14 40 2
238547 14 37 0
238708 14 37 2
238812 14 38 0
239048 14 38 2
239052 14 39 0
239328 14 39 2
239352 14 8 0
239447 14 8 2
239455 14 29 0
239573 14 29 2
239613 14 0 0
239702 14 0 2
239714 14 38 0
239901 14 38 2
239917 14 39 0
240272 14 39 2
240276 14 39 0
240530 14 39 2
240586 14 36 0
240703 14 36 2
240735 14 38 0
240849 14 38 2
240865 14 51 0
240994 14 51 2
241050 14 43 0
241113 14 63 0
241352 14 43 2
241359 14 56 1
241360 14 52 0
241400 14 63 0
241555 14 63 0
241617 14 53 2
241660 14 52 2
241690 14 56 2
241696 14 51 0
241992 14 51 2
242012 14 53 0
242508 14 63 0
242676 14 56 1
242927 14 52 2
243002 14 53 2
243008 14 56 2
243026 14 54 0
243587 14 54 2
243603 14 11 0
243902 14 11 2
243914 14 56 0
244071 14 56 2
244075 14 12 0
244381 14 12 2
244389 14 57 0
244557 14 57 2
244561 14 2 0
244991 14 2 2
245043 14 37 0
245265 14 37 2
245275 14 56 1
245281 14 40 0
245409 14 40 2
245465 14 58 0
245547 14 16 2
245628 14 56 2
245716 14 58 2
245776 14 35 0
245922 14 35 2
245923 14 56 1
245926 14 50 0
246126 14 50 2
246146 14 62 0
246177 14 34 2
246258 14 56 2
246342 14 56 1
246354 14 62 2
246382 14 38 0
246627 14 3 2
246674 14 38 2
246684 14 56 2
246746 14 63 0
247002 14 63 2
247042 14 12 0
247162 14 56 1
247276 14 12 2
247300 14 2 0
247390 14 2 2
247414 14 13 0
247427 14 43 2
247508 14 56 2
247641 14 13 2
247737 14 3 0
247761 14 56 1
247867 14 56 1
247870 14 3 2
247910 14 23 0
247953 14 56 1
248017 14 0 2
248097 14 23 2
248098 14 56 2
248113 14 24 0
248116 14 56 1
248127 14 19 2
248186 14 56 2
248219 14 56 1
248221 14 24 2
248247 14 13 2
248280 14 56 2
248329 14 49 0
248330 14 56 1
248367 14 10 2
248424 14 56 2
248467 14 56 1
248497 14 20 2
248545 14 56 2
248562 14 56 1
248617 14 11 2
248666 14 56 2
248693 14 49 2
248699 14 56 1
248701 14 25 0
248727 14 37 2
248784 14 56 2
248815 14 25 2
248843 14 26 0
248847 14 5 2
248859 14 56 1
248888 14 56 2
248919 14 56 1
248951 14 26 2
248977 14 4 2
249013 14 56 1
249026 14 56 2
249031 14 0 0
249118 14 32 2
249122 14 0 2
249130 14 3 0
249131 14 56 1
249215 14 56 2
249223 14 3 2
249227 14 39 2
249267 14 4 0
249285 14 56 1
249286 14 56 2
249337 14 6 2
249353 14 56 1
249357 14 4 2
249370 14 56 2
249453 14 5 0
249454 14 56 1
249457 14 12 2
249498 14 56 2
249543 14 5 2
249583 14 15 0
249588 14 43 2
249623 14 56 1
249669 14 56 2
249697 14 22 2
249730 14 56 2
249757 14 56 1
249807 14 15 2
249819 14 56 1
249839 14 56 2
249888 14 15 2
249896 14 14 0
249905 14 56 1
249917 14 1 2
249990 14 56 2
250027 14 50 2
250124 14 56 2
250137 14 29 2
250188 14 56 2
250245 14 56 1
250247 14 14 2
250262 14 14 2
250271 14 56 2
250274 14 50 0
250494 14 56 1
250497 14 58 2
250523 14 56 1
250602 14 56 2
250747 14 57 2
250785 14 56 1
250860 14 56 2
250877 14 7 2
250918 14 56 2
251047 14 49 2
251152 14 56 2
251243 14 56 1
251361 14 50 2
251374 14 56 1
251389 14 6 0
251497 14 63 2
251578 14 56 2
251601 14 56 1
251628 14 35 2
251636 14 6 2
251656 14 4 0
251701 14 56 2
251750 14 4 2
251758 14 8 0
251867 14 8 2
251867 14 52 2
251871 14 47 0
251903 14 56 1
251952 14 56 2
252055 14 56 1
252156 14 56 1
252177 14 62 2
252250 14 56 2
252295 14 56 1
252307 14 54 2
252374 14 56 2
252417 14 28 2
252474 14 56 1
252475 14 56 2
252521 14 47 2
252529 14 49 0
252547 14 45 2
252581 14 56 1
252612 14 56 2
252715 14 56 1
252727 14 27 2
252792 14 56 2
252805 14 49 2
252821 14 11 0
252833 14 56 1
252837 14 21 2
252877 14 56 2
252921 14 11 2
252957 14 5 0
252964 14 56 1
252967 14 9 2
253035 14 56 2
253052 14 5 2
253075 14 56 1
253076 14 37 0
253087 14 17 2
253160 14 56 2
253161 14 56 1
253217 14 44 2
253290 14 56 2
253327 14 26 2
253329 14 56 1
253348 14 37 2
253399 14 56 2
253412 14 4 0
253437 14 30 2
253477 14 56 2
253527 14 56 1
253587 14 24 2
253676 14 56 2
253720 14 56 1
253777 14 47 2
253793 14 4 2
253797 14 1 0
253843 14 56 2
253859 14 56 1
253899 14 1 2
253927 14 27 0
253977 14 42 2
254019 14 56 1
254069 14 56 2
254073 14 27 2
254081 14 2 0
254105 14 56 1
254117 14 60 2
254206 14 56 2
254231 14 56 1
254263 14 2 2
254275 14 11 0
254277 14 51 2
254366 14 56 2
254387 14 36 2
254450 14 56 1
254452 14 56 2
254468 14 11 2
254476 14 7 0
254497 14 16 2
254581 14 56 2
254585 14 56 1
254707 14 34 2
254787 14 56 1
254788 14 56 2
254837 14 40 2
254914 14 56 1
254942 14 56 2
255016 14 56 1
255037 14 46 2
255072 14 56 1
255094 14 56 2
255167 14 8 2
255180 14 7 2
255200 14 3 0
255233 14 56 1
255240 14 56 2
255277 14 18 2
255327 14 0 2
255342 14 56 2
255383 14 3 2
255418 14 56 2
255425 14 0 0
255437 14 56 1
255491 14 6 0
255497 14 23 2
255538 14 56 2
255546 14 0 0
255641 14 56 1
255666 14 0 0
255688 14 41 2
255775 14 0 0
255785 14 56 2
255869 14 0 0
255907 14 25 2
255964 14 0 0
255988 14 56 2
256060 14 0 0
256165 14 0 0
256291 14 0 0
256382 14 0 0
256431 14 56 1
256474 14 0 0
256577 14 0 0
256579 14 56 1
256687 14 56 2
256715 14 0 0
256722 14 6 2
256734 14 56 1
256742 14 9 0
256808 14 56 2
256820 14 56 1
256837 14 0 0
256842 14 9 2
256847 14 59 2
256940 14 0 0
256940 14 56 1
256945 14 56 2
256987 14 48 2
257014 14 8 0
257057 14 0 0
257098 14 38 2
257100 14 56 2
257147 14 56 2
257159 14 56 1
257175 14 8 2
257187 14 11 0
257200 14 0 0
257207 14 31 2
257255 14 56 2
257286 14 56 1
257349 14 0 0
257381 14 11 2
257401 14 12 0
257419 14 33 2
257435 14 56 1
257481 14 0 0
257508 14 56 2
257537 14 53 2
257561 14 12 2
257585 14 16 0
257614 14 0 0
257614 14 56 2
257633 14 56 1
257687 14 55 2
257718 14 0 0
257760 14 56 2
257846 14 16 2
257854 14 13 0
257865 14 0 0
257897 14 61 2
257978 14 56 2
258053 14 0 0
258173 14 0 0
258324 14 0 0
258486 14 0 0
258628 14 0 0
258746 14 13 2
258794 14 2 0
258890 14 2 2
258926 14 14 0
258935 14 0 0
259052 14 14 2
259056 14 17 0
259084 14 0 0
259228 14 0 0
259351 14 17 2
259359 14 15 0
259399 14 0 0
259737 14 0 0
259975 14 0 0
260077 14 0 0
260180 14 0 0
260351 14 0 0
260453 14 0 0
260547 14 0 0
260672 14 0 0
260746 14 15 2
260766 14 18 0
260787 14 0 0
260903 14 0 0
261026 14 0 0
261043 14 18 2
261067 14 4 0
261132 14 0 0
261259 14 0 0
261266 14 4 2
261306 14 40 0
261375 14 0 0
261565 14 40 2
261569 14 38 0
261569 14 38 0
261587 14 0 0
261611 14 38 2
261691 14 38 2
261699 14 27 0
261703 14 0 0
261744 14 2 0
261745 14 56 1
261811 14 27 2
261831 14 35 0
261841 14 0 0
261967 14 0 0
262007 14 2 2
262073 14 56 2
262101 14 0 0
262184 14 35 2
262211 14 0 0
262240 14 28 0
262341 14 0 0
262463 14 0 0
262575 14 0 0
262657 14 28 2
262725 14 3 0
262768 14 0 0
262830 14 3 2
262834 14 46 0
262915 14 0 0
263024 14 0 0
263165 14 0 0
263185 14 46 2
263205 14 4 0
263299 14 0 0
263337 14 4 2
263367 14 56 1
263369 14 0 0
263457 14 0 0
263462 14 0 2
263466 14 29 0
263602 14 0 0
263617 14 0 2
263707 14 29 2
263711 14 56 2
263748 14 0 0
263851 14 47 0
264088 14 47 2
264160 14 30 0
264378 14 30 2
264730 14 31 0
265424 14 31 2
265428 14 44 0
265636 14 44 2
265644 14 43 0
265785 14 56 1
265836 14 43 2
265968 14 32 0
266037 14 49 2
266091 14 32 2
266143 14 56 2
266163 14 33 0
266301 14 33 2
266349 14 33 0
266548 14 33 2
266556 14 27 0
266664 14 27 2
266768 14 54 0
267642 14 56 1
267897 14 13 2
267930 14 56 2
268292 14 54 2
268304 14 28 0
268433 14 28 2
268449 14 52 0
268768 14 52 2
268776 14 56 0
269096 14 56 2
269112 14 53 0
269411 14 53 2
269511 14 41 0
269643 14 41 2
269691 14 61 0
270011 14 61 2
270015 14 39 0
270801 14 56 1
271012 14 39 2
271024 14 7 0
271067 14 31 2
271085 14 56 1
271116 14 56 2
271207 14 7 2
271267 14 8 0
271337 14 0 2
271384 14 8 2
271416 14 63 0
271421 14 56 2
271422 14 0 0
271523 14 0 0
271674 14 63 2
271680 14 0 0
271782 14 0 0
271852 14 0 0
271889 14 0 2
271917 14 57 0
272000 14 0 0
272180 14 57 2
272248 14 58 0
272313 14 0 0
272393 14 58 2
272477 14 46 0
272591 14 0 0
272742 14 0 0
272898 14 46 2
272910 14 59 0
272999 14 0 0
273051 14 59 2
273083 14 32 0
273110 14 0 0
273196 14 32 2
273204 14 50 0
273248 14 0 0
273362 14 50 2
273411 14 0 0
273438 14 60 0
273520 14 0 0
273579 14 60 2
273587 14 62 0
273672 14 0 0
273792 14 62 2
273796 14 3 0
273819 14 0 0
273925 14 3 2
273937 14 5 0
274053 14 5 2
274081 14 17 0
274082 14 0 0
274202 14 17 2
274222 14 6 0
274258 14 0 0
274406 14 6 2
274498 14 11 0
274791 14 11 2
274799 14 10 0
274830 14 0 0
274884 14 10 2
274904 14 11 0
274993 14 0 0
275078 14 11 2
275086 14 6 0
275162 14 0 0
275380 14 6 2
275400 14 0 0
275416 14 36 0
275552 14 0 0
275680 14 0 0
275707 14 36 2
275767 14 12 0
275859 14 0 0
276007 14 12 2
276015 14 0 0
276138 14 0 2
276171 14 0 0
276262 14 15 0
276262 14 15 0
276272 14 0 0
276288 14 15 2
276384 14 15 2
276399 14 0 0
276504 14 7 0
276550 14 0 0
276638 14 7 2
276654 14 0 0
276690 14 0 0
276840 14 0 0
276937 14 0 2
276972 14 0 0
277072 14 0 0
277085 14 9 0
277186 14 9 2
277212 14 0 0
277218 14 8 0
277332 14 0 0
277388 14 8 2
277416 14 41 0
277472 14 0 0
277590 14 0 0
277742 14 0 0
277765 14 41 2
277873 14 14 0
277882 14 0 0
277968 14 14 2
278000 14 0 0
278110 14 0 0
278222 14 0 0
278240 14 61 0
278362 14 0 0
278602 14 0 0
278637 14 61 2
278709 14 54 0
278711 14 0 0
278841 14 0 0
278856 14 54 2
278888 14 55 0
278943 14 0 0
279083 14 0 0
279201 14 0 0
279352 14 55 2
279362 14 0 0
279580 14 40 0
279705 14 40 2
279733 14 49 0
279749 14 0 0
279870 14 49 2
279882 14 51 0
280009 14 0 0
280016 14 51 2
280036 14 37 0
280114 14 37 2
280118 14 20 0
280176 14 20 2
280192 14 3 0
280309 14 0 0
280456 14 0 0
280502 14 3 2
280594 14 21 0
280610 14 0 0
280653 14 21 2
280661 14 56 0
280750 14 0 0
280802 14 56 2
280822 14 57 0
280981 14 57 2
280998 14 0 0
281069 14 58 0
281150 14 0 0
281247 14 58 2
281289 14 0 0
281327 14 59 0
281432 14 0 0
281471 14 59 2
281495 14 63 0
281552 14 0 0
281662 14 0 0
281769 14 0 0
281881 14 63 2
281965 14 33 0
281967 14 0 2
282089 14 33 2
324590 14 56 1
324848 14 2 2
324914 14 56 2
394940 14 2 0
394941 14 0 0
407720 14 56 1
407978 14 2 2
408043 14 56 2
433408 14 2 0
433409 14 56 1
433678 14 2 2
433743 14 56 2
450800 14 56 1
451058 14 2 2
451123 14 56 2
454548 14 56 1
454798 14 2 2
454863 14 56 2
459746 14 56 1
459998 14 2 2
460063 14 56 2
484315 14 2 0
484316 14 56 1
484568 14 2 2
484633 14 56 2
556340 14 2 2
556341 14 2 0
557610 14 2 0
557611 14 2 2
592306 14 56 1
592307 14 2 0
592557 14 2 2
592622 14 56 2
623899 14 2 0
623900 14 56 1
624157 14 2 2
624222 14 56 2
634896 14 56 1
635148 14 2 2
635214 14 56 2
658256 14 2 0
658257 14 56 1
658508 14 2 2
658574 14 56 2
695700 14 2 0
695701 14 56 1
695957 14 2 2
696022 14 56 2
740850 14 2 0
740851 14 56 1
741107 14 2 2
741172 14 56 2
778365 14 2 0
778366 14 2 2
785194 14 2 0
785195 14 2 2
801360 14 2 0
801361 14 56 1
801612 14 2 2
801677 14 56 2
826766 14 2 0
826767 14 56 1
827020 14 2 2
827085 14 56 2
832280 14 2 0
832281 14 2 2
882152 14 2 0
882153 14 2 2
965532 14 2 0
965533 14 56 1
965786 14 2 2
965851 14 56 2
976677 14 2 0
976678 14 56 1
976936 14 2 2
977001 14 56 2
979320 14 2 0
979321 14 56 1
979576 14 2 2
979641 14 56 2
983507 14 2 0
983508 14 56 1
983766 14 2 2
983831 14 56 2
995869 14 2 0
995870 14 56 1
996126 14 2 2
996191 14 56 2
1064458 14 2 2
1064605 14 2 2
1064824 14 2 2
1135020 14 63 0
1135021 14 2 0
1162116 14 2 0
1162117 14 56 1
1162370 14 2 2
1162435 14 56 2
1177927 14 2 0
1177928 14 56 1
1178180 14 2 2
1178245 14 56 2
1189368 14 2 0
1189369 14 56 1
1189620 14 2 2
1189685 14 56 2
1203952 14 15 0
1203952 14 15 0
1204795 14 15 2
1205355 14 38 0
1205355 14 38 0
1205397 14 38 2
1205530 14 38 2
1205658 14 15 2
1205722 14 12 0
1205763 14 12 2
1207023 14 7 0
1207105 14 7 2
1207585 14 15 0
1207585 14 15 0
1207611 14 15 2
1208279 14 15 2
1208367 14 38 0
1208367 14 38 0
1208519 14 38 2
1208572 14 38 2
1208728 14 46 0
1208786 14 46 2
1208986 14 47 0
1209051 14 47 2
1211255 14 15 0
1211255 14 15 0
1211281 14 15 2
1211299 14 15 2
1211655 14 42 0
1211938 14 42 2
1212514 14 43 0
1212802 14 43 2
1213378 14 44 0
1213684 14 44 2
1214260 14 45 0
1214562 14 45 2
1215138 14 46 0
1215418 14 46 2
1215994 14 47 0
1216238 14 47 2
1216814 14 48 0
1217132 14 48 2
1217507 14 2 0
1217508 14 56 1
1217708 14 49 0
1217760 14 2 2
1217824 14 56 2
1218073 14 49 2
1218649 14 50 0
1218746 14 2 0
1218747 14 56 1
1218928 14 50 2
1219000 14 2 2
1219066 14 56 2
1219504 14 51 0
1219792 14 51 2
1220368 14 52 0
1220692 14 52 2
1221268 14 53 0
1221569 14 53 2
1222145 14 54 0
1222428 14 54 2
1223004 14 55 0
1223247 14 55 2
1223823 14 56 0
1224160 14 56 2
1224736 14 57 0
1225119 14 57 2
1225695 14 58 0
1225978 14 58 2
1226554 14 59 0
1226852 14 59 2
1227428 14 60 0
1227770 14 60 2
1228346 14 61 0
1228657 14 61 2
1229233 14 62 0
1229519 14 62 2
1230095 14 63 0
1230347 14 63 2
1230923 14 0 0
1230923 14 0 0
1230997 14 0 2
1231201 14 0 2
1231469 14 2 0
1231575 14 2 2
1231631 14 3 0
1231729 14 3 2
1231733 14 7 0
1231994 14 7 2
1232082 14 4 0
1232172 14 4 2
1232560 14 1 0
1232842 14 1 2
1233418 14 2 0
1233716 14 2 2
1234292 14 3 0
1234610 14 3 2
1235186 14 4 0
1235432 14 4 2
1236008 14 5 0
1236229 14 5 2
1236805 14 6 0
1237106 14 6 2
1237682 14 7 0
1237966 14 7 2
1238542 14 8 0
1238542 14 8 0
1238608 14 8 2
1238782 14 8 2
1239358 14 9 0
1239641 14 9 2
1240217 14 10 0
1240547 14 10 2
1241123 14 11 0
1241123 14 11 0
1241167 14 11 2
1241471 14 11 2
1242047 14 12 0
1242166 14 56 1
1242342 14 12 2
1242421 14 46 2
1242479 14 56 2
1242794 14 56 1
1242918 14 13 0
1243091 14 17 2
1243165 14 56 2
1243210 14 13 2
1243361 14 56 1
1243631 14 55 2
1243704 14 56 2
1243740 14 56 1
1243786 14 14 0
1243795 14 56 1
1243903 14 56 1
1244001 14 63 2
1244087 14 56 2
1244111 14 14 2
1244127 14 14 2
1244136 14 56 2
1244221 14 13 2
1244257 14 56 2
1244594 14 56 1
1244703 14 15 0
1244851 14 15 2
1244884 14 56 2
1244997 14 15 2
1245159 14 56 1
1245227 14 56 1
1245330 14 56 1
1245411 14 50 2
1245508 14 56 2
1245521 14 28 2
1245573 14 16 0
1245579 14 56 2
1245631 14 30 2
1245672 14 56 2
1245842 14 56 1
1245870 14 16 2
1245920 14 56 1
1245990 14 56 1
1246101 14 56 2
1246211 14 51 2
1246212 14 56 1
1246224 14 56 2
1246300 14 56 2
1246315 14 56 1
1246321 14 23 2
1246362 14 56 2
1246440 14 56 1
1246446 14 17 0
1246471 14 62 2
1246518 14 56 1
1246545 14 56 2
1246581 14 54 2
1246636 14 56 1
1246647 14 56 2
1246691 14 42 2
1246763 14 56 1
1246781 14 56 2
1246799 14 17 2
1246802 14 38 2
1246833 14 56 1
1246852 14 56 2
1246911 14 18 2
1246977 14 56 2
1247021 14 25 2
1247105 14 56 2
1247131 14 6 2
1247165 14 56 2
1247375 14 18 0
1247437 14 56 1
1247483 14 56 1
1247632 14 56 1
1247699 14 18 2
1247701 14 40 2
1247735 14 56 1
1247807 14 56 2
1247811 14 12 2
1247852 14 56 2
1247921 14 16 2
1247974 14 56 1
1248003 14 56 2
1248031 14 44 2
1248060 14 56 1
1248105 14 56 2
1248194 14 56 1
1248231 14 47 2
1248275 14 19 0
1248297 14 56 2
1248341 14 7 2
1248383 14 56 2
1248461 14 8 2
1248536 14 56 2
1248602 14 19 2
1248635 14 56 1
1248870 14 56 1
1248871 14 2 0
1248891 14 49 2
1248906 14 56 1
1248942 14 56 1
1248997 14 56 2
1249083 14 56 1
1249120 14 2 2
1249178 14 20 0
1249185 14 56 2
1249222 14 56 1
1249231 14 48 2
1249336 14 56 1
1249341 14 21 2
1249346 14 56 2
1249383 14 56 2
1249451 14 26 2
1249500 14 20 2
1249525 14 56 2
1249561 14 34 2
1249570 14 56 1
1249643 14 56 2
1249656 14 56 1
1249671 14 1 2
1249742 14 56 1
1249745 14 56 2
1249821 14 24 2
1249911 14 56 2
1249917 14 56 1
1250002 14 56 1
1250041 14 27 2
1250076 14 21 0
1250089 14 56 1
1250107 14 56 2
1250151 14 5 2
1250193 14 56 2
1250261 14 58 2
1250337 14 21 2
1250352 14 56 1
1250367 14 56 2
1250371 14 43 2
1250453 14 56 2
1250469 14 56 1
1250481 14 10 2
1250539 14 56 2
1250547 14 56 1
1250611 14 61 2
1250649 14 56 1
1250693 14 56 2
1250721 14 33 2
1250767 14 56 1
1250810 14 56 2
1250831 14 37 2
1250878 14 56 1
1250889 14 56 2
1250913 14 22 0
1250941 14 11 2
1250972 14 56 1
1250991 14 56 2
1251051 14 3 2
1251090 14 56 1
1251109 14 56 2
1251161 14 19 2
1251220 14 56 1
1251221 14 56 2
1251248 14 22 2
1251271 14 22 2
1251305 14 56 2
1251310 14 56 1
1251381 14 4 2
1251432 14 56 2
1251491 14 9 2
1251533 14 56 1
1251558 14 56 2
1251601 14 20 2
1251638 14 56 1
1251653 14 56 2
1251740 14 56 1
1251791 14 53 2
1251824 14 23 0
1251865 14 56 2
1251890 14 56 1
1251901 14 31 2
1251951 14 56 2
1251992 14 56 1
1252011 14 29 2
1252061 14 56 2
1252098 14 23 2
1252151 14 60 2
1252186 14 56 1
1252243 14 56 2
1252261 14 52 2
1252304 14 56 1
1252344 14 56 2
1252441 14 39 2
1252458 14 56 1
1252499 14 56 2
1252561 14 35 2
1252578 14 56 1
1252637 14 56 2
1252674 14 24 0
1252711 14 32 2
1252809 14 56 2
1252827 14 56 1
1252831 14 59 2
1252886 14 56 1
1252928 14 56 2
1252978 14 24 2
1252996 14 56 1
1253101 14 57 2
1253139 14 56 1
1253211 14 45 2
1253215 14 56 2
1253276 14 56 2
1253321 14 36 2
1253387 14 56 2
1253441 14 41 2
1253539 14 56 2
1253554 14 25 0
1253876 14 25 2
1254452 14 26 0
1254757 14 26 2
1255333 14 27 0
1255652 14 27 2
1256228 14 28 0
1256528 14 28 2
1257104 14 29 0
1257415 14 29 2
1257991 14 30 0
1258298 14 30 2
1258874 14 31 0
1259178 14 31 2
1259754 14 32 0
1260055 14 32 2
1260631 14 33 0
1260965 14 33 2
1261541 14 34 0
1261828 14 34 2
1262404 14 35 0
1262722 14 35 2
1263298 14 36 0
1263657 14 36 2
1264233 14 37 0
1264503 14 37 2
1265079 14 38 0
1265398 14 38 2
1265974 14 39 0
1266228 14 39 2
1266372 14 56 1
1266631 14 0 2
1266713 14 56 2
1266804 14 40 0
1267114 14 40 2
1281274 14 8 0
1281532 14 8 2
1315224 14 31 0
1315298 14 31 2
1315342 14 35 0
1315662 14 35 2
1315722 14 32 0
1315857 14 32 2
1315957 14 33 0
1316063 14 33 2
1316155 14 34 0
1316253 14 34 2
1316285 14 1 0
1316285 14 1 0
1316351 14 1 2
1316359 14 1 2
1316403 14 32 0
1316607 14 32 2
1316615 14 35 0
1316705 14 35 2
1316709 14 60 0
1316830 14 60 2
1316846 14 61 0
1316978 14 61 2
1317038 14 48 0
1317162 14 48 2
1317202 14 49 0
1317316 14 49 2
1317352 14 36 0
1317352 14 36 0
1317412 14 36 2
1317438 14 36 2
1317502 14 37 0
1317502 14 37 0
1317552 14 37 2
1317581 14 37 2
1317629 14 58 0
1317629 14 58 0
1317727 14 58 2
1317744 14 58 2
1317756 14 31 0
1317998 14 31 2
1318010 14 30 0
1318288 14 30 2
1318296 14 59 0
1318296 14 59 0
1318386 14 59 2
1318402 14 59 2
1318454 14 34 0
1318741 14 34 2
1318781 14 0 0
1319019 14 0 2
1319027 14 33 0
1319364 14 33 2
1319380 14 60 0
1319478 14 60 2
1319498 14 32 0
1319786 14 32 2
1319862 14 61 0
1319953 14 61 2
1319991 14 2 0
1319992 14 2 2
1320077 14 62 0
1320199 14 62 2
1320287 14 12 0
1320379 14 12 2
1320391 14 39 0
1320518 14 39 2
1320530 14 13 0
1320642 14 13 2
1320646 14 48 0
1320805 14 48 2
1320817 14 59 0
1320939 14 59 2
1320967 14 54 0
1320967 14 54 0
1321025 14 54 2
1321082 14 54 2
1321122 14 55 0
1321267 14 55 2
1321291 14 56 0
1321448 14 56 2
1321476 14 57 0
1321607 14 57 2
1321671 14 58 0
1321786 14 58 2
1321822 14 49 0
1321953 14 49 2
1321993 14 63 0
1322123 14 63 2
1322171 14 15 0
1322286 14 15 2
1322302 14 44 0
1322432 14 44 2
1322452 14 45 0
1322591 14 45 2
1322839 14 0 0
1323025 14 0 2
1323117 14 1 0
1323208 14 1 2
1323308 14 2 0
1323465 14 2 2
1323485 14 41 0
1323606 14 41 2
1323678 14 3 0
1323815 14 3 2
1324075 14 5 0
1324158 14 5 2
1324206 14 6 0
1324281 14 6 2
1324369 14 7 0
1324450 14 7 2
1324558 14 8 0
1324656 14 63 0
1324707 14 8 2
1324763 14 1 0
1324854 14 1 2
1324921 14 13 2
1325302 14 46 0
1325376 14 46 2
1325384 14 4 0
1325444 14 13 2
1325477 14 4 2
1325501 14 47 0
1325575 14 47 2
1325660 14 13 2
1325719 14 12 0
1325777 14 12 2
1325854 14 13 2
1326141 14 10 0
1326225 14 10 2
1326345 14 1 0
1326345 14 1 0
1326411 14 1 2
1326443 14 1 2
1326875 14 9 0
1326957 14 9 2
1326973 14 46 0
1327022 14 13 2
1327047 14 46 2
1327079 14 47 0
1327079 14 47 0
1327136 14 13 2
1327137 14 47 2
1327154 14 47 2
1327298 14 12 0
1327298 14 12 0
1327329 14 13 2
1327332 14 12 2
1327357 14 12 2
1327841 14 1 0
1327930 14 1 2
1328378 14 46 0
1328378 14 46 0
1328428 14 46 2
1328453 14 46 2
1328485 14 47 0
1328559 14 47 2
1328703 14 12 0
1328761 14 12 2
1329245 14 1 0
1329245 14 1 0
1329315 14 1 2
1329340 14 1 2
1329788 14 46 0
1329894 14 46 2
1329926 14 47 0
1330040 14 47 2
1330184 14 12 0
1330266 14 12 2
1330300 14 63 0
1330750 14 1 0
1330750 14 1 0
1330820 14 1 2
1330843 14 1 2
1331291 14 46 0
1331291 14 46 0
1331341 14 46 2
1331400 14 46 2
1331432 14 47 0
1331432 14 47 0
1331491 14 47 2
1331546 14 47 2
1331690 14 12 0
1331690 14 12 0
1331724 14 12 2
1331773 14 12 2
1332257 14 1 0
1332257 14 1 0
1332323 14 1 2
1332348 14 1 2
1332796 14 46 0
1332796 14 46 0
1332849 14 46 2
1332906 14 46 2
1332938 14 47 0
1332938 14 47 0
1332996 14 47 2
1333054 14 47 2
1333198 14 12 0
1333198 14 12 0
1333232 14 12 2
1333282 14 12 2
1333390 14 63 0
1333766 14 1 0
1333766 14 1 0
1333832 14 1 2
1333857 14 1 2
1333992 14 63 0
1334305 14 46 0
1334305 14 46 0
1334355 14 46 2
1334412 14 46 2
1334444 14 47 0
1334444 14 47 0
1334502 14 47 2
1334559 14 47 2
1334703 14 12 0
1334703 14 12 0
1334737 14 12 2
1334786 14 12 2
1335270 14 1 0
1335270 14 1 0
1335336 14 1 2
1335361 14 1 2
1335809 14 46 0
1335809 14 46 0
1335859 14 46 2
1335916 14 46 2
1335948 14 47 0
1335948 14 47 0
1336006 14 47 2
1336063 14 47 2
1336207 14 12 0
1336207 14 12 0
1336241 14 12 2
1336287 14 63 0
1336289 14 12 2
1336773 14 1 0
1336773 14 1 0
1336839 14 1 2
1336846 14 1 2
1337294 14 46 0
1337294 14 46 0
1337344 14 46 2
1337353 14 46 2
1337385 14 47 0
1337385 14 47 0
1337444 14 47 2
1337502 14 47 2
1337580 14 63 0
1337646 14 12 0
1337646 14 12 0
1337681 14 12 2
1337732 14 12 2
1338088 14 2 0
1338089 14 2 2
1338216 14 1 0
1338216 14 1 0
1338283 14 1 2
1338290 14 1 2
1338722 14 10 0
1338803 14 10 2
1338819 14 46 0
1338819 14 46 0
1338869 14 46 2
1338877 14 46 2
1338909 14 47 0
1338909 14 47 0
1338967 14 47 2
1338975 14 47 2
1339119 14 12 0
1339119 14 12 0
1339130 14 63 0
1339153 14 12 2
1339160 14 12 2
1339644 14 1 0
1339644 14 1 0
1339674 14 63 0
1339710 14 1 2
1339717 14 1 2
1340165 14 46 0
1340165 14 46 0
1340216 14 46 2
1340221 14 46 2
1340253 14 47 0
1340253 14 47 0
1340311 14 47 2
1340319 14 47 2
1340463 14 12 0
1340463 14 12 0
1340497 14 12 2
1340507 14 12 2
1340991 14 1 0
1340991 14 1 0
1341063 14 1 2
1341064 14 1 2
1341319 14 63 0
1341462 14 63 0
1341512 14 46 0
1341512 14 46 0
1341571 14 46 2
1341573 14 46 2
1341605 14 47 0
1341605 14 47 0
1341663 14 47 2
1341671 14 47 2
1341815 14 12 0
1341815 14 12 0
1341849 14 12 2
1341857 14 12 2
1342341 14 1 0
1342341 14 1 0
1342408 14 1 2
1342417 14 1 2
1342706 14 2 0
1342707 14 2 2
1342865 14 46 0
1342865 14 46 0
1342916 14 46 2
1342921 14 46 2
1342953 14 47 0
1342953 14 47 0
1343011 14 47 2
1343019 14 47 2
1343163 14 12 0
1343163 14 12 0
1343197 14 12 2
1343205 14 12 2
1343689 14 1 0
1343689 14 1 0
1343755 14 1 2
1343763 14 1 2
1344211 14 46 0
1344211 14 46 0
1344261 14 46 2
1344269 14 46 2
1344301 14 47 0
1344301 14 47 0
1344359 14 47 2
1344366 14 47 2
1344510 14 12 0
1344510 14 12 0
1344544 14 12 2
1344564 14 12 2
1344870 14 63 0
1345048 14 1 0
1345048 14 1 0
1345114 14 1 2
1345122 14 1 2
1345570 14 46 0
1345570 14 46 0
1345621 14 46 2
1345637 14 46 2
1345669 14 47 0
1345669 14 47 0
1345727 14 47 2
1345735 14 47 2
1345879 14 12 0
1345879 14 12 0
1345913 14 12 2
1345920 14 12 2
1346404 14 1 0
1346404 14 1 0
1346470 14 1 2
1346478 14 1 2
1346880 14 2 0
1346881 14 2 2
1346926 14 46 0
1346926 14 46 0
1346976 14 46 2
1346984 14 46 2
1347016 14 47 0
1347016 14 47 0
1347074 14 47 2
1347082 14 47 2
1347226 14 12 0
1347226 14 12 0
1347260 14 12 2
1347268 14 12 2
1347533 14 63 0
1347752 14 1 0
1347752 14 1 0
1347818 14 1 2
1347826 14 1 2
1348274 14 46 0
1348274 14 46 0
1348324 14 46 2
1348332 14 46 2
1348364 14 47 0
1348364 14 47 0
1348422 14 47 2
1348430 14 47 2
1348574 14 12 0
1348574 14 12 0
1348608 14 12 2
1348616 14 12 2
1349100 14 1 0
1349100 14 1 0
1349166 14 1 2
1349176 14 1 2
1349271 14 63 0
1349388 14 63 0
1349608 14 11 0
1349608 14 11 0
1349650 14 11 2
1349693 14 11 2
1349709 14 46 0
1349709 14 46 0
1349759 14 46 2
1349767 14 46 2
1349799 14 47 0
1349799 14 47 0
1349857 14 47 2
1349865 14 47 2
1350009 14 12 0
1350009 14 12 0
1350043 14 12 2
1350051 14 12 2
1350535 14 1 0
1350535 14 1 0
1350602 14 1 2
1350607 14 1 2
1351055 14 46 0
1351055 14 46 0
1351105 14 46 2
1351113 14 46 2
1351145 14 47 0
1351145 14 47 0
1351203 14 47 2
1351212 14 47 2
1351330 14 63 0
1351356 14 12 0
1351356 14 12 0
1351399 14 12 2
1351400 14 12 2
1351565 14 2 0
1351566 14 2 2
1351884 14 1 0
1351884 14 1 0
1351950 14 1 2
1351957 14 1 2
1352405 14 46 0
1352405 14 46 0
1352455 14 46 2
1352463 14 46 2
1352495 14 47 0
1352495 14 47 0
1352553 14 47 2
1352560 14 47 2
1352704 14 12 0
1352704 14 12 0
1352738 14 12 2
1352745 14 12 2
1353229 14 1 0
1353229 14 1 0
1353296 14 1 2
1353301 14 1 2
1353417 14 63 0
1353749 14 46 0
1353749 14 46 0
1353808 14 46 2
1353817 14 46 2
1353849 14 47 0
1353849 14 47 0
1353918 14 47 2
1353920 14 47 2
1354062 14 12 0
1354062 14 12 0
1354096 14 12 2
1354103 14 12 2
1354587 14 1 0
1354587 14 1 0
1354653 14 1 2
1354660 14 1 2
1354792 14 63 0
1355108 14 46 0
1355108 14 46 0
1355158 14 46 2
1355165 14 46 2
1355197 14 47 0
1355197 14 47 0
1355266 14 47 2
1355267 14 47 2
1355411 14 12 0
1355411 14 12 0
1355445 14 12 2
1355461 14 12 2
1355945 14 1 0
1355945 14 1 0
1356012 14 1 2
1356027 14 1 2
1356364 14 63 0
1356475 14 46 0
1356475 14 46 0
1356525 14 46 2
1356534 14 46 2
1356566 14 47 0
1356566 14 47 0
1356633 14 47 2
1356635 14 47 2
1356779 14 12 0
1356779 14 12 0
1356813 14 12 2
1356821 14 12 2
1357245 14 63 0
1357305 14 1 0
1357305 14 1 0
1357371 14 1 2
1357378 14 1 2
1357826 14 46 0
1357826 14 46 0
1357891 14 46 2
1357893 14 46 2
1357925 14 47 0
1357925 14 47 0
1357983 14 47 2
1357999 14 47 2
1358143 14 12 0
1358143 14 12 0
1358177 14 12 2
1358185 14 12 2
1358669 14 1 0
1358669 14 1 0
1358737 14 1 2
1358742 14 1 2
1359190 14 46 0
1359190 14 46 0
1359240 14 46 2
1359248 14 46 2
1359280 14 47 0
1359280 14 47 0
1359338 14 47 2
1359346 14 47 2
1359490 14 12 0
1359490 14 12 0
1359524 14 12 2
1359531 14 12 2
1360015 14 1 0
1360015 14 1 0
1360081 14 1 2
1360089 14 1 2
1360521 14 12 0
1360521 14 12 0
1360556 14 12 2
1360561 14 12 2
1360577 14 46 0
1360577 14 46 0
1360627 14 46 2
1360635 14 46 2
1360667 14 47 0
1360667 14 47 0
1360713 14 63 0
1360725 14 47 2
1360732 14 47 2
1360876 14 12 0
1360876 14 12 0
1360911 14 12 2
1360916 14 12 2
1361260 14 63 0
1361400 14 1 0
1361400 14 1 0
1361466 14 1 2
1361476 14 1 2
1361543 14 63 0
1361924 14 46 0
1361924 14 46 0
1361974 14 46 2
1361982 14 46 2
1362014 14 47 0
1362014 14 47 0
1362072 14 47 2
1362080 14 47 2
1362224 14 12 0
1362224 14 12 0
1362243 14 63 0
1362258 14 12 2
1362266 14 12 2
1362750 14 1 0
1362750 14 1 0
1362816 14 1 2
1362825 14 1 2
1363273 14 46 0
1363273 14 46 0
1363323 14 46 2
1363331 14 46 2
1363363 14 47 0
1363363 14 47 0
1363421 14 47 2
1363430 14 47 2
1363574 14 12 0
1363574 14 12 0
1363609 14 12 2
1363615 14 12 2
1363770 14 63 0
1363906 14 63 0
1364099 14 1 0
1364099 14 1 0
1364165 14 1 2
1364173 14 1 2
1364621 14 46 0
1364621 14 46 0
1364671 14 46 2
1364679 14 46 2
1364711 14 47 0
1364711 14 47 0
1364769 14 47 2
1364777 14 47 2
1364921 14 12 0
1364921 14 12 0
1364955 14 12 2
1364963 14 12 2
1365447 14 1 0
1365447 14 1 0
1365513 14 1 2
1365521 14 1 2
1365969 14 46 0
1365969 14 46 0
1366019 14 46 2
1366026 14 46 2
1366058 14 47 0
1366058 14 47 0
1366116 14 47 2
1366124 14 47 2
1366268 14 12 0
1366268 14 12 0
1366308 14 12 2
1366310 14 12 2
1366794 14 1 0
1366794 14 1 0
1366860 14 1 2
1366868 14 1 2
1367316 14 46 0
1367316 14 46 0
1367366 14 46 2
1367375 14 46 2
1367407 14 47 0
1367407 14 47 0
1367465 14 47 2
1367473 14 47 2
1367617 14 12 0
1367617 14 12 0
1367651 14 12 2
1367659 14 12 2
1368143 14 1 0
1368143 14 1 0
1368177 14 63 0
1368209 14 1 2
1368217 14 1 2
1368324 14 63 0
1368665 14 46 0
1368665 14 46 0
1368715 14 46 2
1368723 14 46 2
1368755 14 47 0
1368755 14 47 0
1368813 14 47 2
1368821 14 47 2
1368965 14 12 0
1368965 14 12 0
1369005 14 12 2
1369006 14 12 2
1369489 14 1 0
1369489 14 1 0
1369562 14 1 2
1369567 14 1 2
1369661 14 63 0
1370015 14 46 0
1370015 14 46 0
1370065 14 46 2
1370073 14 46 2
1370105 14 47 0
1370105 14 47 0
1370164 14 47 2
1370175 14 47 2
1370319 14 12 0
1370319 14 12 0
1370324 14 63 0
1370353 14 12 2
1370361 14 12 2
1370845 14 1 0
1370845 14 1 0
1370911 14 1 2
1370919 14 1 2
1371351 14 13 0
1371457 14 13 2
1371473 14 46 0
1371473 14 46 0
1371508 14 63 0
1371523 14 46 2
1371531 14 46 2
1371563 14 47 0
1371563 14 47 0
1371621 14 47 2
1371635 14 47 2
1371745 14 63 0
1371779 14 12 0
1371779 14 12 0
1371813 14 12 2
1371821 14 12 2
1372305 14 1 0
1372305 14 1 0
1372372 14 1 2
1372379 14 1 2
1372827 14 46 0
1372827 14 46 0
1372877 14 46 2
1372884 14 46 2
1372916 14 47 0
1372916 14 47 0
1372974 14 47 2
1372981 14 47 2
1373125 14 12 0
1373125 14 12 0
1373159 14 12 2
1373166 14 12 2
1373650 14 1 0
1373650 14 1 0
1373716 14 1 2
1373724 14 1 2
1374172 14 46 0
1374172 14 46 0
1374218 14 63 0
1374222 14 46 2
1374229 14 46 2
1374261 14 47 0
1374261 14 47 0
1374319 14 47 2
1374327 14 47 2
1374471 14 12 0
1374471 14 12 0
1374505 14 12 2
1374516 14 12 2
1375000 14 1 0
1375000 14 1 0
1375067 14 1 2
1375075 14 1 2
1375523 14 46 0
1375523 14 46 0
1375573 14 46 2
1375592 14 46 2
1375624 14 47 0
1375624 14 47 0
1375682 14 47 2
1375722 14 47 2
1375866 14 12 0
1375866 14 12 0
1375900 14 12 2
1375908 14 12 2
1376392 14 1 0
1376392 14 1 0
1376488 14 1 2
1376506 14 1 2
1376812 14 63 0
1376954 14 46 0
1376954 14 46 0
1377004 14 46 2
1377091 14 46 2
1377123 14 47 0
1377123 14 47 0
1377181 14 47 2
1377239 14 47 2
1377383 14 12 0
1377383 14 12 0
1377417 14 12 2
1377429 14 12 2
1377913 14 1 0
1377913 14 1 0
1377979 14 1 2
1377987 14 1 2
1378139 14 2 0
1378140 14 2 2
1378435 14 46 0
1378435 14 46 0
1378485 14 46 2
1378522 14 46 2
1378554 14 47 0
1378554 14 47 0
1378612 14 47 2
1378660 14 47 2
1378804 14 12 0
1378804 14 12 0
1378838 14 12 2
1378855 14 12 2
1379163 14 63 0
1379298 14 63 0
1379339 14 1 0
1379339 14 1 0
1379403 14 63 0
1379405 14 1 2
1379413 14 1 2
1379861 14 46 0
1379861 14 46 0
1379911 14 46 2
1379953 14 46 2
1379985 14 47 0
1379985 14 47 0
1380043 14 47 2
1380092 14 47 2
1380236 14 12 0
1380236 14 12 0
1380272 14 12 2
1380287 14 12 2
1380771 14 1 0
1380771 14 1 0
1380837 14 1 2
1380844 14 1 2
1381185 14 63 0
1381292 14 46 0
1381292 14 46 0
1381342 14 46 2
1381379 14 46 2
1381411 14 47 0
1381411 14 47 0
1381469 14 47 2
1381516 14 47 2
1381648 14 63 0
1381660 14 12 0
1381660 14 12 0
1381694 14 12 2
1381721 14 12 2
1382205 14 1 0
1382205 14 1 0
1382271 14 1 2
1382284 14 1 2
1382354 14 63 0
1382716 14 14 0
1382725 14 63 0
1382806 14 14 2
1382822 14 46 0
1382822 14 46 0
1382872 14 46 2
1382879 14 46 2
1382911 14 47 0
1382911 14 47 0
1382970 14 47 2
1382978 14 47 2
1383122 14 12 0
1383122 14 12 0
1383156 14 12 2
1383164 14 12 2
1383201 14 63 0
1383321 14 63 0
1383648 14 1 0
1383648 14 1 0
1383714 14 1 2
1383723 14 1 2
1384171 14 46 0
1384171 14 46 0
1384223 14 46 2
1384248 14 46 2
1384280 14 47 0
1384280 14 47 0
1384338 14 47 2
1384395 14 47 2
1384539 14 12 0
1384539 14 12 0
1384573 14 12 2
1384590 14 12 2
1385074 14 1 0
1385074 14 1 0
1385140 14 1 2
1385148 14 1 2
1385596 14 46 0
1385596 14 46 0
1385646 14 46 2
1385683 14 46 2
1385715 14 47 0
1385715 14 47 0
1385774 14 47 2
1385819 14 47 2
1385963 14 12 0
1385963 14 12 0
1385997 14 12 2
1386014 14 12 2
1386434 14 63 0
1386498 14 1 0
1386498 14 1 0
1386564 14 1 2
1386572 14 1 2
1387020 14 46 0
1387020 14 46 0
1387070 14 46 2
1387128 14 46 2
1387160 14 47 0
1387160 14 47 0
1387218 14 47 2
1387276 14 47 2
1387420 14 12 0
1387420 14 12 0
1387454 14 12 2
1387461 14 12 2
1387945 14 1 0
1387945 14 1 0
1388011 14 1 2
1388020 14 1 2
1388037 14 2 0
1388038 14 2 2
1388444 14 2 0
1388445 14 0 0
1388468 14 46 0
1388468 14 46 0
1388519 14 46 2
1388529 14 63 0
1388577 14 46 2
1388609 14 47 0
1388609 14 47 0
1388668 14 47 2
1388714 14 47 2
1388858 14 12 0
1388858 14 12 0
1388892 14 12 2
1388914 14 12 2
1389398 14 1 0
1389398 14 1 0
1389464 14 1 2
1389471 14 1 2
1389919 14 46 0
1389919 14 46 0
1389970 14 46 2
1390011 14 46 2
1390043 14 47 0
1390043 14 47 0
1390101 14 47 2
1390149 14 47 2
1390293 14 12 0
1390293 14 12 0
1390327 14 12 2
1390336 14 12 2
1390820 14 1 0
1390820 14 1 0
1390886 14 1 2
1390894 14 1 2
1391342 14 46 0
1391342 14 46 0
1391394 14 46 2
1391431 14 46 2
1391463 14 47 0
1391463 14 47 0
1391522 14 47 2
1391582 14 47 2
1391726 14 12 0
1391726 14 12 0
1391760 14 12 2
1391767 14 12 2
1392251 14 1 0
1392251 14 1 0
1392317 14 1 2
1392325 14 1 2
1392773 14 46 0
1392773 14 46 0
1392823 14 46 2
1392831 14 46 2
1392863 14 47 0
1392863 14 47 0
1392925 14 47 2
1392932 14 47 2
1393076 14 12 0
1393076 14 12 0
1393110 14 12 2
1393118 14 12 2
1393341 14 63 0
1393506 14 1 0
1393506 14 1 0
1393572 14 1 2
1393585 14 1 2
1394017 14 7 0
1394116 14 7 2
1394132 14 46 0
1394132 14 46 0
1394182 14 46 2
1394192 14 46 2
1394224 14 47 0
1394224 14 47 0
1394282 14 47 2
1394290 14 47 2
1394434 14 12 0
1394434 14 12 0
1394468 14 12 2
1394479 14 12 2
1394963 14 1 0
1394963 14 1 0
1395029 14 1 2
1395040 14 1 2
1395488 14 46 0
1395488 14 46 0
1395538 14 46 2
1395548 14 46 2
1395580 14 47 0
1395580 14 47 0
1395638 14 47 2
1395646 14 47 2
1395743 14 63 0
1395790 14 12 0
1395790 14 12 0
1395824 14 12 2
1395832 14 12 2
1396316 14 1 0
1396316 14 1 0
1396382 14 1 2
1396389 14 1 2
1396837 14 46 0
1396837 14 46 0
1396887 14 46 2
1396895 14 46 2
1396927 14 47 0
1396927 14 47 0
1396985 14 47 2
1396993 14 47 2
1397137 14 5 0
1397211 14 5 2
1397219 14 61 0
1397219 14 61 0
1397295 14 61 2
1397360 14 61 2
1397368 14 29 0
1397615 14 29 2
1397631 14 62 0
1397631 14 62 0
1397697 14 62 2
1397772 14 62 2
1398048 14 63 0
1398048 14 63 0
1398125 14 63 2
1398200 14 63 2
1398454 14 63 0
1398624 14 12 0
1398624 14 12 0
1398658 14 12 2
1398684 14 12 2
1398731 14 63 0
1398853 14 19 2
1398866 14 63 0
1398964 14 63 0
1399124 14 11 0
1399214 14 11 2
1399426 14 1 0
1399426 14 1 0
1399492 14 1 2
1399501 14 1 2
1399949 14 46 0
1399949 14 46 0
1400000 14 46 2
1400010 14 46 2
1400042 14 47 0
1400042 14 47 0
1400101 14 47 2
1400109 14 47 2
1400253 14 12 0
1400253 14 12 0
1400287 14 12 2
1400295 14 12 2
1400779 14 1 0
1400779 14 1 0
1400845 14 1 2
1400854 14 1 2
1401302 14 46 0
1401302 14 46 0
1401302 14 63 0
1401360 14 46 2
1401362 14 46 2
1401394 14 47 0
1401394 14 47 0
1401452 14 47 2
1401460 14 47 2
1401604 14 12 0
1401604 14 12 0
1401639 14 12 2
1401647 14 12 2
1402131 14 1 0
1402131 14 1 0
1402197 14 1 2
1402205 14 1 2
1402653 14 46 0
1402653 14 46 0
1402704 14 46 2
1402716 14 46 2
1402748 14 47 0
1402748 14 47 0
1402806 14 47 2
1402813 14 47 2
1402957 14 12 0
1402957 14 12 0
1402991 14 12 2
1402998 14 12 2
1403482 14 1 0
1403482 14 1 0
1403548 14 1 2
1403555 14 1 2
1404003 14 46 0
1404003 14 46 0
1404053 14 46 2
1404060 14 46 2
1404092 14 47 0
1404092 14 47 0
1404151 14 47 2
1404163 14 47 2
1404307 14 12 0
1404347 14 12 2
1404522 14 63 0
1404831 14 1 0
1404831 14 1 0
1404897 14 1 2
1404905 14 1 2
1405353 14 46 0
1405353 14 46 0
1405403 14 46 2
1405415 14 46 2
1405447 14 47 0
1405447 14 47 0
1405505 14 47 2
1405513 14 47 2
1405657 14 12 0
1405657 14 12 0
1405691 14 12 2
1405702 14 12 2
1406186 14 1 0
1406186 14 1 0
1406252 14 1 2
1406260 14 1 2
1406708 14 46 0
1406708 14 46 0
1406758 14 46 2
1406766 14 46 2
1406798 14 47 0
1406798 14 47 0
1406856 14 47 2
1406864 14 47 2
1407008 14 12 0
1407008 14 12 0
1407042 14 12 2
1407050 14 12 2
1407534 14 1 0
1407534 14 1 0
1407610 14 1 2
1407611 14 1 2
1408059 14 46 0
1408059 14 46 0
1408109 14 46 2
1408117 14 46 2
1408149 14 47 0
1408149 14 47 0
1408208 14 47 2
1408216 14 47 2
1408360 14 12 0
1408360 14 12 0
1408394 14 12 2
1408406 14 12 2
1408690 14 63 0
1408842 14 63 0
1408890 14 1 0
1408890 14 1 0
1408956 14 1 2
1408965 14 1 2
1409413 14 46 0
1409413 14 46 0
1409463 14 46 2
1409475 14 46 2
1409507 14 47 0
1409507 14 47 0
1409565 14 47 2
1409573 14 47 2
1409717 14 12 0
1409717 14 12 0
1409751 14 12 2
1409759 14 12 2
1410243 14 1 0
1410243 14 1 0
1410309 14 1 2
1410317 14 1 2
1410765 14 46 0
1410765 14 46 0
1410816 14 46 2
1410824 14 46 2
1410856 14 47 0
1410856 14 47 0
1410914 14 47 2
1410922 14 47 2
1411066 14 12 0
1411066 14 12 0
1411100 14 12 2
1411108 14 12 2
1411592 14 1 0
1411592 14 1 0
1411594 14 63 0
1411658 14 1 2
1411665 14 1 2
1412113 14 46 0
1412113 14 46 0
1412171 14 46 2
1412173 14 46 2
1412205 14 47 0
1412205 14 47 0
1412263 14 47 2
1412270 14 47 2
1412414 14 12 0
1412414 14 12 0
1412448 14 12 2
1412456 14 12 2
1412940 14 1 0
1412940 14 1 0
1413008 14 1 2
1413016 14 1 2
1413464 14 46 0
1413464 14 46 0
1413514 14 46 2
1413522 14 46 2
1413554 14 47 0
1413554 14 47 0
1413625 14 47 2
1413629 14 47 2
1413773 14 12 0
1413773 14 12 0
1413807 14 12 2
1413815 14 12 2
1414038 14 13 2
1414123 14 1 0
1414207 14 1 2
1414375 14 9 0
1414457 14 9 2
1414522 14 19 2
1414581 14 55 0
1414670 14 55 2
1414674 14 1 0
1414674 14 1 0
1414740 14 1 2
1414783 14 1 2
1414795 14 13 2
1414807 14 56 0
1414901 14 15 2
1414914 14 13 2
1414937 14 56 2
1414957 14 45 0
1415034 14 45 2
1415050 14 1 0
1415140 14 1 2
1415176 14 1 0
1415267 14 1 2
1415271 14 46 0
1415345 14 46 2
1415421 14 63 0
1415663 14 63 2
1415671 14 47 0
1415903 14 47 2
1416007 14 62 0
1416007 14 62 0
1416048 14 19 2
1416073 14 62 2
1416081 14 62 2
1416205 14 61 0
1416205 14 61 0
1416279 14 61 2
1416287 14 61 2
1416823 14 1 0
1416823 14 1 0
1416889 14 1 2
1416906 14 1 2
1416990 14 58 0
1416990 14 58 0
1417088 14 58 2
1417105 14 58 2
1417185 14 59 0
1417185 14 59 0
1417275 14 59 2
1417294 14 59 2
1421235 14 11 2
1423635 14 0 2
1480138 14 2 0
1480139 14 56 1
1480393 14 2 2
1480459 14 56 2
1480495 14 2 0
1480496 14 2 2
1489178 14 2 0
1489179 14 2 2
1546801 14 2 0
1546802 14 63 0
1564503 14 2 2
1575724 14 2 0
1575725 14 2 2
1588821 14 2 0
1588822 14 2 2
1590833 14 2 0
1590834 14 2 2
1597650 14 2 0
1597651 14 56 1
1597911 14 2 2
1597977 14 56 2
1620970 14 2 0
1620971 14 56 1
1621231 14 2 2
1621297 14 56 2
1654064 14 2 0
1654065 14 56 1
1654320 14 2 2
1654385 14 56 2
1698804 14 2 0
1698805 14 56 1
1699060 14 2 2
1699125 14 56 2
1734718 14 2 0
1734719 14 2 2
1735146 14 2 0
1735147 14 2 2
1747220 14 2 0
1747221 14 56 1
1747481 14 2 2
1747547 14 56 2
1770520 14 2 0
1770521 14 56 1
1770781 14 2 2
1770847 14 56 2
1802514 14 2 0
1802515 14 56 1
1802770 14 2 2
1802835 14 56 2
1847314 14 2 0
1847315 14 56 1
1847570 14 2 2
1847635 14 56 2
1893540 14 2 0
1893541 14 56 1
1893801 14 2 2
1893867 14 56 2
1916880 14 2 0
1916881 14 56 1
1917141 14 2 2
1917207 14 56 2
1959894 14 56 1
1959895 14 2 0
1960150 14 2 2
1960215 14 56 2
2005654 14 2 0
2005655 14 56 1
2005910 14 2 2
2005975 14 56 2
2046214 14 2 0
2046215 14 2 2
2053910 14 2 0
2053911 14 56 1
2054171 14 2 2
2054237 14 56 2
2077230 14 2 0
2077231 14 56 1
2077491 14 2 2
2077557 14 56 2
2108644 14 56 1
2108645 14 2 0
2108900 14 2 2
2108965 14 56 2
2153414 14 2 0
2153415 14 56 1
2153670 14 2 2
2153735 14 56 2
2180515 14 15 0
2180515 14 15 0
2181172 14 15 2
2181899 14 15 2
2182115 14 36 0
2182115 14 36 0
2182252 14 36 2
2182254 14 36 2
2182296 14 37 0
2182296 14 37 0
2182346 14 37 2
2182405 14 37 2
2182537 14 8 0
2182537 14 8 0
2182603 14 8 2
2182658 14 8 2
2182706 14 0 0
2182706 14 0 0
2182780 14 0 2
2182816 14 0 2
2182904 14 36 0
2182904 14 36 0
2182962 14 36 2
2183419 14 36 2
2183451 14 38 0
2183451 14 38 0
2183493 14 38 2
2183566 14 38 2
2183726 14 54 0
2183726 14 54 0
2183784 14 54 2
2183848 14 54 2
2183880 14 12 0
2183880 14 12 0
2183914 14 12 2
2183922 14 12 2
2183986 14 37 0
2183986 14 37 0
2184036 14 37 2
2184661 14 37 2
2185649 14 47 0
2185649 14 47 0
2185707 14 47 2
2185740 14 47 2
2185764 14 11 0
2185764 14 11 0
2185806 14 11 2
2185880 14 11 2
2186008 14 1 0
2186108 14 1 2
2186164 14 7 0
2186270 14 7 2
2186702 14 2 0
2186842 14 2 2
2186890 14 15 0
2186890 14 15 0
2186916 14 15 2
2186989 14 15 2
2187077 14 38 0
2187077 14 38 0
2187133 14 2 0
2187134 14 2 2
2187158 14 12 2
2187269 14 38 2
2187292 14 38 2
2187448 14 46 0
2187448 14 46 0
2187498 14 46 2
2187558 14 46 2
2187605 14 12 2
2187610 14 0 0
2187610 14 0 0
2187684 14 0 2
2187752 14 12 2
2187841 14 0 2
2187989 14 47 0
2188054 14 47 2
2188070 14 12 0
2188155 14 12 2
2188191 14 47 0
2188308 14 47 2
2189364 14 63 0
2189364 14 63 0
2189438 14 63 2
2189464 14 63 2
2189502 14 2 0
2189503 14 0 0
2189668 14 58 0
2189668 14 58 0
2189766 14 58 2
2189783 14 58 2
2189867 14 46 0
2189867 14 46 0
2189917 14 46 2
2189957 14 46 2
2190513 14 15 0
2190513 14 15 0
2190539 14 15 2
2190547 14 15 2
2192454 14 11 2
2192589 14 11 2
2193804 14 13 2
2194263 14 13 2
2194409 14 13 2
2197855 14 2 0
2197856 14 0 0
2208921 14 2 0
2208922 14 2 2
2213209 14 2 0
2213210 14 2 2
2213641 14 2 0
2213642 14 2 2
2214875 14 2 0
2214876 14 2 2
2308734 14 2 0
2308735 14 2 2
2317890 14 2 0
2317891 14 2 2
2323885 14 2 0
2323886 14 2 2
2331365 14 2 0
2331366 14 2 2
2332711 14 2 0
2332712 14 2 2
2346269 14 2 0
2346270 14 2 2
2397406 14 2 0
2397407 14 2 2
2406519 14 2 0
2406520 14 2 2
2454039 14 2 0
2454040 14 2 2
2459351 14 2 0
2459352 14 2 2
2467454 14 2 0
2467455 14 2 2
2467798 14 2 0
2467799 14 2 2
2474743 14 2 0
2474744 14 2 2
2501440 14 2 0
2501441 14 2 2
2502105 14 2 0
2502106 14 2 2
2510486 14 2 0
2510487 14 56 1
2510747 14 2 2
2510813 14 56 2
2533926 14 2 0
2533927 14 56 1
2534187 14 2 2
2534253 14 56 2
2567700 14 2 0
2567701 14 56 1
2567956 14 2 2
2568021 14 56 2
2612950 14 2 0
2612951 14 56 1
2613206 14 2 2
2613271 14 56 2
2650756 14 2 0
2650757 14 2 2
2658991 14 2 0
2658992 14 2 2
2665076 14 2 0
2665077 14 56 1
2665337 14 2 2
2665403 14 56 2
2680424 14 2 0
2680425 14 2 2
2687601 14 2 2
2687602 14 2 0
2706588 14 2 0
2706589 14 2 2
2707510 14 2 0
2707511 14 2 2
2722960 14 2 0
2722961 14 56 1
2723217 14 2 2
2723282 14 56 2
2724252 14 2 0
2724253 14 2 2
2784852 14 2 0
2784853 14 56 1
2785107 14 2 2
2785173 14 56 2
2818406 14 2 0
2818407 14 56 1
2818666 14 2 2
2818731 14 56 2
2864456 14 56 1
2864457 14 2 0
2864706 14 2 2
2864771 14 56 2
2900831 14 2 0
2900832 14 2 2
2906642 14 2 0
2906643 14 2 2
2907349 14 2 0
2907350 14 2 2
2915398 14 2 0
2915399 14 56 1
2915659 14 2 2
2915725 14 56 2
2938838 14 2 0
2938839 14 56 1
2939099 14 2 2
2939165 14 56 2
2970362 14 2 0
2970363 14 56 1
2970618 14 2 2
2970683 14 56 2
3015512 14 2 0
3015513 14 56 1
3015768 14 2 2
3015833 14 56 2
3060096 14 2 0
3060097 14 2 2
3066279 14 56 1
3066280 14 2 0
3066539 14 2 2
3066605 14 56 2
3089839 14 2 0
3089840 14 56 1
3090099 14 2 2
3090165 14 56 2
3121193 14 2 0
3121194 14 56 1
3121448 14 2 2
3121513 14 56 2
3157077 14 15 0
3157077 14 15 0
3158101 14 15 2
3158523 14 15 2
3158661 14 38 0
3158661 14 38 0
3158703 14 38 2
3160096 14 38 2
3162028 14 15 0
3162028 14 15 0
3162102 14 15 2
3162114 14 15 2
3162190 14 38 0
3162190 14 38 0
3162965 14 38 2
3163312 14 38 2
3165263 14 0 2
3165273 14 15 0
3165273 14 15 0
3165309 14 15 2
3165367 14 15 2
3165491 14 7 0
3165830 14 2 0
3165831 14 2 2
3168691 14 7 2
3172098 14 2 0
3172099 14 0 0
3180822 14 2 0
3180823 14 0 0
3192720 14 2 0
3192721 14 56 1
3192980 14 2 2
3193045 14 56 2
3229494 14 2 0
3229495 14 2 2
3233730 14 2 0
3233731 14 2 2
3234379 14 2 2
3234380 14 2 0
3242209 14 2 0
3242210 14 56 1
3242470 14 2 2
3242536 14 56 2
3265529 14 2 0
3265530 14 56 1
3265790 14 2 2
3265856 14 56 2
3297063 14 2 0
3297064 14 56 1
3297319 14 2 2
3297384 14 56 2
3342273 14 2 0
3342274 14 56 1
3342529 14 2 2
3342594 14 56 2
3381005 14 2 0
3381006 14 2 2
3381143 14 2 0
3381144 14 2 2
3387007 14 2 0
3387008 14 2 2
3393081 14 2 0
3393082 14 56 1
3393341 14 2 2
3393407 14 56 2
3416491 14 2 0
3416492 14 56 1
3416751 14 2 2
3416817 14 56 2
3447965 14 2 0
3447966 14 56 1
3448220 14 2 2
3448285 14 56 2
3492805 14 2 0
3492806 14 56 1
3493060 14 2 2
3493125 14 56 2
3529275 14 2 2
3529276 14 2 0
3533288 14 2 0
3533289 14 2 2
3541069 14 2 0
3541070 14 56 1
3541321 14 2 2
3541387 14 56 2
3564489 14 2 0
3564490 14 56 1
3564741 14 2 2
3564807 14 56 2
3596103 14 2 0
3596104 14 56 1
3596360 14 2 2
3596425 14 56 2
3641303 14 2 0
3641304 14 56 1
3641560 14 2 2
3641625 14 56 2
3679955 14 2 0
3679956 14 2 2
3685736 14 2 0
3685737 14 2 2
3691865 14 2 0
3691866 14 56 1
3692145 14 2 2
3692211 14 56 2
3715215 14 2 0
3715216 14 56 1
3715475 14 2 2
3715541 14 56 2
3746569 14 2 0
3746570 14 56 1
3746824 14 2 2
3746889 14 56 2
3791409 14 2 0
3791410 14 56 1
3791664 14 2 2
3791729 14 56 2
3910473 14 2 0
3910474 14 2 2
3919715 14 2 2
3919716 14 2 0
3925451 14 2 0
3925452 14 2 2
3932680 14 2 2
3932681 14 2 0
3933820 14 2 0
3933821 14 2 2
4004971 14 2 0
4004972 14 2 2
4013706 14 2 0
4013707 14 2 2
4060760 14 2 0
4060761 14 2 2
4066130 14 2 0
4066131 14 2 2
4073399 14 2 0
4073400 14 2 2
4073809 14 2 0
4073810 14 2 2
4080320 14 2 0
4080321 14 2 2
4106775 14 2 0
4106776 14 2 2
4107440 14 2 0
4107441 14 2 2
4115850 14 2 0
4115851 14 56 1
4116111 14 2 2
4116177 14 56 2
4133640 14 15 0
4133640 14 15 0
4134021 14 15 2
4134506 14 15 2
4134581 14 38 0
4134581 14 38 0
4134623 14 38 2
4134776 14 38 2
4136708 14 15 0
4136708 14 15 0
4136734 14 15 2
4137112 14 15 2
4137200 14 38 0
4137200 14 38 0
4137345 14 38 2
4137572 14 38 2
4139653 14 15 0
4139653 14 15 0
4139699 14 15 2
4139727 14 15 2
4146679 14 2 0
4146680 14 2 2
4148944 14 2 0
4148945 14 0 0
4157173 14 2 0
4157174 14 0 0
4166080 14 2 0
4166081 14 56 1
4166341 14 2 2
4166407 14 56 2
4198814 14 2 0
4198815 14 56 1
4199070 14 2 2
4199135 14 56 2
4243644 14 2 0
4243645 14 56 1
4243900 14 2 2
4243965 14 56 2
4279637 14 2 0
4279638 14 2 2
4284182 14 2 0
4284183 14 2 2
4291302 14 2 0
4291303 14 2 2
4309365 14 2 0
4309366 14 2 2
4309663 14 2 0
4309664 14 2 2
4325692 14 2 0
4325693 14 2 2
4378168 14 2 0
4378169 14 2 2
4380131 14 2 0
4380132 14 2 2
4386737 14 2 0
4386738 14 56 1
4386998 14 2 2
4387064 14 56 2
4410077 14 2 0
4410078 14 56 1
4410338 14 2 2
4410404 14 56 2
4442731 14 2 0
4442732 14 56 1
4442987 14 2 2
4443052 14 56 2
4487941 14 2 0
4487942 14 56 1
4488197 14 2 2
4488262 14 56 2
4525317 14 2 0
4525318 14 2 2
4526719 14 2 0
4526720 14 2 2
4532571 14 2 0
4532572 14 2 2
4538717 14 2 0
4538718 14 56 1
4538978 14 2 2
4539044 14 56 2
4562047 14 2 0
4562048 14 56 1
4562308 14 2 2
4562374 14 56 2
4593421 14 2 0
4593422 14 56 1
4593677 14 2 2
4593742 14 56 2
4638291 14 2 0
4638292 14 56 1
4638547 14 2 2
4638612 14 56 2
4678878 14 2 0
4678879 14 2 2
4686732 14 2 0
4686733 14 56 1
4686988 14 2 2
4687054 14 56 2
4710042 14 2 0
4710043 14 56 1
4710298 14 2 2
4710364 14 56 2
4741566 14 2 0
4741567 14 56 1
4741817 14 2 2
4741882 14 56 2
4786726 14 2 0
4786727 14 56 1
4786977 14 2 2
4787042 14 56 2
4825333 14 2 0
4825334 14 2 2
4831195 14 2 0
4831196 14 2 2
4837308 14 2 0
4837309 14 56 1
4837569 14 2 2
4837635 14 56 2
4860638 14 2 0
4860639 14 56 1
4860899 14 2 2
4860965 14 56 2
4900697 14 2 0
4900698 14 56 1
4900952 14 2 2
4901017 14 56 2
4945727 14 2 0
4945728 14 56 1
4945982 14 2 2
4946047 14 56 2
4997983 14 2 0
4997984 14 56 1
4998243 14 2 2
4998309 14 56 2
5021313 14 2 0
5021314 14 56 1
5021573 14 2 2
5021639 14 56 2
5043891 14 2 0
5043892 14 2 2
5074963 14 2 0
5074964 14 56 1
5075215 14 2 2
5075281 14 56 2
5098523 14 2 0
5098524 14 56 1
5098775 14 2 2
5098841 14 56 2
5110202 14 15 0
5110202 14 15 0
5110328 14 15 2
5112205 14 15 2
5112765 14 38 0
5112765 14 38 0
5112808 14 38 2
5113309 14 38 2
5115241 14 15 0
5115241 14 15 0
5115267 14 15 2
5115869 14 2 0
5115870 14 2 2
5116276 14 15 2
5116364 14 38 0
5116364 14 38 0
5117246 14 38 2
5118130 14 38 2
5120438 14 15 0
5120438 14 15 0
5120464 14 15 2
5120642 14 15 2
5122278 14 0 2
5126509 14 2 0
5126510 14 0 0
5148832 14 2 0
5148833 14 56 1
5149092 14 2 2
5149157 14 56 2
5193852 14 2 0
5193853 14 56 1
5194112 14 2 2
5194177 14 56 2
5229625 14 2 0
5229626 14 2 2
5234821 14 2 0
5234822 14 2 2
5236527 14 2 0
5236528 14 2 2
5242589 14 2 0
5242590 14 56 1
5242850 14 2 2
5242916 14 56 2
5265929 14 2 0
5265930 14 56 1
5266190 14 2 2
5266256 14 56 2
5297383 14 2 0
5297384 14 56 1
5297639 14 2 2
5297704 14 56 2
5342163 14 2 0
5342164 14 56 1
5342419 14 2 2
5342484 14 56 2
5389019 14 2 0
5389020 14 56 1
5389280 14 2 2
5389346 14 56 2
5412339 14 2 0
5412340 14 56 1
5412600 14 2 2
5412666 14 56 2
5443733 14 2 0
5443734 14 56 1
5443989 14 2 2
5444054 14 56 2
5488453 14 2 0
5488454 14 56 1
5488709 14 2 2
5488774 14 56 2
5535199 14 2 0
5535200 14 56 1
5535460 14 2 2
5535526 14 56 2
5558579 14 2 0
5558580 14 56 1
5558840 14 2 2
5558906 14 56 2
5590073 14 2 0
5590074 14 56 1
5590329 14 2 2
5590394 14 56 2
5634883 14 2 0
5634884 14 56 1
5635139 14 2 2
5635204 14 56 2
5681789 14 2 0
5681790 14 56 1
5682050 14 2 2
5682116 14 56 2
5705179 14 2 0
5705180 14 56 1
5705440 14 2 2
5705506 14 56 2
5736693 14 2 0
5736694 14 56 1
5736949 14 2 2
5737014 14 56 2
5781553 14 2 0
5781554 14 56 1
5781809 14 2 2
5781874 14 56 2
5827999 14 2 0
5828000 14 56 1
5828260 14 2 2
5828326 14 56 2
5851379 14 2 0
5851380 14 56 1
5851640 14 2 2
5851706 14 56 2
5882873 14 2 0
5882874 14 56 1
5883129 14 2 2
5883194 14 56 2
5927673 14 2 0
5927674 14 56 1
5927929 14 2 2
5927994 14 56 2
5974259 14 2 0
5974260 14 56 1
5974520 14 2 2
5974586 14 56 2
5997589 14 2 0
5997590 14 56 1
5997850 14 2 2
5997916 14 56 2
6028883 14 2 0
6028884 14 56 1
6029139 14 2 2
6029204 14 56 2
6073643 14 56 1
6073644 14 2 0
6073899 14 2 2
6073964 14 56 2
6086767 14 15 0
6086767 14 15 0
6087193 14 15 2
6088859 14 15 2
6089419 14 38 0
6089419 14 38 0
6089461 14 38 2
6089554 14 38 2
6091006 14 7 0
6091142 14 7 2
6091622 14 15 0
6091622 14 15 0
6091668 14 15 2
6091876 14 15 2
6091964 14 38 0
6091964 14 38 0
6092169 14 38 2
6092896 14 38 2
6094477 14 15 0
6094477 14 15 0
6094571 14 15 2
6094583 14 15 2
6099926 14 2 0
6099927 14 2 2
6107183 14 2 0
6107184 14 0 0
6132000 14 2 0
6132001 14 2 2
6136613 14 2 0
6136614 14 2 2
6138176 14 2 0
6138177 14 2 2
6144113 14 2 0
6144114 14 56 1
6144366 14 2 2
6144432 14 56 2
6167453 14 2 0
6167454 14 56 1
6167706 14 2 2
6167772 14 56 2
6198847 14 2 0
6198848 14 56 1
6199105 14 2 2
6199170 14 56 2
6243677 14 2 0
6243678 14 56 1
6243935 14 2 2
6244000 14 56 2
6290383 14 2 0
6290384 14 56 1
6290646 14 2 2
6290712 14 56 2
6313743 14 2 0
6313744 14 56 1
6313996 14 2 2
6314062 14 56 2
6345057 14 2 0
6345058 14 56 1
6345315 14 2 2
6345380 14 56 2
6389787 14 2 0
6389788 14 56 1
6390045 14 2 2
6390110 14 56 2
6433261 14 56 1
6433262 14 2 0
6433515 14 2 2
6433580 14 56 2
6452059 14 2 0
6452060 14 56 1
6452315 14 2 2
6452380 14 56 2
6467658 14 56 1
6467659 14 2 0
6467915 14 2 2
6467980 14 56 2
6467992 14 2 0
6467993 14 2 2
6505600 14 2 0
6505601 14 56 1
6505855 14 2 2
6505920 14 56 2
6510061 14 2 0
6510062 14 2 2
6517783 14 2 0
6517784 14 56 1
6518036 14 2 2
6518102 14 56 2
6541113 14 2 0
6541114 14 56 1
6541366 14 2 2
6541432 14 56 2
6600301 14 2 0
6600302 14 56 1
6600556 14 2 2
6600621 14 56 2
6649172 14 2 0
6649173 14 56 1
6649433 14 2 2
6649499 14 56 2
6672522 14 2 0
6672523 14 56 1
6672783 14 2 2
6672849 14 56 2
6704616 14 2 0
6704617 14 56 1
6704872 14 2 2
6704937 14 56 2
6749536 14 2 0
6749537 14 56 1
6749792 14 2 2
6749857 14 56 2
6813932 14 2 0
6813933 14 56 1
6814191 14 2 2
6814257 14 56 2
6863940 14 2 0
6863941 14 2 2
6873497 14 2 0
6873498 14 2 2
6879273 14 2 0
6879274 14 2 2
6886604 14 2 0
6886605 14 2 2
6887748 14 2 0
6887749 14 2 2
6952082 14 2 0
6952083 14 2 2
6960922 14 2 0
6960923 14 2 2
6977884 14 2 0
6977885 14 2 2
7008754 14 2 0
7008755 14 2 2
7014190 14 2 0
7014191 14 2 2
7021465 14 2 0
7021466 14 2 2
7021875 14 2 0
7021876 14 2 2
7028393 14 2 0
7028394 14 2 2
7054833 14 2 0
7054834 14 2 2
7055500 14 2 0
7055501 14 2 2
7057370 14 2 0
7057371 14 2 2
7063327 14 15 0
7063327 14 15 0
7064863 14 15 2
7065998 14 15 2
7066558 14 38 0
7066558 14 38 0
7066600 14 38 2
7066743 14 38 2
7068675 14 15 0
7068675 14 15 0
7068701 14 15 2
7068709 14 15 2
7068797 14 38 0
7068797 14 38 0
7069332 14 38 2
7069369 14 38 2
7071640 14 15 0
7071640 14 15 0
7071666 14 15 2
7071694 14 15 2
7073274 14 0 2
7076250 14 2 0
7076251 14 2 2
7078678 14 2 0
7078679 14 0 0
7087462 14 2 0
7087463 14 0 0
7091269 14 2 0
7091270 14 56 1
7091540 14 2 2
7091606 14 56 2
7114869 14 2 0
7114870 14 56 1
7115130 14 2 2
7115196 14 56 2
7147743 14 2 0
7147744 14 56 1
7147999 14 2 2
7148064 14 56 2
7192693 14 2 0
7192694 14 56 1
7192969 14 2 2
7193034 14 56 2
7232776 14 2 0
7232777 14 2 2
7239891 14 2 0
7239892 14 2 2
7258595 14 2 0
7258596 14 2 2
7258893 14 2 0
7258894 14 2 2
7272765 14 2 0
7272766 14 2 2
7320687 14 2 2
7320688 14 2 0
7321113 14 2 0
7321114 14 2 2
7327810 14 2 0
7327811 14 2 2
7328515 14 2 0
7328516 14 2 2
7330528 14 2 0
7330529 14 2 2
7336919 14 2 0
7336920 14 56 1
7337180 14 2 2
7337246 14 56 2
7360369 14 2 0
7360370 14 56 1
7360630 14 2 2
7360696 14 56 2
7392953 14 2 0
7392954 14 56 1
7393209 14 2 2
7393274 14 56 2
7438093 14 2 0
7438094 14 56 1
7438349 14 2 2
7438414 14 56 2
7482486 14 2 0
7482487 14 2 2
7488651 14 56 1
7488652 14 2 0
7488902 14 2 2
7488968 14 56 2
7512021 14 56 1
7512022 14 2 0
7512272 14 2 2
7512338 14 56 2
7552256 14 2 0
7552257 14 56 1
7552511 14 2 2
7552576 14 56 2
7597316 14 2 0
7597317 14 56 1
7597571 14 2 2
7597636 14 56 2
7638301 14 2 0
7638302 14 2 2
7670343 14 2 0
7670344 14 56 1
7670600 14 2 2
7670666 14 56 2
7693723 14 2 0
7693724 14 56 1
7693980 14 2 2
7694046 14 56 2
7725237 14 2 0
7725238 14 56 1
7725489 14 2 2
7725554 14 56 2
7769987 14 2 0
7769988 14 56 1
7770239 14 2 2
7770304 14 56 2
7817013 14 56 1
7817014 14 2 0
7817270 14 2 2
7817336 14 56 2
7840513 14 56 1
7840514 14 2 0
7840770 14 2 2
7840836 14 56 2
7871997 14 2 0
7871998 14 56 1
7872249 14 2 2
7872314 14 56 2
7916827 14 56 1
7916828 14 2 0
7917079 14 2 2
7917144 14 56 2
7955720 14 2 0
7955721 14 2 2
7964550 14 2 2
7964551 14 2 0
7978706 14 2 0
7978707 14 56 1
7978962 14 2 2
7979027 14 56 2
7979039 14 2 0
7979040 14 2 2
8015578 14 2 0
8015579 14 2 2
8019623 14 2 0
8019624 14 2 2
8027679 14 2 0
8027680 14 56 1
8027940 14 2 2
8028006 14 56 2
8039890 14 15 0
8039890 14 15 0
8040287 14 15 2
8042454 14 15 2
8043014 14 38 0
8043014 14 38 0
8043056 14 38 2
8043219 14 38 2
8044671 14 7 0
8044785 14 7 2
8045265 14 15 0
8045265 14 15 0
8045291 14 15 2
8045359 14 15 2
8045447 14 38 0
8045447 14 38 0
8047162 14 2 0
8047163 14 2 2
8048659 14 38 2
8049417 14 2 0
8049418 14 0 0
8049602 14 38 2
8051910 14 15 0
8051910 14 15 0
8051936 14 15 2
8051954 14 15 2
8056958 14 2 0
8056959 14 0 0
8070746 14 2 0
8070747 14 56 1
8071007 14 2 2
8071073 14 56 2
8133923 14 2 0
8133924 14 56 1
8134183 14 2 2
8134248 14 56 2
8169807 14 2 0
8169808 14 2 2
8175208 14 2 0
8175209 14 2 2
8177028 14 2 0
8177029 14 2 2
8183291 14 2 0
8183292 14 56 1
8183552 14 2 2
8183618 14 56 2
8206661 14 2 0
8206662 14 56 1
8206922 14 2 2
8206988 14 56 2
8238685 14 2 0
8238686 14 56 1
8238941 14 2 2
8239006 14 56 2
8283865 14 2 0
8283866 14 56 1
8284131 14 2 2
8284196 14 56 2
8328211 14 2 2
8328212 14 2 0
8334382 14 2 0
8334383 14 56 1
8334643 14 2 2
8334709 14 56 2
8357722 14 2 0
8357723 14 56 1
8357983 14 2 2
8358049 14 56 2
8389176 14 2 0
8389177 14 56 1
8389432 14 2 2
8389497 14 56 2
8434006 14 2 0
8434007 14 56 1
8434262 14 2 2
8434327 14 56 2
8480402 14 2 0
8480403 14 56 1
8480663 14 2 2
8480729 14 56 2
8503762 14 2 0
8503763 14 56 1
8504023 14 2 2
8504089 14 56 2
8535366 14 2 0
8535367 14 56 1
8535622 14 2 2
8535687 14 56 2
8580156 14 2 0
8580157 14 56 1
8580412 14 2 2
8580477 14 56 2
8626762 14 2 0
8626763 14 56 1
8627023 14 2 2
8627089 14 56 2
8650092 14 2 0
8650093 14 56 1
8650353 14 2 2
8650419 14 56 2
8681436 14 2 0
8681437 14 56 1
8681692 14 2 2
8681757 14 56 2
8726286 14 2 0
8726287 14 56 1
8726542 14 2 2
8726607 14 56 2
8772612 14 2 0
8772613 14 56 1
8772873 14 2 2
8772939 14 56 2
8796162 14 2 0
8796163 14 56 1
8796423 14 2 2
8796489 14 56 2
8827536 14 2 0
8827537 14 56 1
8827792 14 2 2
8827857 14 56 2
8872376 14 2 0
8872377 14 56 1
8872632 14 2 2
8872697 14 56 2
8919002 14 2 0
8919003 14 56 1
8919263 14 2 2
8919329 14 56 2
8942482 14 2 0
8942483 14 56 1
8942743 14 2 2
8942809 14 56 2
8973816 14 2 0
8973817 14 56 1
8974072 14 2 2
8974137 14 56 2
9016454 14 15 0
9016454 14 15 0
9016580 14 15 2
9016835 14 15 2
9017395 14 38 0
9017395 14 38 0
9017437 14 38 2
9017590 14 38 2
9019522 14 15 0
9019522 14 15 0
9019548 14 15 2
9020646 14 15 2
9020734 14 38 0
9020734 14 38 0
9021389 14 38 2
9021606 14 38 2
9023697 14 15 0
9023697 14 15 0
9023801 14 15 2
9023853 14 15 2
9024880 14 0 2
9027947 14 2 2
9027948 14 2 0
9036394 14 2 0
9036395 14 0 0
9040989 14 2 0
9040990 14 56 1
9041250 14 2 2
9041315 14 56 2
9043963 14 7 2
9044078 14 7 2
9044289 14 7 2
9076750 14 2 0
9076751 14 2 2
9086054 14 2 0
9086055 14 2 2
9099148 14 2 0
9099149 14 56 1
9099405 14 2 2
9099470 14 56 2
9099482 14 2 0
9099483 14 2 2
9140019 14 2 0
9140020 14 2 2
9141817 14 2 0
9141818 14 2 2
9148159 14 2 0
9148160 14 56 1
9148420 14 2 2
9148486 14 56 2
9171629 14 2 0
9171630 14 56 1
9171890 14 2 2
9171956 14 56 2
9227504 14 2 0
9227505 14 56 1
9227763 14 2 2
9227828 14 56 2
9233087 14 2 0
9233088 14 56 1
9233343 14 2 2
9233408 14 56 2
9239226 14 2 0
9239227 14 56 1
9239484 14 2 2
9239550 14 56 2
9246414 14 2 0
9246415 14 56 1
9246673 14 2 2
9246738 14 56 2
9257983 14 2 0
9257984 14 2 2
9264376 14 2 0
9264377 14 56 1
9264634 14 2 2
9264700 14 56 2
9287766 14 2 0
9287767 14 56 1
9288024 14 2 2
9288090 14 56 2
9312342 14 2 0
9312343 14 2 2
9313601 14 2 0
9313602 14 2 2
9313665 14 56 1
9313783 14 56 2
9319396 14 2 0
9319397 14 56 1
9319654 14 2 2
9319720 14 56 2
9342796 14 2 0
9342797 14 56 1
9343054 14 2 2
9343120 14 56 2
9388539 14 56 1
9388540 14 2 0
9388793 14 2 2
9388858 14 56 2
9409756 14 2 0
9409757 14 56 1
9410013 14 2 2
9410078 14 56 2
9415614 14 2 0
9415615 14 56 1
9415873 14 2 2
9415938 14 56 2
9447290 14 2 0
9447291 14 2 2
9472721 14 2 2
9472722 14 2 0
9474350 14 2 0
9474351 14 56 1
9474603 14 2 2
9474668 14 56 2
9548970 14 2 0
9548971 14 63 0
9571533 14 2 0
9571534 14 56 1
9571792 14 2 2
9571858 14 56 2
9611891 14 2 0
9611892 14 2 2
9627448 14 3 2
9651003 14 3 2
9656151 14 2 0
9656152 14 56 1
9656412 14 2 2
9656478 14 56 2
9657864 14 3 0
9657865 14 56 1
9658122 14 3 2
9658180 14 56 2
9674215 14 56 1
9674471 14 3 2
9674528 14 56 2
9692836 14 15 0
9692836 14 15 0
9692862 14 15 2
9692911 14 15 2
9692999 14 30 0
9693090 14 30 2
9693102 14 24 0
9693208 14 24 2
9693308 14 25 0
9693406 14 25 2
9693414 14 14 0
9693414 14 14 0
9693423 14 14 0
9693424 14 2 0
9693424 14 14 2
9693432 14 14 2
9693490 14 14 2
9693554 14 26 0
9693644 14 26 2
9693708 14 27 0
9693794 14 27 2
9693826 14 34 0
9693940 14 34 2
9693952 14 26 0
9694057 14 26 2
9694153 14 55 0
9694291 14 55 2
9694299 14 27 0
9694405 14 27 2
9694453 14 23 0
9694741 14 23 2
9694745 14 28 0
9694797 14 9 2
9694852 14 28 2
9694889 14 12 2
9694904 14 60 0
9694957 14 15 2
9695009 14 7 2
9695042 14 60 2
9695058 14 61 0
9695074 14 11 2
9695196 14 61 2
9695216 14 47 0
9695453 14 47 2
9695489 14 34 0
9695587 14 34 2
9695639 14 23 0
9695890 14 23 2
9695898 14 19 0
9695945 14 10 2
9695972 14 19 2
9695976 14 23 0
9696276 14 23 2
9696880 14 1 2
9696888 14 23 0
9697113 14 23 2
9697168 14 11 2
9697245 14 16 2
9697349 14 12 2
9697353 14 23 0
9698999 14 23 2
9699216 14 20 2
9699227 14 23 0
9703385 14 23 2
9703612 14 21 2
9703613 14 23 0
9706647 14 23 2
9706874 14 31 2
9706875 14 23 0
9712083 14 23 2
9712099 14 23 0
9712232 14 33 2
9716351 14 23 2
9716407 14 43 2
9716411 14 23 0
9719915 14 56 1
9720171 14 3 2
9720228 14 56 2
9722935 14 23 2
9723989 14 59 2
9723991 14 23 0
9730036 14 23 2
9731056 14 23 0
9731056 14 56 2
9739412 14 23 2
9740742 14 3 0
9740743 14 56 1
9741002 14 3 2
9741060 14 56 2
9741670 14 27 2
9741680 14 23 0
9742460 14 23 2
9745430 14 21 2
9745436 14 23 0
9746814 14 23 2
9748826 14 29 2
9748830 14 23 0
9749348 14 23 2
9753540 14 23 2
9753548 14 23 0
9754682 14 23 2
9757635 14 25 2
9757646 14 23 0
9758448 14 23 2
9758559 14 46 2
9758568 14 23 0
9762804 14 3 0
9762805 14 3 2
9762923 14 23 2
9763148 14 3 2
9766977 14 28 2
9766979 14 23 0
9767713 14 23 2
9768765 14 3 2
9770486 14 28 2
9770497 14 23 0
9771685 14 3 0
9771686 14 2 0
9773472 14 3 0
9773473 14 2 0
9775564 14 23 2
9777002 14 2 0
9777166 14 54 2
9777172 14 23 0
9779182 14 23 2
9781772 14 34 2
9781774 14 23 0
9782212 14 23 2
9782628 14 15 2
9782632 14 23 0
9784178 14 23 2
9785331 14 56 1
9785582 14 3 2
9785640 14 56 2
9786456 14 19 2
9786458 14 23 0
9786804 14 23 2
9788848 14 19 2
9788856 14 23 0
9790752 14 23 2
9791229 14 8 2
9791232 14 23 0
9793264 14 23 2
9794311 14 44 2
9794320 14 23 0
9795288 14 23 2
9797167 14 62 2
9797172 14 23 0
9798379 14 23 2
9800017 14 47 2
9800023 14 23 0
9802245 14 23 2
9804594 14 38 2
9804597 14 23 0
9804877 14 23 2
9804934 14 39 2
9805001 14 43 2
9805100 14 52 2
9805199 14 30 2
9805258 14 49 2
9805381 14 61 2
9805480 14 60 2
9805587 14 20 2
9805654 14 63 2
9805745 14 58 2
9805869 14 26 2
9805971 14 53 2
9805981 14 23 0
9806413 14 23 2
9806738 14 11 2
9806749 14 23 0
9808453 14 23 2
9808571 14 3 0
9808572 14 56 1
9808832 14 3 2
9808890 14 56 2
9809415 14 42 2
9809425 14 23 0
9809621 14 23 2
9809673 14 29 0
9809676 14 52 2
9809779 14 29 2
9809795 14 23 0
9811453 14 23 2
9811508 14 61 2
9811517 14 23 0
9815673 14 23 2
9815709 14 32 0
9815823 14 32 2
9815907 14 28 0
9815964 14 28 2
9816016 14 2 0
9816026 14 17 2
9816081 14 2 2
9816093 14 29 0
9816142 14 29 2
9816174 14 4 0
9816240 14 4 2
9816248 14 35 0
9816248 14 35 0
9816314 14 35 2
9816341 14 35 2
9844655 14 56 1
9844911 14 3 2
9844968 14 56 2
9851000 14 20 2
9876608 14 2 0
9876609 14 56 1
9876861 14 2 2
9876926 14 56 2
9878420 14 2 0
9878421 14 56 1
9878672 14 2 2
9878738 14 56 2
9884517 14 3 0
9884518 14 56 1
9884771 14 3 2
9884828 14 56 2
9920099 14 3 0
9920100 14 3 2
9920155 14 56 1
9920273 14 56 2
9926461 14 3 0
9926462 14 56 1
9926722 14 3 2
9926780 14 56 2
9927008 14 2 0
9927009 14 56 1
9927261 14 2 2
9927326 14 56 2
9928830 14 2 0
9928831 14 56 1
9929082 14 2 2
9929148 14 56 2
9949741 14 3 0
9949742 14 56 1
9950002 14 3 2
9950060 14 56 2
9976588 14 56 1
9976841 14 2 2
9976906 14 56 2
9978400 14 2 0
9978401 14 56 1
9978652 14 2 2
9978718 14 56 2
9980428 14 3 0
9980429 14 56 1
9980681 14 3 2
9980738 14 56 2
9993575 14 38 0
9993575 14 38 0
9994058 14 38 2
9994250 14 12 0
9994291 14 12 2
9995551 14 7 0
9995609 14 7 2
9996089 14 15 0
9996089 14 15 0
9996115 14 15 2
9996247 14 15 2
9996319 14 38 2
9996335 14 38 0
9996335 14 38 0
9996660 14 38 2
9996816 14 46 0
9996920 14 46 2
9997120 14 47 0
9997185 14 47 2
9997201 14 12 0
9997277 14 12 2
9997313 14 47 0
9997421 14 47 2
9998459 14 3 0
9998460 14 3 2
9999157 14 38 2
9999573 14 15 0
9999573 14 15 0
9999600 14 15 2
9999737 14 15 2
10000813 14 1 0
10000813 14 1 0
10000879 14 1 2
10000887 14 1 2
10000939 14 35 0
10000939 14 35 0
10001006 14 35 2
10001042 14 35 2
10001198 14 36 0
10001198 14 36 0
10001256 14 36 2
10001313 14 36 2
10001377 14 37 0
10001377 14 37 0
10001427 14 37 2
10001442 14 2 0
10001443 14 2 2
10001475 14 37 2
10001507 14 56 1
10001523 14 58 0
10001523 14 58 0
10001621 14 58 2
10001625 14 56 2
10001638 14 58 2
10001670 14 59 0
10001670 14 59 0
10001760 14 59 2
10001809 14 59 2
10002021 14 61 0
10002021 14 61 0
10002095 14 61 2
10002159 14 61 2
10002439 14 54 0
10002439 14 54 0
10002497 14 54 2
10002505 14 54 2
10003689 14 0 0
10003690 14 2 0
10003913 14 1 0
10003986 14 1 2
10004434 14 46 0
10004508 14 46 2
10004540 14 47 0
10004614 14 47 2
10004758 14 12 0
10004816 14 12 2
10005300 14 1 0
10005300 14 1 0
10005366 14 1 2
10005374 14 1 2
10005822 14 46 0
10005936 14 46 2
10005968 14 47 0
10005968 14 47 0
10006026 14 47 2
10006044 14 15 2
10006092 14 47 2
10006221 14 15 2
10006236 14 12 0
10006327 14 12 2
10006371 14 15 2
10006811 14 1 0
10006884 14 1 2
10007016 14 15 2
10007332 14 46 0
10007332 14 46 0
10007382 14 46 2
10007439 14 46 2
10007471 14 47 0
10007471 14 47 0
10007529 14 47 2
10007538 14 15 2
10007586 14 47 2
10007588 14 13 2
10007644 14 15 2
10007730 14 12 0
10007812 14 12 2
10007847 14 15 2
10008110 14 13 2
10008224 14 13 2
10008296 14 1 0
10008296 14 1 0
10008363 14 1 2
10008370 14 1 2
10008418 14 13 2
10008421 14 15 2
10008818 14 46 0
10008916 14 46 2
10008945 14 15 2
10008948 14 47 0
10009051 14 15 2
10009054 14 47 2
10009128 14 3 0
10009129 14 0 0
10009198 14 12 0
10009253 14 15 2
10009272 14 12 2
10009276 14 20 2
10009490 14 13 2
10009604 14 13 2
10009756 14 1 0
10009756 14 1 0
10009798 14 13 2
10009822 14 1 2
10009827 14 15 2
10009829 14 1 2
10010277 14 46 0
10010277 14 46 0
10010327 14 46 2
10010349 14 15 2
10010367 14 13 2
10010368 14 46 2
10010400 14 47 0
10010400 14 47 0
10010455 14 15 2
10010458 14 47 2
10010499 14 47 2
10010643 14 12 0
10010643 14 12 0
10010657 14 15 2
10010677 14 12 2
10010710 14 12 2
10010888 14 13 2
10011003 14 13 2
10011194 14 1 0
10011194 14 1 0
10011197 14 13 2
10011232 14 15 2
10011260 14 1 2
10011268 14 1 2
10011716 14 46 0
10011716 14 46 0
10011755 14 15 2
10011765 14 13 2
10011766 14 46 2
10011799 14 46 2
10011831 14 47 0
10011831 14 47 0
10011862 14 15 2
10011889 14 47 2
10011922 14 47 2
10012066 14 12 0
10012066 14 12 0
10012066 14 15 2
10012100 14 12 2
10012125 14 12 2
10012274 14 2 0
10012275 14 0 0
10012286 14 13 2
10012400 14 13 2
10012594 14 13 2
10012609 14 1 0
10012609 14 1 0
10012643 14 15 2
10012675 14 1 2
10012683 14 1 2
10013131 14 46 0
10013131 14 46 0
10013161 14 13 2
10013165 14 15 2
10013181 14 46 2
10013206 14 46 2
10013238 14 47 0
10013238 14 47 0
10013270 14 15 2
10013296 14 47 2
10013321 14 47 2
10013465 14 12 0
10013465 14 12 0
10013473 14 15 2
10013499 14 12 2
10013524 14 12 2
10013683 14 13 2
10013798 14 13 2
10013993 14 13 2
10014008 14 1 0
10014008 14 1 0
10014049 14 15 2
10014074 14 1 2
10014083 14 1 2
10014531 14 46 0
10014531 14 46 0
10014560 14 13 2
10014572 14 15 2
10014581 14 46 2
10014598 14 46 2
10014630 14 47 0
10014630 14 47 0
10014679 14 15 2
10014688 14 47 2
10014705 14 47 2
10014849 14 12 0
10014849 14 12 0
10014882 14 15 2
10014883 14 12 2
10014908 14 12 2
10015083 14 13 2
10015198 14 13 2
10015392 14 1 0
10015392 14 1 0
10015393 14 13 2
10015456 14 15 2
10015458 14 1 2
10015492 14 1 2
10015940 14 46 0
10015940 14 46 0
10015961 14 13 2
10015979 14 15 2
10015990 14 46 2
10015998 14 46 2
10016030 14 47 0
10016030 14 47 0
10016084 14 15 2
10016088 14 47 2
10016105 14 47 2
10016249 14 12 0
10016249 14 12 0
10016283 14 12 2
10016286 14 15 2
10016316 14 12 2
10016484 14 13 2
10016600 14 13 2
10016795 14 13 2
10016800 14 1 0
10016800 14 1 0
10016867 14 1 2
10016876 14 1 2
10017324 14 46 0
10017324 14 46 0
10017364 14 13 2
10017374 14 46 2
10017400 14 15 2
10017439 14 46 2
10017471 14 47 0
10017471 14 47 0
10017507 14 15 2
10017530 14 47 2
10017595 14 47 2
10017710 14 15 2
10017739 14 12 0
10017739 14 12 0
10017773 14 12 2
10017838 14 12 2
10017887 14 13 2
10018002 14 13 2
10018197 14 13 2
10018285 14 15 2
10018322 14 1 0
10018322 14 1 0
10018388 14 1 2
10018396 14 1 2
10018764 14 13 2
10018808 14 15 2
10018844 14 46 0
10018844 14 46 0
10018894 14 46 2
10018902 14 46 2
10018913 14 15 2
10018934 14 47 0
10018934 14 47 0
10018992 14 47 2
10018999 14 47 2
10019116 14 15 2
10019143 14 12 0
10019143 14 12 0
10019186 14 12 2
10019187 14 12 2
10019287 14 13 2
10019403 14 13 2
10019598 14 13 2
10019671 14 1 0
10019671 14 1 0
10019738 14 1 2
10019746 14 1 2
10020194 14 46 0
10020194 14 46 0
10020205 14 15 2
10020244 14 46 2
10020252 14 46 2
10020284 14 47 0
10020284 14 47 0
10020312 14 15 2
10020342 14 47 2
10020350 14 47 2
10020494 14 12 0
10020494 14 12 0
10020515 14 15 2
10020528 14 12 2
10020536 14 12 2
10020696 14 13 2
10020811 14 13 2
10021006 14 13 2
10021020 14 1 0
10021020 14 1 0
10021086 14 1 2
10021092 14 15 2
10021094 14 1 2
10021542 14 46 0
10021542 14 46 0
10021573 14 13 2
10021592 14 46 2
10021600 14 46 2
10021615 14 15 2
10021632 14 47 0
10021632 14 47 0
10021690 14 47 2
10021700 14 47 2
10021721 14 15 2
10021844 14 12 0
10021844 14 12 0
10021878 14 12 2
10021886 14 12 2
10021924 14 15 2
10022096 14 13 2
10022211 14 13 2
10022370 14 1 0
10022370 14 1 0
10022407 14 13 2
10022436 14 1 2
10022444 14 1 2
10022501 14 15 2
10022892 14 46 0
10022892 14 46 0
10022942 14 46 2
10022950 14 46 2
10022982 14 47 0
10022982 14 47 0
10023024 14 15 2
10023040 14 47 2
10023048 14 47 2
10023131 14 15 2
10023192 14 12 0
10023192 14 12 0
10023226 14 12 2
10023234 14 12 2
10023334 14 15 2
10023479 14 13 2
10023594 14 13 2
10023718 14 1 0
10023718 14 1 0
10023784 14 1 2
10023789 14 13 2
10023833 14 1 2
10023909 14 15 2
10024281 14 46 0
10024281 14 46 0
10024331 14 46 2
10024339 14 46 2
10024356 14 13 2
10024371 14 47 0
10024371 14 47 0
10024429 14 47 2
10024432 14 15 2
10024437 14 47 2
10024539 14 15 2
10024581 14 12 0
10024581 14 12 0
10024615 14 12 2
10024622 14 12 2
10024742 14 15 2
10024878 14 13 2
10024993 14 13 2
10025106 14 1 0
10025106 14 1 0
10025172 14 1 2
10025180 14 1 2
10025188 14 13 2
10025628 14 46 0
10025628 14 46 0
10025686 14 46 2
10025687 14 46 2
10025719 14 47 0
10025719 14 47 0
10025755 14 13 2
10025777 14 47 2
10025785 14 47 2
10025872 14 15 2
10025929 14 12 0
10025929 14 12 0
10025963 14 12 2
10025971 14 12 2
10025979 14 15 2
10026182 14 15 2
10026278 14 13 2
10026393 14 13 2
10026455 14 1 0
10026455 14 1 0
10026521 14 1 2
10026570 14 1 2
10026588 14 13 2
10026756 14 15 2
10027018 14 46 0
10027018 14 46 0
10027068 14 46 2
10027076 14 46 2
10027108 14 47 0
10027108 14 47 0
10027155 14 13 2
10027167 14 47 2
10027175 14 47 2
10027279 14 15 2
10027319 14 12 0
10027319 14 12 0
10027353 14 12 2
10027360 14 12 2
10027385 14 15 2
10027588 14 15 2
10027677 14 13 2
10027792 14 13 2
10027844 14 1 0
10027844 14 1 0
10027910 14 1 2
10027918 14 1 2
10027987 14 13 2
10028350 14 11 0
10028350 14 11 0
10028392 14 11 2
10028433 14 11 2
10028449 14 46 0
10028449 14 46 0
10028499 14 46 2
10028507 14 46 2
10028539 14 47 0
10028539 14 47 0
10028597 14 47 2
10028605 14 47 2
10028718 14 15 2
10028749 14 12 0
10028749 14 12 0
10028783 14 12 2
10028791 14 12 2
10028825 14 15 2
10029028 14 15 2
10029101 14 13 2
10029216 14 13 2
10029275 14 1 0
10029275 14 1 0
10029341 14 1 2
10029382 14 1 2
10029411 14 13 2
10029603 14 15 2
10029830 14 46 0
10029830 14 46 0
10029880 14 46 2
10029888 14 46 2
10029920 14 47 0
10029920 14 47 0
10029978 14 13 2
10029979 14 47 2
10029986 14 47 2
10030128 14 15 2
10030130 14 12 0
10030130 14 12 0
10030164 14 12 2
10030172 14 12 2
10030234 14 15 2
10030368 14 2 0
10030369 14 56 1
10030437 14 15 2
10030500 14 13 2
10030615 14 13 2
10030621 14 2 2
10030656 14 1 0
10030656 14 1 0
10030686 14 56 2
10030722 14 1 2
10030730 14 1 2
10030813 14 13 2
10031178 14 46 0
10031178 14 46 0
10031228 14 46 2
10031236 14 46 2
10031268 14 47 0
10031268 14 47 0
10031326 14 47 2
10031334 14 47 2
10031478 14 12 0
10031478 14 12 0
10031512 14 12 2
10031523 14 12 2
10031559 14 15 2
10031666 14 15 2
10031869 14 15 2
10031927 14 13 2
10032007 14 1 0
10032007 14 1 0
10032042 14 13 2
10032073 14 1 2
10032081 14 1 2
10032200 14 2 0
10032201 14 56 1
10032237 14 13 2
10032444 14 15 2
10032452 14 2 2
10032518 14 56 2
10032529 14 46 0
10032529 14 46 0
10032579 14 46 2
10032587 14 46 2
10032619 14 47 0
10032619 14 47 0
10032677 14 47 2
10032685 14 47 2
10032804 14 13 2
10032829 14 12 0
10032829 14 12 0
10032864 14 12 2
10032872 14 12 2
10032967 14 15 2
10033074 14 15 2
10033277 14 15 2
10033327 14 13 2
10033356 14 1 0
10033356 14 1 0
10033422 14 1 2
10033430 14 1 2
10033442 14 13 2
10033637 14 13 2
10033878 14 46 0
10033878 14 46 0
10033928 14 46 2
10033937 14 46 2
10033969 14 47 0
10033969 14 47 0
10034027 14 47 2
10034035 14 47 2
10034179 14 12 0
10034179 14 12 0
10034213 14 12 2
10034221 14 12 2
10034366 14 15 2
10034473 14 15 2
10034676 14 15 2
10034705 14 1 0
10034705 14 1 0
10034743 14 13 2
10034771 14 1 2
10034820 14 1 2
10034858 14 13 2
10035053 14 13 2
10035251 14 15 2
10035268 14 46 0
10035268 14 46 0
10035318 14 46 2
10035327 14 46 2
10035359 14 47 0
10035359 14 47 0
10035417 14 47 2
10035425 14 47 2
10035569 14 12 0
10035569 14 12 0
10035603 14 12 2
10035611 14 12 2
10035620 14 13 2
10035774 14 15 2
10035880 14 15 2
10035917 14 3 0
10035918 14 56 1
10036083 14 15 2
10036095 14 1 0
10036095 14 1 0
10036143 14 13 2
10036162 14 1 2
10036170 14 1 2
10036171 14 3 2
10036228 14 56 2
10036258 14 13 2
10036453 14 13 2
10036618 14 46 0
10036618 14 46 0
10036668 14 46 2
10036676 14 46 2
10036708 14 47 0
10036708 14 47 0
10036766 14 47 2
10036779 14 47 2
10036923 14 12 0
10036923 14 12 0
10036957 14 12 2
10036965 14 12 2
10037205 14 15 2
10037312 14 15 2
10037449 14 1 0
10037449 14 1 0
10037515 14 1 2
10037516 14 15 2
10037526 14 13 2
10037564 14 1 2
10037641 14 13 2
10037836 14 13 2
10038012 14 46 0
10038012 14 46 0
10038062 14 46 2
10038070 14 46 2
10038091 14 15 2
10038102 14 47 0
10038102 14 47 0
10038160 14 47 2
10038168 14 47 2
10038312 14 12 0
10038312 14 12 0
10038346 14 12 2
10038354 14 12 2
10038403 14 13 2
10038614 14 15 2
10038719 14 15 2
10038838 14 1 0
10038838 14 1 0
10038904 14 1 2
10038912 14 1 2
10038922 14 15 2
10038926 14 13 2
10039040 14 13 2
10039235 14 13 2
10039344 14 12 0
10039344 14 12 0
10039378 14 12 2
10039386 14 12 2
10039402 14 46 0
10039402 14 46 0
10039452 14 46 2
10039460 14 46 2
10039492 14 47 0
10039492 14 47 0
10039550 14 47 2
10039560 14 47 2
10039704 14 12 0
10039704 14 12 0
10039738 14 12 2
10039745 14 12 2
10040051 14 15 2
10040158 14 15 2
10040229 14 1 0
10040229 14 1 0
10040295 14 1 2
10040344 14 1 2
10040357 14 13 2
10040362 14 15 2
10040472 14 13 2
10040667 14 13 2
10040792 14 46 0
10040792 14 46 0
10040842 14 46 2
10040850 14 46 2
10040882 14 47 0
10040882 14 47 0
10040936 14 15 2
10040940 14 47 2
10040948 14 47 2
10041092 14 12 0
10041092 14 12 0
10041126 14 12 2
10041134 14 12 2
10041234 14 13 2
10041509 14 15 2
10041616 14 15 2
10041618 14 1 0
10041618 14 1 0
10041686 14 1 2
10041694 14 1 2
10041757 14 13 2
10041819 14 15 2
10041872 14 13 2
10042142 14 46 0
10042142 14 46 0
10042192 14 46 2
10042200 14 46 2
10042232 14 47 0
10042232 14 47 0
10042290 14 47 2
10042298 14 47 2
10042442 14 12 0
10042442 14 12 0
10042476 14 12 2
10042484 14 12 2
10042949 14 15 2
10042968 14 1 0
10042968 14 1 0
10043034 14 1 2
10043056 14 15 2
10043083 14 1 2
10043166 14 13 2
10043258 14 15 2
10043281 14 13 2
10043476 14 13 2
10043531 14 46 0
10043531 14 46 0
10043581 14 46 2
10043589 14 46 2
10043621 14 47 0
10043621 14 47 0
10043679 14 47 2
10043687 14 47 2
10043831 14 12 0
10043831 14 12 0
10043835 14 15 2
10043865 14 12 2
10043873 14 12 2
10044043 14 13 2
10044356 14 15 2
10044357 14 1 0
10044357 14 1 0
10044423 14 1 2
10044431 14 1 2
10044462 14 15 2
10044600 14 13 2
10044667 14 15 2
10044715 14 13 2
10044879 14 46 0
10044879 14 46 0
10044930 14 46 2
10044938 14 46 2
10044970 14 47 0
10044970 14 47 0
10045029 14 47 2
10045037 14 47 2
10045181 14 12 0
10045181 14 12 0
10045215 14 12 2
10045223 14 12 2
10045707 14 1 0
10045707 14 1 0
10045773 14 1 2
10045781 14 1 2
10045797 14 15 2
10045904 14 15 2
10046007 14 13 2
10046107 14 15 2
10046122 14 13 2
10046229 14 46 0
10046229 14 46 0
10046279 14 46 2
10046287 14 46 2
10046317 14 13 2
10046319 14 47 0
10046319 14 47 0
10046377 14 47 2
10046386 14 47 2
10046530 14 12 0
10046530 14 12 0
10046564 14 12 2
10046572 14 12 2
10046681 14 15 2
10046884 14 13 2
10047056 14 1 0
10047056 14 1 0
10047122 14 1 2
10047130 14 1 2
10047203 14 15 2
10047310 14 15 2
10047408 14 13 2
10047513 14 15 2
10047523 14 13 2
10047578 14 46 0
10047578 14 46 0
10047628 14 46 2
10047636 14 46 2
10047668 14 47 0
10047668 14 47 0
10047726 14 47 2
10047734 14 47 2
10047878 14 12 0
10047878 14 12 0
10047912 14 12 2
10047921 14 12 2
10048405 14 1 0
10048405 14 1 0
10048471 14 1 2
10048536 14 1 2
10048602 14 15 2
10048709 14 15 2
10048814 14 13 2
10048912 14 15 2
10048929 14 13 2
10048984 14 46 0
10048984 14 46 0
10049034 14 46 2
10049041 14 46 2
10049073 14 47 0
10049073 14 47 0
10049124 14 13 2
10049132 14 47 2
10049139 14 47 2
10049283 14 12 0
10049283 14 12 0
10049318 14 12 2
10049326 14 12 2
10049487 14 15 2
10049690 14 13 2
10049810 14 1 0
10049810 14 1 0
10049876 14 1 2
10049885 14 1 2
10050009 14 15 2
10050116 14 15 2
10050213 14 13 2
10050319 14 15 2
10050328 14 13 2
10050333 14 46 0
10050333 14 46 0
10050383 14 46 2
10050391 14 46 2
10050423 14 47 0
10050423 14 47 0
10050481 14 47 2
10050489 14 47 2
10050633 14 12 0
10050633 14 12 0
10050667 14 12 2
10050675 14 12 2
10051159 14 1 0
10051159 14 1 0
10051225 14 1 2
10051282 14 1 2
10051465 14 15 2
10051572 14 15 2
10051578 14 13 2
10051695 14 13 2
10051730 14 46 0
10051730 14 46 0
10051775 14 15 2
10051780 14 46 2
10051788 14 46 2
10051820 14 47 0
10051820 14 47 0
10051878 14 47 2
10051886 14 47 2
10051890 14 13 2
10052030 14 12 0
10052030 14 12 0
10052064 14 12 2
10052072 14 12 2
10052350 14 15 2
10052456 14 13 2
10052556 14 1 0
10052556 14 1 0
10052622 14 1 2
10052630 14 1 2
10052872 14 15 2
10052979 14 15 2
10052980 14 13 2
10053078 14 46 0
10053078 14 46 0
10053097 14 13 2
10053128 14 46 2
10053136 14 46 2
10053168 14 47 0
10053168 14 47 0
10053181 14 15 2
10053226 14 47 2
10053234 14 47 2
10053378 14 12 0
10053378 14 12 0
10053412 14 12 2
10053420 14 12 2
10053904 14 1 0
10053904 14 1 0
10053970 14 1 2
10053978 14 1 2
10054319 14 15 2
10054405 14 13 2
10054426 14 46 0
10054426 14 46 0
10054426 14 15 2
10054484 14 46 2
10054486 14 46 2
10054516 14 47 0
10054516 14 47 0
10054521 14 13 2
10054582 14 47 2
10054604 14 47 2
10054631 14 15 2
10054715 14 13 2
10054726 14 12 0
10054726 14 12 0
10054767 14 12 2
10054770 14 12 2
10055206 14 15 2
10055251 14 1 0
10055251 14 1 0
10055283 14 13 2
10055325 14 1 2
10055367 14 1 2
10055728 14 15 2
10055773 14 46 0
10055773 14 46 0
10055806 14 13 2
10055831 14 46 2
10055835 14 15 2
10055863 14 47 0
10055863 14 47 0
10055883 14 46 2
10055921 14 47 2
10055929 14 47 2
10056037 14 15 2
10056073 14 12 0
10056073 14 12 0
10056107 14 12 2
10056114 14 12 2
10056598 14 1 0
10056598 14 1 0
10056612 14 15 2
10056664 14 1 2
10056672 14 1 2
10057120 14 46 0
10057120 14 46 0
10057135 14 15 2
10057170 14 46 2
10057178 14 46 2
10057210 14 47 0
10057210 14 47 0
10057242 14 15 2
10057268 14 47 2
10057276 14 47 2
10057420 14 12 0
10057420 14 12 0
10057445 14 15 2
10057454 14 12 2
10057462 14 12 2
10057946 14 1 0
10057946 14 1 0
10058012 14 1 2
10058020 14 1 2
10058022 14 15 2
10058468 14 46 0
10058468 14 46 0
10058518 14 46 2
10058526 14 46 2
10058543 14 15 2
10058558 14 47 0
10058558 14 47 0
10058616 14 47 2
10058624 14 47 2
10058650 14 15 2
10058768 14 12 0
10058768 14 12 0
10058802 14 12 2
10058810 14 12 2
10058853 14 15 2
10059294 14 1 0
10059294 14 1 0
10059300 14 2 0
10059301 14 14 0
10059301 14 2 2
10059311 14 2 2
10059360 14 1 2
10059370 14 1 2
10059428 14 15 2
10059818 14 46 0
10059818 14 46 0
10059868 14 46 2
10059876 14 46 2
10059908 14 47 0
10059908 14 47 0
10059951 14 15 2
10059966 14 47 2
10059974 14 47 2
10060057 14 15 2
10060118 14 12 0
10060118 14 12 0
10060152 14 12 2
10060160 14 12 2
10060260 14 15 2
10060644 14 1 0
10060644 14 1 0
10060710 14 1 2
10060718 14 1 2
10060836 14 15 2
10061166 14 46 0
10061166 14 46 0
10061216 14 46 2
10061224 14 46 2
10061256 14 47 0
10061256 14 47 0
10061314 14 47 2
10061323 14 47 2
10061359 14 15 2
10061465 14 15 2
10061467 14 12 0
10061467 14 12 0
10061503 14 12 2
10061511 14 12 2
10061668 14 15 2
10061995 14 1 0
10061995 14 1 0
10062061 14 1 2
10062068 14 1 2
10062516 14 46 0
10062516 14 46 0
10062566 14 46 2
10062574 14 46 2
10062606 14 47 0
10062606 14 47 0
10062664 14 47 2
10062672 14 47 2
10062756 14 15 2
10062816 14 12 0
10062816 14 12 0
10062850 14 12 2
10062859 14 12 2
10062863 14 15 2
10063065 14 15 2
10063343 14 1 0
10063343 14 1 0
10063409 14 1 2
10063417 14 1 2
10063640 14 15 2
10063865 14 46 0
10063865 14 46 0
10063915 14 46 2
10063923 14 46 2
10063955 14 47 0
10063955 14 47 0
10064013 14 47 2
10064021 14 47 2
10064162 14 15 2
10064165 14 12 0
10064165 14 12 0
10064199 14 12 2
10064206 14 12 2
10064269 14 15 2
10064472 14 15 2
10064690 14 1 0
10064690 14 1 0
10064756 14 1 2
10064821 14 1 2
10065005 14 3 0
10065006 14 3 2
10065047 14 15 2
10065269 14 46 0
10065269 14 46 0
10065319 14 46 2
10065326 14 46 2
10065358 14 47 0
10065358 14 47 0
10065416 14 47 2
10065424 14 47 2
10065568 14 12 0
10065568 14 12 0
10065570 14 15 2
10065602 14 12 2
10065610 14 12 2
10065677 14 15 2
10065880 14 15 2
10066094 14 1 0
10066094 14 1 0
10066160 14 1 2
10066168 14 1 2
10066455 14 15 2
10066616 14 46 0
10066616 14 46 0
10066666 14 46 2
10066673 14 46 2
10066705 14 47 0
10066705 14 47 0
10066763 14 47 2
10066771 14 47 2
10066915 14 12 0
10066915 14 12 0
10066949 14 12 2
10066957 14 12 2
10066977 14 15 2
10067084 14 15 2
10067287 14 15 2
10067441 14 1 0
10067441 14 1 0
10067507 14 1 2
10067572 14 1 2
10068020 14 46 0
10068020 14 46 0
10068070 14 46 2
10068078 14 46 2
10068110 14 47 0
10068110 14 47 0
10068168 14 47 2
10068176 14 47 2
10068320 14 12 0
10068320 14 12 0
10068354 14 12 2
10068362 14 12 2
10068433 14 15 2
10068540 14 15 2
10068743 14 15 2
10068846 14 1 0
10068846 14 1 0
10068912 14 1 2
10068920 14 1 2
10069068 14 3 0
10069069 14 3 2
10069318 14 15 2
10069368 14 46 0
10069368 14 46 0
10069418 14 46 2
10069426 14 46 2
10069458 14 47 0
10069458 14 47 0
10069516 14 47 2
10069524 14 47 2
10069668 14 12 0
10069668 14 12 0
10069702 14 12 2
10069710 14 12 2
10069840 14 15 2
10069947 14 15 2
10069958 14 3 0
10069959 14 3 2
10070150 14 15 2
10070194 14 1 0
10070194 14 1 0
10070260 14 1 2
10070277 14 1 2
10070699 14 3 0
10070700 14 2 0
10070725 14 46 0
10070725 14 46 0
10070775 14 46 2
10070783 14 46 2
10070815 14 47 0
10070815 14 47 0
10070873 14 47 2
10070881 14 47 2
10071025 14 12 0
10071025 14 12 0
10071059 14 12 2
10071067 14 12 2
10071296 14 15 2
10071403 14 15 2
10071455 14 1 0
10071455 14 1 0
10071522 14 1 2
10071530 14 1 2
10071606 14 15 2
10071978 14 46 0
10071978 14 46 0
10072028 14 46 2
10072036 14 46 2
10072068 14 47 0
10072068 14 47 0
10072126 14 47 2
10072134 14 47 2
10072181 14 15 2
10072237 14 3 0
10072238 14 3 2
10072278 14 12 0
10072278 14 12 0
10072293 14 56 1
10072312 14 12 2
10072320 14 12 2
10072411 14 56 2
10072703 14 15 2
10072804 14 1 0
10072804 14 1 0
10072810 14 15 2
10072870 14 1 2
10072878 14 1 2
10073013 14 15 2
10073326 14 46 0
10073326 14 46 0
10073376 14 46 2
10073384 14 46 2
10073416 14 47 0
10073416 14 47 0
10073474 14 47 2
10073482 14 47 2
10073626 14 12 0
10073626 14 12 0
10073660 14 12 2
10073668 14 12 2
10074111 14 15 2
10074152 14 1 0
10074152 14 1 0
10074218 14 1 2
10074221 14 15 2
10074226 14 1 2
10074425 14 15 2
10074674 14 46 0
10074674 14 46 0
10074724 14 46 2
10074732 14 46 2
10074764 14 47 0
10074764 14 47 0
10074822 14 47 2
10074830 14 47 2
10074904 14 15 2
10074982 14 61 0
10074982 14 61 0
10075056 14 61 2
10075064 14 61 2
10075088 14 62 0
10075088 14 62 0
10075154 14 62 2
10075162 14 62 2
10075315 14 13 2
10075426 14 15 2
10075438 14 63 0
10075438 14 63 0
10075512 14 63 2
10075520 14 63 2
10075533 14 15 2
10075737 14 15 2
10075944 14 12 0
10075944 14 12 0
10075978 14 12 2
10075987 14 12 2
10076397 14 13 2
10076512 14 13 2
10076639 14 1 0
10076639 14 1 0
10076705 14 1 2
10076710 14 13 2
10076713 14 1 2
10076828 14 15 2
10076938 14 15 2
10077142 14 15 2
10077161 14 46 0
10077161 14 46 0
10077181 14 13 2
10077211 14 46 2
10077219 14 46 2
10077251 14 47 0
10077251 14 47 0
10077309 14 47 2
10077317 14 47 2
10077704 14 13 2
10077717 14 15 2
10077819 14 13 2
10078014 14 13 2
10078193 14 12 0
10078193 14 12 0
10078227 14 12 2
10078235 14 12 2
10078239 14 15 2
10078673 14 3 0
10078674 14 56 1
10078887 14 1 0
10078887 14 1 0
10078932 14 3 2
10078953 14 1 2
10078961 14 1 2
10078990 14 56 2
10079089 14 13 2
10079204 14 13 2
10079399 14 13 2
10079409 14 46 0
10079409 14 46 0
10079459 14 46 2
10079467 14 46 2
10079499 14 47 0
10079499 14 47 0
10079512 14 15 2
10079557 14 47 2
10079565 14 47 2
10079709 14 12 0
10079709 14 12 0
10079743 14 12 2
10079751 14 12 2
10079966 14 13 2
10080235 14 1 0
10080235 14 1 0
10080301 14 1 2
10080318 14 1 2
10080489 14 13 2
10080766 14 46 0
10080766 14 46 0
10080770 14 15 2
10080816 14 46 2
10080824 14 46 2
10080856 14 47 0
10080856 14 47 0
10080875 14 15 2
10080914 14 47 2
10080922 14 47 2
10081066 14 12 0
10081066 14 12 0
10081101 14 12 2
10081106 14 12 2
10081590 14 1 0
10081590 14 1 0
10081656 14 1 2
10081664 14 1 2
10081810 14 15 2
10082112 14 46 0
10082112 14 46 0
10082162 14 46 2
10082170 14 46 2
10082202 14 47 0
10082202 14 47 0
10082260 14 47 2
10082268 14 47 2
10082412 14 12 0
10082453 14 12 2
10082554 14 15 2
10082937 14 1 0
10082937 14 1 0
10083003 14 1 2
10083011 14 1 2
10083018 14 13 2
10083080 14 15 2
10083133 14 13 2
10083187 14 15 2
10083390 14 15 2
10083459 14 46 0
10083459 14 46 0
10083509 14 46 2
10083517 14 46 2
10083549 14 47 0
10083549 14 47 0
10083608 14 47 2
10083613 14 47 2
10083757 14 12 0
10083798 14 12 2
10084282 14 1 0
10084282 14 1 0
10084348 14 1 2
10084356 14 1 2
10084488 14 15 2
10084594 14 15 2
10084797 14 15 2
10084804 14 46 0
10084804 14 46 0
10084854 14 46 2
10084862 14 46 2
10084894 14 47 0
10084894 14 47 0
10084952 14 47 2
10084960 14 47 2
10085104 14 12 0
10085104 14 12 0
10085138 14 12 2
10085146 14 12 2
10085374 14 15 2
10085534 14 26 0
10085819 14 26 2
10085843 14 27 0
10086239 14 27 2
10086255 14 28 0
10086535 14 28 2
10086543 14 1 0
10086543 14 1 0
10086609 14 1 2
10086617 14 1 2
10086797 14 15 0
10086797 14 15 0
10086827 14 15 2
10086829 14 15 2
10086865 14 25 0
10087178 14 25 2
10087258 14 23 0
10087495 14 23 2
10087519 14 24 0
10087793 14 24 2
10087861 14 14 0
10087870 14 2 0
10087870 14 14 2
10087936 14 14 2
10088136 14 22 0
10088419 14 22 2
10088487 14 55 0
10088617 14 55 2
10088673 14 19 0
10090147 14 19 2
10090239 14 47 0
10090239 14 47 0
10090297 14 47 2
10090305 14 47 2
10090393 14 19 0
10090721 14 21 2
10092174 14 19 2
10092226 14 11 2
10092234 14 19 0
10100150 14 19 2
10100700 14 47 2
10100702 14 19 0
10104300 14 19 2
10105604 14 52 2
10105608 14 19 0
10113854 14 19 2
10115361 14 57 2
10115366 14 19 0
10115559 14 19 2
10115611 14 62 2
10115619 14 19 0
10119169 14 19 2
10119739 14 53 2
10119745 14 19 0
10124983 14 19 2
